00003.jpg 516 175 203 308 0.99961
00003.jpg 517 174 191 316 0.99955
00003.jpg 510 172 208 312 0.99954
00003.jpg 512 179 215 296 0.99948
00003.jpg 512 174 207 307 0.99944
00003.jpg 386 111 123 342 0.99936
00003.jpg 379 110 124 345 0.99922
00003.jpg 177 150 53 156 0.99903
00003.jpg 508 170 219 315 0.99893
00003.jpg 379 112 123 336 0.99879
00003.jpg 177 151 53 153 0.99875
00003.jpg 519 165 195 322 0.99861
00003.jpg 175 148 54 156 0.99853
00003.jpg 386 114 116 333 0.99851
00003.jpg 385 110 120 337 0.99851
00003.jpg 179 147 51 156 0.99843
00003.jpg 388 114 115 342 0.99827
00003.jpg 177 151 52 152 0.99820
00003.jpg 506 170 218 312 0.99810
00003.jpg 502 172 217 301 0.99808
00003.jpg 517 176 202 313 0.99803
00003.jpg 507 172 211 322 0.99802
00003.jpg 508 181 214 308 0.99801
00003.jpg 389 103 116 350 0.99797
00003.jpg 386 101 115 350 0.99794
00003.jpg 381 124 120 322 0.99793
00003.jpg 388 115 115 327 0.99731
00003.jpg 518 178 202 293 0.99725
00003.jpg 515 174 202 304 0.99712
00003.jpg 515 174 197 311 0.99692
00003.jpg 385 112 120 336 0.99683
00003.jpg 382 113 120 341 0.99675
00003.jpg 384 111 119 334 0.99674
00003.jpg 176 147 56 158 0.99661
00003.jpg 386 121 118 324 0.99640
00003.jpg 385 117 122 343 0.99638
00003.jpg 176 146 53 158 0.99632
00003.jpg 388 126 114 325 0.99629
00003.jpg 384 118 122 334 0.99626
00003.jpg 509 180 218 305 0.99620
00003.jpg 315 148 65 199 0.99619
00003.jpg 511 173 201 309 0.99615
00003.jpg 181 147 47 160 0.99591
00003.jpg 312 151 71 199 0.99577
00003.jpg 388 107 112 345 0.99571
00003.jpg 386 114 116 335 0.99545
00003.jpg 315 151 65 195 0.99536
00003.jpg 506 164 219 319 0.99510
00003.jpg 386 124 124 315 0.99491
00003.jpg 501 164 210 313 0.99459
00003.jpg 503 180 216 304 0.99459
00003.jpg 387 106 122 341 0.99442
00003.jpg 516 162 199 325 0.99436
00003.jpg 513 165 208 324 0.99412
00003.jpg 517 168 198 317 0.99401
00003.jpg 391 116 110 333 0.99365
00003.jpg 312 146 66 193 0.99364
00003.jpg 178 151 54 153 0.99344
00003.jpg 314 151 62 194 0.99331
00003.jpg 180 145 48 159 0.99324
00003.jpg 500 173 223 326 0.99323
00003.jpg 514 175 199 313 0.99310
00003.jpg 177 146 55 162 0.99284
00003.jpg 505 164 213 336 0.99276
00003.jpg 178 149 54 157 0.99269
00003.jpg 511 169 207 314 0.99254
00003.jpg 378 114 128 339 0.99253
00003.jpg 313 147 67 194 0.99244
00003.jpg 179 147 50 156 0.99226
00003.jpg 388 116 119 329 0.99205
00003.jpg 380 110 119 341 0.99176
00003.jpg 178 147 51 152 0.99174
00003.jpg 311 145 70 198 0.99116
00003.jpg 178 146 53 161 0.99101
00003.jpg 180 150 52 152 0.99091
00003.jpg 507 164 219 323 0.99090
00003.jpg 515 176 208 310 0.99051
00003.jpg 510 179 206 305 0.99047
00003.jpg 316 145 67 199 0.99046
00003.jpg 312 144 66 201 0.99031
00003.jpg 178 149 53 153 0.99031
00003.jpg 507 170 207 314 0.99024
00003.jpg 512 158 204 332 0.98993
00003.jpg 390 110 111 334 0.98889
00003.jpg 177 151 54 153 0.98887
00003.jpg 311 145 66 205 0.98862
00003.jpg 532 165 186 314 0.98858
00003.jpg 512 177 200 309 0.98854
00003.jpg 315 144 63 204 0.98745
00003.jpg 312 150 70 197 0.98734
00003.jpg 314 149 65 198 0.98732
00003.jpg 503 182 213 296 0.98722
00003.jpg 314 148 66 198 0.98711
00003.jpg 178 150 52 157 0.98695
00003.jpg 384 119 118 330 0.98660
00003.jpg 317 149 61 195 0.98657
00003.jpg 177 150 54 151 0.98632
00003.jpg 382 120 125 328 0.98571
00003.jpg 390 118 108 332 0.98513
00003.jpg 312 152 69 190 0.98508
00003.jpg 314 149 63 202 0.98290
00003.jpg 318 143 63 207 0.98271
00003.jpg 510 157 208 340 0.98257
00003.jpg 316 144 64 201 0.98230
00003.jpg 384 111 121 345 0.98214
00003.jpg 503 176 216 317 0.98199
00003.jpg 313 150 68 191 0.98110
00003.jpg 177 148 52 155 0.98099
00003.jpg 177 147 54 158 0.98094
00003.jpg 509 173 211 315 0.98022
00003.jpg 383 122 123 324 0.98013
00003.jpg 504 174 218 313 0.97990
00003.jpg 315 148 66 190 0.97983
00003.jpg 311 154 72 188 0.97965
00003.jpg 389 114 113 324 0.97942
00003.jpg 313 146 69 199 0.97831
00003.jpg 384 126 119 317 0.97814
00003.jpg 504 176 212 312 0.97703
00003.jpg 383 111 120 350 0.97643
00003.jpg 177 145 53 161 0.97569
00003.jpg 520 176 200 311 0.97462
00003.jpg 499 172 225 315 0.97391
00003.jpg 312 143 70 204 0.97389
00003.jpg 178 146 53 162 0.97371
00003.jpg 385 118 124 314 0.97275
00003.jpg 505 174 215 319 0.97137
00003.jpg 177 151 53 154 0.97102
00003.jpg 316 149 64 194 0.97075
00003.jpg 382 128 114 309 0.97052
00003.jpg 319 147 64 198 0.97030
00003.jpg 313 148 66 199 0.97005
00003.jpg 508 174 217 308 0.96856
00003.jpg 390 105 110 348 0.96738
00003.jpg 385 120 118 330 0.96675
00003.jpg 510 171 219 316 0.96654
00003.jpg 378 114 125 335 0.96323
00003.jpg 316 147 62 202 0.96247
00003.jpg 389 119 113 335 0.96232
00003.jpg 519 173 199 303 0.96018
00003.jpg 175 149 58 156 0.96003
00003.jpg 178 150 54 153 0.95828
00003.jpg 381 127 126 319 0.95817
00003.jpg 501 174 219 313 0.95814
00003.jpg 177 149 56 156 0.95565
00003.jpg 382 118 118 320 0.95318
00003.jpg 316 149 65 198 0.95222
00003.jpg 180 147 50 159 0.95164
00003.jpg 180 149 50 155 0.95158
00003.jpg 178 150 52 152 0.95095
00003.jpg 315 150 63 198 0.95009
00003.jpg 500 159 219 339 0.94972
00003.jpg 383 121 122 335 0.94953
00003.jpg 313 148 70 201 0.94901
00003.jpg 320 145 65 204 0.94809
00003.jpg 177 143 52 161 0.94599
00003.jpg 181 146 51 162 0.94372
00003.jpg 518 185 211 291 0.94105
00003.jpg 314 144 66 211 0.93972
00003.jpg 310 147 68 201 0.93953
00003.jpg 314 148 67 199 0.93876
00003.jpg 180 150 53 151 0.93611
00003.jpg 315 149 68 196 0.93578
00003.jpg 383 123 119 324 0.93563
00003.jpg 179 149 52 155 0.93512
00003.jpg 508 168 198 304 0.92465
00003.jpg 511 182 204 299 0.92398
00003.jpg 514 169 208 317 0.92146
00003.jpg 176 151 59 148 0.92116
00003.jpg 176 150 55 156 0.91924
00003.jpg 180 145 54 158 0.91859
00003.jpg 374 118 122 329 0.91737
00003.jpg 315 153 67 192 0.91345
00003.jpg 174 145 56 161 0.91057
00003.jpg 180 146 51 158 0.90872
00003.jpg 315 151 67 190 0.90705
00003.jpg 381 102 124 358 0.90426
00003.jpg 508 174 205 307 0.90420
00003.jpg 180 147 53 156 0.90118
00003.jpg 313 141 67 210 0.89598
00003.jpg 313 148 65 204 0.89098
00003.jpg 318 146 58 201 0.88851
00003.jpg 174 145 60 162 0.88715
00003.jpg 177 149 50 157 0.88666
00003.jpg 181 147 51 158 0.88534
00003.jpg 311 145 74 204 0.88458
00003.jpg 519 188 195 304 0.88395
00003.jpg 317 149 56 198 0.88249
00003.jpg 314 151 66 195 0.87385
00003.jpg 506 182 220 307 0.87260
00003.jpg 315 147 60 199 0.87160
00003.jpg 179 151 57 147 0.86592
00003.jpg 177 149 55 153 0.86165
00003.jpg 179 143 53 162 0.86164
00003.jpg 314 149 65 195 0.84946
00003.jpg 314 149 66 198 0.84879
00003.jpg 387 116 111 336 0.84679
00003.jpg 175 147 59 160 0.84290
00003.jpg 517 168 197 322 0.83156
00003.jpg 309 152 66 195 0.82780
00003.jpg 314 145 67 205 0.82666
00003.jpg 499 155 219 337 0.82328
00003.jpg 181 149 50 156 0.81960
00003.jpg 514 186 201 290 0.81732
00003.jpg 515 168 204 318 0.81622
00003.jpg 176 147 56 155 0.81447
00003.jpg 175 149 56 156 0.81358
00003.jpg 314 144 68 202 0.80034
00003.jpg 379 123 126 323 0.78784
00003.jpg 386 112 116 350 0.78572
00003.jpg 176 145 55 157 0.78182
00003.jpg 510 167 207 323 0.78069
00003.jpg 500 166 215 315 0.78039
00003.jpg 376 119 131 312 0.77653
00003.jpg 312 149 67 201 0.77652
00003.jpg 379 108 114 332 0.76839
00003.jpg 175 152 57 145 0.76498
00003.jpg 178 149 57 155 0.75097
00003.jpg 524 179 192 299 0.74966
00003.jpg 502 184 223 301 0.74780
00003.jpg 383 109 122 352 0.74662
00003.jpg 372 124 142 332 0.73855
00003.jpg 385 121 124 331 0.73840
00003.jpg 312 147 70 206 0.73334
00003.jpg 321 148 60 192 0.73326
00003.jpg 506 173 209 315 0.73309
00003.jpg 502 172 214 301 0.73157
00003.jpg 316 148 67 196 0.72023
00003.jpg 175 147 55 161 0.71222
00003.jpg 316 149 66 197 0.70342
00003.jpg 181 153 53 144 0.70189
00003.jpg 380 115 138 329 0.69803
00003.jpg 175 148 56 152 0.69270
00003.jpg 379 117 137 316 0.68640
00003.jpg 500 169 214 312 0.67749
00003.jpg 377 119 125 324 0.67453
00003.jpg 306 138 75 207 0.67401
00003.jpg 503 168 206 307 0.66896
00003.jpg 182 151 49 154 0.65921
00003.jpg 181 155 46 154 0.65881
00003.jpg 178 152 52 155 0.65764
00003.jpg 512 180 213 305 0.65265
00003.jpg 175 142 58 168 0.63508
00003.jpg 174 156 58 140 0.62112
00003.jpg 534 163 204 317 0.61976
00003.jpg 390 114 119 344 0.61521
00003.jpg 174 153 57 150 0.60858
00003.jpg 312 146 64 204 0.60461
00003.jpg 515 182 201 299 0.59948
00003.jpg 378 125 134 310 0.59745
00003.jpg 311 155 69 182 0.59112
00003.jpg 180 145 54 158 0.58756
00003.jpg 315 147 67 199 0.58670
00003.jpg 510 172 200 319 0.58599
00003.jpg 490 161 235 330 0.58044
00003.jpg 382 112 130 340 0.57781
00003.jpg 178 154 53 149 0.56955
00003.jpg 515 174 203 317 0.56857
00003.jpg 498 185 226 297 0.56306
00003.jpg 176 150 55 152 0.56304
00003.jpg 308 142 68 193 0.56185
00003.jpg 392 124 107 329 0.54599
00003.jpg 383 121 122 316 0.54553
00003.jpg 177 147 52 155 0.54493
00003.jpg 308 150 64 199 0.53529
00003.jpg 172 151 60 149 0.53217
00003.jpg 311 154 67 189 0.52762
00003.jpg 310 150 74 197 0.51356
