00006.jpg 530 186 203 293 0.99958
00006.jpg 541 163 184 327 0.99951
00006.jpg 529 189 202 294 0.99932
00006.jpg 527 177 204 309 0.99930
00006.jpg 534 173 197 308 0.99925
00006.jpg 179 152 52 151 0.99909
00006.jpg 532 192 200 285 0.99903
00006.jpg 537 186 189 305 0.99882
00006.jpg 182 144 50 160 0.99867
00006.jpg 529 181 202 303 0.99864
00006.jpg 526 183 207 302 0.99858
00006.jpg 181 152 53 153 0.99846
00006.jpg 529 176 209 308 0.99809
00006.jpg 530 180 195 304 0.99794
00006.jpg 319 143 64 211 0.99793
00006.jpg 519 180 217 310 0.99770
00006.jpg 532 176 203 319 0.99770
00006.jpg 516 180 219 300 0.99743
00006.jpg 319 149 69 194 0.99743
00006.jpg 315 146 70 202 0.99700
00006.jpg 321 149 63 200 0.99697
00006.jpg 522 181 210 298 0.99694
00006.jpg 529 184 199 297 0.99659
00006.jpg 526 181 208 298 0.99652
00006.jpg 540 183 191 307 0.99639
00006.jpg 530 185 203 295 0.99637
00006.jpg 525 182 217 299 0.99625
00006.jpg 181 149 53 158 0.99623
00006.jpg 526 173 202 305 0.99611
00006.jpg 321 144 68 206 0.99591
00006.jpg 532 185 197 288 0.99588
00006.jpg 184 149 50 155 0.99572
00006.jpg 183 148 49 161 0.99569
00006.jpg 316 147 69 199 0.99557
00006.jpg 527 187 205 304 0.99532
00006.jpg 186 149 50 153 0.99526
00006.jpg 522 172 213 315 0.99511
00006.jpg 319 148 65 196 0.99499
00006.jpg 526 178 205 313 0.99465
00006.jpg 321 151 65 193 0.99459
00006.jpg 182 152 51 153 0.99432
00006.jpg 523 186 208 298 0.99400
00006.jpg 377 124 121 318 0.99387
00006.jpg 180 150 54 158 0.99386
00006.jpg 542 192 190 296 0.99367
00006.jpg 524 187 222 293 0.99342
00006.jpg 382 120 118 320 0.99331
00006.jpg 376 130 120 318 0.99327
00006.jpg 383 130 117 314 0.99309
00006.jpg 525 188 212 295 0.99288
00006.jpg 384 112 118 338 0.99259
00006.jpg 184 152 48 153 0.99256
00006.jpg 526 184 208 300 0.99195
00006.jpg 184 150 48 152 0.99187
00006.jpg 376 126 124 322 0.99185
00006.jpg 183 146 51 161 0.99145
00006.jpg 525 185 215 301 0.99122
00006.jpg 377 124 127 321 0.99094
00006.jpg 182 149 50 156 0.99076
00006.jpg 524 184 211 301 0.99019
00006.jpg 318 152 67 190 0.98997
00006.jpg 321 146 60 200 0.98983
00006.jpg 321 149 61 200 0.98941
00006.jpg 318 146 65 201 0.98918
00006.jpg 377 131 124 316 0.98911
00006.jpg 523 180 220 303 0.98899
00006.jpg 526 178 205 309 0.98899
00006.jpg 379 121 122 316 0.98889
00006.jpg 321 146 62 200 0.98884
00006.jpg 376 120 130 324 0.98834
00006.jpg 374 116 128 333 0.98828
00006.jpg 182 152 52 156 0.98798
00006.jpg 322 149 60 199 0.98749
00006.jpg 321 151 62 192 0.98720
00006.jpg 318 151 63 197 0.98707
00006.jpg 183 148 52 159 0.98687
00006.jpg 379 126 124 324 0.98671
00006.jpg 180 151 51 153 0.98658
00006.jpg 183 148 51 159 0.98606
00006.jpg 530 186 205 299 0.98592
00006.jpg 180 147 53 158 0.98571
00006.jpg 181 152 53 156 0.98564
00006.jpg 531 182 199 312 0.98509
00006.jpg 380 121 116 324 0.98460
00006.jpg 525 176 201 300 0.98448
00006.jpg 528 186 209 300 0.98397
00006.jpg 537 188 191 295 0.98390
00006.jpg 183 150 50 158 0.98320
00006.jpg 318 144 64 204 0.98267
00006.jpg 181 146 54 164 0.98264
00006.jpg 384 124 117 315 0.98197
00006.jpg 318 143 68 204 0.98163
00006.jpg 385 127 113 316 0.98154
00006.jpg 383 123 114 327 0.98117
00006.jpg 529 183 205 302 0.98100
00006.jpg 378 124 114 321 0.97999
00006.jpg 318 146 67 193 0.97996
00006.jpg 317 148 68 196 0.97914
00006.jpg 181 150 50 153 0.97830
00006.jpg 183 151 51 158 0.97814
00006.jpg 182 149 49 157 0.97704
00006.jpg 317 148 69 194 0.97680
00006.jpg 184 149 51 153 0.97657
00006.jpg 314 149 67 197 0.97593
00006.jpg 379 125 121 318 0.97538
00006.jpg 530 193 197 288 0.97465
00006.jpg 374 134 116 308 0.97391
00006.jpg 523 189 214 292 0.97321
00006.jpg 318 146 67 196 0.97178
00006.jpg 322 141 68 204 0.97178
00006.jpg 319 147 65 196 0.97054
00006.jpg 316 150 68 194 0.97021
00006.jpg 527 185 209 305 0.96946
00006.jpg 182 152 52 151 0.96664
00006.jpg 183 147 53 159 0.96627
00006.jpg 181 150 51 154 0.96533
00006.jpg 376 129 123 317 0.96467
00006.jpg 383 108 113 345 0.96402
00006.jpg 182 148 53 158 0.96247
00006.jpg 541 182 192 301 0.96183
00006.jpg 319 143 65 202 0.96141
00006.jpg 379 129 122 312 0.96084
00006.jpg 183 145 51 155 0.96050
00006.jpg 532 181 206 311 0.95849
00006.jpg 377 122 118 325 0.95824
00006.jpg 316 150 65 196 0.95774
00006.jpg 182 152 51 153 0.95639
00006.jpg 319 139 66 214 0.95602
00006.jpg 320 141 65 210 0.95241
00006.jpg 182 148 53 158 0.95185
00006.jpg 381 136 113 307 0.95138
00006.jpg 380 126 122 317 0.95098
00006.jpg 180 149 56 153 0.95053
00006.jpg 321 151 62 196 0.94969
00006.jpg 373 136 129 309 0.94887
00006.jpg 379 121 116 327 0.94769
00006.jpg 179 150 53 154 0.94734
00006.jpg 376 122 122 329 0.94570
00006.jpg 319 147 66 201 0.94260
00006.jpg 315 151 65 192 0.94059
00006.jpg 376 128 124 316 0.94004
00006.jpg 520 162 223 335 0.93925
00006.jpg 385 132 116 307 0.93921
00006.jpg 530 191 205 294 0.93769
00006.jpg 314 142 77 203 0.93756
00006.jpg 384 132 116 313 0.93734
00006.jpg 316 149 70 193 0.93639
00006.jpg 383 128 118 313 0.93606
00006.jpg 183 147 51 161 0.93585
00006.jpg 321 148 65 196 0.93466
00006.jpg 313 144 76 204 0.93399
00006.jpg 322 146 62 195 0.93305
00006.jpg 184 152 49 151 0.93174
00006.jpg 184 151 54 151 0.92855
00006.jpg 319 149 62 198 0.92831
00006.jpg 378 121 122 321 0.92805
00006.jpg 318 146 67 202 0.92740
00006.jpg 381 126 117 320 0.92645
00006.jpg 181 149 52 157 0.92527
00006.jpg 514 176 221 318 0.92504
00006.jpg 378 122 124 328 0.92394
00006.jpg 377 132 121 302 0.92333
00006.jpg 320 151 63 198 0.92313
00006.jpg 372 116 130 338 0.91962
00006.jpg 377 134 110 295 0.91943
00006.jpg 444 131 46 90 0.91936
00006.jpg 382 121 114 320 0.91933
00006.jpg 380 125 113 325 0.91663
00006.jpg 385 130 114 315 0.91204
00006.jpg 373 123 125 327 0.91039
00006.jpg 319 152 66 191 0.90951
00006.jpg 182 155 53 147 0.90855
00006.jpg 179 151 53 157 0.90629
00006.jpg 179 153 51 150 0.90453
00006.jpg 180 147 53 161 0.90123
00006.jpg 319 153 65 192 0.90119
00006.jpg 523 181 211 304 0.90004
00006.jpg 179 148 54 158 0.89950
00006.jpg 521 185 224 300 0.89506
00006.jpg 320 148 62 195 0.89441
00006.jpg 372 128 111 315 0.89404
00006.jpg 379 131 121 306 0.88919
00006.jpg 526 185 209 297 0.88880
00006.jpg 318 151 66 192 0.88712
00006.jpg 533 183 190 296 0.88219
00006.jpg 449 130 43 102 0.87346
00006.jpg 450 132 38 83 0.87338
00006.jpg 447 129 42 96 0.86915
00006.jpg 518 185 214 286 0.86750
00006.jpg 529 194 196 282 0.86360
00006.jpg 532 191 198 294 0.86260
00006.jpg 382 126 113 314 0.85661
00006.jpg 529 190 201 290 0.85329
00006.jpg 320 147 61 196 0.84999
00006.jpg 321 150 65 187 0.84688
00006.jpg 526 187 210 301 0.84219
00006.jpg 445 132 41 90 0.84073
00006.jpg 526 183 209 297 0.83815
00006.jpg 181 154 56 143 0.83443
00006.jpg 546 184 195 294 0.83376
00006.jpg 447 132 42 94 0.83332
00006.jpg 530 188 205 304 0.83166
00006.jpg 379 124 115 312 0.82795
00006.jpg 381 125 113 311 0.82769
00006.jpg 186 149 52 150 0.82324
00006.jpg 444 131 44 80 0.82074
00006.jpg 371 124 118 318 0.81539
00006.jpg 515 181 222 299 0.81433
00006.jpg 444 133 47 89 0.81368
00006.jpg 381 114 115 347 0.81087
00006.jpg 520 182 220 304 0.81015
00006.jpg 181 152 55 148 0.80962
00006.jpg 375 123 115 313 0.80845
00006.jpg 318 149 65 191 0.80582
00006.jpg 448 131 41 107 0.80357
00006.jpg 324 148 62 201 0.80348
00006.jpg 531 184 195 292 0.80295
00006.jpg 385 129 116 323 0.79962
00006.jpg 184 154 52 149 0.79850
00006.jpg 524 199 219 262 0.79762
00006.jpg 442 129 49 99 0.79446
00006.jpg 181 149 55 152 0.79248
00006.jpg 447 131 42 88 0.78986
00006.jpg 376 123 121 327 0.78025
00006.jpg 525 173 216 309 0.78012
00006.jpg 530 174 205 311 0.77866
00006.jpg 448 130 45 101 0.77792
00006.jpg 447 133 47 89 0.77663
00006.jpg 180 148 57 160 0.77348
00006.jpg 374 129 122 313 0.77087
00006.jpg 446 126 48 111 0.76986
00006.jpg 517 191 215 299 0.76746
00006.jpg 446 132 41 73 0.76454
00006.jpg 522 190 199 297 0.75845
00006.jpg 449 132 41 78 0.75842
00006.jpg 180 154 54 143 0.75680
00006.jpg 317 149 70 191 0.75574
00006.jpg 323 147 64 198 0.75511
00006.jpg 445 132 44 95 0.75232
00006.jpg 446 128 44 108 0.75073
00006.jpg 383 123 114 323 0.75005
00006.jpg 320 152 57 192 0.74387
00006.jpg 179 156 53 143 0.74189
00006.jpg 518 183 211 308 0.73226
00006.jpg 523 189 212 303 0.73131
00006.jpg 445 126 43 90 0.73047
00006.jpg 381 124 122 315 0.72958
00006.jpg 449 130 41 96 0.72832
00006.jpg 444 125 46 106 0.72679
00006.jpg 518 176 223 302 0.72153
00006.jpg 537 194 193 291 0.71854
00006.jpg 446 127 47 97 0.71337
00006.jpg 447 132 46 80 0.71227
00006.jpg 318 154 64 190 0.71117
00006.jpg 445 129 44 82 0.70811
00006.jpg 516 180 215 300 0.70485
00006.jpg 377 127 117 299 0.70260
00006.jpg 516 184 224 306 0.70033
00006.jpg 526 182 209 308 0.69547
00006.jpg 183 154 51 148 0.68755
00006.jpg 446 130 46 103 0.68430
00006.jpg 449 131 40 91 0.67760
00006.jpg 320 143 69 208 0.67017
00006.jpg 447 128 44 78 0.66728
00006.jpg 443 126 47 107 0.66679
00006.jpg 324 144 65 204 0.66380
00006.jpg 391 134 106 301 0.66140
00006.jpg 446 128 40 81 0.65379
00006.jpg 448 129 43 91 0.65135
00006.jpg 446 130 43 80 0.65048
00006.jpg 177 151 57 149 0.65015
00006.jpg 185 148 49 163 0.63792
00006.jpg 184 147 51 160 0.63506
00006.jpg 533 188 194 296 0.63290
00006.jpg 447 129 41 80 0.63136
00006.jpg 180 154 52 148 0.62063
00006.jpg 179 152 54 151 0.60830
00006.jpg 445 120 41 120 0.60327
00006.jpg 527 174 205 313 0.60169
00006.jpg 317 144 72 210 0.59950
00006.jpg 447 131 41 125 0.59647
00006.jpg 363 135 141 320 0.59440
00006.jpg 444 131 40 93 0.59188
00006.jpg 181 145 53 165 0.58831
00006.jpg 181 155 56 155 0.58725
00006.jpg 445 131 42 68 0.58331
00006.jpg 184 147 56 164 0.58268
00006.jpg 317 148 62 196 0.57418
00006.jpg 523 169 214 315 0.57401
00006.jpg 376 128 125 314 0.56830
00006.jpg 177 146 59 163 0.56368
00006.jpg 185 156 45 157 0.56025
00006.jpg 378 128 126 305 0.55506
00006.jpg 380 118 123 330 0.55140
00006.jpg 176 150 55 154 0.55116
00006.jpg 316 148 62 197 0.55058
00006.jpg 376 134 125 316 0.54922
00006.jpg 176 147 67 159 0.54787
00006.jpg 450 135 45 130 0.54556
00006.jpg 449 134 41 64 0.54256
00006.jpg 447 127 44 102 0.54240
00006.jpg 181 146 58 166 0.53380
00006.jpg 443 128 42 97 0.53288
00006.jpg 180 146 54 158 0.52770
00006.jpg 311 153 78 194 0.52769
00006.jpg 448 128 41 75 0.52649
00006.jpg 447 125 46 123 0.52617
00006.jpg 534 186 199 304 0.52259
00006.jpg 444 130 51 129 0.52163
00006.jpg 448 128 45 80 0.52030
00006.jpg 314 136 73 212 0.51944
00006.jpg 446 113 44 132 0.51881
00006.jpg 178 151 60 152 0.51460
00006.jpg 372 132 131 318 0.50805
00006.jpg 374 117 130 339 0.50571
00006.jpg 444 128 45 75 0.50376
00006.jpg 181 149 49 158 0.50012
