00018.jpg 201 153 51 155 0.99935
00018.jpg 589 250 175 287 0.99898
00018.jpg 299 117 158 362 0.99881
00018.jpg 299 123 150 364 0.99878
00018.jpg 590 242 159 291 0.99876
00018.jpg 446 128 62 225 0.99873
00018.jpg 447 126 60 229 0.99850
00018.jpg 201 148 53 158 0.99837
00018.jpg 592 247 161 280 0.99816
00018.jpg 200 150 52 155 0.99807
00018.jpg 592 229 170 301 0.99806
00018.jpg 590 247 173 273 0.99774
00018.jpg 297 111 157 381 0.99749
00018.jpg 303 111 151 377 0.99738
00018.jpg 301 120 154 365 0.99736
00018.jpg 591 243 160 290 0.99717
00018.jpg 295 122 169 371 0.99709
00018.jpg 590 243 160 291 0.99696
00018.jpg 597 242 155 292 0.99677
00018.jpg 592 250 157 280 0.99669
00018.jpg 595 239 146 299 0.99664
00018.jpg 301 126 162 358 0.99655
00018.jpg 590 250 162 283 0.99647
00018.jpg 594 245 160 288 0.99643
00018.jpg 590 246 174 267 0.99634
00018.jpg 295 126 155 361 0.99633
00018.jpg 590 237 161 292 0.99630
00018.jpg 587 239 169 290 0.99630
00018.jpg 587 245 163 286 0.99607
00018.jpg 202 148 49 158 0.99601
00018.jpg 588 245 168 283 0.99598
00018.jpg 299 108 150 376 0.99590
00018.jpg 308 120 147 368 0.99553
00018.jpg 297 119 162 365 0.99523
00018.jpg 201 152 52 151 0.99508
00018.jpg 295 122 158 359 0.99502
00018.jpg 291 112 167 368 0.99498
00018.jpg 590 246 169 291 0.99485
00018.jpg 448 119 60 239 0.99469
00018.jpg 593 245 159 285 0.99461
00018.jpg 593 235 162 292 0.99450
00018.jpg 591 243 163 286 0.99414
00018.jpg 446 129 57 231 0.99389
00018.jpg 202 148 52 158 0.99384
00018.jpg 446 123 65 241 0.99356
00018.jpg 299 117 155 364 0.99353
00018.jpg 592 240 173 273 0.99339
00018.jpg 299 127 151 355 0.99339
00018.jpg 299 126 155 351 0.99307
00018.jpg 594 243 154 289 0.99307
00018.jpg 304 120 159 363 0.99259
00018.jpg 299 118 152 363 0.99243
00018.jpg 205 153 48 150 0.99232
00018.jpg 452 124 60 239 0.99211
00018.jpg 290 127 162 359 0.99200
00018.jpg 292 128 168 356 0.99178
00018.jpg 201 150 54 154 0.99147
00018.jpg 299 118 162 365 0.99123
00018.jpg 594 239 158 292 0.99118
00018.jpg 593 240 170 284 0.99095
00018.jpg 592 240 160 287 0.99095
00018.jpg 203 147 51 157 0.99095
00018.jpg 302 121 146 360 0.99065
00018.jpg 308 126 137 344 0.99040
00018.jpg 288 130 160 348 0.99028
00018.jpg 293 127 161 360 0.99020
00018.jpg 594 234 158 296 0.98976
00018.jpg 586 245 165 288 0.98944
00018.jpg 588 250 160 273 0.98933
00018.jpg 592 236 174 291 0.98929
00018.jpg 303 117 143 374 0.98886
00018.jpg 300 105 158 389 0.98856
00018.jpg 205 149 44 155 0.98838
00018.jpg 588 241 162 283 0.98820
00018.jpg 305 111 144 376 0.98742
00018.jpg 451 128 55 223 0.98732
00018.jpg 598 243 148 286 0.98727
00018.jpg 301 125 154 353 0.98706
00018.jpg 450 128 59 234 0.98680
00018.jpg 297 130 163 351 0.98674
00018.jpg 294 119 157 363 0.98657
00018.jpg 447 126 64 231 0.98642
00018.jpg 204 149 49 158 0.98615
00018.jpg 592 242 164 291 0.98571
00018.jpg 447 129 61 231 0.98549
00018.jpg 202 148 49 155 0.98543
00018.jpg 587 239 158 293 0.98537
00018.jpg 445 123 59 232 0.98499
00018.jpg 589 235 172 294 0.98401
00018.jpg 594 239 157 284 0.98382
00018.jpg 202 150 52 155 0.98375
00018.jpg 201 151 51 155 0.98358
00018.jpg 203 154 52 153 0.98227
00018.jpg 452 123 55 234 0.98224
00018.jpg 447 134 63 224 0.98204
00018.jpg 585 248 167 286 0.98163
00018.jpg 203 154 51 150 0.98132
00018.jpg 451 126 54 236 0.98129
00018.jpg 589 246 160 293 0.98088
00018.jpg 447 134 59 219 0.98022
00018.jpg 203 152 50 152 0.98006
00018.jpg 445 126 63 224 0.98000
00018.jpg 585 244 186 285 0.97973
00018.jpg 593 241 155 298 0.97958
00018.jpg 590 245 158 285 0.97951
00018.jpg 449 126 59 233 0.97904
00018.jpg 595 236 154 287 0.97884
00018.jpg 296 114 152 375 0.97854
00018.jpg 588 244 171 275 0.97848
00018.jpg 448 125 61 231 0.97760
00018.jpg 448 128 62 225 0.97724
00018.jpg 449 117 61 241 0.97718
00018.jpg 201 149 54 157 0.97666
00018.jpg 204 152 48 150 0.97619
00018.jpg 304 111 149 372 0.97523
00018.jpg 202 146 53 157 0.97515
00018.jpg 200 153 51 151 0.97514
00018.jpg 593 243 165 286 0.97513
00018.jpg 201 148 54 158 0.97512
00018.jpg 293 124 166 357 0.97512
00018.jpg 297 126 155 361 0.97467
00018.jpg 204 151 50 151 0.97447
00018.jpg 450 126 57 230 0.97411
00018.jpg 445 125 64 231 0.97400
00018.jpg 586 246 177 261 0.97050
00018.jpg 302 121 150 369 0.97025
00018.jpg 449 129 57 234 0.96959
00018.jpg 302 110 145 386 0.96856
00018.jpg 297 130 151 352 0.96793
00018.jpg 445 128 63 233 0.96768
00018.jpg 448 124 58 232 0.96681
00018.jpg 453 130 54 221 0.96592
00018.jpg 451 131 57 225 0.96480
00018.jpg 200 149 54 155 0.96459
00018.jpg 446 127 62 231 0.96427
00018.jpg 201 153 51 148 0.96374
00018.jpg 293 118 161 367 0.96238
00018.jpg 587 230 175 301 0.96114
00018.jpg 444 129 60 225 0.95992
00018.jpg 291 104 155 394 0.95843
00018.jpg 200 151 50 146 0.95624
00018.jpg 447 117 63 246 0.95529
00018.jpg 203 152 51 151 0.95476
00018.jpg 201 152 51 152 0.95407
00018.jpg 305 103 150 378 0.95127
00018.jpg 599 242 167 286 0.94925
00018.jpg 204 152 47 151 0.94850
00018.jpg 601 237 162 289 0.94789
00018.jpg 299 112 160 376 0.94779
00018.jpg 290 111 162 378 0.94743
00018.jpg 449 127 57 234 0.94542
00018.jpg 591 245 155 278 0.94535
00018.jpg 202 150 51 158 0.94510
00018.jpg 297 124 150 360 0.94499
00018.jpg 295 125 151 359 0.94487
00018.jpg 202 150 50 156 0.94375
00018.jpg 450 130 61 219 0.94292
00018.jpg 448 129 62 226 0.94204
00018.jpg 445 134 62 227 0.94181
00018.jpg 588 232 177 295 0.94113
00018.jpg 200 153 53 152 0.93872
00018.jpg 597 241 145 290 0.93684
00018.jpg 201 152 51 151 0.93679
00018.jpg 202 154 51 148 0.93573
00018.jpg 304 127 146 346 0.93560
00018.jpg 449 118 58 237 0.92551
00018.jpg 594 245 159 287 0.92403
00018.jpg 200 153 53 147 0.92401
00018.jpg 590 241 182 275 0.92304
00018.jpg 450 128 59 227 0.92270
00018.jpg 604 231 173 291 0.92252
00018.jpg 449 124 59 234 0.91980
00018.jpg 443 132 69 225 0.91970
00018.jpg 585 239 172 297 0.91470
00018.jpg 585 239 161 289 0.91466
00018.jpg 592 248 156 270 0.91370
00018.jpg 450 123 57 238 0.91185
00018.jpg 595 246 150 282 0.91114
00018.jpg 449 129 58 227 0.91057
00018.jpg 446 124 59 234 0.91014
00018.jpg 201 143 51 161 0.90206
00018.jpg 294 120 153 373 0.90079
00018.jpg 201 150 53 154 0.89934
00018.jpg 597 244 164 287 0.89927
00018.jpg 202 153 52 149 0.89453
00018.jpg 291 124 168 366 0.89278
00018.jpg 203 151 46 152 0.89202
00018.jpg 448 123 61 233 0.89164
00018.jpg 587 235 184 283 0.88535
00018.jpg 202 146 49 165 0.88439
00018.jpg 199 153 54 149 0.88130
00018.jpg 591 250 164 272 0.88057
00018.jpg 449 128 52 230 0.87929
00018.jpg 205 149 48 153 0.87775
00018.jpg 296 122 152 362 0.86902
00018.jpg 595 247 162 275 0.86608
00018.jpg 199 153 53 151 0.86296
00018.jpg 296 120 156 357 0.85791
00018.jpg 589 239 160 297 0.83761
00018.jpg 585 246 157 281 0.83644
00018.jpg 202 151 48 152 0.83419
00018.jpg 201 151 52 155 0.82347
00018.jpg 294 128 159 347 0.82148
00018.jpg 449 131 58 231 0.81740
00018.jpg 595 249 151 278 0.81372
00018.jpg 291 120 167 358 0.81209
00018.jpg 593 246 155 290 0.80978
00018.jpg 584 234 183 282 0.80482
00018.jpg 442 131 63 221 0.79410
00018.jpg 203 154 49 146 0.78934
00018.jpg 589 233 168 294 0.78429
00018.jpg 303 125 151 354 0.77911
00018.jpg 207 150 46 154 0.77863
00018.jpg 204 146 52 163 0.77619
00018.jpg 200 146 55 158 0.76897
00018.jpg 450 131 64 231 0.76654
00018.jpg 201 150 54 152 0.75875
00018.jpg 444 124 72 232 0.74987
00018.jpg 590 244 161 284 0.74898
00018.jpg 586 246 179 292 0.74867
00018.jpg 452 135 61 219 0.74581
00018.jpg 605 244 176 268 0.74451
00018.jpg 593 244 164 289 0.74444
00018.jpg 203 151 49 155 0.73390
00018.jpg 449 124 63 235 0.73185
00018.jpg 202 148 53 157 0.72768
00018.jpg 200 153 53 152 0.72044
00018.jpg 594 250 158 271 0.72008
00018.jpg 589 242 175 279 0.70864
00018.jpg 204 157 51 140 0.69808
00018.jpg 302 120 163 369 0.68382
00018.jpg 287 125 158 346 0.67901
00018.jpg 293 116 167 361 0.67178
00018.jpg 299 137 143 333 0.66808
00018.jpg 201 160 53 137 0.66657
00018.jpg 300 122 144 358 0.65835
00018.jpg 447 122 62 235 0.65574
00018.jpg 205 154 52 144 0.65134
00018.jpg 295 122 157 363 0.64419
00018.jpg 200 156 53 140 0.63878
00018.jpg 440 120 78 238 0.61676
00018.jpg 200 152 51 152 0.61040
00018.jpg 300 134 153 354 0.60988
00018.jpg 201 156 54 146 0.60726
00018.jpg 452 126 52 239 0.59575
00018.jpg 197 152 55 159 0.59207
00018.jpg 445 118 64 248 0.58654
00018.jpg 595 245 150 291 0.58493
00018.jpg 205 148 50 151 0.58015
00018.jpg 592 237 176 286 0.57511
00018.jpg 446 131 64 233 0.56424
00018.jpg 298 104 167 382 0.55254
00018.jpg 447 129 57 227 0.52156
00018.jpg 590 240 168 299 0.50844
00018.jpg 303 123 145 348 0.50247
00018.jpg 441 122 63 229 0.49987
