00017.jpg 195 154 52 149 0.99948
00017.jpg 302 116 167 359 0.99934
00017.jpg 201 154 51 153 0.99914
00017.jpg 201 150 46 160 0.99913
00017.jpg 591 242 164 288 0.99911
00017.jpg 296 111 181 376 0.99906
00017.jpg 594 230 172 297 0.99899
00017.jpg 591 245 166 282 0.99896
00017.jpg 294 112 178 369 0.99879
00017.jpg 589 240 167 297 0.99875
00017.jpg 303 110 160 375 0.99864
00017.jpg 300 100 182 388 0.99861
00017.jpg 297 117 173 355 0.99847
00017.jpg 295 117 181 374 0.99846
00017.jpg 197 152 54 152 0.99845
00017.jpg 308 107 157 388 0.99827
00017.jpg 287 117 189 358 0.99824
00017.jpg 590 244 171 283 0.99796
00017.jpg 590 234 171 297 0.99785
00017.jpg 297 121 166 360 0.99779
00017.jpg 198 147 52 161 0.99773
00017.jpg 576 231 194 284 0.99768
00017.jpg 196 149 55 153 0.99759
00017.jpg 598 243 159 283 0.99751
00017.jpg 298 105 181 380 0.99742
00017.jpg 593 243 165 290 0.99725
00017.jpg 594 235 151 287 0.99715
00017.jpg 443 126 62 232 0.99675
00017.jpg 589 246 170 276 0.99665
00017.jpg 581 244 184 269 0.99663
00017.jpg 299 118 185 367 0.99657
00017.jpg 585 244 175 277 0.99653
00017.jpg 589 239 178 285 0.99629
00017.jpg 197 152 52 151 0.99626
00017.jpg 199 154 52 146 0.99619
00017.jpg 596 227 159 307 0.99605
00017.jpg 300 107 176 385 0.99604
00017.jpg 592 242 167 289 0.99603
00017.jpg 592 242 166 284 0.99581
00017.jpg 300 116 172 360 0.99574
00017.jpg 594 247 169 276 0.99574
00017.jpg 601 244 159 289 0.99572
00017.jpg 198 153 53 151 0.99565
00017.jpg 199 151 50 147 0.99538
00017.jpg 591 245 166 280 0.99521
00017.jpg 597 241 157 294 0.99477
00017.jpg 588 250 170 280 0.99455
00017.jpg 584 229 172 295 0.99434
00017.jpg 296 119 165 372 0.99428
00017.jpg 303 113 168 374 0.99427
00017.jpg 594 243 171 283 0.99408
00017.jpg 590 244 162 285 0.99377
00017.jpg 309 109 157 384 0.99370
00017.jpg 589 249 171 286 0.99367
00017.jpg 296 119 170 373 0.99359
00017.jpg 198 150 53 158 0.99320
00017.jpg 591 238 167 276 0.99315
00017.jpg 597 244 158 292 0.99315
00017.jpg 586 245 174 283 0.99306
00017.jpg 598 228 159 301 0.99294
00017.jpg 597 245 170 268 0.99277
00017.jpg 592 244 168 288 0.99272
00017.jpg 590 244 163 281 0.99265
00017.jpg 301 112 178 367 0.99255
00017.jpg 196 145 58 163 0.99183
00017.jpg 199 154 51 148 0.99151
00017.jpg 299 114 176 370 0.99117
00017.jpg 445 123 58 232 0.99096
00017.jpg 590 245 163 289 0.99060
00017.jpg 588 241 169 292 0.99044
00017.jpg 305 130 179 340 0.98942
00017.jpg 443 131 65 224 0.98937
00017.jpg 197 154 52 152 0.98920
00017.jpg 595 238 160 285 0.98887
00017.jpg 198 148 50 158 0.98867
00017.jpg 301 124 169 358 0.98847
00017.jpg 446 128 63 227 0.98835
00017.jpg 450 127 59 230 0.98770
00017.jpg 589 242 170 292 0.98754
00017.jpg 593 242 169 285 0.98743
00017.jpg 305 110 158 375 0.98711
00017.jpg 200 156 50 144 0.98710
00017.jpg 196 148 56 160 0.98695
00017.jpg 303 117 165 373 0.98651
00017.jpg 452 121 53 239 0.98601
00017.jpg 298 127 180 358 0.98583
00017.jpg 585 233 180 287 0.98566
00017.jpg 446 126 57 237 0.98557
00017.jpg 589 241 171 280 0.98549
00017.jpg 298 127 173 355 0.98548
00017.jpg 445 121 60 239 0.98544
00017.jpg 294 116 184 371 0.98526
00017.jpg 450 130 56 235 0.98525
00017.jpg 447 121 58 243 0.98375
00017.jpg 197 153 52 151 0.98337
00017.jpg 590 239 167 291 0.98323
00017.jpg 449 131 55 233 0.98323
00017.jpg 593 242 164 288 0.98273
00017.jpg 449 132 54 221 0.98270
00017.jpg 447 130 59 225 0.98193
00017.jpg 583 243 176 285 0.98186
00017.jpg 303 108 162 384 0.98103
00017.jpg 585 248 169 279 0.98004
00017.jpg 295 118 172 370 0.97921
00017.jpg 449 127 59 228 0.97842
00017.jpg 443 127 66 229 0.97729
00017.jpg 444 137 64 222 0.97713
00017.jpg 591 245 163 282 0.97632
00017.jpg 445 129 63 224 0.97487
00017.jpg 595 241 160 285 0.97480
00017.jpg 445 134 55 221 0.97455
00017.jpg 306 116 171 362 0.97305
00017.jpg 198 149 54 158 0.97164
00017.jpg 449 121 57 243 0.96939
00017.jpg 593 248 164 278 0.96876
00017.jpg 198 151 54 149 0.96854
00017.jpg 196 151 53 152 0.96621
00017.jpg 443 130 61 230 0.96470
00017.jpg 291 124 184 358 0.96439
00017.jpg 300 117 173 358 0.96426
00017.jpg 446 126 59 231 0.96392
00017.jpg 197 154 55 151 0.96372
00017.jpg 444 126 65 228 0.96331
00017.jpg 194 147 56 160 0.96031
00017.jpg 444 136 63 223 0.95985
00017.jpg 448 129 56 232 0.95952
00017.jpg 197 153 55 151 0.95865
00017.jpg 199 151 52 156 0.95822
00017.jpg 449 124 57 234 0.95727
00017.jpg 196 149 56 154 0.95466
00017.jpg 582 240 191 289 0.95452
00017.jpg 304 121 171 362 0.95387
00017.jpg 447 130 58 228 0.95377
00017.jpg 447 129 59 228 0.95242
00017.jpg 595 243 156 280 0.95163
00017.jpg 309 116 165 354 0.95077
00017.jpg 196 152 53 151 0.95073
00017.jpg 587 246 178 284 0.95049
00017.jpg 448 126 58 231 0.95015
00017.jpg 199 152 51 150 0.94718
00017.jpg 444 126 59 235 0.94547
00017.jpg 294 126 181 350 0.94298
00017.jpg 299 111 172 383 0.94278
00017.jpg 591 244 179 285 0.94141
00017.jpg 441 131 66 225 0.94096
00017.jpg 445 133 62 219 0.93987
00017.jpg 448 122 59 240 0.93845
00017.jpg 197 150 55 158 0.93718
00017.jpg 197 148 56 162 0.93705
00017.jpg 201 153 50 149 0.93645
00017.jpg 591 248 164 280 0.93473
00017.jpg 448 131 57 224 0.93295
00017.jpg 593 246 157 281 0.93127
00017.jpg 450 129 55 227 0.92951
00017.jpg 293 121 193 369 0.92654
00017.jpg 449 127 55 230 0.92443
00017.jpg 445 124 62 240 0.92421
00017.jpg 197 152 55 153 0.92074
00017.jpg 197 153 52 151 0.91698
00017.jpg 299 111 173 389 0.91473
00017.jpg 587 240 176 288 0.91096
00017.jpg 197 149 53 154 0.90980
00017.jpg 585 240 178 283 0.89704
00017.jpg 198 149 49 151 0.89203
00017.jpg 196 154 50 149 0.89190
00017.jpg 295 114 187 376 0.89069
00017.jpg 194 152 57 151 0.88931
00017.jpg 197 153 54 152 0.88368
00017.jpg 449 136 59 226 0.87883
00017.jpg 590 248 172 277 0.87769
00017.jpg 586 239 176 284 0.87604
00017.jpg 442 125 65 235 0.87471
00017.jpg 298 110 171 385 0.87274
00017.jpg 195 155 59 146 0.86868
00017.jpg 291 113 189 369 0.86582
00017.jpg 197 151 54 153 0.86484
00017.jpg 198 153 54 148 0.86231
00017.jpg 446 131 59 226 0.86205
00017.jpg 442 124 66 240 0.85833
00017.jpg 197 154 55 146 0.85297
00017.jpg 586 234 178 277 0.85216
00017.jpg 446 128 55 232 0.84761
00017.jpg 446 116 58 249 0.84594
00017.jpg 588 241 176 292 0.84467
00017.jpg 591 243 160 293 0.84397
00017.jpg 203 151 46 154 0.83675
00017.jpg 200 146 56 160 0.83519
00017.jpg 304 121 173 361 0.83249
00017.jpg 592 232 162 302 0.82535
00017.jpg 302 111 177 379 0.82521
00017.jpg 451 133 49 212 0.81998
00017.jpg 445 130 57 223 0.81760
00017.jpg 448 116 60 248 0.81759
00017.jpg 195 153 53 155 0.81355
00017.jpg 447 123 60 235 0.80719
00017.jpg 597 245 164 274 0.80465
00017.jpg 591 241 164 287 0.80179
00017.jpg 586 248 167 274 0.79827
00017.jpg 295 114 168 379 0.79722
00017.jpg 304 127 158 344 0.79418
00017.jpg 295 119 182 372 0.78899
00017.jpg 449 128 61 230 0.78373
00017.jpg 450 127 50 232 0.77560
00017.jpg 594 231 170 301 0.77163
00017.jpg 305 124 171 365 0.76976
00017.jpg 594 245 157 279 0.76074
00017.jpg 446 129 63 227 0.75587
00017.jpg 450 129 57 223 0.75507
00017.jpg 586 238 178 283 0.74655
00017.jpg 294 116 178 364 0.74305
00017.jpg 443 120 62 244 0.74235
00017.jpg 586 252 188 249 0.71378
00017.jpg 197 155 52 143 0.71301
00017.jpg 308 109 178 378 0.70946
00017.jpg 587 238 173 299 0.70874
00017.jpg 193 163 52 139 0.70219
00017.jpg 300 107 179 395 0.69472
00017.jpg 588 243 171 293 0.69291
00017.jpg 296 121 168 361 0.69137
00017.jpg 444 127 64 230 0.68994
00017.jpg 295 122 178 368 0.68691
00017.jpg 200 151 43 159 0.68442
00017.jpg 445 127 59 236 0.68144
00017.jpg 446 129 58 230 0.67744
00017.jpg 199 157 52 147 0.66984
00017.jpg 197 153 47 148 0.65882
00017.jpg 580 235 192 288 0.65471
00017.jpg 594 239 156 297 0.64684
00017.jpg 310 120 149 356 0.64544
00017.jpg 451 125 55 235 0.63949
00017.jpg 304 125 176 340 0.63928
00017.jpg 600 224 174 300 0.63898
00017.jpg 591 241 175 291 0.62550
00017.jpg 587 250 164 274 0.62425
00017.jpg 606 230 183 295 0.62268
00017.jpg 301 126 168 350 0.61023
00017.jpg 592 247 166 278 0.60196
00017.jpg 443 124 60 230 0.59794
00017.jpg 448 127 54 232 0.59164
00017.jpg 197 152 55 152 0.59099
00017.jpg 193 154 55 153 0.59047
00017.jpg 447 135 62 216 0.58729
00017.jpg 202 146 52 161 0.58617
00017.jpg 193 152 52 153 0.58137
00017.jpg 194 154 56 150 0.57796
00017.jpg 445 132 59 230 0.56842
00017.jpg 445 126 64 236 0.56091
00017.jpg 447 123 61 241 0.56051
00017.jpg 309 114 180 367 0.55660
00017.jpg 445 126 63 245 0.55489
00017.jpg 194 155 60 146 0.54767
00017.jpg 197 141 57 169 0.54373
00017.jpg 449 126 54 237 0.54359
00017.jpg 201 38 63 66 0.53887
00017.jpg 306 121 155 351 0.53508
00017.jpg 449 126 58 232 0.53348
00017.jpg 281 114 204 367 0.53262
00017.jpg 201 148 53 155 0.53203
00017.jpg 303 127 172 360 0.52231
00017.jpg 302 115 169 389 0.52171
00017.jpg 204 40 63 64 0.51700
00017.jpg 444 126 58 229 0.51558
00017.jpg 585 238 172 299 0.51440
00017.jpg 449 131 51 231 0.51196
00017.jpg 203 149 49 160 0.51133
00017.jpg 295 117 166 358 0.50234
00017.jpg 203 148 51 156 0.50144
00017.jpg 195 153 50 148 0.49945
00017.jpg 193 151 56 149 0.49945
