00033.jpg 124 122 191 406 0.99941
00033.jpg 525 250 212 267 0.99881
00033.jpg 513 245 217 284 0.99874
00033.jpg 136 130 175 386 0.99873
00033.jpg 511 236 214 291 0.99860
00033.jpg 521 259 202 271 0.99799
00033.jpg 142 126 179 395 0.99795
00033.jpg 515 247 218 265 0.99791
00033.jpg 519 252 213 272 0.99773
00033.jpg 374 155 67 192 0.99758
00033.jpg 505 246 232 278 0.99750
00033.jpg 131 131 176 381 0.99741
00033.jpg 516 251 214 270 0.99730
00033.jpg 485 125 61 228 0.99721
00033.jpg 521 269 206 255 0.99706
00033.jpg 373 144 68 199 0.99703
00033.jpg 140 130 174 388 0.99666
00033.jpg 527 235 195 290 0.99647
00033.jpg 377 146 64 199 0.99622
00033.jpg 120 128 200 397 0.99608
00033.jpg 128 130 188 392 0.99577
00033.jpg 138 136 175 374 0.99569
00033.jpg 106 147 50 190 0.99567
00033.jpg 130 130 170 387 0.99566
00033.jpg 142 129 170 388 0.99566
00033.jpg 377 151 65 193 0.99561
00033.jpg 109 144 48 197 0.99548
00033.jpg 520 234 200 287 0.99541
00033.jpg 522 235 195 281 0.99541
00033.jpg 504 249 238 272 0.99538
00033.jpg 505 242 219 281 0.99511
00033.jpg 511 246 223 274 0.99504
00033.jpg 127 127 176 387 0.99483
00033.jpg 106 151 51 186 0.99479
00033.jpg 512 248 223 266 0.99479
00033.jpg 107 151 52 188 0.99430
00033.jpg 486 130 62 223 0.99423
00033.jpg 126 128 181 399 0.99415
00033.jpg 120 126 194 393 0.99411
00033.jpg 509 249 222 270 0.99373
00033.jpg 514 249 209 282 0.99363
00033.jpg 107 145 49 199 0.99356
00033.jpg 506 243 235 277 0.99325
00033.jpg 509 246 226 278 0.99324
00033.jpg 516 256 211 272 0.99302
00033.jpg 524 244 194 280 0.99277
00033.jpg 132 128 173 388 0.99259
00033.jpg 108 138 50 203 0.99257
00033.jpg 517 245 217 277 0.99252
00033.jpg 376 148 67 199 0.99250
00033.jpg 145 137 160 376 0.99230
00033.jpg 513 259 226 261 0.99222
00033.jpg 526 243 203 278 0.99221
00033.jpg 138 121 176 400 0.99216
00033.jpg 377 148 61 197 0.99191
00033.jpg 377 145 64 198 0.99188
00033.jpg 135 137 166 384 0.99173
00033.jpg 518 244 210 277 0.99171
00033.jpg 108 147 49 193 0.99164
00033.jpg 138 114 169 404 0.99162
00033.jpg 486 130 68 231 0.99140
00033.jpg 375 148 67 198 0.99131
00033.jpg 511 246 219 267 0.99086
00033.jpg 137 134 177 384 0.99065
00033.jpg 372 147 67 207 0.99017
00033.jpg 377 150 62 197 0.99002
00033.jpg 486 129 65 230 0.98994
00033.jpg 379 150 64 195 0.98969
00033.jpg 487 127 58 234 0.98947
00033.jpg 487 131 57 225 0.98917
00033.jpg 135 123 171 385 0.98859
00033.jpg 127 120 185 405 0.98814
00033.jpg 380 147 61 202 0.98811
00033.jpg 376 150 64 198 0.98809
00033.jpg 375 148 67 197 0.98760
00033.jpg 376 150 68 194 0.98754
00033.jpg 107 149 47 181 0.98697
00033.jpg 108 143 52 195 0.98687
00033.jpg 376 151 69 193 0.98650
00033.jpg 109 146 50 196 0.98628
00033.jpg 517 248 210 284 0.98586
00033.jpg 130 134 178 382 0.98584
00033.jpg 528 248 204 270 0.98438
00033.jpg 482 129 67 226 0.98431
00033.jpg 488 132 62 227 0.98399
00033.jpg 518 260 207 264 0.98311
00033.jpg 105 146 56 193 0.98158
00033.jpg 136 122 171 405 0.98125
00033.jpg 518 240 217 276 0.98115
00033.jpg 105 139 55 200 0.98086
00033.jpg 490 132 57 223 0.97994
00033.jpg 378 148 66 194 0.97975
00033.jpg 488 127 57 230 0.97970
00033.jpg 485 129 66 232 0.97944
00033.jpg 513 255 227 279 0.97934
00033.jpg 488 138 56 215 0.97902
00033.jpg 376 146 64 204 0.97868
00033.jpg 374 148 68 194 0.97866
00033.jpg 108 150 48 192 0.97856
00033.jpg 487 131 61 228 0.97834
00033.jpg 520 249 208 270 0.97829
00033.jpg 381 141 62 211 0.97822
00033.jpg 376 151 66 189 0.97805
00033.jpg 109 146 49 194 0.97791
00033.jpg 515 251 226 281 0.97688
00033.jpg 374 149 69 199 0.97685
00033.jpg 127 130 189 388 0.97629
00033.jpg 133 129 185 388 0.97575
00033.jpg 486 127 60 233 0.97504
00033.jpg 372 148 73 198 0.97377
00033.jpg 486 128 62 231 0.97353
00033.jpg 379 145 60 201 0.97217
00033.jpg 107 148 53 196 0.97152
00033.jpg 105 142 57 200 0.97100
00033.jpg 483 132 60 220 0.97095
00033.jpg 379 150 63 191 0.97005
00033.jpg 489 129 57 228 0.96956
00033.jpg 517 245 215 294 0.96927
00033.jpg 375 148 65 196 0.96925
00033.jpg 130 125 180 396 0.96817
00033.jpg 373 151 73 192 0.96806
00033.jpg 512 247 219 277 0.96762
00033.jpg 517 252 212 267 0.96622
00033.jpg 375 142 69 205 0.96560
00033.jpg 526 251 204 286 0.96527
00033.jpg 107 141 48 196 0.96380
00033.jpg 374 151 71 192 0.96301
00033.jpg 488 124 59 233 0.96287
00033.jpg 106 146 50 193 0.96287
00033.jpg 515 252 218 287 0.96089
00033.jpg 111 144 49 199 0.96062
00033.jpg 524 255 201 274 0.95881
00033.jpg 488 124 62 232 0.95854
00033.jpg 487 128 60 233 0.95782
00033.jpg 374 147 70 200 0.95732
00033.jpg 377 149 66 198 0.95695
00033.jpg 106 128 50 217 0.95668
00033.jpg 375 152 70 192 0.95421
00033.jpg 488 132 59 227 0.95297
00033.jpg 487 129 61 227 0.95226
00033.jpg 106 150 51 190 0.95201
00033.jpg 489 129 57 227 0.95188
00033.jpg 378 150 59 199 0.95076
00033.jpg 376 152 68 193 0.95031
00033.jpg 105 147 47 193 0.94989
00033.jpg 378 145 62 206 0.94942
00033.jpg 487 126 58 240 0.94933
00033.jpg 520 255 222 272 0.94749
00033.jpg 516 252 220 276 0.94692
00033.jpg 490 126 58 230 0.94688
00033.jpg 520 254 208 276 0.94673
00033.jpg 106 145 52 199 0.94543
00033.jpg 483 124 59 232 0.94467
00033.jpg 108 149 55 194 0.94247
00033.jpg 487 127 58 235 0.94048
00033.jpg 107 146 49 194 0.93881
00033.jpg 379 151 61 190 0.93848
00033.jpg 513 240 218 281 0.93684
00033.jpg 127 128 183 389 0.93659
00033.jpg 488 123 59 236 0.93630
00033.jpg 136 120 179 400 0.93627
00033.jpg 491 119 59 232 0.92931
00033.jpg 120 130 201 398 0.92928
00033.jpg 484 124 64 227 0.92882
00033.jpg 105 150 50 190 0.92704
00033.jpg 108 152 52 184 0.92700
00033.jpg 521 248 198 264 0.92534
00033.jpg 488 124 60 232 0.92504
00033.jpg 485 131 63 220 0.92422
00033.jpg 510 253 205 258 0.92394
00033.jpg 254 153 41 62 0.92390
00033.jpg 487 124 57 230 0.92327
00033.jpg 112 152 48 181 0.92322
00033.jpg 489 126 62 232 0.92204
00033.jpg 108 143 49 204 0.92024
00033.jpg 486 134 60 216 0.91998
00033.jpg 515 255 226 278 0.91923
00033.jpg 485 126 64 230 0.91904
00033.jpg 376 149 65 197 0.91787
00033.jpg 141 136 179 396 0.91697
00033.jpg 133 129 187 400 0.91476
00033.jpg 127 120 180 407 0.91444
00033.jpg 375 152 66 190 0.90887
00033.jpg 106 149 51 196 0.90808
00033.jpg 130 125 170 399 0.89971
00033.jpg 375 148 66 198 0.89956
00033.jpg 518 247 211 256 0.89307
00033.jpg 253 155 41 60 0.89067
00033.jpg 108 150 51 192 0.88998
00033.jpg 517 260 224 268 0.88824
00033.jpg 144 117 168 400 0.88795
00033.jpg 380 152 62 190 0.88781
00033.jpg 106 151 51 188 0.88670
00033.jpg 489 127 61 225 0.88428
00033.jpg 132 121 182 402 0.88421
00033.jpg 527 255 190 280 0.88271
00033.jpg 253 153 47 66 0.87881
00033.jpg 517 261 212 266 0.87879
00033.jpg 487 135 65 218 0.87598
00033.jpg 373 152 68 198 0.87499
00033.jpg 374 141 69 205 0.87451
00033.jpg 377 154 61 189 0.87327
00033.jpg 383 146 61 199 0.87146
00033.jpg 256 152 39 63 0.86825
00033.jpg 526 263 199 260 0.86784
00033.jpg 523 255 200 269 0.86700
00033.jpg 253 149 38 64 0.86684
00033.jpg 377 151 64 195 0.86177
00033.jpg 106 151 51 190 0.85783
00033.jpg 132 129 184 390 0.85569
00033.jpg 111 151 47 181 0.84993
00033.jpg 514 269 214 260 0.84924
00033.jpg 518 253 209 274 0.84877
00033.jpg 488 131 57 228 0.84837
00033.jpg 144 129 172 401 0.84783
00033.jpg 514 257 207 269 0.84459
00033.jpg 509 256 213 258 0.84459
00033.jpg 107 151 50 190 0.84424
00033.jpg 512 256 230 274 0.84305
00033.jpg 486 128 57 229 0.84265
00033.jpg 253 156 42 58 0.83863
00033.jpg 252 152 47 64 0.83781
00033.jpg 513 244 204 279 0.83691
00033.jpg 253 150 43 63 0.83574
00033.jpg 141 133 172 393 0.83319
00033.jpg 255 154 42 54 0.83008
00033.jpg 129 134 184 386 0.82729
00033.jpg 484 122 67 231 0.82460
00033.jpg 253 152 45 66 0.82230
00033.jpg 254 153 46 64 0.81723
00033.jpg 488 138 58 215 0.80559
00033.jpg 252 152 45 65 0.80156
00033.jpg 106 148 51 191 0.79654
00033.jpg 254 151 42 63 0.79642
00033.jpg 524 255 204 274 0.79409
00033.jpg 481 118 64 241 0.79123
00033.jpg 378 152 65 196 0.79021
00033.jpg 250 149 44 71 0.78583
00033.jpg 256 155 44 56 0.78064
00033.jpg 126 130 190 399 0.77989
00033.jpg 118 122 200 410 0.77770
00033.jpg 251 149 45 66 0.77558
00033.jpg 138 131 178 378 0.77247
00033.jpg 258 154 40 66 0.77150
00033.jpg 140 129 171 397 0.76816
00033.jpg 255 153 46 64 0.75904
00033.jpg 255 151 41 62 0.75784
00033.jpg 255 150 45 74 0.75586
00033.jpg 255 154 42 73 0.75299
00033.jpg 252 153 41 58 0.74911
00033.jpg 483 132 61 217 0.74835
00033.jpg 127 133 173 388 0.74115
00033.jpg 530 258 193 263 0.73623
00033.jpg 124 128 199 390 0.73205
00033.jpg 138 124 179 408 0.73098
00033.jpg 379 156 65 180 0.72649
00033.jpg 108 142 52 203 0.72603
00033.jpg 108 133 50 208 0.72372
00033.jpg 508 250 225 272 0.71852
00033.jpg 514 255 220 271 0.71790
00033.jpg 253 151 41 85 0.71012
00033.jpg 105 147 52 192 0.70268
00033.jpg 126 129 184 366 0.70092
00033.jpg 253 155 43 51 0.70073
00033.jpg 255 149 42 63 0.70036
00033.jpg 373 149 62 202 0.69475
00033.jpg 377 150 66 193 0.69415
00033.jpg 253 153 42 62 0.69405
00033.jpg 255 149 42 65 0.69064
00033.jpg 252 153 43 61 0.69036
00033.jpg 513 241 215 298 0.68879
00033.jpg 256 150 45 93 0.68100
00033.jpg 489 128 60 227 0.68052
00033.jpg 483 129 60 230 0.67903
00033.jpg 492 129 50 227 0.67836
00033.jpg 487 128 54 222 0.67617
00033.jpg 254 154 44 53 0.67593
00033.jpg 257 150 41 61 0.66809
00033.jpg 528 248 193 291 0.66734
00033.jpg 524 260 201 243 0.66395
00033.jpg 513 251 215 280 0.65606
00033.jpg 255 150 43 58 0.64932
00033.jpg 253 152 43 62 0.64919
00033.jpg 371 150 64 188 0.64833
00033.jpg 104 151 51 189 0.64786
00033.jpg 492 122 58 233 0.64667
00033.jpg 373 152 68 201 0.64658
00033.jpg 254 150 42 73 0.64484
00033.jpg 252 152 44 60 0.64391
00033.jpg 253 152 40 58 0.64107
00033.jpg 481 129 72 231 0.63848
00033.jpg 380 149 69 200 0.63622
00033.jpg 506 240 229 280 0.63566
00033.jpg 254 153 42 77 0.63104
00033.jpg 107 145 46 194 0.63032
00033.jpg 257 151 40 60 0.62688
00033.jpg 135 128 178 408 0.62304
00033.jpg 505 253 214 258 0.61798
00033.jpg 484 133 70 222 0.60120
00033.jpg 255 150 40 76 0.60092
00033.jpg 371 145 74 209 0.60023
00033.jpg 144 133 164 381 0.59724
00033.jpg 255 144 41 85 0.59114
00033.jpg 252 152 41 53 0.57930
00033.jpg 251 152 44 57 0.57922
00033.jpg 129 138 189 374 0.57621
00033.jpg 104 148 57 194 0.57537
00033.jpg 252 150 50 84 0.57112
00033.jpg 252 154 48 75 0.56896
00033.jpg 143 121 166 405 0.56689
00033.jpg 377 147 68 205 0.56605
00033.jpg 509 242 210 284 0.56469
00033.jpg 129 126 190 402 0.56208
00033.jpg 106 127 53 216 0.56145
00033.jpg 374 145 74 205 0.55941
00033.jpg 377 143 65 204 0.55903
00033.jpg 523 249 209 290 0.55865
00033.jpg 505 246 238 280 0.55270
00033.jpg 124 142 193 358 0.54756
00033.jpg 104 137 55 199 0.54285
00033.jpg 103 147 49 190 0.53746
00033.jpg 255 151 41 74 0.53567
00033.jpg 255 153 38 50 0.53520
00033.jpg 254 153 45 63 0.52924
00033.jpg 253 149 43 61 0.52524
00033.jpg 487 137 54 213 0.52388
00033.jpg 132 109 186 429 0.51288
00033.jpg 255 151 41 62 0.51064
00033.jpg 515 241 229 293 0.50978
00033.jpg 253 152 37 59 0.50175
00033.jpg 253 152 47 76 0.50064
00033.jpg 253 150 47 74 0.50063
00033.jpg 251 150 44 74 0.50052
00033.jpg 250 148 51 66 0.49944
