00046.jpg 124 109 159 419 0.99906
00046.jpg 106 117 176 413 0.99895
00046.jpg 511 261 181 259 0.99883
00046.jpg 522 256 164 261 0.99880
00046.jpg 108 123 172 394 0.99874
00046.jpg 94 126 206 386 0.99861
00046.jpg 406 145 62 202 0.99858
00046.jpg 102 130 171 393 0.99827
00046.jpg 515 252 175 276 0.99804
00046.jpg 102 115 177 415 0.99717
00046.jpg 517 259 166 274 0.99706
00046.jpg 513 262 182 268 0.99705
00046.jpg 505 256 197 257 0.99703
00046.jpg 404 147 65 198 0.99699
00046.jpg 512 262 182 260 0.99681
00046.jpg 519 263 171 260 0.99681
00046.jpg 515 128 61 227 0.99680
00046.jpg 107 128 176 387 0.99666
00046.jpg 407 149 59 198 0.99664
00046.jpg 109 125 171 398 0.99663
00046.jpg 510 264 190 268 0.99650
00046.jpg 104 113 182 415 0.99643
00046.jpg 111 124 177 397 0.99616
00046.jpg 103 120 179 400 0.99602
00046.jpg 118 129 166 394 0.99574
00046.jpg 409 149 60 197 0.99567
00046.jpg 519 125 56 229 0.99559
00046.jpg 405 146 65 198 0.99541
00046.jpg 405 146 65 199 0.99541
00046.jpg 280 150 42 165 0.99493
00046.jpg 110 119 168 409 0.99483
00046.jpg 107 124 172 393 0.99479
00046.jpg 506 264 189 253 0.99475
00046.jpg 407 149 61 202 0.99447
00046.jpg 405 147 64 200 0.99417
00046.jpg 404 155 64 189 0.99400
00046.jpg 276 152 48 153 0.99391
00046.jpg 405 150 64 196 0.99384
00046.jpg 108 127 175 377 0.99362
00046.jpg 403 152 65 194 0.99338
00046.jpg 504 254 193 274 0.99314
00046.jpg 106 122 168 400 0.99312
00046.jpg 279 153 45 156 0.99311
00046.jpg 110 132 177 381 0.99287
00046.jpg 409 151 62 197 0.99237
00046.jpg 513 262 179 260 0.99223
00046.jpg 512 259 178 263 0.99172
00046.jpg 516 123 60 226 0.99156
00046.jpg 495 243 200 285 0.99104
00046.jpg 406 151 67 198 0.99102
00046.jpg 106 113 183 409 0.99080
00046.jpg 403 149 66 196 0.99076
00046.jpg 276 149 47 159 0.99069
00046.jpg 503 257 191 272 0.99047
00046.jpg 109 127 174 399 0.99045
00046.jpg 112 126 157 367 0.99030
00046.jpg 404 153 65 190 0.99020
00046.jpg 277 151 45 154 0.98905
00046.jpg 508 255 186 271 0.98878
00046.jpg 505 261 183 264 0.98876
00046.jpg 515 263 181 267 0.98862
00046.jpg 514 259 185 266 0.98827
00046.jpg 278 149 45 159 0.98827
00046.jpg 405 151 65 194 0.98823
00046.jpg 278 150 42 159 0.98812
00046.jpg 514 267 170 263 0.98731
00046.jpg 510 256 183 277 0.98729
00046.jpg 516 256 180 267 0.98711
00046.jpg 111 118 173 397 0.98637
00046.jpg 404 149 66 195 0.98598
00046.jpg 403 153 63 190 0.98596
00046.jpg 511 257 178 258 0.98581
00046.jpg 278 152 43 155 0.98543
00046.jpg 508 263 183 253 0.98536
00046.jpg 512 252 179 284 0.98439
00046.jpg 405 144 67 204 0.98433
00046.jpg 114 106 163 433 0.98399
00046.jpg 106 114 188 418 0.98358
00046.jpg 404 143 62 205 0.98349
00046.jpg 509 269 180 240 0.98336
00046.jpg 518 129 56 230 0.98145
00046.jpg 508 269 180 254 0.98115
00046.jpg 404 146 69 198 0.98086
00046.jpg 520 130 57 220 0.98085
00046.jpg 510 260 180 276 0.98083
00046.jpg 274 154 49 146 0.98060
00046.jpg 401 145 66 200 0.98016
00046.jpg 403 155 66 189 0.98005
00046.jpg 405 147 63 198 0.97975
00046.jpg 513 253 182 277 0.97973
00046.jpg 101 127 178 396 0.97959
00046.jpg 503 256 180 259 0.97951
00046.jpg 111 124 169 403 0.97923
00046.jpg 525 242 164 292 0.97896
00046.jpg 407 150 65 198 0.97840
00046.jpg 512 255 186 278 0.97821
00046.jpg 405 149 64 197 0.97764
00046.jpg 508 258 177 261 0.97758
00046.jpg 279 150 43 159 0.97746
00046.jpg 106 112 175 409 0.97611
00046.jpg 275 151 51 157 0.97603
00046.jpg 510 260 179 268 0.97593
00046.jpg 517 127 56 228 0.97587
00046.jpg 513 245 181 286 0.97505
00046.jpg 275 151 47 153 0.97418
00046.jpg 519 129 56 230 0.97386
00046.jpg 280 150 44 156 0.97356
00046.jpg 404 151 65 197 0.97309
00046.jpg 115 122 162 397 0.97294
00046.jpg 276 149 45 158 0.97200
00046.jpg 517 127 60 230 0.97163
00046.jpg 513 262 180 266 0.96945
00046.jpg 519 127 53 224 0.96859
00046.jpg 505 252 190 270 0.96719
00046.jpg 404 149 62 199 0.96678
00046.jpg 508 258 188 270 0.96603
00046.jpg 404 148 67 199 0.96569
00046.jpg 279 153 42 152 0.96536
00046.jpg 508 259 185 271 0.96506
00046.jpg 518 129 56 225 0.96488
00046.jpg 514 257 180 268 0.96193
00046.jpg 520 135 57 213 0.96152
00046.jpg 504 265 199 256 0.96104
00046.jpg 517 121 58 227 0.95978
00046.jpg 105 120 183 403 0.95904
00046.jpg 503 267 194 256 0.95798
00046.jpg 515 124 60 222 0.95707
00046.jpg 513 261 182 256 0.95507
00046.jpg 404 154 63 191 0.95414
00046.jpg 405 150 67 193 0.95284
00046.jpg 519 128 56 228 0.95271
00046.jpg 519 124 54 232 0.95255
00046.jpg 279 154 45 153 0.94922
00046.jpg 277 155 46 154 0.94861
00046.jpg 507 266 188 261 0.94822
00046.jpg 517 128 61 232 0.94778
00046.jpg 404 151 67 193 0.94547
00046.jpg 518 265 173 269 0.94423
00046.jpg 409 147 57 200 0.94378
00046.jpg 278 156 41 152 0.94275
00046.jpg 278 150 45 159 0.94254
00046.jpg 518 131 56 222 0.94205
00046.jpg 505 258 191 271 0.94090
00046.jpg 513 272 187 265 0.94047
00046.jpg 497 250 198 279 0.93991
00046.jpg 277 151 43 155 0.93810
00046.jpg 521 126 55 227 0.93722
00046.jpg 276 148 46 164 0.93647
00046.jpg 509 250 175 275 0.93577
00046.jpg 512 260 181 267 0.93575
00046.jpg 111 106 170 433 0.93383
00046.jpg 516 120 58 240 0.93206
00046.jpg 281 151 40 160 0.93137
00046.jpg 406 150 61 194 0.92908
00046.jpg 108 131 174 387 0.92789
00046.jpg 407 147 60 194 0.92680
00046.jpg 514 132 59 215 0.92429
00046.jpg 517 125 58 224 0.92118
00046.jpg 276 155 43 153 0.92100
00046.jpg 105 124 179 411 0.92083
00046.jpg 406 148 68 204 0.91988
00046.jpg 512 252 172 277 0.91883
00046.jpg 497 255 194 267 0.91829
00046.jpg 277 154 43 152 0.91823
00046.jpg 403 153 68 187 0.91767
00046.jpg 277 152 46 153 0.91671
00046.jpg 519 128 58 220 0.91651
00046.jpg 519 136 57 212 0.91575
00046.jpg 99 122 188 406 0.91225
00046.jpg 514 138 57 213 0.91118
00046.jpg 400 155 68 192 0.91091
00046.jpg 277 153 47 152 0.90761
00046.jpg 405 148 65 195 0.90427
00046.jpg 101 116 184 414 0.90310
00046.jpg 402 148 66 204 0.90191
00046.jpg 406 148 62 200 0.90177
00046.jpg 275 152 51 156 0.90100
00046.jpg 404 142 63 205 0.89865
00046.jpg 405 144 66 207 0.89578
00046.jpg 98 129 182 385 0.89479
00046.jpg 512 250 183 277 0.89453
00046.jpg 514 124 63 229 0.89190
00046.jpg 278 149 44 162 0.89174
00046.jpg 519 127 60 223 0.89138
00046.jpg 520 268 170 271 0.89038
00046.jpg 526 263 169 264 0.89036
00046.jpg 278 151 45 157 0.88822
00046.jpg 275 154 48 152 0.88615
00046.jpg 518 128 58 222 0.88523
00046.jpg 522 137 55 208 0.88430
00046.jpg 280 152 41 155 0.88187
00046.jpg 517 264 184 270 0.88017
00046.jpg 402 144 66 206 0.87983
00046.jpg 278 158 44 143 0.87897
00046.jpg 112 117 170 412 0.87805
00046.jpg 515 131 65 218 0.87781
00046.jpg 516 121 63 233 0.87558
00046.jpg 515 268 175 262 0.87416
00046.jpg 513 127 58 219 0.87176
00046.jpg 278 151 48 154 0.87134
00046.jpg 398 156 75 183 0.86856
00046.jpg 113 121 175 392 0.86222
00046.jpg 511 270 180 243 0.86217
00046.jpg 516 146 65 188 0.86138
00046.jpg 514 121 60 225 0.86027
00046.jpg 107 117 181 416 0.85832
00046.jpg 115 119 170 413 0.84442
00046.jpg 499 261 198 254 0.83756
00046.jpg 277 154 45 147 0.83620
00046.jpg 517 120 56 228 0.83544
00046.jpg 277 150 47 156 0.83046
00046.jpg 403 147 64 198 0.82777
00046.jpg 514 130 59 228 0.82411
00046.jpg 507 250 179 276 0.81966
00046.jpg 510 254 190 280 0.81875
00046.jpg 514 130 61 220 0.81781
00046.jpg 518 129 58 219 0.80588
00046.jpg 276 150 42 156 0.80072
00046.jpg 401 143 74 205 0.79594
00046.jpg 512 127 60 225 0.79143
00046.jpg 521 124 58 223 0.78822
00046.jpg 104 107 176 426 0.78681
00046.jpg 511 258 184 262 0.77651
00046.jpg 519 125 60 222 0.76124
00046.jpg 107 110 182 416 0.73229
00046.jpg 497 256 199 262 0.73101
00046.jpg 499 248 195 274 0.72983
00046.jpg 407 154 68 195 0.72705
00046.jpg 113 113 164 421 0.72127
00046.jpg 279 157 46 150 0.72023
00046.jpg 509 251 183 288 0.71891
00046.jpg 108 122 159 401 0.71771
00046.jpg 108 123 186 408 0.70434
00046.jpg 405 149 67 193 0.69911
00046.jpg 403 150 67 196 0.69330
00046.jpg 517 117 54 234 0.68995
00046.jpg 104 122 184 417 0.68885
00046.jpg 91 120 202 419 0.67523
00046.jpg 518 130 57 213 0.67198
00046.jpg 517 264 183 255 0.67106
00046.jpg 514 121 65 225 0.66202
00046.jpg 486 255 200 258 0.65424
00046.jpg 275 155 42 148 0.65271
00046.jpg 274 152 43 160 0.64215
00046.jpg 273 148 51 160 0.62580
00046.jpg 107 101 182 437 0.62235
00046.jpg 279 155 46 151 0.62117
00046.jpg 510 271 188 251 0.61797
00046.jpg 515 126 54 232 0.60821
00046.jpg 402 145 72 200 0.60412
00046.jpg 275 152 46 151 0.60291
00046.jpg 276 147 44 170 0.60181
00046.jpg 98 108 183 428 0.59963
00046.jpg 277 151 48 155 0.59903
00046.jpg 275 150 48 155 0.59300
00046.jpg 408 147 67 199 0.58435
00046.jpg 517 131 58 217 0.58291
00046.jpg 108 130 176 370 0.57763
00046.jpg 501 247 193 278 0.57077
00046.jpg 507 260 196 263 0.56808
00046.jpg 521 136 51 215 0.56066
00046.jpg 515 126 57 220 0.55819
00046.jpg 518 123 59 228 0.54950
00046.jpg 283 153 40 155 0.53528
00046.jpg 398 142 67 201 0.52235
00046.jpg 531 254 169 264 0.50951
