00059.jpg 231 118 154 395 0.99844
00059.jpg 543 341 181 195 0.99820
00059.jpg 544 338 176 201 0.99804
00059.jpg 234 100 138 430 0.99707
00059.jpg 435 150 56 197 0.99691
00059.jpg 544 347 172 189 0.99661
00059.jpg 229 119 147 392 0.99646
00059.jpg 429 143 68 201 0.99617
00059.jpg 540 342 180 183 0.99606
00059.jpg 548 347 176 189 0.99603
00059.jpg 550 124 52 228 0.99601
00059.jpg 547 351 165 182 0.99598
00059.jpg 547 333 176 206 0.99582
00059.jpg 547 134 60 212 0.99570
00059.jpg 546 348 181 181 0.99552
00059.jpg 545 345 179 187 0.99510
00059.jpg 546 131 58 215 0.99496
00059.jpg 431 151 65 197 0.99492
00059.jpg 433 147 62 199 0.99490
00059.jpg 233 116 140 404 0.99481
00059.jpg 543 341 173 198 0.99421
00059.jpg 436 147 59 200 0.99376
00059.jpg 241 108 139 411 0.99312
00059.jpg 240 118 132 398 0.99304
00059.jpg 543 129 63 224 0.99275
00059.jpg 430 156 62 189 0.99263
00059.jpg 227 106 159 414 0.99260
00059.jpg 545 133 61 220 0.99217
00059.jpg 541 337 181 198 0.99211
00059.jpg 221 119 150 401 0.99211
00059.jpg 549 130 58 220 0.99190
00059.jpg 543 123 64 229 0.99177
00059.jpg 231 118 146 396 0.99167
00059.jpg 431 150 67 195 0.99110
00059.jpg 240 99 135 428 0.99108
00059.jpg 431 149 67 197 0.99078
00059.jpg 434 150 60 198 0.99074
00059.jpg 220 100 155 426 0.99067
00059.jpg 234 104 144 409 0.99033
00059.jpg 429 140 68 206 0.99021
00059.jpg 226 105 156 418 0.99013
00059.jpg 435 150 67 196 0.99006
00059.jpg 434 150 64 198 0.98993
00059.jpg 537 344 176 188 0.98979
00059.jpg 544 348 174 185 0.98979
00059.jpg 542 344 177 191 0.98970
00059.jpg 547 127 58 224 0.98921
00059.jpg 530 342 198 194 0.98892
00059.jpg 230 116 142 401 0.98887
00059.jpg 231 108 133 411 0.98887
00059.jpg 226 115 150 399 0.98844
00059.jpg 433 143 62 212 0.98843
00059.jpg 233 118 144 387 0.98812
00059.jpg 545 345 186 192 0.98807
00059.jpg 437 152 61 195 0.98800
00059.jpg 433 148 64 194 0.98750
00059.jpg 544 124 60 227 0.98744
00059.jpg 433 150 66 190 0.98733
00059.jpg 541 347 180 188 0.98644
00059.jpg 430 152 70 192 0.98604
00059.jpg 546 128 60 220 0.98579
00059.jpg 536 344 187 193 0.98505
00059.jpg 540 343 184 190 0.98333
00059.jpg 545 340 176 194 0.98316
00059.jpg 434 148 62 201 0.98251
00059.jpg 228 125 156 396 0.98213
00059.jpg 530 341 202 195 0.98143
00059.jpg 439 151 60 192 0.98138
00059.jpg 205 141 59 197 0.98034
00059.jpg 541 344 184 190 0.97997
00059.jpg 228 115 147 406 0.97995
00059.jpg 439 142 61 201 0.97970
00059.jpg 227 106 162 405 0.97961
00059.jpg 229 106 148 414 0.97958
00059.jpg 432 146 63 194 0.97952
00059.jpg 435 147 59 203 0.97944
00059.jpg 432 151 65 200 0.97905
00059.jpg 226 107 149 420 0.97897
00059.jpg 547 128 56 229 0.97896
00059.jpg 236 109 147 411 0.97867
00059.jpg 231 99 151 431 0.97820
00059.jpg 540 343 178 191 0.97768
00059.jpg 542 352 183 184 0.97705
00059.jpg 545 342 179 189 0.97660
00059.jpg 433 146 63 202 0.97607
00059.jpg 551 349 172 186 0.97482
00059.jpg 208 143 53 189 0.97433
00059.jpg 432 151 64 197 0.97383
00059.jpg 545 119 59 234 0.97249
00059.jpg 540 347 191 192 0.97222
00059.jpg 223 109 152 406 0.97183
00059.jpg 433 149 62 195 0.97163
00059.jpg 546 125 57 229 0.97151
00059.jpg 224 103 161 405 0.97147
00059.jpg 539 334 177 202 0.97089
00059.jpg 231 125 154 395 0.97063
00059.jpg 208 136 50 208 0.96966
00059.jpg 430 149 67 192 0.96961
00059.jpg 436 146 60 204 0.96960
00059.jpg 434 144 61 204 0.96939
00059.jpg 547 352 184 179 0.96877
00059.jpg 543 343 181 196 0.96843
00059.jpg 535 340 192 194 0.96812
00059.jpg 432 147 62 199 0.96789
00059.jpg 229 117 153 391 0.96698
00059.jpg 434 149 60 197 0.96696
00059.jpg 538 344 187 194 0.96662
00059.jpg 438 147 61 201 0.96638
00059.jpg 545 130 56 214 0.96548
00059.jpg 551 127 55 225 0.96467
00059.jpg 551 125 53 231 0.96462
00059.jpg 536 345 188 189 0.96386
00059.jpg 220 114 155 406 0.96347
00059.jpg 546 129 58 226 0.96278
00059.jpg 535 335 197 204 0.96227
00059.jpg 435 149 64 193 0.96146
00059.jpg 545 341 171 182 0.96126
00059.jpg 549 343 175 193 0.96021
00059.jpg 548 127 56 229 0.95977
00059.jpg 548 128 57 231 0.95922
00059.jpg 542 348 187 190 0.95922
00059.jpg 231 110 147 424 0.95920
00059.jpg 206 150 55 176 0.95855
00059.jpg 544 120 58 233 0.95853
00059.jpg 547 130 62 225 0.95714
00059.jpg 543 350 181 161 0.95654
00059.jpg 548 348 165 182 0.95627
00059.jpg 546 350 168 182 0.95627
00059.jpg 542 123 63 233 0.95604
00059.jpg 544 130 61 217 0.95248
00059.jpg 220 108 163 411 0.95115
00059.jpg 547 335 178 193 0.94990
00059.jpg 231 115 145 408 0.94850
00059.jpg 557 348 161 179 0.94848
00059.jpg 536 339 188 200 0.94835
00059.jpg 539 341 181 186 0.94761
00059.jpg 235 117 141 405 0.94730
00059.jpg 207 143 54 201 0.94664
00059.jpg 435 150 59 195 0.94571
00059.jpg 214 150 47 195 0.94381
00059.jpg 226 98 154 424 0.94355
00059.jpg 436 154 60 190 0.94300
00059.jpg 234 104 137 424 0.94291
00059.jpg 429 148 70 203 0.94289
00059.jpg 238 109 138 430 0.94270
00059.jpg 547 128 55 225 0.94232
00059.jpg 543 128 58 223 0.93898
00059.jpg 540 332 180 205 0.93786
00059.jpg 547 129 56 217 0.93775
00059.jpg 543 128 63 223 0.93602
00059.jpg 222 115 166 402 0.93504
00059.jpg 210 145 49 200 0.93379
00059.jpg 209 147 52 191 0.93352
00059.jpg 551 349 169 190 0.93280
00059.jpg 545 341 182 194 0.93267
00059.jpg 548 127 54 228 0.92817
00059.jpg 434 150 63 197 0.92639
00059.jpg 207 143 52 197 0.92628
00059.jpg 545 127 58 227 0.92148
00059.jpg 429 155 68 190 0.92056
00059.jpg 202 135 61 212 0.92018
00059.jpg 218 113 166 394 0.91822
00059.jpg 551 338 175 194 0.91742
00059.jpg 206 150 56 202 0.91559
00059.jpg 433 147 60 201 0.91427
00059.jpg 203 142 59 189 0.91340
00059.jpg 223 112 169 396 0.91153
00059.jpg 544 128 56 224 0.90955
00059.jpg 233 101 144 423 0.90890
00059.jpg 239 115 132 413 0.90775
00059.jpg 546 128 54 225 0.90623
00059.jpg 551 332 168 185 0.90492
00059.jpg 545 132 61 213 0.90404
00059.jpg 433 150 64 202 0.90303
00059.jpg 546 135 59 209 0.90245
00059.jpg 207 144 56 194 0.90235
00059.jpg 231 114 148 412 0.90021
00059.jpg 234 120 142 378 0.89971
00059.jpg 432 146 66 207 0.89949
00059.jpg 208 142 59 203 0.89259
00059.jpg 236 117 145 403 0.89214
00059.jpg 208 139 50 197 0.89184
00059.jpg 548 130 59 216 0.89153
00059.jpg 206 146 56 187 0.89148
00059.jpg 540 350 179 183 0.88856
00059.jpg 204 150 56 191 0.88557
00059.jpg 543 132 61 220 0.88313
00059.jpg 214 118 154 402 0.88248
00059.jpg 206 140 52 201 0.88173
00059.jpg 204 145 59 192 0.87931
00059.jpg 549 337 182 183 0.87566
00059.jpg 210 133 52 211 0.86758
00059.jpg 547 348 172 185 0.86653
00059.jpg 230 89 142 449 0.86424
00059.jpg 553 335 168 184 0.86421
00059.jpg 205 153 59 177 0.86174
00059.jpg 207 147 56 189 0.85557
00059.jpg 433 145 60 202 0.85464
00059.jpg 544 343 180 189 0.84679
00059.jpg 542 342 180 192 0.84577
00059.jpg 542 339 168 177 0.84253
00059.jpg 432 148 65 195 0.84123
00059.jpg 206 141 55 201 0.84062
00059.jpg 542 130 62 218 0.83583
00059.jpg 199 142 70 199 0.83196
00059.jpg 226 110 158 415 0.82853
00059.jpg 544 125 55 227 0.82498
00059.jpg 318 149 33 34 0.82301
00059.jpg 317 149 35 35 0.82301
00059.jpg 232 116 144 391 0.82033
00059.jpg 209 144 47 170 0.81829
00059.jpg 431 151 63 192 0.81672
00059.jpg 204 153 60 187 0.81329
00059.jpg 439 148 57 196 0.81202
00059.jpg 207 141 47 199 0.81021
00059.jpg 542 129 63 221 0.80520
00059.jpg 205 148 59 191 0.80369
00059.jpg 204 141 59 206 0.80350
00059.jpg 435 149 64 199 0.79725
00059.jpg 241 119 139 393 0.79556
00059.jpg 432 147 68 194 0.79499
00059.jpg 544 337 177 202 0.79419
00059.jpg 435 150 62 201 0.78549
00059.jpg 205 153 54 151 0.78286
00059.jpg 539 127 63 226 0.78161
00059.jpg 204 150 60 188 0.78137
00059.jpg 432 148 65 197 0.77608
00059.jpg 323 152 32 40 0.77206
00059.jpg 542 133 63 215 0.77167
00059.jpg 210 147 53 194 0.76922
00059.jpg 543 347 175 185 0.76884
00059.jpg 208 146 48 179 0.76743
00059.jpg 548 333 185 199 0.76724
00059.jpg 317 149 36 42 0.76604
00059.jpg 541 135 63 215 0.76573
00059.jpg 207 147 59 189 0.76371
00059.jpg 318 151 40 39 0.76352
00059.jpg 208 146 59 195 0.76269
00059.jpg 205 149 58 180 0.75072
00059.jpg 231 112 142 421 0.74992
00059.jpg 547 134 62 212 0.74513
00059.jpg 430 150 64 203 0.74425
00059.jpg 318 150 33 41 0.74275
00059.jpg 544 127 67 222 0.74087
00059.jpg 317 151 42 35 0.73044
00059.jpg 241 127 145 383 0.72602
00059.jpg 206 139 65 209 0.71998
00059.jpg 238 125 146 397 0.71806
00059.jpg 427 147 62 194 0.71732
00059.jpg 319 152 36 44 0.71625
00059.jpg 548 127 52 219 0.71421
00059.jpg 206 140 58 198 0.71384
00059.jpg 237 116 143 398 0.71295
00059.jpg 206 130 67 212 0.70934
00059.jpg 228 124 156 367 0.70720
00059.jpg 207 140 63 198 0.70352
00059.jpg 316 147 28 32 0.70162
00059.jpg 549 348 170 170 0.70133
00059.jpg 210 144 52 185 0.70118
00059.jpg 241 104 130 419 0.70049
00059.jpg 541 123 65 231 0.69620
00059.jpg 435 141 65 211 0.69421
00059.jpg 206 146 57 170 0.69195
00059.jpg 547 345 172 184 0.69185
00059.jpg 540 340 180 195 0.68622
00059.jpg 320 151 36 35 0.68596
00059.jpg 232 107 138 412 0.68141
00059.jpg 197 147 72 200 0.68008
00059.jpg 551 342 170 194 0.65652
00059.jpg 225 108 154 400 0.65282
00059.jpg 207 141 55 198 0.65274
00059.jpg 319 148 24 33 0.65164
00059.jpg 219 119 174 400 0.64933
00059.jpg 539 122 68 229 0.64290
00059.jpg 314 151 33 37 0.64230
00059.jpg 436 152 64 196 0.64150
00059.jpg 539 120 66 229 0.64017
00059.jpg 316 152 39 39 0.63686
00059.jpg 211 138 42 211 0.63114
00059.jpg 206 143 63 205 0.62712
00059.jpg 548 339 169 190 0.62396
00059.jpg 315 149 34 32 0.61663
00059.jpg 240 111 147 413 0.61265
00059.jpg 211 146 49 199 0.61242
00059.jpg 198 134 75 211 0.60892
00059.jpg 250 117 138 398 0.60570
00059.jpg 208 145 45 200 0.60513
00059.jpg 207 147 55 195 0.60238
00059.jpg 221 96 156 412 0.59780
00059.jpg 546 134 63 220 0.59560
00059.jpg 230 117 147 380 0.59158
00059.jpg 316 149 34 37 0.58512
00059.jpg 548 123 62 229 0.58302
00059.jpg 316 148 32 32 0.57655
00059.jpg 318 150 40 47 0.57216
00059.jpg 538 131 71 222 0.56825
00059.jpg 244 110 146 388 0.56782
00059.jpg 543 129 67 223 0.56636
00059.jpg 316 148 38 43 0.56162
00059.jpg 542 340 180 192 0.56055
00059.jpg 317 151 35 34 0.55469
00059.jpg 318 149 34 42 0.54670
00059.jpg 547 347 182 185 0.54330
00059.jpg 319 153 40 38 0.54178
00059.jpg 211 147 49 175 0.54142
00059.jpg 315 149 32 34 0.53387
00059.jpg 539 340 201 196 0.53236
00059.jpg 198 147 64 187 0.52433
00059.jpg 318 149 34 39 0.51774
00059.jpg 552 348 169 175 0.51688
00059.jpg 549 344 165 188 0.50822
00059.jpg 202 138 65 211 0.50606
00059.jpg 536 349 193 182 0.50592
00059.jpg 537 342 195 189 0.50103
00059.jpg 319 151 22 24 0.50100
