00069.jpg 299 104 152 390 0.99906
00069.jpg 550 301 200 229 0.99878
00069.jpg 299 101 157 405 0.99875
00069.jpg 537 318 215 221 0.99872
00069.jpg 554 314 202 206 0.99842
00069.jpg 547 316 212 219 0.99822
00069.jpg 546 321 211 195 0.99804
00069.jpg 287 105 162 380 0.99789
00069.jpg 546 315 208 205 0.99781
00069.jpg 256 148 64 201 0.99761
00069.jpg 549 319 204 197 0.99755
00069.jpg 537 316 234 205 0.99754
00069.jpg 548 318 208 213 0.99750
00069.jpg 567 132 54 202 0.99742
00069.jpg 256 139 70 218 0.99707
00069.jpg 547 314 204 221 0.99688
00069.jpg 551 320 203 200 0.99687
00069.jpg 551 309 205 209 0.99683
00069.jpg 542 325 223 214 0.99670
00069.jpg 291 112 168 392 0.99670
00069.jpg 550 320 208 213 0.99660
00069.jpg 545 315 208 223 0.99654
00069.jpg 292 99 168 402 0.99650
00069.jpg 450 148 67 196 0.99578
00069.jpg 294 108 156 385 0.99553
00069.jpg 552 324 197 190 0.99544
00069.jpg 542 314 217 225 0.99535
00069.jpg 564 129 59 213 0.99534
00069.jpg 541 315 206 204 0.99532
00069.jpg 298 111 160 370 0.99521
00069.jpg 261 141 65 219 0.99496
00069.jpg 298 114 156 375 0.99429
00069.jpg 302 98 144 386 0.99424
00069.jpg 541 315 216 224 0.99387
00069.jpg 307 115 143 379 0.99354
00069.jpg 450 149 67 196 0.99308
00069.jpg 253 138 73 218 0.99307
00069.jpg 297 105 142 393 0.99291
00069.jpg 295 110 160 388 0.99290
00069.jpg 557 322 198 197 0.99268
00069.jpg 259 145 71 212 0.99261
00069.jpg 299 100 158 397 0.99236
00069.jpg 565 131 58 212 0.99214
00069.jpg 449 156 69 191 0.99200
00069.jpg 565 126 61 214 0.99184
00069.jpg 288 99 171 397 0.99168
00069.jpg 552 301 201 238 0.99141
00069.jpg 304 102 144 404 0.99121
00069.jpg 260 144 63 209 0.99115
00069.jpg 554 313 207 220 0.99105
00069.jpg 567 125 57 217 0.99103
00069.jpg 297 96 136 404 0.99095
00069.jpg 299 117 138 375 0.99066
00069.jpg 300 100 143 390 0.98993
00069.jpg 452 150 70 196 0.98993
00069.jpg 549 324 209 202 0.98965
00069.jpg 544 315 209 217 0.98880
00069.jpg 451 150 69 195 0.98877
00069.jpg 298 101 153 402 0.98871
00069.jpg 259 147 60 210 0.98869
00069.jpg 549 312 204 226 0.98845
00069.jpg 541 319 220 216 0.98810
00069.jpg 564 130 62 208 0.98801
00069.jpg 305 108 149 379 0.98760
00069.jpg 550 307 208 230 0.98756
00069.jpg 567 126 56 219 0.98745
00069.jpg 450 150 68 196 0.98725
00069.jpg 551 320 199 206 0.98714
00069.jpg 296 106 153 382 0.98712
00069.jpg 539 313 218 220 0.98641
00069.jpg 258 141 66 217 0.98629
00069.jpg 257 138 68 218 0.98608
00069.jpg 447 155 71 187 0.98590
00069.jpg 444 150 74 197 0.98575
00069.jpg 549 307 205 222 0.98572
00069.jpg 448 149 72 197 0.98499
00069.jpg 255 133 65 222 0.98493
00069.jpg 450 146 62 199 0.98479
00069.jpg 289 97 158 398 0.98456
00069.jpg 565 125 58 220 0.98441
00069.jpg 301 102 151 414 0.98372
00069.jpg 303 108 153 382 0.98366
00069.jpg 541 317 224 220 0.98318
00069.jpg 447 156 71 188 0.98300
00069.jpg 300 106 151 393 0.98277
00069.jpg 541 304 215 235 0.98232
00069.jpg 253 145 69 208 0.98116
00069.jpg 450 152 69 195 0.98113
00069.jpg 451 150 62 193 0.98072
00069.jpg 566 127 58 223 0.98042
00069.jpg 452 146 63 204 0.97960
00069.jpg 550 320 212 210 0.97889
00069.jpg 258 145 64 210 0.97843
00069.jpg 549 321 210 202 0.97836
00069.jpg 450 148 70 197 0.97831
00069.jpg 295 99 150 406 0.97828
00069.jpg 293 110 160 380 0.97802
00069.jpg 298 109 154 399 0.97791
00069.jpg 544 322 216 211 0.97767
00069.jpg 546 320 214 214 0.97752
00069.jpg 255 139 70 217 0.97747
00069.jpg 298 112 154 378 0.97739
00069.jpg 451 144 66 202 0.97706
00069.jpg 543 321 214 217 0.97693
00069.jpg 294 106 154 383 0.97653
00069.jpg 256 135 74 231 0.97576
00069.jpg 251 142 75 208 0.97452
00069.jpg 565 135 59 199 0.97425
00069.jpg 259 144 72 208 0.97398
00069.jpg 563 135 64 201 0.97350
00069.jpg 255 137 71 216 0.97298
00069.jpg 564 129 62 211 0.97296
00069.jpg 450 150 67 195 0.97264
00069.jpg 453 155 67 189 0.97223
00069.jpg 548 310 207 215 0.97210
00069.jpg 453 149 61 200 0.97184
00069.jpg 447 149 74 193 0.97011
00069.jpg 451 147 68 198 0.96990
00069.jpg 566 128 60 208 0.96919
00069.jpg 561 124 65 220 0.96917
00069.jpg 251 144 77 209 0.96834
00069.jpg 551 307 190 225 0.96806
00069.jpg 258 140 67 222 0.96789
00069.jpg 446 156 75 191 0.96749
00069.jpg 452 148 67 199 0.96713
00069.jpg 533 318 232 213 0.96601
00069.jpg 450 149 71 191 0.96593
00069.jpg 540 323 227 213 0.96483
00069.jpg 255 145 68 210 0.96435
00069.jpg 452 147 63 202 0.96361
00069.jpg 451 154 69 192 0.96351
00069.jpg 564 127 61 215 0.96285
00069.jpg 256 139 69 218 0.96265
00069.jpg 453 154 64 184 0.96133
00069.jpg 450 148 69 195 0.96123
00069.jpg 566 123 62 221 0.96120
00069.jpg 567 126 56 213 0.96101
00069.jpg 257 145 71 210 0.96099
00069.jpg 299 104 155 393 0.95965
00069.jpg 551 315 207 211 0.95962
00069.jpg 566 119 60 230 0.95924
00069.jpg 450 154 68 187 0.95680
00069.jpg 544 319 205 212 0.95649
00069.jpg 254 140 74 211 0.95581
00069.jpg 541 303 210 220 0.95539
00069.jpg 251 140 80 218 0.95488
00069.jpg 450 151 68 200 0.95398
00069.jpg 542 311 211 210 0.95360
00069.jpg 567 132 60 207 0.95307
00069.jpg 538 313 212 216 0.95286
00069.jpg 255 141 71 215 0.95189
00069.jpg 569 129 55 210 0.95174
00069.jpg 255 138 68 219 0.95105
00069.jpg 296 100 142 388 0.95098
00069.jpg 258 145 66 209 0.95080
00069.jpg 567 131 56 205 0.95033
00069.jpg 451 148 66 201 0.95022
00069.jpg 300 112 149 385 0.95013
00069.jpg 256 140 73 222 0.94959
00069.jpg 562 125 60 222 0.94900
00069.jpg 542 304 212 234 0.94882
00069.jpg 566 130 64 206 0.94800
00069.jpg 551 318 201 217 0.94705
00069.jpg 254 144 72 208 0.94591
00069.jpg 303 100 148 406 0.94571
00069.jpg 452 157 66 194 0.94359
00069.jpg 302 91 154 412 0.94289
00069.jpg 254 146 71 209 0.94267
00069.jpg 252 146 76 221 0.94179
00069.jpg 565 121 56 219 0.93847
00069.jpg 253 144 74 209 0.93789
00069.jpg 565 132 57 205 0.93776
00069.jpg 549 316 209 223 0.93701
00069.jpg 533 308 219 217 0.93645
00069.jpg 540 317 224 212 0.93557
00069.jpg 561 315 189 207 0.93548
00069.jpg 541 315 203 214 0.93314
00069.jpg 303 107 140 366 0.93269
00069.jpg 562 130 62 208 0.93095
00069.jpg 546 316 207 213 0.93060
00069.jpg 565 125 56 216 0.92673
00069.jpg 542 311 223 228 0.92617
00069.jpg 567 115 57 232 0.92574
00069.jpg 568 129 59 206 0.92549
00069.jpg 568 130 59 211 0.92390
00069.jpg 547 309 203 219 0.92206
00069.jpg 565 128 59 201 0.92182
00069.jpg 452 147 67 205 0.92164
00069.jpg 445 147 73 200 0.91751
00069.jpg 306 97 140 406 0.91687
00069.jpg 294 99 154 392 0.91620
00069.jpg 302 102 142 394 0.91457
00069.jpg 448 149 70 195 0.91385
00069.jpg 561 131 63 208 0.91364
00069.jpg 300 95 151 406 0.91297
00069.jpg 256 145 65 205 0.91133
00069.jpg 254 142 72 215 0.90855
00069.jpg 298 105 151 392 0.90822
00069.jpg 449 149 69 193 0.90805
00069.jpg 450 148 68 200 0.90395
00069.jpg 565 127 60 209 0.90335
00069.jpg 540 310 217 222 0.90236
00069.jpg 258 150 71 207 0.90027
00069.jpg 564 125 63 209 0.89894
00069.jpg 254 145 70 209 0.89820
00069.jpg 292 110 151 393 0.89788
00069.jpg 295 103 155 397 0.89584
00069.jpg 538 318 224 216 0.89461
00069.jpg 562 121 63 220 0.89389
00069.jpg 304 113 145 379 0.89071
00069.jpg 547 318 216 217 0.89023
00069.jpg 254 141 73 212 0.88708
00069.jpg 448 150 68 196 0.88404
00069.jpg 254 145 71 212 0.88302
00069.jpg 448 148 75 198 0.87734
00069.jpg 566 124 55 217 0.87704
00069.jpg 563 128 61 213 0.87575
00069.jpg 565 135 62 204 0.87553
00069.jpg 249 144 84 209 0.87478
00069.jpg 260 144 60 213 0.87397
00069.jpg 451 153 63 194 0.87242
00069.jpg 257 143 67 213 0.87190
00069.jpg 448 145 73 197 0.87138
00069.jpg 448 154 71 196 0.86950
00069.jpg 305 111 150 395 0.86883
00069.jpg 568 125 54 218 0.86697
00069.jpg 303 111 145 379 0.85805
00069.jpg 562 122 58 224 0.85480
00069.jpg 295 106 154 379 0.85027
00069.jpg 255 143 66 208 0.84951
00069.jpg 249 142 76 210 0.84324
00069.jpg 564 124 64 218 0.83842
00069.jpg 256 150 71 203 0.83805
00069.jpg 562 130 64 206 0.83764
00069.jpg 546 308 195 215 0.82659
00069.jpg 257 141 66 219 0.82458
00069.jpg 562 126 66 219 0.81719
00069.jpg 549 314 219 223 0.81328
00069.jpg 444 144 73 205 0.81282
00069.jpg 308 106 137 381 0.80482
00069.jpg 255 137 71 224 0.80435
00069.jpg 451 149 68 193 0.80339
00069.jpg 253 144 68 213 0.80142
00069.jpg 565 128 56 216 0.80084
00069.jpg 543 311 193 217 0.80074
00069.jpg 542 313 207 215 0.80074
00069.jpg 552 312 203 227 0.80041
00069.jpg 254 142 70 211 0.80019
00069.jpg 533 314 231 225 0.79922
00069.jpg 254 136 74 223 0.79491
00069.jpg 255 147 73 208 0.79146
00069.jpg 289 98 169 379 0.78964
00069.jpg 289 99 158 392 0.78755
00069.jpg 452 141 65 216 0.77434
00069.jpg 567 306 194 226 0.76741
00069.jpg 564 130 58 208 0.76643
00069.jpg 294 104 168 390 0.76406
00069.jpg 256 145 69 210 0.74984
00069.jpg 288 110 169 373 0.74317
00069.jpg 544 321 207 196 0.72720
00069.jpg 539 310 212 227 0.72516
00069.jpg 563 130 62 209 0.72089
00069.jpg 299 112 146 382 0.71295
00069.jpg 446 146 70 206 0.70284
00069.jpg 563 124 66 218 0.70227
00069.jpg 292 109 164 396 0.69824
00069.jpg 568 130 56 211 0.68862
00069.jpg 552 314 203 222 0.68637
00069.jpg 565 129 60 210 0.68116
00069.jpg 561 125 68 226 0.67864
00069.jpg 450 147 66 199 0.66364
00069.jpg 562 130 59 208 0.66321
00069.jpg 252 132 78 228 0.65951
00069.jpg 303 116 151 379 0.62155
00069.jpg 543 323 205 187 0.60865
00069.jpg 546 306 205 229 0.60730
00069.jpg 564 128 61 208 0.59718
00069.jpg 310 116 135 357 0.58395
00069.jpg 259 151 67 202 0.57971
00069.jpg 448 148 68 195 0.57343
00069.jpg 564 133 55 203 0.56896
00069.jpg 296 114 155 378 0.56236
00069.jpg 455 148 59 198 0.55189
00069.jpg 565 129 63 207 0.54211
00069.jpg 568 126 57 206 0.53659
00069.jpg 441 141 82 208 0.52779
00069.jpg 443 151 65 191 0.52149
00069.jpg 551 322 197 208 0.52006
00069.jpg 313 111 127 374 0.51974
00069.jpg 257 140 71 223 0.51780
00069.jpg 440 152 83 200 0.51547
00069.jpg 449 149 70 205 0.51540
00069.jpg 251 144 72 212 0.50859
00069.jpg 452 150 63 191 0.50811
00069.jpg 281 116 175 382 0.50052
