00070.jpg 554 304 199 220 0.99868
00070.jpg 260 138 65 218 0.99830
00070.jpg 298 105 172 387 0.99810
00070.jpg 551 294 211 236 0.99806
00070.jpg 305 102 162 390 0.99769
00070.jpg 299 100 164 404 0.99742
00070.jpg 544 285 214 229 0.99736
00070.jpg 302 105 155 386 0.99697
00070.jpg 307 111 148 369 0.99690
00070.jpg 553 295 198 233 0.99687
00070.jpg 545 290 217 236 0.99668
00070.jpg 453 150 66 192 0.99663
00070.jpg 260 139 69 219 0.99659
00070.jpg 302 115 152 378 0.99652
00070.jpg 259 134 73 222 0.99651
00070.jpg 558 300 198 234 0.99642
00070.jpg 258 143 70 213 0.99624
00070.jpg 302 102 152 402 0.99562
00070.jpg 549 305 204 220 0.99503
00070.jpg 308 111 154 380 0.99502
00070.jpg 307 116 147 376 0.99490
00070.jpg 261 145 70 217 0.99488
00070.jpg 452 150 67 196 0.99484
00070.jpg 301 109 162 385 0.99471
00070.jpg 549 296 210 222 0.99465
00070.jpg 314 112 135 391 0.99444
00070.jpg 302 117 158 369 0.99436
00070.jpg 569 130 54 184 0.99409
00070.jpg 451 146 70 197 0.99400
00070.jpg 302 109 160 386 0.99387
00070.jpg 259 142 66 218 0.99380
00070.jpg 453 152 65 191 0.99348
00070.jpg 312 102 145 386 0.99325
00070.jpg 259 148 67 212 0.99297
00070.jpg 302 110 150 392 0.99294
00070.jpg 556 299 191 232 0.99287
00070.jpg 451 147 66 199 0.99256
00070.jpg 565 293 185 222 0.99255
00070.jpg 260 147 70 208 0.99246
00070.jpg 255 142 80 221 0.99241
00070.jpg 453 148 66 194 0.99237
00070.jpg 306 108 148 387 0.99216
00070.jpg 456 150 64 191 0.99183
00070.jpg 566 128 60 188 0.99171
00070.jpg 253 140 75 225 0.99160
00070.jpg 294 97 169 399 0.99142
00070.jpg 262 144 68 219 0.99133
00070.jpg 308 111 145 362 0.99116
00070.jpg 554 287 198 225 0.99082
00070.jpg 550 302 208 219 0.99081
00070.jpg 546 303 205 224 0.99076
00070.jpg 258 133 74 224 0.99066
00070.jpg 257 136 72 223 0.99034
00070.jpg 452 156 71 185 0.99026
00070.jpg 554 295 199 218 0.99002
00070.jpg 550 303 202 225 0.98995
00070.jpg 571 122 56 196 0.98988
00070.jpg 456 149 59 201 0.98976
00070.jpg 544 301 214 234 0.98970
00070.jpg 551 306 210 226 0.98953
00070.jpg 256 143 75 217 0.98944
00070.jpg 258 136 68 225 0.98944
00070.jpg 567 126 60 186 0.98932
00070.jpg 450 145 67 199 0.98930
00070.jpg 546 297 209 223 0.98922
00070.jpg 299 102 161 415 0.98917
00070.jpg 265 145 62 210 0.98906
00070.jpg 545 297 215 225 0.98877
00070.jpg 543 298 219 230 0.98874
00070.jpg 565 127 60 191 0.98828
00070.jpg 257 134 72 228 0.98815
00070.jpg 314 103 136 394 0.98808
00070.jpg 545 306 210 221 0.98786
00070.jpg 543 302 224 222 0.98670
00070.jpg 454 149 64 193 0.98646
00070.jpg 452 148 69 203 0.98636
00070.jpg 537 298 222 213 0.98631
00070.jpg 552 299 207 228 0.98613
00070.jpg 263 136 68 228 0.98613
00070.jpg 546 304 213 226 0.98589
00070.jpg 455 152 65 194 0.98567
00070.jpg 566 126 58 195 0.98533
00070.jpg 549 306 206 222 0.98523
00070.jpg 453 150 67 193 0.98523
00070.jpg 458 153 61 195 0.98474
00070.jpg 255 141 70 218 0.98452
00070.jpg 541 309 214 218 0.98451
00070.jpg 259 145 66 219 0.98423
00070.jpg 551 296 207 236 0.98410
00070.jpg 311 111 138 386 0.98376
00070.jpg 257 140 71 218 0.98366
00070.jpg 539 304 222 226 0.98360
00070.jpg 546 303 207 230 0.98331
00070.jpg 566 130 59 177 0.98303
00070.jpg 547 298 206 218 0.98301
00070.jpg 264 136 62 221 0.98267
00070.jpg 261 145 68 211 0.98265
00070.jpg 452 155 68 193 0.98255
00070.jpg 547 303 208 226 0.98184
00070.jpg 544 296 214 237 0.98178
00070.jpg 552 299 208 230 0.98165
00070.jpg 259 144 71 214 0.98159
00070.jpg 550 305 204 225 0.98142
00070.jpg 453 149 67 193 0.98115
00070.jpg 557 305 197 230 0.98109
00070.jpg 454 148 66 195 0.98107
00070.jpg 258 141 69 222 0.98060
00070.jpg 300 111 158 381 0.98033
00070.jpg 256 146 73 204 0.98031
00070.jpg 567 131 61 181 0.98019
00070.jpg 567 127 55 195 0.98007
00070.jpg 256 137 74 226 0.98005
00070.jpg 257 143 70 218 0.97981
00070.jpg 451 147 68 198 0.97867
00070.jpg 456 152 61 196 0.97848
00070.jpg 553 300 204 220 0.97830
00070.jpg 568 132 56 182 0.97773
00070.jpg 567 129 58 177 0.97751
00070.jpg 454 150 63 199 0.97693
00070.jpg 549 304 214 209 0.97673
00070.jpg 567 130 58 183 0.97656
00070.jpg 258 142 69 220 0.97611
00070.jpg 304 106 149 401 0.97604
00070.jpg 452 147 69 202 0.97523
00070.jpg 260 140 73 220 0.97480
00070.jpg 303 108 160 390 0.97445
00070.jpg 261 140 66 220 0.97443
00070.jpg 546 307 215 219 0.97422
00070.jpg 544 302 217 229 0.97392
00070.jpg 547 305 202 227 0.97344
00070.jpg 457 150 64 193 0.97343
00070.jpg 457 148 61 203 0.97292
00070.jpg 569 130 59 185 0.97066
00070.jpg 552 299 194 213 0.96988
00070.jpg 451 155 67 191 0.96953
00070.jpg 552 308 209 219 0.96755
00070.jpg 456 151 62 193 0.96743
00070.jpg 565 128 62 181 0.96622
00070.jpg 549 307 217 198 0.96495
00070.jpg 449 149 69 198 0.96458
00070.jpg 543 303 229 232 0.96455
00070.jpg 562 124 58 198 0.96439
00070.jpg 554 295 205 215 0.96379
00070.jpg 307 112 145 386 0.96369
00070.jpg 457 147 60 203 0.96362
00070.jpg 297 105 164 401 0.96360
00070.jpg 258 141 75 218 0.96274
00070.jpg 548 302 215 228 0.96131
00070.jpg 551 299 213 228 0.96109
00070.jpg 260 144 63 214 0.96015
00070.jpg 302 102 157 393 0.95793
00070.jpg 547 301 218 234 0.95635
00070.jpg 257 142 73 219 0.95572
00070.jpg 563 120 58 203 0.95565
00070.jpg 556 299 194 235 0.95530
00070.jpg 566 132 59 171 0.95508
00070.jpg 258 138 71 223 0.95324
00070.jpg 558 286 190 238 0.95246
00070.jpg 549 297 198 240 0.95079
00070.jpg 568 125 56 202 0.95037
00070.jpg 258 144 64 219 0.95010
00070.jpg 547 309 205 216 0.94904
00070.jpg 456 142 63 208 0.94890
00070.jpg 261 152 71 201 0.94882
00070.jpg 452 155 64 190 0.94870
00070.jpg 299 108 157 395 0.94867
00070.jpg 313 113 139 399 0.94811
00070.jpg 454 148 67 194 0.94618
00070.jpg 549 289 220 232 0.94561
00070.jpg 261 140 71 218 0.94521
00070.jpg 258 138 77 223 0.94462
00070.jpg 567 126 63 177 0.94450
00070.jpg 454 150 63 198 0.94332
00070.jpg 299 98 160 407 0.94258
00070.jpg 455 152 66 193 0.94241
00070.jpg 306 114 156 384 0.94232
00070.jpg 308 103 152 398 0.94167
00070.jpg 305 106 152 387 0.94055
00070.jpg 550 300 209 224 0.93941
00070.jpg 552 306 212 220 0.93905
00070.jpg 543 297 217 231 0.93870
00070.jpg 257 139 70 222 0.93821
00070.jpg 565 128 63 187 0.93788
00070.jpg 305 105 159 386 0.93745
00070.jpg 557 296 198 231 0.93571
00070.jpg 452 152 72 188 0.93543
00070.jpg 541 295 232 216 0.93527
00070.jpg 257 137 74 223 0.93508
00070.jpg 565 135 56 176 0.93390
00070.jpg 570 130 59 189 0.93255
00070.jpg 561 129 63 185 0.93227
00070.jpg 259 141 70 220 0.93215
00070.jpg 566 128 60 183 0.92942
00070.jpg 567 129 60 177 0.92859
00070.jpg 554 308 200 223 0.92782
00070.jpg 550 299 205 237 0.92629
00070.jpg 260 137 71 226 0.92573
00070.jpg 258 149 73 209 0.92423
00070.jpg 304 92 161 420 0.92367
00070.jpg 568 123 59 193 0.92258
00070.jpg 256 145 77 213 0.92027
00070.jpg 567 129 59 180 0.92023
00070.jpg 450 153 61 187 0.91944
00070.jpg 561 128 67 200 0.91856
00070.jpg 542 297 214 228 0.91810
00070.jpg 540 297 229 232 0.91803
00070.jpg 309 110 153 424 0.91680
00070.jpg 452 143 67 205 0.91295
00070.jpg 309 110 148 391 0.91151
00070.jpg 298 118 158 375 0.90871
00070.jpg 452 148 64 199 0.90823
00070.jpg 260 140 73 221 0.90598
00070.jpg 460 145 61 202 0.90055
00070.jpg 294 118 166 363 0.89990
00070.jpg 259 138 66 223 0.89925
00070.jpg 548 294 208 239 0.89791
00070.jpg 552 295 210 221 0.89777
00070.jpg 450 148 64 192 0.89338
00070.jpg 257 141 74 222 0.89202
00070.jpg 562 123 62 198 0.89178
00070.jpg 549 307 213 218 0.89111
00070.jpg 253 141 75 223 0.88874
00070.jpg 565 125 64 193 0.88866
00070.jpg 567 127 57 188 0.88395
00070.jpg 554 301 204 231 0.88258
00070.jpg 546 294 212 220 0.88252
00070.jpg 261 140 66 221 0.88073
00070.jpg 562 120 65 203 0.88037
00070.jpg 567 133 63 178 0.87912
00070.jpg 290 114 176 399 0.87845
00070.jpg 554 302 195 234 0.87765
00070.jpg 565 122 60 189 0.87719
00070.jpg 309 107 148 382 0.87523
00070.jpg 564 123 60 196 0.87357
00070.jpg 567 128 56 184 0.87146
00070.jpg 459 146 62 198 0.86721
00070.jpg 255 143 71 212 0.86563
00070.jpg 261 141 70 219 0.86428
00070.jpg 301 106 159 396 0.85752
00070.jpg 457 151 66 196 0.85384
00070.jpg 452 149 65 200 0.84917
00070.jpg 255 143 70 213 0.84863
00070.jpg 561 126 65 200 0.83898
00070.jpg 450 141 74 205 0.83614
00070.jpg 260 141 66 221 0.83267
00070.jpg 564 125 59 195 0.83073
00070.jpg 291 109 165 392 0.82889
00070.jpg 570 130 55 180 0.82270
00070.jpg 548 306 204 221 0.82122
00070.jpg 566 125 58 181 0.81868
00070.jpg 453 143 62 210 0.81050
00070.jpg 566 133 63 179 0.81048
00070.jpg 550 288 198 247 0.80521
00070.jpg 564 117 61 208 0.80489
00070.jpg 538 296 226 230 0.80140
00070.jpg 309 104 148 397 0.79241
00070.jpg 258 147 72 200 0.79088
00070.jpg 453 151 62 195 0.78739
00070.jpg 452 148 68 200 0.78410
00070.jpg 257 141 71 223 0.77973
00070.jpg 297 98 166 404 0.75310
00070.jpg 550 306 205 225 0.75240
00070.jpg 565 124 62 177 0.75013
00070.jpg 454 148 70 198 0.74521
00070.jpg 450 149 77 200 0.74504
00070.jpg 562 126 59 185 0.73101
00070.jpg 567 127 64 170 0.72938
00070.jpg 454 149 63 198 0.72133
00070.jpg 455 150 69 195 0.71220
00070.jpg 565 127 58 196 0.71097
00070.jpg 566 131 55 183 0.70941
00070.jpg 258 145 69 211 0.70588
00070.jpg 554 307 199 227 0.70490
00070.jpg 550 290 208 244 0.70018
00070.jpg 566 120 60 224 0.69787
00070.jpg 453 149 65 191 0.69767
00070.jpg 455 142 58 207 0.69503
00070.jpg 258 141 64 217 0.69464
00070.jpg 549 289 208 237 0.69050
00070.jpg 260 142 68 220 0.66230
00070.jpg 449 150 63 202 0.63202
00070.jpg 322 95 145 388 0.62667
00070.jpg 552 300 194 236 0.59946
00070.jpg 258 146 68 209 0.59717
00070.jpg 561 129 67 162 0.59665
00070.jpg 559 129 63 183 0.59473
00070.jpg 559 130 61 179 0.59191
00070.jpg 255 146 78 206 0.59187
00070.jpg 300 81 156 431 0.58424
00070.jpg 257 149 73 206 0.57508
00070.jpg 573 125 50 169 0.57096
00070.jpg 457 134 68 212 0.56723
00070.jpg 569 133 55 189 0.56597
00070.jpg 556 308 194 220 0.56521
00070.jpg 570 125 59 194 0.55134
00070.jpg 565 128 53 188 0.54809
00070.jpg 448 144 70 196 0.53712
00070.jpg 256 148 80 210 0.53362
00070.jpg 574 128 52 168 0.52135
00070.jpg 453 148 73 209 0.51971
00070.jpg 460 146 59 200 0.50377
00070.jpg 298 112 150 368 0.50167
00070.jpg 556 289 208 240 0.50008
00070.jpg 540 303 221 230 0.49993
