00079.jpg 401 104 126 365 0.99852
00079.jpg 540 184 221 339 0.99850
00079.jpg 391 103 139 378 0.99829
00079.jpg 271 140 77 223 0.99828
00079.jpg 400 97 130 382 0.99814
00079.jpg 530 192 228 321 0.99771
00079.jpg 541 189 214 346 0.99730
00079.jpg 541 183 220 332 0.99704
00079.jpg 274 145 67 213 0.99689
00079.jpg 337 156 43 147 0.99666
00079.jpg 531 184 242 330 0.99657
00079.jpg 529 196 232 315 0.99577
00079.jpg 396 114 136 360 0.99575
00079.jpg 274 141 70 218 0.99550
00079.jpg 275 138 68 215 0.99548
00079.jpg 400 90 129 397 0.99542
00079.jpg 538 183 234 343 0.99527
00079.jpg 276 138 67 211 0.99490
00079.jpg 271 146 72 208 0.99487
00079.jpg 546 187 215 318 0.99419
00079.jpg 397 114 139 356 0.99405
00079.jpg 534 192 234 322 0.99361
00079.jpg 537 196 223 321 0.99350
00079.jpg 272 141 69 214 0.99344
00079.jpg 395 112 138 361 0.99328
00079.jpg 280 150 61 203 0.99318
00079.jpg 393 117 141 355 0.99313
00079.jpg 273 137 68 219 0.99290
00079.jpg 541 192 220 328 0.99280
00079.jpg 542 192 224 329 0.99264
00079.jpg 397 108 137 372 0.99221
00079.jpg 545 191 205 334 0.99215
00079.jpg 399 119 133 356 0.99207
00079.jpg 276 148 66 201 0.99193
00079.jpg 541 188 228 334 0.99177
00079.jpg 333 151 54 154 0.99169
00079.jpg 539 181 221 342 0.99144
00079.jpg 533 189 229 328 0.99122
00079.jpg 539 193 218 326 0.99041
00079.jpg 336 154 46 150 0.99008
00079.jpg 554 188 212 331 0.99003
00079.jpg 273 147 71 209 0.98988
00079.jpg 401 111 135 359 0.98926
00079.jpg 401 110 129 363 0.98925
00079.jpg 398 112 140 366 0.98920
00079.jpg 397 103 136 375 0.98883
00079.jpg 276 143 65 216 0.98852
00079.jpg 536 198 235 313 0.98788
00079.jpg 394 105 134 377 0.98783
00079.jpg 339 154 43 151 0.98780
00079.jpg 276 147 66 211 0.98737
00079.jpg 538 184 227 333 0.98685
00079.jpg 398 111 135 364 0.98662
00079.jpg 276 142 67 215 0.98615
00079.jpg 273 140 68 217 0.98596
00079.jpg 334 148 50 155 0.98593
00079.jpg 340 157 44 147 0.98560
00079.jpg 406 105 126 376 0.98528
00079.jpg 542 180 222 330 0.98455
00079.jpg 397 110 135 369 0.98452
00079.jpg 403 113 122 350 0.98418
00079.jpg 540 171 226 355 0.98392
00079.jpg 543 190 213 327 0.98363
00079.jpg 574 126 62 131 0.98345
00079.jpg 278 139 63 224 0.98235
00079.jpg 542 193 218 324 0.98228
00079.jpg 396 112 136 370 0.98218
00079.jpg 337 153 45 151 0.98212
00079.jpg 401 103 135 375 0.98129
00079.jpg 395 104 135 377 0.98100
00079.jpg 574 132 63 129 0.98075
00079.jpg 276 146 64 213 0.98072
00079.jpg 399 119 128 350 0.98028
00079.jpg 574 125 62 139 0.98025
00079.jpg 576 127 63 138 0.98005
00079.jpg 275 147 70 208 0.98001
00079.jpg 575 126 61 135 0.97837
00079.jpg 275 146 69 207 0.97761
00079.jpg 277 144 62 209 0.97752
00079.jpg 397 109 141 373 0.97596
00079.jpg 337 153 44 151 0.97521
00079.jpg 337 151 42 153 0.97520
00079.jpg 396 106 136 381 0.97514
00079.jpg 394 111 132 360 0.97475
00079.jpg 275 142 69 220 0.97453
00079.jpg 578 132 57 127 0.97430
00079.jpg 273 133 70 232 0.97356
00079.jpg 338 154 45 150 0.97290
00079.jpg 275 148 67 200 0.97195
00079.jpg 334 157 49 144 0.97178
00079.jpg 399 112 125 357 0.97146
00079.jpg 274 135 68 220 0.97136
00079.jpg 540 203 227 322 0.97108
00079.jpg 578 124 54 138 0.97086
00079.jpg 541 200 216 328 0.97022
00079.jpg 579 127 60 130 0.96963
00079.jpg 272 139 69 218 0.96893
00079.jpg 276 144 67 215 0.96834
00079.jpg 404 100 131 381 0.96826
00079.jpg 336 151 48 153 0.96819
00079.jpg 573 131 62 131 0.96814
00079.jpg 575 126 63 135 0.96801
00079.jpg 402 112 137 363 0.96744
00079.jpg 552 194 208 321 0.96712
00079.jpg 273 146 66 210 0.96668
00079.jpg 573 128 62 130 0.96619
00079.jpg 392 103 143 379 0.96540
00079.jpg 276 142 66 217 0.96461
00079.jpg 405 109 125 359 0.96442
00079.jpg 272 140 66 222 0.96436
00079.jpg 275 160 71 182 0.96395
00079.jpg 335 153 47 153 0.96352
00079.jpg 576 122 65 140 0.96284
00079.jpg 338 157 42 148 0.96113
00079.jpg 336 153 46 151 0.95897
00079.jpg 576 126 61 137 0.95895
00079.jpg 535 200 226 324 0.95753
00079.jpg 574 124 62 134 0.95698
00079.jpg 407 110 122 356 0.95636
00079.jpg 276 146 68 202 0.95624
00079.jpg 336 151 48 152 0.95526
00079.jpg 273 148 70 204 0.95398
00079.jpg 578 127 60 137 0.95309
00079.jpg 274 141 68 216 0.95254
00079.jpg 388 106 143 369 0.95204
00079.jpg 276 138 68 213 0.95172
00079.jpg 579 127 54 135 0.95035
00079.jpg 400 110 132 369 0.95012
00079.jpg 278 139 63 221 0.95008
00079.jpg 272 145 75 209 0.94774
00079.jpg 575 127 58 138 0.94693
00079.jpg 576 122 63 134 0.94690
00079.jpg 543 205 223 313 0.94639
00079.jpg 275 140 67 218 0.94560
00079.jpg 398 104 133 381 0.94463
00079.jpg 549 204 219 290 0.94303
00079.jpg 335 148 47 157 0.94245
00079.jpg 573 129 60 129 0.94048
00079.jpg 272 150 70 195 0.93978
00079.jpg 339 158 43 144 0.93953
00079.jpg 397 113 137 357 0.93907
00079.jpg 576 134 65 121 0.93807
00079.jpg 335 157 44 147 0.93650
00079.jpg 274 149 67 205 0.93483
00079.jpg 338 150 44 156 0.93195
00079.jpg 579 132 61 123 0.93118
00079.jpg 536 195 230 319 0.93110
00079.jpg 397 110 143 352 0.92890
00079.jpg 336 155 43 147 0.92789
00079.jpg 578 123 61 136 0.92647
00079.jpg 578 126 58 138 0.92581
00079.jpg 278 144 66 210 0.92517
00079.jpg 397 107 141 371 0.92469
00079.jpg 547 193 217 324 0.92410
00079.jpg 576 128 59 134 0.92405
00079.jpg 574 128 66 131 0.92397
00079.jpg 544 196 214 319 0.92224
00079.jpg 401 108 130 358 0.92087
00079.jpg 577 125 61 130 0.92079
00079.jpg 576 126 62 137 0.91983
00079.jpg 336 153 48 152 0.91963
00079.jpg 272 151 70 199 0.91960
00079.jpg 334 157 49 140 0.91875
00079.jpg 540 195 219 331 0.91861
00079.jpg 574 123 65 139 0.91393
00079.jpg 396 114 138 367 0.91244
00079.jpg 274 137 70 219 0.91161
00079.jpg 550 185 213 327 0.91147
00079.jpg 550 206 208 302 0.91081
00079.jpg 578 129 60 135 0.90723
00079.jpg 335 154 48 150 0.90213
00079.jpg 399 108 129 373 0.90029
00079.jpg 578 126 57 136 0.89886
00079.jpg 574 127 63 135 0.89686
00079.jpg 547 179 208 347 0.89652
00079.jpg 580 123 59 143 0.89603
00079.jpg 542 187 202 319 0.89234
00079.jpg 401 96 130 383 0.89222
00079.jpg 279 143 69 212 0.89018
00079.jpg 546 200 215 313 0.89014
00079.jpg 274 148 66 205 0.88817
00079.jpg 577 127 61 137 0.88691
00079.jpg 336 152 45 148 0.88691
00079.jpg 575 131 60 127 0.88629
00079.jpg 395 104 141 376 0.88380
00079.jpg 275 144 69 204 0.88193
00079.jpg 336 157 41 151 0.88114
00079.jpg 577 127 57 137 0.87841
00079.jpg 276 145 67 211 0.87689
00079.jpg 398 108 138 372 0.87438
00079.jpg 578 124 56 140 0.87323
00079.jpg 334 153 48 153 0.87242
00079.jpg 271 145 73 211 0.87010
00079.jpg 341 153 44 151 0.86881
00079.jpg 332 155 50 148 0.86656
00079.jpg 334 157 44 151 0.86503
00079.jpg 336 157 46 143 0.86261
00079.jpg 335 154 50 150 0.85983
00079.jpg 533 199 232 319 0.85956
00079.jpg 401 103 123 364 0.85896
00079.jpg 579 127 57 136 0.85726
00079.jpg 578 128 61 130 0.85278
00079.jpg 575 125 64 134 0.85231
00079.jpg 578 127 65 129 0.85207
00079.jpg 548 198 210 320 0.84965
00079.jpg 405 111 130 336 0.84310
00079.jpg 543 188 211 328 0.84198
00079.jpg 580 131 61 129 0.84122
00079.jpg 571 133 61 129 0.83722
00079.jpg 397 110 133 349 0.83646
00079.jpg 550 190 218 317 0.83158
00079.jpg 576 127 63 126 0.83154
00079.jpg 336 155 41 145 0.82947
00079.jpg 541 195 215 334 0.81634
00079.jpg 392 101 143 379 0.80880
00079.jpg 395 105 141 376 0.80752
00079.jpg 399 115 135 358 0.80713
00079.jpg 545 200 214 325 0.80328
00079.jpg 538 200 215 311 0.80146
00079.jpg 335 156 44 143 0.80010
00079.jpg 275 139 61 223 0.79890
00079.jpg 530 196 251 314 0.79451
00079.jpg 402 99 148 358 0.78755
00079.jpg 572 131 63 136 0.78288
00079.jpg 577 127 61 150 0.78270
00079.jpg 393 106 158 365 0.77751
00079.jpg 579 126 60 127 0.77305
00079.jpg 576 127 60 132 0.77206
00079.jpg 405 117 119 350 0.77163
00079.jpg 275 140 71 221 0.77028
00079.jpg 548 201 196 319 0.76850
00079.jpg 277 143 58 211 0.76708
00079.jpg 577 121 61 154 0.76651
00079.jpg 405 111 130 359 0.76464
00079.jpg 575 124 64 133 0.76389
00079.jpg 270 149 71 209 0.75969
00079.jpg 395 114 150 359 0.75059
00079.jpg 406 116 124 363 0.74933
00079.jpg 536 197 245 320 0.72655
00079.jpg 274 146 66 208 0.72556
00079.jpg 337 156 47 146 0.71736
00079.jpg 338 152 47 147 0.71555
00079.jpg 392 99 129 371 0.71298
00079.jpg 575 127 60 135 0.71274
00079.jpg 547 187 215 334 0.70940
00079.jpg 551 194 208 337 0.70933
00079.jpg 577 124 64 133 0.70819
00079.jpg 575 127 56 129 0.67868
00079.jpg 272 149 73 204 0.67461
00079.jpg 332 161 46 143 0.66679
00079.jpg 340 151 44 151 0.65823
00079.jpg 406 118 130 352 0.65776
00079.jpg 339 157 45 147 0.65025
00079.jpg 572 125 65 136 0.64762
00079.jpg 330 149 52 164 0.64381
00079.jpg 495 242 31 98 0.64109
00079.jpg 574 132 62 131 0.63985
00079.jpg 492 145 37 205 0.62392
00079.jpg 334 151 50 151 0.61026
00079.jpg 548 203 200 308 0.60188
00079.jpg 536 182 237 341 0.59765
00079.jpg 393 118 146 348 0.58841
00079.jpg 543 182 223 356 0.58640
00079.jpg 338 150 48 152 0.57704
00079.jpg 329 163 47 146 0.57644
00079.jpg 275 141 67 197 0.57372
00079.jpg 583 130 49 127 0.57186
00079.jpg 274 151 67 206 0.56439
00079.jpg 333 158 49 152 0.56425
00079.jpg 395 125 142 327 0.55425
00079.jpg 549 210 201 296 0.55308
00079.jpg 271 146 66 212 0.54979
00079.jpg 579 129 61 121 0.54961
00079.jpg 331 156 45 147 0.54878
00079.jpg 274 147 62 194 0.54621
00079.jpg 279 149 68 189 0.54424
00079.jpg 275 152 62 203 0.54216
00079.jpg 571 132 68 139 0.54075
00079.jpg 387 107 141 351 0.53813
00079.jpg 570 130 66 129 0.53802
00079.jpg 267 144 71 217 0.53620
00079.jpg 494 139 31 229 0.53544
00079.jpg 378 115 137 357 0.53330
00079.jpg 535 179 237 339 0.51953
00079.jpg 271 146 74 222 0.51587
00079.jpg 271 143 76 215 0.51556
00079.jpg 558 202 225 299 0.51284
00079.jpg 577 128 61 146 0.51222
00079.jpg 400 115 150 352 0.50579
