00072.jpg 559 281 206 242 0.99935
00072.jpg 264 149 76 216 0.99908
00072.jpg 332 106 144 378 0.99879
00072.jpg 267 139 66 222 0.99875
00072.jpg 564 270 196 250 0.99783
00072.jpg 549 265 208 246 0.99716
00072.jpg 554 270 207 252 0.99710
00072.jpg 266 140 68 221 0.99683
00072.jpg 328 110 146 380 0.99652
00072.jpg 328 109 142 378 0.99652
00072.jpg 326 110 142 386 0.99629
00072.jpg 552 273 209 250 0.99609
00072.jpg 335 109 135 381 0.99589
00072.jpg 543 272 223 244 0.99584
00072.jpg 455 150 64 196 0.99571
00072.jpg 565 254 190 271 0.99560
00072.jpg 558 277 197 234 0.99543
00072.jpg 553 271 205 251 0.99532
00072.jpg 264 142 65 217 0.99523
00072.jpg 266 146 68 214 0.99508
00072.jpg 553 267 208 244 0.99494
00072.jpg 562 278 190 248 0.99483
00072.jpg 554 276 200 254 0.99478
00072.jpg 329 105 146 387 0.99426
00072.jpg 317 116 166 379 0.99411
00072.jpg 324 105 152 408 0.99402
00072.jpg 553 286 202 240 0.99400
00072.jpg 572 131 61 154 0.99389
00072.jpg 452 146 71 205 0.99386
00072.jpg 555 277 203 248 0.99226
00072.jpg 317 118 150 363 0.99185
00072.jpg 323 102 146 391 0.99145
00072.jpg 552 281 208 250 0.99141
00072.jpg 321 109 158 389 0.99130
00072.jpg 326 112 147 368 0.99092
00072.jpg 454 145 68 202 0.99081
00072.jpg 457 153 66 190 0.99050
00072.jpg 458 158 64 185 0.99027
00072.jpg 267 141 65 215 0.99010
00072.jpg 551 259 217 254 0.98989
00072.jpg 560 269 196 238 0.98969
00072.jpg 457 150 61 201 0.98963
00072.jpg 555 274 205 240 0.98943
00072.jpg 332 100 136 389 0.98928
00072.jpg 265 146 73 218 0.98878
00072.jpg 326 116 151 369 0.98841
00072.jpg 327 115 134 368 0.98840
00072.jpg 558 269 198 269 0.98826
00072.jpg 265 150 70 209 0.98823
00072.jpg 266 150 67 202 0.98769
00072.jpg 547 257 211 261 0.98756
00072.jpg 563 273 198 247 0.98748
00072.jpg 557 276 195 254 0.98738
00072.jpg 322 112 153 385 0.98735
00072.jpg 559 280 193 240 0.98731
00072.jpg 555 274 205 260 0.98703
00072.jpg 267 154 63 196 0.98682
00072.jpg 324 136 142 342 0.98660
00072.jpg 269 146 64 211 0.98612
00072.jpg 548 265 205 245 0.98570
00072.jpg 457 146 63 203 0.98558
00072.jpg 266 150 67 201 0.98523
00072.jpg 264 153 67 204 0.98510
00072.jpg 340 109 130 374 0.98501
00072.jpg 262 145 74 211 0.98479
00072.jpg 555 260 208 263 0.98479
00072.jpg 456 157 68 192 0.98471
00072.jpg 455 147 68 199 0.98449
00072.jpg 268 146 63 211 0.98427
00072.jpg 264 147 68 209 0.98426
00072.jpg 330 109 140 382 0.98408
00072.jpg 555 281 199 247 0.98401
00072.jpg 268 146 58 217 0.98385
00072.jpg 261 144 72 210 0.98385
00072.jpg 266 144 63 209 0.98362
00072.jpg 545 263 206 258 0.98341
00072.jpg 552 282 211 240 0.98334
00072.jpg 459 158 60 181 0.98297
00072.jpg 550 276 209 246 0.98237
00072.jpg 574 133 54 156 0.98230
00072.jpg 325 132 155 354 0.98219
00072.jpg 328 122 138 355 0.98103
00072.jpg 556 265 196 248 0.98037
00072.jpg 569 133 62 150 0.98010
00072.jpg 458 150 61 195 0.97954
00072.jpg 328 147 42 157 0.97953
00072.jpg 454 144 70 207 0.97882
00072.jpg 456 151 64 191 0.97816
00072.jpg 555 283 205 246 0.97813
00072.jpg 326 100 146 398 0.97797
00072.jpg 563 275 197 248 0.97765
00072.jpg 459 146 61 202 0.97762
00072.jpg 331 109 143 383 0.97735
00072.jpg 330 115 145 396 0.97712
00072.jpg 556 277 201 243 0.97710
00072.jpg 557 276 201 257 0.97688
00072.jpg 457 149 61 198 0.97668
00072.jpg 556 278 200 252 0.97657
00072.jpg 553 274 204 249 0.97653
00072.jpg 456 146 65 205 0.97648
00072.jpg 572 132 59 151 0.97647
00072.jpg 570 129 62 156 0.97565
00072.jpg 454 150 65 194 0.97516
00072.jpg 267 146 68 216 0.97440
00072.jpg 459 149 64 196 0.97437
00072.jpg 542 264 223 258 0.97422
00072.jpg 553 268 209 259 0.97401
00072.jpg 329 147 42 157 0.97367
00072.jpg 264 147 69 208 0.97352
00072.jpg 455 150 68 194 0.97346
00072.jpg 325 118 148 367 0.97323
00072.jpg 459 150 60 194 0.97299
00072.jpg 326 110 146 377 0.97203
00072.jpg 575 132 53 156 0.97186
00072.jpg 333 114 138 363 0.97181
00072.jpg 456 151 65 193 0.97134
00072.jpg 568 135 63 145 0.97054
00072.jpg 333 108 142 393 0.97042
00072.jpg 263 143 72 215 0.97009
00072.jpg 333 113 132 372 0.96938
00072.jpg 333 120 136 369 0.96920
00072.jpg 569 132 63 151 0.96770
00072.jpg 547 282 215 244 0.96686
00072.jpg 265 141 65 217 0.96684
00072.jpg 268 147 69 206 0.96659
00072.jpg 266 144 63 219 0.96594
00072.jpg 557 280 202 227 0.96477
00072.jpg 544 264 217 263 0.96461
00072.jpg 265 145 67 215 0.96395
00072.jpg 263 154 65 201 0.96387
00072.jpg 570 128 64 155 0.96377
00072.jpg 455 148 67 201 0.96370
00072.jpg 319 109 157 399 0.96229
00072.jpg 263 142 67 213 0.96208
00072.jpg 570 127 61 161 0.96176
00072.jpg 455 147 67 200 0.96124
00072.jpg 449 149 75 191 0.96101
00072.jpg 454 146 69 201 0.96037
00072.jpg 571 134 59 154 0.95978
00072.jpg 568 130 64 151 0.95949
00072.jpg 573 124 55 166 0.95826
00072.jpg 265 144 66 222 0.95819
00072.jpg 265 140 72 223 0.95682
00072.jpg 264 146 65 208 0.95635
00072.jpg 574 129 58 153 0.95620
00072.jpg 263 146 69 211 0.95561
00072.jpg 329 110 145 387 0.95491
00072.jpg 569 134 62 149 0.95456
00072.jpg 556 287 208 232 0.95420
00072.jpg 458 149 67 200 0.95402
00072.jpg 454 150 68 194 0.95374
00072.jpg 459 148 62 195 0.95363
00072.jpg 322 85 151 429 0.95298
00072.jpg 573 124 56 160 0.95286
00072.jpg 537 266 236 249 0.95277
00072.jpg 269 140 61 212 0.95144
00072.jpg 569 129 65 154 0.95004
00072.jpg 569 137 60 146 0.94875
00072.jpg 325 106 136 388 0.94864
00072.jpg 562 266 198 255 0.94717
00072.jpg 265 145 63 216 0.94556
00072.jpg 459 148 62 195 0.94528
00072.jpg 331 94 138 393 0.94429
00072.jpg 267 144 60 213 0.94308
00072.jpg 457 150 65 196 0.94277
00072.jpg 321 106 150 375 0.94222
00072.jpg 557 287 198 237 0.94200
00072.jpg 265 142 68 224 0.94102
00072.jpg 272 137 66 218 0.94089
00072.jpg 454 151 66 195 0.94074
00072.jpg 269 132 66 225 0.93862
00072.jpg 329 108 142 379 0.93803
00072.jpg 572 141 61 135 0.93796
00072.jpg 329 155 43 145 0.93779
00072.jpg 570 132 65 144 0.93761
00072.jpg 550 286 210 242 0.93645
00072.jpg 329 102 138 392 0.93520
00072.jpg 265 136 66 222 0.93512
00072.jpg 553 282 202 239 0.93316
00072.jpg 559 265 189 269 0.93276
00072.jpg 460 151 64 192 0.93272
00072.jpg 330 108 142 390 0.93230
00072.jpg 569 139 60 149 0.93136
00072.jpg 334 110 136 374 0.93070
00072.jpg 570 132 59 157 0.93060
00072.jpg 454 147 68 195 0.93010
00072.jpg 332 113 142 386 0.92863
00072.jpg 572 138 59 147 0.92779
00072.jpg 549 267 218 255 0.92778
00072.jpg 568 138 63 146 0.92772
00072.jpg 459 149 61 206 0.92671
00072.jpg 455 149 68 198 0.92642
00072.jpg 574 130 54 154 0.92512
00072.jpg 553 265 203 260 0.92503
00072.jpg 553 274 206 255 0.92368
00072.jpg 328 151 44 152 0.92306
00072.jpg 571 129 64 150 0.92071
00072.jpg 330 144 42 164 0.92002
00072.jpg 561 262 203 254 0.91933
00072.jpg 573 126 60 160 0.91741
00072.jpg 265 141 69 222 0.91446
00072.jpg 328 109 143 376 0.91258
00072.jpg 571 137 64 146 0.91121
00072.jpg 560 271 194 259 0.90935
00072.jpg 329 143 44 163 0.90873
00072.jpg 456 153 67 189 0.90726
00072.jpg 570 126 61 157 0.90491
00072.jpg 557 274 216 250 0.90064
00072.jpg 571 134 57 152 0.90030
00072.jpg 571 133 57 155 0.89466
00072.jpg 333 150 40 151 0.89147
00072.jpg 557 278 212 228 0.89088
00072.jpg 552 274 207 255 0.89062
00072.jpg 331 153 41 148 0.89041
00072.jpg 575 128 54 153 0.88733
00072.jpg 543 256 217 257 0.88593
00072.jpg 556 278 206 247 0.88539
00072.jpg 577 130 52 157 0.88406
00072.jpg 456 154 64 183 0.88116
00072.jpg 329 151 49 149 0.88087
00072.jpg 553 270 211 261 0.88010
00072.jpg 558 271 190 262 0.87887
00072.jpg 267 141 66 224 0.87585
00072.jpg 571 137 60 144 0.87548
00072.jpg 322 102 156 397 0.87535
00072.jpg 265 145 72 213 0.87298
00072.jpg 454 147 70 199 0.87122
00072.jpg 571 139 56 151 0.87101
00072.jpg 456 152 69 196 0.86867
00072.jpg 458 151 60 189 0.86219
00072.jpg 263 141 67 223 0.85968
00072.jpg 574 126 60 162 0.85918
00072.jpg 456 150 66 203 0.85757
00072.jpg 568 133 58 151 0.85650
00072.jpg 546 265 220 253 0.85531
00072.jpg 330 146 43 157 0.85516
00072.jpg 323 115 147 366 0.85352
00072.jpg 539 267 224 242 0.85072
00072.jpg 560 262 198 250 0.85036
00072.jpg 333 114 137 383 0.84703
00072.jpg 560 269 195 262 0.84523
00072.jpg 321 125 149 347 0.84393
00072.jpg 574 130 52 145 0.84368
00072.jpg 457 146 61 206 0.84227
00072.jpg 329 150 43 146 0.84176
00072.jpg 329 147 42 156 0.83871
00072.jpg 571 130 58 159 0.83755
00072.jpg 268 143 65 213 0.83726
00072.jpg 264 147 72 201 0.83379
00072.jpg 330 150 40 151 0.83245
00072.jpg 329 153 49 148 0.83085
00072.jpg 267 146 63 207 0.82698
00072.jpg 328 126 136 363 0.81875
00072.jpg 459 144 66 209 0.81646
00072.jpg 264 140 68 221 0.81555
00072.jpg 326 109 145 381 0.80950
00072.jpg 334 148 40 153 0.80931
00072.jpg 329 142 45 165 0.80365
00072.jpg 267 148 63 206 0.80101
00072.jpg 456 150 65 194 0.79099
00072.jpg 456 141 61 215 0.79040
00072.jpg 556 277 207 242 0.79001
00072.jpg 459 148 59 195 0.78905
00072.jpg 456 150 65 191 0.78689
00072.jpg 572 128 63 147 0.78515
00072.jpg 331 149 41 150 0.78377
00072.jpg 329 155 47 142 0.77897
00072.jpg 565 276 196 252 0.77371
00072.jpg 570 127 60 164 0.77227
00072.jpg 328 149 47 156 0.76906
00072.jpg 308 103 173 368 0.76829
00072.jpg 555 266 194 258 0.76736
00072.jpg 332 142 40 161 0.76607
00072.jpg 459 148 63 198 0.76360
00072.jpg 267 145 60 216 0.76260
00072.jpg 574 129 58 155 0.75195
00072.jpg 569 130 63 164 0.74752
00072.jpg 332 150 39 149 0.74365
00072.jpg 266 145 62 210 0.74280
00072.jpg 548 259 222 267 0.74150
00072.jpg 573 126 59 163 0.73964
00072.jpg 553 272 203 250 0.73277
00072.jpg 265 144 64 212 0.72982
00072.jpg 331 148 47 164 0.72373
00072.jpg 329 146 46 160 0.71834
00072.jpg 331 153 39 141 0.71332
00072.jpg 573 127 52 153 0.71251
00072.jpg 329 151 46 146 0.71203
00072.jpg 568 133 57 155 0.71176
00072.jpg 332 145 41 161 0.71051
00072.jpg 572 127 55 177 0.70995
00072.jpg 328 152 45 162 0.69640
00072.jpg 329 149 46 156 0.69159
00072.jpg 263 139 71 231 0.68890
00072.jpg 573 130 59 151 0.67567
00072.jpg 329 144 48 159 0.67221
00072.jpg 454 147 70 203 0.66795
00072.jpg 557 245 180 273 0.66575
00072.jpg 333 149 40 156 0.66306
00072.jpg 552 274 208 260 0.65735
00072.jpg 265 136 70 224 0.65362
00072.jpg 268 157 69 187 0.65266
00072.jpg 449 145 73 204 0.65108
00072.jpg 335 150 39 152 0.64515
00072.jpg 324 140 49 165 0.63623
00072.jpg 572 136 62 154 0.63040
00072.jpg 570 138 56 146 0.61913
00072.jpg 455 152 61 195 0.61505
00072.jpg 316 97 159 386 0.60862
00072.jpg 328 152 47 146 0.60402
00072.jpg 329 152 47 153 0.58411
00072.jpg 328 150 52 157 0.57834
00072.jpg 333 149 42 148 0.57162
00072.jpg 266 142 65 211 0.56412
00072.jpg 332 147 45 159 0.56391
00072.jpg 570 128 60 186 0.55876
00072.jpg 578 130 54 148 0.54217
00072.jpg 454 149 61 187 0.53398
00072.jpg 566 132 58 144 0.52884
00072.jpg 549 258 206 264 0.52794
00072.jpg 324 107 152 405 0.52589
00072.jpg 333 147 38 158 0.52118
00072.jpg 575 141 59 144 0.52010
00072.jpg 574 138 62 135 0.51831
00072.jpg 327 146 51 166 0.51789
00072.jpg 344 93 133 396 0.50782
