00088.jpg 450 101 120 333 0.99805
00088.jpg 268 147 67 204 0.99799
00088.jpg 439 100 138 345 0.99778
00088.jpg 328 154 55 150 0.99738
00088.jpg 442 93 129 353 0.99732
00088.jpg 271 144 64 206 0.99725
00088.jpg 448 96 121 355 0.99707
00088.jpg 331 152 52 150 0.99680
00088.jpg 446 95 129 356 0.99670
00088.jpg 273 149 62 201 0.99664
00088.jpg 443 103 126 348 0.99658
00088.jpg 330 149 51 157 0.99649
00088.jpg 444 100 127 342 0.99645
00088.jpg 440 91 132 356 0.99640
00088.jpg 445 98 127 358 0.99634
00088.jpg 531 159 230 353 0.99622
00088.jpg 270 146 64 207 0.99581
00088.jpg 334 150 45 160 0.99554
00088.jpg 539 155 233 345 0.99531
00088.jpg 533 162 237 348 0.99505
00088.jpg 534 152 220 351 0.99489
00088.jpg 333 155 48 150 0.99482
00088.jpg 330 151 53 150 0.99455
00088.jpg 441 91 120 350 0.99438
00088.jpg 330 150 49 154 0.99409
00088.jpg 266 141 70 219 0.99393
00088.jpg 535 155 235 358 0.99366
00088.jpg 451 104 111 326 0.99327
00088.jpg 535 155 224 354 0.99323
00088.jpg 274 140 62 220 0.99318
00088.jpg 269 144 67 210 0.99278
00088.jpg 442 95 132 347 0.99251
00088.jpg 534 166 222 334 0.99241
00088.jpg 270 148 60 206 0.99234
00088.jpg 450 114 119 307 0.99230
00088.jpg 268 143 68 213 0.99096
00088.jpg 531 167 226 328 0.99093
00088.jpg 527 158 236 346 0.99088
00088.jpg 269 141 63 219 0.99036
00088.jpg 442 96 126 357 0.99019
00088.jpg 333 151 46 152 0.98978
00088.jpg 530 158 236 338 0.98955
00088.jpg 272 138 58 216 0.98952
00088.jpg 274 140 59 223 0.98932
00088.jpg 549 168 202 337 0.98929
00088.jpg 270 139 68 218 0.98911
00088.jpg 271 150 63 206 0.98895
00088.jpg 270 141 64 212 0.98841
00088.jpg 445 93 128 357 0.98838
00088.jpg 560 126 69 141 0.98825
00088.jpg 331 154 48 150 0.98793
00088.jpg 447 101 117 343 0.98774
00088.jpg 333 155 50 146 0.98772
00088.jpg 268 143 68 213 0.98746
00088.jpg 329 155 53 146 0.98680
00088.jpg 552 163 206 349 0.98654
00088.jpg 545 156 220 352 0.98618
00088.jpg 540 171 212 335 0.98609
00088.jpg 447 104 121 344 0.98605
00088.jpg 551 168 200 341 0.98585
00088.jpg 531 160 230 353 0.98576
00088.jpg 268 147 65 212 0.98537
00088.jpg 270 144 61 207 0.98505
00088.jpg 267 150 68 196 0.98488
00088.jpg 331 151 49 153 0.98452
00088.jpg 272 144 61 206 0.98404
00088.jpg 268 142 67 218 0.98327
00088.jpg 329 152 53 155 0.98308
00088.jpg 444 102 127 343 0.98299
00088.jpg 272 146 63 205 0.98272
00088.jpg 444 87 128 365 0.98218
00088.jpg 331 151 52 150 0.98215
00088.jpg 527 158 243 355 0.98187
00088.jpg 269 145 63 210 0.98082
00088.jpg 441 95 128 351 0.97952
00088.jpg 526 160 236 337 0.97855
00088.jpg 332 153 50 152 0.97784
00088.jpg 270 154 65 189 0.97766
00088.jpg 332 147 52 155 0.97725
00088.jpg 332 150 51 151 0.97699
00088.jpg 331 154 48 151 0.97664
00088.jpg 268 144 67 207 0.97621
00088.jpg 533 157 219 349 0.97577
00088.jpg 539 164 217 348 0.97515
00088.jpg 330 147 53 162 0.97508
00088.jpg 444 98 118 329 0.97494
00088.jpg 541 166 218 349 0.97492
00088.jpg 450 90 121 359 0.97473
00088.jpg 273 146 60 205 0.97398
00088.jpg 560 183 196 313 0.97354
00088.jpg 331 152 49 150 0.97348
00088.jpg 333 152 48 150 0.97313
00088.jpg 271 138 58 224 0.97312
00088.jpg 448 100 121 345 0.97310
00088.jpg 329 151 51 155 0.97307
00088.jpg 544 162 202 335 0.97274
00088.jpg 272 143 63 207 0.97186
00088.jpg 331 152 52 151 0.97147
00088.jpg 532 168 230 329 0.97092
00088.jpg 550 165 198 331 0.97052
00088.jpg 445 101 119 351 0.96907
00088.jpg 331 150 50 155 0.96842
00088.jpg 445 90 124 359 0.96613
00088.jpg 273 145 61 222 0.96539
00088.jpg 548 163 218 329 0.96503
00088.jpg 267 137 67 226 0.96383
00088.jpg 446 104 122 340 0.96365
00088.jpg 275 141 58 214 0.96265
00088.jpg 271 143 60 211 0.96207
00088.jpg 548 154 211 362 0.96192
00088.jpg 329 155 51 148 0.96158
00088.jpg 332 150 50 151 0.96153
00088.jpg 268 146 71 211 0.96150
00088.jpg 540 167 219 340 0.96140
00088.jpg 449 87 119 368 0.96119
00088.jpg 268 136 65 216 0.96113
00088.jpg 440 99 127 343 0.96106
00088.jpg 555 128 78 202 0.95971
00088.jpg 331 155 50 140 0.95960
00088.jpg 549 124 87 232 0.95801
00088.jpg 559 167 200 337 0.95713
00088.jpg 528 145 239 347 0.95629
00088.jpg 438 97 134 357 0.95602
00088.jpg 271 150 64 205 0.95586
00088.jpg 446 97 118 352 0.95549
00088.jpg 443 103 131 343 0.95492
00088.jpg 550 128 88 237 0.95491
00088.jpg 545 154 221 361 0.95446
00088.jpg 270 139 65 211 0.95242
00088.jpg 543 159 203 349 0.95225
00088.jpg 331 150 48 158 0.94874
00088.jpg 551 121 86 232 0.94618
00088.jpg 426 93 142 348 0.94612
00088.jpg 332 150 50 158 0.94557
00088.jpg 560 112 79 253 0.94385
00088.jpg 332 154 48 153 0.94311
00088.jpg 332 153 53 148 0.94302
00088.jpg 529 161 240 340 0.94276
00088.jpg 268 152 67 197 0.94259
00088.jpg 273 145 64 207 0.94221
00088.jpg 451 88 125 354 0.94220
00088.jpg 539 153 225 353 0.93865
00088.jpg 333 151 49 153 0.93826
00088.jpg 546 156 222 359 0.93537
00088.jpg 328 153 51 151 0.93368
00088.jpg 521 160 246 352 0.93174
00088.jpg 552 173 208 335 0.93173
00088.jpg 552 129 90 224 0.93076
00088.jpg 559 121 73 146 0.92460
00088.jpg 550 124 93 239 0.92349
00088.jpg 533 166 222 328 0.92271
00088.jpg 559 173 200 328 0.92203
00088.jpg 550 121 93 244 0.92136
00088.jpg 529 157 230 355 0.91988
00088.jpg 535 142 228 364 0.91721
00088.jpg 541 152 196 347 0.91499
00088.jpg 557 127 74 147 0.91467
00088.jpg 271 148 64 200 0.90787
00088.jpg 331 151 52 153 0.90729
00088.jpg 542 167 221 334 0.90483
00088.jpg 328 151 53 157 0.90354
00088.jpg 333 149 50 156 0.90338
00088.jpg 448 96 117 346 0.90213
00088.jpg 527 172 239 338 0.89953
00088.jpg 540 165 218 340 0.89912
00088.jpg 555 132 81 138 0.89851
00088.jpg 330 155 52 145 0.89389
00088.jpg 442 108 128 340 0.89041
00088.jpg 576 275 58 66 0.88731
00088.jpg 556 129 79 175 0.88642
00088.jpg 540 170 226 336 0.88637
00088.jpg 558 136 78 223 0.88255
00088.jpg 555 124 81 235 0.88252
00088.jpg 270 147 62 205 0.87888
00088.jpg 546 159 206 349 0.87775
00088.jpg 578 276 51 72 0.87464
00088.jpg 444 106 128 341 0.87370
00088.jpg 561 180 179 317 0.87367
00088.jpg 572 168 182 336 0.87239
00088.jpg 580 272 46 77 0.87225
00088.jpg 330 159 53 134 0.86746
00088.jpg 558 180 186 327 0.86619
00088.jpg 559 119 77 251 0.86564
00088.jpg 558 131 79 229 0.85975
00088.jpg 449 78 118 374 0.85752
00088.jpg 266 144 62 213 0.85700
00088.jpg 272 151 69 195 0.84900
00088.jpg 455 101 114 339 0.84715
00088.jpg 564 181 187 311 0.84674
00088.jpg 547 116 90 258 0.84667
00088.jpg 555 130 85 140 0.84338
00088.jpg 330 154 52 152 0.84172
00088.jpg 445 106 123 338 0.84164
00088.jpg 272 151 64 204 0.83762
00088.jpg 536 154 221 349 0.83637
00088.jpg 438 105 138 334 0.83548
00088.jpg 556 129 78 193 0.83489
00088.jpg 552 139 89 117 0.83247
00088.jpg 558 144 189 338 0.83040
00088.jpg 325 156 57 145 0.82332
00088.jpg 269 145 61 207 0.82195
00088.jpg 552 114 88 250 0.82190
00088.jpg 564 159 185 342 0.82173
00088.jpg 556 124 79 143 0.81742
00088.jpg 452 103 121 342 0.81494
00088.jpg 442 110 123 328 0.81001
00088.jpg 556 177 203 329 0.80716
00088.jpg 539 167 222 336 0.80666
00088.jpg 542 113 98 280 0.80032
00088.jpg 269 140 66 216 0.80023
00088.jpg 540 149 229 365 0.79997
00088.jpg 549 133 91 213 0.79920
00088.jpg 552 124 81 247 0.79339
00088.jpg 537 154 231 346 0.79298
00088.jpg 556 128 81 133 0.79257
00088.jpg 525 142 240 365 0.79179
00088.jpg 332 147 52 158 0.78634
00088.jpg 443 103 129 350 0.78117
00088.jpg 553 124 104 295 0.77587
00088.jpg 270 146 62 206 0.77458
00088.jpg 549 118 95 284 0.77044
00088.jpg 453 94 125 350 0.77033
00088.jpg 331 153 54 150 0.76909
00088.jpg 271 141 67 220 0.76561
00088.jpg 579 279 56 66 0.76071
00088.jpg 553 124 82 237 0.75992
00088.jpg 336 155 43 144 0.75984
00088.jpg 560 179 177 313 0.75794
00088.jpg 553 127 82 154 0.75593
00088.jpg 327 152 54 155 0.75165
00088.jpg 549 127 90 236 0.75000
00088.jpg 573 180 177 332 0.74802
00088.jpg 271 146 69 198 0.74776
00088.jpg 334 155 51 149 0.74623
00088.jpg 558 175 201 322 0.73826
00088.jpg 332 147 52 153 0.73646
00088.jpg 268 147 68 212 0.73615
00088.jpg 559 152 173 361 0.73426
00088.jpg 327 142 54 168 0.72460
00088.jpg 561 128 72 134 0.72367
00088.jpg 546 120 97 241 0.72181
00088.jpg 551 129 86 220 0.72160
00088.jpg 553 126 82 233 0.71895
00088.jpg 563 176 159 307 0.71754
00088.jpg 542 152 227 365 0.71500
00088.jpg 564 167 192 330 0.71268
00088.jpg 559 136 84 230 0.70941
00088.jpg 550 130 93 236 0.70906
00088.jpg 542 127 97 229 0.70559
00088.jpg 271 136 66 217 0.69976
00088.jpg 553 114 87 260 0.69904
00088.jpg 577 282 59 65 0.69702
00088.jpg 528 136 216 364 0.69347
00088.jpg 574 265 66 74 0.69340
00088.jpg 557 126 75 140 0.68790
00088.jpg 446 97 135 348 0.68698
00088.jpg 551 126 88 232 0.68511
00088.jpg 445 107 121 332 0.68161
00088.jpg 270 151 70 188 0.67841
00088.jpg 558 126 77 138 0.66914
00088.jpg 549 126 89 233 0.66889
00088.jpg 328 151 49 149 0.66843
00088.jpg 271 137 68 221 0.66821
00088.jpg 560 122 77 203 0.66716
00088.jpg 556 175 207 325 0.66651
00088.jpg 550 133 89 227 0.66529
00088.jpg 560 122 71 144 0.66471
00088.jpg 547 179 217 317 0.66287
00088.jpg 552 128 83 136 0.65788
00088.jpg 547 131 94 227 0.65484
00088.jpg 333 151 52 148 0.65421
00088.jpg 266 147 63 213 0.65230
00088.jpg 548 137 92 234 0.64960
00088.jpg 561 123 75 180 0.64387
00088.jpg 271 133 64 227 0.63911
00088.jpg 330 154 51 152 0.63609
00088.jpg 553 126 92 228 0.63351
00088.jpg 267 139 59 215 0.63313
00088.jpg 573 179 177 310 0.63295
00088.jpg 561 129 74 134 0.63118
00088.jpg 560 127 69 143 0.62902
00088.jpg 528 136 224 384 0.62684
00088.jpg 529 151 223 349 0.62362
00088.jpg 550 158 95 198 0.62049
00088.jpg 443 94 120 354 0.61935
00088.jpg 333 149 51 159 0.61804
00088.jpg 569 172 183 325 0.61675
00088.jpg 337 151 47 155 0.61590
00088.jpg 330 153 50 148 0.61439
00088.jpg 525 152 227 348 0.61263
00088.jpg 558 124 74 179 0.61132
00088.jpg 577 265 61 78 0.61053
00088.jpg 549 109 95 284 0.60248
00088.jpg 555 147 213 375 0.60212
00088.jpg 270 148 59 202 0.59953
00088.jpg 564 128 75 238 0.59702
00088.jpg 560 129 76 142 0.59671
00088.jpg 513 145 256 367 0.59640
00088.jpg 444 105 122 335 0.59590
00088.jpg 550 126 85 143 0.59182
00088.jpg 551 188 212 313 0.59134
00088.jpg 447 99 114 342 0.58709
00088.jpg 329 145 54 161 0.58706
00088.jpg 585 275 51 69 0.58358
00088.jpg 556 125 73 186 0.58218
00088.jpg 437 93 144 336 0.57460
00088.jpg 539 131 109 261 0.57239
00088.jpg 584 265 48 84 0.56975
00088.jpg 560 128 82 134 0.56761
00088.jpg 562 124 71 249 0.56612
00088.jpg 556 134 75 112 0.56248
00088.jpg 331 147 53 161 0.56164
00088.jpg 441 112 126 334 0.56052
00088.jpg 551 127 77 229 0.55746
00088.jpg 327 148 55 163 0.55656
00088.jpg 549 131 77 152 0.55612
00088.jpg 543 118 104 287 0.55369
00088.jpg 276 147 58 199 0.55077
00088.jpg 276 147 67 188 0.55070
00088.jpg 443 100 134 348 0.54287
00088.jpg 559 133 75 125 0.54227
00088.jpg 444 139 129 313 0.54144
00088.jpg 546 137 101 213 0.54091
00088.jpg 333 156 51 144 0.53957
00088.jpg 561 128 68 134 0.53861
00088.jpg 438 100 152 338 0.53693
00088.jpg 554 130 75 138 0.53529
00088.jpg 549 133 74 165 0.53510
00088.jpg 446 96 123 337 0.53203
00088.jpg 558 142 79 227 0.53129
00088.jpg 261 135 74 220 0.52832
00088.jpg 265 150 67 199 0.52778
00088.jpg 582 269 54 70 0.52094
00088.jpg 547 126 99 270 0.51832
00088.jpg 576 273 61 75 0.51547
00088.jpg 559 116 75 214 0.51179
00088.jpg 588 290 36 43 0.51107
00088.jpg 552 130 78 140 0.51028
00088.jpg 441 105 128 334 0.50800
00088.jpg 266 142 73 213 0.50711
00088.jpg 272 160 70 196 0.50596
