00080.jpg 404 107 132 364 0.99903
00080.jpg 404 105 125 372 0.99841
00080.jpg 404 95 132 399 0.99803
00080.jpg 276 139 66 219 0.99785
00080.jpg 407 105 133 368 0.99780
00080.jpg 412 102 122 378 0.99759
00080.jpg 275 147 68 206 0.99725
00080.jpg 337 155 43 146 0.99680
00080.jpg 546 178 211 345 0.99670
00080.jpg 273 141 72 215 0.99628
00080.jpg 273 142 70 217 0.99619
00080.jpg 541 187 223 325 0.99562
00080.jpg 273 142 73 215 0.99561
00080.jpg 541 186 223 336 0.99541
00080.jpg 562 175 198 341 0.99519
00080.jpg 531 181 232 343 0.99470
00080.jpg 273 139 73 219 0.99460
00080.jpg 278 150 63 205 0.99428
00080.jpg 405 101 128 369 0.99406
00080.jpg 538 184 230 335 0.99405
00080.jpg 542 181 234 338 0.99395
00080.jpg 398 114 136 363 0.99365
00080.jpg 578 129 62 133 0.99360
00080.jpg 401 107 134 365 0.99358
00080.jpg 278 138 67 224 0.99269
00080.jpg 276 147 65 211 0.99214
00080.jpg 546 188 208 318 0.99214
00080.jpg 270 143 74 210 0.99208
00080.jpg 541 190 230 325 0.99184
00080.jpg 576 130 63 134 0.99175
00080.jpg 277 143 67 213 0.99159
00080.jpg 276 136 67 217 0.99100
00080.jpg 336 154 46 149 0.99069
00080.jpg 275 147 68 203 0.99055
00080.jpg 398 97 139 377 0.99052
00080.jpg 402 109 132 363 0.99025
00080.jpg 402 100 132 376 0.98958
00080.jpg 408 110 131 366 0.98943
00080.jpg 403 105 123 376 0.98925
00080.jpg 535 172 235 343 0.98912
00080.jpg 557 188 194 331 0.98881
00080.jpg 401 110 135 370 0.98847
00080.jpg 405 113 126 361 0.98840
00080.jpg 336 149 45 154 0.98824
00080.jpg 338 152 45 153 0.98823
00080.jpg 397 105 142 372 0.98770
00080.jpg 583 127 49 135 0.98766
00080.jpg 274 145 66 210 0.98725
00080.jpg 539 178 228 337 0.98724
00080.jpg 274 140 70 218 0.98717
00080.jpg 405 108 132 368 0.98710
00080.jpg 340 156 43 149 0.98673
00080.jpg 408 102 117 372 0.98660
00080.jpg 275 142 69 218 0.98654
00080.jpg 275 145 66 212 0.98574
00080.jpg 396 109 138 361 0.98569
00080.jpg 338 153 45 148 0.98426
00080.jpg 274 144 68 213 0.98363
00080.jpg 271 140 71 216 0.98347
00080.jpg 410 114 131 352 0.98341
00080.jpg 578 127 59 132 0.98258
00080.jpg 577 125 62 130 0.98189
00080.jpg 274 150 68 201 0.98108
00080.jpg 271 144 76 213 0.98089
00080.jpg 332 153 56 146 0.97980
00080.jpg 336 152 48 148 0.97962
00080.jpg 410 109 123 367 0.97931
00080.jpg 400 108 138 369 0.97819
00080.jpg 273 146 73 207 0.97802
00080.jpg 274 145 67 212 0.97738
00080.jpg 537 172 223 349 0.97712
00080.jpg 413 106 125 357 0.97694
00080.jpg 334 152 47 155 0.97691
00080.jpg 536 188 230 319 0.97679
00080.jpg 544 179 211 341 0.97642
00080.jpg 578 128 58 131 0.97608
00080.jpg 279 145 64 214 0.97600
00080.jpg 537 172 226 348 0.97571
00080.jpg 579 126 58 133 0.97547
00080.jpg 534 168 222 356 0.97535
00080.jpg 275 156 72 189 0.97523
00080.jpg 399 101 141 375 0.97515
00080.jpg 579 131 61 124 0.97508
00080.jpg 530 194 236 317 0.97489
00080.jpg 402 110 132 361 0.97473
00080.jpg 402 112 137 361 0.97467
00080.jpg 575 129 58 131 0.97462
00080.jpg 402 100 136 371 0.97423
00080.jpg 334 159 49 142 0.97368
00080.jpg 271 150 76 205 0.97357
00080.jpg 403 107 131 358 0.97351
00080.jpg 275 143 69 213 0.97343
00080.jpg 553 178 213 346 0.97280
00080.jpg 397 110 143 357 0.97225
00080.jpg 272 144 65 214 0.97162
00080.jpg 275 148 65 209 0.97127
00080.jpg 275 149 70 200 0.97099
00080.jpg 273 131 74 235 0.97043
00080.jpg 271 141 72 214 0.96977
00080.jpg 540 181 222 337 0.96941
00080.jpg 544 186 231 332 0.96869
00080.jpg 334 154 49 150 0.96804
00080.jpg 577 125 60 133 0.96737
00080.jpg 548 190 218 324 0.96736
00080.jpg 403 114 127 361 0.96715
00080.jpg 337 152 43 152 0.96679
00080.jpg 552 173 219 348 0.96676
00080.jpg 275 139 70 223 0.96632
00080.jpg 271 142 77 215 0.96485
00080.jpg 396 96 131 379 0.96463
00080.jpg 277 137 66 224 0.96462
00080.jpg 279 137 67 220 0.96460
00080.jpg 541 171 216 354 0.96411
00080.jpg 532 180 234 337 0.96397
00080.jpg 532 177 241 345 0.96374
00080.jpg 271 141 72 210 0.96244
00080.jpg 396 115 137 355 0.96171
00080.jpg 534 191 217 316 0.96134
00080.jpg 551 185 198 338 0.96045
00080.jpg 403 109 126 366 0.95980
00080.jpg 540 185 221 320 0.95972
00080.jpg 274 136 68 225 0.95971
00080.jpg 576 126 63 132 0.95966
00080.jpg 271 148 72 202 0.95688
00080.jpg 535 171 220 349 0.95669
00080.jpg 578 128 57 133 0.95664
00080.jpg 401 108 132 358 0.95650
00080.jpg 334 156 47 147 0.95627
00080.jpg 578 124 57 135 0.95578
00080.jpg 337 152 42 150 0.95537
00080.jpg 395 105 137 376 0.95474
00080.jpg 548 180 210 342 0.95451
00080.jpg 558 181 203 333 0.95395
00080.jpg 334 155 50 149 0.95383
00080.jpg 333 156 50 147 0.95324
00080.jpg 272 146 69 215 0.95218
00080.jpg 407 112 126 358 0.95140
00080.jpg 335 153 49 148 0.95010
00080.jpg 579 122 60 132 0.94807
00080.jpg 576 125 60 135 0.94770
00080.jpg 544 179 218 345 0.94744
00080.jpg 335 154 47 151 0.94601
00080.jpg 275 141 69 217 0.94450
00080.jpg 549 185 222 345 0.94347
00080.jpg 402 112 136 362 0.94263
00080.jpg 337 150 46 155 0.94096
00080.jpg 336 154 47 149 0.94044
00080.jpg 579 126 60 129 0.94020
00080.jpg 337 152 46 153 0.94004
00080.jpg 402 105 131 361 0.93811
00080.jpg 537 185 231 329 0.93811
00080.jpg 578 126 54 133 0.93735
00080.jpg 579 128 61 129 0.93688
00080.jpg 577 126 57 135 0.93550
00080.jpg 581 127 55 129 0.93525
00080.jpg 576 126 60 132 0.93487
00080.jpg 410 102 123 385 0.93400
00080.jpg 339 153 43 150 0.93359
00080.jpg 547 193 203 340 0.93328
00080.jpg 273 137 72 216 0.93319
00080.jpg 271 143 71 217 0.93095
00080.jpg 577 125 63 132 0.92553
00080.jpg 578 125 60 134 0.92413
00080.jpg 554 190 216 333 0.92399
00080.jpg 551 178 227 334 0.92322
00080.jpg 397 99 139 369 0.92029
00080.jpg 276 141 69 218 0.91225
00080.jpg 555 181 193 341 0.91201
00080.jpg 579 125 55 134 0.91184
00080.jpg 576 125 64 133 0.91017
00080.jpg 530 183 241 333 0.91007
00080.jpg 556 192 203 325 0.90775
00080.jpg 578 125 58 136 0.90455
00080.jpg 336 153 46 147 0.90015
00080.jpg 274 148 68 207 0.89314
00080.jpg 334 156 49 147 0.89296
00080.jpg 555 195 211 322 0.89025
00080.jpg 336 154 47 148 0.88915
00080.jpg 544 182 220 340 0.88818
00080.jpg 555 179 221 346 0.88764
00080.jpg 333 152 48 154 0.88585
00080.jpg 581 126 55 135 0.88384
00080.jpg 335 152 50 150 0.88132
00080.jpg 405 103 125 374 0.88072
00080.jpg 551 179 207 346 0.88050
00080.jpg 276 149 66 199 0.87657
00080.jpg 399 99 140 377 0.87632
00080.jpg 409 104 123 365 0.87632
00080.jpg 582 129 55 126 0.87230
00080.jpg 336 156 47 144 0.87099
00080.jpg 578 126 59 131 0.86671
00080.jpg 577 131 60 125 0.86523
00080.jpg 407 107 124 365 0.86342
00080.jpg 335 156 48 142 0.86327
00080.jpg 278 146 60 206 0.85844
00080.jpg 335 157 43 148 0.85751
00080.jpg 577 131 59 125 0.85424
00080.jpg 577 124 63 131 0.85316
00080.jpg 339 151 43 154 0.85059
00080.jpg 579 126 60 129 0.84412
00080.jpg 277 142 69 213 0.84125
00080.jpg 578 125 60 134 0.83999
00080.jpg 576 126 59 131 0.83417
00080.jpg 409 99 138 372 0.83069
00080.jpg 272 147 75 214 0.82993
00080.jpg 404 97 134 377 0.82970
00080.jpg 578 128 60 128 0.82854
00080.jpg 335 150 48 155 0.82453
00080.jpg 336 153 47 155 0.81583
00080.jpg 576 126 61 129 0.81305
00080.jpg 268 138 75 227 0.81137
00080.jpg 576 125 68 131 0.80739
00080.jpg 409 109 129 362 0.80627
00080.jpg 402 109 129 352 0.80343
00080.jpg 275 141 69 221 0.80259
00080.jpg 400 104 132 370 0.79795
00080.jpg 578 122 61 137 0.79513
00080.jpg 415 115 110 353 0.79391
00080.jpg 276 140 78 221 0.79167
00080.jpg 572 126 65 132 0.79088
00080.jpg 269 149 77 202 0.78952
00080.jpg 560 190 197 334 0.78704
00080.jpg 578 126 60 129 0.78172
00080.jpg 534 169 231 343 0.78092
00080.jpg 498 262 29 82 0.77865
00080.jpg 271 144 79 219 0.76834
00080.jpg 396 105 134 363 0.76481
00080.jpg 333 154 47 149 0.76073
00080.jpg 576 120 62 139 0.75844
00080.jpg 268 147 74 213 0.75750
00080.jpg 580 124 56 131 0.75623
00080.jpg 534 192 233 335 0.75371
00080.jpg 572 193 194 340 0.75163
00080.jpg 334 153 53 152 0.75156
00080.jpg 401 113 143 354 0.73520
00080.jpg 578 127 62 134 0.73451
00080.jpg 583 127 50 129 0.72197
00080.jpg 563 161 164 364 0.72158
00080.jpg 573 126 62 131 0.71631
00080.jpg 542 190 222 323 0.71321
00080.jpg 392 110 146 367 0.71220
00080.jpg 267 148 78 213 0.70197
00080.jpg 577 132 60 128 0.69803
00080.jpg 275 152 70 198 0.69431
00080.jpg 534 189 220 331 0.69398
00080.jpg 565 200 194 335 0.69269
00080.jpg 340 151 44 152 0.68674
00080.jpg 334 151 50 150 0.68166
00080.jpg 337 156 46 148 0.68012
00080.jpg 394 114 142 350 0.67493
00080.jpg 569 131 74 177 0.66491
00080.jpg 267 143 73 216 0.66468
00080.jpg 498 272 31 71 0.66385
00080.jpg 561 185 185 332 0.66150
00080.jpg 575 124 63 142 0.66092
00080.jpg 339 147 46 159 0.65523
00080.jpg 335 160 42 152 0.65484
00080.jpg 274 147 68 202 0.65205
00080.jpg 332 159 48 145 0.65188
00080.jpg 527 183 238 345 0.64879
00080.jpg 537 191 209 317 0.64862
00080.jpg 401 117 138 351 0.64449
00080.jpg 388 96 141 387 0.64308
00080.jpg 332 146 50 159 0.63811
00080.jpg 408 121 120 329 0.63171
00080.jpg 273 141 79 221 0.62556
00080.jpg 337 154 50 152 0.61982
00080.jpg 332 156 46 146 0.61684
00080.jpg 572 128 69 145 0.61613
00080.jpg 399 99 144 376 0.61240
00080.jpg 331 158 50 151 0.61125
00080.jpg 272 154 64 196 0.60666
00080.jpg 576 127 61 135 0.60098
00080.jpg 529 173 247 352 0.60073
00080.jpg 574 125 62 139 0.59890
00080.jpg 562 187 212 333 0.59821
00080.jpg 575 132 68 127 0.59698
00080.jpg 564 147 86 234 0.59643
00080.jpg 338 150 49 150 0.57772
00080.jpg 551 168 116 211 0.57143
00080.jpg 336 155 43 144 0.55944
00080.jpg 537 184 205 335 0.54859
00080.jpg 564 176 141 309 0.54459
00080.jpg 528 179 226 317 0.53200
00080.jpg 574 129 63 129 0.51583
00080.jpg 406 110 121 361 0.51553
00080.jpg 570 211 71 169 0.51475
00080.jpg 569 187 188 339 0.51270
00080.jpg 582 134 53 140 0.51011
00080.jpg 402 110 136 360 0.50876
00080.jpg 555 110 104 319 0.50425
00080.jpg 341 152 44 149 0.50271
