00101.jpg 442 145 63 206 0.99966
00101.jpg 440 141 66 210 0.99943
00101.jpg 311 151 50 156 0.99933
00101.jpg 234 142 59 205 0.99876
00101.jpg 442 145 64 205 0.99876
00101.jpg 487 96 101 334 0.99861
00101.jpg 553 205 201 268 0.99844
00101.jpg 486 100 109 325 0.99801
00101.jpg 440 153 67 196 0.99796
00101.jpg 573 204 189 268 0.99789
00101.jpg 549 198 213 276 0.99778
00101.jpg 236 141 55 207 0.99736
00101.jpg 240 144 53 203 0.99695
00101.jpg 309 147 54 157 0.99673
00101.jpg 550 203 220 249 0.99672
00101.jpg 565 196 207 273 0.99662
00101.jpg 564 199 195 272 0.99652
00101.jpg 314 154 46 151 0.99651
00101.jpg 314 152 48 153 0.99641
00101.jpg 238 143 54 205 0.99618
00101.jpg 311 148 53 156 0.99596
00101.jpg 240 144 52 202 0.99575
00101.jpg 235 147 58 197 0.99543
00101.jpg 312 156 50 144 0.99539
00101.jpg 545 192 219 272 0.99518
00101.jpg 311 152 48 149 0.99509
00101.jpg 441 144 65 207 0.99506
00101.jpg 309 154 56 145 0.99497
00101.jpg 566 193 196 282 0.99479
00101.jpg 545 193 220 264 0.99465
00101.jpg 239 143 49 206 0.99461
00101.jpg 312 154 50 149 0.99431
00101.jpg 313 153 51 146 0.99424
00101.jpg 481 97 109 322 0.99416
00101.jpg 556 195 198 276 0.99407
00101.jpg 546 197 224 262 0.99406
00101.jpg 551 200 201 271 0.99385
00101.jpg 443 151 63 198 0.99345
00101.jpg 553 204 206 260 0.99314
00101.jpg 240 145 53 207 0.99263
00101.jpg 308 150 57 155 0.99237
00101.jpg 312 149 53 150 0.99236
00101.jpg 313 155 53 150 0.99235
00101.jpg 485 91 102 348 0.99224
00101.jpg 235 147 57 198 0.99202
00101.jpg 555 200 206 267 0.99158
00101.jpg 489 95 101 326 0.99144
00101.jpg 560 200 210 264 0.99137
00101.jpg 234 143 62 199 0.99123
00101.jpg 237 146 51 197 0.99113
00101.jpg 556 204 206 253 0.99101
00101.jpg 556 202 206 264 0.99089
00101.jpg 442 152 64 189 0.99054
00101.jpg 488 95 105 331 0.99042
00101.jpg 444 144 64 210 0.99039
00101.jpg 560 209 204 253 0.98951
00101.jpg 558 196 199 276 0.98904
00101.jpg 311 152 53 149 0.98901
00101.jpg 317 154 47 148 0.98881
00101.jpg 542 211 216 259 0.98810
00101.jpg 487 99 101 323 0.98787
00101.jpg 444 144 59 205 0.98689
00101.jpg 237 142 57 210 0.98688
00101.jpg 438 145 62 203 0.98687
00101.jpg 489 100 108 330 0.98679
00101.jpg 236 142 56 212 0.98676
00101.jpg 441 148 65 206 0.98635
00101.jpg 238 146 55 199 0.98617
00101.jpg 552 200 213 277 0.98604
00101.jpg 566 206 185 262 0.98536
00101.jpg 443 146 62 200 0.98507
00101.jpg 561 198 200 264 0.98488
00101.jpg 314 150 47 154 0.98487
00101.jpg 557 200 205 273 0.98452
00101.jpg 559 184 200 276 0.98440
00101.jpg 238 136 53 213 0.98407
00101.jpg 556 204 208 246 0.98399
00101.jpg 486 93 96 332 0.98297
00101.jpg 491 94 97 338 0.98277
00101.jpg 484 95 101 334 0.98276
00101.jpg 441 146 65 207 0.98271
00101.jpg 440 147 64 199 0.98265
00101.jpg 314 156 48 150 0.98249
00101.jpg 314 154 50 145 0.98234
00101.jpg 443 146 61 204 0.98205
00101.jpg 554 194 204 272 0.98179
00101.jpg 239 145 50 209 0.98150
00101.jpg 548 191 228 267 0.98141
00101.jpg 549 189 219 279 0.98001
00101.jpg 442 144 62 212 0.97962
00101.jpg 312 154 52 150 0.97942
00101.jpg 440 145 66 203 0.97918
00101.jpg 235 147 58 201 0.97913
00101.jpg 442 149 64 203 0.97894
00101.jpg 312 156 51 144 0.97883
00101.jpg 312 157 52 143 0.97867
00101.jpg 490 98 99 320 0.97843
00101.jpg 480 103 113 306 0.97801
00101.jpg 554 196 206 277 0.97771
00101.jpg 559 184 207 284 0.97749
00101.jpg 556 196 204 283 0.97729
00101.jpg 561 192 198 257 0.97720
00101.jpg 489 93 92 345 0.97698
00101.jpg 312 148 51 159 0.97671
00101.jpg 238 142 54 208 0.97653
00101.jpg 558 197 195 283 0.97649
00101.jpg 555 201 201 275 0.97606
00101.jpg 489 104 97 316 0.97576
00101.jpg 442 141 61 203 0.97558
00101.jpg 547 184 204 286 0.97550
00101.jpg 442 146 62 201 0.97545
00101.jpg 238 143 52 207 0.97527
00101.jpg 445 146 60 201 0.97405
00101.jpg 556 203 201 263 0.97314
00101.jpg 546 198 217 274 0.97258
00101.jpg 237 143 57 199 0.97249
00101.jpg 560 196 206 279 0.97241
00101.jpg 312 154 52 150 0.97198
00101.jpg 482 97 104 313 0.97117
00101.jpg 438 149 69 199 0.97055
00101.jpg 546 203 207 263 0.97054
00101.jpg 552 195 211 278 0.97036
00101.jpg 560 196 201 260 0.97013
00101.jpg 553 199 204 266 0.96985
00101.jpg 312 153 54 153 0.96952
00101.jpg 486 102 102 321 0.96949
00101.jpg 236 148 58 198 0.96912
00101.jpg 550 194 213 276 0.96891
00101.jpg 556 201 205 271 0.96890
00101.jpg 240 144 52 206 0.96855
00101.jpg 560 121 56 251 0.96849
00101.jpg 241 146 51 200 0.96774
00101.jpg 550 216 210 249 0.96755
00101.jpg 557 200 207 274 0.96731
00101.jpg 447 148 57 203 0.96719
00101.jpg 443 147 64 207 0.96687
00101.jpg 240 140 54 206 0.96430
00101.jpg 561 203 196 261 0.96152
00101.jpg 440 145 65 209 0.96066
00101.jpg 239 144 55 208 0.95970
00101.jpg 490 113 107 291 0.95957
00101.jpg 486 101 110 327 0.95872
00101.jpg 235 146 55 204 0.95855
00101.jpg 442 150 65 201 0.95812
00101.jpg 436 150 67 196 0.95726
00101.jpg 440 149 67 201 0.95720
00101.jpg 313 152 51 152 0.95683
00101.jpg 312 154 51 151 0.95654
00101.jpg 316 153 48 150 0.95608
00101.jpg 483 93 123 331 0.95604
00101.jpg 314 151 48 154 0.95536
00101.jpg 561 197 204 271 0.95223
00101.jpg 237 143 57 204 0.95070
00101.jpg 561 127 56 234 0.95043
00101.jpg 563 208 196 257 0.95042
00101.jpg 558 204 204 254 0.94800
00101.jpg 231 144 61 206 0.94774
00101.jpg 315 154 48 148 0.94462
00101.jpg 440 143 65 212 0.94378
00101.jpg 238 147 56 197 0.94239
00101.jpg 444 148 66 208 0.94234
00101.jpg 440 147 62 198 0.94212
00101.jpg 441 148 65 206 0.94093
00101.jpg 237 141 57 205 0.94018
00101.jpg 486 101 108 329 0.93998
00101.jpg 483 90 111 344 0.93875
00101.jpg 561 130 56 228 0.93784
00101.jpg 555 201 203 270 0.93723
00101.jpg 557 120 65 261 0.93661
00101.jpg 441 149 66 193 0.93420
00101.jpg 493 99 99 315 0.93064
00101.jpg 235 146 56 198 0.92725
00101.jpg 493 100 93 323 0.92668
00101.jpg 441 157 64 186 0.92554
00101.jpg 235 144 59 201 0.92492
00101.jpg 311 152 54 152 0.92477
00101.jpg 490 101 99 311 0.92476
00101.jpg 315 151 48 150 0.92417
00101.jpg 237 146 58 200 0.92181
00101.jpg 237 150 55 198 0.92159
00101.jpg 484 102 102 311 0.92070
00101.jpg 442 148 63 203 0.92003
00101.jpg 545 206 218 254 0.91951
00101.jpg 447 139 61 212 0.91361
00101.jpg 482 99 114 319 0.91354
00101.jpg 311 152 52 154 0.91096
00101.jpg 438 142 71 208 0.90983
00101.jpg 312 153 52 149 0.90979
00101.jpg 562 198 196 265 0.90942
00101.jpg 234 147 64 200 0.90689
00101.jpg 440 144 64 208 0.90597
00101.jpg 474 109 127 287 0.90529
00101.jpg 309 151 53 153 0.90188
00101.jpg 490 99 100 325 0.90132
00101.jpg 490 107 100 311 0.90017
00101.jpg 239 143 59 200 0.89905
00101.jpg 558 128 62 237 0.89760
00101.jpg 239 150 55 193 0.89757
00101.jpg 555 131 61 248 0.89694
00101.jpg 487 97 115 337 0.89478
00101.jpg 234 142 64 205 0.89349
00101.jpg 563 204 195 257 0.89234
00101.jpg 238 141 55 207 0.88710
00101.jpg 313 151 51 150 0.88632
00101.jpg 307 150 58 149 0.88619
00101.jpg 555 186 207 284 0.88116
00101.jpg 563 200 200 277 0.88003
00101.jpg 312 160 55 133 0.87847
00101.jpg 556 207 208 251 0.87640
00101.jpg 490 86 85 326 0.86943
00101.jpg 554 125 60 249 0.86839
00101.jpg 486 103 99 319 0.86415
00101.jpg 560 118 62 282 0.86355
00101.jpg 447 139 63 208 0.86019
00101.jpg 442 145 60 211 0.85926
00101.jpg 557 116 63 278 0.85848
00101.jpg 311 152 53 150 0.85837
00101.jpg 552 118 61 288 0.85592
00101.jpg 488 90 94 339 0.85542
00101.jpg 485 99 108 333 0.85202
00101.jpg 546 116 69 297 0.85182
00101.jpg 441 149 62 199 0.84916
00101.jpg 481 101 116 310 0.84871
00101.jpg 557 128 60 245 0.84330
00101.jpg 554 113 62 273 0.84186
00101.jpg 441 150 66 202 0.83953
00101.jpg 556 134 61 252 0.83803
00101.jpg 440 147 64 206 0.83643
00101.jpg 555 198 205 272 0.83629
00101.jpg 481 104 118 305 0.83429
00101.jpg 313 155 53 141 0.83413
00101.jpg 478 124 120 283 0.83391
00101.jpg 563 121 57 262 0.83052
00101.jpg 489 100 110 333 0.82977
00101.jpg 493 95 92 329 0.82841
00101.jpg 237 142 56 219 0.82687
00101.jpg 557 108 59 295 0.82505
00101.jpg 457 98 143 301 0.82486
00101.jpg 559 121 55 244 0.82475
00101.jpg 562 128 55 173 0.82178
00101.jpg 547 202 206 268 0.82052
00101.jpg 315 148 54 153 0.82051
00101.jpg 235 138 59 210 0.82004
00101.jpg 562 201 200 264 0.82004
00101.jpg 554 198 211 283 0.81422
00101.jpg 543 198 212 262 0.81352
00101.jpg 313 156 53 148 0.81220
00101.jpg 317 155 48 149 0.80916
00101.jpg 558 206 200 245 0.80874
00101.jpg 481 102 121 333 0.80414
00101.jpg 482 107 119 294 0.80348
00101.jpg 238 147 57 196 0.80212
00101.jpg 314 151 48 155 0.80055
00101.jpg 480 106 105 311 0.79601
00101.jpg 488 95 89 325 0.79151
00101.jpg 306 157 58 137 0.78646
00101.jpg 554 196 203 269 0.78545
00101.jpg 558 126 56 255 0.77906
00101.jpg 441 144 58 199 0.77887
00101.jpg 237 149 56 193 0.77404
00101.jpg 305 159 59 142 0.77237
00101.jpg 549 188 209 284 0.77006
00101.jpg 563 124 50 237 0.76994
00101.jpg 559 133 56 236 0.76756
00101.jpg 565 126 50 163 0.76372
00101.jpg 563 128 60 179 0.76030
00101.jpg 488 99 99 320 0.75953
00101.jpg 565 266 58 67 0.75876
00101.jpg 547 127 70 282 0.75688
00101.jpg 553 119 64 257 0.75630
00101.jpg 562 127 60 158 0.75176
00101.jpg 556 128 63 235 0.74674
00101.jpg 240 145 54 200 0.74650
00101.jpg 493 89 100 346 0.74233
00101.jpg 560 126 55 250 0.74162
00101.jpg 479 104 120 305 0.74077
00101.jpg 314 154 51 146 0.73849
00101.jpg 554 121 59 242 0.73399
00101.jpg 436 132 77 212 0.73334
00101.jpg 555 122 62 244 0.73180
00101.jpg 437 150 72 196 0.72126
00101.jpg 562 124 51 204 0.72081
00101.jpg 485 96 103 304 0.72052
00101.jpg 440 147 68 196 0.71908
00101.jpg 558 106 55 297 0.71507
00101.jpg 480 106 132 321 0.70698
00101.jpg 561 204 191 251 0.70684
00101.jpg 481 102 104 300 0.70313
00101.jpg 314 154 53 142 0.70053
00101.jpg 439 134 68 217 0.69872
00101.jpg 549 121 74 252 0.69222
00101.jpg 563 126 54 175 0.69059
00101.jpg 486 111 107 308 0.69034
00101.jpg 312 153 47 152 0.68913
00101.jpg 441 150 58 198 0.68807
00101.jpg 482 114 108 288 0.68342
00101.jpg 572 277 53 75 0.68275
00101.jpg 562 124 54 159 0.68254
00101.jpg 234 157 63 181 0.68244
00101.jpg 441 147 61 205 0.68234
00101.jpg 553 122 71 251 0.67998
00101.jpg 477 111 120 304 0.67808
00101.jpg 565 250 54 109 0.67466
00101.jpg 491 104 107 321 0.67411
00101.jpg 484 105 110 294 0.67286
00101.jpg 311 156 54 145 0.66908
00101.jpg 559 203 196 270 0.66860
00101.jpg 546 170 208 318 0.66745
00101.jpg 306 151 59 149 0.66475
00101.jpg 495 103 102 327 0.66391
00101.jpg 472 97 132 298 0.66358
00101.jpg 240 145 57 197 0.66349
00101.jpg 480 105 120 311 0.65985
00101.jpg 444 150 65 209 0.65870
00101.jpg 236 143 58 202 0.65863
00101.jpg 239 151 49 194 0.65489
00101.jpg 477 126 130 283 0.65193
00101.jpg 565 194 202 274 0.65120
00101.jpg 238 140 61 216 0.64496
00101.jpg 235 149 54 200 0.64199
00101.jpg 316 154 52 148 0.63835
00101.jpg 552 122 67 265 0.63806
00101.jpg 494 96 103 328 0.63538
00101.jpg 307 152 60 148 0.62950
00101.jpg 310 152 48 155 0.61550
00101.jpg 463 98 148 300 0.61246
00101.jpg 565 126 54 152 0.61101
00101.jpg 505 93 113 335 0.60968
00101.jpg 561 183 194 303 0.60877
00101.jpg 312 151 45 149 0.60825
00101.jpg 553 111 73 304 0.60773
00101.jpg 554 120 66 238 0.60269
00101.jpg 562 132 56 191 0.60171
00101.jpg 439 158 65 185 0.58249
00101.jpg 566 283 57 65 0.57833
00101.jpg 447 128 70 243 0.57087
00101.jpg 557 104 61 309 0.55858
00101.jpg 312 157 47 152 0.55665
00101.jpg 233 151 58 200 0.55481
00101.jpg 477 94 104 327 0.55444
00101.jpg 234 144 63 202 0.55249
00101.jpg 474 108 144 291 0.54961
00101.jpg 236 139 62 213 0.54927
00101.jpg 441 144 71 194 0.54054
00101.jpg 552 117 69 268 0.53213
00101.jpg 560 127 59 180 0.53206
00101.jpg 562 277 55 64 0.52903
00101.jpg 562 201 186 256 0.52594
00101.jpg 566 194 54 193 0.52129
00101.jpg 309 159 52 136 0.51666
00101.jpg 555 208 234 250 0.50661
00101.jpg 497 109 120 318 0.50370
