00012.jpg 444 109 402 358 0.99937
00012.jpg 248 82 213 361 0.99928
00012.jpg 254 82 208 369 0.99922
00012.jpg 251 74 191 382 0.99912
00012.jpg 254 71 212 393 0.99904
00012.jpg 260 80 191 378 0.99897
00012.jpg 450 111 367 343 0.99838
00012.jpg 812 41 147 400 0.99774
00012.jpg 804 51 155 390 0.99773
00012.jpg 808 39 151 396 0.99758
00012.jpg 803 38 144 397 0.99728
00012.jpg 244 75 202 370 0.99700
00012.jpg 264 81 195 373 0.99698
00012.jpg 247 86 217 370 0.99688
00012.jpg 803 36 156 401 0.99674
00012.jpg 243 75 206 383 0.99633
00012.jpg 251 83 196 370 0.99629
00012.jpg 254 87 191 367 0.99604
00012.jpg 812 40 146 404 0.99582
00012.jpg 806 36 153 413 0.99564
00012.jpg 252 83 207 370 0.99551
00012.jpg 0 205 34 177 0.99551
00012.jpg 247 83 204 361 0.99549
00012.jpg 801 44 157 391 0.99548
00012.jpg 809 49 150 383 0.99510
00012.jpg 451 126 385 323 0.99460
00012.jpg 799 28 160 411 0.99446
00012.jpg 250 76 202 361 0.99442
00012.jpg 253 85 186 364 0.99418
00012.jpg 812 37 146 393 0.99413
00012.jpg 251 77 209 377 0.99384
00012.jpg 448 105 397 334 0.99374
00012.jpg 452 99 369 354 0.99362
00012.jpg 810 50 142 374 0.99270
00012.jpg 442 123 395 322 0.99248
00012.jpg 452 3 136 429 0.99184
00012.jpg 455 112 371 332 0.99157
00012.jpg 449 108 380 341 0.99124
00012.jpg 423 78 410 392 0.99111
00012.jpg 247 74 208 383 0.99108
00012.jpg 451 118 384 324 0.99104
00012.jpg 454 111 375 328 0.99073
00012.jpg 802 39 157 398 0.99044
00012.jpg 808 52 146 379 0.98990
00012.jpg 796 39 163 415 0.98975
00012.jpg 256 76 200 369 0.98974
00012.jpg 262 79 199 368 0.98952
00012.jpg 458 102 384 345 0.98926
00012.jpg 246 73 211 378 0.98869
00012.jpg 246 83 210 376 0.98766
00012.jpg 801 41 158 399 0.98764
00012.jpg 0 208 36 169 0.98756
00012.jpg 801 45 158 401 0.98554
00012.jpg 447 104 371 351 0.98524
00012.jpg 468 115 377 339 0.98471
00012.jpg 807 49 151 390 0.98438
00012.jpg 0 214 38 161 0.98418
00012.jpg 432 108 405 332 0.98415
00012.jpg 797 37 157 406 0.98386
00012.jpg 254 69 207 397 0.98307
00012.jpg 452 113 372 349 0.98304
00012.jpg 250 73 203 382 0.98216
00012.jpg 428 32 64 134 0.97973
00012.jpg 255 83 199 377 0.97873
00012.jpg 803 37 156 407 0.97866
00012.jpg 250 74 196 388 0.97730
00012.jpg 810 46 145 396 0.97314
00012.jpg 255 81 201 371 0.97143
00012.jpg 254 75 195 386 0.96987
00012.jpg 445 108 391 350 0.96979
00012.jpg 811 43 148 396 0.96899
00012.jpg 798 28 161 416 0.96881
00012.jpg 446 118 389 323 0.96824
00012.jpg 0 206 39 171 0.96731
00012.jpg 0 215 36 156 0.96708
00012.jpg 425 36 67 132 0.96701
00012.jpg 811 45 148 393 0.96644
00012.jpg 421 99 397 375 0.96630
00012.jpg 807 46 152 381 0.96611
00012.jpg 445 18 131 390 0.96492
00012.jpg 0 212 40 160 0.96480
00012.jpg 240 73 234 389 0.96074
00012.jpg 401 118 470 330 0.95866
00012.jpg 260 63 198 407 0.95836
00012.jpg 254 77 203 373 0.95821
00012.jpg 427 99 452 362 0.95642
00012.jpg 426 34 69 133 0.95511
00012.jpg 457 111 365 346 0.95505
00012.jpg 256 78 197 367 0.95311
00012.jpg 460 6 115 199 0.95262
00012.jpg 456 123 374 329 0.95229
00012.jpg 430 30 68 140 0.95192
00012.jpg 811 44 145 395 0.95130
00012.jpg 255 67 199 378 0.95074
00012.jpg 479 93 338 373 0.94942
00012.jpg 455 120 362 327 0.94795
00012.jpg 468 1 111 205 0.94779
00012.jpg 466 122 375 324 0.94774
00012.jpg 804 54 155 393 0.94766
00012.jpg 800 38 159 416 0.94748
00012.jpg 251 85 197 357 0.94268
00012.jpg 429 30 63 132 0.94174
00012.jpg 0 209 36 163 0.94096
00012.jpg 246 80 216 373 0.94019
00012.jpg 257 90 199 356 0.93926
00012.jpg 447 1 154 445 0.93824
00012.jpg 247 88 204 363 0.93603
00012.jpg 462 12 113 198 0.93512
00012.jpg 253 69 204 389 0.93425
00012.jpg 250 87 201 371 0.93425
00012.jpg 0 211 34 162 0.93099
00012.jpg 2 213 36 157 0.92982
00012.jpg 475 105 355 343 0.92634
00012.jpg 430 33 66 132 0.92449
00012.jpg 433 34 63 139 0.92353
00012.jpg 806 49 153 385 0.92202
00012.jpg 438 78 188 357 0.91463
00012.jpg 257 87 190 386 0.91451
00012.jpg 0 208 44 167 0.91300
00012.jpg 806 35 153 401 0.91236
00012.jpg 803 40 155 396 0.90943
00012.jpg 478 104 353 349 0.90757
00012.jpg 472 13 105 180 0.90700
00012.jpg 463 6 120 216 0.90597
00012.jpg 464 8 116 290 0.90368
00012.jpg 466 4 105 197 0.90199
00012.jpg 432 3 146 424 0.89924
00012.jpg 466 9 115 194 0.89818
00012.jpg 448 10 122 369 0.89607
00012.jpg 1 210 34 170 0.89524
00012.jpg 423 7 102 428 0.89462
00012.jpg 263 69 190 385 0.89389
00012.jpg 425 27 103 404 0.89377
00012.jpg 268 83 178 361 0.89340
00012.jpg 427 37 63 133 0.88670
00012.jpg 466 6 117 225 0.88395
00012.jpg 465 9 113 198 0.88139
00012.jpg 431 36 62 132 0.88024
00012.jpg 431 38 63 124 0.88021
00012.jpg 462 12 116 207 0.88016
00012.jpg 447 89 390 377 0.87868
00012.jpg 425 29 63 134 0.87773
00012.jpg 807 40 152 402 0.87604
00012.jpg 459 6 120 260 0.87383
00012.jpg 431 36 66 125 0.86716
00012.jpg 425 44 93 361 0.86716
00012.jpg 0 212 41 159 0.86663
00012.jpg 428 30 64 132 0.86395
00012.jpg 473 8 98 201 0.85884
00012.jpg 440 21 148 409 0.85532
00012.jpg 475 2 99 221 0.85330
00012.jpg 431 31 65 132 0.85252
00012.jpg 3 218 39 158 0.84887
00012.jpg 428 33 64 134 0.84685
00012.jpg 255 80 221 352 0.84638
00012.jpg 421 38 91 386 0.84637
00012.jpg 420 27 79 147 0.84611
00012.jpg 498 123 330 315 0.84384
00012.jpg 427 26 84 385 0.84311
00012.jpg 800 38 159 410 0.84293
00012.jpg 469 8 108 199 0.84116
00012.jpg 802 39 148 418 0.84053
00012.jpg 244 78 226 387 0.84017
00012.jpg 487 108 360 348 0.83792
00012.jpg 468 10 105 209 0.83779
00012.jpg 457 104 368 351 0.83427
00012.jpg 443 101 372 333 0.83338
00012.jpg 437 98 359 355 0.83183
00012.jpg 487 111 355 341 0.83130
00012.jpg 429 31 67 145 0.82960
00012.jpg 465 5 107 203 0.82936
00012.jpg 475 1 102 215 0.82552
00012.jpg 434 18 113 421 0.82087
00012.jpg 447 18 126 395 0.81843
00012.jpg 462 3 118 214 0.81651
00012.jpg 436 80 414 381 0.80967
00012.jpg 459 107 339 332 0.80800
00012.jpg 257 87 188 363 0.80565
00012.jpg 432 32 60 135 0.80246
00012.jpg 463 8 119 197 0.80192
00012.jpg 790 43 167 387 0.80182
00012.jpg 466 6 110 215 0.80095
00012.jpg 3 213 26 151 0.79756
00012.jpg 426 31 67 146 0.79619
00012.jpg 0 213 33 152 0.79298
00012.jpg 425 29 81 148 0.79272
00012.jpg 422 7 157 407 0.78773
00012.jpg 428 37 66 124 0.78635
00012.jpg 0 210 42 162 0.77775
00012.jpg 405 86 423 396 0.77589
00012.jpg 427 32 65 133 0.77398
00012.jpg 0 208 43 170 0.77267
00012.jpg 442 39 133 372 0.77096
00012.jpg 441 69 443 382 0.76744
00012.jpg 5 217 31 158 0.76169
00012.jpg 478 8 101 206 0.75580
00012.jpg 423 25 75 139 0.75489
00012.jpg 432 38 64 135 0.75271
00012.jpg 430 31 79 394 0.75112
00012.jpg 431 43 65 114 0.75092
00012.jpg 430 23 139 403 0.75042
00012.jpg 426 29 76 148 0.74812
00012.jpg 429 30 65 143 0.74788
00012.jpg 414 117 401 335 0.74436
00012.jpg 0 205 41 169 0.74408
00012.jpg 460 11 109 220 0.74250
00012.jpg 431 31 58 131 0.74158
00012.jpg 444 2 144 347 0.74087
00012.jpg 446 22 143 401 0.73686
00012.jpg 450 14 125 382 0.73437
00012.jpg 0 211 42 160 0.73251
00012.jpg 434 21 127 395 0.72970
00012.jpg 460 117 359 327 0.72791
00012.jpg 431 33 63 140 0.72097
00012.jpg 430 35 59 133 0.71525
00012.jpg 429 36 66 125 0.71357
00012.jpg 414 108 426 320 0.70839
00012.jpg 424 24 81 354 0.69784
00012.jpg 0 210 39 155 0.69733
00012.jpg 462 17 119 182 0.69638
00012.jpg 462 19 117 398 0.69462
00012.jpg 462 7 119 236 0.69209
00012.jpg 429 18 82 410 0.69186
00012.jpg 463 13 112 192 0.68943
00012.jpg 2 213 35 161 0.68770
00012.jpg 460 6 118 217 0.68667
00012.jpg 432 33 67 144 0.67944
00012.jpg 430 15 101 409 0.67631
00012.jpg 5 212 35 169 0.67399
00012.jpg 422 38 70 138 0.67105
00012.jpg 418 24 94 385 0.66877
00012.jpg 466 9 113 185 0.66417
00012.jpg 449 111 383 335 0.66381
00012.jpg 428 29 108 409 0.66339
00012.jpg 445 8 115 359 0.66298
00012.jpg 244 76 205 374 0.65917
00012.jpg 424 24 76 162 0.65905
00012.jpg 426 37 61 123 0.65257
00012.jpg 252 65 219 391 0.64898
00012.jpg 428 31 65 131 0.64562
00012.jpg 477 11 102 196 0.64465
00012.jpg 451 9 131 204 0.64136
00012.jpg 249 74 202 383 0.64123
00012.jpg 423 32 72 144 0.63904
00012.jpg 440 98 306 342 0.63852
00012.jpg 458 4 116 206 0.63230
00012.jpg 469 86 151 355 0.63165
00012.jpg 427 12 133 421 0.63000
00012.jpg 467 11 111 176 0.62999
00012.jpg 468 130 332 313 0.62412
00012.jpg 422 37 75 160 0.62364
00012.jpg 249 83 197 367 0.62332
00012.jpg 1 210 26 155 0.62278
00012.jpg 246 88 199 362 0.61463
00012.jpg 468 9 106 263 0.61304
00012.jpg 418 35 87 150 0.61092
00012.jpg 430 38 58 135 0.61019
00012.jpg 3 210 36 167 0.60647
00012.jpg 434 32 61 131 0.60496
00012.jpg 468 126 342 323 0.60461
00012.jpg 456 11 118 171 0.60395
00012.jpg 465 7 108 180 0.60146
00012.jpg 794 57 165 378 0.60080
00012.jpg 430 34 62 131 0.59756
00012.jpg 396 81 360 353 0.59116
00012.jpg 467 6 114 196 0.59090
00012.jpg 425 0 170 386 0.59044
00012.jpg 422 36 70 127 0.58738
00012.jpg 0 217 43 160 0.58726
00012.jpg 429 5 71 426 0.58536
00012.jpg 411 10 192 396 0.58212
00012.jpg 249 84 207 346 0.57498
00012.jpg 422 32 72 151 0.57369
00012.jpg 0 205 46 173 0.57254
00012.jpg 426 31 62 158 0.56677
00012.jpg 489 127 308 326 0.56505
00012.jpg 472 1 103 198 0.56338
00012.jpg 486 116 349 341 0.56148
00012.jpg 418 36 123 372 0.55867
00012.jpg 463 51 144 363 0.55694
00012.jpg 419 103 406 348 0.55689
00012.jpg 440 13 134 180 0.54974
00012.jpg 459 100 339 326 0.54938
00012.jpg 468 0 111 202 0.54708
00012.jpg 5 213 37 154 0.54548
00012.jpg 416 23 158 400 0.54420
00012.jpg 427 61 74 353 0.54316
00012.jpg 437 48 137 382 0.54223
00012.jpg 0 211 47 162 0.54198
00012.jpg 422 19 156 399 0.53861
00012.jpg 799 40 160 383 0.53242
00012.jpg 447 82 172 349 0.53070
00012.jpg 428 25 62 134 0.52706
00012.jpg 464 5 108 216 0.52045
00012.jpg 418 31 78 151 0.51646
00012.jpg 428 22 83 253 0.51457
00012.jpg 442 75 364 374 0.51207
00012.jpg 421 35 70 163 0.51069
00012.jpg 265 89 158 354 0.51041
00012.jpg 433 38 189 382 0.50695
00012.jpg 425 18 159 377 0.50494
00012.jpg 430 28 66 132 0.50455
00012.jpg 420 6 175 414 0.50448
00012.jpg 418 6 166 313 0.50334
00012.jpg 0 208 43 166 0.50232
