00029.jpg 419 97 376 354 0.99951
00029.jpg 406 101 413 346 0.99941
00029.jpg 415 102 381 346 0.99877
00029.jpg 798 38 159 396 0.99781
00029.jpg 797 50 158 366 0.99747
00029.jpg 261 78 192 372 0.99746
00029.jpg 417 97 392 340 0.99714
00029.jpg 797 44 162 378 0.99693
00029.jpg 258 74 192 391 0.99676
00029.jpg 793 44 166 367 0.99669
00029.jpg 796 41 163 386 0.99654
00029.jpg 795 36 164 395 0.99652
00029.jpg 418 116 381 321 0.99643
00029.jpg 380 113 421 323 0.99620
00029.jpg 804 42 155 377 0.99612
00029.jpg 413 98 382 349 0.99603
00029.jpg 265 86 179 366 0.99596
00029.jpg 251 81 202 381 0.99539
00029.jpg 3 170 53 208 0.99491
00029.jpg 420 104 378 343 0.99488
00029.jpg 255 78 209 369 0.99463
00029.jpg 252 73 206 389 0.99452
00029.jpg 263 66 185 393 0.99441
00029.jpg 793 34 166 390 0.99438
00029.jpg 794 31 165 401 0.99420
00029.jpg 794 37 165 387 0.99409
00029.jpg 795 50 164 370 0.99361
00029.jpg 252 84 203 379 0.99289
00029.jpg 246 67 200 386 0.99269
00029.jpg 1 170 55 209 0.99267
00029.jpg 0 171 57 209 0.99250
00029.jpg 796 47 163 370 0.99239
00029.jpg 254 87 208 355 0.99198
00029.jpg 252 70 206 384 0.99116
00029.jpg 419 98 370 358 0.99085
00029.jpg 262 62 185 398 0.99080
00029.jpg 255 74 204 384 0.99012
00029.jpg 801 44 157 378 0.99002
00029.jpg 437 93 354 359 0.98989
00029.jpg 264 74 192 387 0.98969
00029.jpg 261 81 197 377 0.98891
00029.jpg 3 166 52 219 0.98879
00029.jpg 411 104 397 335 0.98850
00029.jpg 0 174 59 203 0.98838
00029.jpg 427 101 363 348 0.98813
00029.jpg 253 72 192 392 0.98796
00029.jpg 257 77 201 368 0.98751
00029.jpg 805 46 153 376 0.98741
00029.jpg 445 115 350 330 0.98697
00029.jpg 1 149 57 238 0.98651
00029.jpg 422 93 374 349 0.98630
00029.jpg 257 75 198 382 0.98617
00029.jpg 252 74 214 390 0.98594
00029.jpg 1 172 56 207 0.98542
00029.jpg 258 76 199 371 0.98533
00029.jpg 0 168 57 214 0.98519
00029.jpg 249 71 202 396 0.98378
00029.jpg 420 96 374 347 0.98374
00029.jpg 799 36 158 392 0.98357
00029.jpg 1 180 55 205 0.98267
00029.jpg 793 42 166 384 0.98234
00029.jpg 418 31 52 130 0.98231
00029.jpg 806 41 153 389 0.98039
00029.jpg 252 79 200 369 0.98033
00029.jpg 787 40 172 391 0.97948
00029.jpg 256 77 203 376 0.97648
00029.jpg 802 24 157 401 0.97577
00029.jpg 0 175 55 201 0.97548
00029.jpg 803 40 156 385 0.97537
00029.jpg 801 33 158 392 0.97369
00029.jpg 433 95 361 356 0.97271
00029.jpg 448 9 109 204 0.97265
00029.jpg 429 112 365 325 0.97162
00029.jpg 422 36 51 126 0.97077
00029.jpg 455 5 104 204 0.96946
00029.jpg 262 86 197 361 0.96914
00029.jpg 6 158 58 230 0.96852
00029.jpg 429 102 357 345 0.96706
00029.jpg 3 160 59 219 0.96643
00029.jpg 795 37 164 395 0.96503
00029.jpg 424 98 361 347 0.96477
00029.jpg 0 173 59 204 0.96339
00029.jpg 250 70 196 379 0.96204
00029.jpg 434 107 370 334 0.96121
00029.jpg 426 94 373 346 0.96097
00029.jpg 2 165 52 215 0.96037
00029.jpg 250 79 215 389 0.95974
00029.jpg 438 84 361 365 0.95934
00029.jpg 2 145 63 239 0.95892
00029.jpg 266 77 193 362 0.95624
00029.jpg 1 166 56 216 0.95597
00029.jpg 416 122 400 318 0.95587
00029.jpg 424 86 393 351 0.95482
00029.jpg 420 32 59 138 0.95479
00029.jpg 447 92 340 348 0.95477
00029.jpg 2 150 58 235 0.95404
00029.jpg 443 111 340 317 0.95154
00029.jpg 255 77 200 382 0.95069
00029.jpg 1 148 59 247 0.95013
00029.jpg 800 34 159 391 0.94924
00029.jpg 796 43 163 390 0.94804
00029.jpg 251 67 198 394 0.94748
00029.jpg 800 48 151 385 0.94691
00029.jpg 805 34 153 387 0.94661
00029.jpg 791 40 168 387 0.94653
00029.jpg 444 27 117 305 0.94648
00029.jpg 440 105 361 331 0.94532
00029.jpg 2 173 54 210 0.94497
00029.jpg 797 31 162 400 0.94440
00029.jpg 255 92 195 369 0.94391
00029.jpg 4 134 62 249 0.94328
00029.jpg 396 83 388 373 0.94303
00029.jpg 253 86 186 368 0.94283
00029.jpg 420 32 54 132 0.94265
00029.jpg 252 72 196 387 0.94111
00029.jpg 3 154 57 228 0.94020
00029.jpg 425 34 47 127 0.93998
00029.jpg 259 79 185 372 0.93786
00029.jpg 263 72 189 384 0.93712
00029.jpg 245 75 214 375 0.93679
00029.jpg 414 95 383 353 0.93580
00029.jpg 793 55 165 363 0.93535
00029.jpg 257 80 215 368 0.93523
00029.jpg 793 39 166 394 0.93418
00029.jpg 1 139 60 255 0.93264
00029.jpg 410 109 377 322 0.92871
00029.jpg 446 9 113 202 0.92823
00029.jpg 3 132 61 259 0.92782
00029.jpg 418 34 55 129 0.92728
00029.jpg 794 36 165 388 0.92368
00029.jpg 0 169 57 210 0.92045
00029.jpg 803 48 153 365 0.92022
00029.jpg 430 0 142 452 0.92001
00029.jpg 443 10 111 200 0.91914
00029.jpg 424 32 45 135 0.91723
00029.jpg 414 31 61 139 0.91665
00029.jpg 3 173 52 215 0.91615
00029.jpg 451 10 106 179 0.90979
00029.jpg 804 38 155 391 0.90686
00029.jpg 258 68 175 384 0.90665
00029.jpg 448 5 118 206 0.90371
00029.jpg 4 170 51 214 0.90117
00029.jpg 423 35 43 125 0.90020
00029.jpg 3 165 48 229 0.89956
00029.jpg 451 2 115 208 0.89891
00029.jpg 7 161 46 231 0.89740
00029.jpg 418 33 53 134 0.89729
00029.jpg 4 145 56 245 0.89688
00029.jpg 424 36 51 138 0.89648
00029.jpg 418 37 53 132 0.89536
00029.jpg 4 140 65 246 0.89265
00029.jpg 450 11 110 186 0.88945
00029.jpg 255 77 193 379 0.88878
00029.jpg 447 11 109 189 0.88873
00029.jpg 405 84 362 347 0.88861
00029.jpg 420 34 53 125 0.88596
00029.jpg 0 171 58 206 0.88550
00029.jpg 423 29 50 136 0.88093
00029.jpg 267 65 196 391 0.88001
00029.jpg 424 35 45 141 0.87600
00029.jpg 0 175 59 204 0.87413
00029.jpg 422 32 53 127 0.87141
00029.jpg 423 34 44 123 0.86972
00029.jpg 247 76 218 387 0.86776
00029.jpg 450 6 110 217 0.86713
00029.jpg 449 117 342 329 0.86383
00029.jpg 376 55 431 406 0.86305
00029.jpg 420 38 56 120 0.86241
00029.jpg 423 32 47 126 0.86237
00029.jpg 801 32 154 401 0.86109
00029.jpg 423 35 52 136 0.85642
00029.jpg 445 8 114 199 0.85197
00029.jpg 419 36 53 123 0.85168
00029.jpg 434 114 353 315 0.84495
00029.jpg 427 99 335 333 0.84470
00029.jpg 421 29 48 137 0.84224
00029.jpg 421 37 56 135 0.84158
00029.jpg 255 72 237 382 0.83814
00029.jpg 0 172 56 212 0.83634
00029.jpg 455 124 343 302 0.83617
00029.jpg 454 8 97 220 0.83561
00029.jpg 0 167 52 214 0.83410
00029.jpg 455 6 101 211 0.83231
00029.jpg 254 83 185 372 0.82903
00029.jpg 447 108 359 339 0.82709
00029.jpg 241 77 253 375 0.82491
00029.jpg 419 37 51 132 0.82337
00029.jpg 443 21 107 380 0.82209
00029.jpg 418 35 55 135 0.82053
00029.jpg 410 2 158 436 0.81937
00029.jpg 446 8 110 200 0.81882
00029.jpg 436 4 118 217 0.81492
00029.jpg 252 65 215 400 0.81171
00029.jpg 447 17 111 196 0.81109
00029.jpg 383 89 415 362 0.81009
00029.jpg 436 109 359 336 0.80905
00029.jpg 448 7 116 225 0.80785
00029.jpg 431 21 123 332 0.80647
00029.jpg 426 31 46 134 0.80569
00029.jpg 425 35 51 127 0.79487
00029.jpg 423 34 54 130 0.79067
00029.jpg 420 37 48 130 0.78993
00029.jpg 4 158 62 231 0.78876
00029.jpg 410 38 70 137 0.78847
00029.jpg 254 84 176 362 0.78697
00029.jpg 420 33 56 146 0.78632
00029.jpg 419 29 53 143 0.78632
00029.jpg 418 34 51 136 0.78108
00029.jpg 2 166 51 222 0.77986
00029.jpg 446 12 114 219 0.77619
00029.jpg 457 11 102 184 0.76845
00029.jpg 420 32 58 134 0.76557
00029.jpg 452 6 108 220 0.76189
00029.jpg 254 91 187 367 0.76100
00029.jpg 448 9 113 230 0.76071
00029.jpg 420 26 53 153 0.75857
00029.jpg 789 45 166 377 0.75820
00029.jpg 453 12 98 180 0.75388
00029.jpg 3 171 57 210 0.74991
00029.jpg 412 43 78 394 0.74713
00029.jpg 445 12 115 197 0.74463
00029.jpg 375 48 483 396 0.74369
00029.jpg 435 26 120 369 0.74107
00029.jpg 260 79 181 367 0.74020
00029.jpg 449 117 336 314 0.74001
00029.jpg 422 34 52 129 0.73891
00029.jpg 435 131 362 279 0.73835
00029.jpg 430 7 114 369 0.73796
00029.jpg 452 12 104 198 0.73713
00029.jpg 793 43 158 378 0.73183
00029.jpg 3 165 59 212 0.72937
00029.jpg 800 45 157 367 0.72927
00029.jpg 427 127 370 309 0.72925
00029.jpg 450 3 101 224 0.71926
00029.jpg 443 120 344 317 0.71790
00029.jpg 420 27 55 131 0.71454
00029.jpg 452 17 107 180 0.70781
00029.jpg 437 120 351 315 0.70711
00029.jpg 431 24 134 368 0.70410
00029.jpg 449 7 112 195 0.69971
00029.jpg 421 39 47 128 0.69945
00029.jpg 786 53 166 379 0.69930
00029.jpg 244 76 244 369 0.69846
00029.jpg 420 38 50 141 0.69846
00029.jpg 456 1 108 235 0.69646
00029.jpg 422 31 51 127 0.69471
00029.jpg 450 7 107 196 0.68594
00029.jpg 252 72 203 392 0.68109
00029.jpg 414 0 175 417 0.67043
00029.jpg 442 5 117 200 0.66975
00029.jpg 434 9 131 203 0.66715
00029.jpg 437 12 124 264 0.65916
00029.jpg 789 47 170 360 0.65711
00029.jpg 424 17 163 398 0.65518
00029.jpg 409 32 108 391 0.65506
00029.jpg 414 36 56 140 0.65114
00029.jpg 423 34 52 136 0.65022
00029.jpg 0 147 57 236 0.64828
00029.jpg 450 10 111 184 0.64292
00029.jpg 261 91 188 357 0.64255
00029.jpg 239 52 270 390 0.63862
00029.jpg 426 96 359 327 0.63295
00029.jpg 416 2 139 357 0.62931
00029.jpg 255 79 217 358 0.62857
00029.jpg 380 106 396 327 0.62784
00029.jpg 794 43 156 366 0.62278
00029.jpg 408 7 176 396 0.62277
00029.jpg 455 6 104 190 0.61957
00029.jpg 0 177 50 205 0.61904
00029.jpg 454 111 320 304 0.61890
00029.jpg 252 74 211 398 0.61285
00029.jpg 247 83 196 382 0.61138
00029.jpg 418 27 123 392 0.60666
00029.jpg 788 25 171 409 0.60649
00029.jpg 429 14 128 193 0.60357
00029.jpg 423 39 54 114 0.60234
00029.jpg 405 25 121 406 0.60177
00029.jpg 402 16 161 395 0.59793
00029.jpg 398 84 371 373 0.59698
00029.jpg 448 0 108 222 0.59380
00029.jpg 441 85 275 341 0.59359
00029.jpg 407 54 360 418 0.58989
00029.jpg 414 23 143 395 0.58962
00029.jpg 4 146 61 239 0.58830
00029.jpg 445 1 116 204 0.58627
00029.jpg 6 177 45 211 0.58444
00029.jpg 423 38 42 119 0.58351
00029.jpg 429 50 178 374 0.57950
00029.jpg 426 1 137 378 0.57638
00029.jpg 793 52 166 353 0.57613
00029.jpg 250 90 341 350 0.57038
00029.jpg 415 23 152 399 0.56921
00029.jpg 241 61 236 377 0.56688
00029.jpg 425 35 49 121 0.56598
00029.jpg 794 54 165 357 0.56403
00029.jpg 421 65 236 357 0.56316
00029.jpg 410 33 114 431 0.56212
00029.jpg 792 37 167 397 0.56156
00029.jpg 444 12 122 179 0.56086
00029.jpg 266 87 165 369 0.55667
00029.jpg 412 27 69 136 0.55600
00029.jpg 480 90 255 342 0.55395
00029.jpg 360 74 442 412 0.55220
00029.jpg 439 91 362 359 0.55011
00029.jpg 448 14 99 171 0.54802
00029.jpg 0 120 66 288 0.54426
00029.jpg 329 84 558 353 0.54360
00029.jpg 422 31 56 143 0.54344
00029.jpg 419 33 51 124 0.54337
00029.jpg 342 90 529 362 0.53231
00029.jpg 440 91 316 339 0.53212
00029.jpg 399 43 395 425 0.53087
00029.jpg 802 36 156 391 0.52873
00029.jpg 412 31 64 146 0.52404
00029.jpg 412 34 61 139 0.51701
00029.jpg 419 39 173 374 0.51667
00029.jpg 804 48 147 362 0.51163
00029.jpg 435 8 123 183 0.50894
00029.jpg 460 123 312 315 0.50678
00029.jpg 436 14 126 293 0.50469
00029.jpg 258 71 246 361 0.50393
00029.jpg 415 32 65 152 0.50308
00029.jpg 253 80 169 380 0.50211
00029.jpg 344 97 448 360 0.50163
00029.jpg 404 24 78 393 0.50042
00029.jpg 441 93 365 378 0.49907
