00023.jpg 412 106 396 345 0.99919
00023.jpg 419 96 388 347 0.99850
00023.jpg 789 41 170 397 0.99810
00023.jpg 266 86 190 362 0.99797
00023.jpg 794 44 149 396 0.99777
00023.jpg 259 73 195 390 0.99723
00023.jpg 797 34 160 414 0.99720
00023.jpg 790 48 169 385 0.99713
00023.jpg 436 97 377 349 0.99670
00023.jpg 438 105 383 344 0.99641
00023.jpg 264 53 188 410 0.99634
00023.jpg 808 34 151 405 0.99590
00023.jpg 807 40 151 384 0.99577
00023.jpg 791 32 168 408 0.99563
00023.jpg 801 47 147 387 0.99551
00023.jpg 261 79 208 362 0.99442
00023.jpg 250 70 222 384 0.99435
00023.jpg 259 80 204 379 0.99426
00023.jpg 791 42 168 388 0.99422
00023.jpg 421 88 411 356 0.99407
00023.jpg 252 75 209 373 0.99373
00023.jpg 792 48 167 385 0.99299
00023.jpg 262 73 193 381 0.99289
00023.jpg 253 82 220 371 0.99287
00023.jpg 2 168 51 214 0.99235
00023.jpg 262 76 195 374 0.99214
00023.jpg 804 43 155 386 0.99214
00023.jpg 446 118 353 317 0.99206
00023.jpg 798 40 155 397 0.99182
00023.jpg 249 78 229 367 0.99180
00023.jpg 250 68 207 395 0.99139
00023.jpg 252 68 215 389 0.99106
00023.jpg 254 81 209 372 0.99000
00023.jpg 260 73 209 378 0.98988
00023.jpg 2 167 49 218 0.98980
00023.jpg 453 118 364 313 0.98940
00023.jpg 4 161 46 225 0.98929
00023.jpg 1 162 48 220 0.98929
00023.jpg 463 107 338 339 0.98904
00023.jpg 0 172 55 203 0.98841
00023.jpg 435 97 373 348 0.98840
00023.jpg 429 119 374 320 0.98798
00023.jpg 795 40 164 385 0.98744
00023.jpg 3 156 44 232 0.98732
00023.jpg 793 27 166 406 0.98716
00023.jpg 1 166 49 211 0.98685
00023.jpg 435 127 365 302 0.98513
00023.jpg 250 76 212 387 0.98493
00023.jpg 258 78 210 370 0.98453
00023.jpg 795 38 164 394 0.98391
00023.jpg 249 71 202 378 0.98362
00023.jpg 417 105 412 348 0.98319
00023.jpg 3 168 48 215 0.98315
00023.jpg 439 112 358 326 0.98234
00023.jpg 253 70 212 382 0.98189
00023.jpg 0 175 52 203 0.98119
00023.jpg 256 86 217 366 0.98051
00023.jpg 429 105 379 339 0.98038
00023.jpg 462 106 348 342 0.98024
00023.jpg 799 34 160 407 0.98014
00023.jpg 465 109 338 331 0.97932
00023.jpg 263 66 205 394 0.97928
00023.jpg 799 48 159 389 0.97917
00023.jpg 0 159 59 220 0.97826
00023.jpg 803 34 154 393 0.97763
00023.jpg 255 82 209 364 0.97679
00023.jpg 422 35 62 135 0.97665
00023.jpg 0 175 52 201 0.97655
00023.jpg 418 98 399 335 0.97483
00023.jpg 262 81 197 371 0.97423
00023.jpg 460 108 334 327 0.97366
00023.jpg 260 82 191 365 0.97293
00023.jpg 0 167 51 216 0.97150
00023.jpg 254 71 192 379 0.97079
00023.jpg 6 165 51 222 0.97014
00023.jpg 803 43 155 384 0.96906
00023.jpg 0 173 54 203 0.96834
00023.jpg 425 28 56 144 0.96807
00023.jpg 786 35 173 405 0.96653
00023.jpg 800 52 156 373 0.96629
00023.jpg 440 112 385 316 0.96622
00023.jpg 262 68 205 402 0.96530
00023.jpg 419 34 59 132 0.96496
00023.jpg 0 162 55 214 0.96494
00023.jpg 1 155 57 228 0.96417
00023.jpg 798 31 161 410 0.96066
00023.jpg 1 161 60 225 0.96045
00023.jpg 250 68 233 385 0.95884
00023.jpg 452 126 362 309 0.95624
00023.jpg 433 104 378 352 0.95621
00023.jpg 425 38 56 130 0.95467
00023.jpg 461 107 337 331 0.95346
00023.jpg 421 35 57 134 0.95333
00023.jpg 447 110 370 340 0.95298
00023.jpg 0 166 51 215 0.95295
00023.jpg 425 34 51 130 0.95114
00023.jpg 464 104 364 360 0.94934
00023.jpg 420 73 388 399 0.94847
00023.jpg 422 33 59 136 0.94635
00023.jpg 439 112 376 312 0.94448
00023.jpg 423 38 56 124 0.94290
00023.jpg 446 103 372 343 0.94038
00023.jpg 0 172 58 208 0.93981
00023.jpg 253 84 209 362 0.93691
00023.jpg 257 76 204 383 0.93689
00023.jpg 429 38 50 135 0.93568
00023.jpg 409 72 421 382 0.93543
00023.jpg 425 65 183 359 0.93444
00023.jpg 459 15 97 255 0.93438
00023.jpg 422 35 57 134 0.93382
00023.jpg 795 52 152 392 0.93329
00023.jpg 254 75 217 373 0.93276
00023.jpg 425 36 50 130 0.93240
00023.jpg 448 14 125 422 0.93194
00023.jpg 1 175 49 204 0.92969
00023.jpg 253 100 197 347 0.92950
00023.jpg 419 34 62 138 0.92946
00023.jpg 2 157 55 217 0.92937
00023.jpg 425 34 56 138 0.92830
00023.jpg 433 15 149 433 0.92790
00023.jpg 255 70 206 381 0.92752
00023.jpg 422 31 59 134 0.92738
00023.jpg 5 154 53 226 0.92735
00023.jpg 420 32 58 136 0.92606
00023.jpg 423 30 57 134 0.92274
00023.jpg 6 150 47 229 0.92268
00023.jpg 2 161 54 217 0.92203
00023.jpg 447 2 113 227 0.91933
00023.jpg 425 34 55 132 0.91904
00023.jpg 800 44 159 386 0.91491
00023.jpg 799 41 159 389 0.91162
00023.jpg 456 0 112 216 0.91140
00023.jpg 257 77 201 382 0.91001
00023.jpg 794 42 165 409 0.90838
00023.jpg 799 31 159 404 0.90791
00023.jpg 422 34 57 139 0.90734
00023.jpg 454 93 355 348 0.90467
00023.jpg 422 31 54 136 0.90347
00023.jpg 462 7 100 197 0.90101
00023.jpg 452 92 359 357 0.89946
00023.jpg 3 165 54 217 0.89702
00023.jpg 431 61 377 383 0.89700
00023.jpg 4 157 54 228 0.89690
00023.jpg 460 8 103 192 0.89449
00023.jpg 0 161 50 227 0.88902
00023.jpg 245 87 221 376 0.88858
00023.jpg 433 102 329 331 0.88608
00023.jpg 449 18 119 379 0.88052
00023.jpg 433 100 374 327 0.87599
00023.jpg 426 115 384 308 0.87426
00023.jpg 256 76 216 378 0.87382
00023.jpg 426 34 56 135 0.86918
00023.jpg 263 81 180 378 0.86668
00023.jpg 0 177 54 205 0.86532
00023.jpg 452 7 106 207 0.86092
00023.jpg 424 31 56 135 0.86007
00023.jpg 426 33 167 394 0.85729
00023.jpg 249 82 221 377 0.85376
00023.jpg 391 92 418 349 0.85211
00023.jpg 457 10 106 188 0.85153
00023.jpg 431 126 382 294 0.85102
00023.jpg 0 166 54 215 0.84800
00023.jpg 424 74 401 398 0.84797
00023.jpg 4 177 49 199 0.84718
00023.jpg 424 40 59 123 0.84706
00023.jpg 423 35 60 129 0.84193
00023.jpg 251 68 213 388 0.83981
00023.jpg 444 103 375 343 0.83948
00023.jpg 251 76 204 394 0.83532
00023.jpg 424 36 56 141 0.83532
00023.jpg 436 8 132 318 0.82713
00023.jpg 255 65 236 374 0.82708
00023.jpg 424 30 54 145 0.82585
00023.jpg 433 10 141 402 0.82496
00023.jpg 440 93 364 362 0.82380
00023.jpg 791 45 154 385 0.82149
00023.jpg 425 33 58 128 0.81945
00023.jpg 454 3 110 309 0.81590
00023.jpg 427 10 134 415 0.81550
00023.jpg 434 15 123 399 0.81394
00023.jpg 433 10 132 407 0.81201
00023.jpg 431 62 386 392 0.81163
00023.jpg 423 29 57 143 0.80901
00023.jpg 472 102 316 336 0.80469
00023.jpg 459 8 105 211 0.80210
00023.jpg 426 35 58 135 0.80047
00023.jpg 418 0 177 418 0.79925
00023.jpg 426 34 52 131 0.79856
00023.jpg 450 13 115 199 0.79218
00023.jpg 425 33 148 397 0.79090
00023.jpg 425 32 56 140 0.79024
00023.jpg 447 10 120 211 0.78972
00023.jpg 0 171 54 207 0.78826
00023.jpg 3 177 51 203 0.78751
00023.jpg 794 48 165 370 0.78202
00023.jpg 265 72 186 402 0.78116
00023.jpg 430 25 159 391 0.78116
00023.jpg 458 107 371 350 0.77790
00023.jpg 262 84 167 367 0.77612
00023.jpg 414 31 67 136 0.77560
00023.jpg 414 83 373 358 0.77384
00023.jpg 465 105 147 309 0.77299
00023.jpg 423 36 55 136 0.76955
00023.jpg 426 63 216 365 0.76865
00023.jpg 0 156 59 217 0.76751
00023.jpg 433 24 177 407 0.76610
00023.jpg 423 32 57 134 0.76554
00023.jpg 454 0 113 288 0.75742
00023.jpg 419 0 155 412 0.75594
00023.jpg 423 38 57 128 0.75286
00023.jpg 250 69 220 406 0.75263
00023.jpg 462 9 101 195 0.75216
00023.jpg 447 11 123 214 0.74961
00023.jpg 261 94 193 353 0.74928
00023.jpg 457 3 102 212 0.74847
00023.jpg 427 8 135 430 0.74629
00023.jpg 795 32 160 394 0.74418
00023.jpg 409 38 75 133 0.74278
00023.jpg 459 18 101 197 0.74143
00023.jpg 413 69 234 353 0.73954
00023.jpg 425 32 56 138 0.73839
00023.jpg 257 84 195 365 0.73816
00023.jpg 789 43 170 384 0.73779
00023.jpg 804 41 155 392 0.73671
00023.jpg 267 85 177 362 0.73661
00023.jpg 408 8 171 308 0.73427
00023.jpg 408 91 376 329 0.73106
00023.jpg 459 1 109 232 0.72985
00023.jpg 249 64 220 406 0.72490
00023.jpg 433 39 170 383 0.72365
00023.jpg 453 13 113 249 0.72261
00023.jpg 429 23 156 404 0.71841
00023.jpg 453 67 120 353 0.71484
00023.jpg 4 170 46 209 0.71465
00023.jpg 486 100 267 319 0.71291
00023.jpg 427 26 177 397 0.71223
00023.jpg 421 37 55 129 0.70989
00023.jpg 799 43 160 372 0.70774
00023.jpg 409 26 72 149 0.70582
00023.jpg 415 32 64 139 0.70120
00023.jpg 454 2 107 222 0.70020
00023.jpg 451 10 103 197 0.69658
00023.jpg 458 4 112 194 0.69316
00023.jpg 456 9 111 199 0.69226
00023.jpg 0 168 45 213 0.69177
00023.jpg 428 4 153 358 0.69073
00023.jpg 448 4 121 241 0.68325
00023.jpg 424 36 54 131 0.68271
00023.jpg 448 10 114 254 0.68160
00023.jpg 426 10 136 362 0.68148
00023.jpg 422 39 53 130 0.68053
00023.jpg 419 30 86 399 0.67634
00023.jpg 250 80 223 370 0.67619
00023.jpg 421 32 59 146 0.67331
00023.jpg 412 3 161 334 0.66930
00023.jpg 460 1 110 216 0.66898
00023.jpg 1 138 55 264 0.66569
00023.jpg 425 38 58 123 0.65570
00023.jpg 243 65 238 390 0.65465
00023.jpg 428 18 143 406 0.65359
00023.jpg 792 44 167 397 0.65341
00023.jpg 458 15 103 358 0.65231
00023.jpg 462 12 102 196 0.64684
00023.jpg 413 35 61 145 0.64313
00023.jpg 460 8 101 207 0.64250
00023.jpg 441 37 151 381 0.64156
00023.jpg 469 132 300 298 0.63839
00023.jpg 440 57 169 369 0.63571
00023.jpg 457 5 110 203 0.63279
00023.jpg 415 24 79 150 0.63241
00023.jpg 452 14 106 212 0.63199
00023.jpg 462 76 368 375 0.63176
00023.jpg 420 37 57 146 0.62914
00023.jpg 422 44 59 116 0.62696
00023.jpg 422 37 56 121 0.62681
00023.jpg 467 1 103 240 0.62473
00023.jpg 243 70 236 380 0.62434
00023.jpg 0 173 42 201 0.62000
00023.jpg 411 38 74 143 0.61963
00023.jpg 452 4 114 202 0.61512
00023.jpg 473 87 307 397 0.61243
00023.jpg 375 82 420 392 0.60988
00023.jpg 245 80 244 364 0.60563
00023.jpg 417 19 153 401 0.60198
00023.jpg 428 37 54 120 0.59541
00023.jpg 459 77 129 343 0.59490
00023.jpg 442 77 257 356 0.59460
00023.jpg 391 71 425 360 0.59202
00023.jpg 6 160 57 222 0.58508
00023.jpg 431 93 357 344 0.58478
00023.jpg 3 173 56 206 0.57409
00023.jpg 468 10 99 192 0.57293
00023.jpg 5 151 46 232 0.57110
00023.jpg 458 88 242 345 0.57099
00023.jpg 411 35 163 264 0.57053
00023.jpg 464 1 109 249 0.56806
00023.jpg 474 132 312 294 0.56675
00023.jpg 426 2 143 427 0.56669
00023.jpg 358 125 535 306 0.56665
00023.jpg 416 26 69 162 0.56575
00023.jpg 465 128 344 327 0.56283
00023.jpg 411 35 158 408 0.56282
00023.jpg 460 14 106 200 0.56077
00023.jpg 459 9 102 202 0.55832
00023.jpg 417 53 201 368 0.55004
00023.jpg 455 13 110 191 0.54995
00023.jpg 243 71 209 396 0.54245
00023.jpg 450 112 383 315 0.54194
00023.jpg 426 27 51 153 0.53837
00023.jpg 447 68 145 354 0.53573
00023.jpg 460 88 347 351 0.53523
00023.jpg 0 179 56 197 0.53472
00023.jpg 433 58 364 419 0.53256
00023.jpg 255 95 188 357 0.52963
00023.jpg 270 73 182 381 0.52859
00023.jpg 452 5 113 199 0.52507
00023.jpg 435 55 170 381 0.52496
00023.jpg 420 35 55 137 0.52483
00023.jpg 417 52 127 383 0.52174
00023.jpg 435 91 410 342 0.51339
00023.jpg 422 40 54 119 0.50686
00023.jpg 5 175 47 197 0.50620
00023.jpg 3 172 48 202 0.50504
00023.jpg 1 152 62 236 0.49956
