00037.jpg 782 42 177 384 0.99912
00037.jpg 783 40 175 382 0.99886
00037.jpg 786 38 173 382 0.99792
00037.jpg 791 44 168 380 0.99789
00037.jpg 801 43 158 367 0.99722
00037.jpg 393 87 397 359 0.99699
00037.jpg 253 84 194 388 0.99678
00037.jpg 381 88 401 350 0.99631
00037.jpg 796 46 154 375 0.99621
00037.jpg 253 78 186 386 0.99619
00037.jpg 791 27 168 403 0.99619
00037.jpg 794 36 165 368 0.99527
00037.jpg 393 84 396 351 0.99514
00037.jpg 786 38 171 377 0.99460
00037.jpg 253 77 190 378 0.99447
00037.jpg 253 83 182 373 0.99390
00037.jpg 791 48 168 376 0.99351
00037.jpg 1 168 58 216 0.99270
00037.jpg 3 172 58 216 0.99270
00037.jpg 375 96 407 342 0.99233
00037.jpg 785 47 174 373 0.99204
00037.jpg 250 78 201 395 0.99181
00037.jpg 253 78 177 385 0.99144
00037.jpg 793 45 162 382 0.99143
00037.jpg 441 5 112 216 0.99113
00037.jpg 250 82 187 385 0.99081
00037.jpg 251 79 180 373 0.99079
00037.jpg 401 85 385 341 0.98951
00037.jpg 247 80 204 368 0.98909
00037.jpg 788 44 171 373 0.98831
00037.jpg 252 73 179 394 0.98760
00037.jpg 786 33 171 395 0.98754
00037.jpg 0 176 60 209 0.98745
00037.jpg 785 52 174 365 0.98676
00037.jpg 264 82 175 384 0.98666
00037.jpg 2 178 52 201 0.98614
00037.jpg 398 91 379 351 0.98483
00037.jpg 4 160 50 228 0.98459
00037.jpg 246 85 205 368 0.98428
00037.jpg 410 101 378 351 0.98405
00037.jpg 244 74 204 379 0.98315
00037.jpg 3 174 56 209 0.98306
00037.jpg 784 37 174 387 0.98228
00037.jpg 1 166 56 222 0.98178
00037.jpg 0 166 61 222 0.98172
00037.jpg 790 41 163 375 0.98145
00037.jpg 4 168 63 215 0.98105
00037.jpg 444 11 110 201 0.98029
00037.jpg 3 153 59 228 0.98028
00037.jpg 2 151 61 237 0.98019
00037.jpg 256 86 192 366 0.98003
00037.jpg 241 85 203 368 0.97995
00037.jpg 792 23 164 402 0.97962
00037.jpg 2 157 63 221 0.97934
00037.jpg 785 40 174 371 0.97925
00037.jpg 794 34 165 395 0.97907
00037.jpg 1 171 61 212 0.97875
00037.jpg 245 71 192 382 0.97806
00037.jpg 400 92 389 347 0.97760
00037.jpg 254 67 197 390 0.97674
00037.jpg 249 87 201 383 0.97541
00037.jpg 0 167 61 213 0.97534
00037.jpg 2 146 65 250 0.97516
00037.jpg 253 101 179 351 0.97470
00037.jpg 788 42 171 382 0.97458
00037.jpg 261 75 181 390 0.97395
00037.jpg 401 77 375 363 0.97324
00037.jpg 246 80 192 376 0.97320
00037.jpg 2 150 62 231 0.97288
00037.jpg 446 12 100 188 0.97264
00037.jpg 1 145 62 245 0.97150
00037.jpg 381 86 433 363 0.97103
00037.jpg 446 13 106 197 0.97073
00037.jpg 245 78 199 369 0.97039
00037.jpg 252 77 196 374 0.96993
00037.jpg 253 73 209 379 0.96946
00037.jpg 1 145 62 241 0.96773
00037.jpg 247 86 188 378 0.96678
00037.jpg 441 9 109 195 0.96588
00037.jpg 793 57 166 343 0.96557
00037.jpg 786 49 173 374 0.96444
00037.jpg 249 71 203 401 0.96371
00037.jpg 442 10 115 198 0.96290
00037.jpg 247 74 209 391 0.96196
00037.jpg 422 31 44 106 0.95938
00037.jpg 785 39 174 387 0.95877
00037.jpg 438 11 118 193 0.95803
00037.jpg 790 41 169 380 0.95780
00037.jpg 445 16 107 194 0.95626
00037.jpg 258 72 212 381 0.95521
00037.jpg 2 144 68 239 0.95518
00037.jpg 424 30 37 106 0.95516
00037.jpg 443 5 109 208 0.95502
00037.jpg 439 6 112 203 0.95473
00037.jpg 0 164 63 220 0.95469
00037.jpg 438 5 120 219 0.95352
00037.jpg 791 36 168 399 0.95065
00037.jpg 4 152 60 237 0.94825
00037.jpg 414 91 370 348 0.94600
00037.jpg 782 28 177 399 0.94580
00037.jpg 441 5 117 208 0.94561
00037.jpg 3 167 58 218 0.94557
00037.jpg 448 5 100 203 0.94493
00037.jpg 255 78 170 378 0.94361
00037.jpg 784 27 175 408 0.94351
00037.jpg 442 4 112 211 0.94052
00037.jpg 423 27 43 110 0.93989
00037.jpg 413 102 362 341 0.93870
00037.jpg 2 169 57 215 0.93870
00037.jpg 388 81 380 354 0.93862
00037.jpg 257 72 193 386 0.93514
00037.jpg 1 165 57 220 0.93397
00037.jpg 441 11 114 192 0.93331
00037.jpg 787 41 169 366 0.93330
00037.jpg 0 160 68 214 0.93247
00037.jpg 0 165 62 225 0.93092
00037.jpg 247 70 190 387 0.93012
00037.jpg 785 39 174 393 0.92933
00037.jpg 419 29 46 112 0.92757
00037.jpg 372 82 438 368 0.92543
00037.jpg 422 32 45 115 0.92540
00037.jpg 421 33 42 101 0.92410
00037.jpg 426 73 344 359 0.92316
00037.jpg 244 78 204 376 0.92194
00037.jpg 1 167 59 220 0.92186
00037.jpg 793 53 166 365 0.92146
00037.jpg 433 7 124 212 0.92112
00037.jpg 1 143 65 240 0.91998
00037.jpg 441 7 112 206 0.91827
00037.jpg 422 33 43 100 0.91359
00037.jpg 438 6 119 209 0.91343
00037.jpg 785 44 169 378 0.91267
00037.jpg 445 6 106 200 0.91145
00037.jpg 3 176 58 202 0.91087
00037.jpg 790 31 169 406 0.90990
00037.jpg 2 150 64 241 0.90943
00037.jpg 445 17 110 193 0.90939
00037.jpg 0 163 61 220 0.90837
00037.jpg 444 8 114 199 0.90751
00037.jpg 442 4 111 205 0.90744
00037.jpg 779 29 180 401 0.90654
00037.jpg 3 160 62 227 0.90581
00037.jpg 255 70 167 389 0.90379
00037.jpg 421 32 47 107 0.90337
00037.jpg 422 30 43 107 0.90293
00037.jpg 0 144 63 247 0.90143
00037.jpg 444 3 106 212 0.89847
00037.jpg 413 85 360 352 0.89679
00037.jpg 424 74 349 364 0.89654
00037.jpg 422 26 42 117 0.89478
00037.jpg 401 58 373 403 0.89473
00037.jpg 1 159 62 225 0.89466
00037.jpg 420 34 44 102 0.89365
00037.jpg 392 99 309 328 0.89353
00037.jpg 441 15 114 192 0.89159
00037.jpg 421 34 42 107 0.89017
00037.jpg 260 88 168 367 0.88964
00037.jpg 377 113 367 328 0.88870
00037.jpg 261 76 173 394 0.88609
00037.jpg 415 89 362 351 0.88558
00037.jpg 422 30 42 109 0.88412
00037.jpg 447 8 107 208 0.88406
00037.jpg 441 116 342 317 0.88351
00037.jpg 422 33 41 109 0.88323
00037.jpg 416 38 47 105 0.88302
00037.jpg 342 77 460 359 0.88125
00037.jpg 404 131 189 291 0.88120
00037.jpg 429 112 366 324 0.88093
00037.jpg 795 45 162 371 0.88046
00037.jpg 419 29 47 108 0.87844
00037.jpg 420 33 46 107 0.87809
00037.jpg 422 26 38 115 0.87780
00037.jpg 448 11 100 208 0.87731
00037.jpg 406 84 346 373 0.87620
00037.jpg 454 79 320 367 0.87131
00037.jpg 433 98 351 346 0.87047
00037.jpg 3 145 64 245 0.86737
00037.jpg 803 42 149 375 0.86702
00037.jpg 793 42 166 378 0.86655
00037.jpg 436 11 124 203 0.86586
00037.jpg 432 118 342 327 0.86301
00037.jpg 3 168 65 217 0.86247
00037.jpg 440 14 115 200 0.85944
00037.jpg 422 29 45 114 0.85922
00037.jpg 395 81 387 361 0.85859
00037.jpg 418 33 43 115 0.85590
00037.jpg 420 34 41 108 0.85473
00037.jpg 3 167 61 215 0.84953
00037.jpg 421 33 44 103 0.84874
00037.jpg 417 34 44 117 0.84839
00037.jpg 436 8 115 196 0.84570
00037.jpg 421 29 42 115 0.84407
00037.jpg 420 96 372 358 0.84273
00037.jpg 437 5 115 211 0.84120
00037.jpg 443 10 107 202 0.83790
00037.jpg 439 1 109 235 0.83525
00037.jpg 360 44 414 433 0.83102
00037.jpg 449 4 104 199 0.82516
00037.jpg 420 71 361 375 0.82078
00037.jpg 443 5 105 208 0.81712
00037.jpg 250 64 228 387 0.81679
00037.jpg 441 8 115 214 0.81604
00037.jpg 421 32 46 102 0.81126
00037.jpg 775 34 184 373 0.80756
00037.jpg 251 87 190 351 0.80367
00037.jpg 431 86 351 346 0.79978
00037.jpg 422 99 334 344 0.79574
00037.jpg 424 93 366 358 0.79412
00037.jpg 421 33 47 113 0.79407
00037.jpg 418 36 42 103 0.79332
00037.jpg 418 35 41 109 0.79105
00037.jpg 3 137 63 257 0.78917
00037.jpg 394 136 200 289 0.78565
00037.jpg 420 142 171 274 0.78115
00037.jpg 256 62 194 388 0.77717
00037.jpg 404 109 171 305 0.77099
00037.jpg 423 45 349 424 0.76854
00037.jpg 2 171 60 211 0.76762
00037.jpg 440 17 114 195 0.76319
00037.jpg 423 34 39 95 0.76158
00037.jpg 423 113 340 327 0.75767
00037.jpg 253 76 201 379 0.75692
00037.jpg 447 7 108 220 0.75689
00037.jpg 438 8 114 209 0.75596
00037.jpg 337 105 476 328 0.75574
00037.jpg 2 135 62 261 0.75267
00037.jpg 384 80 345 345 0.75249
00037.jpg 415 34 48 119 0.74992
00037.jpg 420 28 44 113 0.74172
00037.jpg 438 103 338 337 0.74154
00037.jpg 417 33 40 108 0.74149
00037.jpg 1 157 66 232 0.73853
00037.jpg 422 142 171 265 0.72575
00037.jpg 788 35 171 385 0.72446
00037.jpg 251 83 180 371 0.71897
00037.jpg 418 29 49 122 0.71476
00037.jpg 414 104 341 329 0.71400
00037.jpg 3 173 56 215 0.71026
00037.jpg 446 6 106 201 0.70938
00037.jpg 255 101 158 354 0.70914
00037.jpg 442 4 100 202 0.70817
00037.jpg 6 148 67 240 0.70807
00037.jpg 312 101 503 336 0.70789
00037.jpg 421 29 50 116 0.70730
00037.jpg 439 11 107 201 0.70576
00037.jpg 377 117 277 304 0.70461
00037.jpg 422 34 42 95 0.70312
00037.jpg 400 104 393 336 0.70197
00037.jpg 399 132 192 284 0.70077
00037.jpg 364 48 395 379 0.69839
00037.jpg 425 33 48 121 0.69794
00037.jpg 423 34 44 93 0.69709
00037.jpg 3 168 48 213 0.69557
00037.jpg 422 30 49 108 0.69014
00037.jpg 428 13 123 191 0.68550
00037.jpg 453 97 337 355 0.68359
00037.jpg 259 96 153 351 0.68049
00037.jpg 248 73 234 371 0.68031
00037.jpg 390 97 242 315 0.67872
00037.jpg 367 93 400 337 0.67553
00037.jpg 437 122 334 306 0.67492
00037.jpg 435 9 120 189 0.67262
00037.jpg 402 44 369 442 0.67006
00037.jpg 276 68 182 370 0.66865
00037.jpg 437 13 123 196 0.66691
00037.jpg 3 154 46 228 0.66638
00037.jpg 0 147 68 241 0.66588
00037.jpg 782 46 177 349 0.65609
00037.jpg 782 43 170 361 0.64563
00037.jpg 447 2 115 218 0.64540
00037.jpg 404 106 250 320 0.64395
00037.jpg 257 92 166 365 0.64223
00037.jpg 446 6 116 270 0.64062
00037.jpg 786 53 173 354 0.63920
00037.jpg 408 120 175 283 0.63803
00037.jpg 351 62 461 403 0.63410
00037.jpg 412 128 165 285 0.63280
00037.jpg 254 81 201 375 0.62969
00037.jpg 422 32 46 114 0.62889
00037.jpg 243 76 209 382 0.62726
00037.jpg 413 105 213 320 0.62202
00037.jpg 1 139 64 247 0.62199
00037.jpg 377 111 216 317 0.62063
00037.jpg 392 149 202 271 0.61586
00037.jpg 7 170 53 204 0.61021
00037.jpg 293 83 186 353 0.60775
00037.jpg 451 4 97 206 0.60645
00037.jpg 316 94 489 352 0.59912
00037.jpg 417 39 42 95 0.58827
00037.jpg 424 35 41 93 0.58284
00037.jpg 432 133 157 288 0.58274
00037.jpg 414 24 51 123 0.58120
00037.jpg 242 77 191 386 0.57835
00037.jpg 461 66 277 367 0.57398
00037.jpg 784 45 175 376 0.57122
00037.jpg 467 93 307 361 0.57069
00037.jpg 325 82 433 392 0.56869
00037.jpg 285 114 390 315 0.56868
00037.jpg 772 32 187 368 0.56827
00037.jpg 419 32 44 127 0.56824
00037.jpg 404 119 183 299 0.56182
00037.jpg 271 66 195 389 0.55857
00037.jpg 2 140 66 245 0.55397
00037.jpg 5 174 61 201 0.55363
00037.jpg 280 43 500 422 0.55333
00037.jpg 414 37 46 99 0.55266
00037.jpg 421 31 47 99 0.54843
00037.jpg 258 91 161 361 0.54836
00037.jpg 395 119 203 297 0.54768
00037.jpg 790 47 169 374 0.54550
00037.jpg 453 63 311 385 0.54519
00037.jpg 410 68 156 319 0.54296
00037.jpg 225 74 282 373 0.53973
00037.jpg 795 33 161 380 0.53673
00037.jpg 278 24 470 400 0.53203
00037.jpg 253 69 249 384 0.52995
00037.jpg 1 167 64 219 0.52994
00037.jpg 400 109 210 308 0.51737
00037.jpg 790 51 162 365 0.51199
00037.jpg 441 17 115 197 0.51012
00037.jpg 430 16 121 286 0.50777
00037.jpg 801 37 156 378 0.50290
00037.jpg 333 90 437 372 0.50031
00037.jpg 387 58 422 393 0.49993
