00040.jpg 790 37 169 384 0.99914
00040.jpg 786 45 173 379 0.99807
00040.jpg 252 77 198 387 0.99788
00040.jpg 794 24 164 405 0.99710
00040.jpg 786 45 170 366 0.99598
00040.jpg 795 35 164 389 0.99580
00040.jpg 790 36 164 388 0.99570
00040.jpg 251 69 197 392 0.99568
00040.jpg 408 106 352 334 0.99556
00040.jpg 245 68 218 385 0.99537
00040.jpg 791 34 168 374 0.99530
00040.jpg 392 85 385 358 0.99479
00040.jpg 253 74 188 390 0.99441
00040.jpg 782 34 177 382 0.99436
00040.jpg 795 44 164 368 0.99398
00040.jpg 257 75 189 386 0.99396
00040.jpg 250 71 192 380 0.99396
00040.jpg 243 79 218 390 0.99392
00040.jpg 236 80 219 372 0.99388
00040.jpg 246 66 198 396 0.99376
00040.jpg 413 111 355 338 0.99367
00040.jpg 389 98 378 342 0.99346
00040.jpg 791 39 168 387 0.99332
00040.jpg 250 73 212 378 0.99323
00040.jpg 248 70 202 394 0.99305
00040.jpg 262 73 177 379 0.99300
00040.jpg 397 120 374 317 0.99260
00040.jpg 246 66 217 372 0.99224
00040.jpg 792 49 167 371 0.99204
00040.jpg 398 112 377 325 0.99166
00040.jpg 247 65 211 382 0.99142
00040.jpg 254 74 201 390 0.99118
00040.jpg 782 34 177 400 0.99074
00040.jpg 398 98 369 336 0.99051
00040.jpg 785 36 166 386 0.99035
00040.jpg 789 39 167 378 0.99019
00040.jpg 3 146 53 236 0.98925
00040.jpg 0 134 64 250 0.98919
00040.jpg 250 82 198 368 0.98885
00040.jpg 789 25 168 404 0.98874
00040.jpg 791 26 166 402 0.98858
00040.jpg 258 69 202 397 0.98738
00040.jpg 0 159 57 221 0.98672
00040.jpg 774 45 185 382 0.98661
00040.jpg 432 9 118 209 0.98636
00040.jpg 246 71 193 389 0.98619
00040.jpg 399 117 362 319 0.98518
00040.jpg 3 140 59 239 0.98501
00040.jpg 785 22 173 404 0.98478
00040.jpg 383 113 404 326 0.98416
00040.jpg 2 156 56 223 0.98405
00040.jpg 243 72 202 377 0.98401
00040.jpg 2 143 54 241 0.98389
00040.jpg 252 62 189 388 0.98383
00040.jpg 795 32 162 396 0.98376
00040.jpg 361 87 429 358 0.98357
00040.jpg 255 66 194 392 0.98340
00040.jpg 434 10 111 202 0.98327
00040.jpg 4 145 51 242 0.98267
00040.jpg 789 39 170 383 0.98157
00040.jpg 784 41 175 374 0.98067
00040.jpg 244 70 204 388 0.98040
00040.jpg 255 78 203 374 0.98022
00040.jpg 3 136 58 254 0.97927
00040.jpg 0 155 63 223 0.97877
00040.jpg 1 162 61 215 0.97795
00040.jpg 788 56 171 344 0.97751
00040.jpg 406 95 370 355 0.97725
00040.jpg 390 127 372 305 0.97505
00040.jpg 4 145 59 241 0.97484
00040.jpg 413 31 48 131 0.97448
00040.jpg 416 35 42 115 0.97446
00040.jpg 250 86 194 368 0.97369
00040.jpg 0 143 60 239 0.97359
00040.jpg 436 12 108 205 0.97344
00040.jpg 3 136 59 247 0.97312
00040.jpg 2 132 58 254 0.97275
00040.jpg 787 35 172 387 0.97259
00040.jpg 781 54 178 366 0.97258
00040.jpg 785 43 174 378 0.97249
00040.jpg 785 37 172 388 0.97129
00040.jpg 436 13 111 204 0.97109
00040.jpg 2 131 66 252 0.97085
00040.jpg 2 148 53 240 0.97020
00040.jpg 397 89 382 347 0.97001
00040.jpg 2 159 54 218 0.96802
00040.jpg 435 8 112 208 0.96794
00040.jpg 399 88 380 359 0.96784
00040.jpg 414 117 301 306 0.96687
00040.jpg 387 82 391 358 0.96669
00040.jpg 0 154 58 229 0.96653
00040.jpg 3 133 62 246 0.96561
00040.jpg 437 12 115 204 0.96306
00040.jpg 401 88 357 361 0.96220
00040.jpg 793 27 166 403 0.96206
00040.jpg 3 144 54 244 0.96119
00040.jpg 249 77 203 373 0.95999
00040.jpg 245 73 228 375 0.95979
00040.jpg 411 31 51 121 0.95927
00040.jpg 400 105 381 340 0.95926
00040.jpg 3 130 62 257 0.95908
00040.jpg 428 5 122 222 0.95817
00040.jpg 793 45 166 373 0.95721
00040.jpg 788 40 171 391 0.95540
00040.jpg 415 108 364 331 0.95350
00040.jpg 402 115 384 320 0.95344
00040.jpg 409 29 60 132 0.95288
00040.jpg 436 10 111 209 0.95275
00040.jpg 427 12 120 195 0.95257
00040.jpg 405 96 360 337 0.95185
00040.jpg 382 70 359 363 0.95002
00040.jpg 0 128 64 259 0.94902
00040.jpg 439 4 107 221 0.94833
00040.jpg 3 142 53 249 0.94801
00040.jpg 258 85 175 369 0.94739
00040.jpg 432 8 110 209 0.94538
00040.jpg 436 13 107 203 0.94360
00040.jpg 410 30 50 124 0.94184
00040.jpg 434 8 120 206 0.94183
00040.jpg 253 75 197 385 0.94100
00040.jpg 790 51 169 372 0.94080
00040.jpg 4 129 60 257 0.93958
00040.jpg 393 118 392 330 0.93468
00040.jpg 389 73 346 359 0.93448
00040.jpg 436 13 111 218 0.93391
00040.jpg 433 9 109 209 0.93278
00040.jpg 0 168 63 207 0.93245
00040.jpg 429 2 120 219 0.93213
00040.jpg 248 78 203 372 0.92946
00040.jpg 252 78 195 380 0.92448
00040.jpg 406 33 57 127 0.92432
00040.jpg 783 39 170 379 0.92361
00040.jpg 417 28 48 126 0.91989
00040.jpg 784 37 175 386 0.91936
00040.jpg 244 75 196 383 0.91927
00040.jpg 787 35 172 392 0.91411
00040.jpg 428 3 120 214 0.91387
00040.jpg 244 88 200 353 0.91275
00040.jpg 412 36 46 121 0.91208
00040.jpg 435 11 114 203 0.91197
00040.jpg 1 152 58 234 0.91195
00040.jpg 429 5 117 214 0.90930
00040.jpg 428 8 118 213 0.90839
00040.jpg 390 82 323 337 0.90814
00040.jpg 0 129 70 256 0.90781
00040.jpg 410 29 55 134 0.90335
00040.jpg 435 9 107 203 0.90333
00040.jpg 396 120 208 308 0.90115
00040.jpg 2 141 62 247 0.90087
00040.jpg 408 31 50 130 0.90031
00040.jpg 241 69 207 386 0.90022
00040.jpg 406 101 376 331 0.90009
00040.jpg 244 63 216 384 0.89843
00040.jpg 410 37 50 115 0.89520
00040.jpg 240 62 229 403 0.89519
00040.jpg 0 154 60 229 0.89353
00040.jpg 0 152 64 229 0.89192
00040.jpg 251 86 188 359 0.89089
00040.jpg 415 33 46 113 0.89056
00040.jpg 0 142 61 246 0.88861
00040.jpg 424 8 121 203 0.88776
00040.jpg 1 138 63 250 0.88756
00040.jpg 429 11 118 232 0.88587
00040.jpg 409 122 374 320 0.88396
00040.jpg 438 16 109 203 0.88393
00040.jpg 1 163 56 217 0.88172
00040.jpg 406 29 58 127 0.87728
00040.jpg 5 157 54 225 0.87676
00040.jpg 413 30 48 124 0.87660
00040.jpg 411 32 46 125 0.87581
00040.jpg 429 8 115 209 0.87395
00040.jpg 414 33 47 118 0.87353
00040.jpg 250 82 179 361 0.87323
00040.jpg 432 13 116 197 0.87128
00040.jpg 364 59 412 413 0.87118
00040.jpg 384 90 407 374 0.86895
00040.jpg 429 11 111 196 0.86587
00040.jpg 410 112 179 329 0.86487
00040.jpg 1 145 61 240 0.86369
00040.jpg 412 30 52 125 0.86324
00040.jpg 438 20 109 181 0.86013
00040.jpg 250 79 171 384 0.85984
00040.jpg 439 15 99 214 0.85941
00040.jpg 249 76 201 386 0.85817
00040.jpg 406 121 187 297 0.85733
00040.jpg 404 35 56 121 0.85706
00040.jpg 244 78 201 386 0.85101
00040.jpg 413 30 51 122 0.85087
00040.jpg 418 41 151 364 0.84858
00040.jpg 248 65 201 388 0.84751
00040.jpg 434 11 117 210 0.84724
00040.jpg 791 24 160 400 0.84547
00040.jpg 262 77 194 371 0.84425
00040.jpg 411 30 52 131 0.84235
00040.jpg 414 33 45 111 0.84031
00040.jpg 1 161 58 222 0.83361
00040.jpg 433 15 116 202 0.82792
00040.jpg 408 32 48 127 0.82730
00040.jpg 240 68 208 394 0.82588
00040.jpg 414 98 365 340 0.82542
00040.jpg 435 104 329 328 0.82510
00040.jpg 446 7 101 210 0.82270
00040.jpg 396 105 228 335 0.82158
00040.jpg 432 109 342 339 0.82152
00040.jpg 408 29 56 128 0.82108
00040.jpg 400 119 372 324 0.82061
00040.jpg 415 31 47 126 0.81635
00040.jpg 435 7 115 215 0.81539
00040.jpg 436 10 109 201 0.80785
00040.jpg 323 46 473 418 0.80325
00040.jpg 236 84 214 371 0.80287
00040.jpg 434 17 103 201 0.79980
00040.jpg 416 33 42 110 0.79732
00040.jpg 413 32 41 125 0.79629
00040.jpg 433 5 106 216 0.79085
00040.jpg 432 9 118 215 0.78862
00040.jpg 247 68 203 380 0.78651
00040.jpg 307 80 467 365 0.78401
00040.jpg 791 44 164 357 0.78364
00040.jpg 428 7 123 201 0.78099
00040.jpg 408 114 199 308 0.77934
00040.jpg 3 137 65 252 0.77802
00040.jpg 429 12 117 202 0.77502
00040.jpg 431 9 118 221 0.77062
00040.jpg 434 102 327 331 0.77037
00040.jpg 382 118 400 318 0.76550
00040.jpg 422 9 140 221 0.76185
00040.jpg 5 149 52 233 0.76027
00040.jpg 416 66 362 369 0.76023
00040.jpg 408 34 50 112 0.76019
00040.jpg 437 126 189 297 0.75995
00040.jpg 250 75 205 382 0.75525
00040.jpg 7 162 54 212 0.75345
00040.jpg 363 125 357 319 0.75218
00040.jpg 415 90 295 350 0.75156
00040.jpg 419 107 350 337 0.75147
00040.jpg 409 36 50 128 0.74934
00040.jpg 231 74 248 377 0.74783
00040.jpg 410 85 228 331 0.74728
00040.jpg 386 92 383 352 0.74648
00040.jpg 396 111 362 322 0.74496
00040.jpg 410 35 46 113 0.74331
00040.jpg 418 32 46 130 0.74070
00040.jpg 332 84 388 352 0.74066
00040.jpg 238 70 221 397 0.74008
00040.jpg 418 33 44 109 0.73557
00040.jpg 419 18 128 193 0.73533
00040.jpg 417 34 46 103 0.72194
00040.jpg 410 96 163 311 0.72059
00040.jpg 393 140 193 282 0.71974
00040.jpg 419 35 39 109 0.71902
00040.jpg 429 13 108 196 0.71624
00040.jpg 413 34 47 100 0.71542
00040.jpg 261 81 192 369 0.71227
00040.jpg 252 83 182 377 0.71211
00040.jpg 415 81 363 360 0.71141
00040.jpg 794 34 165 386 0.70808
00040.jpg 417 33 49 128 0.70753
00040.jpg 438 125 333 315 0.70600
00040.jpg 260 75 209 380 0.70221
00040.jpg 409 36 54 130 0.69673
00040.jpg 418 32 47 114 0.69542
00040.jpg 409 38 49 116 0.69310
00040.jpg 422 151 167 260 0.68475
00040.jpg 254 77 196 363 0.68342
00040.jpg 406 132 368 277 0.68274
00040.jpg 422 17 126 191 0.67775
00040.jpg 405 36 51 120 0.67614
00040.jpg 431 8 112 198 0.67532
00040.jpg 415 33 44 133 0.67246
00040.jpg 422 36 40 89 0.67224
00040.jpg 789 54 170 348 0.66889
00040.jpg 410 31 58 133 0.66752
00040.jpg 439 129 335 317 0.66568
00040.jpg 0 112 68 306 0.65988
00040.jpg 421 7 129 221 0.65829
00040.jpg 419 34 44 105 0.65771
00040.jpg 430 4 121 213 0.64598
00040.jpg 434 111 324 301 0.63689
00040.jpg 403 38 395 405 0.62890
00040.jpg 404 75 177 353 0.62502
00040.jpg 435 7 109 221 0.62302
00040.jpg 246 73 202 390 0.62256
00040.jpg 411 33 50 109 0.62122
00040.jpg 784 44 175 346 0.62083
00040.jpg 420 36 44 100 0.61988
00040.jpg 436 5 111 209 0.61704
00040.jpg 432 11 122 216 0.61644
00040.jpg 425 148 154 267 0.61453
00040.jpg 245 62 215 399 0.61429
00040.jpg 413 40 52 114 0.60496
00040.jpg 401 129 218 287 0.60458
00040.jpg 443 160 136 250 0.60359
00040.jpg 1 143 65 246 0.60294
00040.jpg 5 149 53 234 0.60185
00040.jpg 409 147 92 267 0.59689
00040.jpg 412 102 167 312 0.59658
00040.jpg 226 62 285 387 0.59058
00040.jpg 408 39 53 109 0.58940
00040.jpg 413 134 167 297 0.58395
00040.jpg 409 37 45 121 0.58361
00040.jpg 425 11 127 188 0.58340
00040.jpg 422 134 196 281 0.57463
00040.jpg 413 114 170 326 0.56630
00040.jpg 412 36 46 132 0.56608
00040.jpg 420 136 172 287 0.56423
00040.jpg 409 33 57 120 0.56411
00040.jpg 434 68 326 356 0.56164
00040.jpg 415 71 122 359 0.55826
00040.jpg 405 76 148 345 0.55778
00040.jpg 443 56 338 425 0.55381
00040.jpg 409 86 173 332 0.55312
00040.jpg 0 129 68 255 0.55065
00040.jpg 403 41 324 422 0.54207
00040.jpg 4 159 53 217 0.53990
00040.jpg 427 7 116 195 0.53895
00040.jpg 404 144 134 272 0.53825
00040.jpg 416 30 46 123 0.53708
00040.jpg 0 125 69 260 0.53386
00040.jpg 404 153 178 253 0.53371
00040.jpg 418 159 182 255 0.52818
00040.jpg 784 30 175 401 0.52313
00040.jpg 402 35 57 118 0.52180
00040.jpg 407 159 117 256 0.51756
00040.jpg 417 30 49 129 0.51712
00040.jpg 405 39 49 109 0.51618
00040.jpg 443 158 129 251 0.51200
00040.jpg 427 17 125 267 0.51182
00040.jpg 0 127 78 261 0.50962
00040.jpg 390 132 203 293 0.50840
00040.jpg 417 68 357 369 0.50678
00040.jpg 1 147 68 226 0.50526
00040.jpg 404 141 177 271 0.50193
00040.jpg 400 122 148 290 0.50186
00040.jpg 402 130 160 289 0.50062
