00005.jpg 409 0 211 524 0.99965
00005.jpg 776 34 183 482 0.99953
00005.jpg 407 0 214 515 0.99948
00005.jpg 403 3 219 516 0.99932
00005.jpg 412 4 202 503 0.99917
00005.jpg 784 32 175 489 0.99914
00005.jpg 408 0 194 521 0.99894
00005.jpg 409 0 209 528 0.99867
00005.jpg 408 0 202 518 0.99854
00005.jpg 771 44 182 470 0.99844
00005.jpg 775 43 184 476 0.99824
00005.jpg 773 42 181 484 0.99801
00005.jpg 771 51 188 456 0.99801
00005.jpg 411 0 215 517 0.99784
00005.jpg 404 0 198 528 0.99771
00005.jpg 419 8 203 507 0.99766
00005.jpg 774 17 185 512 0.99765
00005.jpg 772 43 187 475 0.99763
00005.jpg 406 0 202 514 0.99735
00005.jpg 408 0 194 520 0.99707
00005.jpg 778 38 173 481 0.99700
00005.jpg 769 41 190 481 0.99674
00005.jpg 770 23 189 510 0.99640
00005.jpg 404 0 213 499 0.99523
00005.jpg 781 45 178 476 0.99496
00005.jpg 779 38 180 488 0.99493
00005.jpg 415 0 193 523 0.99476
00005.jpg 777 23 182 503 0.99435
00005.jpg 415 2 203 513 0.99423
00005.jpg 415 0 191 523 0.99422
00005.jpg 779 26 180 504 0.99401
00005.jpg 781 30 178 496 0.99337
00005.jpg 403 0 213 527 0.99299
00005.jpg 400 0 215 528 0.99223
00005.jpg 780 39 178 481 0.99221
00005.jpg 777 36 182 491 0.99193
00005.jpg 785 37 174 488 0.99185
00005.jpg 410 0 207 482 0.98527
00005.jpg 423 0 190 526 0.98447
00005.jpg 778 34 181 495 0.98368
00005.jpg 430 0 187 524 0.98278
00005.jpg 775 45 176 473 0.98257
00005.jpg 418 0 204 520 0.98253
00005.jpg 770 43 189 467 0.98012
00005.jpg 413 0 203 514 0.97881
00005.jpg 768 28 184 500 0.97615
00005.jpg 767 23 192 512 0.97574
00005.jpg 412 0 214 506 0.97521
00005.jpg 761 29 198 484 0.97439
00005.jpg 407 0 210 532 0.97362
00005.jpg 415 0 198 521 0.97059
00005.jpg 772 32 187 504 0.96270
00005.jpg 408 3 213 502 0.95701
00005.jpg 422 0 192 513 0.95628
00005.jpg 776 37 171 473 0.95494
00005.jpg 406 0 201 518 0.95459
00005.jpg 767 27 192 501 0.95155
00005.jpg 773 27 186 490 0.94536
00005.jpg 413 0 186 503 0.93895
00005.jpg 413 0 198 517 0.93345
00005.jpg 414 4 217 495 0.92962
00005.jpg 407 0 201 521 0.92681
00005.jpg 778 17 181 515 0.92468
00005.jpg 419 6 200 512 0.92426
00005.jpg 418 0 189 527 0.91991
00005.jpg 768 23 191 508 0.91802
00005.jpg 778 30 167 486 0.91757
00005.jpg 778 55 181 450 0.91143
00005.jpg 411 0 215 512 0.90326
00005.jpg 411 0 209 519 0.90119
00005.jpg 764 52 195 472 0.88328
00005.jpg 401 0 206 516 0.88024
00005.jpg 412 0 186 528 0.87598
00005.jpg 416 8 190 505 0.87593
00005.jpg 411 0 205 524 0.87337
00005.jpg 411 0 202 509 0.86977
00005.jpg 784 47 175 474 0.84775
00005.jpg 417 0 194 511 0.82474
00005.jpg 399 0 212 505 0.81181
00005.jpg 779 34 180 494 0.80516
00005.jpg 766 30 193 501 0.80234
00005.jpg 421 0 195 501 0.80043
00005.jpg 412 0 199 533 0.79716
00005.jpg 397 0 222 515 0.72897
00005.jpg 768 16 191 510 0.72516
00005.jpg 411 3 205 511 0.70812
00005.jpg 412 0 181 530 0.69449
00005.jpg 421 3 197 483 0.64571
00005.jpg 427 0 169 512 0.62188
00005.jpg 779 24 180 515 0.60691
00005.jpg 784 37 170 497 0.56727
00005.jpg 410 0 223 540 0.55762
00005.jpg 431 0 188 510 0.55233
00005.jpg 789 25 170 514 0.53872
00005.jpg 416 5 188 494 0.53178
00005.jpg 416 5 179 472 0.51466
00005.jpg 420 0 198 515 0.50546
