00016.jpg 289 60 170 458 0.99969
00016.jpg 285 64 198 469 0.99957
00016.jpg 410 67 292 441 0.99947
00016.jpg 424 65 279 458 0.99932
00016.jpg 411 64 294 473 0.99931
00016.jpg 288 44 181 478 0.99926
00016.jpg 407 67 280 459 0.99904
00016.jpg 414 69 280 446 0.99892
00016.jpg 421 70 285 462 0.99889
00016.jpg 400 56 306 461 0.99865
00016.jpg 423 72 272 443 0.99824
00016.jpg 425 58 264 474 0.99812
00016.jpg 403 72 301 438 0.99801
00016.jpg 294 58 176 466 0.99789
00016.jpg 291 69 171 461 0.99772
00016.jpg 416 61 279 457 0.99758
00016.jpg 280 61 183 467 0.99733
00016.jpg 413 64 275 461 0.99698
00016.jpg 291 40 174 485 0.99680
00016.jpg 294 58 161 461 0.99639
00016.jpg 298 65 168 453 0.99618
00016.jpg 404 67 300 459 0.99613
00016.jpg 426 59 270 466 0.99606
00016.jpg 404 64 305 452 0.99604
00016.jpg 290 57 174 477 0.99604
00016.jpg 407 75 297 430 0.99589
00016.jpg 424 60 280 458 0.99567
00016.jpg 416 61 277 462 0.99564
00016.jpg 403 57 311 462 0.99551
00016.jpg 289 57 191 467 0.99493
00016.jpg 293 63 171 457 0.99451
00016.jpg 288 63 186 458 0.99409
00016.jpg 415 60 275 471 0.99391
00016.jpg 287 62 189 467 0.99379
00016.jpg 285 64 187 448 0.99342
00016.jpg 286 49 175 484 0.99283
00016.jpg 423 61 279 460 0.99119
00016.jpg 293 55 183 479 0.99099
00016.jpg 419 58 280 465 0.99081
00016.jpg 420 72 278 444 0.99029
00016.jpg 414 68 273 444 0.99018
00016.jpg 293 47 174 483 0.98996
00016.jpg 297 46 166 483 0.98976
00016.jpg 419 57 283 471 0.98932
00016.jpg 409 65 285 462 0.98911
00016.jpg 418 61 268 454 0.98889
00016.jpg 295 54 172 469 0.98847
00016.jpg 402 57 286 473 0.98754
00016.jpg 294 52 174 470 0.98754
00016.jpg 373 68 313 443 0.98733
00016.jpg 396 50 304 471 0.98657
00016.jpg 405 67 285 448 0.98583
00016.jpg 291 54 176 475 0.98500
00016.jpg 290 57 170 470 0.98475
00016.jpg 403 66 307 457 0.98441
00016.jpg 285 47 184 483 0.98301
00016.jpg 292 54 177 468 0.98229
00016.jpg 300 54 158 481 0.98145
00016.jpg 416 65 277 465 0.97953
00016.jpg 353 64 366 451 0.97920
00016.jpg 410 67 284 445 0.97817
00016.jpg 293 53 171 466 0.97768
00016.jpg 293 46 161 475 0.97673
00016.jpg 296 44 169 485 0.97281
00016.jpg 288 68 177 450 0.97267
00016.jpg 285 48 189 478 0.97240
00016.jpg 292 62 174 461 0.97219
00016.jpg 403 53 295 478 0.97066
00016.jpg 411 71 278 456 0.96892
00016.jpg 300 56 160 466 0.96358
00016.jpg 410 58 292 445 0.96233
00016.jpg 302 37 155 489 0.95785
00016.jpg 375 53 339 475 0.95167
00016.jpg 406 69 279 453 0.94826
00016.jpg 302 61 153 451 0.94761
00016.jpg 420 57 276 467 0.94449
00016.jpg 287 64 184 456 0.94416
00016.jpg 290 76 186 438 0.94385
00016.jpg 290 62 172 458 0.93913
00016.jpg 412 55 293 475 0.93862
00016.jpg 291 67 174 460 0.93395
00016.jpg 282 57 193 465 0.92686
00016.jpg 412 60 286 467 0.92535
00016.jpg 298 58 152 462 0.91712
00016.jpg 362 80 353 426 0.90916
00016.jpg 434 68 249 457 0.90215
00016.jpg 292 66 161 451 0.88863
00016.jpg 411 77 290 440 0.88760
00016.jpg 412 60 277 451 0.88294
00016.jpg 299 50 152 482 0.88147
00016.jpg 299 52 148 478 0.87764
00016.jpg 293 58 173 467 0.87231
00016.jpg 402 69 313 444 0.86904
00016.jpg 285 66 188 453 0.86775
00016.jpg 303 57 163 469 0.86063
00016.jpg 408 61 295 459 0.85360
00016.jpg 375 76 291 455 0.84080
00016.jpg 282 69 191 456 0.80800
00016.jpg 292 57 180 481 0.78541
00016.jpg 285 50 188 477 0.76835
00016.jpg 300 48 166 486 0.74994
00016.jpg 286 61 199 466 0.74038
00016.jpg 390 64 321 460 0.73729
00016.jpg 329 59 287 462 0.73524
00016.jpg 356 85 351 434 0.72691
00016.jpg 290 51 166 466 0.72538
00016.jpg 303 51 410 464 0.72315
00016.jpg 294 75 156 455 0.71150
00016.jpg 298 62 147 444 0.69745
00016.jpg 297 61 138 457 0.68996
00016.jpg 406 64 294 452 0.67607
00016.jpg 407 63 304 449 0.66222
00016.jpg 300 69 145 447 0.65251
00016.jpg 406 55 289 467 0.64627
00016.jpg 415 67 285 465 0.63778
00016.jpg 423 59 257 444 0.63412
00016.jpg 274 51 194 478 0.58017
00016.jpg 411 68 265 434 0.57861
00016.jpg 285 44 195 489 0.57669
00016.jpg 331 67 410 453 0.57107
00016.jpg 397 57 307 461 0.57006
00016.jpg 304 47 158 481 0.56822
00016.jpg 409 70 277 435 0.54568
00016.jpg 434 64 254 465 0.54241
00016.jpg 296 61 151 444 0.54210
00016.jpg 298 63 165 471 0.52435
00016.jpg 338 48 347 491 0.50656
