00029.jpg 148 68 281 451 0.99855
00029.jpg 162 60 287 472 0.99594
00029.jpg 158 74 273 451 0.99587
00029.jpg 150 72 312 464 0.99538
00029.jpg 156 62 295 465 0.99503
00029.jpg 144 66 296 463 0.99489
00029.jpg 158 53 279 472 0.99482
00029.jpg 146 67 294 459 0.99426
00029.jpg 156 53 285 470 0.99314
00029.jpg 144 62 295 452 0.99263
00029.jpg 160 71 278 455 0.99232
00029.jpg 155 55 280 474 0.99208
00029.jpg 149 59 298 478 0.99078
00029.jpg 148 80 298 445 0.98899
00029.jpg 165 52 275 486 0.98693
00029.jpg 160 69 282 443 0.98552
00029.jpg 154 59 296 465 0.98496
00029.jpg 148 68 286 464 0.98446
00029.jpg 154 69 263 461 0.98369
00029.jpg 157 50 284 484 0.98357
00029.jpg 154 71 277 457 0.98272
00029.jpg 155 63 274 466 0.97671
00029.jpg 147 64 296 461 0.97632
00029.jpg 149 74 295 446 0.97478
00029.jpg 139 58 296 470 0.96738
00029.jpg 152 68 276 442 0.96298
00029.jpg 165 51 275 478 0.96262
00029.jpg 162 64 272 442 0.95816
00029.jpg 156 71 292 456 0.95780
00029.jpg 157 88 248 441 0.95765
00029.jpg 139 71 293 443 0.94025
00029.jpg 155 71 285 461 0.93933
00029.jpg 159 55 264 480 0.92717
00029.jpg 173 73 256 458 0.91754
00029.jpg 155 64 275 448 0.90141
00029.jpg 150 76 267 439 0.89867
00029.jpg 143 60 286 474 0.89858
00029.jpg 167 78 263 445 0.89718
00029.jpg 159 35 263 499 0.89184
00029.jpg 146 69 310 461 0.88320
00029.jpg 178 50 268 486 0.87176
00029.jpg 155 79 279 435 0.86570
00029.jpg 159 93 227 429 0.86100
00029.jpg 185 66 254 466 0.86090
00029.jpg 195 60 248 469 0.85860
00029.jpg 138 76 291 439 0.82869
00029.jpg 144 75 292 446 0.82863
00029.jpg 157 75 254 453 0.80823
00029.jpg 155 70 262 462 0.80639
00029.jpg 165 70 252 456 0.77071
00029.jpg 200 65 226 445 0.73461
00029.jpg 147 76 295 435 0.71148
00029.jpg 141 75 301 433 0.69052
00029.jpg 160 63 255 466 0.68606
00029.jpg 169 74 248 450 0.67981
00029.jpg 140 86 287 440 0.67726
00029.jpg 153 61 288 467 0.67568
00029.jpg 160 97 244 432 0.65801
00029.jpg 156 84 250 445 0.65146
00029.jpg 165 61 282 453 0.63022
00029.jpg 154 78 234 435 0.61594
00029.jpg 137 71 287 450 0.61316
00029.jpg 146 88 300 406 0.60639
00029.jpg 197 73 246 442 0.60541
00029.jpg 216 66 212 458 0.58205
00029.jpg 128 62 309 452 0.57506
00029.jpg 132 51 316 468 0.51085
