00013.jpg 0 55 225 472 0.99948
00013.jpg 6 34 215 499 0.99933
00013.jpg 398 0 315 530 0.99930
00013.jpg 5 45 223 471 0.99912
00013.jpg 330 111 163 342 0.99869
00013.jpg 380 4 334 503 0.99868
00013.jpg 9 57 225 462 0.99836
00013.jpg 0 50 220 464 0.99798
00013.jpg 0 58 225 473 0.99790
00013.jpg 0 37 234 492 0.99789
00013.jpg 0 50 224 474 0.99788
00013.jpg 2 40 228 479 0.99743
00013.jpg 383 7 320 505 0.99737
00013.jpg 3 61 224 459 0.99716
00013.jpg 329 112 159 339 0.99664
00013.jpg 0 40 225 499 0.99642
00013.jpg 6 47 208 471 0.99630
00013.jpg 0 51 221 478 0.99627
00013.jpg 5 60 220 462 0.99612
00013.jpg 0 48 225 486 0.99586
00013.jpg 381 3 334 528 0.99564
00013.jpg 339 119 150 327 0.99530
00013.jpg 324 106 160 354 0.99521
00013.jpg 349 4 370 490 0.99491
00013.jpg 359 11 367 497 0.99439
00013.jpg 398 12 304 510 0.99410
00013.jpg 1 44 214 466 0.99406
00013.jpg 3 53 208 473 0.99337
00013.jpg 317 117 160 343 0.99260
00013.jpg 332 17 401 481 0.99233
00013.jpg 9 45 209 472 0.99185
00013.jpg 12 59 208 466 0.99129
00013.jpg 378 9 369 484 0.99081
00013.jpg 381 10 325 505 0.99038
00013.jpg 341 14 380 507 0.99017
00013.jpg 329 120 158 335 0.98988
00013.jpg 380 9 317 503 0.98983
00013.jpg 0 42 228 489 0.98910
00013.jpg 363 8 355 488 0.98909
00013.jpg 2 46 211 482 0.98801
00013.jpg 620 146 88 310 0.98689
00013.jpg 328 120 159 332 0.98606
00013.jpg 322 110 168 342 0.98567
00013.jpg 329 118 148 334 0.98551
00013.jpg 623 141 91 320 0.98550
00013.jpg 383 6 324 514 0.98514
00013.jpg 316 111 173 333 0.98371
00013.jpg 622 147 86 302 0.98235
00013.jpg 384 0 308 517 0.98138
00013.jpg 397 15 307 499 0.98056
00013.jpg 1 50 225 461 0.98021
00013.jpg 10 50 200 458 0.97880
00013.jpg 619 133 96 318 0.97807
00013.jpg 402 11 301 500 0.97653
00013.jpg 624 139 84 312 0.97414
00013.jpg 334 111 146 343 0.97358
00013.jpg 326 124 166 331 0.97299
00013.jpg 327 121 165 344 0.97279
00013.jpg 336 121 159 334 0.97151
00013.jpg 321 115 166 329 0.96570
00013.jpg 370 26 365 474 0.96496
00013.jpg 402 8 286 495 0.96284
00013.jpg 619 141 87 318 0.96051
00013.jpg 0 42 232 478 0.96025
00013.jpg 321 132 175 325 0.96011
00013.jpg 616 143 94 316 0.95984
00013.jpg 325 121 163 332 0.95728
00013.jpg 330 97 152 370 0.95342
00013.jpg 616 134 98 321 0.95203
00013.jpg 323 115 164 355 0.95095
00013.jpg 327 122 149 330 0.95074
00013.jpg 331 117 162 335 0.94768
00013.jpg 628 140 80 314 0.94756
00013.jpg 396 7 296 509 0.94640
00013.jpg 372 8 323 489 0.94595
00013.jpg 363 39 285 453 0.94564
00013.jpg 409 0 284 528 0.94499
00013.jpg 624 141 90 314 0.94367
00013.jpg 321 124 170 338 0.94264
00013.jpg 397 2 290 516 0.94261
00013.jpg 324 129 167 329 0.94115
00013.jpg 627 152 84 298 0.94062
00013.jpg 0 56 218 466 0.94018
00013.jpg 623 138 93 319 0.93807
00013.jpg 328 133 159 320 0.93310
00013.jpg 623 146 90 310 0.93195
00013.jpg 347 0 389 516 0.93110
00013.jpg 622 141 89 320 0.93066
00013.jpg 618 150 94 306 0.92859
00013.jpg 333 116 155 345 0.92834
00013.jpg 343 12 370 461 0.92294
00013.jpg 625 145 82 306 0.92267
00013.jpg 618 134 93 321 0.92267
00013.jpg 621 133 92 322 0.92141
00013.jpg 627 153 81 295 0.92050
00013.jpg 325 119 173 333 0.91997
00013.jpg 623 144 93 313 0.91374
00013.jpg 616 133 100 316 0.91070
00013.jpg 330 124 140 335 0.90958
00013.jpg 392 0 324 524 0.90538
00013.jpg 621 150 90 307 0.90458
00013.jpg 344 125 131 332 0.90287
00013.jpg 385 24 331 480 0.90286
00013.jpg 323 106 156 351 0.90169
00013.jpg 327 126 161 323 0.90112
00013.jpg 10 46 220 477 0.90075
00013.jpg 616 136 98 318 0.90051
00013.jpg 625 142 81 314 0.90011
00013.jpg 627 134 81 324 0.89972
00013.jpg 2 52 218 470 0.89765
00013.jpg 326 121 172 326 0.89604
00013.jpg 327 126 158 326 0.89495
00013.jpg 622 153 84 298 0.89424
00013.jpg 376 24 339 495 0.89234
00013.jpg 315 115 164 323 0.89203
00013.jpg 624 138 82 324 0.89202
00013.jpg 321 122 159 330 0.89192
00013.jpg 625 149 89 303 0.88956
00013.jpg 624 138 86 314 0.88868
00013.jpg 2 48 202 474 0.88861
00013.jpg 334 123 149 342 0.88694
00013.jpg 378 29 301 487 0.88649
00013.jpg 618 134 94 318 0.88606
00013.jpg 404 2 278 510 0.88577
00013.jpg 383 24 306 475 0.88529
00013.jpg 332 113 153 342 0.88254
00013.jpg 330 124 158 328 0.88166
00013.jpg 623 138 87 310 0.87915
00013.jpg 328 117 165 337 0.87659
00013.jpg 397 0 303 519 0.87564
00013.jpg 0 43 230 496 0.86701
00013.jpg 12 68 208 453 0.86492
00013.jpg 327 124 169 335 0.86190
00013.jpg 319 6 401 494 0.85904
00013.jpg 387 9 315 516 0.85863
00013.jpg 409 22 299 485 0.85653
00013.jpg 326 127 156 326 0.85409
00013.jpg 324 124 170 327 0.85309
00013.jpg 0 48 209 473 0.84901
00013.jpg 621 138 91 313 0.83906
00013.jpg 4 66 213 449 0.83876
00013.jpg 406 8 286 511 0.83806
00013.jpg 331 120 153 340 0.83704
00013.jpg 345 10 365 495 0.83461
00013.jpg 0 51 208 469 0.83221
00013.jpg 620 145 90 309 0.82179
00013.jpg 624 156 81 292 0.82115
00013.jpg 398 10 313 500 0.81305
00013.jpg 629 159 80 289 0.81270
00013.jpg 324 125 156 327 0.79873
00013.jpg 623 129 84 332 0.79466
00013.jpg 626 152 84 297 0.79259
00013.jpg 328 67 268 410 0.79034
00013.jpg 415 13 264 512 0.78119
00013.jpg 620 130 88 317 0.77523
00013.jpg 629 147 81 303 0.77469
00013.jpg 402 19 285 488 0.76523
00013.jpg 627 159 83 284 0.76500
00013.jpg 623 144 87 307 0.76335
00013.jpg 390 0 288 523 0.75297
00013.jpg 623 147 91 310 0.73485
00013.jpg 329 12 454 469 0.72129
00013.jpg 367 28 353 483 0.72063
00013.jpg 411 8 280 511 0.69712
00013.jpg 342 16 353 493 0.69558
00013.jpg 376 7 339 523 0.67526
00013.jpg 612 132 96 316 0.66778
00013.jpg 9 26 206 509 0.66750
00013.jpg 330 117 157 340 0.65600
00013.jpg 322 126 154 325 0.65412
00013.jpg 317 127 168 337 0.64864
00013.jpg 631 108 98 341 0.64296
00013.jpg 632 153 85 298 0.63686
00013.jpg 363 12 379 484 0.62802
00013.jpg 380 17 310 482 0.60747
00013.jpg 332 115 183 342 0.60535
00013.jpg 14 57 213 463 0.59970
00013.jpg 624 159 82 286 0.59848
00013.jpg 618 129 90 324 0.58593
00013.jpg 615 136 85 315 0.58393
00013.jpg 335 100 167 372 0.57683
00013.jpg 412 0 295 527 0.57197
00013.jpg 404 0 262 534 0.57134
00013.jpg 357 6 363 508 0.56952
00013.jpg 350 38 316 461 0.55532
00013.jpg 342 123 162 335 0.55457
00013.jpg 620 130 100 322 0.55414
00013.jpg 343 136 144 319 0.54855
00013.jpg 319 110 183 349 0.54439
00013.jpg 628 172 87 265 0.53317
00013.jpg 612 134 115 322 0.52658
00013.jpg 5 57 231 469 0.52327
00013.jpg 401 22 331 474 0.51522
00013.jpg 382 36 266 440 0.51313
00013.jpg 631 147 83 301 0.50666
00013.jpg 634 146 82 304 0.50295
