00011.jpg 423 8 258 516 0.99949
00011.jpg 0 64 233 470 0.99936
00011.jpg 5 52 218 470 0.99933
00011.jpg 7 65 222 459 0.99914
00011.jpg 2 66 230 458 0.99905
00011.jpg 432 24 245 496 0.99883
00011.jpg 437 19 238 500 0.99883
00011.jpg 2 64 227 464 0.99875
00011.jpg 0 55 244 484 0.99862
00011.jpg 0 64 227 465 0.99853
00011.jpg 2 53 246 475 0.99838
00011.jpg 5 55 236 478 0.99834
00011.jpg 341 115 148 327 0.99829
00011.jpg 6 51 228 479 0.99817
00011.jpg 7 59 223 469 0.99805
00011.jpg 427 18 243 505 0.99785
00011.jpg 351 125 123 324 0.99752
00011.jpg 420 14 244 509 0.99744
00011.jpg 10 53 213 474 0.99728
00011.jpg 414 6 266 521 0.99720
00011.jpg 12 53 215 471 0.99645
00011.jpg 429 18 225 499 0.99641
00011.jpg 0 59 233 451 0.99638
00011.jpg 343 124 133 318 0.99630
00011.jpg 8 54 226 467 0.99580
00011.jpg 437 13 234 510 0.99516
00011.jpg 421 21 248 505 0.99516
00011.jpg 0 48 223 487 0.99484
00011.jpg 7 59 229 478 0.99410
00011.jpg 429 19 238 486 0.99406
00011.jpg 429 18 245 490 0.99402
00011.jpg 418 17 238 503 0.99388
00011.jpg 12 71 227 448 0.99354
00011.jpg 614 152 101 307 0.99336
00011.jpg 350 124 117 326 0.99319
00011.jpg 343 123 133 322 0.99313
00011.jpg 613 146 103 309 0.99298
00011.jpg 611 137 113 319 0.99290
00011.jpg 447 22 232 492 0.99255
00011.jpg 612 143 107 307 0.99237
00011.jpg 344 115 128 337 0.99120
00011.jpg 347 118 135 335 0.99095
00011.jpg 438 9 228 511 0.99085
00011.jpg 2 84 227 433 0.99045
00011.jpg 610 152 112 301 0.99044
00011.jpg 607 154 112 301 0.99016
00011.jpg 344 131 134 314 0.99009
00011.jpg 4 56 236 471 0.99002
00011.jpg 419 17 257 495 0.99000
00011.jpg 0 53 239 470 0.98989
00011.jpg 340 115 142 325 0.98936
00011.jpg 446 11 227 510 0.98928
00011.jpg 343 121 135 331 0.98921
00011.jpg 444 33 225 476 0.98913
00011.jpg 613 146 103 305 0.98890
00011.jpg 347 128 133 322 0.98859
00011.jpg 344 120 136 331 0.98819
00011.jpg 0 61 237 453 0.98779
00011.jpg 610 136 110 320 0.98753
00011.jpg 348 112 126 333 0.98717
00011.jpg 11 55 208 481 0.98627
00011.jpg 347 125 139 330 0.98570
00011.jpg 351 124 131 324 0.98495
00011.jpg 613 151 108 291 0.98488
00011.jpg 344 130 133 318 0.98416
00011.jpg 428 16 245 509 0.98386
00011.jpg 343 125 138 326 0.98341
00011.jpg 426 21 244 496 0.98325
00011.jpg 618 150 102 303 0.98186
00011.jpg 615 145 100 308 0.98058
00011.jpg 619 153 98 291 0.97978
00011.jpg 612 147 110 312 0.97976
00011.jpg 611 144 105 311 0.97932
00011.jpg 3 59 230 460 0.97923
00011.jpg 440 22 229 494 0.97890
00011.jpg 442 19 232 501 0.97844
00011.jpg 410 9 289 489 0.97800
00011.jpg 8 75 213 451 0.97791
00011.jpg 350 130 129 312 0.97747
00011.jpg 349 125 129 331 0.97725
00011.jpg 420 30 265 485 0.97689
00011.jpg 349 118 134 341 0.97666
00011.jpg 617 151 105 315 0.97568
00011.jpg 610 152 110 297 0.97478
00011.jpg 345 116 131 341 0.97371
00011.jpg 435 14 239 503 0.97284
00011.jpg 12 68 226 450 0.97215
00011.jpg 341 121 131 331 0.97129
00011.jpg 347 138 116 306 0.97052
00011.jpg 346 127 129 321 0.96991
00011.jpg 348 129 122 320 0.96803
00011.jpg 434 18 240 505 0.96750
00011.jpg 432 2 231 531 0.96603
00011.jpg 453 27 220 503 0.96458
00011.jpg 613 146 109 309 0.96293
00011.jpg 341 121 135 335 0.96214
00011.jpg 608 144 111 314 0.96113
00011.jpg 616 153 101 300 0.95561
00011.jpg 615 148 106 302 0.95408
00011.jpg 0 50 249 489 0.95335
00011.jpg 617 159 97 294 0.95200
00011.jpg 611 149 109 298 0.95133
00011.jpg 612 149 110 304 0.95043
00011.jpg 433 30 233 482 0.95019
00011.jpg 611 140 110 304 0.94781
00011.jpg 435 0 255 521 0.94764
00011.jpg 608 151 107 302 0.94736
00011.jpg 343 118 127 350 0.94352
00011.jpg 615 143 101 314 0.94207
00011.jpg 437 22 231 499 0.93981
00011.jpg 345 117 140 324 0.93977
00011.jpg 423 32 251 481 0.93810
00011.jpg 346 116 126 335 0.93740
00011.jpg 611 137 100 317 0.93666
00011.jpg 613 142 99 315 0.93539
00011.jpg 341 112 129 336 0.93515
00011.jpg 611 138 108 323 0.93510
00011.jpg 350 117 145 330 0.93489
00011.jpg 613 152 105 299 0.93287
00011.jpg 10 47 209 492 0.92945
00011.jpg 386 29 294 481 0.92873
00011.jpg 615 156 103 293 0.92836
00011.jpg 347 136 129 308 0.92776
00011.jpg 421 34 261 441 0.92756
00011.jpg 5 57 221 470 0.91845
00011.jpg 614 148 103 298 0.91782
00011.jpg 433 36 239 466 0.91572
00011.jpg 4 61 212 465 0.91425
00011.jpg 387 19 315 491 0.91406
00011.jpg 407 19 276 494 0.90798
00011.jpg 334 117 140 338 0.90686
00011.jpg 344 122 138 322 0.90268
00011.jpg 609 146 114 312 0.89741
00011.jpg 613 153 110 291 0.89360
00011.jpg 609 146 100 311 0.88750
00011.jpg 8 67 233 472 0.88583
00011.jpg 346 115 130 346 0.88543
00011.jpg 348 116 140 334 0.88478
00011.jpg 353 114 120 343 0.88444
00011.jpg 614 133 99 334 0.88420
00011.jpg 615 149 103 308 0.88383
00011.jpg 446 12 220 509 0.88259
00011.jpg 374 34 337 471 0.88223
00011.jpg 619 150 98 304 0.87695
00011.jpg 428 22 238 500 0.87356
00011.jpg 20 62 212 463 0.86278
00011.jpg 3 60 231 452 0.85835
00011.jpg 342 122 133 333 0.85351
00011.jpg 430 25 230 490 0.85316
00011.jpg 618 152 98 298 0.85238
00011.jpg 450 12 249 504 0.84614
00011.jpg 382 91 340 400 0.84515
00011.jpg 344 119 142 341 0.84014
00011.jpg 339 124 146 320 0.83832
00011.jpg 0 25 239 507 0.83702
00011.jpg 621 149 98 302 0.83307
00011.jpg 344 120 126 325 0.82974
00011.jpg 349 126 126 320 0.82671
00011.jpg 608 147 111 304 0.82205
00011.jpg 0 60 222 469 0.81795
00011.jpg 605 149 118 297 0.81784
00011.jpg 616 149 101 299 0.81238
00011.jpg 606 147 104 299 0.81109
00011.jpg 625 142 89 308 0.79571
00011.jpg 616 138 102 303 0.79551
00011.jpg 340 128 130 327 0.78840
00011.jpg 603 130 133 327 0.77902
00011.jpg 458 17 223 500 0.77786
00011.jpg 346 128 136 333 0.77668
00011.jpg 615 150 101 276 0.76998
00011.jpg 614 148 96 304 0.76243
00011.jpg 344 119 138 324 0.76113
00011.jpg 341 126 138 324 0.75861
00011.jpg 623 138 92 313 0.75835
00011.jpg 1 61 210 456 0.74857
00011.jpg 607 146 118 320 0.74403
00011.jpg 345 125 132 321 0.74014
00011.jpg 430 24 215 488 0.73651
00011.jpg 340 125 139 325 0.72841
00011.jpg 329 124 154 330 0.72233
00011.jpg 425 9 221 527 0.72221
00011.jpg 612 151 100 309 0.67556
00011.jpg 433 26 230 493 0.67157
00011.jpg 351 110 127 341 0.66980
00011.jpg 620 154 103 291 0.66810
00011.jpg 614 155 108 302 0.66389
00011.jpg 345 141 138 311 0.65770
00011.jpg 436 41 237 458 0.65169
00011.jpg 1 51 239 484 0.61197
00011.jpg 438 13 223 513 0.60964
00011.jpg 620 132 92 325 0.59929
00011.jpg 349 123 127 323 0.59918
00011.jpg 347 129 124 320 0.59237
00011.jpg 604 149 104 297 0.58999
00011.jpg 0 59 228 465 0.58884
00011.jpg 613 125 100 333 0.57401
00011.jpg 451 21 200 501 0.55469
00011.jpg 346 130 125 306 0.55326
00011.jpg 604 143 104 315 0.54557
00011.jpg 431 29 224 474 0.54096
00011.jpg 342 120 147 330 0.53707
00011.jpg 396 9 290 507 0.53432
00011.jpg 613 152 103 291 0.52923
00011.jpg 600 150 113 305 0.51960
00011.jpg 425 25 238 452 0.51520
00011.jpg 629 145 99 306 0.51110
