00022.jpg 330 116 164 348 0.99968
00022.jpg 3 54 244 469 0.99966
00022.jpg 328 123 170 325 0.99943
00022.jpg 457 14 191 515 0.99942
00022.jpg 2 43 249 483 0.99935
00022.jpg 462 18 172 503 0.99931
00022.jpg 328 119 167 335 0.99930
00022.jpg 631 160 120 294 0.99926
00022.jpg 2 54 245 460 0.99924
00022.jpg 630 156 119 308 0.99918
00022.jpg 0 44 252 475 0.99918
00022.jpg 1 49 249 468 0.99917
00022.jpg 625 159 124 303 0.99914
00022.jpg 9 48 224 478 0.99910
00022.jpg 0 41 252 480 0.99907
00022.jpg 629 157 122 293 0.99898
00022.jpg 4 49 242 485 0.99897
00022.jpg 630 159 124 300 0.99882
00022.jpg 331 118 173 337 0.99856
00022.jpg 626 158 125 301 0.99845
00022.jpg 627 162 122 292 0.99842
00022.jpg 0 47 249 483 0.99836
00022.jpg 0 42 237 495 0.99830
00022.jpg 7 51 234 466 0.99826
00022.jpg 631 145 116 321 0.99823
00022.jpg 631 162 113 297 0.99823
00022.jpg 461 22 183 502 0.99820
00022.jpg 634 155 116 288 0.99819
00022.jpg 466 23 171 506 0.99809
00022.jpg 629 156 120 307 0.99801
00022.jpg 1 60 246 465 0.99795
00022.jpg 627 164 118 298 0.99794
00022.jpg 632 153 117 309 0.99794
00022.jpg 2 52 238 471 0.99790
00022.jpg 327 109 170 344 0.99788
00022.jpg 630 167 116 301 0.99783
00022.jpg 626 159 134 299 0.99778
00022.jpg 326 115 179 348 0.99759
00022.jpg 0 49 245 478 0.99754
00022.jpg 329 125 167 329 0.99739
00022.jpg 329 110 159 345 0.99738
00022.jpg 3 45 245 478 0.99733
00022.jpg 6 42 234 484 0.99722
00022.jpg 333 117 156 340 0.99712
00022.jpg 459 33 178 490 0.99695
00022.jpg 624 160 126 297 0.99678
00022.jpg 328 122 161 331 0.99676
00022.jpg 459 22 175 502 0.99671
00022.jpg 630 164 119 299 0.99670
00022.jpg 330 120 164 342 0.99667
00022.jpg 328 120 166 335 0.99663
00022.jpg 2 44 232 476 0.99649
00022.jpg 461 20 170 509 0.99582
00022.jpg 334 128 164 322 0.99571
00022.jpg 321 122 176 329 0.99552
00022.jpg 3 59 242 451 0.99550
00022.jpg 323 110 181 361 0.99549
00022.jpg 329 119 168 340 0.99536
00022.jpg 629 157 120 305 0.99528
00022.jpg 628 157 121 302 0.99523
00022.jpg 0 47 242 470 0.99501
00022.jpg 624 155 127 301 0.99499
00022.jpg 464 28 169 487 0.99453
00022.jpg 13 51 233 472 0.99439
00022.jpg 459 19 183 507 0.99416
00022.jpg 329 122 165 333 0.99416
00022.jpg 467 17 172 501 0.99407
00022.jpg 627 151 122 314 0.99401
00022.jpg 626 158 124 309 0.99369
00022.jpg 464 21 179 501 0.99368
00022.jpg 467 18 174 505 0.99360
00022.jpg 628 155 123 308 0.99349
00022.jpg 322 121 179 332 0.99342
00022.jpg 330 128 169 318 0.99341
00022.jpg 4 38 243 486 0.99340
00022.jpg 630 158 120 300 0.99340
00022.jpg 336 114 160 340 0.99333
00022.jpg 466 28 172 469 0.99321
00022.jpg 628 157 124 307 0.99313
00022.jpg 332 115 160 342 0.99303
00022.jpg 464 14 192 508 0.99301
00022.jpg 322 112 174 346 0.99288
00022.jpg 455 24 179 490 0.99283
00022.jpg 320 115 181 321 0.99250
00022.jpg 627 162 116 290 0.99197
00022.jpg 628 166 119 296 0.99149
00022.jpg 334 114 160 351 0.99021
00022.jpg 628 159 118 304 0.99006
00022.jpg 461 31 175 478 0.98974
00022.jpg 328 123 157 335 0.98969
00022.jpg 631 161 118 301 0.98966
00022.jpg 451 20 184 503 0.98944
00022.jpg 627 154 124 304 0.98899
00022.jpg 631 150 118 310 0.98883
00022.jpg 4 41 246 478 0.98870
00022.jpg 470 46 166 453 0.98802
00022.jpg 331 122 165 333 0.98781
00022.jpg 338 124 151 337 0.98760
00022.jpg 329 110 153 342 0.98747
00022.jpg 458 40 171 475 0.98740
00022.jpg 326 114 166 345 0.98728
00022.jpg 467 26 171 504 0.98702
00022.jpg 459 11 183 508 0.98666
00022.jpg 336 114 157 344 0.98659
00022.jpg 327 119 174 342 0.98622
00022.jpg 467 19 178 498 0.98603
00022.jpg 625 162 128 293 0.98564
00022.jpg 328 126 170 332 0.98543
00022.jpg 463 21 171 499 0.98467
00022.jpg 464 26 165 490 0.98428
00022.jpg 338 124 163 327 0.98392
00022.jpg 625 151 119 312 0.98374
00022.jpg 463 9 183 530 0.98362
00022.jpg 324 110 175 354 0.98302
00022.jpg 329 126 161 330 0.98232
00022.jpg 0 59 253 468 0.98160
00022.jpg 464 15 171 505 0.98136
00022.jpg 0 44 249 473 0.98082
00022.jpg 633 164 117 296 0.97940
00022.jpg 631 157 115 305 0.97940
00022.jpg 628 166 123 298 0.97915
00022.jpg 624 161 124 305 0.97865
00022.jpg 629 154 123 311 0.97822
00022.jpg 453 25 184 498 0.97781
00022.jpg 463 14 176 512 0.97775
00022.jpg 329 125 164 329 0.97452
00022.jpg 326 115 162 344 0.97336
00022.jpg 630 155 124 309 0.96994
00022.jpg 332 121 158 333 0.96946
00022.jpg 2 42 244 484 0.96782
00022.jpg 324 125 168 331 0.96711
00022.jpg 7 42 245 476 0.96160
00022.jpg 630 157 118 314 0.96143
00022.jpg 0 56 237 460 0.96092
00022.jpg 2 40 253 478 0.95870
00022.jpg 0 54 248 462 0.95790
00022.jpg 11 44 218 474 0.95674
00022.jpg 324 125 167 320 0.95006
00022.jpg 457 10 184 523 0.94468
00022.jpg 630 154 120 284 0.94428
00022.jpg 453 26 184 510 0.94355
00022.jpg 473 10 158 493 0.94296
00022.jpg 619 167 130 287 0.94231
00022.jpg 460 39 163 471 0.94123
00022.jpg 454 38 200 470 0.93671
00022.jpg 624 155 126 301 0.93635
00022.jpg 322 113 178 339 0.93529
00022.jpg 0 36 242 486 0.93157
00022.jpg 624 164 128 302 0.92944
00022.jpg 628 151 125 315 0.92741
00022.jpg 327 128 175 311 0.92256
00022.jpg 632 157 128 296 0.92099
00022.jpg 332 122 158 334 0.91836
00022.jpg 436 4 213 523 0.91829
00022.jpg 4 49 224 474 0.90815
00022.jpg 6 46 234 465 0.89918
00022.jpg 459 18 164 489 0.89739
00022.jpg 625 158 127 311 0.89175
00022.jpg 460 28 177 495 0.88938
00022.jpg 328 124 153 322 0.88821
00022.jpg 626 157 129 300 0.87573
00022.jpg 626 144 125 301 0.86978
00022.jpg 626 163 125 297 0.86811
00022.jpg 329 114 165 345 0.86467
00022.jpg 465 9 182 513 0.86230
00022.jpg 334 121 169 334 0.86229
00022.jpg 457 23 184 470 0.86065
00022.jpg 3 67 237 440 0.85622
00022.jpg 623 155 130 292 0.85395
00022.jpg 0 41 250 471 0.84474
00022.jpg 0 50 234 474 0.83654
00022.jpg 629 157 126 300 0.83614
00022.jpg 462 30 164 484 0.83530
00022.jpg 635 153 114 311 0.83451
00022.jpg 324 114 168 343 0.82096
00022.jpg 468 30 179 473 0.80521
00022.jpg 622 157 135 303 0.80476
00022.jpg 2 48 250 479 0.79514
00022.jpg 627 159 122 304 0.78597
00022.jpg 6 59 217 439 0.78439
00022.jpg 454 0 190 519 0.78185
00022.jpg 8 38 233 480 0.77820
00022.jpg 471 18 165 503 0.76849
00022.jpg 327 122 172 331 0.76649
00022.jpg 329 87 182 389 0.76202
00022.jpg 330 111 170 351 0.76020
00022.jpg 627 163 117 296 0.75533
00022.jpg 621 160 132 298 0.75516
00022.jpg 618 148 137 302 0.75194
00022.jpg 622 150 128 301 0.74547
00022.jpg 622 164 125 286 0.73439
00022.jpg 630 162 115 296 0.73391
00022.jpg 618 158 141 300 0.72717
00022.jpg 322 117 172 341 0.71904
00022.jpg 329 117 160 348 0.71696
00022.jpg 628 162 122 288 0.71563
00022.jpg 467 40 161 475 0.71131
00022.jpg 627 152 124 295 0.70168
00022.jpg 627 160 129 300 0.69265
00022.jpg 461 21 185 497 0.68882
00022.jpg 444 31 184 485 0.68562
00022.jpg 324 123 167 331 0.66859
00022.jpg 327 118 166 338 0.66193
00022.jpg 453 22 176 490 0.64361
00022.jpg 632 161 116 293 0.63925
00022.jpg 467 21 160 497 0.63024
00022.jpg 0 62 253 444 0.61331
00022.jpg 333 125 160 334 0.60444
00022.jpg 334 134 160 330 0.60415
00022.jpg 456 12 193 485 0.60084
00022.jpg 322 105 170 359 0.59369
00022.jpg 615 155 147 305 0.58250
00022.jpg 460 13 178 526 0.54735
00022.jpg 333 115 164 346 0.54577
00022.jpg 471 36 172 466 0.51584
00022.jpg 468 55 159 477 0.51100
