00034.jpg 20 44 181 482 0.99950
00034.jpg 458 13 172 501 0.99940
00034.jpg 21 32 184 507 0.99937
00034.jpg 344 130 98 315 0.99930
00034.jpg 451 11 177 521 0.99895
00034.jpg 464 13 158 518 0.99889
00034.jpg 344 120 101 332 0.99885
00034.jpg 592 161 131 296 0.99857
00034.jpg 457 14 166 511 0.99851
00034.jpg 23 48 181 466 0.99851
00034.jpg 338 127 112 323 0.99835
00034.jpg 594 161 120 293 0.99827
00034.jpg 20 48 174 478 0.99818
00034.jpg 350 129 87 327 0.99785
00034.jpg 588 164 129 292 0.99755
00034.jpg 19 28 180 508 0.99753
00034.jpg 20 51 168 478 0.99747
00034.jpg 594 157 124 300 0.99727
00034.jpg 24 48 163 477 0.99726
00034.jpg 592 162 126 293 0.99721
00034.jpg 27 43 168 483 0.99707
00034.jpg 340 130 107 326 0.99700
00034.jpg 344 135 98 323 0.99698
00034.jpg 344 133 98 325 0.99693
00034.jpg 463 18 154 513 0.99680
00034.jpg 345 127 96 333 0.99678
00034.jpg 456 27 174 491 0.99674
00034.jpg 345 124 100 338 0.99669
00034.jpg 452 18 179 505 0.99662
00034.jpg 349 119 93 340 0.99661
00034.jpg 460 21 164 507 0.99659
00034.jpg 20 62 186 459 0.99646
00034.jpg 584 155 138 301 0.99644
00034.jpg 588 166 130 283 0.99640
00034.jpg 17 39 186 489 0.99632
00034.jpg 594 158 131 305 0.99620
00034.jpg 591 159 127 301 0.99619
00034.jpg 21 38 184 500 0.99582
00034.jpg 593 161 129 300 0.99545
00034.jpg 592 161 125 297 0.99532
00034.jpg 578 168 146 286 0.99517
00034.jpg 580 162 144 291 0.99504
00034.jpg 587 170 133 292 0.99487
00034.jpg 346 127 100 331 0.99481
00034.jpg 460 30 164 492 0.99480
00034.jpg 26 33 175 506 0.99470
00034.jpg 20 51 171 471 0.99470
00034.jpg 593 156 127 304 0.99463
00034.jpg 596 163 123 291 0.99426
00034.jpg 591 162 129 292 0.99423
00034.jpg 16 44 186 490 0.99418
00034.jpg 343 133 99 326 0.99404
00034.jpg 17 43 176 492 0.99395
00034.jpg 19 47 188 485 0.99377
00034.jpg 586 167 136 286 0.99365
00034.jpg 586 159 133 299 0.99344
00034.jpg 461 19 160 513 0.99313
00034.jpg 466 11 153 513 0.99278
00034.jpg 595 165 125 291 0.99173
00034.jpg 468 5 150 521 0.99173
00034.jpg 591 166 124 278 0.99165
00034.jpg 342 121 103 340 0.99098
00034.jpg 345 128 96 322 0.99095
00034.jpg 592 163 125 292 0.99095
00034.jpg 346 126 95 332 0.99076
00034.jpg 340 120 106 338 0.99070
00034.jpg 587 162 139 303 0.99069
00034.jpg 26 39 165 495 0.99040
00034.jpg 584 160 139 299 0.98981
00034.jpg 16 52 183 469 0.98953
00034.jpg 473 29 148 493 0.98904
00034.jpg 18 42 178 491 0.98901
00034.jpg 462 22 164 499 0.98881
00034.jpg 21 40 177 481 0.98872
00034.jpg 31 45 160 494 0.98838
00034.jpg 14 43 188 496 0.98794
00034.jpg 465 16 152 503 0.98788
00034.jpg 460 14 164 503 0.98783
00034.jpg 18 43 177 496 0.98781
00034.jpg 470 36 142 461 0.98770
00034.jpg 464 17 169 496 0.98730
00034.jpg 345 130 97 327 0.98648
00034.jpg 595 149 127 305 0.98627
00034.jpg 343 126 100 332 0.98617
00034.jpg 588 159 129 305 0.98535
00034.jpg 586 153 135 303 0.98496
00034.jpg 590 165 128 293 0.98486
00034.jpg 592 162 129 302 0.98456
00034.jpg 341 126 108 335 0.98404
00034.jpg 453 39 174 473 0.98339
00034.jpg 600 163 124 289 0.98314
00034.jpg 346 127 98 320 0.98169
00034.jpg 448 26 180 491 0.98158
00034.jpg 469 22 152 505 0.98147
00034.jpg 589 158 138 281 0.98116
00034.jpg 582 164 146 278 0.98108
00034.jpg 591 160 124 301 0.98039
00034.jpg 584 158 139 303 0.97959
00034.jpg 586 157 136 300 0.97857
00034.jpg 16 30 178 496 0.97838
00034.jpg 340 127 109 330 0.97832
00034.jpg 347 124 99 344 0.97775
00034.jpg 351 128 90 333 0.97771
00034.jpg 466 40 154 479 0.97735
00034.jpg 343 129 103 327 0.97639
00034.jpg 594 160 124 300 0.97614
00034.jpg 589 162 131 296 0.97606
00034.jpg 604 167 120 277 0.97165
00034.jpg 461 27 162 504 0.97151
00034.jpg 589 166 126 288 0.97125
00034.jpg 592 154 128 301 0.96892
00034.jpg 455 29 166 494 0.96618
00034.jpg 590 166 123 292 0.96205
00034.jpg 350 131 94 328 0.95927
00034.jpg 347 119 100 341 0.95750
00034.jpg 451 18 168 506 0.95735
00034.jpg 464 28 162 464 0.95518
00034.jpg 587 159 130 299 0.95048
00034.jpg 458 37 172 474 0.95005
00034.jpg 465 13 171 509 0.94705
00034.jpg 458 17 157 508 0.94551
00034.jpg 462 13 168 493 0.93941
00034.jpg 344 121 101 338 0.93824
00034.jpg 589 163 126 299 0.93468
00034.jpg 453 21 179 496 0.92943
00034.jpg 590 166 130 288 0.92465
00034.jpg 468 0 148 525 0.92262
00034.jpg 588 163 127 300 0.92138
00034.jpg 338 126 106 319 0.91632
00034.jpg 31 37 172 502 0.91346
00034.jpg 461 20 160 510 0.91290
00034.jpg 23 48 176 481 0.91258
00034.jpg 592 162 127 292 0.90812
00034.jpg 581 166 137 280 0.89815
00034.jpg 589 163 125 287 0.89692
00034.jpg 459 11 161 502 0.88633
00034.jpg 586 158 141 299 0.88449
00034.jpg 343 130 95 330 0.88391
00034.jpg 587 162 134 302 0.87979
00034.jpg 589 164 131 293 0.87614
00034.jpg 344 130 104 311 0.87272
00034.jpg 463 8 162 511 0.86949
00034.jpg 17 44 181 484 0.86784
00034.jpg 587 161 128 292 0.86696
00034.jpg 11 49 193 483 0.86570
00034.jpg 452 10 190 492 0.86568
00034.jpg 350 124 97 331 0.86406
00034.jpg 585 157 136 304 0.86378
00034.jpg 588 163 123 293 0.86356
00034.jpg 588 162 128 302 0.86208
00034.jpg 590 167 131 290 0.85800
00034.jpg 455 28 170 484 0.85721
00034.jpg 23 36 183 490 0.85366
00034.jpg 586 165 134 291 0.84189
00034.jpg 19 45 181 474 0.83882
00034.jpg 580 159 142 304 0.83768
00034.jpg 343 123 105 336 0.83187
00034.jpg 592 157 111 300 0.82913
00034.jpg 459 11 157 500 0.81907
00034.jpg 462 29 149 495 0.81426
00034.jpg 22 42 176 481 0.81288
00034.jpg 592 156 127 299 0.81241
00034.jpg 33 41 173 484 0.81185
00034.jpg 589 163 127 297 0.80952
00034.jpg 589 172 128 293 0.79850
00034.jpg 452 30 175 485 0.79453
00034.jpg 347 123 102 337 0.78919
00034.jpg 20 62 180 450 0.78894
00034.jpg 29 45 169 494 0.78400
00034.jpg 586 160 142 288 0.76976
00034.jpg 346 127 96 325 0.76770
00034.jpg 454 25 167 510 0.76250
00034.jpg 584 161 125 299 0.75001
00034.jpg 23 64 167 456 0.73521
00034.jpg 595 168 126 293 0.73270
00034.jpg 346 122 104 334 0.72689
00034.jpg 348 128 95 322 0.71718
00034.jpg 23 63 181 465 0.71631
00034.jpg 457 22 165 484 0.70067
00034.jpg 462 27 160 497 0.69740
00034.jpg 449 36 159 495 0.69085
00034.jpg 347 132 101 327 0.68087
00034.jpg 347 122 97 334 0.67588
00034.jpg 343 123 102 340 0.67532
00034.jpg 349 118 95 332 0.67405
00034.jpg 589 169 129 285 0.67140
00034.jpg 468 25 166 491 0.66072
00034.jpg 454 7 171 531 0.65209
00034.jpg 27 48 170 476 0.63920
00034.jpg 6 53 207 462 0.63905
00034.jpg 26 44 168 466 0.63329
00034.jpg 586 164 122 297 0.63216
00034.jpg 595 162 121 290 0.62892
00034.jpg 343 121 95 344 0.62260
00034.jpg 12 37 168 486 0.59548
00034.jpg 462 56 165 462 0.59241
00034.jpg 592 164 124 296 0.58274
00034.jpg 31 78 164 453 0.56030
00034.jpg 18 54 164 453 0.53737
00034.jpg 10 35 201 504 0.53473
00034.jpg 601 161 113 294 0.53343
00034.jpg 338 129 101 339 0.52924
00034.jpg 463 17 150 512 0.51566
00034.jpg 475 34 160 460 0.51334
00034.jpg 583 170 132 278 0.50655
00034.jpg 589 161 130 299 0.50541
00034.jpg 448 0 191 523 0.50519
00034.jpg 345 120 110 316 0.50322
