00058.jpg 344 145 102 298 0.99965
00058.jpg 44 88 160 437 0.99954
00058.jpg 47 93 158 422 0.99946
00058.jpg 458 42 154 473 0.99942
00058.jpg 598 158 113 291 0.99917
00058.jpg 464 36 151 489 0.99911
00058.jpg 343 136 99 302 0.99911
00058.jpg 607 160 98 287 0.99909
00058.jpg 50 93 145 431 0.99898
00058.jpg 454 29 168 507 0.99894
00058.jpg 345 136 100 309 0.99865
00058.jpg 455 37 159 491 0.99863
00058.jpg 603 153 101 299 0.99845
00058.jpg 600 152 111 294 0.99802
00058.jpg 603 150 97 297 0.99801
00058.jpg 38 96 168 426 0.99799
00058.jpg 597 158 111 287 0.99799
00058.jpg 605 158 108 295 0.99798
00058.jpg 39 86 170 433 0.99794
00058.jpg 339 140 103 297 0.99785
00058.jpg 347 142 96 299 0.99773
00058.jpg 54 78 151 450 0.99768
00058.jpg 348 136 91 308 0.99767
00058.jpg 601 152 107 301 0.99759
00058.jpg 456 34 154 494 0.99726
00058.jpg 32 78 190 441 0.99723
00058.jpg 467 35 144 493 0.99703
00058.jpg 346 136 100 311 0.99698
00058.jpg 470 34 136 494 0.99696
00058.jpg 457 29 165 497 0.99696
00058.jpg 44 94 165 424 0.99693
00058.jpg 345 141 99 304 0.99693
00058.jpg 468 30 149 501 0.99687
00058.jpg 345 142 96 299 0.99663
00058.jpg 32 90 171 429 0.99659
00058.jpg 602 148 109 299 0.99638
00058.jpg 466 44 155 487 0.99633
00058.jpg 603 152 108 291 0.99629
00058.jpg 461 53 165 473 0.99627
00058.jpg 46 72 157 449 0.99625
00058.jpg 343 136 100 304 0.99610
00058.jpg 603 152 107 293 0.99602
00058.jpg 461 32 163 494 0.99595
00058.jpg 450 38 174 488 0.99587
00058.jpg 604 151 103 294 0.99587
00058.jpg 347 133 101 308 0.99577
00058.jpg 349 128 91 317 0.99573
00058.jpg 457 37 164 479 0.99572
00058.jpg 348 138 96 302 0.99571
00058.jpg 602 155 111 292 0.99549
00058.jpg 48 82 152 433 0.99528
00058.jpg 606 159 107 289 0.99526
00058.jpg 39 88 168 415 0.99525
00058.jpg 42 78 169 448 0.99522
00058.jpg 600 155 110 295 0.99506
00058.jpg 35 92 169 433 0.99503
00058.jpg 343 141 106 305 0.99502
00058.jpg 42 93 166 424 0.99500
00058.jpg 599 154 111 293 0.99481
00058.jpg 465 40 156 474 0.99478
00058.jpg 605 144 102 309 0.99477
00058.jpg 345 133 101 307 0.99459
00058.jpg 52 83 153 439 0.99444
00058.jpg 40 92 163 431 0.99444
00058.jpg 347 133 99 309 0.99402
00058.jpg 459 27 153 505 0.99386
00058.jpg 459 39 158 486 0.99354
00058.jpg 349 137 91 313 0.99350
00058.jpg 35 89 176 422 0.99313
00058.jpg 465 33 149 483 0.99304
00058.jpg 33 77 177 448 0.99287
00058.jpg 345 130 101 317 0.99285
00058.jpg 602 154 103 289 0.99272
00058.jpg 347 135 97 311 0.99258
00058.jpg 49 86 152 430 0.99257
00058.jpg 465 34 143 489 0.99168
00058.jpg 348 130 93 308 0.99151
00058.jpg 41 85 160 430 0.99150
00058.jpg 604 157 106 292 0.99120
00058.jpg 597 159 116 282 0.99103
00058.jpg 606 145 105 309 0.99092
00058.jpg 463 40 164 488 0.99056
00058.jpg 339 141 102 305 0.99037
00058.jpg 37 85 171 439 0.99014
00058.jpg 606 151 98 296 0.98992
00058.jpg 603 156 103 287 0.98965
00058.jpg 602 156 107 285 0.98956
00058.jpg 466 34 153 494 0.98902
00058.jpg 470 41 139 479 0.98829
00058.jpg 602 158 108 287 0.98670
00058.jpg 53 81 156 447 0.98649
00058.jpg 346 137 101 307 0.98638
00058.jpg 607 155 99 291 0.98606
00058.jpg 608 158 100 292 0.98566
00058.jpg 602 156 105 291 0.98562
00058.jpg 53 75 145 451 0.98495
00058.jpg 598 147 104 300 0.98446
00058.jpg 459 56 162 463 0.98440
00058.jpg 345 140 97 296 0.98369
00058.jpg 44 90 159 433 0.98337
00058.jpg 346 135 94 310 0.98253
00058.jpg 349 139 97 299 0.98168
00058.jpg 600 149 104 306 0.98166
00058.jpg 600 157 103 300 0.98020
00058.jpg 458 43 158 489 0.97952
00058.jpg 345 133 99 315 0.97952
00058.jpg 600 157 109 292 0.97917
00058.jpg 607 153 112 289 0.97810
00058.jpg 49 85 157 436 0.97769
00058.jpg 42 84 150 441 0.97745
00058.jpg 45 81 160 444 0.97740
00058.jpg 459 35 162 497 0.97602
00058.jpg 342 138 101 298 0.97528
00058.jpg 468 32 152 482 0.97502
00058.jpg 455 36 162 479 0.97494
00058.jpg 345 145 100 290 0.97475
00058.jpg 339 140 108 297 0.97353
00058.jpg 458 51 163 472 0.97337
00058.jpg 462 27 163 512 0.97294
00058.jpg 43 82 165 440 0.97266
00058.jpg 603 148 104 298 0.97225
00058.jpg 605 155 95 295 0.97080
00058.jpg 610 157 98 290 0.97049
00058.jpg 465 37 156 482 0.97026
00058.jpg 343 137 107 302 0.96990
00058.jpg 468 48 154 460 0.96883
00058.jpg 342 142 102 297 0.96813
00058.jpg 599 157 111 283 0.96683
00058.jpg 340 138 109 307 0.96430
00058.jpg 349 141 96 299 0.96347
00058.jpg 600 155 112 285 0.96302
00058.jpg 348 135 98 313 0.96232
00058.jpg 452 25 164 513 0.95720
00058.jpg 599 156 111 296 0.95386
00058.jpg 348 124 94 321 0.95350
00058.jpg 600 150 102 297 0.95111
00058.jpg 459 50 162 449 0.94745
00058.jpg 453 58 160 465 0.94736
00058.jpg 337 131 99 298 0.94696
00058.jpg 347 137 93 307 0.94505
00058.jpg 44 79 158 442 0.93805
00058.jpg 344 142 104 297 0.92871
00058.jpg 464 26 147 513 0.92841
00058.jpg 343 143 103 298 0.92567
00058.jpg 451 49 164 479 0.92486
00058.jpg 40 83 168 452 0.91829
00058.jpg 344 145 99 305 0.91677
00058.jpg 452 40 159 475 0.91631
00058.jpg 458 32 161 502 0.91561
00058.jpg 460 34 159 496 0.91494
00058.jpg 38 88 163 425 0.91132
00058.jpg 32 78 185 450 0.90946
00058.jpg 347 133 97 313 0.90823
00058.jpg 456 38 163 486 0.90721
00058.jpg 46 98 161 401 0.90428
00058.jpg 341 135 99 300 0.90027
00058.jpg 475 26 147 494 0.89504
00058.jpg 458 24 165 502 0.89269
00058.jpg 600 163 107 287 0.89062
00058.jpg 41 95 166 425 0.88585
00058.jpg 37 76 171 454 0.87333
00058.jpg 343 135 99 308 0.87249
00058.jpg 461 36 162 482 0.87133
00058.jpg 599 157 112 286 0.86602
00058.jpg 341 139 102 291 0.86121
00058.jpg 462 32 152 487 0.86057
00058.jpg 466 33 141 505 0.85980
00058.jpg 602 148 107 303 0.85191
00058.jpg 50 63 156 475 0.84924
00058.jpg 42 89 159 435 0.84906
00058.jpg 350 135 93 308 0.84774
00058.jpg 40 84 172 445 0.84749
00058.jpg 342 140 100 309 0.84419
00058.jpg 605 138 103 315 0.84324
00058.jpg 38 87 173 431 0.83184
00058.jpg 461 49 149 487 0.83064
00058.jpg 461 29 157 501 0.83011
00058.jpg 603 155 105 291 0.82165
00058.jpg 460 34 151 505 0.81724
00058.jpg 461 61 149 467 0.81017
00058.jpg 348 136 95 299 0.80968
00058.jpg 38 99 149 413 0.80807
00058.jpg 340 135 99 315 0.80547
00058.jpg 343 134 103 302 0.80465
00058.jpg 344 136 97 303 0.80436
00058.jpg 460 31 156 497 0.79916
00058.jpg 449 38 163 493 0.79459
00058.jpg 450 48 169 465 0.79120
00058.jpg 454 45 150 467 0.78454
00058.jpg 47 84 160 424 0.78382
00058.jpg 457 19 179 503 0.77885
00058.jpg 342 143 100 304 0.77659
00058.jpg 594 151 118 296 0.77604
00058.jpg 599 156 106 293 0.77337
00058.jpg 44 70 160 469 0.77309
00058.jpg 464 36 147 501 0.77249
00058.jpg 449 30 159 494 0.76715
00058.jpg 605 153 102 292 0.76580
00058.jpg 50 87 162 433 0.76532
00058.jpg 345 143 100 295 0.76085
00058.jpg 472 13 145 500 0.75375
00058.jpg 461 33 146 503 0.75198
00058.jpg 346 133 101 311 0.68516
00058.jpg 343 141 99 288 0.68289
00058.jpg 36 85 177 441 0.67906
00058.jpg 589 165 130 271 0.65489
00058.jpg 345 135 99 302 0.63432
00058.jpg 594 153 123 286 0.63027
00058.jpg 50 99 148 407 0.62754
00058.jpg 41 83 177 426 0.61759
00058.jpg 472 34 135 505 0.60482
00058.jpg 38 80 174 439 0.59799
00058.jpg 34 95 177 412 0.59774
00058.jpg 345 147 102 290 0.58823
00058.jpg 340 144 94 292 0.57462
00058.jpg 52 87 141 435 0.57432
00058.jpg 442 12 186 521 0.55371
00058.jpg 37 89 177 430 0.54814
00058.jpg 50 93 156 427 0.54599
00058.jpg 43 93 174 417 0.53864
00058.jpg 335 138 116 279 0.53074
00058.jpg 607 141 109 311 0.51774
00058.jpg 611 153 100 292 0.51560
00058.jpg 597 157 108 280 0.51117
