00067.jpg 599 155 98 278 0.99984
00067.jpg 52 96 158 435 0.99979
00067.jpg 349 140 94 291 0.99964
00067.jpg 42 87 177 449 0.99957
00067.jpg 49 115 156 414 0.99951
00067.jpg 39 96 185 428 0.99951
00067.jpg 447 78 157 436 0.99948
00067.jpg 340 144 109 289 0.99931
00067.jpg 50 110 156 404 0.99921
00067.jpg 343 133 101 301 0.99883
00067.jpg 40 96 172 432 0.99875
00067.jpg 450 77 151 433 0.99872
00067.jpg 456 74 144 446 0.99866
00067.jpg 337 138 108 291 0.99854
00067.jpg 342 138 104 287 0.99846
00067.jpg 43 97 168 419 0.99845
00067.jpg 338 142 107 296 0.99842
00067.jpg 602 152 100 287 0.99837
00067.jpg 347 145 97 280 0.99826
00067.jpg 54 100 154 434 0.99823
00067.jpg 47 102 155 423 0.99817
00067.jpg 449 64 161 464 0.99817
00067.jpg 342 144 106 283 0.99814
00067.jpg 342 144 99 291 0.99794
00067.jpg 605 155 93 282 0.99794
00067.jpg 605 151 92 277 0.99792
00067.jpg 609 151 88 286 0.99767
00067.jpg 348 148 96 283 0.99764
00067.jpg 448 63 157 460 0.99762
00067.jpg 51 97 165 427 0.99753
00067.jpg 605 155 95 283 0.99739
00067.jpg 51 102 146 421 0.99734
00067.jpg 449 83 154 435 0.99731
00067.jpg 43 108 166 409 0.99729
00067.jpg 602 161 94 265 0.99706
00067.jpg 442 72 164 450 0.99699
00067.jpg 38 110 176 414 0.99685
00067.jpg 52 97 160 428 0.99672
00067.jpg 599 156 101 281 0.99662
00067.jpg 602 157 99 287 0.99653
00067.jpg 452 80 153 437 0.99649
00067.jpg 443 78 157 432 0.99643
00067.jpg 41 106 169 409 0.99636
00067.jpg 45 95 160 431 0.99631
00067.jpg 452 65 153 454 0.99629
00067.jpg 59 104 139 415 0.99615
00067.jpg 344 139 99 288 0.99613
00067.jpg 609 155 83 278 0.99613
00067.jpg 605 144 93 290 0.99597
00067.jpg 444 73 161 448 0.99577
00067.jpg 344 137 97 289 0.99563
00067.jpg 53 102 162 414 0.99558
00067.jpg 448 72 156 448 0.99536
00067.jpg 456 80 145 440 0.99501
00067.jpg 339 143 108 286 0.99481
00067.jpg 602 154 96 279 0.99456
00067.jpg 346 143 99 284 0.99455
00067.jpg 444 85 154 417 0.99437
00067.jpg 441 68 154 450 0.99428
00067.jpg 56 107 150 413 0.99420
00067.jpg 454 85 152 424 0.99411
00067.jpg 442 76 155 429 0.99386
00067.jpg 446 71 154 438 0.99386
00067.jpg 343 136 99 299 0.99358
00067.jpg 59 100 149 429 0.99349
00067.jpg 450 75 149 449 0.99349
00067.jpg 445 81 155 434 0.99309
00067.jpg 45 106 164 424 0.99268
00067.jpg 443 71 152 448 0.99255
00067.jpg 342 137 111 289 0.99247
00067.jpg 52 110 155 407 0.99235
00067.jpg 450 71 154 452 0.99235
00067.jpg 607 156 91 280 0.99234
00067.jpg 456 67 144 456 0.99165
00067.jpg 448 80 158 444 0.99165
00067.jpg 601 154 99 289 0.99157
00067.jpg 447 80 144 440 0.99153
00067.jpg 344 135 105 277 0.99137
00067.jpg 604 150 93 289 0.99134
00067.jpg 42 101 159 425 0.99104
00067.jpg 344 133 99 293 0.99097
00067.jpg 341 137 105 299 0.99090
00067.jpg 604 156 99 283 0.99051
00067.jpg 344 139 100 294 0.99049
00067.jpg 461 49 142 475 0.99029
00067.jpg 606 154 91 290 0.99017
00067.jpg 596 153 106 282 0.98967
00067.jpg 341 140 103 290 0.98947
00067.jpg 49 97 151 420 0.98899
00067.jpg 605 153 91 285 0.98868
00067.jpg 453 70 152 457 0.98802
00067.jpg 349 148 93 273 0.98775
00067.jpg 341 134 97 297 0.98754
00067.jpg 442 69 155 447 0.98748
00067.jpg 602 147 99 291 0.98732
00067.jpg 342 138 107 292 0.98650
00067.jpg 608 155 88 280 0.98649
00067.jpg 340 142 109 294 0.98613
00067.jpg 449 81 154 436 0.98612
00067.jpg 45 106 163 416 0.98577
00067.jpg 606 154 85 287 0.98571
00067.jpg 462 75 135 455 0.98560
00067.jpg 447 84 166 436 0.98460
00067.jpg 41 91 165 448 0.98460
00067.jpg 342 141 101 285 0.98420
00067.jpg 449 70 155 456 0.98330
00067.jpg 51 96 163 429 0.98317
00067.jpg 341 133 102 295 0.98303
00067.jpg 46 112 163 400 0.98298
00067.jpg 602 158 94 272 0.98290
00067.jpg 341 134 101 296 0.98289
00067.jpg 452 71 160 450 0.98247
00067.jpg 441 73 161 438 0.98245
00067.jpg 344 137 101 294 0.98201
00067.jpg 344 147 107 269 0.98147
00067.jpg 606 159 92 278 0.98027
00067.jpg 605 152 98 282 0.97957
00067.jpg 51 105 161 426 0.97934
00067.jpg 604 154 92 284 0.97920
00067.jpg 601 155 98 280 0.97782
00067.jpg 346 141 104 298 0.97696
00067.jpg 348 145 95 282 0.97679
00067.jpg 450 70 157 453 0.97663
00067.jpg 45 109 171 417 0.97515
00067.jpg 444 74 163 430 0.97497
00067.jpg 445 61 161 473 0.97451
00067.jpg 41 109 170 407 0.97281
00067.jpg 349 133 98 299 0.96915
00067.jpg 603 150 96 281 0.96879
00067.jpg 345 142 100 287 0.96852
00067.jpg 455 57 145 463 0.96795
00067.jpg 448 71 157 455 0.96664
00067.jpg 59 99 142 427 0.96609
00067.jpg 453 81 146 438 0.96394
00067.jpg 600 148 95 292 0.96219
00067.jpg 51 100 160 429 0.96063
00067.jpg 48 102 158 427 0.96043
00067.jpg 52 93 156 442 0.96033
00067.jpg 600 154 99 286 0.96032
00067.jpg 341 136 102 297 0.95781
00067.jpg 443 70 166 437 0.95762
00067.jpg 340 135 107 294 0.95665
00067.jpg 48 104 163 419 0.95566
00067.jpg 49 105 163 415 0.95561
00067.jpg 601 155 96 278 0.95256
00067.jpg 345 140 101 291 0.94925
00067.jpg 602 150 96 285 0.94690
00067.jpg 604 153 92 287 0.94292
00067.jpg 445 80 162 451 0.94036
00067.jpg 342 142 99 293 0.93839
00067.jpg 610 151 84 283 0.93537
00067.jpg 446 64 162 462 0.93297
00067.jpg 606 155 92 285 0.93248
00067.jpg 343 137 102 292 0.93109
00067.jpg 607 152 93 285 0.93071
00067.jpg 345 151 100 277 0.92887
00067.jpg 605 157 91 280 0.92432
00067.jpg 346 134 100 298 0.92347
00067.jpg 347 138 92 291 0.92271
00067.jpg 46 116 158 398 0.91868
00067.jpg 342 141 103 284 0.91210
00067.jpg 338 139 106 294 0.91191
00067.jpg 442 91 159 417 0.91122
00067.jpg 907 111 50 398 0.90650
00067.jpg 450 81 147 433 0.90236
00067.jpg 57 110 145 416 0.89692
00067.jpg 607 156 88 271 0.89594
00067.jpg 604 150 91 286 0.89408
00067.jpg 44 100 169 411 0.89323
00067.jpg 444 70 155 461 0.88987
00067.jpg 53 112 150 423 0.88949
00067.jpg 914 98 38 385 0.88795
00067.jpg 453 80 148 446 0.88375
00067.jpg 912 109 42 331 0.88192
00067.jpg 50 108 159 423 0.87770
00067.jpg 39 107 173 406 0.87594
00067.jpg 597 137 102 305 0.87456
00067.jpg 610 149 94 274 0.86891
00067.jpg 340 139 106 294 0.86787
00067.jpg 437 60 160 441 0.85924
00067.jpg 609 152 89 279 0.85457
00067.jpg 604 143 94 292 0.85124
00067.jpg 50 98 160 438 0.84401
00067.jpg 908 95 49 367 0.84297
00067.jpg 50 107 159 427 0.83960
00067.jpg 600 145 89 294 0.83725
00067.jpg 343 145 103 289 0.83612
00067.jpg 597 160 101 267 0.83431
00067.jpg 603 155 97 274 0.83047
00067.jpg 607 158 91 270 0.83032
00067.jpg 436 91 158 438 0.82992
00067.jpg 38 100 182 413 0.82351
00067.jpg 52 112 167 410 0.82102
00067.jpg 913 99 35 336 0.80887
00067.jpg 604 149 94 289 0.80270
00067.jpg 914 97 37 419 0.79270
00067.jpg 901 109 52 421 0.79263
00067.jpg 604 154 90 281 0.79144
00067.jpg 338 134 109 285 0.78839
00067.jpg 342 140 106 293 0.76374
00067.jpg 341 136 105 291 0.76158
00067.jpg 45 107 163 411 0.75774
00067.jpg 57 106 154 425 0.75727
00067.jpg 917 106 40 302 0.75382
00067.jpg 920 111 38 301 0.74385
00067.jpg 338 140 100 285 0.74254
00067.jpg 611 158 87 258 0.73802
00067.jpg 912 110 40 396 0.71658
00067.jpg 921 101 38 324 0.71246
00067.jpg 456 82 144 408 0.71105
00067.jpg 909 111 46 419 0.70203
00067.jpg 49 99 165 418 0.70200
00067.jpg 905 122 51 399 0.69995
00067.jpg 52 91 167 434 0.69395
00067.jpg 351 133 100 290 0.68234
00067.jpg 342 140 103 284 0.67889
00067.jpg 900 106 59 421 0.67727
00067.jpg 43 97 151 424 0.67478
00067.jpg 609 158 91 276 0.66780
00067.jpg 450 85 162 441 0.66552
00067.jpg 348 143 98 278 0.65607
00067.jpg 919 98 37 329 0.65243
00067.jpg 54 100 152 428 0.64478
00067.jpg 339 151 111 269 0.64142
00067.jpg 53 114 151 389 0.63930
00067.jpg 923 87 36 340 0.62861
00067.jpg 46 103 167 430 0.62688
00067.jpg 438 56 156 465 0.62035
00067.jpg 344 140 107 300 0.61418
00067.jpg 343 142 96 280 0.60353
00067.jpg 917 107 39 308 0.60226
00067.jpg 904 102 54 417 0.60210
00067.jpg 918 110 39 311 0.59385
00067.jpg 609 152 93 280 0.58786
00067.jpg 464 90 139 430 0.58348
00067.jpg 335 142 114 265 0.54815
00067.jpg 919 82 40 378 0.54671
00067.jpg 612 155 87 274 0.54165
00067.jpg 901 124 54 413 0.54032
00067.jpg 923 108 35 307 0.53624
00067.jpg 42 109 167 420 0.53480
00067.jpg 917 86 42 350 0.53462
00067.jpg 455 75 143 448 0.53210
00067.jpg 919 110 39 301 0.52587
00067.jpg 914 112 45 283 0.52532
00067.jpg 340 136 109 289 0.52499
00067.jpg 451 83 141 432 0.51443
00067.jpg 921 105 37 305 0.51038
00067.jpg 916 316 43 168 0.50312
