00075.jpg 331 141 109 285 0.99966
00075.jpg 331 142 109 289 0.99951
00075.jpg 336 138 99 290 0.99951
00075.jpg 605 178 82 253 0.99951
00075.jpg 330 143 111 278 0.99920
00075.jpg 335 138 103 285 0.99889
00075.jpg 69 96 153 418 0.99873
00075.jpg 605 174 79 256 0.99853
00075.jpg 606 177 77 252 0.99852
00075.jpg 76 94 137 439 0.99835
00075.jpg 66 91 145 429 0.99833
00075.jpg 608 174 82 252 0.99803
00075.jpg 603 180 92 254 0.99794
00075.jpg 608 176 71 254 0.99762
00075.jpg 609 173 73 263 0.99759
00075.jpg 450 59 146 460 0.99744
00075.jpg 451 68 141 435 0.99709
00075.jpg 334 144 103 277 0.99690
00075.jpg 332 145 102 278 0.99678
00075.jpg 336 141 106 294 0.99666
00075.jpg 447 61 143 451 0.99645
00075.jpg 334 145 105 278 0.99634
00075.jpg 69 102 147 410 0.99629
00075.jpg 448 58 146 447 0.99629
00075.jpg 334 144 98 287 0.99612
00075.jpg 61 91 146 421 0.99600
00075.jpg 334 144 105 287 0.99589
00075.jpg 78 102 151 409 0.99581
00075.jpg 80 93 123 419 0.99581
00075.jpg 336 144 99 282 0.99579
00075.jpg 340 141 94 283 0.99576
00075.jpg 338 146 104 278 0.99551
00075.jpg 335 146 106 279 0.99543
00075.jpg 608 168 80 269 0.99541
00075.jpg 333 140 105 287 0.99538
00075.jpg 606 174 82 262 0.99520
00075.jpg 70 92 135 425 0.99511
00075.jpg 446 65 150 440 0.99494
00075.jpg 336 138 109 290 0.99492
00075.jpg 455 46 143 478 0.99467
00075.jpg 335 146 101 276 0.99458
00075.jpg 458 54 138 456 0.99451
00075.jpg 82 92 133 417 0.99446
00075.jpg 337 142 103 282 0.99443
00075.jpg 449 62 144 453 0.99440
00075.jpg 329 141 113 289 0.99430
00075.jpg 70 94 138 421 0.99424
00075.jpg 333 144 108 282 0.99409
00075.jpg 604 172 80 260 0.99406
00075.jpg 335 143 105 278 0.99402
00075.jpg 70 88 139 431 0.99381
00075.jpg 608 175 80 259 0.99374
00075.jpg 451 65 134 456 0.99370
00075.jpg 339 151 99 269 0.99359
00075.jpg 339 140 104 285 0.99262
00075.jpg 69 95 151 420 0.99249
00075.jpg 606 179 79 251 0.99241
00075.jpg 463 56 122 467 0.99234
00075.jpg 332 141 107 295 0.99215
00075.jpg 66 90 149 411 0.99165
00075.jpg 606 175 88 260 0.99161
00075.jpg 444 58 152 469 0.99072
00075.jpg 875 7 84 532 0.99067
00075.jpg 70 93 145 424 0.99067
00075.jpg 608 170 76 266 0.99066
00075.jpg 604 176 86 259 0.99058
00075.jpg 338 145 105 293 0.99057
00075.jpg 77 89 131 425 0.99052
00075.jpg 607 178 81 250 0.99046
00075.jpg 608 179 81 253 0.98968
00075.jpg 450 73 134 452 0.98944
00075.jpg 447 65 148 450 0.98934
00075.jpg 606 175 79 261 0.98914
00075.jpg 337 146 106 278 0.98874
00075.jpg 445 68 146 450 0.98866
00075.jpg 72 96 149 411 0.98820
00075.jpg 609 175 80 254 0.98804
00075.jpg 75 96 133 422 0.98728
00075.jpg 332 149 109 274 0.98683
00075.jpg 460 56 129 465 0.98669
00075.jpg 462 61 119 463 0.98659
00075.jpg 458 43 126 478 0.98645
00075.jpg 71 94 141 423 0.98551
00075.jpg 454 73 140 438 0.98551
00075.jpg 67 90 145 428 0.98549
00075.jpg 602 178 84 258 0.98517
00075.jpg 457 69 133 429 0.98507
00075.jpg 68 83 149 432 0.98435
00075.jpg 449 65 152 452 0.98394
00075.jpg 70 94 143 409 0.98382
00075.jpg 609 171 78 266 0.98358
00075.jpg 878 0 80 540 0.98349
00075.jpg 457 63 130 443 0.98299
00075.jpg 462 53 127 476 0.98292
00075.jpg 452 68 132 435 0.98266
00075.jpg 605 176 84 255 0.98083
00075.jpg 608 178 83 260 0.98074
00075.jpg 606 177 78 257 0.98050
00075.jpg 458 56 131 436 0.98005
00075.jpg 338 145 103 283 0.97990
00075.jpg 602 164 87 277 0.97949
00075.jpg 457 55 131 463 0.97942
00075.jpg 454 58 130 461 0.97909
00075.jpg 889 4 70 535 0.97844
00075.jpg 607 179 80 249 0.97756
00075.jpg 73 95 148 416 0.97714
00075.jpg 604 174 83 253 0.97712
00075.jpg 873 6 84 533 0.97640
00075.jpg 336 141 110 282 0.97540
00075.jpg 330 148 105 263 0.97510
00075.jpg 608 175 76 257 0.97473
00075.jpg 334 140 108 283 0.97437
00075.jpg 607 175 76 257 0.97425
00075.jpg 341 147 97 282 0.97397
00075.jpg 70 86 145 422 0.97257
00075.jpg 63 90 149 417 0.96942
00075.jpg 451 70 140 446 0.96765
00075.jpg 607 176 82 264 0.96448
00075.jpg 449 58 135 469 0.96292
00075.jpg 609 181 79 250 0.96191
00075.jpg 446 57 146 447 0.96181
00075.jpg 609 170 78 260 0.95985
00075.jpg 448 61 148 445 0.95983
00075.jpg 62 102 157 411 0.95981
00075.jpg 338 146 102 283 0.95809
00075.jpg 464 60 129 456 0.95732
00075.jpg 603 178 85 255 0.95621
00075.jpg 67 91 133 415 0.95549
00075.jpg 888 0 71 540 0.95511
00075.jpg 603 173 86 263 0.95461
00075.jpg 605 176 86 254 0.95246
00075.jpg 604 173 87 261 0.95194
00075.jpg 65 91 146 417 0.95133
00075.jpg 606 182 78 240 0.94951
00075.jpg 71 93 146 422 0.94928
00075.jpg 339 138 101 295 0.94860
00075.jpg 451 60 129 432 0.94649
00075.jpg 605 170 84 260 0.94465
00075.jpg 604 174 84 263 0.94363
00075.jpg 73 90 133 420 0.94165
00075.jpg 605 181 80 253 0.93971
00075.jpg 607 179 81 258 0.93942
00075.jpg 456 76 134 421 0.93930
00075.jpg 453 66 137 435 0.93784
00075.jpg 452 51 141 474 0.93680
00075.jpg 605 179 82 246 0.93650
00075.jpg 604 176 82 261 0.93419
00075.jpg 605 171 79 257 0.93273
00075.jpg 335 151 107 273 0.93239
00075.jpg 449 70 136 434 0.93046
00075.jpg 458 60 126 450 0.92384
00075.jpg 609 176 82 247 0.92260
00075.jpg 454 52 136 466 0.92197
00075.jpg 461 64 133 458 0.91757
00075.jpg 335 140 100 279 0.91713
00075.jpg 331 142 115 288 0.91069
00075.jpg 68 77 150 446 0.90935
00075.jpg 77 89 127 440 0.90831
00075.jpg 71 100 138 411 0.90827
00075.jpg 74 97 139 414 0.89786
00075.jpg 877 13 80 526 0.89370
00075.jpg 331 142 116 285 0.89306
00075.jpg 885 0 70 540 0.88663
00075.jpg 76 101 126 415 0.88562
00075.jpg 610 172 72 262 0.88491
00075.jpg 868 14 82 525 0.88477
00075.jpg 600 176 88 257 0.87917
00075.jpg 65 95 142 422 0.87818
00075.jpg 339 139 97 292 0.87370
00075.jpg 3 194 18 49 0.87266
00075.jpg 881 4 78 535 0.86350
00075.jpg 879 32 80 507 0.86245
00075.jpg 69 106 136 413 0.85941
00075.jpg 878 0 76 539 0.85935
00075.jpg 609 184 81 237 0.85898
00075.jpg 72 92 137 424 0.85625
00075.jpg 882 12 77 527 0.85539
00075.jpg 0 196 21 44 0.85396
00075.jpg 69 93 138 427 0.84354
00075.jpg 73 96 140 410 0.84338
00075.jpg 164 160 49 266 0.82770
00075.jpg 0 197 22 45 0.82769
00075.jpg 65 95 149 436 0.82276
00075.jpg 337 143 97 276 0.82219
00075.jpg 606 179 80 246 0.82154
00075.jpg 608 189 82 235 0.82142
00075.jpg 612 185 77 244 0.82005
00075.jpg 59 96 158 419 0.81974
00075.jpg 77 100 118 406 0.81922
00075.jpg 1 193 17 49 0.81865
00075.jpg 884 1 75 538 0.81309
00075.jpg 874 60 84 479 0.81123
00075.jpg 450 68 147 415 0.81015
00075.jpg 334 144 107 288 0.80675
00075.jpg 879 8 80 521 0.80530
00075.jpg 886 4 71 535 0.80069
00075.jpg 876 8 80 531 0.79219
00075.jpg 2 198 19 44 0.78799
00075.jpg 602 171 84 259 0.78670
00075.jpg 441 64 158 450 0.78218
00075.jpg 447 61 148 455 0.78044
00075.jpg 878 4 79 535 0.77718
00075.jpg 610 169 71 269 0.77323
00075.jpg 333 147 105 283 0.77265
00075.jpg 338 144 95 278 0.77206
00075.jpg 443 40 148 479 0.76605
00075.jpg 74 67 132 458 0.76183
00075.jpg 609 174 82 257 0.76117
00075.jpg 0 192 24 50 0.75883
00075.jpg 871 36 88 503 0.75074
00075.jpg 870 22 86 517 0.74680
00075.jpg 876 25 83 514 0.74680
00075.jpg 167 162 51 266 0.74443
00075.jpg 333 145 105 276 0.74247
00075.jpg 882 0 77 539 0.73838
00075.jpg 328 151 118 272 0.73554
00075.jpg 886 18 70 521 0.73295
00075.jpg 335 137 108 294 0.71777
00075.jpg 333 137 110 301 0.71615
00075.jpg 70 93 160 400 0.69970
00075.jpg 65 118 136 398 0.69950
00075.jpg 1 196 17 42 0.69773
00075.jpg 73 83 120 439 0.69553
00075.jpg 884 12 73 527 0.69282
00075.jpg 169 157 50 270 0.69019
00075.jpg 881 10 77 528 0.68170
00075.jpg 888 0 70 520 0.67235
00075.jpg 166 150 50 290 0.66461
00075.jpg 884 74 74 465 0.65849
00075.jpg 603 173 85 271 0.65693
00075.jpg 611 181 77 238 0.65420
00075.jpg 144 141 73 307 0.65379
00075.jpg 74 103 139 413 0.64921
00075.jpg 167 155 54 275 0.64904
00075.jpg 331 153 109 283 0.64781
00075.jpg 608 177 80 261 0.64777
00075.jpg 172 171 41 254 0.64474
00075.jpg 164 151 58 279 0.64056
00075.jpg 447 69 136 433 0.64043
00075.jpg 170 189 40 234 0.63454
00075.jpg 463 59 141 441 0.62900
00075.jpg 450 42 145 464 0.62771
00075.jpg 159 141 58 288 0.62720
00075.jpg 881 69 77 470 0.62524
00075.jpg 165 162 46 271 0.62422
00075.jpg 609 185 75 247 0.62319
00075.jpg 880 73 79 466 0.62030
00075.jpg 69 109 143 385 0.61382
00075.jpg 608 183 77 235 0.61243
00075.jpg 66 91 152 423 0.61201
00075.jpg 867 109 92 430 0.60742
00075.jpg 0 197 22 44 0.60575
00075.jpg 161 142 59 283 0.60232
00075.jpg 170 193 37 227 0.59881
00075.jpg 71 128 140 388 0.58737
00075.jpg 77 91 117 424 0.58697
00075.jpg 1 201 23 46 0.58443
00075.jpg 466 67 124 448 0.58220
00075.jpg 456 77 129 418 0.57375
00075.jpg 171 232 37 198 0.57091
00075.jpg 163 149 55 269 0.56168
00075.jpg 131 121 84 347 0.56119
00075.jpg 888 0 69 504 0.56112
00075.jpg 333 145 99 279 0.55671
00075.jpg 167 157 51 274 0.54693
00075.jpg 80 86 144 433 0.54681
00075.jpg 174 196 36 225 0.53962
00075.jpg 159 148 53 289 0.53926
00075.jpg 78 95 110 411 0.53639
00075.jpg 599 181 97 251 0.53635
00075.jpg 873 86 85 453 0.53549
00075.jpg 75 114 135 370 0.53202
00075.jpg 332 137 114 286 0.52281
00075.jpg 605 178 90 256 0.51897
00075.jpg 335 145 99 290 0.51644
00075.jpg 171 166 41 261 0.51578
00075.jpg 446 70 141 421 0.51517
00075.jpg 164 145 50 293 0.50751
00075.jpg 171 161 37 273 0.50348
