00089.jpg 447 72 129 414 0.99931
00089.jpg 588 178 79 248 0.99920
00089.jpg 332 143 93 278 0.99903
00089.jpg 332 148 92 270 0.99903
00089.jpg 94 112 125 375 0.99902
00089.jpg 101 101 121 388 0.99881
00089.jpg 592 179 68 246 0.99875
00089.jpg 330 148 92 268 0.99848
00089.jpg 446 82 132 410 0.99840
00089.jpg 827 27 127 493 0.99833
00089.jpg 94 110 134 387 0.99827
00089.jpg 592 173 70 262 0.99826
00089.jpg 595 169 69 266 0.99826
00089.jpg 589 176 76 247 0.99824
00089.jpg 334 154 91 259 0.99823
00089.jpg 329 150 101 271 0.99793
00089.jpg 818 6 138 518 0.99780
00089.jpg 96 105 126 381 0.99766
00089.jpg 95 107 131 380 0.99763
00089.jpg 819 14 135 512 0.99747
00089.jpg 100 112 123 383 0.99743
00089.jpg 833 20 109 495 0.99741
00089.jpg 331 152 102 264 0.99719
00089.jpg 332 146 96 271 0.99718
00089.jpg 336 144 85 280 0.99716
00089.jpg 592 175 74 250 0.99715
00089.jpg 332 153 97 262 0.99702
00089.jpg 93 110 129 375 0.99696
00089.jpg 451 77 132 415 0.99683
00089.jpg 440 87 134 415 0.99677
00089.jpg 451 64 123 435 0.99675
00089.jpg 592 172 71 255 0.99670
00089.jpg 441 81 134 417 0.99664
00089.jpg 589 177 79 244 0.99641
00089.jpg 825 22 125 501 0.99614
00089.jpg 101 105 119 391 0.99584
00089.jpg 588 170 74 257 0.99568
00089.jpg 592 172 71 251 0.99535
00089.jpg 454 66 118 437 0.99518
00089.jpg 96 101 128 397 0.99517
00089.jpg 336 151 92 265 0.99512
00089.jpg 831 11 114 528 0.99508
00089.jpg 336 146 90 270 0.99506
00089.jpg 439 76 138 424 0.99481
00089.jpg 331 149 94 268 0.99476
00089.jpg 593 171 72 257 0.99457
00089.jpg 596 176 70 254 0.99456
00089.jpg 337 148 81 270 0.99451
00089.jpg 449 73 123 430 0.99437
00089.jpg 824 19 128 496 0.99392
00089.jpg 336 148 86 266 0.99385
00089.jpg 821 23 129 491 0.99359
00089.jpg 336 141 87 280 0.99342
00089.jpg 443 77 135 425 0.99335
00089.jpg 331 149 96 267 0.99333
00089.jpg 447 75 126 428 0.99296
00089.jpg 593 165 66 261 0.99295
00089.jpg 335 155 89 261 0.99284
00089.jpg 442 70 128 443 0.99269
00089.jpg 99 110 123 374 0.99261
00089.jpg 100 115 122 381 0.99246
00089.jpg 591 176 73 243 0.99234
00089.jpg 331 145 91 277 0.99214
00089.jpg 443 76 126 411 0.99207
00089.jpg 338 147 84 269 0.99202
00089.jpg 590 177 73 247 0.99180
00089.jpg 444 72 125 434 0.99175
00089.jpg 588 175 80 253 0.99166
00089.jpg 595 171 70 244 0.99157
00089.jpg 339 148 89 268 0.99149
00089.jpg 817 14 135 524 0.99141
00089.jpg 447 65 123 439 0.99134
00089.jpg 821 31 125 489 0.99115
00089.jpg 588 179 75 251 0.99109
00089.jpg 101 125 122 352 0.99086
00089.jpg 93 118 130 364 0.99081
00089.jpg 331 147 90 272 0.99080
00089.jpg 332 149 97 270 0.99060
00089.jpg 596 170 69 251 0.99056
00089.jpg 588 176 78 252 0.99050
00089.jpg 588 173 77 259 0.98978
00089.jpg 98 114 121 372 0.98974
00089.jpg 826 29 125 491 0.98954
00089.jpg 448 80 118 426 0.98950
00089.jpg 825 16 118 490 0.98946
00089.jpg 593 178 74 250 0.98933
00089.jpg 443 83 129 398 0.98801
00089.jpg 595 168 69 265 0.98797
00089.jpg 593 172 72 252 0.98762
00089.jpg 441 73 136 421 0.98761
00089.jpg 99 115 124 362 0.98726
00089.jpg 436 77 137 435 0.98710
00089.jpg 332 149 93 266 0.98673
00089.jpg 593 173 76 254 0.98663
00089.jpg 334 150 86 266 0.98643
00089.jpg 102 106 121 386 0.98622
00089.jpg 93 111 140 369 0.98567
00089.jpg 442 74 134 424 0.98554
00089.jpg 333 149 100 266 0.98516
00089.jpg 826 7 116 532 0.98516
00089.jpg 449 79 116 422 0.98462
00089.jpg 437 67 137 435 0.98457
00089.jpg 589 173 75 254 0.98451
00089.jpg 98 120 133 360 0.98401
00089.jpg 98 118 124 370 0.98380
00089.jpg 820 30 126 489 0.98377
00089.jpg 448 73 128 422 0.98261
00089.jpg 433 64 143 444 0.98190
00089.jpg 446 82 130 411 0.98102
00089.jpg 336 152 85 261 0.98073
00089.jpg 87 116 143 368 0.98071
00089.jpg 590 169 78 255 0.98058
00089.jpg 591 182 72 238 0.98057
00089.jpg 99 115 121 364 0.98034
00089.jpg 334 150 89 264 0.98013
00089.jpg 332 145 98 269 0.98009
00089.jpg 819 19 132 499 0.97966
00089.jpg 441 73 136 429 0.97912
00089.jpg 332 144 93 275 0.97879
00089.jpg 334 144 91 274 0.97844
00089.jpg 339 148 85 270 0.97806
00089.jpg 440 80 135 410 0.97780
00089.jpg 444 96 131 401 0.97743
00089.jpg 445 79 124 415 0.97719
00089.jpg 817 20 135 498 0.97628
00089.jpg 96 113 121 373 0.97616
00089.jpg 597 180 66 240 0.97608
00089.jpg 86 109 147 368 0.97584
00089.jpg 588 167 75 260 0.97533
00089.jpg 94 112 136 368 0.97154
00089.jpg 829 22 116 497 0.97152
00089.jpg 824 15 123 516 0.97138
00089.jpg 830 15 111 524 0.97132
00089.jpg 90 119 128 366 0.97111
00089.jpg 591 173 75 245 0.97083
00089.jpg 589 172 74 242 0.97059
00089.jpg 103 116 128 375 0.96918
00089.jpg 592 173 76 254 0.96844
00089.jpg 588 171 76 255 0.96721
00089.jpg 102 113 114 368 0.96688
00089.jpg 588 178 82 243 0.96561
00089.jpg 0 127 38 336 0.96549
00089.jpg 100 111 128 382 0.96490
00089.jpg 98 108 123 370 0.96458
00089.jpg 94 108 127 386 0.96056
00089.jpg 330 146 97 267 0.96026
00089.jpg 97 117 131 358 0.95860
00089.jpg 332 146 96 276 0.95831
00089.jpg 449 68 118 434 0.95690
00089.jpg 594 186 70 231 0.95587
00089.jpg 2 125 34 353 0.95506
00089.jpg 592 173 72 254 0.95481
00089.jpg 589 173 79 253 0.95418
00089.jpg 594 176 72 244 0.95210
00089.jpg 824 29 124 492 0.95195
00089.jpg 333 151 94 261 0.95149
00089.jpg 593 169 71 259 0.94949
00089.jpg 833 18 123 505 0.94943
00089.jpg 5 140 33 332 0.94584
00089.jpg 444 76 124 426 0.94406
00089.jpg 338 146 84 272 0.94399
00089.jpg 1 138 37 331 0.94307
00089.jpg 593 176 73 247 0.94010
00089.jpg 86 114 139 375 0.93991
00089.jpg 100 110 124 376 0.93664
00089.jpg 823 13 123 513 0.93612
00089.jpg 594 176 72 248 0.93498
00089.jpg 825 11 122 528 0.93431
00089.jpg 98 106 126 389 0.93323
00089.jpg 592 174 72 248 0.93288
00089.jpg 590 177 77 248 0.93049
00089.jpg 1 150 34 314 0.93020
00089.jpg 331 145 99 275 0.92715
00089.jpg 589 175 83 253 0.92661
00089.jpg 92 115 128 357 0.92548
00089.jpg 595 181 77 237 0.92539
00089.jpg 827 13 119 520 0.92521
00089.jpg 0 141 38 328 0.92149
00089.jpg 818 15 135 506 0.91930
00089.jpg 826 21 127 503 0.91838
00089.jpg 594 175 70 247 0.91799
00089.jpg 1 148 36 325 0.91747
00089.jpg 87 107 131 375 0.91665
00089.jpg 830 7 129 510 0.91464
00089.jpg 590 173 72 252 0.91322
00089.jpg 833 1 116 534 0.91233
00089.jpg 443 71 124 436 0.91168
00089.jpg 586 165 75 264 0.91047
00089.jpg 830 13 112 505 0.90658
00089.jpg 94 97 131 391 0.90602
00089.jpg 101 112 114 379 0.90481
00089.jpg 3 158 32 303 0.90395
00089.jpg 822 16 121 518 0.90289
00089.jpg 448 81 129 415 0.90243
00089.jpg 101 113 124 379 0.90065
00089.jpg 1 139 36 332 0.89902
00089.jpg 98 121 122 353 0.89381
00089.jpg 95 106 131 364 0.88817
00089.jpg 447 89 121 405 0.88636
00089.jpg 828 27 131 482 0.88317
00089.jpg 2 128 37 347 0.88148
00089.jpg 443 69 126 441 0.87990
00089.jpg 597 174 71 249 0.87933
00089.jpg 1 166 38 299 0.87387
00089.jpg 1 135 37 324 0.86997
00089.jpg 1 141 41 333 0.86179
00089.jpg 340 144 86 277 0.86006
00089.jpg 95 115 130 388 0.85837
00089.jpg 89 107 137 378 0.85282
00089.jpg 333 151 98 259 0.85167
00089.jpg 93 108 122 381 0.85134
00089.jpg 442 93 131 385 0.84712
00089.jpg 329 142 99 281 0.84566
00089.jpg 439 72 135 413 0.84119
00089.jpg 326 147 95 268 0.83735
00089.jpg 331 159 93 260 0.83557
00089.jpg 91 117 138 381 0.82535
00089.jpg 1 164 38 303 0.82472
00089.jpg 827 15 120 524 0.82408
00089.jpg 334 145 102 265 0.81995
00089.jpg 0 152 39 305 0.81878
00089.jpg 591 182 72 236 0.81162
00089.jpg 1 150 37 328 0.81143
00089.jpg 593 175 74 252 0.81124
00089.jpg 328 149 97 270 0.80553
00089.jpg 3 140 38 313 0.80111
00089.jpg 325 155 102 254 0.79865
00089.jpg 336 149 93 268 0.79657
00089.jpg 2 135 34 323 0.79551
00089.jpg 442 78 134 413 0.79365
00089.jpg 829 22 124 510 0.79329
00089.jpg 589 177 82 264 0.79319
00089.jpg 102 116 105 368 0.78848
00089.jpg 445 83 136 406 0.78689
00089.jpg 96 117 122 358 0.78398
00089.jpg 332 149 86 274 0.77991
00089.jpg 836 24 109 487 0.77935
00089.jpg 434 78 125 418 0.77933
00089.jpg 430 80 150 416 0.77794
00089.jpg 442 56 141 448 0.76934
00089.jpg 0 138 36 320 0.76250
00089.jpg 330 153 96 263 0.75598
00089.jpg 0 152 40 311 0.75327
00089.jpg 820 11 134 506 0.74604
00089.jpg 592 168 76 266 0.74280
00089.jpg 442 81 138 426 0.74241
00089.jpg 336 149 90 265 0.74023
00089.jpg 93 116 127 363 0.73853
00089.jpg 101 99 118 400 0.73733
00089.jpg 458 76 124 410 0.73479
00089.jpg 331 148 101 264 0.73456
00089.jpg 93 121 137 344 0.73334
00089.jpg 823 15 122 500 0.71898
00089.jpg 822 26 121 494 0.71333
00089.jpg 99 119 123 332 0.71127
00089.jpg 432 75 137 403 0.71005
00089.jpg 444 65 134 436 0.70634
00089.jpg 597 181 64 235 0.70191
00089.jpg 100 128 132 354 0.69479
00089.jpg 331 143 84 271 0.69189
00089.jpg 91 124 128 345 0.69187
00089.jpg 2 149 43 314 0.69109
00089.jpg 598 182 67 237 0.68365
00089.jpg 451 75 127 403 0.67117
00089.jpg 599 175 63 251 0.67083
00089.jpg 598 175 64 249 0.67070
00089.jpg 92 117 126 360 0.66880
00089.jpg 3 130 32 355 0.65933
00089.jpg 330 145 92 266 0.65782
00089.jpg 97 108 128 359 0.65136
00089.jpg 592 182 68 237 0.64910
00089.jpg 335 150 93 261 0.63941
00089.jpg 598 184 65 230 0.61507
00089.jpg 93 114 135 367 0.61015
00089.jpg 1 140 43 348 0.60668
00089.jpg 437 78 144 410 0.60134
00089.jpg 189 279 29 133 0.59743
00089.jpg 90 119 129 368 0.58014
00089.jpg 1 175 40 278 0.57871
00089.jpg 91 115 147 336 0.57100
00089.jpg 91 112 134 348 0.55973
00089.jpg 599 174 69 250 0.53874
00089.jpg 443 77 140 393 0.53273
00089.jpg 1 139 49 339 0.52966
00089.jpg 1 179 34 279 0.52936
00089.jpg 835 19 111 483 0.52804
00089.jpg 185 297 30 111 0.52461
00089.jpg 839 37 110 473 0.52071
00089.jpg 0 142 42 313 0.51660
00089.jpg 329 155 95 267 0.51417
00089.jpg 444 88 119 400 0.51083
00089.jpg 429 78 142 403 0.51042
00089.jpg 96 98 123 399 0.50990
00089.jpg 588 169 80 256 0.50806
00089.jpg 589 170 72 264 0.50715
00089.jpg 445 86 122 400 0.50489
00089.jpg 437 80 138 418 0.50475
