00085.jpg 599 162 73 259 0.99966
00085.jpg 329 151 112 271 0.99928
00085.jpg 330 153 114 265 0.99909
00085.jpg 841 28 118 491 0.99896
00085.jpg 833 34 126 476 0.99889
00085.jpg 333 154 106 267 0.99861
00085.jpg 445 85 120 433 0.99858
00085.jpg 596 158 71 264 0.99845
00085.jpg 436 94 141 407 0.99811
00085.jpg 833 27 126 499 0.99790
00085.jpg 444 88 132 410 0.99786
00085.jpg 333 150 109 265 0.99774
00085.jpg 66 113 148 385 0.99774
00085.jpg 328 154 113 269 0.99755
00085.jpg 71 129 154 386 0.99748
00085.jpg 338 155 102 263 0.99742
00085.jpg 449 91 128 405 0.99741
00085.jpg 598 157 75 266 0.99706
00085.jpg 76 117 150 379 0.99699
00085.jpg 337 156 104 265 0.99697
00085.jpg 337 150 109 269 0.99623
00085.jpg 341 152 97 267 0.99612
00085.jpg 596 158 78 271 0.99594
00085.jpg 81 116 136 392 0.99583
00085.jpg 334 153 107 262 0.99555
00085.jpg 598 152 74 273 0.99554
00085.jpg 71 123 149 375 0.99543
00085.jpg 839 18 119 521 0.99533
00085.jpg 334 158 106 258 0.99510
00085.jpg 74 105 153 394 0.99484
00085.jpg 597 156 70 270 0.99481
00085.jpg 333 147 100 273 0.99475
00085.jpg 337 153 105 267 0.99470
00085.jpg 836 31 123 484 0.99470
00085.jpg 440 102 132 392 0.99464
00085.jpg 339 148 103 276 0.99444
00085.jpg 593 154 80 273 0.99437
00085.jpg 443 92 132 408 0.99409
00085.jpg 70 125 158 369 0.99407
00085.jpg 80 118 141 387 0.99400
00085.jpg 596 152 76 273 0.99340
00085.jpg 837 33 122 489 0.99279
00085.jpg 335 155 106 267 0.99279
00085.jpg 440 82 132 418 0.99251
00085.jpg 335 148 106 272 0.99243
00085.jpg 63 131 156 373 0.99243
00085.jpg 75 112 145 381 0.99241
00085.jpg 454 95 120 411 0.99219
00085.jpg 436 80 136 436 0.99214
00085.jpg 444 101 126 394 0.99196
00085.jpg 88 119 126 386 0.99183
00085.jpg 447 87 119 422 0.99178
00085.jpg 840 40 119 470 0.99119
00085.jpg 87 123 129 376 0.99116
00085.jpg 444 81 136 427 0.99114
00085.jpg 596 153 78 274 0.99114
00085.jpg 440 87 128 415 0.99084
00085.jpg 443 97 132 407 0.99078
00085.jpg 440 87 137 423 0.99017
00085.jpg 69 116 153 390 0.99009
00085.jpg 337 155 98 265 0.98994
00085.jpg 333 151 108 274 0.98993
00085.jpg 826 24 133 506 0.98990
00085.jpg 450 85 124 420 0.98986
00085.jpg 337 156 99 262 0.98909
00085.jpg 333 152 108 266 0.98903
00085.jpg 81 127 140 379 0.98898
00085.jpg 602 156 65 273 0.98882
00085.jpg 443 87 132 424 0.98835
00085.jpg 600 163 69 254 0.98820
00085.jpg 597 148 70 280 0.98790
00085.jpg 601 157 70 260 0.98763
00085.jpg 73 129 147 356 0.98700
00085.jpg 335 143 108 275 0.98700
00085.jpg 837 40 116 492 0.98697
00085.jpg 835 36 124 496 0.98679
00085.jpg 333 145 116 275 0.98675
00085.jpg 833 22 126 502 0.98666
00085.jpg 74 122 143 382 0.98648
00085.jpg 76 127 143 385 0.98619
00085.jpg 450 85 129 408 0.98606
00085.jpg 836 23 122 516 0.98596
00085.jpg 597 154 78 273 0.98567
00085.jpg 429 92 136 413 0.98499
00085.jpg 336 156 110 261 0.98472
00085.jpg 74 131 142 359 0.98373
00085.jpg 441 87 127 426 0.98296
00085.jpg 597 152 75 275 0.98280
00085.jpg 71 112 151 371 0.98276
00085.jpg 335 158 101 264 0.98268
00085.jpg 447 95 129 407 0.98248
00085.jpg 835 22 124 517 0.98229
00085.jpg 836 24 123 515 0.98183
00085.jpg 841 31 116 505 0.98164
00085.jpg 69 121 162 387 0.98136
00085.jpg 595 150 75 277 0.98091
00085.jpg 67 113 157 381 0.98060
00085.jpg 338 153 102 265 0.98039
00085.jpg 444 83 127 427 0.98033
00085.jpg 837 28 122 488 0.98011
00085.jpg 438 92 135 407 0.98007
00085.jpg 70 108 153 398 0.97936
00085.jpg 445 96 128 406 0.97873
00085.jpg 445 91 126 426 0.97746
00085.jpg 71 129 143 366 0.97728
00085.jpg 85 111 137 398 0.97676
00085.jpg 594 153 81 276 0.97639
00085.jpg 70 119 145 376 0.97630
00085.jpg 337 160 99 254 0.97618
00085.jpg 79 131 142 354 0.97614
00085.jpg 333 156 107 264 0.97609
00085.jpg 75 113 135 394 0.97527
00085.jpg 845 22 108 517 0.97493
00085.jpg 70 114 148 385 0.97489
00085.jpg 595 159 78 264 0.97451
00085.jpg 433 83 143 412 0.97395
00085.jpg 69 122 149 366 0.97309
00085.jpg 335 152 108 258 0.97283
00085.jpg 595 153 76 270 0.97280
00085.jpg 838 25 117 513 0.97199
00085.jpg 334 153 105 269 0.97165
00085.jpg 440 97 138 402 0.97164
00085.jpg 834 27 124 497 0.97082
00085.jpg 334 155 108 260 0.96974
00085.jpg 449 91 121 414 0.96919
00085.jpg 333 150 108 269 0.96807
00085.jpg 847 0 104 539 0.96806
00085.jpg 600 163 72 255 0.96768
00085.jpg 598 157 72 270 0.96714
00085.jpg 438 102 142 402 0.96578
00085.jpg 598 158 78 268 0.96493
00085.jpg 71 127 154 360 0.96481
00085.jpg 846 22 113 505 0.96301
00085.jpg 334 151 109 267 0.96055
00085.jpg 599 157 70 268 0.96049
00085.jpg 839 32 118 506 0.96043
00085.jpg 75 121 141 376 0.95924
00085.jpg 598 152 73 267 0.95787
00085.jpg 600 159 69 260 0.95561
00085.jpg 431 92 138 414 0.95488
00085.jpg 332 155 107 258 0.95404
00085.jpg 441 89 128 407 0.95400
00085.jpg 337 143 102 281 0.95284
00085.jpg 67 121 151 378 0.95050
00085.jpg 78 115 145 390 0.94828
00085.jpg 596 158 75 262 0.94802
00085.jpg 331 148 114 284 0.94664
00085.jpg 67 113 158 384 0.94587
00085.jpg 605 158 67 263 0.94479
00085.jpg 594 154 76 272 0.94464
00085.jpg 440 89 128 414 0.94330
00085.jpg 70 122 155 374 0.94156
00085.jpg 597 145 75 285 0.94154
00085.jpg 446 83 129 426 0.94141
00085.jpg 838 30 121 480 0.94134
00085.jpg 603 146 69 281 0.94114
00085.jpg 334 147 105 273 0.94093
00085.jpg 333 160 108 253 0.94003
00085.jpg 79 124 135 374 0.93871
00085.jpg 841 32 116 492 0.93752
00085.jpg 842 28 112 498 0.93532
00085.jpg 439 89 132 410 0.93136
00085.jpg 75 120 135 378 0.92843
00085.jpg 77 126 143 375 0.92780
00085.jpg 598 151 75 294 0.92730
00085.jpg 334 144 112 282 0.92136
00085.jpg 70 123 152 359 0.92045
00085.jpg 66 119 156 380 0.91846
00085.jpg 74 117 145 386 0.91292
00085.jpg 1 135 26 329 0.91126
00085.jpg 595 162 77 261 0.91115
00085.jpg 602 154 74 266 0.91086
00085.jpg 838 34 114 484 0.90953
00085.jpg 328 160 115 256 0.90246
00085.jpg 451 85 123 420 0.90040
00085.jpg 602 160 65 261 0.89845
00085.jpg 75 124 140 377 0.89739
00085.jpg 437 93 143 407 0.89596
00085.jpg 592 154 85 276 0.89241
00085.jpg 599 160 68 250 0.89236
00085.jpg 593 157 77 268 0.89159
00085.jpg 338 161 105 248 0.88941
00085.jpg 73 124 159 381 0.88802
00085.jpg 443 92 127 408 0.87908
00085.jpg 329 137 106 283 0.87526
00085.jpg 598 153 71 275 0.85144
00085.jpg 68 151 161 331 0.84521
00085.jpg 1 127 26 334 0.82612
00085.jpg 841 37 115 483 0.82268
00085.jpg 439 91 133 423 0.82136
00085.jpg 600 159 67 257 0.81365
00085.jpg 337 146 106 276 0.80064
00085.jpg 831 50 126 484 0.79531
00085.jpg 589 142 83 295 0.79480
00085.jpg 603 161 63 261 0.79247
00085.jpg 2 138 27 334 0.78341
00085.jpg 177 207 46 199 0.77909
00085.jpg 591 159 74 259 0.77752
00085.jpg 184 211 36 193 0.77648
00085.jpg 448 83 134 415 0.77385
00085.jpg 831 32 128 492 0.76912
00085.jpg 833 40 120 494 0.76842
00085.jpg 65 130 157 343 0.76509
00085.jpg 336 146 107 275 0.75987
00085.jpg 427 81 141 407 0.75546
00085.jpg 593 152 85 280 0.75101
00085.jpg 75 125 150 346 0.74911
00085.jpg 604 158 64 261 0.71826
00085.jpg 594 157 86 264 0.71598
00085.jpg 443 100 141 420 0.70571
00085.jpg 75 135 152 335 0.70222
00085.jpg 442 85 139 421 0.69884
00085.jpg 599 161 74 256 0.69715
00085.jpg 838 26 120 495 0.69689
00085.jpg 181 215 40 192 0.67178
00085.jpg 74 128 155 338 0.66959
00085.jpg 71 137 138 343 0.66351
00085.jpg 327 144 105 278 0.66109
00085.jpg 0 142 31 324 0.65929
00085.jpg 179 199 41 210 0.65403
00085.jpg 179 180 46 238 0.65324
00085.jpg 67 127 158 348 0.65319
00085.jpg 181 184 40 237 0.65154
00085.jpg 4 124 28 339 0.64278
00085.jpg 177 223 39 182 0.63975
00085.jpg 603 157 69 257 0.62761
00085.jpg 67 143 140 362 0.62521
00085.jpg 331 149 108 261 0.61973
00085.jpg 339 154 105 270 0.61859
00085.jpg 71 130 162 332 0.60576
00085.jpg 846 27 109 484 0.60249
00085.jpg 436 80 130 431 0.58083
00085.jpg 593 151 81 271 0.57656
00085.jpg 86 125 127 369 0.57293
00085.jpg 176 209 49 199 0.57215
00085.jpg 444 82 126 412 0.57091
00085.jpg 439 79 141 417 0.56464
00085.jpg 451 81 136 433 0.55783
00085.jpg 70 116 137 390 0.54924
00085.jpg 330 147 107 267 0.53867
00085.jpg 59 120 172 391 0.53851
00085.jpg 332 168 125 255 0.53397
00085.jpg 5 163 28 323 0.53368
00085.jpg 441 93 143 426 0.53029
00085.jpg 330 150 118 273 0.51839
00085.jpg 442 94 144 417 0.51502
00085.jpg 591 147 73 283 0.51498
