00110.jpg 329 158 80 248 0.99977
00110.jpg 433 111 122 373 0.99969
00110.jpg 437 111 114 372 0.99962
00110.jpg 135 143 120 329 0.99960
00110.jpg 577 172 69 239 0.99939
00110.jpg 331 148 72 262 0.99936
00110.jpg 443 106 107 377 0.99922
00110.jpg 133 133 124 337 0.99915
00110.jpg 435 106 124 375 0.99908
00110.jpg 329 159 88 249 0.99901
00110.jpg 136 132 120 347 0.99901
00110.jpg 136 127 126 345 0.99893
00110.jpg 132 133 124 341 0.99883
00110.jpg 438 112 123 364 0.99867
00110.jpg 134 132 124 347 0.99853
00110.jpg 328 156 79 249 0.99850
00110.jpg 435 108 123 377 0.99837
00110.jpg 331 154 82 254 0.99833
00110.jpg 577 173 70 236 0.99816
00110.jpg 578 179 70 235 0.99809
00110.jpg 574 173 82 240 0.99805
00110.jpg 784 71 132 447 0.99799
00110.jpg 434 108 125 375 0.99799
00110.jpg 435 115 123 365 0.99777
00110.jpg 440 107 111 366 0.99777
00110.jpg 332 150 79 259 0.99776
00110.jpg 578 177 73 230 0.99770
00110.jpg 132 141 123 332 0.99764
00110.jpg 781 90 141 411 0.99761
00110.jpg 333 147 77 261 0.99746
00110.jpg 790 68 147 447 0.99745
00110.jpg 783 81 137 434 0.99742
00110.jpg 324 150 92 265 0.99742
00110.jpg 437 119 121 356 0.99728
00110.jpg 136 126 123 349 0.99716
00110.jpg 579 166 70 243 0.99708
00110.jpg 778 80 143 437 0.99685
00110.jpg 575 171 72 240 0.99678
00110.jpg 785 88 134 417 0.99652
00110.jpg 327 154 83 251 0.99642
00110.jpg 134 129 119 360 0.99620
00110.jpg 331 147 77 260 0.99614
00110.jpg 772 75 155 426 0.99600
00110.jpg 326 151 86 253 0.99592
00110.jpg 134 136 119 343 0.99578
00110.jpg 329 153 76 259 0.99573
00110.jpg 334 156 77 249 0.99563
00110.jpg 134 144 122 333 0.99536
00110.jpg 332 155 74 260 0.99531
00110.jpg 138 145 111 328 0.99529
00110.jpg 438 106 117 380 0.99522
00110.jpg 130 141 123 327 0.99447
00110.jpg 784 72 141 451 0.99439
00110.jpg 435 122 126 347 0.99434
00110.jpg 435 108 124 372 0.99424
00110.jpg 334 156 74 245 0.99417
00110.jpg 435 114 124 370 0.99413
00110.jpg 139 137 118 340 0.99396
00110.jpg 134 135 126 336 0.99395
00110.jpg 135 136 119 346 0.99384
00110.jpg 133 139 122 340 0.99374
00110.jpg 331 150 78 258 0.99364
00110.jpg 574 175 74 232 0.99350
00110.jpg 439 118 119 367 0.99341
00110.jpg 578 169 72 243 0.99317
00110.jpg 768 81 157 430 0.99301
00110.jpg 333 148 76 266 0.99292
00110.jpg 434 110 130 375 0.99284
00110.jpg 434 113 129 372 0.99279
00110.jpg 132 133 119 348 0.99273
00110.jpg 434 114 117 372 0.99265
00110.jpg 576 169 75 239 0.99204
00110.jpg 330 151 80 258 0.99200
00110.jpg 331 154 81 253 0.99179
00110.jpg 329 155 81 248 0.99176
00110.jpg 331 151 77 258 0.99166
00110.jpg 582 167 63 243 0.99116
00110.jpg 440 115 115 370 0.99093
00110.jpg 576 175 70 233 0.99089
00110.jpg 432 109 129 372 0.99079
00110.jpg 435 113 123 374 0.99037
00110.jpg 435 112 124 367 0.99036
00110.jpg 139 139 118 339 0.99012
00110.jpg 438 110 121 376 0.98994
00110.jpg 132 144 117 322 0.98844
00110.jpg 581 179 65 226 0.98840
00110.jpg 583 171 70 235 0.98796
00110.jpg 780 85 143 418 0.98775
00110.jpg 788 69 128 438 0.98770
00110.jpg 780 84 143 424 0.98715
00110.jpg 132 132 124 350 0.98707
00110.jpg 434 110 126 360 0.98696
00110.jpg 573 170 77 247 0.98693
00110.jpg 329 150 80 256 0.98693
00110.jpg 433 113 121 375 0.98693
00110.jpg 3 156 52 300 0.98647
00110.jpg 1 155 45 309 0.98638
00110.jpg 778 95 150 413 0.98625
00110.jpg 790 72 135 435 0.98623
00110.jpg 135 144 118 339 0.98552
00110.jpg 432 119 121 349 0.98530
00110.jpg 443 109 117 371 0.98495
00110.jpg 142 128 114 353 0.98482
00110.jpg 329 157 80 251 0.98452
00110.jpg 574 164 70 247 0.98434
00110.jpg 1 154 54 309 0.98429
00110.jpg 332 153 76 254 0.98423
00110.jpg 334 156 74 261 0.98420
00110.jpg 578 175 71 235 0.98417
00110.jpg 136 139 118 335 0.98379
00110.jpg 432 107 130 374 0.98354
00110.jpg 141 141 114 339 0.98349
00110.jpg 580 176 70 232 0.98341
00110.jpg 332 154 78 250 0.98340
00110.jpg 134 146 125 327 0.98328
00110.jpg 438 114 117 368 0.98320
00110.jpg 331 153 82 257 0.98272
00110.jpg 782 101 140 405 0.98271
00110.jpg 142 131 110 354 0.98258
00110.jpg 580 177 69 227 0.98246
00110.jpg 579 180 67 230 0.98243
00110.jpg 780 83 140 439 0.98217
00110.jpg 6 156 45 294 0.98190
00110.jpg 781 74 148 432 0.98132
00110.jpg 435 110 118 378 0.98119
00110.jpg 581 172 67 239 0.98084
00110.jpg 330 148 79 256 0.98078
00110.jpg 784 76 149 433 0.98068
00110.jpg 787 67 147 446 0.98039
00110.jpg 576 168 72 243 0.97981
00110.jpg 331 152 76 257 0.97956
00110.jpg 328 154 82 259 0.97917
00110.jpg 790 83 131 431 0.97912
00110.jpg 434 109 127 377 0.97912
00110.jpg 136 138 114 344 0.97825
00110.jpg 327 158 80 242 0.97784
00110.jpg 575 174 74 238 0.97699
00110.jpg 138 140 119 339 0.97683
00110.jpg 576 174 71 234 0.97678
00110.jpg 326 152 86 262 0.97653
00110.jpg 583 175 63 232 0.97645
00110.jpg 578 168 70 243 0.97388
00110.jpg 787 93 133 409 0.97325
00110.jpg 433 113 128 370 0.97275
00110.jpg 0 159 56 291 0.97185
00110.jpg 581 172 68 239 0.97178
00110.jpg 578 176 67 236 0.97016
00110.jpg 329 149 84 262 0.97009
00110.jpg 576 173 75 232 0.97001
00110.jpg 575 172 72 237 0.96948
00110.jpg 577 174 71 237 0.96878
00110.jpg 328 149 85 262 0.96813
00110.jpg 441 110 114 368 0.96755
00110.jpg 134 137 121 344 0.96693
00110.jpg 330 148 78 267 0.96614
00110.jpg 782 81 135 431 0.96569
00110.jpg 574 170 74 246 0.96535
00110.jpg 134 135 121 338 0.96391
00110.jpg 572 169 78 241 0.96366
00110.jpg 136 140 117 344 0.96353
00110.jpg 0 162 51 291 0.96240
00110.jpg 437 114 124 373 0.96222
00110.jpg 132 148 127 324 0.96144
00110.jpg 576 174 75 234 0.96120
00110.jpg 582 171 67 239 0.96085
00110.jpg 573 177 76 233 0.96080
00110.jpg 133 135 123 341 0.95978
00110.jpg 330 158 79 253 0.95917
00110.jpg 785 100 141 401 0.95885
00110.jpg 778 87 148 415 0.95855
00110.jpg 331 154 84 255 0.95705
00110.jpg 331 156 78 252 0.95530
00110.jpg 135 144 121 330 0.95522
00110.jpg 582 175 61 230 0.95411
00110.jpg 0 157 46 306 0.95333
00110.jpg 781 89 133 425 0.95097
00110.jpg 0 150 47 312 0.94898
00110.jpg 0 166 53 287 0.94877
00110.jpg 432 108 124 369 0.94627
00110.jpg 576 182 71 223 0.94508
00110.jpg 785 84 136 430 0.94499
00110.jpg 784 95 135 408 0.94421
00110.jpg 773 98 156 412 0.94392
00110.jpg 0 153 51 303 0.94228
00110.jpg 577 175 75 234 0.94196
00110.jpg 783 73 147 446 0.94165
00110.jpg 789 71 129 451 0.94161
00110.jpg 0 149 52 312 0.94114
00110.jpg 330 153 71 256 0.94056
00110.jpg 778 83 139 427 0.93903
00110.jpg 1 152 45 304 0.93758
00110.jpg 1 156 55 297 0.93723
00110.jpg 331 152 70 259 0.93660
00110.jpg 780 87 137 425 0.93571
00110.jpg 434 114 126 366 0.93342
00110.jpg 0 157 50 306 0.93290
00110.jpg 868 174 49 146 0.93274
00110.jpg 868 173 50 153 0.93271
00110.jpg 779 85 151 404 0.93136
00110.jpg 124 141 126 339 0.93090
00110.jpg 0 156 51 301 0.92941
00110.jpg 1 156 52 306 0.92908
00110.jpg 785 92 139 414 0.92736
00110.jpg 133 141 128 342 0.92338
00110.jpg 574 170 78 237 0.92267
00110.jpg 141 131 120 356 0.92237
00110.jpg 1 158 57 297 0.92214
00110.jpg 868 177 51 145 0.92166
00110.jpg 134 146 123 335 0.92003
00110.jpg 126 131 139 353 0.91873
00110.jpg 780 112 156 386 0.91865
00110.jpg 790 96 117 405 0.91828
00110.jpg 334 152 74 256 0.91791
00110.jpg 4 158 46 304 0.91751
00110.jpg 432 125 126 344 0.91647
00110.jpg 131 127 118 359 0.91575
00110.jpg 0 152 50 309 0.91570
00110.jpg 771 74 158 439 0.91488
00110.jpg 134 146 116 339 0.91482
00110.jpg 439 115 121 372 0.91444
00110.jpg 433 118 129 360 0.91398
00110.jpg 865 174 56 152 0.91266
00110.jpg 3 168 50 281 0.91058
00110.jpg 322 157 94 254 0.90811
00110.jpg 0 157 54 295 0.90726
00110.jpg 0 155 51 326 0.90725
00110.jpg 438 108 109 370 0.90663
00110.jpg 1 143 52 318 0.90339
00110.jpg 138 143 118 330 0.90335
00110.jpg 872 180 48 141 0.90248
00110.jpg 580 172 66 237 0.90200
00110.jpg 331 155 71 249 0.89791
00110.jpg 439 115 116 356 0.89757
00110.jpg 866 175 52 135 0.89751
00110.jpg 135 144 114 316 0.89721
00110.jpg 575 178 79 224 0.89425
00110.jpg 135 140 118 326 0.89412
00110.jpg 332 149 79 258 0.89327
00110.jpg 772 90 147 420 0.89189
00110.jpg 135 141 123 329 0.88468
00110.jpg 330 148 75 261 0.88384
00110.jpg 0 159 48 304 0.88352
00110.jpg 867 175 49 145 0.87796
00110.jpg 783 90 149 420 0.87705
00110.jpg 578 175 67 237 0.87660
00110.jpg 773 78 145 433 0.87256
00110.jpg 324 160 90 248 0.87246
00110.jpg 575 166 74 246 0.87129
00110.jpg 434 105 121 375 0.87124
00110.jpg 789 101 136 395 0.86966
00110.jpg 576 176 68 232 0.86834
00110.jpg 1 135 49 329 0.86748
00110.jpg 867 173 48 139 0.86409
00110.jpg 580 175 65 232 0.85849
00110.jpg 867 172 55 153 0.85517
00110.jpg 327 164 82 240 0.85397
00110.jpg 435 118 124 358 0.85391
00110.jpg 0 152 54 292 0.85296
00110.jpg 870 176 48 141 0.85036
00110.jpg 578 179 69 227 0.84934
00110.jpg 787 93 130 412 0.84734
00110.jpg 427 106 131 373 0.84582
00110.jpg 1 146 50 317 0.84487
00110.jpg 330 152 78 251 0.83735
00110.jpg 577 179 71 224 0.83584
00110.jpg 867 170 54 158 0.83413
00110.jpg 869 177 56 148 0.83276
00110.jpg 570 175 84 227 0.83121
00110.jpg 430 99 133 382 0.82736
00110.jpg 332 154 78 260 0.82722
00110.jpg 0 160 49 289 0.82604
00110.jpg 429 103 128 385 0.82172
00110.jpg 868 177 58 150 0.81623
00110.jpg 329 165 78 230 0.81401
00110.jpg 329 156 79 239 0.80971
00110.jpg 431 115 125 373 0.80906
00110.jpg 867 174 58 147 0.80779
00110.jpg 143 140 117 338 0.80142
00110.jpg 787 84 126 419 0.79912
00110.jpg 133 142 125 345 0.79857
00110.jpg 579 172 73 241 0.79607
00110.jpg 864 176 54 153 0.79398
00110.jpg 336 162 68 238 0.79362
00110.jpg 329 167 81 231 0.79286
00110.jpg 785 101 135 396 0.78850
00110.jpg 871 173 46 147 0.78694
00110.jpg 785 76 119 450 0.78580
00110.jpg 866 176 54 151 0.78369
00110.jpg 138 134 117 340 0.78262
00110.jpg 328 152 84 257 0.78188
00110.jpg 868 178 50 144 0.77707
00110.jpg 868 178 50 147 0.77694
00110.jpg 133 141 126 334 0.77572
00110.jpg 868 174 52 154 0.77129
00110.jpg 0 152 44 307 0.76846
00110.jpg 787 130 141 386 0.76754
00110.jpg 788 91 117 400 0.75618
00110.jpg 139 136 132 327 0.75613
00110.jpg 869 176 57 140 0.74419
00110.jpg 868 178 45 132 0.74374
00110.jpg 790 81 128 424 0.73977
00110.jpg 132 149 125 313 0.73704
00110.jpg 329 150 80 268 0.73535
00110.jpg 129 141 132 331 0.73269
00110.jpg 137 149 121 319 0.73223
00110.jpg 432 108 129 372 0.73163
00110.jpg 868 180 41 115 0.73081
00110.jpg 777 96 128 399 0.73072
00110.jpg 329 150 80 256 0.72971
00110.jpg 578 169 75 240 0.72724
00110.jpg 439 117 114 348 0.72669
00110.jpg 777 97 149 411 0.72309
00110.jpg 857 182 72 145 0.71610
00110.jpg 1 153 53 319 0.71439
00110.jpg 0 145 50 321 0.71190
00110.jpg 867 183 54 118 0.71134
00110.jpg 769 81 144 419 0.71110
00110.jpg 0 159 52 294 0.70022
00110.jpg 575 177 72 234 0.69873
00110.jpg 869 181 48 105 0.69504
00110.jpg 0 161 49 301 0.68650
00110.jpg 136 144 116 324 0.68525
00110.jpg 866 174 68 154 0.68253
00110.jpg 330 148 78 262 0.68155
00110.jpg 578 159 68 254 0.67611
00110.jpg 784 96 158 424 0.67582
00110.jpg 871 175 47 124 0.66653
00110.jpg 0 150 59 311 0.66643
00110.jpg 866 173 49 145 0.66285
00110.jpg 872 174 46 127 0.66064
00110.jpg 781 98 156 411 0.65856
00110.jpg 323 154 82 247 0.65542
00110.jpg 872 174 51 135 0.65524
00110.jpg 780 92 131 418 0.65412
00110.jpg 579 169 71 245 0.65320
00110.jpg 137 138 108 336 0.64603
00110.jpg 325 153 77 250 0.63710
00110.jpg 131 146 133 313 0.63468
00110.jpg 129 136 115 338 0.63211
00110.jpg 434 106 130 380 0.63163
00110.jpg 870 178 44 140 0.63150
00110.jpg 866 176 56 132 0.63094
00110.jpg 866 175 66 149 0.62268
00110.jpg 579 169 71 230 0.61741
00110.jpg 872 180 47 92 0.61542
00110.jpg 873 176 49 156 0.61301
00110.jpg 866 170 54 150 0.61268
00110.jpg 863 168 61 152 0.60529
00110.jpg 870 180 48 89 0.60401
00110.jpg 869 179 54 145 0.60394
00110.jpg 875 179 40 134 0.60046
00110.jpg 789 98 123 397 0.59841
00110.jpg 778 83 127 413 0.59782
00110.jpg 581 172 63 237 0.59218
00110.jpg 334 161 69 242 0.58596
00110.jpg 870 175 58 128 0.57994
00110.jpg 867 179 52 105 0.57740
00110.jpg 324 158 91 255 0.57407
00110.jpg 438 115 126 362 0.57262
00110.jpg 326 148 86 270 0.57238
00110.jpg 865 178 52 126 0.57099
00110.jpg 790 103 131 379 0.57031
00110.jpg 859 184 79 146 0.56530
00110.jpg 329 161 75 243 0.55557
00110.jpg 139 144 119 320 0.55243
00110.jpg 865 187 52 104 0.55230
00110.jpg 0 158 58 302 0.54654
00110.jpg 576 175 69 226 0.54604
00110.jpg 786 133 151 384 0.54333
00110.jpg 430 120 137 333 0.54297
00110.jpg 868 183 53 87 0.54193
00110.jpg 434 114 129 366 0.53868
00110.jpg 433 115 122 354 0.53682
00110.jpg 581 176 72 229 0.53665
00110.jpg 789 120 142 392 0.53664
00110.jpg 439 111 132 373 0.53369
00110.jpg 441 120 112 351 0.53276
00110.jpg 865 177 59 115 0.53166
00110.jpg 860 165 68 171 0.53108
00110.jpg 873 177 48 131 0.52680
00110.jpg 872 177 44 95 0.52346
00110.jpg 327 163 74 245 0.52300
00110.jpg 328 162 82 244 0.52022
00110.jpg 433 125 122 337 0.51994
00110.jpg 858 169 67 151 0.51700
00110.jpg 324 154 85 264 0.51692
00110.jpg 870 179 47 80 0.51617
00110.jpg 868 178 47 91 0.51289
00110.jpg 861 183 68 144 0.51204
00110.jpg 869 181 43 86 0.51133
00110.jpg 429 101 132 387 0.51111
00110.jpg 777 94 125 411 0.50899
00110.jpg 1 161 55 293 0.50865
00110.jpg 875 180 50 148 0.50311
00110.jpg 862 186 63 164 0.50073
00110.jpg 872 181 49 84 0.49994
