1,1,310.9716,59.5806,190.8003,396.2625,1,1,1,1,
2,1,310.5372,63.6833,207.6426,388.8986,1,1,1,1,
3,1,311.4112,63.4891,200.6229,393.1714,1,1,1,1,
4,1,316.0588,59.266,192.7366,395.4515,1,1,1,1,
5,1,319.1887,63.6496,193.256,393.9222,1,1,1,1,
6,1,319.1748,61.0831,193.5612,395.4482,1,1,1,1,
7,1,323.9517,58.9186,183.3764,397.5814,1,1,1,1,
8,1,331.9445,61.6153,177.4897,392.2316,1,1,1,1,
9,1,339.1766,59.9649,168.3139,393.6337,1,1,1,1,
10,1,343.9408,60.5815,157.0027,395.1878,1,1,1,1,
11,1,346.3176,60.311,154.6399,397.223,1,1,1,1,
12,1,347.7113,60.9203,149.6519,392.4379,1,1,1,1,
13,1,349.5867,61.1486,146.7672,395.2703,1,1,1,1,
14,1,352.4719,59.9608,139.3302,393.0834,1,1,1,1,
15,1,358.3731,64.3243,130.6591,391.4267,1,1,1,1,
16,1,353.7055,64.3996,129.8248,389.7692,1,1,1,1,
17,1,356.7634,63.4643,124.9143,392.6966,1,1,1,1,
18,1,356.6833,63.2924,122.3623,396.4769,1,1,1,1,
19,1,356.9088,63.4777,118.6009,392.4009,1,1,1,1,
20,1,359.0436,65.1682,116.1072,386.6022,1,1,1,1,
21,1,360.9565,64.9296,117.1599,391.8511,1,1,1,1,
22,1,360.8316,64.9296,119.9067,391.8511,1,1,1,1,
23,1,365.6687,70.5368,118.0879,386.1245,1,1,1,1,
24,1,365.4883,69.9542,122.0555,386.7349,1,1,1,1,
25,1,370.4409,69.3299,116.8671,388.2609,1,1,1,1,
26,1,375.449,69.1912,116.5619,391.313,1,1,1,1,
27,1,376.3815,70.6565,121.2482,390.3799,1,1,1,1,
28,1,384.3723,70.6982,116.3649,389.4643,1,1,1,1,
29,1,387.9856,72.3523,118.1345,384.2308,1,1,1,1,
30,1,390.4827,71.2425,118.1345,390.3348,1,1,1,1,
31,1,394.6862,71.3673,117.2189,387.588,1,1,1,1,
32,1,400.6515,71.2979,114.1668,389.114,1,1,1,1,
33,1,400.374,71.8806,120.2709,388.5036,1,1,1,1,
34,1,404.3001,71.8112,119.3553,390.0296,1,1,1,1,
35,1,404.3001,71.5199,119.3553,390.3348,1,1,1,1,
36,1,404.3001,72.1026,119.3553,389.7244,1,1,1,1,
37,1,406.1035,72.1858,122.4073,387.8932,1,1,1,1,
38,1,406.0064,73.6425,124.5437,386.3672,1,1,1,1,
39,1,405.9232,73.6425,126.3749,386.3672,1,1,1,1,
40,1,411.5555,77.1523,124.5437,382.3996,1,1,1,1,
41,1,411.3475,76.6667,129.1218,380.8735,1,1,1,1,
1,2,552.6106,23.627,66.9675,284.8209,1,1,1,1,
2,2,551.6459,24.7514,56.4165,282.8684,1,1,1,1,
3,2,542.1569,24.9595,57.6373,284.3944,1,1,1,1,
4,2,532.4181,25.0983,58.2477,281.3424,1,1,1,1,
5,2,524.9268,23.6832,58.2477,281.9528,1,1,1,1,
6,2,516.0482,21.6994,58.2477,282.8684,1,1,1,1,
7,2,505.6852,21.9769,60.3841,282.8684,1,1,1,1,
8,2,499.6089,21.9769,59.7737,282.8684,1,1,1,1,
9,2,493.2274,20.0347,59.7737,282.8684,1,1,1,1,
10,2,485.3199,20.5896,62.8257,282.8684,1,1,1,1,
11,2,478.3834,19.4659,62.8257,283.1736,1,1,1,1,
12,2,469.4216,20.7977,64.6569,284.3944,1,1,1,1,
13,2,461.4714,21.3942,68.6475,283.4788,1,1,1,1,
14,2,453.5639,20.2705,71.6996,283.784,1,1,1,1,
15,2,447.1685,19.7156,72.0048,283.784,1,1,1,1,
16,2,436.7916,17.9537,74.4464,285.9205,1,1,1,1,
17,2,425.2911,18.7861,77.1932,285.9205,1,1,1,1,
18,2,417.55,17.9537,76.5828,285.9205,1,1,1,1,
19,2,422.0864,18.2312,62.2383,285.9205,1,1,1,1,
20,2,435.92,16.5942,38.7353,285.3101,1,1,1,1,
21,2,427.9986,16.9549,35.9884,283.4788,1,1,1,1,
22,2,379.1511,16.1225,79.0014,283.4788,1,1,1,1,
23,2,370.9512,15.2624,76.2776,284.0892,1,1,1,1,
24,2,364.4875,26.2433,78.0858,103.5494,1,1,1,1,
25,2,358.3418,27.7555,79.0014,100.8026,1,1,1,1,
26,2,353.2483,27.8248,44.562,99.2766,1,1,1,1,
27,2,349.0458,25.152,51.5604,139.7661,1,1,1,1,
28,2,344.2748,23.9085,71.0662,209.8519,1,1,1,1,
29,2,338.5453,21.1168,68.9298,283.4788,1,1,1,1,
30,2,333.8979,21.9491,67.4038,283.4788,1,1,1,1,
31,2,325.847,21.6301,73.6102,284.3944,1,1,1,1,
32,2,318.6609,19.6879,72.9998,284.3944,1,1,1,1,
33,2,308.8713,23.3225,86.9367,277.68,1,1,1,1,
34,2,300.6031,22.7537,85.7159,277.9852,1,1,1,1,
35,2,289.38,22.7537,88.4627,277.9852,1,1,1,1,
36,2,278.4759,23.3087,90.2939,277.9852,1,1,1,1,
37,2,268.2378,22.4624,89.6835,278.2904,1,1,1,1,
38,2,257.8748,21.1029,91.8199,277.68,1,1,1,1,
39,2,249.5233,20.3121,92.4303,276.7644,1,1,1,1,
40,2,241.5603,19.3965,90.5991,278.5956,1,1,1,1,
41,2,233.9996,20.6173,92.1251,276.154,1,1,1,1,
1,3,724.5213,39.5361,67.3643,227.0827,1,1,1,1,
2,3,717.6094,41.4353,66.6788,221.6327,1,1,1,1,
3,3,708.6169,34.3602,69.1859,230.7888,1,1,1,1,
4,3,700.6291,36.0249,74.0037,230.7888,1,1,1,1,
5,3,695.4542,34.6376,71.8746,230.7888,1,1,1,1,
6,3,686.9224,32.5706,70.3485,233.5356,1,1,1,1,
7,3,680.8187,34.3324,70.3413,231.3992,1,1,1,1,
8,3,675.114,33.9572,73.764,233.5502,1,1,1,1,
9,3,670.6608,31.9602,74.0692,234.7564,1,1,1,1,
10,3,664.0018,33.3607,74.0692,234.4658,1,1,1,1,
11,3,660.7417,32.8196,72.5432,234.1606,1,1,1,1,
12,3,655.7475,33.763,72.5432,231.719,1,1,1,1,
13,3,650.4094,32.9035,74.0037,232.3148,1,1,1,1,
14,3,646.3031,33.4584,72.7829,232.3148,1,1,1,1,
15,3,640.7539,32.3486,72.7829,232.3148,1,1,1,1,
16,3,632.8603,31.1417,75.5297,234.4512,1,1,1,1,
17,3,625.6603,30.1012,75.2245,232.9252,1,1,1,1,
18,3,620.3886,28.8943,75.2245,235.0616,1,1,1,1,
19,3,615.4499,30.0873,74.0037,233.2304,1,1,1,1,
20,3,609.2841,30.0873,75.3628,233.2304,1,1,1,1,
21,3,605.1916,30.0873,73.8367,233.2304,1,1,1,1,
22,3,600.6922,30.0873,75.1591,233.2304,1,1,1,1,
23,3,596.0842,30.0613,73.5454,233.8039,1,1,1,1,
24,3,592.9938,30.3849,70.3418,233.8039,1,1,1,1,
25,3,589.8841,31.032,70.8876,233.8039,1,1,1,1,
26,3,587.6391,31.6792,70.4441,233.8039,1,1,1,1,
27,3,585.6684,32.0127,67.7626,233.5864,1,1,1,1,
28,3,584.2251,32.9835,67.2406,233.5864,1,1,1,1,
29,3,581.2189,31.6891,65.9829,233.5864,1,1,1,1,
30,3,581.8144,32.9835,63.325,233.5864,1,1,1,1,
31,3,578.5946,32.9835,62.9691,233.5864,1,1,1,1,
32,3,576.3488,33.2972,59.2197,233.8039,1,1,1,1,
33,3,573.3847,31.9219,56.5619,235.5837,1,1,1,1,
34,3,568.5631,32.2617,55.85,235.2278,1,1,1,1,
35,3,561.1204,32.6986,55.85,232.7361,1,1,1,1,
36,3,555.1016,33.7341,53.0024,231.3123,1,1,1,1,
37,3,547.9986,32.7147,52.6464,232.3801,1,1,1,1,
38,3,541.2031,32.8442,52.6464,229.5325,1,1,1,1,
39,3,533.3883,33.2001,53.7143,228.8206,1,1,1,1,
40,3,531.9187,32.1646,48.8127,230.2444,1,1,1,1,
41,3,519.3604,31.9642,56.2059,227.5351,1,1,1,1,
1,4,895.4361,30.3338,51.0155,217.9442,1,1,1,1,
2,4,885.5179,29.6866,48.5238,217.9442,1,1,1,1,
3,4,876.5847,30.3248,45.7189,218.1422,1,1,1,1,
4,4,868.9478,30.2439,42.8712,219.9219,1,1,1,1,
5,4,859.8872,29.6452,42.8712,218.8541,1,1,1,1,
6,4,847.1375,29.0628,45.7189,217.4303,1,1,1,1,
7,4,838.8211,28.3832,43.5831,218.1422,1,1,1,1,
8,4,831.2975,29.0142,45.3629,218.4981,1,1,1,1,
9,4,823.9195,28.1243,43.9391,216.7183,1,1,1,1,
10,4,814.1631,28.5288,45.007,214.9386,1,1,1,1,
11,4,806.1244,27.8169,43.8821,216.3624,1,1,1,1,
12,4,796.6592,28.1405,45.6619,216.3624,1,1,1,1,
13,4,787.5014,28.8686,47.7976,214.5826,1,1,1,1,
14,4,779.1015,26.5549,47.4986,215.6505,1,1,1,1,
15,4,770.3509,25.9239,47.7976,215.2945,1,1,1,1,
16,4,758.9901,26.8947,48.5665,215.2945,1,1,1,1,
17,4,749.5599,26.2637,49.5774,214.9386,1,1,1,1,
18,4,737.8431,24.2502,51.0582,216.5203,1,1,1,1,
19,4,729.2173,23.9266,51.6686,216.5203,1,1,1,1,
20,4,719.5063,21.7338,51.6686,217.9455,1,1,1,1,
21,4,706.2476,20.2772,56.8387,219.4715,1,1,1,1,
22,4,696.717,18.8344,58.9751,220.6924,1,1,1,1,
23,4,685.8456,19.1119,60.0882,220.6924,1,1,1,1,
24,4,678.0441,19.9514,60.8063,220.5344,1,1,1,1,
25,4,671.8985,17.0797,61.7219,222.6708,1,1,1,1,
26,4,664.6291,17.0797,62.9427,222.6708,1,1,1,1,
27,4,657.6233,18.8277,64.4687,220.8396,1,1,1,1,
28,4,651.2002,21.7271,65.3843,218.0928,1,1,1,1,
29,4,643.362,22.5939,66.9103,217.3351,1,1,1,1,
30,4,645.8694,23.1905,60.2143,216.4195,1,1,1,1,
31,4,640.3202,28.6702,60.2143,211.8415,1,1,1,1,
32,4,630.526,28.8792,62.0455,211.3319,1,1,1,1,
33,4,624.2416,27.4503,59.9091,212.2475,1,1,1,1,
34,4,617.9433,27.478,58.0778,211.6371,1,1,1,1,
35,4,623.9249,26.9093,40.766,211.9423,1,1,1,1,
36,4,611.3006,26.8954,43.8181,212.2475,1,1,1,1,
37,4,601.5703,27.4919,44.129,211.3319,1,1,1,1,
38,4,591.2073,26.6596,46.2654,211.3319,1,1,1,1,
39,4,583.1749,26.1046,45.9602,211.3319,1,1,1,1,
40,4,573.1171,24.4399,47.4862,211.3319,1,1,1,1,
41,4,563.4339,24.4399,46.8758,211.3319,1,1,1,1,
