00025.jpg 589 250 43 134 0.99948
00025.jpg 591 253 41 132 0.99940
00025.jpg 751 242 57 122 0.99918
00025.jpg 367 244 129 210 0.99912
00025.jpg 144 238 130 291 0.99899
00025.jpg 148 237 122 286 0.99832
00025.jpg 143 238 125 282 0.99832
00025.jpg 374 234 119 226 0.99816
00025.jpg 756 234 53 132 0.99801
00025.jpg 588 248 48 132 0.99796
00025.jpg 142 233 125 293 0.99791
00025.jpg 367 235 123 230 0.99789
00025.jpg 755 238 54 132 0.99787
00025.jpg 592 253 43 125 0.99771
00025.jpg 146 231 121 298 0.99758
00025.jpg 152 223 114 306 0.99757
00025.jpg 147 238 127 292 0.99740
00025.jpg 148 238 122 284 0.99708
00025.jpg 368 242 126 225 0.99706
00025.jpg 365 238 132 224 0.99701
00025.jpg 588 245 45 137 0.99699
00025.jpg 588 250 45 130 0.99697
00025.jpg 368 237 127 224 0.99695
00025.jpg 357 266 29 95 0.99664
00025.jpg 368 245 125 214 0.99654
00025.jpg 78 281 37 70 0.99645
00025.jpg 372 244 121 221 0.99637
00025.jpg 593 253 41 130 0.99636
00025.jpg 82 281 34 73 0.99597
00025.jpg 145 236 124 291 0.99591
00025.jpg 144 235 125 297 0.99555
00025.jpg 144 230 124 300 0.99508
00025.jpg 368 235 130 227 0.99503
00025.jpg 145 245 127 277 0.99491
00025.jpg 142 230 122 300 0.99485
00025.jpg 753 237 57 128 0.99474
00025.jpg 700 249 47 91 0.99434
00025.jpg 368 244 122 223 0.99417
00025.jpg 752 241 57 120 0.99404
00025.jpg 145 231 124 306 0.99400
00025.jpg 374 245 119 217 0.99378
00025.jpg 140 235 130 293 0.99366
00025.jpg 754 236 56 132 0.99366
00025.jpg 590 247 42 134 0.99354
00025.jpg 588 251 41 133 0.99346
00025.jpg 150 231 119 305 0.99341
00025.jpg 78 281 35 78 0.99329
00025.jpg 592 251 41 128 0.99308
00025.jpg 374 246 122 211 0.99303
00025.jpg 366 241 131 224 0.99297
00025.jpg 753 238 56 127 0.99285
00025.jpg 536 254 31 88 0.99274
00025.jpg 148 242 117 287 0.99195
00025.jpg 370 241 120 221 0.99176
00025.jpg 146 239 120 288 0.99150
00025.jpg 755 240 51 125 0.99147
00025.jpg 146 235 122 292 0.99143
00025.jpg 375 236 116 231 0.99126
00025.jpg 359 263 31 102 0.99112
00025.jpg 371 238 117 225 0.99101
00025.jpg 367 233 129 235 0.99090
00025.jpg 755 237 54 129 0.99077
00025.jpg 368 244 126 220 0.99071
00025.jpg 365 241 129 223 0.99066
00025.jpg 364 241 132 215 0.99052
00025.jpg 356 265 30 96 0.99042
00025.jpg 276 265 37 104 0.99037
00025.jpg 589 249 43 131 0.99035
00025.jpg 369 239 125 221 0.99027
00025.jpg 697 250 47 92 0.99024
00025.jpg 371 234 123 229 0.99007
00025.jpg 752 237 57 127 0.98945
00025.jpg 274 262 41 107 0.98942
00025.jpg 149 234 119 295 0.98919
00025.jpg 81 280 32 76 0.98917
00025.jpg 75 278 37 79 0.98908
00025.jpg 592 248 40 132 0.98907
00025.jpg 539 254 29 88 0.98898
00025.jpg 757 238 55 124 0.98867
00025.jpg 592 248 37 134 0.98853
00025.jpg 372 238 123 222 0.98847
00025.jpg 752 238 60 128 0.98821
00025.jpg 80 281 35 72 0.98808
00025.jpg 153 226 118 298 0.98769
00025.jpg 375 237 114 229 0.98739
00025.jpg 371 243 124 218 0.98732
00025.jpg 589 250 44 127 0.98718
00025.jpg 368 234 122 227 0.98709
00025.jpg 699 249 44 90 0.98702
00025.jpg 752 236 59 130 0.98696
00025.jpg 590 251 45 127 0.98660
00025.jpg 367 242 125 222 0.98566
00025.jpg 144 237 125 294 0.98519
00025.jpg 699 248 43 91 0.98497
00025.jpg 373 232 114 238 0.98491
00025.jpg 753 236 57 127 0.98388
00025.jpg 755 236 52 127 0.98385
00025.jpg 589 253 44 125 0.98361
00025.jpg 371 239 119 229 0.98330
00025.jpg 752 237 59 129 0.98299
00025.jpg 140 243 126 280 0.98299
00025.jpg 74 278 39 79 0.98287
00025.jpg 755 238 55 125 0.98277
00025.jpg 115 281 32 69 0.98258
00025.jpg 114 282 30 67 0.98258
00025.jpg 590 253 41 125 0.98255
00025.jpg 753 239 57 125 0.98246
00025.jpg 75 280 35 75 0.98235
00025.jpg 369 239 124 226 0.98232
00025.jpg 146 228 125 303 0.98227
00025.jpg 754 235 54 133 0.98224
00025.jpg 591 249 42 134 0.98194
00025.jpg 589 251 44 127 0.98181
00025.jpg 753 241 59 121 0.98177
00025.jpg 697 249 50 90 0.98172
00025.jpg 276 263 40 105 0.98162
00025.jpg 146 236 126 283 0.98136
00025.jpg 699 248 50 94 0.98119
00025.jpg 143 220 129 311 0.98086
00025.jpg 273 263 43 104 0.97986
00025.jpg 143 241 131 290 0.97970
00025.jpg 274 261 40 105 0.97943
00025.jpg 698 251 43 90 0.97854
00025.jpg 368 247 123 214 0.97817
00025.jpg 140 228 127 297 0.97791
00025.jpg 148 229 122 307 0.97759
00025.jpg 377 233 116 230 0.97757
00025.jpg 754 239 55 123 0.97706
00025.jpg 81 281 32 71 0.97703
00025.jpg 751 241 56 124 0.97646
00025.jpg 370 236 124 225 0.97593
00025.jpg 702 251 42 90 0.97574
00025.jpg 367 245 134 212 0.97508
00025.jpg 752 238 58 128 0.97497
00025.jpg 700 248 43 94 0.97439
00025.jpg 276 260 38 109 0.97433
00025.jpg 698 249 47 87 0.97378
00025.jpg 589 252 41 127 0.97354
00025.jpg 365 240 133 224 0.97336
00025.jpg 367 244 126 217 0.97329
00025.jpg 537 255 32 85 0.97308
00025.jpg 143 234 130 295 0.97302
00025.jpg 755 237 56 129 0.97188
00025.jpg 368 246 130 218 0.97184
00025.jpg 590 251 43 124 0.97179
00025.jpg 585 246 49 132 0.97144
00025.jpg 753 239 55 123 0.97128
00025.jpg 698 247 48 95 0.97091
00025.jpg 145 236 127 292 0.97037
00025.jpg 272 260 42 107 0.97027
00025.jpg 537 257 27 86 0.97005
00025.jpg 757 232 52 132 0.96945
00025.jpg 369 235 122 229 0.96921
00025.jpg 358 267 31 95 0.96825
00025.jpg 143 235 130 302 0.96799
00025.jpg 276 261 37 108 0.96683
00025.jpg 696 250 51 88 0.96635
00025.jpg 701 247 46 91 0.96628
00025.jpg 273 261 40 105 0.96525
00025.jpg 373 234 122 227 0.96524
00025.jpg 700 252 45 88 0.96519
00025.jpg 752 237 60 128 0.96440
00025.jpg 76 282 35 74 0.96296
00025.jpg 592 253 38 121 0.96293
00025.jpg 112 280 35 68 0.96271
00025.jpg 702 248 42 93 0.96231
00025.jpg 540 258 28 81 0.96214
00025.jpg 752 240 54 123 0.96086
00025.jpg 357 265 32 95 0.96084
00025.jpg 534 256 32 87 0.96032
00025.jpg 700 248 44 93 0.95984
00025.jpg 591 249 40 131 0.95984
00025.jpg 276 264 38 103 0.95811
00025.jpg 537 255 30 83 0.95765
00025.jpg 78 279 36 73 0.95725
00025.jpg 757 236 52 130 0.95622
00025.jpg 376 242 110 218 0.95520
00025.jpg 356 267 30 96 0.95495
00025.jpg 368 239 125 220 0.95490
00025.jpg 114 283 33 67 0.95396
00025.jpg 144 231 121 300 0.95304
00025.jpg 587 253 48 127 0.95252
00025.jpg 540 257 29 85 0.95178
00025.jpg 275 260 38 109 0.95059
00025.jpg 700 251 39 93 0.95034
00025.jpg 273 262 40 108 0.94950
00025.jpg 275 265 36 99 0.94931
00025.jpg 117 282 29 70 0.94887
00025.jpg 699 249 45 88 0.94865
00025.jpg 701 247 46 89 0.94645
00025.jpg 367 234 125 231 0.94587
00025.jpg 370 242 120 215 0.94534
00025.jpg 358 266 32 97 0.94481
00025.jpg 537 254 27 85 0.94476
00025.jpg 77 280 35 73 0.94179
00025.jpg 358 266 30 95 0.94136
00025.jpg 540 252 30 91 0.94115
00025.jpg 274 261 40 105 0.94103
00025.jpg 698 250 46 89 0.94077
00025.jpg 114 284 33 65 0.93975
00025.jpg 113 283 34 68 0.93965
00025.jpg 356 264 31 99 0.93901
00025.jpg 368 243 130 221 0.93868
00025.jpg 755 241 56 116 0.93808
00025.jpg 360 264 30 99 0.93748
00025.jpg 750 238 55 128 0.93552
00025.jpg 699 248 44 88 0.93521
00025.jpg 79 284 36 67 0.93414
00025.jpg 755 240 54 123 0.93346
00025.jpg 588 251 44 127 0.93297
00025.jpg 358 268 30 92 0.93268
00025.jpg 699 248 49 96 0.93207
00025.jpg 590 247 42 137 0.93207
00025.jpg 273 263 39 104 0.93166
00025.jpg 150 233 119 300 0.93128
00025.jpg 78 283 35 70 0.92850
00025.jpg 756 239 53 125 0.92832
00025.jpg 74 280 39 73 0.92806
00025.jpg 274 262 38 105 0.92781
00025.jpg 277 261 37 109 0.92751
00025.jpg 754 238 57 123 0.92545
00025.jpg 357 268 30 93 0.92470
00025.jpg 73 280 38 72 0.92328
00025.jpg 540 253 27 89 0.92316
00025.jpg 697 250 51 88 0.92252
00025.jpg 277 259 35 111 0.91981
00025.jpg 751 239 56 127 0.91973
00025.jpg 117 282 31 69 0.91961
00025.jpg 753 241 59 127 0.91932
00025.jpg 867 243 31 41 0.91830
00025.jpg 589 253 45 123 0.91813
00025.jpg 78 278 35 76 0.91650
00025.jpg 372 237 126 222 0.91520
00025.jpg 588 251 45 132 0.91433
00025.jpg 114 283 31 64 0.91156
00025.jpg 273 262 41 106 0.91146
00025.jpg 756 235 57 129 0.91144
00025.jpg 698 248 47 97 0.91139
00025.jpg 588 246 46 136 0.91113
00025.jpg 115 283 35 67 0.91033
00025.jpg 541 255 28 84 0.90847
00025.jpg 749 238 60 127 0.90810
00025.jpg 74 278 43 73 0.90738
00025.jpg 79 278 38 73 0.90715
00025.jpg 538 256 28 84 0.90674
00025.jpg 276 263 39 105 0.90423
00025.jpg 271 262 44 102 0.90350
00025.jpg 700 249 42 90 0.89933
00025.jpg 696 246 47 90 0.89932
00025.jpg 113 279 33 73 0.89690
00025.jpg 356 265 32 95 0.89570
00025.jpg 144 235 118 295 0.89560
00025.jpg 590 249 39 131 0.89543
00025.jpg 538 256 26 86 0.89522
00025.jpg 357 265 29 95 0.89347
00025.jpg 873 245 18 42 0.89335
00025.jpg 697 246 52 93 0.89263
00025.jpg 591 253 41 131 0.89164
00025.jpg 359 266 28 99 0.89162
00025.jpg 143 237 123 284 0.89103
00025.jpg 361 267 29 96 0.89078
00025.jpg 700 250 42 93 0.88769
00025.jpg 273 264 40 105 0.88604
00025.jpg 273 263 39 105 0.88466
00025.jpg 355 262 32 98 0.88335
00025.jpg 276 257 39 111 0.88199
00025.jpg 116 279 34 73 0.88098
00025.jpg 271 266 43 102 0.88089
00025.jpg 152 227 125 302 0.87885
00025.jpg 369 239 129 228 0.87777
00025.jpg 539 255 28 82 0.87699
00025.jpg 142 239 125 290 0.87667
00025.jpg 144 224 126 312 0.87560
00025.jpg 698 248 51 95 0.87534
00025.jpg 698 250 41 90 0.87500
00025.jpg 83 279 32 73 0.87430
00025.jpg 698 250 50 93 0.87199
00025.jpg 145 239 122 290 0.87054
00025.jpg 377 243 118 220 0.87048
00025.jpg 274 265 40 107 0.86987
00025.jpg 112 283 34 67 0.86947
00025.jpg 144 239 128 281 0.86600
00025.jpg 117 283 28 65 0.86568
00025.jpg 118 285 30 65 0.86508
00025.jpg 114 283 34 67 0.86495
00025.jpg 76 280 37 75 0.86462
00025.jpg 541 253 30 91 0.86393
00025.jpg 113 280 36 72 0.86298
00025.jpg 868 245 26 45 0.86247
00025.jpg 873 247 18 38 0.86128
00025.jpg 77 287 35 62 0.86106
00025.jpg 363 246 129 209 0.86039
00025.jpg 751 239 59 124 0.85995
00025.jpg 701 249 47 87 0.85780
00025.jpg 276 261 37 109 0.85615
00025.jpg 75 282 38 73 0.85548
00025.jpg 587 248 42 134 0.85539
00025.jpg 752 237 57 124 0.85107
00025.jpg 273 261 44 108 0.85085
00025.jpg 870 243 29 43 0.84984
00025.jpg 374 237 129 228 0.84734
00025.jpg 751 236 59 128 0.84706
00025.jpg 357 266 33 93 0.84603
00025.jpg 161 232 104 296 0.84550
00025.jpg 116 283 32 69 0.84525
00025.jpg 700 250 42 86 0.84430
00025.jpg 588 253 45 130 0.84407
00025.jpg 111 282 34 66 0.84377
00025.jpg 360 267 29 96 0.83774
00025.jpg 749 240 57 126 0.83743
00025.jpg 138 216 136 318 0.83631
00025.jpg 537 256 29 82 0.83339
00025.jpg 751 238 60 130 0.83307
00025.jpg 114 281 34 71 0.82978
00025.jpg 152 228 119 304 0.82945
00025.jpg 700 248 48 85 0.82928
00025.jpg 144 237 123 288 0.82914
00025.jpg 589 254 42 121 0.82612
00025.jpg 146 238 121 290 0.82598
00025.jpg 539 253 30 87 0.81962
00025.jpg 752 237 61 124 0.81860
00025.jpg 701 248 42 87 0.81818
00025.jpg 371 239 130 218 0.81563
00025.jpg 145 241 122 276 0.81420
00025.jpg 699 247 46 91 0.81361
00025.jpg 357 264 30 99 0.81285
00025.jpg 374 246 118 217 0.81211
00025.jpg 589 258 39 118 0.80988
00025.jpg 540 256 28 85 0.80708
00025.jpg 278 262 39 105 0.80640
00025.jpg 539 259 29 84 0.80617
00025.jpg 869 244 28 48 0.80488
00025.jpg 275 259 44 109 0.80460
00025.jpg 869 243 29 45 0.80137
00025.jpg 140 235 130 286 0.79898
00025.jpg 379 237 121 216 0.79833
00025.jpg 358 267 30 98 0.79739
00025.jpg 117 283 30 63 0.79697
00025.jpg 590 256 46 124 0.79668
00025.jpg 875 245 19 38 0.79321
00025.jpg 112 281 37 71 0.79103
00025.jpg 588 247 44 135 0.79098
00025.jpg 272 264 37 104 0.78923
00025.jpg 700 254 47 86 0.78875
00025.jpg 117 282 34 66 0.78642
00025.jpg 698 251 49 90 0.78378
00025.jpg 540 255 29 85 0.78344
00025.jpg 371 236 122 220 0.78344
00025.jpg 588 252 40 129 0.78318
00025.jpg 361 268 28 98 0.77867
00025.jpg 111 282 37 68 0.77791
00025.jpg 79 277 37 78 0.77774
00025.jpg 371 238 121 216 0.77688
00025.jpg 756 239 51 125 0.77643
00025.jpg 756 239 54 124 0.77402
00025.jpg 540 253 30 92 0.77154
00025.jpg 751 239 58 126 0.77021
00025.jpg 751 242 56 117 0.76992
00025.jpg 150 236 123 287 0.76844
00025.jpg 535 255 31 83 0.76355
00025.jpg 590 250 46 132 0.76266
00025.jpg 751 237 53 129 0.76050
00025.jpg 699 247 47 99 0.76014
00025.jpg 870 245 19 37 0.75878
00025.jpg 358 267 31 94 0.75831
00025.jpg 540 255 32 83 0.75750
00025.jpg 273 260 42 108 0.75673
00025.jpg 871 242 29 46 0.75452
00025.jpg 752 235 55 130 0.75215
00025.jpg 359 264 32 96 0.75213
00025.jpg 363 243 137 214 0.74984
00025.jpg 749 237 58 124 0.74918
00025.jpg 79 287 33 64 0.74891
00025.jpg 698 254 43 91 0.74784
00025.jpg 354 265 32 94 0.74743
00025.jpg 367 243 119 216 0.74586
00025.jpg 76 283 37 70 0.74461
00025.jpg 755 241 58 119 0.74051
00025.jpg 700 247 45 97 0.74042
00025.jpg 359 269 33 92 0.73950
00025.jpg 116 285 32 65 0.73870
00025.jpg 365 238 129 238 0.73781
00025.jpg 155 244 111 273 0.73648
00025.jpg 118 283 32 69 0.73555
00025.jpg 696 249 40 94 0.73330
00025.jpg 591 245 45 138 0.73263
00025.jpg 358 267 33 95 0.72691
00025.jpg 374 236 115 221 0.72155
00025.jpg 871 243 26 48 0.71960
00025.jpg 695 252 53 86 0.71893
00025.jpg 271 260 40 109 0.71873
00025.jpg 278 266 37 100 0.71636
00025.jpg 867 245 33 45 0.71600
00025.jpg 868 247 25 45 0.71349
00025.jpg 700 247 49 91 0.71247
00025.jpg 695 252 47 85 0.71172
00025.jpg 870 247 27 46 0.70710
00025.jpg 115 282 32 65 0.70486
00025.jpg 695 246 51 101 0.70429
00025.jpg 376 241 115 216 0.69987
00025.jpg 538 256 31 86 0.69802
00025.jpg 588 252 39 123 0.69344
00025.jpg 118 282 31 68 0.69091
00025.jpg 273 263 43 108 0.68782
00025.jpg 591 251 46 129 0.68615
00025.jpg 699 248 50 89 0.68093
00025.jpg 592 257 43 118 0.68065
00025.jpg 536 254 26 86 0.68036
00025.jpg 538 257 28 85 0.67940
00025.jpg 146 243 116 278 0.67937
00025.jpg 869 243 26 45 0.67809
00025.jpg 699 251 41 91 0.67386
00025.jpg 151 231 120 308 0.67220
00025.jpg 70 281 38 70 0.67212
00025.jpg 355 263 31 98 0.66745
00025.jpg 696 249 55 92 0.66743
00025.jpg 76 279 41 75 0.66643
00025.jpg 698 249 45 91 0.66378
00025.jpg 111 280 33 69 0.66028
00025.jpg 278 259 41 104 0.66013
00025.jpg 278 264 39 107 0.65646
00025.jpg 867 243 31 43 0.65518
00025.jpg 356 267 31 94 0.65330
00025.jpg 536 254 24 83 0.64934
00025.jpg 373 247 122 211 0.64817
00025.jpg 72 280 37 72 0.64747
00025.jpg 871 241 27 44 0.64418
00025.jpg 539 256 31 86 0.64013
00025.jpg 586 252 48 130 0.63285
00025.jpg 279 263 39 97 0.63070
00025.jpg 868 242 30 52 0.62592
00025.jpg 867 242 29 54 0.62000
00025.jpg 137 227 139 310 0.61670
00025.jpg 360 265 31 102 0.60796
00025.jpg 594 251 42 123 0.60586
00025.jpg 536 251 33 94 0.60453
00025.jpg 147 237 132 294 0.60443
00025.jpg 111 283 35 67 0.60367
00025.jpg 540 256 32 86 0.60242
00025.jpg 589 249 47 131 0.60046
00025.jpg 539 253 33 85 0.58995
00025.jpg 701 248 46 84 0.58962
00025.jpg 868 246 29 39 0.58893
00025.jpg 278 256 38 118 0.58132
00025.jpg 355 264 34 102 0.57794
00025.jpg 148 236 122 293 0.57782
00025.jpg 700 250 47 89 0.57721
00025.jpg 144 228 123 285 0.57621
00025.jpg 866 247 32 44 0.57489
00025.jpg 110 282 43 73 0.57274
00025.jpg 356 272 22 87 0.57086
00025.jpg 750 243 54 121 0.55926
00025.jpg 536 254 29 85 0.55737
00025.jpg 698 247 53 89 0.55690
00025.jpg 277 259 39 109 0.55258
00025.jpg 541 256 31 86 0.54851
00025.jpg 701 247 47 85 0.54419
00025.jpg 593 250 41 129 0.54080
00025.jpg 872 245 27 41 0.53707
00025.jpg 78 276 37 74 0.53441
00025.jpg 824 262 37 73 0.53060
00025.jpg 590 253 41 119 0.52935
00025.jpg 832 258 36 77 0.52384
00025.jpg 72 284 47 69 0.51990
00025.jpg 751 241 51 115 0.51934
00025.jpg 697 252 52 85 0.51024
00025.jpg 826 257 38 76 0.50782
00025.jpg 754 243 61 120 0.50610
00025.jpg 355 264 36 94 0.50323
00025.jpg 756 240 54 120 0.50078
