00020.jpg 593 250 41 131 0.99929
00020.jpg 371 229 126 239 0.99915
00020.jpg 753 240 56 124 0.99911
00020.jpg 592 251 40 128 0.99888
00020.jpg 376 227 114 236 0.99887
00020.jpg 540 255 32 88 0.99877
00020.jpg 540 253 34 93 0.99875
00020.jpg 541 252 33 96 0.99875
00020.jpg 592 255 39 121 0.99844
00020.jpg 370 218 112 248 0.99822
00020.jpg 591 253 42 125 0.99818
00020.jpg 591 248 45 132 0.99798
00020.jpg 377 226 112 231 0.99772
00020.jpg 372 228 117 232 0.99759
00020.jpg 377 230 109 233 0.99759
00020.jpg 153 232 123 294 0.99746
00020.jpg 151 226 124 307 0.99730
00020.jpg 756 242 52 127 0.99722
00020.jpg 754 238 58 129 0.99715
00020.jpg 373 223 111 239 0.99708
00020.jpg 370 227 119 229 0.99699
00020.jpg 156 236 119 292 0.99686
00020.jpg 372 220 120 246 0.99667
00020.jpg 149 232 128 292 0.99651
00020.jpg 151 237 120 290 0.99640
00020.jpg 156 239 116 287 0.99633
00020.jpg 700 250 46 89 0.99631
00020.jpg 154 235 117 292 0.99613
00020.jpg 591 252 40 125 0.99552
00020.jpg 753 239 59 126 0.99546
00020.jpg 370 232 120 227 0.99538
00020.jpg 752 240 60 124 0.99513
00020.jpg 151 229 125 298 0.99507
00020.jpg 71 279 44 72 0.99501
00020.jpg 373 231 112 231 0.99495
00020.jpg 113 277 32 74 0.99493
00020.jpg 544 250 33 94 0.99491
00020.jpg 377 228 106 226 0.99485
00020.jpg 699 250 42 88 0.99474
00020.jpg 371 230 117 234 0.99470
00020.jpg 372 227 117 234 0.99431
00020.jpg 149 236 126 290 0.99426
00020.jpg 700 246 49 95 0.99415
00020.jpg 367 223 127 244 0.99396
00020.jpg 752 237 57 129 0.99390
00020.jpg 371 229 116 235 0.99370
00020.jpg 755 239 55 120 0.99365
00020.jpg 366 227 124 236 0.99360
00020.jpg 358 262 30 105 0.99348
00020.jpg 152 235 122 287 0.99326
00020.jpg 377 226 110 239 0.99323
00020.jpg 154 236 116 297 0.99312
00020.jpg 375 233 117 221 0.99296
00020.jpg 753 242 58 119 0.99238
00020.jpg 376 231 108 232 0.99227
00020.jpg 151 230 131 301 0.99209
00020.jpg 110 282 36 66 0.99200
00020.jpg 378 224 111 239 0.99192
00020.jpg 369 230 120 230 0.99188
00020.jpg 697 251 46 90 0.99182
00020.jpg 112 278 35 70 0.99176
00020.jpg 357 263 32 100 0.99175
00020.jpg 112 281 35 68 0.99171
00020.jpg 154 234 122 298 0.99098
00020.jpg 71 277 44 72 0.99087
00020.jpg 752 239 58 125 0.99080
00020.jpg 541 256 34 87 0.99066
00020.jpg 153 235 125 291 0.99036
00020.jpg 376 220 113 245 0.99030
00020.jpg 754 240 57 124 0.99024
00020.jpg 753 238 53 128 0.98995
00020.jpg 154 238 121 288 0.98985
00020.jpg 754 238 56 129 0.98958
00020.jpg 540 252 34 90 0.98877
00020.jpg 370 231 116 230 0.98826
00020.jpg 357 260 35 108 0.98813
00020.jpg 158 229 110 304 0.98795
00020.jpg 376 229 113 233 0.98786
00020.jpg 593 253 42 123 0.98784
00020.jpg 699 248 51 92 0.98779
00020.jpg 274 264 39 102 0.98778
00020.jpg 156 238 120 285 0.98731
00020.jpg 591 249 45 129 0.98725
00020.jpg 273 259 41 108 0.98685
00020.jpg 271 263 41 103 0.98677
00020.jpg 376 225 109 232 0.98671
00020.jpg 377 233 109 224 0.98633
00020.jpg 591 249 42 125 0.98617
00020.jpg 369 231 120 237 0.98596
00020.jpg 374 227 113 234 0.98548
00020.jpg 72 278 41 73 0.98542
00020.jpg 753 238 58 128 0.98536
00020.jpg 272 260 40 106 0.98536
00020.jpg 68 279 49 70 0.98527
00020.jpg 153 230 120 296 0.98519
00020.jpg 273 259 42 106 0.98515
00020.jpg 541 253 31 90 0.98483
00020.jpg 359 263 31 100 0.98465
00020.jpg 755 238 55 127 0.98449
00020.jpg 150 230 120 297 0.98429
00020.jpg 754 236 53 131 0.98428
00020.jpg 595 251 38 128 0.98409
00020.jpg 750 239 61 126 0.98393
00020.jpg 756 237 54 127 0.98357
00020.jpg 111 279 32 69 0.98345
00020.jpg 593 253 38 123 0.98326
00020.jpg 754 240 57 125 0.98252
00020.jpg 375 231 105 229 0.98244
00020.jpg 753 238 57 127 0.98241
00020.jpg 377 231 110 232 0.98236
00020.jpg 540 251 34 92 0.98234
00020.jpg 755 237 53 127 0.98201
00020.jpg 538 252 39 92 0.98201
00020.jpg 157 244 120 278 0.98187
00020.jpg 755 239 54 124 0.98108
00020.jpg 155 232 122 300 0.98105
00020.jpg 155 237 118 283 0.98038
00020.jpg 699 248 49 90 0.98032
00020.jpg 158 236 116 289 0.98005
00020.jpg 594 250 42 128 0.97896
00020.jpg 71 281 41 66 0.97881
00020.jpg 372 226 117 242 0.97868
00020.jpg 74 276 43 76 0.97845
00020.jpg 753 240 58 125 0.97802
00020.jpg 376 225 109 238 0.97757
00020.jpg 701 248 42 92 0.97746
00020.jpg 149 237 127 290 0.97745
00020.jpg 591 248 43 131 0.97742
00020.jpg 541 252 34 91 0.97682
00020.jpg 69 279 46 69 0.97664
00020.jpg 73 278 45 72 0.97638
00020.jpg 370 227 118 231 0.97633
00020.jpg 697 250 49 91 0.97632
00020.jpg 703 252 42 88 0.97563
00020.jpg 699 252 45 87 0.97501
00020.jpg 156 234 118 292 0.97443
00020.jpg 754 237 57 125 0.97426
00020.jpg 541 256 31 88 0.97425
00020.jpg 754 239 52 122 0.97393
00020.jpg 699 249 45 86 0.97391
00020.jpg 371 230 119 230 0.97389
00020.jpg 590 248 42 131 0.97367
00020.jpg 159 243 113 280 0.97340
00020.jpg 276 263 37 101 0.97307
00020.jpg 590 253 42 124 0.97294
00020.jpg 540 254 33 88 0.97269
00020.jpg 71 280 45 72 0.97215
00020.jpg 273 260 41 105 0.97143
00020.jpg 696 250 51 87 0.97038
00020.jpg 70 278 50 73 0.96996
00020.jpg 371 232 116 229 0.96919
00020.jpg 152 234 126 288 0.96894
00020.jpg 274 259 40 104 0.96886
00020.jpg 155 228 118 301 0.96837
00020.jpg 271 258 44 108 0.96835
00020.jpg 753 237 57 127 0.96787
00020.jpg 151 225 118 301 0.96777
00020.jpg 752 243 60 116 0.96775
00020.jpg 589 248 47 130 0.96707
00020.jpg 698 250 42 91 0.96703
00020.jpg 751 240 60 124 0.96702
00020.jpg 71 275 41 74 0.96597
00020.jpg 153 225 121 306 0.96586
00020.jpg 153 238 126 289 0.96570
00020.jpg 754 237 57 130 0.96555
00020.jpg 361 258 30 109 0.96505
00020.jpg 71 281 42 68 0.96270
00020.jpg 376 226 112 241 0.96215
00020.jpg 148 232 125 293 0.96210
00020.jpg 359 264 32 104 0.96146
00020.jpg 755 243 55 128 0.96115
00020.jpg 373 224 115 244 0.96050
00020.jpg 754 243 55 117 0.95969
00020.jpg 542 255 33 89 0.95952
00020.jpg 374 229 110 230 0.95836
00020.jpg 73 285 44 60 0.95792
00020.jpg 699 250 44 87 0.95746
00020.jpg 272 264 43 101 0.95688
00020.jpg 590 252 46 123 0.95477
00020.jpg 593 252 41 122 0.95424
00020.jpg 756 239 50 124 0.95424
00020.jpg 358 261 33 102 0.95395
00020.jpg 698 247 45 94 0.95309
00020.jpg 697 248 45 91 0.95303
00020.jpg 371 225 119 240 0.95246
00020.jpg 73 281 40 69 0.95178
00020.jpg 701 246 45 95 0.95127
00020.jpg 592 250 43 132 0.95083
00020.jpg 359 262 30 102 0.95072
00020.jpg 540 254 37 90 0.94935
00020.jpg 70 277 49 72 0.94909
00020.jpg 358 263 33 100 0.94869
00020.jpg 355 268 30 95 0.94720
00020.jpg 544 254 32 89 0.94666
00020.jpg 357 262 30 106 0.94643
00020.jpg 374 233 110 226 0.94623
00020.jpg 372 235 116 230 0.94580
00020.jpg 755 238 54 128 0.94550
00020.jpg 68 278 50 73 0.94528
00020.jpg 593 250 43 126 0.94519
00020.jpg 271 261 40 102 0.94467
00020.jpg 271 263 44 100 0.94466
00020.jpg 373 228 117 238 0.94449
00020.jpg 592 251 43 129 0.94445
00020.jpg 541 253 36 89 0.94323
00020.jpg 367 230 125 224 0.94282
00020.jpg 752 239 57 125 0.94259
00020.jpg 755 238 49 125 0.94221
00020.jpg 154 233 118 292 0.94200
00020.jpg 370 229 113 222 0.94191
00020.jpg 357 261 34 106 0.94139
00020.jpg 752 238 56 126 0.94091
00020.jpg 754 238 56 126 0.94091
00020.jpg 754 235 56 131 0.94050
00020.jpg 72 277 51 72 0.94030
00020.jpg 753 239 54 128 0.93992
00020.jpg 273 261 39 102 0.93948
00020.jpg 542 250 32 93 0.93910
00020.jpg 158 228 112 291 0.93870
00020.jpg 593 250 40 129 0.93751
00020.jpg 373 228 113 236 0.93734
00020.jpg 698 251 50 87 0.93716
00020.jpg 75 277 43 72 0.93604
00020.jpg 753 240 51 125 0.93602
00020.jpg 699 247 50 89 0.93571
00020.jpg 699 251 43 82 0.93567
00020.jpg 539 252 35 94 0.93493
00020.jpg 272 259 45 106 0.93477
00020.jpg 590 252 46 124 0.93388
00020.jpg 74 276 40 76 0.93388
00020.jpg 146 237 125 288 0.93371
00020.jpg 72 277 43 70 0.93300
00020.jpg 153 240 122 275 0.93269
00020.jpg 698 248 48 94 0.93228
00020.jpg 753 243 55 125 0.93221
00020.jpg 271 260 43 109 0.93219
00020.jpg 699 250 47 92 0.93216
00020.jpg 113 283 32 67 0.93148
00020.jpg 115 280 31 67 0.93004
00020.jpg 703 252 41 86 0.92889
00020.jpg 371 223 124 245 0.92770
00020.jpg 592 251 42 129 0.92648
00020.jpg 274 261 41 105 0.92501
00020.jpg 111 280 35 73 0.92483
00020.jpg 539 256 32 86 0.92449
00020.jpg 593 252 41 127 0.92342
00020.jpg 272 263 38 101 0.92225
00020.jpg 592 252 40 126 0.92214
00020.jpg 373 230 114 232 0.92200
00020.jpg 696 249 49 89 0.92166
00020.jpg 110 282 34 69 0.92115
00020.jpg 160 236 110 293 0.92078
00020.jpg 754 239 54 126 0.92061
00020.jpg 154 235 124 277 0.91979
00020.jpg 155 236 116 296 0.91801
00020.jpg 541 255 28 86 0.91703
00020.jpg 756 238 55 124 0.91694
00020.jpg 700 250 41 90 0.91440
00020.jpg 542 252 31 93 0.91317
00020.jpg 276 260 38 104 0.91269
00020.jpg 273 261 40 102 0.91243
00020.jpg 697 247 51 92 0.91195
00020.jpg 271 259 43 108 0.91179
00020.jpg 274 266 41 99 0.91178
00020.jpg 69 279 46 70 0.90951
00020.jpg 540 252 38 90 0.90936
00020.jpg 590 247 45 132 0.90866
00020.jpg 698 246 52 92 0.90847
00020.jpg 116 279 29 69 0.90720
00020.jpg 360 263 30 102 0.90581
00020.jpg 751 242 61 122 0.90546
00020.jpg 159 237 112 287 0.90428
00020.jpg 276 257 41 105 0.90353
00020.jpg 540 253 36 91 0.90312
00020.jpg 754 240 51 126 0.90282
00020.jpg 274 262 38 107 0.90247
00020.jpg 752 238 59 128 0.90034
00020.jpg 75 283 39 64 0.89994
00020.jpg 157 240 115 283 0.89927
00020.jpg 542 254 33 89 0.89842
00020.jpg 358 263 30 99 0.89839
00020.jpg 116 278 32 70 0.89804
00020.jpg 541 252 35 89 0.89745
00020.jpg 74 279 45 66 0.89714
00020.jpg 752 240 58 122 0.89687
00020.jpg 151 230 114 303 0.89588
00020.jpg 73 277 45 76 0.89281
00020.jpg 113 279 31 70 0.89115
00020.jpg 70 278 44 72 0.89063
00020.jpg 377 233 114 227 0.89034
00020.jpg 370 232 120 217 0.89017
00020.jpg 273 263 43 100 0.88903
00020.jpg 590 252 41 123 0.88693
00020.jpg 150 238 121 281 0.88513
00020.jpg 109 276 35 74 0.88402
00020.jpg 590 247 48 131 0.88378
00020.jpg 751 234 56 128 0.88177
00020.jpg 112 281 35 69 0.88172
00020.jpg 71 280 43 73 0.88072
00020.jpg 592 251 45 126 0.88054
00020.jpg 375 229 108 228 0.87972
00020.jpg 594 248 41 130 0.87920
00020.jpg 112 279 34 72 0.87816
00020.jpg 70 276 47 75 0.87709
00020.jpg 273 259 42 107 0.87677
00020.jpg 375 225 113 232 0.87657
00020.jpg 152 233 120 297 0.87474
00020.jpg 373 222 113 236 0.87463
00020.jpg 702 249 46 86 0.87292
00020.jpg 357 260 31 106 0.87037
00020.jpg 696 249 46 88 0.86941
00020.jpg 756 238 55 125 0.86919
00020.jpg 114 277 32 74 0.86689
00020.jpg 112 280 34 67 0.86612
00020.jpg 157 237 119 296 0.86514
00020.jpg 271 263 39 103 0.86147
00020.jpg 73 278 39 72 0.86038
00020.jpg 700 250 42 87 0.85795
00020.jpg 541 255 35 86 0.85658
00020.jpg 148 237 122 289 0.85650
00020.jpg 698 252 43 91 0.85499
00020.jpg 752 242 51 122 0.85186
00020.jpg 699 247 46 91 0.85138
00020.jpg 114 277 35 74 0.85110
00020.jpg 367 235 116 220 0.85094
00020.jpg 376 227 110 237 0.85014
00020.jpg 272 262 43 108 0.84984
00020.jpg 150 242 122 282 0.84888
00020.jpg 67 276 51 74 0.84625
00020.jpg 753 239 56 121 0.84499
00020.jpg 758 241 49 122 0.84458
00020.jpg 700 245 45 101 0.84345
00020.jpg 702 249 41 85 0.84232
00020.jpg 110 282 35 68 0.83992
00020.jpg 356 259 32 107 0.83923
00020.jpg 755 238 53 129 0.83857
00020.jpg 371 229 121 236 0.83833
00020.jpg 753 239 59 129 0.83768
00020.jpg 360 261 30 103 0.83726
00020.jpg 587 253 49 129 0.83295
00020.jpg 273 259 43 107 0.83238
00020.jpg 371 220 114 250 0.83026
00020.jpg 112 281 33 70 0.82883
00020.jpg 277 260 39 104 0.82704
00020.jpg 590 249 47 130 0.82673
00020.jpg 543 257 33 85 0.82608
00020.jpg 753 239 59 127 0.82165
00020.jpg 359 265 28 100 0.82038
00020.jpg 117 281 30 67 0.81919
00020.jpg 156 230 115 303 0.81587
00020.jpg 541 254 28 90 0.81305
00020.jpg 696 251 52 88 0.81075
00020.jpg 70 282 48 70 0.80771
00020.jpg 359 260 29 110 0.80341
00020.jpg 114 278 34 71 0.80214
00020.jpg 701 254 47 85 0.79943
00020.jpg 593 252 38 121 0.79624
00020.jpg 270 264 39 99 0.79469
00020.jpg 700 250 47 89 0.79414
00020.jpg 359 261 33 106 0.79393
00020.jpg 357 263 30 104 0.78916
00020.jpg 71 278 44 76 0.78706
00020.jpg 539 255 31 85 0.78379
00020.jpg 596 251 41 127 0.78117
00020.jpg 272 260 45 107 0.77720
00020.jpg 74 279 40 70 0.77654
00020.jpg 596 253 44 118 0.76672
00020.jpg 356 263 37 100 0.76472
00020.jpg 756 240 50 122 0.76460
00020.jpg 756 239 57 122 0.76313
00020.jpg 69 282 50 65 0.75834
00020.jpg 536 254 37 86 0.75821
00020.jpg 111 280 36 67 0.75808
00020.jpg 360 266 32 96 0.75710
00020.jpg 359 261 32 105 0.75115
00020.jpg 77 277 42 73 0.74919
00020.jpg 590 252 39 123 0.74794
00020.jpg 359 263 37 102 0.74632
00020.jpg 696 252 46 85 0.74489
00020.jpg 753 236 60 128 0.74475
00020.jpg 752 242 59 127 0.74139
00020.jpg 367 220 120 240 0.74056
00020.jpg 118 280 31 69 0.73993
00020.jpg 536 257 41 84 0.73638
00020.jpg 356 263 34 101 0.73450
00020.jpg 71 284 45 64 0.73305
00020.jpg 70 277 50 73 0.73174
00020.jpg 539 252 34 90 0.73140
00020.jpg 540 254 38 89 0.72799
00020.jpg 378 223 115 243 0.72678
00020.jpg 698 255 45 87 0.72657
00020.jpg 538 251 38 92 0.72603
00020.jpg 68 280 42 68 0.72553
00020.jpg 376 239 117 216 0.72537
00020.jpg 152 241 113 280 0.72416
00020.jpg 67 279 46 72 0.72367
00020.jpg 702 250 47 85 0.71803
00020.jpg 536 252 38 94 0.71523
00020.jpg 67 277 52 74 0.71435
00020.jpg 378 219 115 239 0.71179
00020.jpg 111 280 33 67 0.71133
00020.jpg 540 251 36 89 0.71050
00020.jpg 536 255 42 92 0.70936
00020.jpg 590 251 38 127 0.70837
00020.jpg 275 261 42 103 0.70374
00020.jpg 75 276 42 71 0.70237
00020.jpg 78 282 37 65 0.70151
00020.jpg 537 255 37 88 0.69835
00020.jpg 75 282 37 65 0.69813
00020.jpg 74 278 43 73 0.69776
00020.jpg 699 255 41 86 0.69461
00020.jpg 275 261 40 103 0.69437
00020.jpg 272 259 39 108 0.68685
00020.jpg 370 229 115 224 0.68663
00020.jpg 115 276 32 73 0.68586
00020.jpg 149 228 131 293 0.68278
00020.jpg 108 279 42 70 0.68128
00020.jpg 588 253 49 126 0.67985
00020.jpg 118 279 31 69 0.67733
00020.jpg 68 280 43 68 0.67252
00020.jpg 750 239 57 120 0.66807
00020.jpg 591 246 45 134 0.66738
00020.jpg 596 250 42 129 0.66460
00020.jpg 72 280 53 67 0.66349
00020.jpg 354 257 30 114 0.65893
00020.jpg 598 250 41 119 0.65862
00020.jpg 111 280 36 67 0.65572
00020.jpg 358 260 32 111 0.65436
00020.jpg 356 263 40 108 0.65361
00020.jpg 592 250 39 126 0.65356
00020.jpg 357 260 37 102 0.64950
00020.jpg 361 263 32 102 0.64102
00020.jpg 749 233 60 136 0.63672
00020.jpg 359 262 32 103 0.63006
00020.jpg 697 247 52 93 0.62989
00020.jpg 591 247 45 133 0.62860
00020.jpg 78 280 42 71 0.62460
00020.jpg 354 257 39 110 0.62352
00020.jpg 540 251 31 93 0.61795
00020.jpg 371 236 109 219 0.61704
00020.jpg 77 276 40 74 0.61332
00020.jpg 697 249 54 90 0.61127
00020.jpg 537 254 35 91 0.60466
00020.jpg 358 262 35 106 0.59953
00020.jpg 696 251 47 88 0.59591
00020.jpg 696 244 54 96 0.59335
00020.jpg 277 260 42 108 0.59199
00020.jpg 69 281 54 68 0.59002
00020.jpg 75 280 41 66 0.58651
00020.jpg 697 247 53 92 0.58586
00020.jpg 116 276 31 74 0.58329
00020.jpg 372 232 120 216 0.57943
00020.jpg 354 262 32 101 0.57777
00020.jpg 702 248 46 83 0.57658
00020.jpg 700 248 50 84 0.57642
00020.jpg 695 252 53 91 0.56875
00020.jpg 144 240 124 284 0.56701
00020.jpg 155 228 128 295 0.56257
00020.jpg 111 279 36 64 0.55614
00020.jpg 64 285 49 64 0.54784
00020.jpg 599 246 37 124 0.54727
00020.jpg 115 282 35 71 0.54602
00020.jpg 162 244 109 276 0.54530
00020.jpg 589 252 31 125 0.54161
00020.jpg 67 281 46 67 0.54082
00020.jpg 68 273 46 72 0.53972
00020.jpg 69 278 50 76 0.53346
00020.jpg 697 252 52 85 0.53281
00020.jpg 120 276 30 70 0.53234
00020.jpg 595 254 39 120 0.52839
00020.jpg 697 247 42 98 0.52776
00020.jpg 760 240 56 125 0.52680
00020.jpg 367 222 112 238 0.52632
00020.jpg 67 276 56 74 0.52040
00020.jpg 698 247 53 84 0.51954
00020.jpg 76 286 34 62 0.51878
00020.jpg 72 279 37 66 0.51626
00020.jpg 702 253 41 90 0.51579
00020.jpg 744 244 55 122 0.51528
00020.jpg 695 252 47 84 0.51085
00020.jpg 148 237 123 281 0.50976
00020.jpg 357 264 28 101 0.50940
00020.jpg 591 251 39 124 0.50837
00020.jpg 867 248 31 37 0.50787
00020.jpg 866 250 32 41 0.50693
00020.jpg 271 261 36 101 0.50545
00020.jpg 751 239 65 128 0.50241
