00023.jpg 592 251 41 130 0.99952
00023.jpg 593 252 41 129 0.99944
00023.jpg 592 254 48 122 0.99906
00023.jpg 148 233 126 298 0.99896
00023.jpg 755 239 53 132 0.99875
00023.jpg 593 253 42 124 0.99837
00023.jpg 372 234 121 226 0.99788
00023.jpg 153 229 114 305 0.99776
00023.jpg 154 234 115 288 0.99745
00023.jpg 587 249 53 129 0.99738
00023.jpg 147 229 121 297 0.99716
00023.jpg 540 254 30 89 0.99715
00023.jpg 158 224 110 305 0.99692
00023.jpg 149 230 125 299 0.99686
00023.jpg 538 255 32 88 0.99658
00023.jpg 377 233 116 226 0.99642
00023.jpg 590 247 47 134 0.99614
00023.jpg 150 229 114 297 0.99606
00023.jpg 374 230 124 238 0.99603
00023.jpg 149 233 120 297 0.99593
00023.jpg 753 240 59 124 0.99587
00023.jpg 753 240 59 122 0.99583
00023.jpg 754 236 56 124 0.99580
00023.jpg 147 237 121 285 0.99578
00023.jpg 374 231 116 232 0.99575
00023.jpg 156 233 114 298 0.99556
00023.jpg 149 235 118 298 0.99553
00023.jpg 592 249 46 132 0.99543
00023.jpg 376 238 123 232 0.99515
00023.jpg 596 254 40 125 0.99498
00023.jpg 147 224 123 306 0.99496
00023.jpg 591 254 49 125 0.99487
00023.jpg 150 227 123 302 0.99483
00023.jpg 370 236 126 222 0.99447
00023.jpg 374 237 118 227 0.99425
00023.jpg 538 256 31 87 0.99421
00023.jpg 157 233 117 285 0.99415
00023.jpg 370 235 120 228 0.99373
00023.jpg 377 230 112 235 0.99366
00023.jpg 370 239 123 222 0.99360
00023.jpg 751 234 58 132 0.99337
00023.jpg 595 251 41 128 0.99330
00023.jpg 155 233 115 294 0.99324
00023.jpg 370 228 122 238 0.99316
00023.jpg 755 241 55 122 0.99235
00023.jpg 371 227 130 242 0.99229
00023.jpg 753 239 56 125 0.99226
00023.jpg 591 252 43 127 0.99225
00023.jpg 376 234 119 234 0.99214
00023.jpg 754 235 56 132 0.99206
00023.jpg 146 232 125 295 0.99201
00023.jpg 150 230 119 301 0.99151
00023.jpg 358 262 31 99 0.99142
00023.jpg 596 252 41 128 0.99129
00023.jpg 375 238 118 220 0.99100
00023.jpg 592 253 46 125 0.99051
00023.jpg 81 279 33 78 0.99050
00023.jpg 159 237 112 290 0.99047
00023.jpg 276 264 37 105 0.99045
00023.jpg 374 234 121 222 0.99040
00023.jpg 274 262 41 108 0.99014
00023.jpg 154 238 115 284 0.99008
00023.jpg 366 233 128 235 0.99005
00023.jpg 376 236 115 229 0.98987
00023.jpg 153 226 115 303 0.98979
00023.jpg 370 235 126 232 0.98965
00023.jpg 754 239 58 125 0.98950
00023.jpg 748 238 61 127 0.98944
00023.jpg 698 250 46 90 0.98938
00023.jpg 76 283 36 70 0.98929
00023.jpg 757 239 55 122 0.98897
00023.jpg 540 255 32 86 0.98865
00023.jpg 360 265 32 106 0.98858
00023.jpg 372 231 126 232 0.98837
00023.jpg 368 233 127 225 0.98832
00023.jpg 151 233 119 292 0.98830
00023.jpg 757 235 51 130 0.98798
00023.jpg 753 239 53 128 0.98756
00023.jpg 154 232 114 301 0.98732
00023.jpg 370 240 126 221 0.98725
00023.jpg 592 251 46 128 0.98706
00023.jpg 752 236 58 128 0.98670
00023.jpg 153 232 115 298 0.98668
00023.jpg 594 251 44 130 0.98657
00023.jpg 155 230 116 304 0.98566
00023.jpg 359 268 32 94 0.98565
00023.jpg 274 261 41 104 0.98562
00023.jpg 149 228 113 299 0.98561
00023.jpg 755 237 54 130 0.98527
00023.jpg 750 241 60 121 0.98424
00023.jpg 700 249 44 88 0.98374
00023.jpg 702 249 44 88 0.98362
00023.jpg 358 260 30 108 0.98356
00023.jpg 373 230 118 230 0.98349
00023.jpg 755 239 55 123 0.98330
00023.jpg 149 238 129 290 0.98318
00023.jpg 591 253 45 127 0.98285
00023.jpg 593 242 44 139 0.98279
00023.jpg 596 253 43 126 0.98274
00023.jpg 155 227 112 302 0.98235
00023.jpg 158 226 113 305 0.98227
00023.jpg 754 235 53 131 0.98149
00023.jpg 755 234 53 132 0.98117
00023.jpg 368 231 129 230 0.97967
00023.jpg 702 252 43 85 0.97953
00023.jpg 78 279 36 75 0.97939
00023.jpg 591 247 49 133 0.97923
00023.jpg 115 280 34 70 0.97920
00023.jpg 544 259 29 83 0.97920
00023.jpg 753 235 56 132 0.97905
00023.jpg 365 235 131 226 0.97902
00023.jpg 378 229 120 237 0.97883
00023.jpg 375 234 115 226 0.97872
00023.jpg 151 229 118 299 0.97859
00023.jpg 376 238 116 225 0.97854
00023.jpg 755 238 54 128 0.97848
00023.jpg 155 236 111 292 0.97847
00023.jpg 542 254 30 87 0.97847
00023.jpg 152 225 120 306 0.97818
00023.jpg 540 254 30 87 0.97768
00023.jpg 375 238 119 222 0.97746
00023.jpg 596 250 41 130 0.97744
00023.jpg 702 248 42 93 0.97735
00023.jpg 754 237 56 126 0.97707
00023.jpg 360 263 31 101 0.97691
00023.jpg 755 241 56 122 0.97671
00023.jpg 147 233 122 294 0.97668
00023.jpg 74 278 39 76 0.97661
00023.jpg 698 248 45 94 0.97651
00023.jpg 370 236 118 225 0.97621
00023.jpg 591 251 45 127 0.97591
00023.jpg 113 279 35 71 0.97550
00023.jpg 373 235 119 226 0.97534
00023.jpg 540 255 29 90 0.97504
00023.jpg 370 237 126 219 0.97465
00023.jpg 113 279 35 71 0.97432
00023.jpg 273 262 43 105 0.97405
00023.jpg 753 238 58 125 0.97357
00023.jpg 360 261 29 101 0.97296
00023.jpg 276 258 42 109 0.97073
00023.jpg 114 280 36 68 0.97061
00023.jpg 698 249 48 91 0.97041
00023.jpg 275 260 40 110 0.97021
00023.jpg 116 280 35 70 0.97012
00023.jpg 701 249 43 87 0.96928
00023.jpg 752 242 59 116 0.96922
00023.jpg 699 247 45 91 0.96879
00023.jpg 373 230 118 240 0.96876
00023.jpg 752 235 59 129 0.96860
00023.jpg 540 255 30 88 0.96859
00023.jpg 699 246 47 92 0.96812
00023.jpg 592 249 41 134 0.96785
00023.jpg 755 237 53 127 0.96727
00023.jpg 116 281 35 70 0.96701
00023.jpg 753 240 59 123 0.96634
00023.jpg 593 246 43 134 0.96627
00023.jpg 273 260 41 105 0.96606
00023.jpg 154 225 121 304 0.96597
00023.jpg 758 236 51 129 0.96528
00023.jpg 373 239 120 221 0.96448
00023.jpg 754 240 53 125 0.96413
00023.jpg 696 247 50 91 0.96413
00023.jpg 272 261 42 105 0.96275
00023.jpg 373 231 116 229 0.96273
00023.jpg 277 260 35 106 0.96270
00023.jpg 755 237 51 127 0.96254
00023.jpg 755 241 53 123 0.96254
00023.jpg 753 240 57 124 0.96222
00023.jpg 277 264 38 103 0.96177
00023.jpg 276 266 39 99 0.96130
00023.jpg 699 251 45 87 0.96082
00023.jpg 155 240 109 288 0.96047
00023.jpg 590 248 45 135 0.95984
00023.jpg 753 244 57 121 0.95877
00023.jpg 371 234 123 231 0.95874
00023.jpg 700 248 44 94 0.95864
00023.jpg 537 255 31 89 0.95843
00023.jpg 373 234 118 233 0.95714
00023.jpg 702 250 44 90 0.95693
00023.jpg 78 284 37 71 0.95680
00023.jpg 115 279 32 70 0.95659
00023.jpg 376 229 118 235 0.95494
00023.jpg 592 249 46 130 0.95491
00023.jpg 375 239 111 224 0.95473
00023.jpg 752 238 55 127 0.95410
00023.jpg 78 281 38 69 0.95302
00023.jpg 151 225 124 305 0.95184
00023.jpg 699 248 49 93 0.95149
00023.jpg 363 235 130 236 0.95146
00023.jpg 699 248 44 87 0.95105
00023.jpg 77 283 35 70 0.94924
00023.jpg 700 250 44 86 0.94906
00023.jpg 698 251 48 87 0.94883
00023.jpg 274 264 38 103 0.94865
00023.jpg 114 280 35 66 0.94733
00023.jpg 702 250 44 90 0.94677
00023.jpg 370 236 125 226 0.94644
00023.jpg 152 227 116 294 0.94578
00023.jpg 698 251 49 87 0.94509
00023.jpg 542 256 27 85 0.94413
00023.jpg 358 262 32 101 0.94277
00023.jpg 273 260 42 105 0.94232
00023.jpg 155 226 112 311 0.94186
00023.jpg 698 247 44 92 0.94068
00023.jpg 77 281 33 70 0.94051
00023.jpg 594 250 43 130 0.94020
00023.jpg 358 265 28 97 0.93992
00023.jpg 540 256 29 85 0.93918
00023.jpg 368 238 125 224 0.93905
00023.jpg 376 238 117 221 0.93799
00023.jpg 698 251 50 85 0.93625
00023.jpg 360 261 31 103 0.93400
00023.jpg 80 279 35 73 0.93316
00023.jpg 751 237 55 128 0.93254
00023.jpg 540 255 31 83 0.93194
00023.jpg 75 280 40 72 0.93105
00023.jpg 589 252 46 126 0.93045
00023.jpg 273 263 41 105 0.93024
00023.jpg 116 278 33 70 0.93007
00023.jpg 595 249 39 130 0.92969
00023.jpg 372 223 117 248 0.92884
00023.jpg 754 239 58 126 0.92858
00023.jpg 591 250 47 125 0.92797
00023.jpg 153 236 111 290 0.92784
00023.jpg 539 258 31 86 0.92521
00023.jpg 113 282 37 67 0.92336
00023.jpg 83 281 33 70 0.92269
00023.jpg 277 258 36 111 0.92203
00023.jpg 701 250 46 84 0.92200
00023.jpg 80 280 38 70 0.92168
00023.jpg 80 280 38 72 0.92164
00023.jpg 753 237 59 127 0.92129
00023.jpg 113 279 35 67 0.92088
00023.jpg 81 278 34 72 0.91943
00023.jpg 76 281 41 71 0.91871
00023.jpg 755 236 58 130 0.91833
00023.jpg 77 279 36 75 0.91786
00023.jpg 274 264 40 103 0.91774
00023.jpg 752 241 60 124 0.91619
00023.jpg 697 248 48 90 0.91552
00023.jpg 697 247 51 90 0.91401
00023.jpg 72 280 40 72 0.91302
00023.jpg 541 255 30 85 0.91210
00023.jpg 273 262 38 104 0.91133
00023.jpg 357 268 28 97 0.90973
00023.jpg 696 246 50 97 0.90957
00023.jpg 115 281 35 68 0.90846
00023.jpg 75 284 36 65 0.90799
00023.jpg 275 263 41 104 0.90784
00023.jpg 697 246 46 88 0.90777
00023.jpg 117 277 35 75 0.90583
00023.jpg 360 269 29 100 0.90541
00023.jpg 700 246 48 96 0.90496
00023.jpg 754 235 54 133 0.90467
00023.jpg 698 250 50 82 0.90398
00023.jpg 116 280 33 66 0.90394
00023.jpg 114 282 35 65 0.90378
00023.jpg 273 259 37 108 0.90311
00023.jpg 118 282 32 67 0.90304
00023.jpg 143 220 119 308 0.90067
00023.jpg 273 260 41 109 0.89853
00023.jpg 369 236 128 220 0.89846
00023.jpg 83 279 32 76 0.89810
00023.jpg 357 261 33 103 0.89739
00023.jpg 114 282 37 67 0.89687
00023.jpg 592 247 46 136 0.89507
00023.jpg 154 226 115 306 0.89467
00023.jpg 150 224 123 307 0.89389
00023.jpg 357 261 32 101 0.89360
00023.jpg 367 236 135 219 0.89318
00023.jpg 751 239 59 121 0.89203
00023.jpg 590 254 48 124 0.89191
00023.jpg 753 240 60 121 0.89052
00023.jpg 750 237 60 126 0.88865
00023.jpg 371 238 128 224 0.88713
00023.jpg 535 257 31 85 0.88311
00023.jpg 361 263 29 102 0.87902
00023.jpg 868 247 29 40 0.87737
00023.jpg 539 254 33 88 0.87727
00023.jpg 369 233 126 223 0.87567
00023.jpg 594 253 41 129 0.87458
00023.jpg 755 238 51 128 0.87448
00023.jpg 539 258 27 84 0.87405
00023.jpg 866 245 32 52 0.87250
00023.jpg 114 278 38 72 0.87129
00023.jpg 74 281 40 71 0.86961
00023.jpg 116 279 34 70 0.86868
00023.jpg 148 226 124 290 0.86822
00023.jpg 377 244 116 214 0.86754
00023.jpg 538 257 33 84 0.86701
00023.jpg 357 271 33 91 0.86651
00023.jpg 752 242 59 118 0.86548
00023.jpg 112 279 40 75 0.86391
00023.jpg 376 236 120 223 0.86071
00023.jpg 117 279 33 72 0.86004
00023.jpg 357 268 32 90 0.85961
00023.jpg 277 259 38 109 0.85897
00023.jpg 82 283 31 64 0.85789
00023.jpg 379 238 117 227 0.85722
00023.jpg 360 263 32 102 0.85609
00023.jpg 73 280 37 69 0.85469
00023.jpg 702 248 47 85 0.85241
00023.jpg 75 279 45 71 0.85217
00023.jpg 701 250 42 85 0.85212
00023.jpg 752 237 54 124 0.85195
00023.jpg 273 261 43 106 0.85126
00023.jpg 357 263 29 102 0.85073
00023.jpg 592 247 45 133 0.84944
00023.jpg 374 240 123 223 0.84895
00023.jpg 540 254 30 89 0.84829
00023.jpg 700 250 49 81 0.84637
00023.jpg 118 282 34 68 0.84486
00023.jpg 356 265 29 97 0.84461
00023.jpg 752 236 59 128 0.84105
00023.jpg 753 237 60 125 0.84086
00023.jpg 277 263 39 105 0.84037
00023.jpg 697 248 49 91 0.83860
00023.jpg 701 246 43 100 0.83784
00023.jpg 149 232 121 290 0.83746
00023.jpg 274 259 40 109 0.83638
00023.jpg 543 254 29 86 0.83557
00023.jpg 273 266 43 103 0.83288
00023.jpg 755 237 61 127 0.83234
00023.jpg 271 262 40 106 0.83192
00023.jpg 541 255 31 85 0.83022
00023.jpg 369 234 128 218 0.82970
00023.jpg 111 280 37 70 0.82911
00023.jpg 361 262 31 101 0.82817
00023.jpg 73 282 36 69 0.82684
00023.jpg 77 283 33 68 0.82516
00023.jpg 868 247 28 47 0.82402
00023.jpg 702 249 42 82 0.82400
00023.jpg 119 281 34 66 0.82290
00023.jpg 592 248 47 134 0.82255
00023.jpg 699 251 48 90 0.82092
00023.jpg 358 265 33 99 0.81997
00023.jpg 370 236 133 229 0.81439
00023.jpg 759 241 49 121 0.81145
00023.jpg 114 280 36 71 0.80784
00023.jpg 117 279 34 72 0.80171
00023.jpg 359 261 29 102 0.80016
00023.jpg 69 277 44 74 0.79984
00023.jpg 702 251 45 90 0.79949
00023.jpg 116 278 33 70 0.79515
00023.jpg 115 279 34 71 0.78849
00023.jpg 82 278 35 72 0.78835
00023.jpg 875 249 20 37 0.78662
00023.jpg 699 254 46 84 0.78491
00023.jpg 119 278 34 74 0.78397
00023.jpg 275 262 44 103 0.78317
00023.jpg 540 258 32 85 0.78255
00023.jpg 373 234 120 227 0.78247
00023.jpg 120 279 33 69 0.78032
00023.jpg 149 232 112 299 0.77922
00023.jpg 748 236 58 131 0.77890
00023.jpg 360 261 30 104 0.77790
00023.jpg 273 260 45 109 0.77706
00023.jpg 373 235 114 220 0.77538
00023.jpg 597 250 43 124 0.77187
00023.jpg 370 238 119 213 0.76875
00023.jpg 359 260 29 104 0.76671
00023.jpg 756 239 51 125 0.76660
00023.jpg 72 281 46 71 0.76589
00023.jpg 589 252 50 127 0.76361
00023.jpg 274 263 44 106 0.76046
00023.jpg 541 257 29 85 0.75988
00023.jpg 370 242 119 217 0.75377
00023.jpg 69 280 48 70 0.75161
00023.jpg 593 248 49 131 0.74986
00023.jpg 78 282 38 71 0.74968
00023.jpg 109 280 43 70 0.74731
00023.jpg 278 265 38 101 0.74585
00023.jpg 358 262 29 99 0.74331
00023.jpg 875 248 19 43 0.74099
00023.jpg 594 254 41 120 0.73704
00023.jpg 147 230 117 290 0.73409
00023.jpg 270 261 41 110 0.73298
00023.jpg 592 249 50 126 0.73289
00023.jpg 149 230 115 307 0.73051
00023.jpg 73 278 40 76 0.72947
00023.jpg 698 252 46 85 0.72713
00023.jpg 70 280 40 73 0.72533
00023.jpg 70 280 44 69 0.72460
00023.jpg 539 253 32 90 0.72330
00023.jpg 749 238 61 121 0.71797
00023.jpg 590 250 51 125 0.71621
00023.jpg 869 247 29 46 0.71329
00023.jpg 275 260 44 105 0.71222
00023.jpg 150 232 121 299 0.71150
00023.jpg 372 231 122 213 0.70918
00023.jpg 696 247 54 96 0.70907
00023.jpg 591 250 42 124 0.70479
00023.jpg 70 280 39 69 0.70417
00023.jpg 700 248 50 92 0.70345
00023.jpg 700 248 45 84 0.69718
00023.jpg 871 247 31 49 0.69669
00023.jpg 590 250 41 126 0.69418
00023.jpg 369 239 117 210 0.69230
00023.jpg 77 282 60 69 0.69208
00023.jpg 150 244 113 275 0.69070
00023.jpg 113 277 34 72 0.68922
00023.jpg 538 253 36 93 0.68881
00023.jpg 360 264 32 101 0.68819
00023.jpg 115 283 34 68 0.68677
00023.jpg 110 279 38 68 0.68109
00023.jpg 870 246 32 40 0.67947
00023.jpg 160 233 113 292 0.67880
00023.jpg 271 260 41 106 0.67678
00023.jpg 277 267 39 104 0.67418
00023.jpg 67 285 41 65 0.67408
00023.jpg 538 255 32 89 0.67203
00023.jpg 152 232 123 294 0.66991
00023.jpg 870 251 30 45 0.66941
00023.jpg 80 281 38 71 0.66342
00023.jpg 873 246 18 37 0.66250
00023.jpg 596 251 44 122 0.65776
00023.jpg 696 252 53 85 0.65458
00023.jpg 754 241 52 114 0.65265
00023.jpg 699 249 42 83 0.65116
00023.jpg 152 232 119 301 0.64741
00023.jpg 594 250 48 134 0.64418
00023.jpg 76 282 35 67 0.64380
00023.jpg 749 249 61 109 0.64102
00023.jpg 750 241 55 125 0.64043
00023.jpg 362 270 30 99 0.63953
00023.jpg 588 247 51 137 0.63583
00023.jpg 753 239 58 122 0.63533
00023.jpg 379 231 125 225 0.63288
00023.jpg 540 255 26 89 0.63226
00023.jpg 116 281 35 71 0.63209
00023.jpg 755 238 61 125 0.63186
00023.jpg 869 252 32 46 0.62936
00023.jpg 599 250 43 126 0.62607
00023.jpg 355 265 31 101 0.62563
00023.jpg 592 252 44 122 0.62519
00023.jpg 698 249 44 91 0.62470
00023.jpg 151 228 113 295 0.61929
00023.jpg 868 243 30 51 0.61445
00023.jpg 537 255 33 86 0.61271
00023.jpg 867 247 32 40 0.61181
00023.jpg 112 281 42 69 0.61161
00023.jpg 699 251 39 92 0.61079
00023.jpg 699 247 41 96 0.61007
00023.jpg 869 252 34 44 0.60922
00023.jpg 276 255 39 116 0.60851
00023.jpg 590 251 40 127 0.59806
00023.jpg 367 228 133 236 0.59794
00023.jpg 356 264 31 97 0.59716
00023.jpg 120 281 34 67 0.59510
00023.jpg 870 249 19 34 0.59419
00023.jpg 698 247 49 96 0.59400
00023.jpg 117 278 32 67 0.59327
00023.jpg 360 263 32 102 0.58460
00023.jpg 375 237 124 214 0.58197
00023.jpg 588 251 39 126 0.57654
00023.jpg 272 260 44 109 0.57431
00023.jpg 276 262 40 103 0.56931
00023.jpg 541 257 30 85 0.56154
00023.jpg 278 259 40 103 0.55836
00023.jpg 118 285 31 63 0.55379
00023.jpg 870 244 29 47 0.55012
00023.jpg 280 258 37 111 0.54894
00023.jpg 116 279 36 65 0.54301
00023.jpg 377 234 117 233 0.54229
00023.jpg 869 248 31 42 0.53711
00023.jpg 590 252 41 126 0.53326
00023.jpg 866 250 31 45 0.53077
00023.jpg 756 240 55 120 0.52873
00023.jpg 70 279 34 68 0.52632
00023.jpg 751 240 66 121 0.52410
00023.jpg 116 277 39 70 0.52394
00023.jpg 366 239 120 233 0.52165
00023.jpg 152 234 115 289 0.51602
00023.jpg 698 254 42 87 0.51480
00023.jpg 148 214 121 323 0.51271
00023.jpg 152 238 114 281 0.51217
00023.jpg 704 248 47 87 0.51109
00023.jpg 79 287 39 63 0.50968
00023.jpg 587 248 53 137 0.50948
00023.jpg 108 280 39 68 0.50507
00023.jpg 120 282 33 61 0.50335
00023.jpg 871 247 33 44 0.50230
00023.jpg 278 263 41 97 0.50216
00023.jpg 68 284 32 64 0.50093
00023.jpg 827 263 34 74 0.50001
