00037.jpg 327 258 101 206 0.99963
00037.jpg 594 238 59 138 0.99938
00037.jpg 595 241 56 132 0.99933
00037.jpg 66 243 112 272 0.99927
00037.jpg 72 240 107 275 0.99927
00037.jpg 325 261 106 201 0.99900
00037.jpg 71 243 105 273 0.99822
00037.jpg 71 245 109 275 0.99822
00037.jpg 777 238 47 130 0.99765
00037.jpg 597 240 56 135 0.99762
00037.jpg 599 241 51 132 0.99745
00037.jpg 284 264 37 102 0.99739
00037.jpg 326 260 105 201 0.99727
00037.jpg 772 239 54 121 0.99727
00037.jpg 327 260 105 209 0.99723
00037.jpg 537 253 30 90 0.99715
00037.jpg 326 261 104 199 0.99713
00037.jpg 78 238 99 278 0.99696
00037.jpg 73 245 100 270 0.99690
00037.jpg 78 238 103 281 0.99675
00037.jpg 771 241 54 120 0.99661
00037.jpg 330 260 98 210 0.99645
00037.jpg 598 235 55 138 0.99641
00037.jpg 778 240 49 122 0.99637
00037.jpg 327 266 105 198 0.99629
00037.jpg 599 239 53 136 0.99617
00037.jpg 536 255 30 87 0.99616
00037.jpg 72 243 104 272 0.99613
00037.jpg 79 249 101 263 0.99605
00037.jpg 285 262 34 99 0.99592
00037.jpg 73 239 106 282 0.99580
00037.jpg 75 241 104 275 0.99567
00037.jpg 711 250 46 84 0.99552
00037.jpg 77 241 103 278 0.99533
00037.jpg 332 256 95 213 0.99530
00037.jpg 596 238 55 136 0.99522
00037.jpg 321 260 113 208 0.99500
00037.jpg 78 233 99 284 0.99486
00037.jpg 330 260 96 207 0.99484
00037.jpg 768 236 62 130 0.99481
00037.jpg 598 240 52 132 0.99450
00037.jpg 75 244 107 274 0.99437
00037.jpg 598 240 54 133 0.99436
00037.jpg 598 236 54 140 0.99435
00037.jpg 73 238 101 285 0.99430
00037.jpg 536 254 30 87 0.99429
00037.jpg 73 242 101 281 0.99412
00037.jpg 598 241 55 128 0.99339
00037.jpg 326 260 101 207 0.99308
00037.jpg 76 246 99 273 0.99301
00037.jpg 774 241 49 124 0.99289
00037.jpg 772 238 56 124 0.99279
00037.jpg 598 240 51 135 0.99242
00037.jpg 332 266 95 200 0.99237
00037.jpg 598 240 52 133 0.99232
00037.jpg 79 241 93 280 0.99168
00037.jpg 592 237 60 135 0.99147
00037.jpg 77 247 95 267 0.99084
00037.jpg 76 248 103 270 0.99079
00037.jpg 772 239 50 123 0.99070
00037.jpg 287 260 35 107 0.99068
00037.jpg 598 241 56 133 0.99051
00037.jpg 596 234 55 141 0.99049
00037.jpg 322 264 108 202 0.99039
00037.jpg 771 244 55 116 0.99018
00037.jpg 594 240 59 126 0.98983
00037.jpg 74 245 104 267 0.98982
00037.jpg 773 241 50 122 0.98945
00037.jpg 75 243 101 271 0.98912
00037.jpg 327 261 102 201 0.98908
00037.jpg 285 263 38 102 0.98862
00037.jpg 774 239 52 122 0.98794
00037.jpg 327 264 105 202 0.98787
00037.jpg 332 262 98 202 0.98786
00037.jpg 325 257 104 205 0.98773
00037.jpg 708 245 47 89 0.98769
00037.jpg 74 243 103 269 0.98760
00037.jpg 324 254 99 216 0.98758
00037.jpg 597 238 57 137 0.98699
00037.jpg 323 267 107 186 0.98692
00037.jpg 595 240 55 133 0.98670
00037.jpg 771 240 54 120 0.98634
00037.jpg 75 251 102 269 0.98587
00037.jpg 600 240 49 133 0.98585
00037.jpg 597 238 55 141 0.98580
00037.jpg 598 236 51 140 0.98572
00037.jpg 72 243 105 283 0.98562
00037.jpg 327 257 98 212 0.98548
00037.jpg 707 251 49 85 0.98540
00037.jpg 773 239 52 119 0.98484
00037.jpg 535 257 31 86 0.98435
00037.jpg 328 262 106 206 0.98419
00037.jpg 285 264 36 97 0.98404
00037.jpg 327 262 102 197 0.98403
00037.jpg 324 266 103 200 0.98397
00037.jpg 773 238 52 126 0.98353
00037.jpg 325 263 101 202 0.98322
00037.jpg 325 259 101 203 0.98247
00037.jpg 707 252 46 84 0.98223
00037.jpg 597 237 54 135 0.98216
00037.jpg 709 250 43 86 0.98204
00037.jpg 285 261 36 102 0.98050
00037.jpg 708 248 49 82 0.98023
00037.jpg 594 237 60 141 0.97991
00037.jpg 772 236 49 129 0.97980
00037.jpg 285 260 39 103 0.97960
00037.jpg 74 234 105 283 0.97949
00037.jpg 326 256 103 213 0.97918
00037.jpg 706 248 49 86 0.97912
00037.jpg 772 235 55 131 0.97822
00037.jpg 285 264 36 101 0.97738
00037.jpg 77 237 97 284 0.97721
00037.jpg 332 265 96 194 0.97682
00037.jpg 772 238 53 123 0.97623
00037.jpg 600 241 47 131 0.97601
00037.jpg 326 266 106 192 0.97401
00037.jpg 706 248 53 86 0.97334
00037.jpg 773 238 51 124 0.97330
00037.jpg 706 251 51 83 0.97326
00037.jpg 770 237 58 124 0.97296
00037.jpg 775 239 50 123 0.97260
00037.jpg 708 251 48 87 0.97255
00037.jpg 327 263 103 202 0.97181
00037.jpg 771 236 55 127 0.97093
00037.jpg 75 241 106 277 0.97029
00037.jpg 283 266 34 97 0.97023
00037.jpg 707 247 49 85 0.97007
00037.jpg 596 241 55 134 0.97000
00037.jpg 773 239 53 126 0.96977
00037.jpg 769 241 55 118 0.96958
00037.jpg 283 262 33 106 0.96942
00037.jpg 73 237 97 279 0.96922
00037.jpg 536 257 30 82 0.96917
00037.jpg 329 265 96 201 0.96890
00037.jpg 598 242 50 129 0.96867
00037.jpg 71 243 104 268 0.96852
00037.jpg 706 248 50 84 0.96685
00037.jpg 326 262 101 208 0.96677
00037.jpg 597 243 55 131 0.96532
00037.jpg 598 239 53 137 0.96532
00037.jpg 708 251 48 87 0.96476
00037.jpg 597 241 54 131 0.96453
00037.jpg 323 251 103 215 0.96333
00037.jpg 595 240 59 130 0.96223
00037.jpg 322 262 108 199 0.96216
00037.jpg 769 240 59 123 0.96182
00037.jpg 706 247 49 93 0.96160
00037.jpg 282 261 37 101 0.96156
00037.jpg 537 254 30 89 0.96095
00037.jpg 286 265 34 100 0.96075
00037.jpg 593 240 56 136 0.95999
00037.jpg 536 259 30 81 0.95998
00037.jpg 280 262 41 102 0.95991
00037.jpg 79 240 98 281 0.95988
00037.jpg 706 246 50 88 0.95969
00037.jpg 536 254 31 88 0.95951
00037.jpg 285 262 36 104 0.95946
00037.jpg 600 239 53 132 0.95936
00037.jpg 284 265 38 96 0.95904
00037.jpg 594 236 54 140 0.95877
00037.jpg 597 239 53 135 0.95809
00037.jpg 535 253 33 89 0.95747
00037.jpg 707 250 47 88 0.95610
00037.jpg 325 267 108 192 0.95564
00037.jpg 596 241 55 136 0.95536
00037.jpg 768 239 59 119 0.95530
00037.jpg 284 262 36 101 0.95457
00037.jpg 537 254 31 87 0.95414
00037.jpg 536 256 30 86 0.95388
00037.jpg 329 261 105 201 0.95186
00037.jpg 535 254 33 89 0.95182
00037.jpg 769 241 58 119 0.95093
00037.jpg 772 243 53 120 0.94984
00037.jpg 711 248 43 87 0.94949
00037.jpg 771 243 53 117 0.94890
00037.jpg 76 242 99 276 0.94612
00037.jpg 596 237 57 141 0.94563
00037.jpg 284 264 37 100 0.94408
00037.jpg 536 256 31 85 0.94277
00037.jpg 769 243 57 119 0.94245
00037.jpg 537 256 29 85 0.94213
00037.jpg 708 252 45 84 0.94061
00037.jpg 282 263 37 105 0.94045
00037.jpg 597 239 56 132 0.93913
00037.jpg 771 241 57 119 0.93868
00037.jpg 283 265 39 97 0.93834
00037.jpg 536 256 31 85 0.93828
00037.jpg 73 238 101 283 0.93714
00037.jpg 537 256 30 84 0.93485
00037.jpg 775 237 48 126 0.93327
00037.jpg 774 232 51 133 0.93173
00037.jpg 75 238 98 282 0.93172
00037.jpg 538 255 30 85 0.93154
00037.jpg 772 238 54 123 0.93039
00037.jpg 283 261 35 98 0.92945
00037.jpg 328 266 98 202 0.92919
00037.jpg 286 262 36 102 0.92687
00037.jpg 283 263 35 98 0.92609
00037.jpg 770 240 56 124 0.92324
00037.jpg 774 240 52 122 0.92321
00037.jpg 536 257 33 81 0.92312
00037.jpg 772 238 53 128 0.92288
00037.jpg 707 249 50 83 0.92098
00037.jpg 770 244 57 116 0.91973
00037.jpg 771 236 57 129 0.91963
00037.jpg 770 237 55 125 0.91943
00037.jpg 326 262 104 200 0.91931
00037.jpg 778 238 48 125 0.91846
00037.jpg 76 238 106 279 0.91844
00037.jpg 324 261 112 206 0.91723
00037.jpg 535 255 30 84 0.91435
00037.jpg 706 250 54 81 0.91116
00037.jpg 709 250 53 82 0.91032
00037.jpg 287 261 34 103 0.90673
00037.jpg 284 271 33 94 0.90588
00037.jpg 329 262 95 201 0.90448
00037.jpg 596 243 55 130 0.90344
00037.jpg 600 240 50 131 0.90278
00037.jpg 284 268 35 93 0.90131
00037.jpg 284 261 37 104 0.90003
00037.jpg 66 244 114 276 0.89982
00037.jpg 284 263 39 97 0.89787
00037.jpg 710 246 47 86 0.89465
00037.jpg 594 243 55 129 0.89146
00037.jpg 287 261 34 103 0.89129
00037.jpg 703 249 56 87 0.88996
00037.jpg 592 241 62 132 0.88810
00037.jpg 706 250 53 83 0.88576
00037.jpg 328 267 99 196 0.88566
00037.jpg 330 250 96 222 0.88454
00037.jpg 771 247 53 112 0.88224
00037.jpg 72 241 103 269 0.88083
00037.jpg 329 275 102 184 0.87930
00037.jpg 330 269 93 193 0.87539
00037.jpg 707 252 49 84 0.87246
00037.jpg 597 239 55 140 0.87201
00037.jpg 709 248 50 81 0.86913
00037.jpg 708 251 43 86 0.86780
00037.jpg 705 252 46 82 0.86575
00037.jpg 704 253 50 71 0.86575
00037.jpg 284 266 33 98 0.86539
00037.jpg 73 239 102 268 0.86538
00037.jpg 75 241 97 277 0.85815
00037.jpg 598 242 50 132 0.85765
00037.jpg 706 248 49 93 0.85380
00037.jpg 775 238 53 123 0.85304
00037.jpg 284 262 39 102 0.84833
00037.jpg 76 240 101 273 0.84654
00037.jpg 705 252 53 89 0.84470
00037.jpg 284 265 38 99 0.84261
00037.jpg 535 256 32 82 0.84243
00037.jpg 320 256 106 211 0.83931
00037.jpg 710 245 51 88 0.83723
00037.jpg 772 237 55 128 0.83561
00037.jpg 325 260 104 212 0.83513
00037.jpg 777 238 50 120 0.83400
00037.jpg 766 240 59 119 0.82894
00037.jpg 539 256 30 82 0.82733
00037.jpg 77 246 104 271 0.82553
00037.jpg 538 257 29 83 0.82401
00037.jpg 76 244 107 260 0.82265
00037.jpg 593 239 58 139 0.82178
00037.jpg 322 266 101 197 0.82142
00037.jpg 320 265 111 192 0.82032
00037.jpg 534 253 32 87 0.81711
00037.jpg 594 238 57 136 0.81041
00037.jpg 596 237 58 142 0.80647
00037.jpg 534 257 31 81 0.79995
00037.jpg 707 250 49 89 0.79899
00037.jpg 768 238 56 121 0.79749
00037.jpg 334 259 95 210 0.79698
00037.jpg 771 239 51 125 0.79567
00037.jpg 594 236 56 138 0.77995
00037.jpg 771 236 52 129 0.77931
00037.jpg 67 234 103 279 0.77674
00037.jpg 711 253 48 86 0.77565
00037.jpg 709 251 44 79 0.77491
00037.jpg 74 245 97 270 0.77148
00037.jpg 593 240 59 134 0.77077
00037.jpg 326 260 96 204 0.77056
00037.jpg 776 239 47 123 0.76825
00037.jpg 762 248 56 113 0.76054
00037.jpg 325 259 109 215 0.75980
00037.jpg 710 250 50 80 0.75767
00037.jpg 594 235 59 135 0.75631
00037.jpg 69 246 110 274 0.75401
00037.jpg 598 232 54 141 0.75342
00037.jpg 767 236 55 124 0.75315
00037.jpg 533 255 37 87 0.75109
00037.jpg 327 266 96 192 0.74880
00037.jpg 601 237 53 141 0.74467
00037.jpg 710 247 48 83 0.74096
00037.jpg 707 252 47 69 0.73970
00037.jpg 776 239 52 120 0.72860
00037.jpg 323 255 109 212 0.72755
00037.jpg 706 250 50 79 0.72300
00037.jpg 533 258 35 78 0.72138
00037.jpg 706 250 53 77 0.71804
00037.jpg 775 243 54 119 0.71745
00037.jpg 284 263 35 101 0.71382
00037.jpg 537 252 30 92 0.71325
00037.jpg 71 235 106 271 0.70929
00037.jpg 764 242 68 114 0.70727
00037.jpg 711 251 44 90 0.70576
00037.jpg 774 242 53 111 0.70275
00037.jpg 769 242 55 110 0.69864
00037.jpg 283 263 41 101 0.69799
00037.jpg 710 248 51 92 0.69778
00037.jpg 770 242 51 113 0.69405
00037.jpg 82 244 96 276 0.69108
00037.jpg 710 249 45 81 0.68394
00037.jpg 325 260 92 206 0.68332
00037.jpg 68 239 107 277 0.68089
00037.jpg 534 259 32 83 0.67822
00037.jpg 706 252 53 86 0.67351
00037.jpg 534 258 32 84 0.67247
00037.jpg 79 238 102 267 0.67038
00037.jpg 287 261 38 99 0.66822
00037.jpg 601 237 51 137 0.66671
00037.jpg 770 239 54 124 0.66144
00037.jpg 282 266 40 100 0.65636
00037.jpg 537 253 31 85 0.65615
00037.jpg 533 255 32 89 0.65380
00037.jpg 285 259 38 106 0.65138
00037.jpg 69 248 102 272 0.64728
00037.jpg 708 251 41 87 0.64172
00037.jpg 535 252 31 91 0.63918
00037.jpg 331 268 94 186 0.63873
00037.jpg 705 248 56 79 0.63381
00037.jpg 704 252 54 89 0.63258
00037.jpg 769 240 54 119 0.62912
00037.jpg 66 243 119 274 0.62197
00037.jpg 290 265 33 98 0.62138
00037.jpg 324 258 101 212 0.61945
00037.jpg 703 246 57 96 0.61920
00037.jpg 77 242 103 276 0.61806
00037.jpg 73 243 105 267 0.61805
00037.jpg 286 262 39 99 0.61371
00037.jpg 327 268 100 182 0.60604
00037.jpg 599 237 58 139 0.58665
00037.jpg 284 266 31 100 0.58373
00037.jpg 707 251 42 81 0.58160
00037.jpg 537 256 34 82 0.57836
00037.jpg 595 240 59 129 0.57219
00037.jpg 703 255 44 83 0.55991
00037.jpg 593 238 58 135 0.55675
00037.jpg 323 256 108 214 0.55560
00037.jpg 279 259 43 109 0.55022
00037.jpg 78 243 89 268 0.54796
00037.jpg 711 246 48 82 0.54598
00037.jpg 706 254 57 85 0.54411
00037.jpg 595 243 54 125 0.54254
00037.jpg 770 240 54 111 0.54220
00037.jpg 69 245 96 262 0.53776
00037.jpg 281 263 33 100 0.53650
00037.jpg 775 239 53 122 0.53540
00037.jpg 322 264 101 185 0.53312
00037.jpg 597 246 51 125 0.53178
00037.jpg 706 247 43 87 0.52850
00037.jpg 72 238 107 270 0.52778
00037.jpg 364 269 33 31 0.52049
00037.jpg 281 266 43 98 0.51925
00037.jpg 588 240 65 140 0.51829
00037.jpg 589 238 61 131 0.51119
00037.jpg 592 241 57 138 0.50819
00037.jpg 538 252 31 90 0.50098
00037.jpg 598 237 57 133 0.50083
