00042.jpg 609 241 59 131 0.99986
00042.jpg 611 240 57 133 0.99879
00042.jpg 784 236 46 135 0.99860
00042.jpg 540 254 34 90 0.99820
00042.jpg 714 248 52 90 0.99788
00042.jpg 3 244 159 277 0.99778
00042.jpg 785 234 50 134 0.99758
00042.jpg 2 245 153 278 0.99755
00042.jpg 780 240 53 125 0.99744
00042.jpg 782 236 50 127 0.99736
00042.jpg 539 255 33 86 0.99722
00042.jpg 608 242 57 125 0.99682
00042.jpg 538 253 34 89 0.99680
00042.jpg 713 249 49 90 0.99672
00042.jpg 607 240 60 126 0.99670
00042.jpg 284 262 119 212 0.99640
00042.jpg 780 237 52 127 0.99638
00042.jpg 2 237 163 289 0.99607
00042.jpg 608 240 60 133 0.99595
00042.jpg 607 243 59 124 0.99569
00042.jpg 782 238 52 126 0.99543
00042.jpg 291 252 111 228 0.99523
00042.jpg 374 269 38 97 0.99500
00042.jpg 608 243 57 128 0.99470
00042.jpg 611 240 57 126 0.99459
00042.jpg 0 244 160 276 0.99453
00042.jpg 284 256 113 221 0.99452
00042.jpg 0 238 161 282 0.99424
00042.jpg 3 243 159 276 0.99414
00042.jpg 609 243 58 126 0.99392
00042.jpg 4 242 162 281 0.99388
00042.jpg 12 231 150 285 0.99379
00042.jpg 610 241 59 127 0.99339
00042.jpg 539 253 36 92 0.99333
00042.jpg 8 238 152 270 0.99305
00042.jpg 5 241 156 278 0.99297
00042.jpg 613 242 48 127 0.99295
00042.jpg 3 246 159 274 0.99291
00042.jpg 3 241 164 272 0.99261
00042.jpg 6 243 152 280 0.99196
00042.jpg 0 241 162 282 0.99170
00042.jpg 281 264 121 212 0.99099
00042.jpg 285 262 120 214 0.99095
00042.jpg 717 248 45 89 0.99087
00042.jpg 784 238 50 124 0.99078
00042.jpg 611 240 55 125 0.99064
00042.jpg 282 264 122 218 0.98981
00042.jpg 285 259 124 221 0.98958
00042.jpg 612 241 56 128 0.98949
00042.jpg 784 239 48 127 0.98881
00042.jpg 716 249 45 88 0.98872
00042.jpg 782 237 54 129 0.98859
00042.jpg 610 242 57 131 0.98830
00042.jpg 783 238 49 126 0.98784
00042.jpg 608 242 60 128 0.98769
00042.jpg 784 238 48 128 0.98728
00042.jpg 608 243 59 125 0.98722
00042.jpg 283 255 121 220 0.98692
00042.jpg 287 255 118 224 0.98682
00042.jpg 718 246 45 92 0.98679
00042.jpg 609 243 57 127 0.98673
00042.jpg 783 239 47 125 0.98653
00042.jpg 541 256 32 88 0.98635
00042.jpg 284 257 116 219 0.98631
00042.jpg 9 238 149 292 0.98629
00042.jpg 783 236 48 128 0.98625
00042.jpg 284 264 114 216 0.98555
00042.jpg 0 246 167 274 0.98531
00042.jpg 1 239 163 281 0.98522
00042.jpg 287 258 111 222 0.98518
00042.jpg 287 257 111 223 0.98486
00042.jpg 608 242 59 127 0.98483
00042.jpg 12 238 137 273 0.98469
00042.jpg 2 231 158 292 0.98445
00042.jpg 785 236 49 132 0.98426
00042.jpg 0 246 161 272 0.98388
00042.jpg 540 256 33 87 0.98361
00042.jpg 8 233 151 281 0.98354
00042.jpg 716 247 46 91 0.98329
00042.jpg 606 242 59 126 0.98294
00042.jpg 609 241 59 128 0.98293
00042.jpg 611 239 57 130 0.98291
00042.jpg 290 257 104 213 0.98290
00042.jpg 785 242 46 120 0.98277
00042.jpg 288 256 117 218 0.98270
00042.jpg 605 242 62 131 0.98256
00042.jpg 610 240 59 129 0.98253
00042.jpg 542 253 32 87 0.98205
00042.jpg 0 243 163 287 0.98188
00042.jpg 283 264 123 210 0.98173
00042.jpg 3 244 158 280 0.98157
00042.jpg 6 245 149 277 0.98151
00042.jpg 289 256 109 223 0.98138
00042.jpg 540 256 34 85 0.98108
00042.jpg 278 258 132 224 0.98106
00042.jpg 714 248 49 92 0.98100
00042.jpg 0 241 164 284 0.98092
00042.jpg 607 245 64 125 0.98090
00042.jpg 782 237 51 127 0.98086
00042.jpg 783 239 49 129 0.98050
00042.jpg 1 245 162 276 0.98038
00042.jpg 718 248 41 91 0.98014
00042.jpg 282 258 120 212 0.98009
00042.jpg 783 238 51 131 0.98008
00042.jpg 7 243 150 277 0.97952
00042.jpg 538 255 38 89 0.97892
00042.jpg 4 243 156 279 0.97844
00042.jpg 609 241 58 125 0.97826
00042.jpg 717 247 47 94 0.97822
00042.jpg 0 238 170 280 0.97798
00042.jpg 292 265 34 102 0.97790
00042.jpg 284 253 118 223 0.97775
00042.jpg 715 250 51 86 0.97751
00042.jpg 715 246 46 90 0.97750
00042.jpg 607 241 61 132 0.97730
00042.jpg 781 236 52 132 0.97692
00042.jpg 2 239 163 281 0.97646
00042.jpg 781 238 54 126 0.97581
00042.jpg 783 242 50 123 0.97553
00042.jpg 611 240 57 132 0.97497
00042.jpg 718 251 42 86 0.97488
00042.jpg 714 247 51 91 0.97433
00042.jpg 292 259 105 217 0.97380
00042.jpg 289 263 118 214 0.97367
00042.jpg 538 255 33 88 0.97266
00042.jpg 295 263 100 205 0.97233
00042.jpg 373 266 35 96 0.97107
00042.jpg 784 240 51 124 0.97046
00042.jpg 714 247 47 90 0.96989
00042.jpg 783 236 49 128 0.96909
00042.jpg 607 241 59 127 0.96889
00042.jpg 293 257 103 220 0.96881
00042.jpg 293 254 103 225 0.96866
00042.jpg 781 240 54 124 0.96807
00042.jpg 541 253 35 89 0.96770
00042.jpg 540 252 31 92 0.96747
00042.jpg 540 252 32 90 0.96705
00042.jpg 372 264 38 102 0.96625
00042.jpg 282 252 119 229 0.96562
00042.jpg 289 245 111 235 0.96543
00042.jpg 0 241 165 283 0.96540
00042.jpg 124 283 25 70 0.96497
00042.jpg 715 246 50 92 0.96438
00042.jpg 607 239 59 131 0.96282
00042.jpg 607 238 62 132 0.96202
00042.jpg 717 246 49 92 0.96185
00042.jpg 373 265 35 99 0.96149
00042.jpg 718 250 44 88 0.95701
00042.jpg 609 243 58 130 0.95676
00042.jpg 716 248 46 89 0.95667
00042.jpg 290 262 112 213 0.95648
00042.jpg 781 237 53 126 0.95647
00042.jpg 718 246 48 91 0.95469
00042.jpg 539 257 34 84 0.95380
00042.jpg 608 241 60 133 0.95320
00042.jpg 609 243 60 126 0.95319
00042.jpg 291 264 33 102 0.95237
00042.jpg 374 260 36 101 0.95214
00042.jpg 288 257 115 221 0.95045
00042.jpg 716 245 48 92 0.94939
00042.jpg 291 265 38 102 0.94919
00042.jpg 538 254 32 92 0.94748
00042.jpg 785 237 45 129 0.94563
00042.jpg 540 255 36 88 0.94562
00042.jpg 286 259 116 224 0.94472
00042.jpg 372 268 38 96 0.94372
00042.jpg 717 247 46 88 0.94266
00042.jpg 540 251 34 93 0.94242
00042.jpg 291 266 32 99 0.94118
00042.jpg 719 248 45 89 0.94073
00042.jpg 282 261 124 222 0.94012
00042.jpg 284 255 120 225 0.93943
00042.jpg 607 242 63 129 0.93808
00042.jpg 541 254 34 87 0.93799
00042.jpg 282 256 120 221 0.93608
00042.jpg 783 239 49 126 0.93576
00042.jpg 604 243 63 121 0.93544
00042.jpg 2 238 162 293 0.93512
00042.jpg 291 264 35 101 0.93502
00042.jpg 782 235 49 129 0.93450
00042.jpg 294 269 107 197 0.93418
00042.jpg 283 255 125 222 0.93192
00042.jpg 715 246 45 87 0.93190
00042.jpg 6 244 147 280 0.92951
00042.jpg 783 237 49 129 0.92925
00042.jpg 782 238 53 128 0.92904
00042.jpg 785 237 51 128 0.92830
00042.jpg 291 262 34 102 0.92746
00042.jpg 611 240 57 128 0.92652
00042.jpg 283 257 121 227 0.92587
00042.jpg 717 246 47 91 0.92540
00042.jpg 611 242 53 131 0.92113
00042.jpg 716 250 50 90 0.92011
00042.jpg 3 241 161 275 0.91956
00042.jpg 371 264 39 98 0.91932
00042.jpg 782 240 50 122 0.91926
00042.jpg 291 265 115 209 0.91881
00042.jpg 288 257 118 224 0.91858
00042.jpg 6 242 159 281 0.91806
00042.jpg 370 262 40 100 0.91795
00042.jpg 120 281 31 78 0.91751
00042.jpg 290 264 38 103 0.91687
00042.jpg 538 255 37 87 0.91661
00042.jpg 539 256 32 86 0.91550
00042.jpg 292 264 33 103 0.91428
00042.jpg 16 241 142 262 0.91298
00042.jpg 3 244 158 275 0.91291
00042.jpg 538 256 33 88 0.91257
00042.jpg 292 262 37 102 0.91257
00042.jpg 715 249 49 90 0.91172
00042.jpg 289 256 109 221 0.90991
00042.jpg 606 245 65 123 0.90972
00042.jpg 374 264 36 95 0.90861
00042.jpg 287 260 112 215 0.90543
00042.jpg 291 256 111 220 0.90349
00042.jpg 612 239 57 133 0.90268
00042.jpg 373 264 34 99 0.90256
00042.jpg 615 240 53 128 0.89971
00042.jpg 540 249 32 96 0.89833
00042.jpg 121 284 30 74 0.89771
00042.jpg 717 248 42 85 0.89493
00042.jpg 373 265 36 94 0.89450
00042.jpg 374 267 35 86 0.89242
00042.jpg 293 265 30 101 0.89178
00042.jpg 1 242 165 273 0.89117
00042.jpg 781 238 55 127 0.89012
00042.jpg 605 238 58 135 0.88999
00042.jpg 714 246 54 82 0.88899
00042.jpg 118 282 29 73 0.88892
00042.jpg 6 242 160 281 0.88850
00042.jpg 785 241 50 122 0.88817
00042.jpg 376 263 35 95 0.88798
00042.jpg 781 235 52 129 0.88798
00042.jpg 289 267 33 103 0.88788
00042.jpg 293 263 105 210 0.88699
00042.jpg 376 265 35 93 0.88662
00042.jpg 6 240 159 278 0.88540
00042.jpg 291 261 37 103 0.88459
00042.jpg 712 249 53 84 0.88397
00042.jpg 609 241 55 127 0.88388
00042.jpg 5 246 157 273 0.88342
00042.jpg 374 266 37 96 0.88293
00042.jpg 611 240 57 128 0.88208
00042.jpg 614 242 47 130 0.88168
00042.jpg 277 261 132 216 0.88167
00042.jpg 607 238 58 134 0.88077
00042.jpg 785 238 47 127 0.88017
00042.jpg 292 263 33 100 0.87877
00042.jpg 288 257 109 219 0.87772
00042.jpg 376 261 34 104 0.87598
00042.jpg 874 240 30 47 0.87425
00042.jpg 372 267 41 94 0.87398
00042.jpg 291 260 38 106 0.87365
00042.jpg 541 255 32 86 0.87312
00042.jpg 714 248 52 85 0.87243
00042.jpg 119 283 32 74 0.87177
00042.jpg 119 282 33 74 0.87100
00042.jpg 372 265 39 97 0.87076
00042.jpg 715 243 48 100 0.86982
00042.jpg 717 246 50 88 0.86898
00042.jpg 870 245 30 46 0.86518
00042.jpg 786 244 48 119 0.86333
00042.jpg 717 250 47 80 0.86175
00042.jpg 292 266 35 102 0.86122
00042.jpg 540 252 32 89 0.86100
00042.jpg 372 264 37 97 0.86063
00042.jpg 874 242 28 51 0.86058
00042.jpg 786 237 47 130 0.86039
00042.jpg 293 259 35 107 0.85695
00042.jpg 782 238 55 124 0.85681
00042.jpg 378 270 33 95 0.85470
00042.jpg 6 235 149 291 0.85346
00042.jpg 292 263 32 101 0.85190
00042.jpg 785 240 48 123 0.84927
00042.jpg 716 249 45 87 0.84912
00042.jpg 294 265 35 101 0.84510
00042.jpg 871 243 32 47 0.84506
00042.jpg 715 247 49 86 0.84470
00042.jpg 786 236 50 129 0.84290
00042.jpg 540 255 31 86 0.84274
00042.jpg 606 239 65 127 0.84269
00042.jpg 717 249 44 88 0.83907
00042.jpg 291 264 34 105 0.83892
00042.jpg 0 242 163 277 0.83835
00042.jpg 536 253 35 93 0.83654
00042.jpg 122 285 29 70 0.83419
00042.jpg 603 242 67 123 0.83353
00042.jpg 286 264 114 204 0.83330
00042.jpg 783 239 50 127 0.83298
00042.jpg 782 238 54 126 0.83204
00042.jpg 280 253 123 226 0.82923
00042.jpg 285 254 110 229 0.82769
00042.jpg 120 279 31 75 0.82637
00042.jpg 716 249 47 90 0.82563
00042.jpg 611 245 54 124 0.82416
00042.jpg 879 244 19 40 0.82393
00042.jpg 287 249 114 237 0.82382
00042.jpg 291 268 37 96 0.82380
00042.jpg 3 247 159 278 0.82363
00042.jpg 293 269 37 99 0.82289
00042.jpg 871 237 30 57 0.81941
00042.jpg 604 248 60 120 0.81262
00042.jpg 781 237 54 128 0.80554
00042.jpg 782 242 49 124 0.80482
00042.jpg 376 262 36 100 0.80219
00042.jpg 602 239 67 130 0.80062
00042.jpg 114 281 32 74 0.80003
00042.jpg 289 267 35 96 0.79879
00042.jpg 123 280 29 79 0.79801
00042.jpg 374 262 35 94 0.79514
00042.jpg 289 265 39 103 0.79495
00042.jpg 542 251 32 92 0.79399
00042.jpg 539 256 33 86 0.79377
00042.jpg 781 235 52 133 0.79279
00042.jpg 121 279 32 73 0.79168
00042.jpg 605 243 59 124 0.78846
00042.jpg 4 241 163 278 0.78609
00042.jpg 713 249 48 93 0.78564
00042.jpg 5 251 155 255 0.78472
00042.jpg 291 261 111 211 0.78452
00042.jpg 873 243 32 44 0.78403
00042.jpg 605 239 65 130 0.78389
00042.jpg 291 265 33 104 0.78115
00042.jpg 292 261 106 200 0.77690
00042.jpg 871 239 35 52 0.77681
00042.jpg 776 246 52 117 0.77528
00042.jpg 543 255 32 86 0.77427
00042.jpg 781 239 54 125 0.77382
00042.jpg 378 264 30 90 0.76973
00042.jpg 291 266 35 97 0.76923
00042.jpg 372 264 35 75 0.76620
00042.jpg 374 265 39 98 0.76609
00042.jpg 612 245 48 124 0.75868
00042.jpg 783 235 53 134 0.75714
00042.jpg 122 283 31 71 0.75693
00042.jpg 294 259 34 110 0.75270
00042.jpg 288 266 40 99 0.74988
00042.jpg 373 264 32 95 0.74656
00042.jpg 540 256 34 87 0.74208
00042.jpg 7 248 153 278 0.74191
00042.jpg 607 241 57 127 0.74150
00042.jpg 871 241 33 44 0.73829
00042.jpg 606 243 62 120 0.73358
00042.jpg 119 280 31 74 0.73316
00042.jpg 714 247 51 91 0.73124
00042.jpg 120 286 29 70 0.72423
00042.jpg 117 278 36 77 0.71933
00042.jpg 374 264 38 98 0.71530
00042.jpg 609 245 56 123 0.71388
00042.jpg 284 256 124 223 0.71107
00042.jpg 372 266 39 104 0.70265
00042.jpg 777 245 61 120 0.70225
00042.jpg 717 245 45 83 0.69997
00042.jpg 605 242 63 126 0.69045
00042.jpg 371 268 41 98 0.68937
00042.jpg 874 241 32 45 0.68615
00042.jpg 377 264 36 99 0.68600
00042.jpg 8 240 158 288 0.68578
00042.jpg 283 254 120 228 0.68218
00042.jpg 872 238 29 54 0.67999
00042.jpg 125 281 28 71 0.67643
00042.jpg 286 257 125 226 0.67446
00042.jpg 124 287 27 67 0.67442
00042.jpg 868 241 35 58 0.67371
00042.jpg 873 244 32 41 0.66940
00042.jpg 294 261 33 105 0.66525
00042.jpg 876 241 26 54 0.66269
00042.jpg 285 260 105 212 0.65650
00042.jpg 541 257 31 82 0.65070
00042.jpg 373 266 39 94 0.64584
00042.jpg 876 245 27 50 0.64570
00042.jpg 601 239 69 123 0.64533
00042.jpg 294 269 34 96 0.64298
00042.jpg 712 249 51 78 0.64080
00042.jpg 123 283 31 68 0.63500
00042.jpg 876 240 29 57 0.63424
00042.jpg 871 240 32 60 0.63282
00042.jpg 876 243 19 40 0.63254
00042.jpg 289 260 115 213 0.62863
00042.jpg 290 261 35 106 0.62492
00042.jpg 373 260 35 108 0.62152
00042.jpg 290 266 33 101 0.62116
00042.jpg 116 277 33 80 0.62110
00042.jpg 6 255 147 258 0.61848
00042.jpg 8 237 149 278 0.61747
00042.jpg 299 264 32 103 0.61451
00042.jpg 294 266 34 102 0.61160
00042.jpg 716 249 49 81 0.60978
00042.jpg 5 246 152 274 0.60800
00042.jpg 613 248 57 121 0.60566
00042.jpg 4 230 146 296 0.60507
00042.jpg 114 281 37 75 0.60506
00042.jpg 785 236 53 125 0.60504
00042.jpg 781 237 54 124 0.60434
00042.jpg 369 266 43 104 0.60206
00042.jpg 613 239 53 123 0.59956
00042.jpg 871 243 32 46 0.59833
00042.jpg 871 239 32 44 0.59747
00042.jpg 538 253 37 91 0.59677
00042.jpg 781 239 56 135 0.59673
00042.jpg 280 256 125 206 0.59648
00042.jpg 284 254 111 222 0.59556
00042.jpg 872 239 29 58 0.59438
00042.jpg 368 267 39 97 0.59019
00042.jpg 535 256 35 83 0.58726
00042.jpg 604 244 58 126 0.58343
00042.jpg 871 241 29 46 0.57972
00042.jpg 370 264 44 105 0.57927
00042.jpg 370 262 39 113 0.57448
00042.jpg 717 247 48 84 0.56817
00042.jpg 872 244 33 59 0.56428
00042.jpg 14 246 137 267 0.56425
00042.jpg 871 240 27 52 0.56216
00042.jpg 116 280 32 73 0.56131
00042.jpg 713 250 45 83 0.55615
00042.jpg 279 251 127 227 0.55358
00042.jpg 783 237 55 124 0.54230
00042.jpg 122 289 29 67 0.53920
00042.jpg 870 241 36 56 0.53858
00042.jpg 372 263 35 88 0.53754
00042.jpg 113 278 37 78 0.53361
00042.jpg 615 240 57 132 0.53336
00042.jpg 716 246 52 82 0.53194
00042.jpg 117 281 30 77 0.53086
00042.jpg 278 249 127 234 0.52558
00042.jpg 542 250 36 89 0.52427
00042.jpg 118 277 34 79 0.52382
00042.jpg 715 249 44 86 0.51356
00042.jpg 289 267 29 97 0.51176
00042.jpg 289 261 35 104 0.50665
00042.jpg 115 283 31 72 0.50344
00042.jpg 778 243 52 116 0.50262
00042.jpg 717 243 48 84 0.50201
00042.jpg 782 238 54 124 0.50144
