00041.jpg 606 240 54 132 0.99942
00041.jpg 611 239 52 137 0.99891
00041.jpg 778 238 52 128 0.99889
00041.jpg 782 241 46 129 0.99884
00041.jpg 606 241 56 127 0.99862
00041.jpg 539 254 34 88 0.99826
00041.jpg 778 235 57 131 0.99803
00041.jpg 301 257 106 210 0.99803
00041.jpg 537 253 34 87 0.99800
00041.jpg 606 241 56 131 0.99781
00041.jpg 612 241 48 129 0.99753
00041.jpg 783 240 47 127 0.99739
00041.jpg 539 255 30 87 0.99676
00041.jpg 606 235 60 137 0.99659
00041.jpg 21 238 141 281 0.99641
00041.jpg 22 238 139 286 0.99634
00041.jpg 606 241 57 129 0.99608
00041.jpg 18 238 137 283 0.99603
00041.jpg 607 238 53 132 0.99597
00041.jpg 781 237 50 129 0.99571
00041.jpg 29 236 131 287 0.99558
00041.jpg 21 238 138 285 0.99542
00041.jpg 606 241 54 127 0.99537
00041.jpg 296 263 120 193 0.99508
00041.jpg 536 255 36 87 0.99440
00041.jpg 296 258 118 217 0.99440
00041.jpg 17 236 146 285 0.99391
00041.jpg 781 238 52 125 0.99374
00041.jpg 20 245 139 280 0.99362
00041.jpg 780 237 52 127 0.99333
00041.jpg 296 257 108 218 0.99293
00041.jpg 781 237 49 128 0.99292
00041.jpg 295 255 111 212 0.99284
00041.jpg 18 245 145 280 0.99270
00041.jpg 606 244 57 126 0.99256
00041.jpg 605 239 60 134 0.99243
00041.jpg 25 244 133 280 0.99241
00041.jpg 297 263 115 205 0.99181
00041.jpg 20 242 136 277 0.99176
00041.jpg 780 238 52 125 0.99175
00041.jpg 782 236 50 128 0.99163
00041.jpg 19 241 138 282 0.99150
00041.jpg 779 236 53 131 0.99141
00041.jpg 781 235 52 130 0.99132
00041.jpg 299 259 115 207 0.99124
00041.jpg 710 246 57 89 0.99089
00041.jpg 784 237 48 130 0.99077
00041.jpg 716 247 43 89 0.99067
00041.jpg 609 240 52 131 0.99043
00041.jpg 780 241 56 127 0.99011
00041.jpg 606 240 57 130 0.99010
00041.jpg 782 238 49 127 0.99001
00041.jpg 15 236 148 292 0.98976
00041.jpg 300 260 111 206 0.98958
00041.jpg 607 239 55 132 0.98956
00041.jpg 604 237 61 136 0.98940
00041.jpg 19 241 139 283 0.98896
00041.jpg 605 239 61 130 0.98826
00041.jpg 302 258 108 213 0.98816
00041.jpg 783 238 47 128 0.98798
00041.jpg 20 241 142 278 0.98796
00041.jpg 710 249 50 89 0.98795
00041.jpg 294 258 118 214 0.98790
00041.jpg 608 240 55 127 0.98713
00041.jpg 712 248 50 84 0.98712
00041.jpg 715 244 48 86 0.98643
00041.jpg 303 251 111 216 0.98637
00041.jpg 541 251 29 92 0.98628
00041.jpg 782 236 50 129 0.98513
00041.jpg 537 254 37 87 0.98493
00041.jpg 294 257 121 218 0.98430
00041.jpg 297 259 115 202 0.98426
00041.jpg 16 238 140 283 0.98421
00041.jpg 782 238 46 127 0.98359
00041.jpg 303 259 109 210 0.98346
00041.jpg 291 266 33 100 0.98334
00041.jpg 19 245 143 281 0.98304
00041.jpg 608 239 53 132 0.98255
00041.jpg 608 236 55 135 0.98241
00041.jpg 21 249 135 273 0.98201
00041.jpg 15 240 145 281 0.98167
00041.jpg 781 240 50 123 0.98132
00041.jpg 610 236 52 137 0.98132
00041.jpg 20 234 142 299 0.98127
00041.jpg 299 250 115 221 0.98108
00041.jpg 299 266 114 199 0.98091
00041.jpg 539 256 34 84 0.98084
00041.jpg 609 239 53 133 0.98067
00041.jpg 23 238 133 284 0.98062
00041.jpg 21 238 136 281 0.98021
00041.jpg 27 242 133 285 0.97988
00041.jpg 608 241 53 131 0.97941
00041.jpg 781 238 49 129 0.97938
00041.jpg 780 240 52 125 0.97915
00041.jpg 781 236 49 130 0.97909
00041.jpg 780 241 52 124 0.97896
00041.jpg 300 257 107 206 0.97829
00041.jpg 21 237 147 284 0.97818
00041.jpg 296 256 122 215 0.97759
00041.jpg 303 259 103 203 0.97724
00041.jpg 18 244 145 286 0.97687
00041.jpg 21 237 136 280 0.97666
00041.jpg 780 240 54 124 0.97612
00041.jpg 298 267 109 196 0.97610
00041.jpg 298 259 119 208 0.97602
00041.jpg 611 238 52 132 0.97562
00041.jpg 717 241 43 97 0.97544
00041.jpg 609 235 52 139 0.97506
00041.jpg 18 233 136 300 0.97373
00041.jpg 305 261 104 208 0.97331
00041.jpg 19 239 139 288 0.97328
00041.jpg 539 252 31 91 0.97310
00041.jpg 19 243 142 269 0.97274
00041.jpg 540 254 29 92 0.97220
00041.jpg 123 287 27 70 0.97190
00041.jpg 24 238 128 289 0.97087
00041.jpg 17 238 138 290 0.97055
00041.jpg 299 254 113 210 0.96988
00041.jpg 607 242 57 129 0.96944
00041.jpg 298 254 107 212 0.96874
00041.jpg 602 237 61 136 0.96868
00041.jpg 27 241 132 281 0.96836
00041.jpg 714 249 48 86 0.96835
00041.jpg 605 242 62 127 0.96782
00041.jpg 298 257 119 216 0.96772
00041.jpg 605 241 54 131 0.96653
00041.jpg 783 239 47 126 0.96637
00041.jpg 21 250 133 265 0.96622
00041.jpg 299 257 108 215 0.96567
00041.jpg 782 241 51 121 0.96515
00041.jpg 538 255 34 88 0.96501
00041.jpg 18 240 142 283 0.96488
00041.jpg 298 255 114 213 0.96480
00041.jpg 717 248 43 88 0.96467
00041.jpg 287 264 38 101 0.96391
00041.jpg 304 256 104 212 0.96384
00041.jpg 19 241 141 284 0.96353
00041.jpg 23 244 141 283 0.96343
00041.jpg 539 252 31 90 0.96305
00041.jpg 299 252 116 213 0.96274
00041.jpg 540 253 30 91 0.96203
00041.jpg 539 252 32 92 0.96158
00041.jpg 298 250 117 219 0.96148
00041.jpg 289 265 32 98 0.96111
00041.jpg 782 235 51 131 0.96099
00041.jpg 290 265 36 97 0.96024
00041.jpg 539 248 32 96 0.96007
00041.jpg 536 251 39 91 0.95986
00041.jpg 713 246 52 88 0.95975
00041.jpg 607 240 56 128 0.95971
00041.jpg 308 263 103 203 0.95923
00041.jpg 540 251 32 92 0.95922
00041.jpg 293 267 33 99 0.95857
00041.jpg 716 247 45 85 0.95845
00041.jpg 20 240 141 275 0.95794
00041.jpg 293 261 32 105 0.95737
00041.jpg 302 259 106 207 0.95704
00041.jpg 610 240 52 130 0.95668
00041.jpg 783 242 46 122 0.95581
00041.jpg 611 244 47 124 0.95554
00041.jpg 780 241 52 123 0.95520
00041.jpg 718 248 43 82 0.95437
00041.jpg 18 234 144 288 0.95404
00041.jpg 605 243 59 123 0.95399
00041.jpg 289 262 35 108 0.95384
00041.jpg 714 248 47 87 0.95323
00041.jpg 295 259 119 210 0.95317
00041.jpg 292 264 32 107 0.95276
00041.jpg 716 243 42 96 0.95245
00041.jpg 299 256 120 209 0.95237
00041.jpg 122 285 27 70 0.95219
00041.jpg 25 241 126 286 0.95214
00041.jpg 290 267 37 100 0.95184
00041.jpg 779 237 53 127 0.95152
00041.jpg 783 237 49 127 0.95058
00041.jpg 606 241 58 126 0.95054
00041.jpg 295 259 120 211 0.95044
00041.jpg 716 247 45 87 0.94933
00041.jpg 715 248 49 81 0.94888
00041.jpg 537 256 34 83 0.94879
00041.jpg 608 238 55 130 0.94804
00041.jpg 291 262 33 103 0.94793
00041.jpg 122 289 26 63 0.94773
00041.jpg 609 239 55 128 0.94747
00041.jpg 611 235 52 139 0.94283
00041.jpg 297 262 121 204 0.94054
00041.jpg 608 240 56 129 0.93814
00041.jpg 608 240 54 133 0.93712
00041.jpg 289 264 33 103 0.93598
00041.jpg 296 263 115 197 0.93594
00041.jpg 299 261 115 201 0.93541
00041.jpg 300 255 113 219 0.93528
00041.jpg 15 245 151 279 0.93466
00041.jpg 780 240 53 123 0.93457
00041.jpg 291 264 35 103 0.93390
00041.jpg 610 242 54 125 0.93068
00041.jpg 780 237 53 128 0.92860
00041.jpg 123 288 27 65 0.92780
00041.jpg 296 263 115 199 0.92644
00041.jpg 778 240 57 123 0.92644
00041.jpg 539 252 33 88 0.92611
00041.jpg 301 251 118 223 0.92173
00041.jpg 300 261 117 209 0.91912
00041.jpg 297 263 115 204 0.91629
00041.jpg 304 258 97 201 0.91440
00041.jpg 123 287 24 68 0.91350
00041.jpg 604 237 59 135 0.91322
00041.jpg 783 240 44 124 0.91142
00041.jpg 715 247 44 90 0.91039
00041.jpg 538 252 35 88 0.90872
00041.jpg 717 251 44 83 0.90825
00041.jpg 14 246 147 278 0.90738
00041.jpg 293 262 31 105 0.90718
00041.jpg 713 244 50 87 0.90657
00041.jpg 780 239 52 126 0.90657
00041.jpg 300 255 112 210 0.90517
00041.jpg 291 259 34 105 0.90319
00041.jpg 290 264 35 102 0.90243
00041.jpg 715 248 49 80 0.90116
00041.jpg 16 240 147 287 0.90079
00041.jpg 538 255 32 86 0.90006
00041.jpg 711 246 55 79 0.89861
00041.jpg 293 265 32 98 0.89783
00041.jpg 716 246 45 80 0.89590
00041.jpg 540 252 36 86 0.89571
00041.jpg 123 289 28 63 0.89527
00041.jpg 292 265 37 102 0.89501
00041.jpg 297 256 117 214 0.89351
00041.jpg 291 264 35 101 0.89316
00041.jpg 782 238 51 125 0.89262
00041.jpg 539 252 33 90 0.89249
00041.jpg 26 242 133 283 0.89184
00041.jpg 541 253 32 86 0.89055
00041.jpg 291 261 37 108 0.89028
00041.jpg 606 242 55 128 0.88863
00041.jpg 25 235 129 293 0.88798
00041.jpg 292 261 33 104 0.88778
00041.jpg 783 237 49 127 0.88414
00041.jpg 122 284 27 69 0.88170
00041.jpg 715 247 50 90 0.88152
00041.jpg 778 239 53 128 0.88035
00041.jpg 607 240 55 136 0.87883
00041.jpg 779 242 49 123 0.87523
00041.jpg 712 248 50 79 0.87509
00041.jpg 297 254 119 217 0.87475
00041.jpg 300 263 123 200 0.87240
00041.jpg 291 260 34 108 0.86799
00041.jpg 375 268 30 76 0.86423
00041.jpg 714 248 45 88 0.86380
00041.jpg 303 256 108 216 0.86308
00041.jpg 606 239 57 135 0.86153
00041.jpg 375 268 34 97 0.85828
00041.jpg 27 238 127 289 0.85827
00041.jpg 376 268 27 55 0.85684
00041.jpg 124 286 26 68 0.85665
00041.jpg 123 285 29 71 0.85439
00041.jpg 376 268 28 60 0.85424
00041.jpg 713 246 46 84 0.85335
00041.jpg 608 237 54 137 0.85261
00041.jpg 292 264 129 196 0.85195
00041.jpg 537 251 33 89 0.84973
00041.jpg 716 247 51 80 0.84966
00041.jpg 716 246 49 89 0.84882
00041.jpg 608 243 57 132 0.84719
00041.jpg 714 249 48 72 0.84630
00041.jpg 716 248 44 82 0.84401
00041.jpg 21 230 132 289 0.84109
00041.jpg 294 264 34 103 0.84059
00041.jpg 713 249 50 84 0.84051
00041.jpg 780 236 50 131 0.84038
00041.jpg 782 242 52 127 0.84022
00041.jpg 307 249 104 227 0.84016
00041.jpg 29 245 132 273 0.83913
00041.jpg 121 286 29 68 0.83106
00041.jpg 608 243 54 124 0.82974
00041.jpg 714 247 54 90 0.82907
00041.jpg 779 243 53 125 0.82611
00041.jpg 14 241 151 278 0.82288
00041.jpg 608 238 49 138 0.82237
00041.jpg 290 267 37 96 0.82179
00041.jpg 291 258 133 209 0.82175
00041.jpg 303 258 114 210 0.82135
00041.jpg 607 238 58 138 0.82127
00041.jpg 122 287 25 68 0.81694
00041.jpg 27 245 131 279 0.81310
00041.jpg 294 265 127 193 0.81107
00041.jpg 537 254 38 90 0.80933
00041.jpg 293 267 36 101 0.80795
00041.jpg 712 249 55 81 0.80787
00041.jpg 120 288 25 68 0.80736
00041.jpg 778 238 55 124 0.80299
00041.jpg 26 240 129 279 0.80117
00041.jpg 541 251 30 95 0.79067
00041.jpg 287 269 33 94 0.79019
00041.jpg 605 237 59 131 0.78994
00041.jpg 602 239 65 125 0.78389
00041.jpg 871 237 27 59 0.78174
00041.jpg 714 252 42 86 0.77737
00041.jpg 782 242 50 124 0.77663
00041.jpg 873 241 28 46 0.77610
00041.jpg 777 238 56 122 0.77225
00041.jpg 308 265 104 193 0.77133
00041.jpg 712 248 51 88 0.77117
00041.jpg 291 263 32 101 0.76891
00041.jpg 868 242 34 47 0.76805
00041.jpg 612 239 51 125 0.76722
00041.jpg 372 268 33 75 0.76652
00041.jpg 538 254 31 92 0.76604
00041.jpg 779 239 51 124 0.76583
00041.jpg 122 288 25 66 0.76509
00041.jpg 717 248 47 85 0.76224
00041.jpg 375 266 26 60 0.76168
00041.jpg 294 269 35 99 0.76085
00041.jpg 716 246 45 81 0.75866
00041.jpg 295 271 117 188 0.75628
00041.jpg 119 285 32 69 0.75619
00041.jpg 120 291 30 64 0.75438
00041.jpg 874 240 29 56 0.75388
00041.jpg 372 267 34 64 0.74653
00041.jpg 377 265 33 81 0.74638
00041.jpg 539 251 32 96 0.74539
00041.jpg 871 240 30 60 0.74351
00041.jpg 713 247 42 88 0.74315
00041.jpg 604 237 59 134 0.74039
00041.jpg 125 289 24 66 0.73830
00041.jpg 377 264 38 94 0.73793
00041.jpg 119 285 27 71 0.73649
00041.jpg 719 244 46 83 0.73390
00041.jpg 291 263 39 103 0.73383
00041.jpg 374 266 31 71 0.72521
00041.jpg 536 255 33 84 0.72426
00041.jpg 126 288 26 68 0.72103
00041.jpg 714 250 47 78 0.71988
00041.jpg 612 241 52 128 0.71767
00041.jpg 374 263 36 98 0.71683
00041.jpg 869 241 34 45 0.71424
00041.jpg 375 267 35 83 0.71154
00041.jpg 608 240 58 130 0.70937
00041.jpg 715 253 50 83 0.70628
00041.jpg 775 241 59 119 0.70435
00041.jpg 30 241 129 288 0.69940
00041.jpg 871 240 30 52 0.69873
00041.jpg 606 237 60 127 0.69751
00041.jpg 538 253 33 92 0.69411
00041.jpg 716 247 47 79 0.69118
00041.jpg 868 242 28 50 0.69019
00041.jpg 785 238 52 124 0.68850
00041.jpg 870 244 29 54 0.68744
00041.jpg 374 266 32 60 0.68510
00041.jpg 291 266 37 99 0.68460
00041.jpg 714 251 45 80 0.68247
00041.jpg 126 284 26 69 0.68061
00041.jpg 31 241 127 275 0.67736
00041.jpg 375 266 29 53 0.67732
00041.jpg 786 240 48 123 0.67625
00041.jpg 124 286 29 69 0.67538
00041.jpg 869 242 30 44 0.67352
00041.jpg 292 268 102 193 0.67154
00041.jpg 719 248 46 78 0.66891
00041.jpg 540 256 36 84 0.66228
00041.jpg 719 249 45 76 0.66092
00041.jpg 780 235 57 121 0.66073
00041.jpg 780 236 48 126 0.65959
00041.jpg 605 241 59 128 0.65788
00041.jpg 610 242 48 135 0.65338
00041.jpg 785 241 48 128 0.65234
00041.jpg 871 238 30 55 0.64426
00041.jpg 777 238 52 126 0.64388
00041.jpg 613 239 53 127 0.64321
00041.jpg 120 284 32 73 0.63886
00041.jpg 292 263 36 97 0.63354
00041.jpg 377 264 31 72 0.63118
00041.jpg 120 286 32 70 0.62861
00041.jpg 776 237 51 129 0.62787
00041.jpg 376 266 32 68 0.62244
00041.jpg 375 271 32 82 0.61885
00041.jpg 378 269 33 80 0.61764
00041.jpg 712 250 43 86 0.61673
00041.jpg 308 263 94 195 0.61035
00041.jpg 14 237 147 284 0.60786
00041.jpg 376 267 30 56 0.60335
00041.jpg 17 248 137 282 0.60139
00041.jpg 777 240 61 120 0.59215
00041.jpg 298 264 108 201 0.59100
00041.jpg 375 267 32 64 0.58962
00041.jpg 299 252 106 214 0.58832
00041.jpg 21 249 147 274 0.58697
00041.jpg 537 252 37 93 0.58461
00041.jpg 866 244 37 59 0.58281
00041.jpg 290 265 31 103 0.58266
00041.jpg 600 240 54 131 0.58263
00041.jpg 120 284 25 71 0.58070
00041.jpg 713 252 53 87 0.58004
00041.jpg 877 242 18 43 0.57989
00041.jpg 874 242 18 44 0.57893
00041.jpg 713 249 46 86 0.57471
00041.jpg 783 236 52 132 0.57429
00041.jpg 375 267 39 90 0.57301
00041.jpg 377 269 36 87 0.57279
00041.jpg 302 261 108 208 0.56812
00041.jpg 288 263 42 107 0.56660
00041.jpg 604 241 53 128 0.56644
00041.jpg 289 263 34 100 0.56590
00041.jpg 373 263 31 85 0.56536
00041.jpg 873 238 29 46 0.56250
00041.jpg 873 241 33 42 0.56193
00041.jpg 371 266 44 97 0.55964
00041.jpg 375 267 34 75 0.55943
00041.jpg 122 294 27 60 0.55686
00041.jpg 123 285 30 69 0.55418
00041.jpg 307 268 109 187 0.55233
00041.jpg 614 245 47 125 0.54938
00041.jpg 373 266 38 87 0.54913
00041.jpg 536 251 36 83 0.54872
00041.jpg 301 254 125 220 0.54536
00041.jpg 714 247 54 77 0.54325
00041.jpg 374 270 34 56 0.54179
00041.jpg 309 253 92 202 0.54038
00041.jpg 291 261 40 101 0.54005
00041.jpg 16 231 139 294 0.53399
00041.jpg 717 245 52 85 0.53328
00041.jpg 288 261 42 110 0.53305
00041.jpg 609 240 60 128 0.53177
00041.jpg 866 242 33 60 0.53174
00041.jpg 876 244 26 52 0.53086
00041.jpg 380 271 19 48 0.52852
00041.jpg 295 255 101 210 0.52414
00041.jpg 611 238 53 135 0.52312
00041.jpg 784 236 51 126 0.52157
00041.jpg 538 249 34 97 0.52135
00041.jpg 868 240 30 56 0.52117
00041.jpg 611 244 57 120 0.51968
00041.jpg 371 262 36 99 0.51877
00041.jpg 118 286 23 70 0.51801
00041.jpg 116 286 28 67 0.51047
00041.jpg 292 266 36 102 0.50956
00041.jpg 127 289 25 65 0.50564
00041.jpg 375 266 37 97 0.50462
00041.jpg 294 266 108 196 0.50175
00041.jpg 786 244 48 118 0.50092
