00054.jpg 635 242 47 121 0.99946
00054.jpg 635 242 46 119 0.99904
00054.jpg 549 248 39 89 0.99902
00054.jpg 630 242 55 117 0.99849
00054.jpg 552 251 38 86 0.99828
00054.jpg 633 241 54 121 0.99825
00054.jpg 787 239 55 123 0.99812
00054.jpg 794 237 50 129 0.99803
00054.jpg 120 275 35 75 0.99779
00054.jpg 0 385 91 104 0.99775
00054.jpg 633 236 56 125 0.99770
00054.jpg 634 241 49 120 0.99700
00054.jpg 791 240 50 125 0.99674
00054.jpg 123 278 30 70 0.99654
00054.jpg 281 237 97 236 0.99644
00054.jpg 636 243 46 118 0.99634
00054.jpg 631 245 56 114 0.99627
00054.jpg 123 275 34 79 0.99621
00054.jpg 635 242 49 118 0.99595
00054.jpg 366 258 42 105 0.99570
00054.jpg 0 386 100 103 0.99531
00054.jpg 551 248 42 86 0.99513
00054.jpg 367 260 42 104 0.99486
00054.jpg 284 239 85 228 0.99482
00054.jpg 635 247 49 117 0.99472
00054.jpg 789 236 57 126 0.99440
00054.jpg 787 237 58 130 0.99397
00054.jpg 790 234 53 132 0.99373
00054.jpg 634 243 49 120 0.99360
00054.jpg 0 380 95 110 0.99341
00054.jpg 634 242 52 116 0.99310
00054.jpg 282 244 85 229 0.99308
00054.jpg 81 281 25 73 0.99296
00054.jpg 636 238 47 123 0.99295
00054.jpg 634 240 48 121 0.99284
00054.jpg 726 242 45 86 0.99278
00054.jpg 84 277 26 80 0.99275
00054.jpg 288 240 83 227 0.99258
00054.jpg 640 240 43 123 0.99238
00054.jpg 552 250 37 86 0.99207
00054.jpg 788 237 55 125 0.99179
00054.jpg 363 254 49 110 0.99122
00054.jpg 286 241 87 228 0.99119
00054.jpg 367 256 43 107 0.99090
00054.jpg 786 237 59 122 0.99076
00054.jpg 634 244 52 118 0.99059
00054.jpg 636 245 46 112 0.99037
00054.jpg 552 248 37 89 0.99036
00054.jpg 284 241 90 231 0.98999
00054.jpg 794 238 49 125 0.98999
00054.jpg 291 234 82 245 0.98968
00054.jpg 792 237 54 127 0.98957
00054.jpg 0 388 102 105 0.98949
00054.jpg 122 275 32 77 0.98946
00054.jpg 366 258 43 106 0.98945
00054.jpg 284 245 90 222 0.98940
00054.jpg 722 241 47 84 0.98851
00054.jpg 365 256 44 104 0.98800
00054.jpg 125 275 28 77 0.98785
00054.jpg 631 240 53 123 0.98784
00054.jpg 283 241 95 226 0.98780
00054.jpg 553 247 36 87 0.98774
00054.jpg 125 275 31 79 0.98768
00054.jpg 550 247 39 89 0.98768
00054.jpg 790 237 55 129 0.98732
00054.jpg 370 254 38 110 0.98730
00054.jpg 789 239 58 120 0.98717
00054.jpg 366 258 45 104 0.98705
00054.jpg 791 239 54 122 0.98678
00054.jpg 287 242 77 225 0.98629
00054.jpg 636 241 49 119 0.98590
00054.jpg 786 238 61 125 0.98586
00054.jpg 790 237 53 129 0.98581
00054.jpg 794 234 51 130 0.98446
00054.jpg 728 242 45 84 0.98440
00054.jpg 552 249 38 85 0.98423
00054.jpg 635 242 50 122 0.98410
00054.jpg 290 241 80 233 0.98401
00054.jpg 788 234 59 131 0.98396
00054.jpg 280 242 96 235 0.98389
00054.jpg 282 244 94 225 0.98389
00054.jpg 286 246 81 226 0.98330
00054.jpg 789 240 55 123 0.98321
00054.jpg 122 278 29 72 0.98301
00054.jpg 725 241 44 84 0.98267
00054.jpg 283 243 86 230 0.98232
00054.jpg 790 237 51 125 0.98177
00054.jpg 286 243 84 233 0.98152
00054.jpg 0 381 99 113 0.98127
00054.jpg 0 384 101 106 0.98125
00054.jpg 553 248 37 86 0.98093
00054.jpg 81 276 26 78 0.98091
00054.jpg 0 384 97 103 0.98066
00054.jpg 792 239 54 124 0.98053
00054.jpg 550 248 40 86 0.98051
00054.jpg 553 251 35 85 0.98049
00054.jpg 125 279 32 70 0.98003
00054.jpg 127 278 30 72 0.97956
00054.jpg 551 250 39 83 0.97848
00054.jpg 635 241 47 127 0.97826
00054.jpg 286 253 81 207 0.97805
00054.jpg 788 240 53 127 0.97796
00054.jpg 790 240 54 123 0.97663
00054.jpg 789 238 55 122 0.97636
00054.jpg 722 242 45 83 0.97588
00054.jpg 281 236 92 239 0.97576
00054.jpg 551 250 39 87 0.97530
00054.jpg 283 238 85 237 0.97518
00054.jpg 789 236 54 130 0.97489
00054.jpg 122 278 29 71 0.97457
00054.jpg 0 385 96 110 0.97368
00054.jpg 0 384 100 106 0.97310
00054.jpg 0 385 96 107 0.97303
00054.jpg 551 247 39 91 0.97291
00054.jpg 285 241 87 227 0.97281
00054.jpg 0 389 96 99 0.97235
00054.jpg 723 241 43 85 0.97206
00054.jpg 290 241 81 228 0.97154
00054.jpg 286 242 86 227 0.97152
00054.jpg 80 276 25 78 0.97116
00054.jpg 725 240 46 90 0.97040
00054.jpg 552 245 37 92 0.97012
00054.jpg 0 383 97 106 0.96961
00054.jpg 634 241 50 121 0.96950
00054.jpg 725 241 45 88 0.96936
00054.jpg 726 240 43 86 0.96908
00054.jpg 636 240 48 119 0.96890
00054.jpg 724 242 48 90 0.96867
00054.jpg 790 240 54 124 0.96840
00054.jpg 80 277 26 74 0.96824
00054.jpg 3 370 97 124 0.96795
00054.jpg 551 249 38 87 0.96793
00054.jpg 725 241 47 86 0.96749
00054.jpg 725 241 43 88 0.96715
00054.jpg 793 238 51 125 0.96708
00054.jpg 553 248 39 89 0.96700
00054.jpg 123 278 34 71 0.96694
00054.jpg 363 256 46 107 0.96693
00054.jpg 631 242 55 120 0.96668
00054.jpg 0 381 97 108 0.96596
00054.jpg 289 248 80 212 0.96547
00054.jpg 366 257 44 101 0.96546
00054.jpg 123 276 30 74 0.96535
00054.jpg 637 240 49 124 0.96532
00054.jpg 81 276 26 76 0.96510
00054.jpg 284 243 87 234 0.96448
00054.jpg 553 248 38 89 0.96404
00054.jpg 121 276 30 77 0.96334
00054.jpg 723 243 50 83 0.96333
00054.jpg 789 235 55 131 0.96329
00054.jpg 0 386 95 105 0.96327
00054.jpg 81 279 30 70 0.96310
00054.jpg 368 258 42 104 0.96259
00054.jpg 2 369 96 135 0.96205
00054.jpg 726 242 42 88 0.96201
00054.jpg 284 241 85 222 0.96182
00054.jpg 789 238 52 122 0.96097
00054.jpg 0 389 96 97 0.96000
00054.jpg 635 240 50 121 0.95984
00054.jpg 794 238 51 125 0.95972
00054.jpg 83 277 26 72 0.95959
00054.jpg 1 377 92 120 0.95948
00054.jpg 634 241 47 121 0.95932
00054.jpg 122 278 31 71 0.95926
00054.jpg 787 242 61 121 0.95899
00054.jpg 286 235 88 244 0.95876
00054.jpg 0 387 98 103 0.95768
00054.jpg 635 240 50 120 0.95703
00054.jpg 0 375 103 112 0.95650
00054.jpg 0 384 95 109 0.95618
00054.jpg 286 226 87 253 0.95587
00054.jpg 281 238 88 235 0.95553
00054.jpg 364 254 47 111 0.95539
00054.jpg 284 241 86 234 0.95532
00054.jpg 0 375 102 113 0.95450
00054.jpg 289 244 83 219 0.95366
00054.jpg 365 255 43 111 0.95318
00054.jpg 633 242 51 121 0.95291
00054.jpg 787 238 58 119 0.95222
00054.jpg 552 245 37 93 0.95210
00054.jpg 2 384 89 105 0.95185
00054.jpg 727 242 42 81 0.95004
00054.jpg 124 276 30 76 0.94986
00054.jpg 283 241 81 233 0.94927
00054.jpg 368 261 41 94 0.94874
00054.jpg 283 240 86 236 0.94874
00054.jpg 793 234 50 133 0.94865
00054.jpg 281 246 87 227 0.94717
00054.jpg 727 242 41 85 0.94668
00054.jpg 1 381 93 111 0.94647
00054.jpg 787 246 60 115 0.94414
00054.jpg 361 257 52 105 0.94382
00054.jpg 81 280 27 71 0.94349
00054.jpg 723 241 50 86 0.94312
00054.jpg 552 245 40 93 0.94287
00054.jpg 552 247 37 90 0.94280
00054.jpg 366 258 43 105 0.94279
00054.jpg 551 251 41 84 0.94257
00054.jpg 123 277 32 71 0.94231
00054.jpg 551 248 42 90 0.94157
00054.jpg 791 238 54 123 0.94122
00054.jpg 794 237 47 124 0.94087
00054.jpg 725 240 46 83 0.94047
00054.jpg 723 240 47 84 0.94030
00054.jpg 120 277 32 73 0.94027
00054.jpg 632 241 54 121 0.93849
00054.jpg 3 380 98 113 0.93835
00054.jpg 3 383 95 118 0.93797
00054.jpg 284 242 85 232 0.93759
00054.jpg 278 241 99 232 0.93645
00054.jpg 2 374 98 120 0.93636
00054.jpg 553 248 35 88 0.93596
00054.jpg 284 245 87 228 0.93595
00054.jpg 790 238 54 127 0.93469
00054.jpg 724 237 46 89 0.93373
00054.jpg 790 241 50 121 0.93342
00054.jpg 122 280 33 69 0.93297
00054.jpg 724 240 42 87 0.93162
00054.jpg 120 275 33 79 0.93107
00054.jpg 1 374 99 122 0.93091
00054.jpg 277 240 93 235 0.93061
00054.jpg 725 243 45 80 0.92917
00054.jpg 636 241 46 121 0.92906
00054.jpg 793 238 54 123 0.92803
00054.jpg 0 385 99 103 0.92751
00054.jpg 121 278 31 71 0.92750
00054.jpg 122 277 35 75 0.92685
00054.jpg 84 275 24 75 0.92598
00054.jpg 122 278 30 70 0.92460
00054.jpg 79 279 22 75 0.92434
00054.jpg 1 380 102 119 0.92379
00054.jpg 7 379 91 119 0.92336
00054.jpg 291 252 73 200 0.92317
00054.jpg 727 242 45 81 0.92296
00054.jpg 726 243 44 84 0.92247
00054.jpg 724 244 46 77 0.92227
00054.jpg 365 263 44 97 0.92119
00054.jpg 289 241 80 233 0.92109
00054.jpg 0 388 97 98 0.92075
00054.jpg 554 251 39 84 0.91907
00054.jpg 366 254 43 108 0.91830
00054.jpg 637 241 43 120 0.91826
00054.jpg 122 280 32 68 0.91715
00054.jpg 2 383 91 109 0.91531
00054.jpg 0 384 95 105 0.91483
00054.jpg 553 250 38 82 0.91450
00054.jpg 725 244 47 84 0.91336
00054.jpg 5 372 98 119 0.91160
00054.jpg 280 242 88 232 0.91157
00054.jpg 635 243 47 119 0.91037
00054.jpg 288 240 89 235 0.90896
00054.jpg 1 383 97 108 0.90758
00054.jpg 285 243 81 226 0.90507
00054.jpg 281 244 83 227 0.90347
00054.jpg 727 241 46 82 0.90267
00054.jpg 0 375 94 117 0.90170
00054.jpg 4 375 95 123 0.89979
00054.jpg 722 242 49 88 0.89973
00054.jpg 638 240 48 120 0.89901
00054.jpg 368 258 39 106 0.89900
00054.jpg 365 253 43 111 0.89760
00054.jpg 80 278 29 77 0.89691
00054.jpg 364 259 45 104 0.89669
00054.jpg 550 246 42 90 0.89652
00054.jpg 82 277 23 76 0.89572
00054.jpg 635 240 50 124 0.89542
00054.jpg 285 235 87 234 0.89431
00054.jpg 120 280 34 68 0.89420
00054.jpg 283 240 91 240 0.89387
00054.jpg 4 376 94 116 0.89248
00054.jpg 795 238 44 127 0.89068
00054.jpg 552 248 41 87 0.89057
00054.jpg 366 257 40 102 0.88903
00054.jpg 2 380 96 116 0.88724
00054.jpg 121 276 34 77 0.88369
00054.jpg 365 258 43 105 0.88368
00054.jpg 119 280 33 70 0.88285
00054.jpg 796 235 49 125 0.87896
00054.jpg 636 242 50 121 0.87519
00054.jpg 791 236 48 123 0.87419
00054.jpg 365 257 47 104 0.87200
00054.jpg 1 373 94 122 0.87061
00054.jpg 632 243 49 118 0.87049
00054.jpg 555 246 39 90 0.86929
00054.jpg 635 245 45 114 0.86785
00054.jpg 81 276 26 80 0.86678
00054.jpg 723 240 48 87 0.86616
00054.jpg 2 384 91 105 0.86602
00054.jpg 793 241 47 122 0.86543
00054.jpg 289 245 78 221 0.86519
00054.jpg 292 252 79 212 0.86243
00054.jpg 3 383 87 111 0.86010
00054.jpg 1 371 104 122 0.85891
00054.jpg 551 246 36 92 0.85778
00054.jpg 123 277 34 77 0.85549
00054.jpg 366 258 46 104 0.85499
00054.jpg 362 253 48 113 0.85238
00054.jpg 83 278 28 72 0.85219
00054.jpg 725 244 47 89 0.85070
00054.jpg 363 259 47 104 0.85028
00054.jpg 724 243 47 87 0.84965
00054.jpg 726 242 43 87 0.84949
00054.jpg 118 276 37 73 0.84842
00054.jpg 78 276 28 77 0.84829
00054.jpg 283 241 95 235 0.84794
00054.jpg 725 242 43 82 0.84756
00054.jpg 876 243 19 25 0.84378
00054.jpg 1 384 95 101 0.84298
00054.jpg 82 276 26 73 0.84070
00054.jpg 370 258 42 106 0.84062
00054.jpg 82 277 27 78 0.83903
00054.jpg 728 240 44 80 0.83865
00054.jpg 794 237 54 124 0.83851
00054.jpg 81 277 26 77 0.83508
00054.jpg 872 240 26 33 0.83410
00054.jpg 365 253 47 109 0.83187
00054.jpg 723 241 45 88 0.83152
00054.jpg 724 243 48 80 0.83028
00054.jpg 280 243 96 233 0.82905
00054.jpg 790 238 53 124 0.82455
00054.jpg 1 373 103 119 0.82368
00054.jpg 3 375 86 124 0.81933
00054.jpg 126 280 30 66 0.81795
00054.jpg 860 246 35 82 0.81755
00054.jpg 0 387 94 95 0.81403
00054.jpg 634 242 53 117 0.81317
00054.jpg 784 242 64 115 0.81065
00054.jpg 852 248 43 80 0.80912
00054.jpg 290 237 87 238 0.80883
00054.jpg 117 276 33 74 0.80844
00054.jpg 788 233 55 131 0.80828
00054.jpg 791 240 57 122 0.80774
00054.jpg 369 257 43 101 0.80673
00054.jpg 549 248 39 89 0.79714
00054.jpg 287 251 90 209 0.79703
00054.jpg 363 256 44 107 0.79381
00054.jpg 1 380 100 110 0.79364
00054.jpg 124 277 31 67 0.79341
00054.jpg 792 238 54 123 0.79298
00054.jpg 294 255 71 165 0.79283
00054.jpg 117 275 35 75 0.79125
00054.jpg 869 243 29 37 0.78730
00054.jpg 867 240 31 47 0.78250
00054.jpg 0 366 105 128 0.78238
00054.jpg 5 385 87 97 0.77934
00054.jpg 121 276 36 76 0.77849
00054.jpg 2 384 89 109 0.77709
00054.jpg 795 241 55 114 0.77614
00054.jpg 81 276 30 75 0.77523
00054.jpg 83 290 25 62 0.77242
00054.jpg 122 278 33 75 0.77071
00054.jpg 303 258 22 60 0.76832
00054.jpg 788 237 58 121 0.76245
00054.jpg 852 250 40 82 0.75816
00054.jpg 719 244 55 81 0.75546
00054.jpg 873 242 25 41 0.75422
00054.jpg 636 242 50 122 0.75238
00054.jpg 787 240 55 119 0.75083
00054.jpg 367 252 44 114 0.74797
00054.jpg 795 247 49 114 0.74436
00054.jpg 0 385 100 104 0.74248
00054.jpg 285 246 84 216 0.74123
00054.jpg 724 242 46 73 0.74100
00054.jpg 728 242 47 83 0.73997
00054.jpg 365 258 47 104 0.73915
00054.jpg 724 243 49 75 0.73678
00054.jpg 81 276 23 75 0.73628
00054.jpg 359 249 50 119 0.73514
00054.jpg 362 259 47 107 0.73384
00054.jpg 635 242 51 122 0.73278
00054.jpg 288 242 83 231 0.73251
00054.jpg 82 292 24 58 0.73099
00054.jpg 550 250 37 86 0.72960
00054.jpg 370 260 40 105 0.72597
00054.jpg 786 237 54 120 0.72584
00054.jpg 368 256 42 108 0.72186
00054.jpg 788 239 53 119 0.72174
00054.jpg 366 261 42 96 0.72088
00054.jpg 727 238 46 88 0.72082
00054.jpg 796 240 50 122 0.71946
00054.jpg 726 247 46 81 0.71577
00054.jpg 875 243 24 33 0.71034
00054.jpg 119 279 31 65 0.70943
00054.jpg 359 251 52 119 0.70669
00054.jpg 551 248 43 90 0.70255
00054.jpg 856 247 36 79 0.69764
00054.jpg 550 249 44 89 0.69745
00054.jpg 553 248 40 84 0.69418
00054.jpg 857 250 35 84 0.69339
00054.jpg 79 275 38 75 0.69336
00054.jpg 291 254 73 209 0.69232
00054.jpg 80 278 24 75 0.68968
00054.jpg 791 237 58 120 0.68798
00054.jpg 723 241 50 85 0.68667
00054.jpg 639 238 44 125 0.67991
00054.jpg 790 239 54 124 0.67427
00054.jpg 860 242 35 92 0.67048
00054.jpg 292 250 74 210 0.66896
00054.jpg 282 241 92 229 0.66786
00054.jpg 79 280 25 65 0.66745
00054.jpg 369 256 43 108 0.66561
00054.jpg 633 237 55 122 0.66513
00054.jpg 81 275 29 76 0.66151
00054.jpg 726 245 49 88 0.65972
00054.jpg 285 234 93 232 0.65847
00054.jpg 877 240 17 31 0.65815
00054.jpg 0 376 105 115 0.65777
00054.jpg 123 277 34 68 0.64872
00054.jpg 723 243 44 82 0.64217
00054.jpg 725 242 48 80 0.63906
00054.jpg 1 384 92 102 0.63831
00054.jpg 636 241 49 120 0.62858
00054.jpg 877 248 18 26 0.62599
00054.jpg 795 237 53 133 0.62358
00054.jpg 118 276 35 76 0.62166
00054.jpg 795 243 53 117 0.62131
00054.jpg 301 260 21 51 0.62127
00054.jpg 280 244 88 228 0.62114
00054.jpg 361 256 46 112 0.62113
00054.jpg 861 245 33 75 0.61596
00054.jpg 854 248 38 84 0.61537
00054.jpg 637 240 46 119 0.61358
00054.jpg 364 255 43 105 0.61309
00054.jpg 302 259 21 60 0.61102
00054.jpg 724 246 42 72 0.60989
00054.jpg 294 246 76 208 0.60943
00054.jpg 790 234 58 128 0.60877
00054.jpg 0 377 92 110 0.60728
00054.jpg 793 239 55 128 0.60001
00054.jpg 119 274 30 73 0.59715
00054.jpg 785 236 67 120 0.59415
00054.jpg 370 262 41 97 0.59246
00054.jpg 858 244 36 90 0.59220
00054.jpg 551 248 42 93 0.59208
00054.jpg 548 247 40 90 0.58741
00054.jpg 294 244 77 209 0.58338
00054.jpg 2 358 99 147 0.58257
00054.jpg 0 381 88 111 0.57882
00054.jpg 80 279 27 77 0.57499
00054.jpg 875 240 25 40 0.57430
00054.jpg 797 241 51 116 0.57322
00054.jpg 1 383 92 107 0.57219
00054.jpg 2 378 89 111 0.57179
00054.jpg 849 254 43 79 0.56777
00054.jpg 81 294 25 60 0.56686
00054.jpg 3 369 89 129 0.55925
00054.jpg 722 245 43 83 0.55823
00054.jpg 363 253 43 103 0.55529
00054.jpg 305 262 16 58 0.55316
00054.jpg 0 383 99 102 0.55286
00054.jpg 551 246 41 95 0.55171
00054.jpg 82 278 29 75 0.54696
00054.jpg 870 243 30 33 0.54266
00054.jpg 554 247 41 86 0.54201
00054.jpg 78 276 26 78 0.54097
00054.jpg 877 242 17 27 0.54060
00054.jpg 783 241 65 111 0.53914
00054.jpg 792 240 47 119 0.53761
00054.jpg 726 244 45 83 0.53588
00054.jpg 81 277 34 75 0.53569
00054.jpg 360 260 48 108 0.53554
00054.jpg 872 240 26 31 0.53516
00054.jpg 853 241 43 86 0.53479
00054.jpg 82 281 33 72 0.53394
00054.jpg 633 243 52 123 0.53377
00054.jpg 781 247 68 106 0.53015
00054.jpg 871 240 25 32 0.52933
00054.jpg 880 241 17 30 0.52918
00054.jpg 858 244 39 57 0.52888
00054.jpg 631 241 54 127 0.52793
00054.jpg 729 237 45 81 0.52714
00054.jpg 85 275 32 74 0.52667
00054.jpg 874 239 24 33 0.52634
00054.jpg 858 246 36 80 0.52371
00054.jpg 631 241 52 124 0.52003
00054.jpg 849 241 48 90 0.51941
00054.jpg 637 244 52 119 0.51782
00054.jpg 873 244 19 25 0.51739
00054.jpg 0 373 104 128 0.51711
00054.jpg 284 238 81 233 0.51461
00054.jpg 2 357 96 139 0.51302
00054.jpg 850 247 38 79 0.50504
00054.jpg 363 256 48 114 0.50337
00054.jpg 368 258 42 100 0.50126
00054.jpg 639 239 45 128 0.50083
00054.jpg 547 248 46 91 0.49995
