00056.jpg 552 246 37 92 0.99904
00056.jpg 293 237 84 238 0.99896
00056.jpg 641 241 43 119 0.99888
00056.jpg 786 239 59 122 0.99840
00056.jpg 554 248 36 90 0.99812
00056.jpg 638 241 44 117 0.99784
00056.jpg 792 239 49 124 0.99775
00056.jpg 640 235 49 128 0.99747
00056.jpg 794 238 51 127 0.99745
00056.jpg 292 236 82 235 0.99671
00056.jpg 365 258 42 105 0.99669
00056.jpg 724 243 42 90 0.99665
00056.jpg 300 230 73 240 0.99662
00056.jpg 119 278 31 71 0.99648
00056.jpg 293 228 85 240 0.99614
00056.jpg 554 247 34 87 0.99596
00056.jpg 641 240 47 114 0.99583
00056.jpg 639 240 48 117 0.99580
00056.jpg 368 260 40 103 0.99555
00056.jpg 642 238 43 122 0.99542
00056.jpg 550 247 41 89 0.99492
00056.jpg 640 240 48 117 0.99488
00056.jpg 556 247 35 85 0.99420
00056.jpg 639 239 47 119 0.99409
00056.jpg 727 239 45 91 0.99403
00056.jpg 290 239 87 226 0.99391
00056.jpg 790 239 53 123 0.99389
00056.jpg 366 259 40 100 0.99366
00056.jpg 794 239 48 126 0.99353
00056.jpg 640 235 46 125 0.99339
00056.jpg 121 275 32 76 0.99305
00056.jpg 786 235 59 132 0.99297
00056.jpg 640 237 46 122 0.99295
00056.jpg 641 238 45 119 0.99288
00056.jpg 120 275 33 71 0.99259
00056.jpg 640 240 45 120 0.99242
00056.jpg 122 275 30 79 0.99240
00056.jpg 639 243 49 119 0.99206
00056.jpg 298 231 77 243 0.99194
00056.jpg 725 239 43 93 0.99167
00056.jpg 722 242 46 90 0.99155
00056.jpg 788 237 59 126 0.99138
00056.jpg 789 239 56 125 0.99130
00056.jpg 294 236 85 239 0.99127
00056.jpg 83 276 23 80 0.99119
00056.jpg 635 240 54 115 0.99115
00056.jpg 117 273 33 79 0.99093
00056.jpg 791 236 54 125 0.99086
00056.jpg 788 236 58 126 0.99079
00056.jpg 295 235 77 232 0.99058
00056.jpg 292 236 83 226 0.99053
00056.jpg 292 241 85 228 0.99032
00056.jpg 80 274 24 80 0.99020
00056.jpg 788 235 57 129 0.98996
00056.jpg 294 234 82 241 0.98959
00056.jpg 296 226 79 241 0.98888
00056.jpg 368 257 43 101 0.98875
00056.jpg 791 239 55 123 0.98874
00056.jpg 367 256 39 107 0.98871
00056.jpg 639 242 46 117 0.98803
00056.jpg 296 243 76 216 0.98798
00056.jpg 641 243 47 112 0.98788
00056.jpg 294 235 78 233 0.98778
00056.jpg 726 238 44 96 0.98729
00056.jpg 790 238 57 124 0.98703
00056.jpg 790 236 54 128 0.98679
00056.jpg 640 238 46 118 0.98659
00056.jpg 637 241 50 115 0.98605
00056.jpg 723 241 50 92 0.98529
00056.jpg 294 231 78 236 0.98505
00056.jpg 637 239 50 120 0.98500
00056.jpg 793 234 53 129 0.98489
00056.jpg 723 240 49 91 0.98459
00056.jpg 118 275 29 80 0.98417
00056.jpg 292 235 85 229 0.98392
00056.jpg 787 240 55 126 0.98379
00056.jpg 295 233 83 239 0.98378
00056.jpg 789 235 55 127 0.98247
00056.jpg 364 256 44 104 0.98199
00056.jpg 790 239 54 122 0.98174
00056.jpg 553 249 37 86 0.98161
00056.jpg 553 249 38 84 0.98145
00056.jpg 366 259 44 104 0.98062
00056.jpg 794 238 49 127 0.98057
00056.jpg 641 238 44 123 0.98036
00056.jpg 724 240 48 91 0.98009
00056.jpg 298 237 78 226 0.97945
00056.jpg 294 235 81 229 0.97938
00056.jpg 365 255 45 107 0.97861
00056.jpg 726 241 46 87 0.97854
00056.jpg 788 239 58 124 0.97843
00056.jpg 791 239 56 123 0.97825
00056.jpg 728 238 40 92 0.97816
00056.jpg 363 256 45 107 0.97814
00056.jpg 295 243 73 224 0.97773
00056.jpg 124 276 27 76 0.97733
00056.jpg 638 238 50 118 0.97695
00056.jpg 295 233 77 239 0.97688
00056.jpg 369 255 38 106 0.97664
00056.jpg 299 236 74 236 0.97619
00056.jpg 637 239 52 120 0.97611
00056.jpg 292 233 88 236 0.97541
00056.jpg 553 249 36 86 0.97503
00056.jpg 292 236 84 228 0.97485
00056.jpg 121 275 30 74 0.97456
00056.jpg 725 242 46 86 0.97380
00056.jpg 553 249 36 85 0.97379
00056.jpg 790 234 52 128 0.97330
00056.jpg 725 239 46 93 0.97322
00056.jpg 788 236 54 126 0.97305
00056.jpg 640 238 47 119 0.97292
00056.jpg 365 257 47 105 0.97279
00056.jpg 125 276 29 74 0.97183
00056.jpg 555 245 35 94 0.97124
00056.jpg 556 250 33 85 0.97078
00056.jpg 297 243 70 217 0.96997
00056.jpg 365 257 44 106 0.96987
00056.jpg 552 245 37 91 0.96967
00056.jpg 556 247 34 90 0.96960
00056.jpg 123 278 30 71 0.96909
00056.jpg 82 278 25 74 0.96900
00056.jpg 81 278 24 74 0.96900
00056.jpg 638 241 46 122 0.96832
00056.jpg 293 227 78 243 0.96805
00056.jpg 369 258 37 105 0.96789
00056.jpg 792 239 53 124 0.96722
00056.jpg 789 235 56 129 0.96666
00056.jpg 638 238 47 120 0.96654
00056.jpg 790 237 53 127 0.96595
00056.jpg 638 236 48 126 0.96573
00056.jpg 291 239 86 227 0.96558
00056.jpg 290 234 89 238 0.96545
00056.jpg 123 278 32 71 0.96457
00056.jpg 366 261 45 99 0.96430
00056.jpg 640 238 44 120 0.96421
00056.jpg 290 230 79 238 0.96387
00056.jpg 791 235 55 124 0.96334
00056.jpg 365 255 41 109 0.96330
00056.jpg 728 240 40 92 0.96247
00056.jpg 788 237 58 120 0.96247
00056.jpg 299 238 79 228 0.96232
00056.jpg 723 239 48 94 0.96229
00056.jpg 794 235 51 127 0.96229
00056.jpg 292 240 90 228 0.96225
00056.jpg 553 248 36 84 0.96213
00056.jpg 725 239 41 91 0.96101
00056.jpg 368 258 39 104 0.96091
00056.jpg 725 242 48 89 0.95979
00056.jpg 790 239 54 122 0.95961
00056.jpg 123 277 29 74 0.95957
00056.jpg 294 239 84 228 0.95957
00056.jpg 726 244 44 88 0.95921
00056.jpg 296 233 83 232 0.95824
00056.jpg 788 236 57 127 0.95770
00056.jpg 123 276 31 75 0.95624
00056.jpg 789 244 56 119 0.95578
00056.jpg 727 241 44 91 0.95435
00056.jpg 79 276 22 79 0.95281
00056.jpg 82 276 21 74 0.95269
00056.jpg 639 240 47 119 0.95242
00056.jpg 553 250 39 86 0.95174
00056.jpg 294 237 85 230 0.95083
00056.jpg 552 248 38 89 0.95071
00056.jpg 553 247 36 89 0.94920
00056.jpg 122 277 31 75 0.94871
00056.jpg 727 238 44 93 0.94760
00056.jpg 365 256 43 107 0.94694
00056.jpg 555 249 34 85 0.94582
00056.jpg 724 237 45 93 0.94546
00056.jpg 723 237 50 91 0.94496
00056.jpg 368 260 40 94 0.94382
00056.jpg 724 239 51 93 0.94374
00056.jpg 553 249 38 87 0.94339
00056.jpg 291 237 88 240 0.94266
00056.jpg 85 274 21 79 0.94220
00056.jpg 794 235 49 131 0.93890
00056.jpg 82 278 23 77 0.93716
00056.jpg 726 244 43 91 0.93698
00056.jpg 723 240 50 89 0.93678
00056.jpg 786 239 62 123 0.93499
00056.jpg 367 256 44 104 0.93475
00056.jpg 81 279 26 73 0.93457
00056.jpg 552 247 41 91 0.93447
00056.jpg 81 274 25 80 0.93384
00056.jpg 364 255 44 102 0.93373
00056.jpg 366 258 42 106 0.93283
00056.jpg 792 236 54 128 0.93227
00056.jpg 550 244 38 91 0.93025
00056.jpg 366 260 40 103 0.93024
00056.jpg 554 247 35 90 0.92986
00056.jpg 790 237 53 125 0.92983
00056.jpg 639 238 45 124 0.92979
00056.jpg 792 234 57 134 0.92845
00056.jpg 114 276 34 75 0.92757
00056.jpg 636 242 52 118 0.92554
00056.jpg 551 246 37 92 0.92397
00056.jpg 118 278 32 73 0.92285
00056.jpg 641 237 46 126 0.92170
00056.jpg 368 253 39 103 0.92166
00056.jpg 120 278 31 75 0.92127
00056.jpg 80 278 18 72 0.92122
00056.jpg 638 240 49 119 0.92109
00056.jpg 120 277 31 76 0.91961
00056.jpg 81 278 25 74 0.91928
00056.jpg 368 258 40 103 0.91916
00056.jpg 84 277 24 75 0.91887
00056.jpg 122 277 30 73 0.91747
00056.jpg 296 230 80 244 0.91719
00056.jpg 792 238 50 125 0.91708
00056.jpg 725 243 43 84 0.91670
00056.jpg 725 239 45 93 0.91621
00056.jpg 81 274 27 77 0.91559
00056.jpg 292 237 85 225 0.91496
00056.jpg 364 255 42 109 0.91490
00056.jpg 364 255 45 110 0.91420
00056.jpg 640 241 48 118 0.91400
00056.jpg 724 245 42 86 0.91310
00056.jpg 116 278 33 71 0.91245
00056.jpg 123 278 28 75 0.91055
00056.jpg 789 242 60 118 0.90874
00056.jpg 0 359 64 150 0.90833
00056.jpg 368 256 41 109 0.90767
00056.jpg 556 244 37 94 0.90638
00056.jpg 120 279 34 69 0.90610
00056.jpg 289 235 83 231 0.90549
00056.jpg 365 255 42 109 0.90545
00056.jpg 639 240 45 116 0.90502
00056.jpg 365 254 40 109 0.90146
00056.jpg 291 229 86 242 0.89877
00056.jpg 641 238 49 120 0.89638
00056.jpg 296 240 79 233 0.89609
00056.jpg 726 238 47 90 0.89605
00056.jpg 789 240 56 120 0.89517
00056.jpg 295 237 83 221 0.89487
00056.jpg 719 242 56 86 0.89120
00056.jpg 795 235 44 128 0.89003
00056.jpg 791 234 56 129 0.88915
00056.jpg 120 276 33 76 0.88834
00056.jpg 82 277 29 73 0.88382
00056.jpg 726 239 48 93 0.88382
00056.jpg 81 277 29 73 0.88316
00056.jpg 720 238 52 92 0.88300
00056.jpg 122 276 29 73 0.88242
00056.jpg 301 245 65 215 0.88167
00056.jpg 365 253 42 113 0.88131
00056.jpg 789 237 59 125 0.87830
00056.jpg 641 238 47 123 0.87298
00056.jpg 294 243 79 218 0.87036
00056.jpg 85 274 22 82 0.86868
00056.jpg 80 276 24 75 0.86779
00056.jpg 118 275 33 73 0.86706
00056.jpg 81 276 22 79 0.86582
00056.jpg 285 237 87 228 0.86242
00056.jpg 367 257 41 105 0.86139
00056.jpg 640 240 49 115 0.85721
00056.jpg 728 239 44 90 0.85588
00056.jpg 121 279 31 71 0.85498
00056.jpg 643 239 44 122 0.85338
00056.jpg 295 239 78 214 0.85222
00056.jpg 296 238 77 219 0.85032
00056.jpg 83 277 24 74 0.84691
00056.jpg 81 289 25 62 0.84421
00056.jpg 724 241 42 85 0.84338
00056.jpg 120 276 33 75 0.84118
00056.jpg 552 247 34 91 0.84079
00056.jpg 552 247 37 89 0.83749
00056.jpg 291 236 84 233 0.83742
00056.jpg 727 242 44 86 0.83699
00056.jpg 299 239 72 219 0.82927
00056.jpg 724 240 46 88 0.82871
00056.jpg 787 236 59 122 0.82822
00056.jpg 638 238 45 122 0.82159
00056.jpg 788 237 50 124 0.82004
00056.jpg 785 237 60 123 0.82000
00056.jpg 724 238 52 93 0.81703
00056.jpg 785 241 65 116 0.81305
00056.jpg 292 227 86 249 0.80952
00056.jpg 360 261 50 102 0.80906
00056.jpg 637 240 52 114 0.80824
00056.jpg 638 236 46 121 0.80483
00056.jpg 551 248 39 88 0.80423
00056.jpg 636 239 50 120 0.80012
00056.jpg 365 254 45 110 0.79918
00056.jpg 366 256 43 110 0.79869
00056.jpg 370 258 40 106 0.79581
00056.jpg 722 242 49 89 0.79547
00056.jpg 724 238 52 92 0.79527
00056.jpg 81 277 25 73 0.79305
00056.jpg 300 240 70 215 0.79280
00056.jpg 725 239 48 92 0.77813
00056.jpg 553 249 40 87 0.77740
00056.jpg 367 255 43 113 0.77534
00056.jpg 637 241 51 121 0.77407
00056.jpg 556 248 35 89 0.77181
00056.jpg 78 277 29 75 0.77131
00056.jpg 123 276 32 78 0.77087
00056.jpg 118 281 31 68 0.76717
00056.jpg 121 277 29 71 0.76342
00056.jpg 553 246 36 92 0.76332
00056.jpg 120 278 32 74 0.76250
00056.jpg 548 247 46 89 0.75881
00056.jpg 368 257 44 101 0.75620
00056.jpg 301 240 65 221 0.75512
00056.jpg 119 280 35 71 0.75310
00056.jpg 554 246 38 92 0.75030
00056.jpg 368 258 40 101 0.74780
00056.jpg 637 239 53 117 0.74581
00056.jpg 640 237 48 121 0.74410
00056.jpg 86 273 24 76 0.74001
00056.jpg 0 364 59 152 0.73952
00056.jpg 725 240 50 89 0.73618
00056.jpg 287 227 84 245 0.73446
00056.jpg 0 357 55 166 0.73249
00056.jpg 367 259 38 97 0.73010
00056.jpg 553 247 37 89 0.72973
00056.jpg 787 241 55 120 0.72592
00056.jpg 368 256 44 104 0.72556
00056.jpg 551 244 40 95 0.72486
00056.jpg 783 236 68 134 0.72455
00056.jpg 291 231 90 238 0.72059
00056.jpg 80 281 28 70 0.72041
00056.jpg 643 239 43 118 0.71628
00056.jpg 305 242 64 225 0.70435
00056.jpg 558 247 35 87 0.70148
00056.jpg 127 283 24 66 0.70123
00056.jpg 551 250 33 86 0.69782
00056.jpg 789 238 55 122 0.69592
00056.jpg 726 239 49 88 0.69279
00056.jpg 284 232 96 242 0.69028
00056.jpg 725 250 44 84 0.68878
00056.jpg 0 357 60 158 0.68549
00056.jpg 870 240 25 39 0.68472
00056.jpg 787 231 57 129 0.68318
00056.jpg 788 237 53 120 0.68317
00056.jpg 287 224 95 238 0.68196
00056.jpg 551 248 37 86 0.68192
00056.jpg 633 244 49 116 0.68178
00056.jpg 0 359 69 151 0.68081
00056.jpg 556 251 32 84 0.67934
00056.jpg 786 252 65 107 0.67876
00056.jpg 793 239 52 121 0.67744
00056.jpg 119 278 35 73 0.67637
00056.jpg 1 367 62 153 0.67318
00056.jpg 80 280 26 74 0.67050
00056.jpg 0 360 66 159 0.66808
00056.jpg 362 256 42 108 0.66780
00056.jpg 295 254 84 213 0.66524
00056.jpg 721 239 52 95 0.66462
00056.jpg 1 353 71 171 0.66400
00056.jpg 798 237 54 118 0.66375
00056.jpg 0 360 71 150 0.66170
00056.jpg 791 236 59 124 0.66121
00056.jpg 290 233 90 241 0.65882
00056.jpg 120 278 33 75 0.65858
00056.jpg 300 262 22 63 0.65780
00056.jpg 722 248 51 84 0.65627
00056.jpg 1 358 65 166 0.65599
00056.jpg 363 259 43 107 0.65323
00056.jpg 779 242 60 120 0.64850
00056.jpg 723 243 44 92 0.64489
00056.jpg 0 365 52 153 0.64080
00056.jpg 788 239 55 118 0.63932
00056.jpg 0 350 88 172 0.63893
00056.jpg 0 355 76 169 0.63793
00056.jpg 118 277 31 70 0.63727
00056.jpg 2 365 64 153 0.63647
00056.jpg 370 262 39 101 0.63434
00056.jpg 297 250 71 175 0.63283
00056.jpg 551 249 39 85 0.63030
00056.jpg 0 363 61 151 0.63016
00056.jpg 363 257 41 107 0.62868
00056.jpg 82 278 28 76 0.62171
00056.jpg 297 240 71 211 0.61400
00056.jpg 0 362 63 152 0.61007
00056.jpg 0 359 73 162 0.60893
00056.jpg 550 248 42 88 0.60552
00056.jpg 82 279 34 70 0.60514
00056.jpg 636 237 55 113 0.60507
00056.jpg 361 257 49 106 0.60484
00056.jpg 726 243 52 85 0.60314
00056.jpg 793 236 57 130 0.59798
00056.jpg 371 258 40 102 0.59341
00056.jpg 0 363 56 147 0.59313
00056.jpg 79 272 24 84 0.59171
00056.jpg 0 346 86 179 0.59095
00056.jpg 359 252 45 121 0.58532
00056.jpg 0 363 70 149 0.58428
00056.jpg 721 239 55 93 0.58231
00056.jpg 793 233 54 126 0.57647
00056.jpg 722 240 45 92 0.57477
00056.jpg 634 237 51 125 0.57240
00056.jpg 80 272 22 79 0.56969
00056.jpg 80 280 26 73 0.56964
00056.jpg 120 276 32 73 0.56491
00056.jpg 642 240 48 113 0.56426
00056.jpg 115 277 32 75 0.56362
00056.jpg 554 245 38 90 0.56348
00056.jpg 728 234 46 89 0.56270
00056.jpg 0 354 76 165 0.56066
00056.jpg 548 247 43 93 0.55655
00056.jpg 83 275 29 72 0.55308
00056.jpg 87 276 25 73 0.54417
00056.jpg 0 366 67 142 0.53976
00056.jpg 3 362 70 158 0.53923
00056.jpg 0 357 76 168 0.53693
00056.jpg 877 241 16 28 0.53568
00056.jpg 784 235 69 122 0.53348
00056.jpg 365 256 40 106 0.53285
00056.jpg 2 366 76 162 0.53267
00056.jpg 302 239 64 226 0.53224
00056.jpg 80 280 22 72 0.52972
00056.jpg 724 238 49 85 0.52594
00056.jpg 361 248 53 111 0.52468
00056.jpg 10 360 57 165 0.51773
00056.jpg 368 251 42 108 0.51714
00056.jpg 2 356 73 161 0.51557
00056.jpg 631 235 60 125 0.51429
00056.jpg 364 254 38 103 0.51297
00056.jpg 873 238 22 36 0.51283
00056.jpg 723 239 53 94 0.51277
00056.jpg 556 243 36 93 0.51245
00056.jpg 791 237 55 117 0.50990
00056.jpg 118 277 29 70 0.50547
00056.jpg 303 262 18 65 0.50145
00056.jpg 83 298 24 52 0.50030
