00060.jpg 556 247 34 88 0.99909
00060.jpg 554 245 36 91 0.99873
00060.jpg 646 230 38 126 0.99812
00060.jpg 648 233 38 123 0.99750
00060.jpg 553 247 35 87 0.99744
00060.jpg 647 230 39 122 0.99709
00060.jpg 785 235 60 132 0.99704
00060.jpg 71 272 72 87 0.99627
00060.jpg 779 237 68 122 0.99606
00060.jpg 649 228 37 126 0.99563
00060.jpg 78 278 70 78 0.99529
00060.jpg 722 235 51 93 0.99504
00060.jpg 782 240 66 123 0.99498
00060.jpg 306 240 80 223 0.99494
00060.jpg 723 238 46 88 0.99397
00060.jpg 555 247 34 87 0.99309
00060.jpg 313 234 74 235 0.99230
00060.jpg 75 273 75 84 0.99221
00060.jpg 783 240 60 121 0.99200
00060.jpg 555 243 36 92 0.99176
00060.jpg 647 225 39 135 0.99171
00060.jpg 72 278 75 75 0.99048
00060.jpg 790 235 56 127 0.99027
00060.jpg 74 274 76 81 0.99020
00060.jpg 310 227 78 244 0.98998
00060.jpg 81 276 66 80 0.98965
00060.jpg 308 235 76 238 0.98952
00060.jpg 649 225 34 133 0.98936
00060.jpg 688 249 39 83 0.98924
00060.jpg 304 242 84 230 0.98801
00060.jpg 556 246 37 87 0.98749
00060.jpg 724 238 50 85 0.98644
00060.jpg 646 230 39 127 0.98639
00060.jpg 787 232 55 132 0.98618
00060.jpg 306 230 84 242 0.98597
00060.jpg 725 238 42 89 0.98573
00060.jpg 307 234 80 230 0.98529
00060.jpg 786 238 60 122 0.98437
00060.jpg 557 249 34 84 0.98427
00060.jpg 309 229 79 245 0.98365
00060.jpg 724 240 46 86 0.98320
00060.jpg 782 238 65 122 0.98284
00060.jpg 689 244 38 83 0.98079
00060.jpg 787 236 57 124 0.98050
00060.jpg 786 236 56 126 0.98040
00060.jpg 723 240 46 90 0.98015
00060.jpg 310 240 76 221 0.98003
00060.jpg 647 233 36 125 0.97984
00060.jpg 649 232 40 125 0.97956
00060.jpg 307 234 83 239 0.97954
00060.jpg 306 241 88 227 0.97946
00060.jpg 726 236 45 89 0.97920
00060.jpg 303 222 85 251 0.97911
00060.jpg 309 241 76 224 0.97903
00060.jpg 307 230 79 240 0.97899
00060.jpg 785 238 59 124 0.97893
00060.jpg 650 225 36 133 0.97858
00060.jpg 723 239 47 89 0.97811
00060.jpg 783 239 62 122 0.97772
00060.jpg 647 230 38 127 0.97748
00060.jpg 723 237 50 88 0.97722
00060.jpg 724 235 42 94 0.97678
00060.jpg 307 243 76 223 0.97657
00060.jpg 648 233 37 123 0.97645
00060.jpg 723 235 49 90 0.97641
00060.jpg 786 234 59 127 0.97635
00060.jpg 2 290 44 244 0.97631
00060.jpg 646 230 41 123 0.97627
00060.jpg 75 276 70 78 0.97507
00060.jpg 556 247 36 86 0.97494
00060.jpg 645 230 43 122 0.97432
00060.jpg 648 226 36 132 0.97425
00060.jpg 787 238 61 128 0.97406
00060.jpg 647 227 38 134 0.97372
00060.jpg 305 234 86 238 0.97344
00060.jpg 783 233 62 127 0.97328
00060.jpg 723 237 45 89 0.97321
00060.jpg 726 235 44 92 0.97257
00060.jpg 310 237 80 226 0.97213
00060.jpg 786 236 56 129 0.97206
00060.jpg 366 259 35 96 0.97149
00060.jpg 721 234 50 91 0.97127
00060.jpg 82 278 54 77 0.97034
00060.jpg 787 237 61 125 0.97002
00060.jpg 313 233 71 240 0.96996
00060.jpg 309 240 77 231 0.96968
00060.jpg 783 238 60 126 0.96949
00060.jpg 363 252 39 107 0.96921
00060.jpg 784 238 61 122 0.96910
00060.jpg 785 238 59 123 0.96778
00060.jpg 556 245 34 87 0.96767
00060.jpg 788 237 53 128 0.96741
00060.jpg 310 239 74 226 0.96711
00060.jpg 647 227 41 132 0.96660
00060.jpg 685 251 43 79 0.96657
00060.jpg 75 276 77 75 0.96578
00060.jpg 80 274 62 80 0.96543
00060.jpg 312 245 69 223 0.96543
00060.jpg 556 248 36 87 0.96458
00060.jpg 724 237 47 91 0.96449
00060.jpg 367 259 35 103 0.96404
00060.jpg 647 230 40 122 0.96384
00060.jpg 305 237 77 233 0.96383
00060.jpg 787 235 59 126 0.96357
00060.jpg 74 276 78 75 0.96332
00060.jpg 685 246 40 84 0.96252
00060.jpg 724 237 48 90 0.96248
00060.jpg 784 237 61 121 0.96244
00060.jpg 724 237 49 93 0.96223
00060.jpg 78 278 63 77 0.96213
00060.jpg 369 258 36 99 0.96177
00060.jpg 73 275 79 78 0.96028
00060.jpg 555 246 34 91 0.95942
00060.jpg 723 236 48 85 0.95759
00060.jpg 303 237 82 236 0.95728
00060.jpg 310 241 78 225 0.95677
00060.jpg 650 228 34 131 0.95651
00060.jpg 723 236 45 93 0.95646
00060.jpg 367 257 36 96 0.95633
00060.jpg 2 284 49 246 0.95604
00060.jpg 554 249 36 88 0.95551
00060.jpg 309 233 79 232 0.95543
00060.jpg 781 239 62 122 0.95480
00060.jpg 302 230 89 243 0.95468
00060.jpg 782 239 65 124 0.95441
00060.jpg 554 246 35 86 0.95386
00060.jpg 554 249 34 85 0.95373
00060.jpg 783 236 61 128 0.95322
00060.jpg 364 259 38 98 0.95298
00060.jpg 77 276 69 79 0.95258
00060.jpg 307 238 80 227 0.95237
00060.jpg 726 235 42 87 0.95177
00060.jpg 74 275 72 81 0.95172
00060.jpg 782 237 64 124 0.95159
00060.jpg 557 246 33 86 0.95076
00060.jpg 79 274 68 77 0.94991
00060.jpg 1 280 41 259 0.94954
00060.jpg 314 235 79 241 0.94902
00060.jpg 84 278 62 75 0.94750
00060.jpg 306 237 81 228 0.94716
00060.jpg 778 238 68 124 0.94547
00060.jpg 0 291 44 248 0.94413
00060.jpg 724 234 45 95 0.94396
00060.jpg 556 243 33 92 0.94370
00060.jpg 782 239 65 126 0.94301
00060.jpg 725 236 43 90 0.94264
00060.jpg 76 276 16 74 0.94259
00060.jpg 77 274 70 80 0.94240
00060.jpg 557 244 34 94 0.94223
00060.jpg 725 242 45 88 0.94191
00060.jpg 778 241 68 121 0.94191
00060.jpg 366 256 33 100 0.94092
00060.jpg 781 239 60 123 0.94061
00060.jpg 75 274 65 81 0.93870
00060.jpg 77 274 71 80 0.93836
00060.jpg 683 247 42 82 0.93789
00060.jpg 313 242 72 224 0.93704
00060.jpg 783 236 62 122 0.93642
00060.jpg 363 257 40 100 0.93565
00060.jpg 77 276 69 80 0.93561
00060.jpg 554 244 34 91 0.93530
00060.jpg 647 231 39 125 0.93418
00060.jpg 74 272 23 81 0.93357
00060.jpg 364 257 39 97 0.93315
00060.jpg 307 237 84 229 0.93267
00060.jpg 81 277 67 76 0.93120
00060.jpg 77 274 74 80 0.93065
00060.jpg 555 246 37 89 0.92996
00060.jpg 556 245 36 90 0.92992
00060.jpg 308 239 82 230 0.92956
00060.jpg 785 236 56 125 0.92925
00060.jpg 724 238 48 91 0.92851
00060.jpg 722 238 46 87 0.92845
00060.jpg 78 277 67 76 0.92714
00060.jpg 76 273 73 84 0.92698
00060.jpg 722 236 46 87 0.92610
00060.jpg 78 273 70 83 0.92597
00060.jpg 555 246 33 91 0.92593
00060.jpg 785 236 60 119 0.92545
00060.jpg 83 277 51 79 0.92383
00060.jpg 305 241 81 224 0.92259
00060.jpg 723 235 44 93 0.92215
00060.jpg 79 277 68 74 0.91964
00060.jpg 688 247 37 78 0.91895
00060.jpg 787 236 55 129 0.91821
00060.jpg 366 256 33 107 0.91696
00060.jpg 366 257 37 99 0.91666
00060.jpg 2 273 41 266 0.91560
00060.jpg 305 240 79 225 0.91512
00060.jpg 688 252 41 77 0.91451
00060.jpg 789 237 57 123 0.91446
00060.jpg 778 239 68 117 0.91304
00060.jpg 782 235 62 127 0.91169
00060.jpg 364 257 40 100 0.91006
00060.jpg 364 260 40 91 0.90988
00060.jpg 366 258 37 101 0.90950
00060.jpg 647 228 37 133 0.90876
00060.jpg 306 240 84 219 0.90869
00060.jpg 781 239 68 121 0.90799
00060.jpg 646 228 39 129 0.90795
00060.jpg 726 239 43 84 0.90659
00060.jpg 1 288 47 251 0.90638
00060.jpg 362 250 44 117 0.90630
00060.jpg 1 279 42 260 0.90528
00060.jpg 1 281 50 248 0.90365
00060.jpg 647 231 38 127 0.90356
00060.jpg 783 238 64 124 0.89943
00060.jpg 89 276 51 76 0.89890
00060.jpg 650 229 31 128 0.89832
00060.jpg 76 274 25 81 0.89804
00060.jpg 310 235 80 240 0.89628
00060.jpg 83 279 56 77 0.89299
00060.jpg 366 255 38 107 0.89292
00060.jpg 0 313 45 216 0.89286
00060.jpg 725 239 46 85 0.89232
00060.jpg 724 234 50 90 0.89182
00060.jpg 76 274 24 77 0.89074
00060.jpg 693 250 36 81 0.88931
00060.jpg 687 248 37 83 0.88316
00060.jpg 366 251 36 109 0.88121
00060.jpg 73 276 31 76 0.87945
00060.jpg 75 276 74 81 0.87921
00060.jpg 649 231 36 126 0.87890
00060.jpg 791 236 57 118 0.87870
00060.jpg 780 237 68 126 0.87807
00060.jpg 86 278 51 73 0.87698
00060.jpg 1 287 45 243 0.87450
00060.jpg 556 247 36 86 0.87174
00060.jpg 308 233 83 241 0.87166
00060.jpg 77 276 74 81 0.87161
00060.jpg 551 247 43 87 0.87158
00060.jpg 1 265 40 274 0.87121
00060.jpg 785 243 64 121 0.87115
00060.jpg 552 244 38 92 0.87055
00060.jpg 2 282 50 255 0.87030
00060.jpg 309 245 78 208 0.87008
00060.jpg 554 245 34 89 0.86869
00060.jpg 722 237 47 83 0.86850
00060.jpg 552 247 34 88 0.86825
00060.jpg 311 238 71 224 0.86823
00060.jpg 367 251 37 111 0.86772
00060.jpg 83 275 63 74 0.86715
00060.jpg 305 253 25 77 0.86666
00060.jpg 365 255 37 107 0.86427
00060.jpg 2 282 51 250 0.86426
00060.jpg 685 249 45 79 0.86164
00060.jpg 308 258 86 198 0.86095
00060.jpg 81 275 65 80 0.85967
00060.jpg 366 258 38 91 0.85873
00060.jpg 783 249 65 107 0.85830
00060.jpg 555 246 37 90 0.85687
00060.jpg 783 240 58 111 0.85660
00060.jpg 725 239 47 87 0.85629
00060.jpg 0 287 51 250 0.85566
00060.jpg 787 241 52 122 0.85532
00060.jpg 370 254 32 105 0.85509
00060.jpg 80 272 72 83 0.85323
00060.jpg 83 275 59 80 0.85195
00060.jpg 364 254 40 110 0.85118
00060.jpg 76 271 71 86 0.84959
00060.jpg 363 251 37 111 0.84876
00060.jpg 687 246 46 82 0.84847
00060.jpg 74 275 73 78 0.84397
00060.jpg 367 254 37 109 0.84350
00060.jpg 648 226 42 132 0.84146
00060.jpg 786 241 63 123 0.83987
00060.jpg 685 248 42 79 0.83885
00060.jpg 646 228 37 130 0.83823
00060.jpg 558 247 36 87 0.83598
00060.jpg 689 248 40 76 0.83514
00060.jpg 690 249 41 77 0.83246
00060.jpg 0 284 46 255 0.83111
00060.jpg 775 241 67 116 0.83033
00060.jpg 558 245 33 93 0.82985
00060.jpg 79 277 74 78 0.82975
00060.jpg 792 235 53 130 0.82961
00060.jpg 83 278 66 76 0.82857
00060.jpg 0 281 54 258 0.82734
00060.jpg 77 278 63 79 0.82631
00060.jpg 364 255 35 100 0.82592
00060.jpg 790 241 49 117 0.82590
00060.jpg 788 240 57 119 0.82346
00060.jpg 646 233 36 124 0.82303
00060.jpg 0 309 52 227 0.82301
00060.jpg 726 235 47 83 0.82243
00060.jpg 366 258 38 95 0.82121
00060.jpg 81 276 56 77 0.82065
00060.jpg 308 233 80 232 0.82042
00060.jpg 683 249 42 81 0.81910
00060.jpg 688 249 37 80 0.81891
00060.jpg 723 239 45 83 0.81817
00060.jpg 365 252 36 108 0.81764
00060.jpg 300 234 95 240 0.81705
00060.jpg 80 274 69 80 0.81566
00060.jpg 369 256 34 104 0.81388
00060.jpg 687 247 38 78 0.81305
00060.jpg 792 233 52 129 0.81183
00060.jpg 683 249 48 78 0.81072
00060.jpg 72 274 78 81 0.80955
00060.jpg 794 236 52 124 0.80915
00060.jpg 76 271 19 76 0.80870
00060.jpg 682 248 41 84 0.80856
00060.jpg 557 247 36 85 0.80836
00060.jpg 75 273 75 80 0.80820
00060.jpg 3 288 54 246 0.80787
00060.jpg 77 276 58 79 0.80610
00060.jpg 2 279 47 257 0.80595
00060.jpg 84 275 63 78 0.80590
00060.jpg 552 249 35 86 0.80545
00060.jpg 88 277 61 74 0.80487
00060.jpg 307 252 28 74 0.80474
00060.jpg 682 245 48 84 0.80401
00060.jpg 685 248 36 80 0.80307
00060.jpg 791 235 52 125 0.80254
00060.jpg 308 227 85 246 0.80230
00060.jpg 725 235 48 93 0.80109
00060.jpg 721 236 53 92 0.79768
00060.jpg 778 238 61 118 0.79705
00060.jpg 72 275 76 78 0.79652
00060.jpg 3 292 42 247 0.79641
00060.jpg 365 257 32 97 0.79604
00060.jpg 306 255 18 74 0.79463
00060.jpg 688 251 40 76 0.79151
00060.jpg 77 272 69 85 0.78840
00060.jpg 722 237 52 85 0.78676
00060.jpg 306 235 80 234 0.78127
00060.jpg 311 243 70 212 0.78110
00060.jpg 5 274 43 265 0.77950
00060.jpg 363 254 36 101 0.77810
00060.jpg 306 231 85 237 0.77615
00060.jpg 773 245 75 108 0.77437
00060.jpg 366 257 39 93 0.77427
00060.jpg 83 279 51 74 0.77393
00060.jpg 120 272 26 69 0.76984
00060.jpg 724 237 46 83 0.76865
00060.jpg 88 277 57 75 0.76744
00060.jpg 0 286 49 252 0.76657
00060.jpg 3 298 37 241 0.76506
00060.jpg 76 272 30 81 0.76482
00060.jpg 721 237 55 88 0.76459
00060.jpg 0 275 50 260 0.75840
00060.jpg 690 246 37 78 0.75799
00060.jpg 727 239 44 90 0.75702
00060.jpg 644 234 44 125 0.75679
00060.jpg 725 240 48 89 0.75557
00060.jpg 78 280 50 77 0.75393
00060.jpg 77 277 69 78 0.75367
00060.jpg 684 244 41 88 0.75292
00060.jpg 689 246 32 78 0.75199
00060.jpg 80 275 59 77 0.74870
00060.jpg 0 278 45 257 0.74744
00060.jpg 649 232 44 125 0.74459
00060.jpg 73 273 76 84 0.74204
00060.jpg 368 255 37 101 0.74167
00060.jpg 690 247 41 81 0.73971
00060.jpg 77 272 61 83 0.73865
00060.jpg 363 254 36 115 0.73741
00060.jpg 310 250 25 73 0.73412
00060.jpg 363 259 40 96 0.73014
00060.jpg 107 275 40 75 0.72993
00060.jpg 75 278 76 83 0.72751
00060.jpg 646 234 46 121 0.72137
00060.jpg 554 244 37 93 0.72015
00060.jpg 307 249 88 214 0.71927
00060.jpg 364 256 37 101 0.71809
00060.jpg 684 246 41 77 0.71529
00060.jpg 314 240 79 233 0.71489
00060.jpg 0 279 51 252 0.71120
00060.jpg 302 230 83 243 0.70965
00060.jpg 74 276 15 72 0.70737
00060.jpg 4 285 45 247 0.70648
00060.jpg 73 277 75 78 0.70513
00060.jpg 107 280 38 72 0.70355
00060.jpg 74 277 36 72 0.70350
00060.jpg 76 276 19 73 0.70270
00060.jpg 76 275 52 78 0.69719
00060.jpg 723 240 47 87 0.69498
00060.jpg 363 257 37 109 0.69476
00060.jpg 720 236 52 93 0.69430
00060.jpg 776 236 74 117 0.69323
00060.jpg 305 252 76 217 0.69121
00060.jpg 559 249 30 82 0.68911
00060.jpg 367 257 37 102 0.67938
00060.jpg 363 259 41 103 0.67644
00060.jpg 555 247 31 84 0.67407
00060.jpg 306 254 27 72 0.67215
00060.jpg 724 236 51 79 0.67210
00060.jpg 689 247 38 81 0.67174
00060.jpg 114 272 33 78 0.66880
00060.jpg 83 270 68 84 0.66724
00060.jpg 301 236 95 231 0.66659
00060.jpg 310 246 72 217 0.66411
00060.jpg 645 227 44 132 0.66346
00060.jpg 74 277 25 62 0.66336
00060.jpg 551 246 34 86 0.66259
00060.jpg 557 241 35 97 0.66201
00060.jpg 676 247 46 87 0.66084
00060.jpg 791 237 58 122 0.66077
00060.jpg 368 256 37 102 0.65916
00060.jpg 303 228 92 243 0.65683
00060.jpg 721 236 46 97 0.65584
00060.jpg 8 288 43 239 0.65543
00060.jpg 364 256 40 107 0.65297
00060.jpg 772 242 65 124 0.65142
00060.jpg 305 252 29 74 0.65045
00060.jpg 649 232 39 120 0.64749
00060.jpg 305 231 83 239 0.64613
00060.jpg 70 282 77 71 0.64600
00060.jpg 776 245 62 124 0.64523
00060.jpg 641 225 54 127 0.64171
00060.jpg 648 230 40 127 0.64109
00060.jpg 778 237 70 125 0.64088
00060.jpg 313 239 77 218 0.64074
00060.jpg 647 232 37 124 0.63661
00060.jpg 1 298 39 240 0.63420
00060.jpg 307 256 27 63 0.63372
00060.jpg 691 248 41 78 0.63183
00060.jpg 76 273 25 75 0.63181
00060.jpg 682 243 51 83 0.63046
00060.jpg 74 274 80 81 0.62980
00060.jpg 690 250 33 65 0.62884
00060.jpg 81 274 62 79 0.62567
00060.jpg 76 273 15 77 0.62317
00060.jpg 724 236 47 85 0.62203
00060.jpg 782 238 68 126 0.61951
00060.jpg 726 238 41 75 0.61910
00060.jpg 650 227 40 128 0.61763
00060.jpg 74 274 27 80 0.61167
00060.jpg 554 247 39 88 0.61010
00060.jpg 362 252 45 104 0.60856
00060.jpg 300 235 97 231 0.60851
00060.jpg 646 233 43 123 0.60298
00060.jpg 650 232 39 125 0.59989
00060.jpg 1 274 51 256 0.59912
00060.jpg 686 251 41 61 0.59876
00060.jpg 308 247 28 75 0.59745
00060.jpg 111 274 39 70 0.59550
00060.jpg 298 236 83 224 0.59521
00060.jpg 793 235 54 124 0.59077
00060.jpg 693 249 37 80 0.58557
00060.jpg 721 242 45 83 0.58518
00060.jpg 555 245 37 84 0.58448
00060.jpg 311 245 80 202 0.58296
00060.jpg 118 274 30 68 0.58271
00060.jpg 682 244 38 82 0.57894
00060.jpg 305 251 26 75 0.57844
00060.jpg 2 284 51 255 0.57838
00060.jpg 100 272 45 76 0.57677
00060.jpg 74 275 25 79 0.57627
00060.jpg 550 247 39 87 0.57012
00060.jpg 791 238 57 122 0.56905
00060.jpg 771 239 83 107 0.56890
00060.jpg 0 313 51 218 0.56477
00060.jpg 116 278 29 58 0.56179
00060.jpg 117 272 29 77 0.56144
00060.jpg 305 235 92 228 0.55618
00060.jpg 305 256 20 71 0.55505
00060.jpg 3 284 43 243 0.55329
00060.jpg 651 233 36 115 0.55207
00060.jpg 692 250 34 66 0.54791
00060.jpg 90 271 54 83 0.54652
00060.jpg 688 245 44 76 0.54102
00060.jpg 551 241 45 89 0.53920
00060.jpg 81 284 35 69 0.53815
00060.jpg 555 245 39 89 0.53746
00060.jpg 782 242 57 117 0.53725
00060.jpg 790 241 56 112 0.53549
00060.jpg 645 224 43 131 0.53343
00060.jpg 114 274 30 69 0.53160
00060.jpg 1 283 50 252 0.52822
00060.jpg 781 232 73 127 0.52515
00060.jpg 119 276 29 65 0.51971
00060.jpg 78 273 35 76 0.51851
00060.jpg 307 243 86 215 0.51802
00060.jpg 646 234 45 118 0.51709
00060.jpg 552 247 43 87 0.51389
00060.jpg 365 251 39 122 0.51300
00060.jpg 682 248 37 77 0.51262
00060.jpg 77 279 55 73 0.51217
00060.jpg 779 242 55 114 0.51039
00060.jpg 1 332 49 200 0.50973
00060.jpg 777 238 76 115 0.50934
00060.jpg 784 241 53 113 0.50728
00060.jpg 777 240 68 121 0.50685
00060.jpg 305 252 27 82 0.50619
00060.jpg 774 240 61 113 0.50383
00060.jpg 723 238 43 88 0.50309
00060.jpg 682 246 52 82 0.50257
00060.jpg 685 251 42 66 0.50251
