00067.jpg 788 225 49 139 0.99947
00067.jpg 317 250 109 226 0.99927
00067.jpg 317 250 108 226 0.99913
00067.jpg 626 224 64 130 0.99896
00067.jpg 625 226 67 129 0.99892
00067.jpg 1 254 97 274 0.99876
00067.jpg 559 241 29 94 0.99857
00067.jpg 564 243 28 92 0.99846
00067.jpg 6 250 89 272 0.99839
00067.jpg 622 224 72 125 0.99836
00067.jpg 622 224 69 126 0.99830
00067.jpg 0 250 101 270 0.99819
00067.jpg 321 247 99 235 0.99801
00067.jpg 783 229 57 128 0.99771
00067.jpg 328 243 95 240 0.99747
00067.jpg 322 246 101 235 0.99747
00067.jpg 560 245 30 89 0.99701
00067.jpg 316 254 110 222 0.99699
00067.jpg 620 224 70 131 0.99674
00067.jpg 624 226 67 125 0.99653
00067.jpg 627 225 63 128 0.99653
00067.jpg 319 251 109 228 0.99637
00067.jpg 1 247 95 279 0.99600
00067.jpg 625 225 63 129 0.99516
00067.jpg 326 255 90 216 0.99502
00067.jpg 621 230 70 119 0.99488
00067.jpg 724 236 43 93 0.99472
00067.jpg 787 227 53 132 0.99472
00067.jpg 0 253 100 273 0.99466
00067.jpg 2 257 94 260 0.99459
00067.jpg 625 225 63 125 0.99444
00067.jpg 321 249 96 228 0.99422
00067.jpg 322 245 101 232 0.99414
00067.jpg 319 248 106 233 0.99410
00067.jpg 315 245 112 231 0.99397
00067.jpg 788 224 56 137 0.99378
00067.jpg 719 237 48 89 0.99369
00067.jpg 784 230 58 124 0.99343
00067.jpg 784 228 57 130 0.99314
00067.jpg 719 232 52 99 0.99311
00067.jpg 319 253 106 221 0.99305
00067.jpg 788 228 53 132 0.99296
00067.jpg 320 253 105 221 0.99296
00067.jpg 623 225 68 125 0.99276
00067.jpg 315 252 112 225 0.99246
00067.jpg 321 249 105 229 0.99210
00067.jpg 625 224 66 129 0.99193
00067.jpg 719 237 51 92 0.99170
00067.jpg 300 254 38 106 0.99169
00067.jpg 788 229 48 131 0.99075
00067.jpg 626 228 66 124 0.99074
00067.jpg 319 252 98 227 0.99070
00067.jpg 623 226 64 125 0.99037
00067.jpg 322 255 97 212 0.99031
00067.jpg 562 247 30 85 0.98999
00067.jpg 622 228 66 121 0.98993
00067.jpg 0 244 97 283 0.98972
00067.jpg 319 254 106 218 0.98964
00067.jpg 623 226 68 127 0.98943
00067.jpg 313 251 115 226 0.98930
00067.jpg 3 257 87 266 0.98919
00067.jpg 787 230 54 124 0.98911
00067.jpg 786 228 57 130 0.98905
00067.jpg 783 230 60 120 0.98898
00067.jpg 620 223 70 127 0.98882
00067.jpg 0 248 101 275 0.98873
00067.jpg 322 254 101 225 0.98825
00067.jpg 623 226 69 127 0.98816
00067.jpg 720 237 48 93 0.98811
00067.jpg 720 237 45 93 0.98749
00067.jpg 110 278 32 73 0.98718
00067.jpg 0 248 103 274 0.98716
00067.jpg 9 248 84 274 0.98710
00067.jpg 559 245 29 90 0.98709
00067.jpg 0 255 97 254 0.98685
00067.jpg 324 251 96 225 0.98644
00067.jpg 721 238 47 87 0.98633
00067.jpg 621 226 71 125 0.98608
00067.jpg 786 229 53 129 0.98608
00067.jpg 321 249 103 224 0.98598
00067.jpg 107 278 30 69 0.98589
00067.jpg 786 225 57 137 0.98577
00067.jpg 0 256 97 267 0.98562
00067.jpg 320 254 107 217 0.98556
00067.jpg 784 228 57 131 0.98556
00067.jpg 1 246 92 273 0.98528
00067.jpg 784 231 59 126 0.98492
00067.jpg 318 251 109 225 0.98476
00067.jpg 318 251 105 224 0.98460
00067.jpg 624 228 65 123 0.98455
00067.jpg 788 229 52 127 0.98454
00067.jpg 8 248 83 272 0.98450
00067.jpg 720 235 47 93 0.98433
00067.jpg 720 233 49 95 0.98417
00067.jpg 4 254 94 268 0.98416
00067.jpg 562 245 28 90 0.98403
00067.jpg 787 230 53 129 0.98369
00067.jpg 320 257 98 217 0.98318
00067.jpg 620 227 72 125 0.98290
00067.jpg 784 230 60 129 0.98275
00067.jpg 623 224 74 127 0.98258
00067.jpg 624 226 68 127 0.98256
00067.jpg 782 231 58 126 0.98247
00067.jpg 784 228 58 130 0.98226
00067.jpg 787 231 56 130 0.98209
00067.jpg 317 254 110 225 0.98184
00067.jpg 786 226 57 131 0.98151
00067.jpg 626 225 67 127 0.98117
00067.jpg 620 228 73 120 0.98109
00067.jpg 618 228 73 123 0.98092
00067.jpg 3 251 98 277 0.98050
00067.jpg 623 229 66 117 0.98048
00067.jpg 719 235 48 96 0.97996
00067.jpg 4 254 97 276 0.97982
00067.jpg 623 227 69 125 0.97938
00067.jpg 622 225 71 123 0.97875
00067.jpg 623 227 67 122 0.97868
00067.jpg 787 227 55 134 0.97849
00067.jpg 320 249 104 226 0.97823
00067.jpg 723 234 45 96 0.97795
00067.jpg 2 252 88 267 0.97739
00067.jpg 561 242 29 89 0.97710
00067.jpg 319 252 106 230 0.97650
00067.jpg 322 254 102 217 0.97645
00067.jpg 324 241 98 239 0.97623
00067.jpg 722 233 45 95 0.97534
00067.jpg 2 255 92 269 0.97447
00067.jpg 719 239 51 89 0.97415
00067.jpg 621 225 68 130 0.97403
00067.jpg 7 245 91 285 0.97384
00067.jpg 722 238 44 91 0.97343
00067.jpg 326 256 93 217 0.97310
00067.jpg 318 250 109 226 0.97304
00067.jpg 784 225 59 134 0.97303
00067.jpg 5 252 94 269 0.97281
00067.jpg 622 224 69 128 0.97220
00067.jpg 787 229 54 127 0.97207
00067.jpg 786 228 53 129 0.97175
00067.jpg 720 235 48 93 0.97164
00067.jpg 4 254 88 273 0.96999
00067.jpg 720 235 50 95 0.96990
00067.jpg 624 228 62 122 0.96880
00067.jpg 784 231 58 125 0.96861
00067.jpg 562 243 29 91 0.96848
00067.jpg 623 224 63 130 0.96767
00067.jpg 322 256 100 222 0.96752
00067.jpg 721 237 50 89 0.96724
00067.jpg 720 237 50 90 0.96711
00067.jpg 787 228 57 129 0.96676
00067.jpg 316 247 109 236 0.96674
00067.jpg 316 255 110 218 0.96659
00067.jpg 718 237 48 89 0.96646
00067.jpg 784 228 57 131 0.96591
00067.jpg 721 238 45 91 0.96495
00067.jpg 720 236 48 92 0.96482
00067.jpg 317 243 113 237 0.96446
00067.jpg 787 232 54 123 0.96442
00067.jpg 316 247 108 233 0.96412
00067.jpg 786 227 55 131 0.96397
00067.jpg 8 254 90 266 0.96387
00067.jpg 721 238 50 88 0.96380
00067.jpg 3 259 92 260 0.96304
00067.jpg 300 255 37 102 0.96249
00067.jpg 724 237 44 90 0.96226
00067.jpg 720 240 48 86 0.96025
00067.jpg 4 256 93 257 0.96001
00067.jpg 67 282 28 70 0.95927
00067.jpg 316 250 108 229 0.95923
00067.jpg 625 225 66 125 0.95631
00067.jpg 620 225 73 127 0.95587
00067.jpg 327 255 92 222 0.95565
00067.jpg 298 252 37 108 0.95517
00067.jpg 110 279 31 71 0.95450
00067.jpg 785 225 57 135 0.95377
00067.jpg 786 223 56 135 0.95337
00067.jpg 623 230 70 120 0.95327
00067.jpg 6 257 88 251 0.95318
00067.jpg 105 277 35 74 0.95309
00067.jpg 562 242 27 90 0.95269
00067.jpg 786 227 56 132 0.95254
00067.jpg 722 237 46 93 0.95227
00067.jpg 4 255 86 264 0.95218
00067.jpg 788 227 54 132 0.95211
00067.jpg 719 237 48 87 0.95170
00067.jpg 0 247 104 280 0.95156
00067.jpg 301 256 38 99 0.95053
00067.jpg 623 222 67 130 0.94997
00067.jpg 72 284 28 70 0.94936
00067.jpg 623 226 69 124 0.94843
00067.jpg 721 239 49 86 0.94828
00067.jpg 111 279 32 69 0.94791
00067.jpg 110 278 30 67 0.94764
00067.jpg 110 280 31 72 0.94614
00067.jpg 2 251 94 275 0.94578
00067.jpg 623 225 69 124 0.94510
00067.jpg 562 244 29 88 0.94465
00067.jpg 722 234 46 92 0.94451
00067.jpg 721 235 46 92 0.94306
00067.jpg 298 255 39 98 0.94228
00067.jpg 786 232 54 119 0.94123
00067.jpg 316 250 109 226 0.94038
00067.jpg 718 240 55 86 0.94029
00067.jpg 2 255 87 260 0.93974
00067.jpg 719 237 48 92 0.93919
00067.jpg 302 256 36 101 0.93752
00067.jpg 0 244 102 286 0.93635
00067.jpg 327 237 94 249 0.93559
00067.jpg 325 254 93 226 0.93544
00067.jpg 300 251 43 107 0.93518
00067.jpg 782 229 54 126 0.93484
00067.jpg 325 248 102 229 0.93447
00067.jpg 302 254 38 108 0.93317
00067.jpg 327 250 101 234 0.93255
00067.jpg 559 243 29 92 0.93201
00067.jpg 70 278 27 76 0.93097
00067.jpg 621 224 72 125 0.93042
00067.jpg 619 225 75 126 0.92948
00067.jpg 717 237 54 91 0.92922
00067.jpg 299 259 35 99 0.92611
00067.jpg 71 282 23 69 0.92568
00067.jpg 300 254 38 99 0.92299
00067.jpg 0 244 103 281 0.92235
00067.jpg 621 223 63 129 0.92121
00067.jpg 2 247 97 281 0.92115
00067.jpg 562 245 29 86 0.91943
00067.jpg 2 251 96 276 0.91659
00067.jpg 1 242 97 284 0.91537
00067.jpg 0 249 99 275 0.91407
00067.jpg 560 244 31 92 0.91392
00067.jpg 114 279 28 67 0.91387
00067.jpg 0 246 96 275 0.91334
00067.jpg 786 233 58 123 0.91281
00067.jpg 321 251 98 225 0.91274
00067.jpg 624 228 67 129 0.91192
00067.jpg 70 282 31 69 0.91135
00067.jpg 785 227 50 127 0.90924
00067.jpg 720 239 50 87 0.90855
00067.jpg 110 280 29 67 0.90813
00067.jpg 315 248 107 228 0.90262
00067.jpg 560 241 31 92 0.90217
00067.jpg 295 258 41 98 0.90157
00067.jpg 620 230 70 117 0.90073
00067.jpg 788 227 57 136 0.89895
00067.jpg 71 280 27 72 0.89871
00067.jpg 321 254 105 218 0.89827
00067.jpg 320 253 99 223 0.89791
00067.jpg 785 231 57 122 0.89598
00067.jpg 716 236 56 95 0.89591
00067.jpg 317 250 107 225 0.89568
00067.jpg 318 257 108 219 0.89424
00067.jpg 560 245 30 85 0.89276
00067.jpg 301 253 39 97 0.89085
00067.jpg 722 236 42 90 0.89034
00067.jpg 627 225 64 125 0.88878
00067.jpg 296 258 41 95 0.88869
00067.jpg 112 276 29 69 0.88451
00067.jpg 69 275 22 78 0.88357
00067.jpg 97 277 36 71 0.88078
00067.jpg 784 227 61 129 0.88022
00067.jpg 785 229 60 134 0.87545
00067.jpg 624 226 68 122 0.87497
00067.jpg 4 250 94 275 0.87234
00067.jpg 298 259 39 95 0.87207
00067.jpg 560 241 31 97 0.87061
00067.jpg 304 255 35 99 0.87042
00067.jpg 781 229 65 123 0.86909
00067.jpg 560 247 23 82 0.86826
00067.jpg 782 234 52 121 0.86669
00067.jpg 68 277 26 75 0.86623
00067.jpg 719 239 44 89 0.86346
00067.jpg 560 240 32 98 0.86172
00067.jpg 303 256 38 96 0.86070
00067.jpg 300 254 41 100 0.85970
00067.jpg 722 238 44 87 0.85921
00067.jpg 563 244 30 89 0.85877
00067.jpg 789 232 49 131 0.85835
00067.jpg 785 230 55 124 0.85794
00067.jpg 624 230 66 119 0.85629
00067.jpg 721 233 43 99 0.85492
00067.jpg 72 279 23 70 0.85414
00067.jpg 564 243 28 92 0.85408
00067.jpg 621 227 64 123 0.85205
00067.jpg 722 240 49 85 0.84599
00067.jpg 303 252 37 105 0.84569
00067.jpg 8 249 88 272 0.84329
00067.jpg 318 254 107 219 0.84158
00067.jpg 298 257 45 97 0.84021
00067.jpg 98 274 36 76 0.83968
00067.jpg 717 236 47 91 0.83929
00067.jpg 113 279 31 66 0.83763
00067.jpg 560 244 30 86 0.83601
00067.jpg 564 242 29 92 0.83514
00067.jpg 316 236 107 251 0.83296
00067.jpg 89 278 48 70 0.82949
00067.jpg 1 252 100 273 0.82919
00067.jpg 724 239 48 85 0.82877
00067.jpg 3 259 92 256 0.82870
00067.jpg 110 283 32 66 0.82769
00067.jpg 787 229 52 128 0.82750
00067.jpg 720 236 53 86 0.82737
00067.jpg 303 254 40 105 0.82601
00067.jpg 108 279 31 69 0.82531
00067.jpg 296 257 42 100 0.82421
00067.jpg 298 258 34 95 0.82114
00067.jpg 108 281 28 64 0.82023
00067.jpg 786 227 55 135 0.81945
00067.jpg 303 253 39 107 0.81653
00067.jpg 107 276 32 73 0.81638
00067.jpg 622 230 65 127 0.81407
00067.jpg 112 284 27 61 0.81263
00067.jpg 299 254 43 104 0.81237
00067.jpg 318 252 104 225 0.80408
00067.jpg 297 252 37 107 0.80376
00067.jpg 560 244 32 90 0.80288
00067.jpg 619 222 74 122 0.79743
00067.jpg 722 242 47 83 0.79501
00067.jpg 718 237 48 88 0.79357
00067.jpg 302 256 36 104 0.79219
00067.jpg 105 279 30 70 0.79057
00067.jpg 66 277 31 76 0.78662
00067.jpg 68 276 28 76 0.78552
00067.jpg 622 224 71 123 0.78325
00067.jpg 785 225 54 134 0.78222
00067.jpg 561 246 30 87 0.78137
00067.jpg 561 245 27 89 0.78023
00067.jpg 9 251 88 265 0.77933
00067.jpg 9 255 82 257 0.77914
00067.jpg 782 227 56 135 0.77898
00067.jpg 718 239 56 91 0.77895
00067.jpg 300 254 43 102 0.77739
00067.jpg 723 239 51 91 0.77644
00067.jpg 723 234 49 85 0.77580
00067.jpg 69 280 27 75 0.77563
00067.jpg 69 278 29 75 0.77526
00067.jpg 300 257 38 100 0.77460
00067.jpg 299 254 36 106 0.77258
00067.jpg 109 277 33 70 0.76974
00067.jpg 562 242 31 91 0.76901
00067.jpg 96 278 40 72 0.76852
00067.jpg 719 239 42 88 0.76745
00067.jpg 620 227 65 118 0.76328
00067.jpg 301 253 40 101 0.76292
00067.jpg 8 248 95 265 0.75872
00067.jpg 328 244 100 227 0.75750
00067.jpg 69 278 30 74 0.75424
00067.jpg 105 277 37 71 0.75336
00067.jpg 3 250 88 261 0.75206
00067.jpg 308 252 35 102 0.74696
00067.jpg 299 256 43 95 0.74576
00067.jpg 295 255 42 95 0.74165
00067.jpg 787 223 52 136 0.73902
00067.jpg 111 279 32 69 0.73873
00067.jpg 304 255 38 94 0.73665
00067.jpg 74 279 24 70 0.73632
00067.jpg 112 278 30 71 0.73488
00067.jpg 107 280 37 67 0.72980
00067.jpg 789 228 55 129 0.72920
00067.jpg 621 221 72 125 0.72693
00067.jpg 322 248 94 228 0.72287
00067.jpg 68 276 25 79 0.71990
00067.jpg 565 244 30 89 0.71951
00067.jpg 562 241 30 95 0.71936
00067.jpg 618 227 71 124 0.71287
00067.jpg 109 276 34 70 0.70912
00067.jpg 68 279 24 75 0.70892
00067.jpg 299 255 41 96 0.70875
00067.jpg 102 278 37 73 0.70632
00067.jpg 561 243 31 95 0.70554
00067.jpg 778 232 59 129 0.70284
00067.jpg 622 226 76 126 0.70175
00067.jpg 3 257 89 271 0.70079
00067.jpg 319 246 98 232 0.69689
00067.jpg 6 258 101 265 0.69532
00067.jpg 97 276 45 72 0.69264
00067.jpg 786 228 59 135 0.69247
00067.jpg 67 277 31 78 0.69135
00067.jpg 66 277 28 75 0.68762
00067.jpg 102 278 33 71 0.68761
00067.jpg 559 245 33 90 0.68709
00067.jpg 69 286 30 68 0.68446
00067.jpg 302 256 42 99 0.68194
00067.jpg 303 254 38 103 0.67656
00067.jpg 110 277 30 73 0.67570
00067.jpg 108 280 31 67 0.67118
00067.jpg 558 240 29 92 0.67059
00067.jpg 1 251 91 265 0.67048
00067.jpg 784 232 56 121 0.66955
00067.jpg 96 280 44 67 0.66955
00067.jpg 304 253 35 108 0.66693
00067.jpg 720 236 42 88 0.66608
00067.jpg 615 222 73 127 0.66320
00067.jpg 3 257 88 250 0.66165
00067.jpg 628 228 59 120 0.65746
00067.jpg 68 277 27 71 0.65478
00067.jpg 784 223 59 126 0.65096
00067.jpg 786 227 57 126 0.64761
00067.jpg 790 228 54 128 0.64647
00067.jpg 625 232 58 116 0.64537
00067.jpg 1 256 91 253 0.64410
00067.jpg 108 280 35 68 0.64199
00067.jpg 317 253 104 203 0.63882
00067.jpg 784 225 54 132 0.63417
00067.jpg 298 260 34 90 0.62988
00067.jpg 719 237 51 84 0.62778
00067.jpg 307 254 37 105 0.62766
00067.jpg 100 276 40 72 0.62523
00067.jpg 113 280 29 68 0.61436
00067.jpg 718 239 50 93 0.61342
00067.jpg 559 246 24 88 0.60898
00067.jpg 114 276 30 72 0.60862
00067.jpg 786 233 60 116 0.60631
00067.jpg 2 244 104 286 0.60586
00067.jpg 325 249 105 228 0.60264
00067.jpg 562 244 32 91 0.60187
00067.jpg 110 282 27 66 0.60172
00067.jpg 69 282 26 66 0.59846
00067.jpg 717 240 56 87 0.59467
00067.jpg 780 227 57 125 0.59217
00067.jpg 621 223 72 123 0.59142
00067.jpg 98 275 45 76 0.58923
00067.jpg 0 252 96 263 0.58833
00067.jpg 627 222 67 135 0.58611
00067.jpg 70 282 26 72 0.58179
00067.jpg 311 253 33 94 0.58109
00067.jpg 308 250 122 216 0.57712
00067.jpg 622 229 67 114 0.57438
00067.jpg 94 277 51 71 0.57332
00067.jpg 309 259 116 210 0.57153
00067.jpg 787 227 55 128 0.57109
00067.jpg 5 262 94 254 0.57056
00067.jpg 348 251 51 90 0.56613
00067.jpg 93 276 29 71 0.56324
00067.jpg 323 252 108 215 0.56275
00067.jpg 559 244 29 85 0.55698
00067.jpg 297 257 37 100 0.55682
00067.jpg 625 223 65 128 0.55281
00067.jpg 295 254 40 100 0.55171
00067.jpg 309 255 35 92 0.55028
00067.jpg 719 240 44 92 0.54999
00067.jpg 294 256 41 99 0.54944
00067.jpg 630 225 62 130 0.54721
00067.jpg 722 240 54 94 0.54536
00067.jpg 96 279 46 70 0.54373
00067.jpg 726 234 44 84 0.54264
00067.jpg 721 237 45 80 0.54116
00067.jpg 722 233 50 88 0.53524
00067.jpg 105 276 29 70 0.52970
00067.jpg 65 275 33 73 0.52675
00067.jpg 324 254 99 218 0.52568
00067.jpg 315 260 95 217 0.52323
00067.jpg 344 255 67 163 0.52000
00067.jpg 87 277 53 75 0.51675
00067.jpg 789 231 57 123 0.51565
00067.jpg 299 254 41 105 0.51492
00067.jpg 792 230 56 130 0.51218
00067.jpg 1 249 90 271 0.51198
00067.jpg 299 249 36 109 0.50666
00067.jpg 112 279 32 68 0.50664
00067.jpg 352 254 47 88 0.50488
