00070.jpg 782 227 57 131 0.99942
00070.jpg 321 249 111 230 0.99926
00070.jpg 624 227 69 121 0.99923
00070.jpg 625 226 66 126 0.99904
00070.jpg 8 260 116 264 0.99888
00070.jpg 328 248 102 234 0.99888
00070.jpg 625 226 70 123 0.99884
00070.jpg 326 249 110 230 0.99884
00070.jpg 327 245 106 229 0.99871
00070.jpg 330 243 105 244 0.99866
00070.jpg 339 250 92 234 0.99864
00070.jpg 331 250 103 234 0.99850
00070.jpg 785 228 56 128 0.99843
00070.jpg 628 227 60 126 0.99822
00070.jpg 626 226 65 124 0.99813
00070.jpg 323 248 109 232 0.99807
00070.jpg 323 243 111 237 0.99797
00070.jpg 326 248 105 240 0.99796
00070.jpg 329 250 104 228 0.99795
00070.jpg 786 224 53 136 0.99784
00070.jpg 5 258 117 277 0.99781
00070.jpg 627 225 63 133 0.99775
00070.jpg 2 259 127 278 0.99775
00070.jpg 327 246 103 233 0.99758
00070.jpg 330 249 105 234 0.99758
00070.jpg 625 230 66 122 0.99753
00070.jpg 332 249 93 229 0.99752
00070.jpg 628 224 64 129 0.99726
00070.jpg 627 224 64 127 0.99693
00070.jpg 563 243 27 90 0.99686
00070.jpg 12 264 105 274 0.99685
00070.jpg 626 226 68 128 0.99684
00070.jpg 330 251 102 230 0.99667
00070.jpg 629 225 60 126 0.99646
00070.jpg 624 227 67 125 0.99640
00070.jpg 9 267 115 260 0.99639
00070.jpg 7 252 113 279 0.99638
00070.jpg 716 238 48 89 0.99629
00070.jpg 626 224 68 126 0.99613
00070.jpg 785 226 55 138 0.99604
00070.jpg 6 263 123 266 0.99602
00070.jpg 328 251 104 240 0.99601
00070.jpg 327 252 107 226 0.99599
00070.jpg 559 243 28 90 0.99597
00070.jpg 8 259 121 272 0.99591
00070.jpg 628 222 63 131 0.99586
00070.jpg 783 225 54 131 0.99567
00070.jpg 785 228 54 131 0.99557
00070.jpg 326 253 111 222 0.99554
00070.jpg 629 224 61 128 0.99517
00070.jpg 561 243 27 91 0.99516
00070.jpg 5 255 118 277 0.99507
00070.jpg 783 227 54 129 0.99494
00070.jpg 8 270 119 258 0.99489
00070.jpg 624 225 68 131 0.99480
00070.jpg 9 261 113 274 0.99467
00070.jpg 6 268 119 263 0.99452
00070.jpg 8 269 116 260 0.99444
00070.jpg 626 222 68 132 0.99437
00070.jpg 8 264 115 272 0.99388
00070.jpg 330 255 104 225 0.99383
00070.jpg 326 247 107 237 0.99366
00070.jpg 324 240 109 245 0.99343
00070.jpg 626 229 64 121 0.99322
00070.jpg 718 235 51 96 0.99319
00070.jpg 107 278 33 74 0.99302
00070.jpg 785 230 56 125 0.99297
00070.jpg 4 262 117 274 0.99281
00070.jpg 785 225 52 127 0.99252
00070.jpg 721 238 41 91 0.99244
00070.jpg 104 282 33 67 0.99219
00070.jpg 783 228 56 134 0.99185
00070.jpg 779 227 61 126 0.99184
00070.jpg 9 256 110 279 0.99162
00070.jpg 625 223 69 131 0.99150
00070.jpg 784 223 55 136 0.99147
00070.jpg 782 229 58 127 0.99137
00070.jpg 6 261 115 262 0.99132
00070.jpg 721 236 43 92 0.99128
00070.jpg 626 228 67 124 0.99120
00070.jpg 326 252 105 237 0.99114
00070.jpg 328 248 100 233 0.99085
00070.jpg 325 250 110 240 0.99052
00070.jpg 719 238 49 89 0.99028
00070.jpg 11 259 106 271 0.99000
00070.jpg 107 279 32 70 0.98994
00070.jpg 720 235 44 95 0.98990
00070.jpg 6 260 126 276 0.98981
00070.jpg 624 228 68 122 0.98958
00070.jpg 624 226 69 127 0.98952
00070.jpg 783 231 59 127 0.98901
00070.jpg 325 247 110 225 0.98888
00070.jpg 627 226 65 129 0.98875
00070.jpg 784 226 55 136 0.98840
00070.jpg 326 250 107 232 0.98836
00070.jpg 626 226 69 125 0.98783
00070.jpg 322 246 113 234 0.98762
00070.jpg 720 238 41 93 0.98757
00070.jpg 786 225 56 131 0.98757
00070.jpg 785 228 53 130 0.98728
00070.jpg 330 252 98 225 0.98713
00070.jpg 327 245 109 233 0.98711
00070.jpg 783 230 57 121 0.98699
00070.jpg 625 228 72 124 0.98691
00070.jpg 628 224 64 131 0.98686
00070.jpg 718 236 46 92 0.98678
00070.jpg 325 240 110 239 0.98676
00070.jpg 331 242 101 240 0.98676
00070.jpg 300 253 41 102 0.98666
00070.jpg 716 232 49 99 0.98650
00070.jpg 716 236 49 92 0.98637
00070.jpg 302 248 40 106 0.98628
00070.jpg 325 252 112 231 0.98621
00070.jpg 332 254 102 227 0.98615
00070.jpg 8 266 114 266 0.98602
00070.jpg 718 235 48 93 0.98599
00070.jpg 561 246 28 86 0.98520
00070.jpg 783 228 57 130 0.98503
00070.jpg 720 237 44 91 0.98489
00070.jpg 722 234 46 93 0.98472
00070.jpg 624 227 71 127 0.98462
00070.jpg 334 250 100 229 0.98417
00070.jpg 783 227 58 132 0.98357
00070.jpg 626 228 67 125 0.98293
00070.jpg 624 226 64 129 0.98273
00070.jpg 626 227 67 125 0.98256
00070.jpg 782 229 57 129 0.98166
00070.jpg 718 235 43 92 0.98087
00070.jpg 325 253 108 221 0.98030
00070.jpg 785 229 52 131 0.98008
00070.jpg 103 278 33 73 0.97998
00070.jpg 302 250 36 103 0.97969
00070.jpg 109 278 33 71 0.97887
00070.jpg 107 280 34 69 0.97742
00070.jpg 626 230 65 121 0.97734
00070.jpg 719 235 43 97 0.97703
00070.jpg 325 249 107 232 0.97602
00070.jpg 784 222 58 138 0.97598
00070.jpg 624 228 65 118 0.97592
00070.jpg 717 237 47 88 0.97582
00070.jpg 783 224 59 136 0.97572
00070.jpg 305 251 39 103 0.97560
00070.jpg 8 257 115 276 0.97544
00070.jpg 719 238 43 91 0.97539
00070.jpg 9 258 117 267 0.97480
00070.jpg 716 232 52 96 0.97466
00070.jpg 105 279 32 70 0.97434
00070.jpg 624 228 67 123 0.97430
00070.jpg 629 230 60 119 0.97373
00070.jpg 786 226 55 129 0.97371
00070.jpg 302 253 39 98 0.97364
00070.jpg 721 236 43 93 0.97315
00070.jpg 718 235 51 94 0.97304
00070.jpg 720 237 47 93 0.97291
00070.jpg 624 230 69 120 0.97290
00070.jpg 717 233 50 96 0.97243
00070.jpg 5 256 118 273 0.97203
00070.jpg 787 229 52 130 0.97180
00070.jpg 4 260 121 266 0.97127
00070.jpg 562 244 28 90 0.97117
00070.jpg 322 249 114 229 0.97115
00070.jpg 11 256 110 280 0.96970
00070.jpg 110 277 30 73 0.96957
00070.jpg 558 243 29 92 0.96952
00070.jpg 323 246 115 234 0.96787
00070.jpg 108 279 31 71 0.96729
00070.jpg 7 262 116 269 0.96716
00070.jpg 719 240 48 88 0.96653
00070.jpg 302 255 36 100 0.96597
00070.jpg 720 235 46 89 0.96562
00070.jpg 327 252 104 224 0.96521
00070.jpg 719 237 49 94 0.96411
00070.jpg 562 243 26 89 0.96396
00070.jpg 716 238 51 94 0.96379
00070.jpg 625 228 69 121 0.96355
00070.jpg 720 237 45 91 0.96280
00070.jpg 784 227 57 130 0.96163
00070.jpg 302 253 40 99 0.96118
00070.jpg 300 253 40 102 0.96072
00070.jpg 332 262 99 220 0.96026
00070.jpg 718 237 48 88 0.96021
00070.jpg 624 227 64 125 0.95878
00070.jpg 323 239 104 244 0.95870
00070.jpg 13 262 107 275 0.95797
00070.jpg 626 228 66 129 0.95717
00070.jpg 301 252 42 100 0.95584
00070.jpg 9 275 117 238 0.95471
00070.jpg 632 229 60 119 0.95420
00070.jpg 108 280 33 66 0.95418
00070.jpg 559 248 27 84 0.95417
00070.jpg 108 280 30 68 0.95413
00070.jpg 626 220 63 131 0.95322
00070.jpg 631 230 54 121 0.95159
00070.jpg 720 236 42 93 0.95139
00070.jpg 717 236 49 88 0.95098
00070.jpg 720 235 41 93 0.95068
00070.jpg 622 228 68 120 0.95066
00070.jpg 716 237 52 94 0.95065
00070.jpg 628 230 64 124 0.95021
00070.jpg 626 219 67 135 0.94964
00070.jpg 110 280 31 66 0.94949
00070.jpg 781 227 59 127 0.94901
00070.jpg 107 279 32 72 0.94836
00070.jpg 300 253 42 100 0.94789
00070.jpg 108 278 33 69 0.94769
00070.jpg 625 226 71 124 0.94643
00070.jpg 561 241 26 92 0.94633
00070.jpg 12 263 111 270 0.94548
00070.jpg 13 262 106 260 0.94320
00070.jpg 786 224 54 133 0.94312
00070.jpg 558 245 28 86 0.94245
00070.jpg 8 254 108 281 0.94232
00070.jpg 300 255 41 96 0.93962
00070.jpg 5 260 119 271 0.93903
00070.jpg 301 252 41 100 0.93772
00070.jpg 785 223 57 137 0.93618
00070.jpg 331 246 101 245 0.93575
00070.jpg 562 242 28 90 0.93471
00070.jpg 628 225 65 126 0.92982
00070.jpg 108 279 34 67 0.92873
00070.jpg 304 256 38 93 0.92697
00070.jpg 108 276 34 74 0.92526
00070.jpg 324 252 105 224 0.92507
00070.jpg 329 246 99 236 0.92325
00070.jpg 104 281 31 68 0.92320
00070.jpg 625 227 67 129 0.92207
00070.jpg 107 280 35 67 0.92063
00070.jpg 784 228 52 126 0.92060
00070.jpg 559 240 27 97 0.91956
00070.jpg 303 248 39 107 0.91922
00070.jpg 303 256 41 95 0.91865
00070.jpg 560 247 28 87 0.91819
00070.jpg 786 227 54 132 0.91626
00070.jpg 109 278 32 71 0.91480
00070.jpg 562 246 27 85 0.91478
00070.jpg 6 259 122 269 0.91379
00070.jpg 326 243 101 247 0.91159
00070.jpg 626 228 64 121 0.90989
00070.jpg 298 252 44 103 0.90774
00070.jpg 781 225 61 134 0.90735
00070.jpg 326 254 108 225 0.90714
00070.jpg 783 228 57 130 0.90599
00070.jpg 719 235 47 94 0.90455
00070.jpg 107 281 35 69 0.90276
00070.jpg 628 223 68 125 0.90233
00070.jpg 109 285 31 62 0.90058
00070.jpg 720 236 46 91 0.89768
00070.jpg 326 245 103 235 0.89671
00070.jpg 3 258 127 274 0.89446
00070.jpg 622 225 67 132 0.89257
00070.jpg 622 232 65 118 0.89138
00070.jpg 721 235 45 91 0.89092
00070.jpg 303 253 38 101 0.89056
00070.jpg 561 243 23 92 0.88860
00070.jpg 632 231 61 122 0.88822
00070.jpg 717 236 46 93 0.88769
00070.jpg 326 248 108 230 0.88746
00070.jpg 559 246 28 87 0.88692
00070.jpg 626 226 70 125 0.88625
00070.jpg 783 226 51 132 0.88000
00070.jpg 784 228 58 132 0.87971
00070.jpg 331 246 103 235 0.87487
00070.jpg 783 226 56 125 0.87468
00070.jpg 107 280 34 69 0.87347
00070.jpg 7 249 118 287 0.87159
00070.jpg 301 248 42 105 0.86748
00070.jpg 717 232 50 105 0.86340
00070.jpg 782 225 56 136 0.86142
00070.jpg 107 276 34 79 0.86124
00070.jpg 299 253 40 100 0.85933
00070.jpg 10 258 111 280 0.85744
00070.jpg 300 252 43 99 0.85426
00070.jpg 303 255 41 94 0.85369
00070.jpg 5 260 117 264 0.85184
00070.jpg 560 243 30 89 0.84907
00070.jpg 107 276 32 72 0.84446
00070.jpg 627 223 70 128 0.84301
00070.jpg 624 224 65 126 0.84256
00070.jpg 104 277 35 70 0.84072
00070.jpg 623 224 70 125 0.83979
00070.jpg 716 234 53 93 0.83871
00070.jpg 718 236 43 96 0.83869
00070.jpg 786 227 55 136 0.83845
00070.jpg 780 229 59 128 0.83438
00070.jpg 301 254 37 98 0.83030
00070.jpg 783 227 57 126 0.83030
00070.jpg 325 236 107 246 0.82922
00070.jpg 15 263 104 258 0.82807
00070.jpg 107 279 32 71 0.82595
00070.jpg 106 281 33 70 0.82457
00070.jpg 720 236 43 92 0.82452
00070.jpg 297 256 43 94 0.82446
00070.jpg 782 231 50 126 0.82432
00070.jpg 298 255 45 99 0.82305
00070.jpg 786 229 51 133 0.82263
00070.jpg 109 277 30 72 0.82183
00070.jpg 783 230 59 122 0.81470
00070.jpg 714 234 58 95 0.80936
00070.jpg 560 246 30 86 0.80840
00070.jpg 559 244 30 88 0.80648
00070.jpg 325 252 110 222 0.80573
00070.jpg 789 231 54 127 0.80376
00070.jpg 781 223 57 136 0.80074
00070.jpg 92 281 20 65 0.80072
00070.jpg 107 278 33 69 0.79783
00070.jpg 325 246 99 227 0.79778
00070.jpg 562 243 28 89 0.79757
00070.jpg 561 244 28 88 0.79479
00070.jpg 786 220 55 138 0.79435
00070.jpg 782 225 52 131 0.79424
00070.jpg 629 228 56 128 0.79256
00070.jpg 780 232 57 119 0.79252
00070.jpg 560 247 22 87 0.79236
00070.jpg 107 275 33 76 0.79046
00070.jpg 713 236 57 96 0.78693
00070.jpg 625 226 72 128 0.78469
00070.jpg 780 231 56 130 0.78160
00070.jpg 627 229 68 127 0.77956
00070.jpg 716 234 53 97 0.77659
00070.jpg 302 251 37 107 0.77605
00070.jpg 785 228 58 127 0.77365
00070.jpg 297 250 45 107 0.77031
00070.jpg 623 219 61 128 0.75920
00070.jpg 624 227 61 129 0.75908
00070.jpg 304 256 40 92 0.75854
00070.jpg 308 253 37 97 0.75556
00070.jpg 559 242 26 94 0.75543
00070.jpg 783 226 56 130 0.75021
00070.jpg 304 258 41 98 0.75002
00070.jpg 2 256 122 273 0.74636
00070.jpg 304 253 40 100 0.74566
00070.jpg 102 275 36 76 0.74143
00070.jpg 719 236 47 84 0.73370
00070.jpg 324 239 105 250 0.73225
00070.jpg 328 247 109 232 0.73113
00070.jpg 715 236 53 93 0.72111
00070.jpg 298 256 43 91 0.72103
00070.jpg 631 224 61 125 0.71975
00070.jpg 111 275 34 74 0.71759
00070.jpg 716 235 49 96 0.71738
00070.jpg 301 252 36 102 0.71714
00070.jpg 299 255 36 94 0.71703
00070.jpg 784 225 60 125 0.71298
00070.jpg 298 257 41 94 0.71279
00070.jpg 622 222 71 126 0.71003
00070.jpg 782 228 53 129 0.70699
00070.jpg 299 250 39 106 0.70623
00070.jpg 716 239 42 93 0.70018
00070.jpg 327 247 101 227 0.69911
00070.jpg 101 274 44 77 0.69148
00070.jpg 93 278 29 69 0.68478
00070.jpg 298 253 40 99 0.68248
00070.jpg 105 280 33 69 0.67963
00070.jpg 625 230 61 117 0.67885
00070.jpg 718 234 53 92 0.67550
00070.jpg 715 233 53 100 0.67314
00070.jpg 786 227 56 136 0.67250
00070.jpg 8 263 121 264 0.67131
00070.jpg 625 231 60 117 0.67112
00070.jpg 302 250 44 105 0.66948
00070.jpg 784 228 51 132 0.66844
00070.jpg 307 253 38 96 0.66785
00070.jpg 101 277 34 71 0.66776
00070.jpg 108 281 29 68 0.66375
00070.jpg 560 245 31 88 0.66334
00070.jpg 90 279 31 66 0.66307
00070.jpg 562 246 31 86 0.66233
00070.jpg 562 244 29 88 0.66187
00070.jpg 720 233 49 93 0.66085
00070.jpg 100 277 30 71 0.65907
00070.jpg 306 254 39 102 0.65675
00070.jpg 783 228 55 119 0.63869
00070.jpg 297 248 37 106 0.63603
00070.jpg 780 228 55 126 0.63272
00070.jpg 297 253 40 96 0.62456
00070.jpg 560 243 28 88 0.62407
00070.jpg 331 250 101 230 0.62242
00070.jpg 322 258 109 206 0.61851
00070.jpg 717 239 45 84 0.61729
00070.jpg 719 236 46 89 0.61198
00070.jpg 562 242 29 92 0.59845
00070.jpg 98 278 34 70 0.59635
00070.jpg 629 223 69 125 0.59407
00070.jpg 300 254 43 90 0.59379
00070.jpg 105 280 37 70 0.59307
00070.jpg 90 279 26 64 0.59199
00070.jpg 716 233 47 97 0.59130
00070.jpg 110 280 32 70 0.58635
00070.jpg 5 254 122 281 0.58133
00070.jpg 114 277 31 71 0.57695
00070.jpg 718 239 52 88 0.57146
00070.jpg 326 248 113 225 0.56468
00070.jpg 2 263 115 266 0.56395
00070.jpg 9 265 121 266 0.56358
00070.jpg 90 290 22 51 0.56147
00070.jpg 722 237 39 83 0.56146
00070.jpg 89 281 21 65 0.56053
00070.jpg 108 280 38 73 0.56019
00070.jpg 336 252 97 218 0.55981
00070.jpg 560 245 28 86 0.55696
00070.jpg 7 259 109 262 0.55394
00070.jpg 104 277 37 69 0.55028
00070.jpg 562 245 30 90 0.54977
00070.jpg 719 232 52 92 0.54961
00070.jpg 305 255 42 94 0.54518
00070.jpg 722 233 48 92 0.54238
00070.jpg 718 239 52 92 0.54205
00070.jpg 5 269 121 256 0.54190
00070.jpg 787 228 50 128 0.53935
00070.jpg 298 254 49 103 0.53529
00070.jpg 619 225 73 122 0.53443
00070.jpg 561 247 31 83 0.52579
00070.jpg 624 229 64 120 0.51226
00070.jpg 786 229 55 126 0.51006
00070.jpg 625 218 64 132 0.50602
00070.jpg 5 248 127 291 0.50489
00070.jpg 628 226 66 124 0.50446
00070.jpg 91 276 37 71 0.50422
00070.jpg 770 226 65 130 0.50394
00070.jpg 302 253 45 101 0.50132
