00073.jpg 635 224 61 130 0.99950
00073.jpg 633 223 59 127 0.99945
00073.jpg 325 243 102 236 0.99926
00073.jpg 20 243 97 284 0.99901
00073.jpg 785 224 54 138 0.99898
00073.jpg 329 243 101 226 0.99894
00073.jpg 331 249 96 222 0.99894
00073.jpg 634 222 64 128 0.99890
00073.jpg 781 226 61 124 0.99888
00073.jpg 784 223 61 133 0.99884
00073.jpg 19 247 98 273 0.99853
00073.jpg 17 246 102 283 0.99833
00073.jpg 19 244 100 281 0.99805
00073.jpg 335 247 94 234 0.99793
00073.jpg 332 255 99 219 0.99775
00073.jpg 556 242 31 89 0.99768
00073.jpg 328 249 97 230 0.99762
00073.jpg 330 245 98 229 0.99753
00073.jpg 783 226 57 133 0.99741
00073.jpg 638 222 57 131 0.99728
00073.jpg 638 226 59 124 0.99692
00073.jpg 26 248 90 282 0.99689
00073.jpg 20 239 100 289 0.99671
00073.jpg 328 244 99 241 0.99661
00073.jpg 23 249 96 278 0.99660
00073.jpg 329 250 101 224 0.99653
00073.jpg 328 246 105 234 0.99645
00073.jpg 329 246 97 231 0.99623
00073.jpg 299 250 42 104 0.99611
00073.jpg 781 228 60 128 0.99601
00073.jpg 297 253 39 98 0.99600
00073.jpg 781 225 62 132 0.99595
00073.jpg 556 242 31 90 0.99592
00073.jpg 635 225 66 126 0.99583
00073.jpg 783 228 54 128 0.99581
00073.jpg 326 242 108 232 0.99551
00073.jpg 635 222 61 131 0.99541
00073.jpg 638 225 59 129 0.99539
00073.jpg 636 225 62 123 0.99535
00073.jpg 639 224 60 124 0.99530
00073.jpg 299 253 41 99 0.99516
00073.jpg 330 245 94 236 0.99511
00073.jpg 329 244 102 238 0.99510
00073.jpg 638 225 58 132 0.99501
00073.jpg 17 244 103 286 0.99497
00073.jpg 30 239 84 291 0.99487
00073.jpg 713 236 48 93 0.99477
00073.jpg 21 250 93 281 0.99437
00073.jpg 21 252 94 280 0.99429
00073.jpg 335 249 90 231 0.99422
00073.jpg 783 227 57 128 0.99406
00073.jpg 336 247 89 233 0.99400
00073.jpg 635 223 62 131 0.99390
00073.jpg 635 223 65 129 0.99378
00073.jpg 717 237 44 90 0.99372
00073.jpg 716 233 47 97 0.99365
00073.jpg 639 223 60 126 0.99331
00073.jpg 28 248 86 278 0.99328
00073.jpg 24 247 96 282 0.99320
00073.jpg 334 245 92 235 0.99309
00073.jpg 781 226 58 132 0.99297
00073.jpg 327 246 103 232 0.99294
00073.jpg 331 247 101 230 0.99278
00073.jpg 638 223 55 129 0.99276
00073.jpg 26 248 95 277 0.99251
00073.jpg 558 247 26 85 0.99212
00073.jpg 339 251 86 229 0.99188
00073.jpg 20 239 103 295 0.99166
00073.jpg 18 245 101 277 0.99159
00073.jpg 715 236 47 90 0.99148
00073.jpg 330 251 103 223 0.99115
00073.jpg 15 241 104 291 0.99077
00073.jpg 782 225 60 131 0.99041
00073.jpg 634 226 65 128 0.99041
00073.jpg 785 227 53 131 0.99038
00073.jpg 783 225 59 133 0.99024
00073.jpg 638 222 57 129 0.99008
00073.jpg 779 226 64 131 0.98998
00073.jpg 302 251 36 100 0.98989
00073.jpg 717 233 49 103 0.98977
00073.jpg 634 221 62 134 0.98971
00073.jpg 326 246 101 233 0.98962
00073.jpg 635 221 62 132 0.98946
00073.jpg 331 249 96 225 0.98944
00073.jpg 333 248 87 234 0.98898
00073.jpg 638 223 60 131 0.98864
00073.jpg 717 233 40 93 0.98856
00073.jpg 785 228 57 128 0.98852
00073.jpg 25 245 89 291 0.98821
00073.jpg 634 225 65 125 0.98804
00073.jpg 636 224 62 122 0.98796
00073.jpg 559 244 29 88 0.98740
00073.jpg 24 243 94 289 0.98720
00073.jpg 101 277 38 75 0.98719
00073.jpg 783 222 59 132 0.98705
00073.jpg 335 248 95 228 0.98704
00073.jpg 331 254 105 221 0.98688
00073.jpg 638 225 58 130 0.98675
00073.jpg 784 227 57 131 0.98660
00073.jpg 714 236 50 93 0.98648
00073.jpg 22 244 92 280 0.98593
00073.jpg 786 227 53 129 0.98591
00073.jpg 782 227 63 130 0.98550
00073.jpg 635 222 63 132 0.98547
00073.jpg 20 244 100 288 0.98531
00073.jpg 714 233 52 95 0.98524
00073.jpg 331 249 90 229 0.98522
00073.jpg 330 245 93 231 0.98477
00073.jpg 636 222 60 130 0.98456
00073.jpg 558 246 30 84 0.98444
00073.jpg 714 236 51 94 0.98414
00073.jpg 332 251 94 234 0.98405
00073.jpg 101 276 36 75 0.98370
00073.jpg 560 244 28 84 0.98292
00073.jpg 784 227 55 128 0.98209
00073.jpg 301 250 39 101 0.98209
00073.jpg 639 225 61 131 0.98185
00073.jpg 302 252 37 97 0.98169
00073.jpg 327 246 105 236 0.98167
00073.jpg 635 223 62 132 0.98162
00073.jpg 18 247 99 285 0.98145
00073.jpg 716 236 42 95 0.98119
00073.jpg 782 225 59 132 0.98078
00073.jpg 637 226 58 126 0.98067
00073.jpg 338 246 83 236 0.98033
00073.jpg 335 246 91 230 0.97999
00073.jpg 780 226 63 129 0.97976
00073.jpg 636 226 59 124 0.97944
00073.jpg 714 234 47 95 0.97916
00073.jpg 782 225 59 131 0.97883
00073.jpg 25 245 87 289 0.97858
00073.jpg 14 249 109 282 0.97836
00073.jpg 329 250 103 229 0.97793
00073.jpg 331 249 98 234 0.97772
00073.jpg 714 234 50 95 0.97764
00073.jpg 636 224 62 128 0.97740
00073.jpg 101 277 33 71 0.97731
00073.jpg 639 225 55 129 0.97629
00073.jpg 783 226 58 127 0.97569
00073.jpg 638 224 61 131 0.97541
00073.jpg 637 226 55 127 0.97526
00073.jpg 24 244 90 282 0.97485
00073.jpg 779 224 61 136 0.97434
00073.jpg 718 235 44 90 0.97425
00073.jpg 634 223 60 131 0.97378
00073.jpg 639 226 51 128 0.97345
00073.jpg 635 227 67 121 0.97342
00073.jpg 98 274 40 74 0.97310
00073.jpg 23 246 97 276 0.97221
00073.jpg 332 247 89 231 0.97220
00073.jpg 781 224 62 133 0.97178
00073.jpg 557 242 32 88 0.97176
00073.jpg 301 252 39 101 0.97168
00073.jpg 24 247 95 286 0.97166
00073.jpg 330 248 102 228 0.97138
00073.jpg 332 245 95 230 0.97135
00073.jpg 784 225 57 128 0.97101
00073.jpg 18 246 108 283 0.97032
00073.jpg 638 223 56 131 0.96854
00073.jpg 101 277 38 70 0.96848
00073.jpg 100 276 34 72 0.96839
00073.jpg 713 236 49 95 0.96833
00073.jpg 25 251 95 279 0.96815
00073.jpg 714 232 50 95 0.96701
00073.jpg 560 246 27 85 0.96556
00073.jpg 300 250 38 103 0.96469
00073.jpg 782 229 61 122 0.96414
00073.jpg 327 244 105 233 0.96331
00073.jpg 559 244 28 84 0.96315
00073.jpg 716 232 48 95 0.96295
00073.jpg 781 230 61 121 0.96228
00073.jpg 714 236 48 90 0.96218
00073.jpg 25 241 90 292 0.96214
00073.jpg 713 233 51 92 0.96160
00073.jpg 782 227 61 127 0.96121
00073.jpg 97 274 39 73 0.96042
00073.jpg 717 235 43 94 0.96034
00073.jpg 102 275 36 72 0.95967
00073.jpg 715 233 49 96 0.95944
00073.jpg 20 235 93 298 0.95840
00073.jpg 557 238 30 91 0.95705
00073.jpg 559 238 27 93 0.95654
00073.jpg 330 247 101 229 0.95625
00073.jpg 301 252 38 99 0.95573
00073.jpg 558 241 28 91 0.95530
00073.jpg 300 250 37 104 0.95511
00073.jpg 784 226 56 133 0.95488
00073.jpg 333 245 93 237 0.95484
00073.jpg 300 250 38 100 0.95482
00073.jpg 556 246 29 82 0.95393
00073.jpg 787 227 54 133 0.95321
00073.jpg 338 250 92 228 0.95290
00073.jpg 715 235 50 91 0.95281
00073.jpg 780 224 62 135 0.95256
00073.jpg 714 229 48 101 0.95162
00073.jpg 786 228 52 128 0.95070
00073.jpg 782 231 57 128 0.94929
00073.jpg 637 225 58 130 0.94905
00073.jpg 301 251 42 100 0.94818
00073.jpg 641 223 52 129 0.94816
00073.jpg 556 244 29 87 0.94789
00073.jpg 327 240 102 243 0.94758
00073.jpg 329 246 98 231 0.94715
00073.jpg 635 223 60 129 0.94630
00073.jpg 300 251 41 98 0.94593
00073.jpg 333 243 96 236 0.94494
00073.jpg 328 240 103 239 0.94359
00073.jpg 781 228 59 129 0.94266
00073.jpg 303 253 37 101 0.94227
00073.jpg 559 244 30 88 0.94159
00073.jpg 335 243 93 235 0.93924
00073.jpg 784 225 56 133 0.93842
00073.jpg 558 243 30 88 0.93792
00073.jpg 300 250 37 100 0.93602
00073.jpg 300 248 39 104 0.93589
00073.jpg 634 226 66 124 0.93544
00073.jpg 103 276 37 71 0.93486
00073.jpg 303 251 39 98 0.93474
00073.jpg 100 275 41 75 0.93433
00073.jpg 780 227 64 129 0.93270
00073.jpg 714 233 51 95 0.93071
00073.jpg 302 252 38 103 0.93046
00073.jpg 711 235 54 92 0.92841
00073.jpg 20 249 96 273 0.92834
00073.jpg 780 226 59 126 0.92832
00073.jpg 716 236 46 95 0.92764
00073.jpg 336 244 90 234 0.92369
00073.jpg 331 248 100 223 0.92363
00073.jpg 637 226 54 124 0.92231
00073.jpg 713 236 50 93 0.92164
00073.jpg 331 247 97 233 0.91993
00073.jpg 641 223 59 131 0.91955
00073.jpg 787 225 54 133 0.91933
00073.jpg 782 228 60 124 0.91930
00073.jpg 784 226 59 128 0.91925
00073.jpg 96 278 36 68 0.91668
00073.jpg 20 243 93 292 0.91575
00073.jpg 299 255 40 93 0.91552
00073.jpg 635 225 57 129 0.91495
00073.jpg 716 234 48 92 0.91089
00073.jpg 337 249 91 233 0.91011
00073.jpg 719 232 45 98 0.90929
00073.jpg 712 236 54 93 0.90788
00073.jpg 782 229 55 124 0.90777
00073.jpg 21 251 92 276 0.90752
00073.jpg 301 254 39 100 0.90617
00073.jpg 20 238 103 297 0.90443
00073.jpg 101 274 38 75 0.90323
00073.jpg 329 249 96 219 0.90170
00073.jpg 712 234 53 93 0.90138
00073.jpg 559 242 30 91 0.90049
00073.jpg 716 235 47 93 0.89838
00073.jpg 716 234 49 92 0.89788
00073.jpg 100 274 39 72 0.89658
00073.jpg 297 251 40 104 0.89598
00073.jpg 27 249 90 273 0.89593
00073.jpg 100 277 36 70 0.89527
00073.jpg 782 227 61 128 0.89418
00073.jpg 100 276 37 73 0.89356
00073.jpg 789 224 54 131 0.89284
00073.jpg 100 276 35 73 0.89106
00073.jpg 633 221 63 126 0.89034
00073.jpg 642 220 59 132 0.88915
00073.jpg 637 220 64 132 0.88861
00073.jpg 102 278 35 72 0.88832
00073.jpg 102 275 34 78 0.88713
00073.jpg 298 253 42 96 0.88709
00073.jpg 19 245 97 283 0.88646
00073.jpg 97 274 36 77 0.88601
00073.jpg 785 227 56 128 0.88577
00073.jpg 96 273 38 76 0.88342
00073.jpg 713 234 52 93 0.87905
00073.jpg 468 284 39 40 0.87617
00073.jpg 330 246 101 227 0.87270
00073.jpg 101 276 37 72 0.87236
00073.jpg 299 251 39 103 0.87088
00073.jpg 717 233 45 96 0.87081
00073.jpg 301 249 39 106 0.87071
00073.jpg 559 240 31 92 0.87048
00073.jpg 784 229 61 129 0.87009
00073.jpg 781 231 60 120 0.86929
00073.jpg 783 227 60 131 0.86847
00073.jpg 303 255 38 92 0.86749
00073.jpg 98 274 38 74 0.86528
00073.jpg 330 248 99 230 0.86307
00073.jpg 330 231 96 247 0.86077
00073.jpg 302 254 37 97 0.86063
00073.jpg 300 248 43 102 0.85914
00073.jpg 327 251 103 230 0.85482
00073.jpg 715 231 49 102 0.85171
00073.jpg 640 223 56 131 0.85152
00073.jpg 98 276 43 74 0.85065
00073.jpg 637 228 56 122 0.85040
00073.jpg 778 233 65 117 0.84898
00073.jpg 304 251 36 100 0.84494
00073.jpg 558 241 33 90 0.84312
00073.jpg 630 226 61 129 0.84277
00073.jpg 102 279 35 66 0.84260
00073.jpg 778 228 62 123 0.84152
00073.jpg 558 241 30 89 0.83938
00073.jpg 782 226 55 129 0.83648
00073.jpg 780 228 64 122 0.83435
00073.jpg 101 276 38 72 0.83309
00073.jpg 781 230 58 124 0.83164
00073.jpg 714 235 54 99 0.82996
00073.jpg 642 227 58 121 0.82833
00073.jpg 300 248 39 107 0.82826
00073.jpg 301 251 40 98 0.82795
00073.jpg 298 256 44 96 0.82613
00073.jpg 101 282 36 67 0.82579
00073.jpg 19 244 100 285 0.82552
00073.jpg 780 227 59 126 0.82253
00073.jpg 100 276 40 70 0.82093
00073.jpg 559 241 28 92 0.81958
00073.jpg 637 222 62 130 0.81816
00073.jpg 102 278 36 72 0.81789
00073.jpg 783 223 60 125 0.81474
00073.jpg 332 243 96 239 0.81355
00073.jpg 100 277 31 72 0.81072
00073.jpg 787 228 57 130 0.80823
00073.jpg 467 284 40 38 0.80822
00073.jpg 102 278 34 69 0.80701
00073.jpg 633 223 62 131 0.80443
00073.jpg 18 241 104 293 0.80371
00073.jpg 97 275 43 75 0.79832
00073.jpg 556 244 27 84 0.79082
00073.jpg 18 242 96 294 0.78929
00073.jpg 17 242 93 294 0.78929
00073.jpg 104 285 33 62 0.78589
00073.jpg 781 229 59 124 0.78169
00073.jpg 716 230 43 101 0.77914
00073.jpg 305 251 36 104 0.77533
00073.jpg 329 244 101 220 0.77229
00073.jpg 634 219 62 127 0.76509
00073.jpg 299 254 43 101 0.76338
00073.jpg 300 249 35 103 0.75210
00073.jpg 712 235 49 95 0.75014
00073.jpg 104 277 35 69 0.74867
00073.jpg 99 278 35 72 0.74838
00073.jpg 100 279 35 70 0.74838
00073.jpg 102 284 37 65 0.74761
00073.jpg 95 274 38 73 0.74687
00073.jpg 775 230 69 131 0.74272
00073.jpg 716 229 43 102 0.74214
00073.jpg 469 282 37 36 0.74175
00073.jpg 470 285 40 34 0.73970
00073.jpg 469 284 37 38 0.73856
00073.jpg 336 247 91 232 0.73749
00073.jpg 306 254 37 94 0.73533
00073.jpg 780 228 62 125 0.73384
00073.jpg 303 249 41 107 0.72663
00073.jpg 23 240 103 290 0.72272
00073.jpg 640 222 59 132 0.72094
00073.jpg 712 233 52 100 0.72081
00073.jpg 714 239 55 93 0.71802
00073.jpg 297 254 38 98 0.71749
00073.jpg 325 241 101 244 0.71331
00073.jpg 104 281 31 69 0.71075
00073.jpg 98 277 36 73 0.70914
00073.jpg 468 284 44 38 0.70591
00073.jpg 557 244 33 86 0.69703
00073.jpg 97 275 40 76 0.69683
00073.jpg 98 280 36 66 0.69490
00073.jpg 102 272 39 75 0.69464
00073.jpg 21 241 98 293 0.69442
00073.jpg 782 230 54 129 0.69354
00073.jpg 786 228 59 126 0.69310
00073.jpg 714 239 55 94 0.69199
00073.jpg 299 250 44 102 0.69100
00073.jpg 297 255 42 101 0.68813
00073.jpg 632 214 59 139 0.68809
00073.jpg 302 249 38 107 0.68653
00073.jpg 633 229 68 128 0.68562
00073.jpg 98 275 39 69 0.68322
00073.jpg 465 282 41 44 0.67601
00073.jpg 299 254 44 94 0.67594
00073.jpg 780 230 57 124 0.67194
00073.jpg 711 231 55 101 0.67055
00073.jpg 638 225 63 127 0.66738
00073.jpg 554 248 30 79 0.66575
00073.jpg 99 282 33 66 0.66150
00073.jpg 560 242 30 87 0.65977
00073.jpg 298 253 42 94 0.65573
00073.jpg 715 234 45 91 0.64581
00073.jpg 297 251 44 102 0.64526
00073.jpg 631 223 63 128 0.64455
00073.jpg 99 277 41 70 0.64244
00073.jpg 467 282 37 36 0.64221
00073.jpg 301 252 38 98 0.63983
00073.jpg 773 232 72 122 0.63869
00073.jpg 556 245 30 80 0.63734
00073.jpg 630 235 65 106 0.63385
00073.jpg 469 282 36 46 0.63184
00073.jpg 470 283 37 34 0.63158
00073.jpg 640 225 61 126 0.63139
00073.jpg 558 241 31 84 0.63001
00073.jpg 719 231 45 99 0.62476
00073.jpg 716 236 43 85 0.62048
00073.jpg 301 251 42 102 0.61889
00073.jpg 24 246 90 277 0.61674
00073.jpg 98 280 33 67 0.61642
00073.jpg 301 252 40 99 0.61403
00073.jpg 630 220 70 131 0.60970
00073.jpg 104 281 34 67 0.60861
00073.jpg 103 287 37 60 0.60483
00073.jpg 466 285 40 37 0.60224
00073.jpg 301 257 42 100 0.60020
00073.jpg 628 224 68 128 0.59594
00073.jpg 19 247 92 290 0.59503
00073.jpg 107 282 33 68 0.59503
00073.jpg 330 247 90 232 0.59403
00073.jpg 336 239 99 237 0.59368
00073.jpg 106 276 35 71 0.58891
00073.jpg 716 243 49 89 0.58658
00073.jpg 106 287 31 63 0.58179
00073.jpg 96 274 44 72 0.58136
00073.jpg 557 244 33 81 0.57637
00073.jpg 787 225 55 131 0.57368
00073.jpg 472 282 41 41 0.57351
00073.jpg 718 235 49 97 0.57309
00073.jpg 469 286 40 36 0.57191
00073.jpg 19 248 91 287 0.56790
00073.jpg 103 280 34 66 0.56766
00073.jpg 468 280 39 43 0.56648
00073.jpg 103 273 35 73 0.56478
00073.jpg 29 247 90 268 0.56194
00073.jpg 467 284 44 43 0.56121
00073.jpg 101 271 38 77 0.56102
00073.jpg 556 239 26 95 0.56013
00073.jpg 561 242 28 89 0.56013
00073.jpg 96 271 46 83 0.55707
00073.jpg 23 252 100 271 0.55517
00073.jpg 469 282 41 38 0.55184
00073.jpg 330 244 104 233 0.55138
00073.jpg 712 242 46 93 0.54884
00073.jpg 787 232 53 123 0.54682
00073.jpg 715 232 42 98 0.54629
00073.jpg 467 278 43 46 0.54585
00073.jpg 790 221 53 133 0.54422
00073.jpg 559 242 32 85 0.54166
00073.jpg 330 246 98 228 0.53955
00073.jpg 712 237 52 96 0.53866
00073.jpg 557 244 26 83 0.53779
00073.jpg 464 287 47 41 0.53026
00073.jpg 326 255 93 214 0.52822
00073.jpg 465 280 45 45 0.52735
00073.jpg 716 235 50 95 0.52226
00073.jpg 635 227 66 122 0.52122
00073.jpg 297 250 38 104 0.52066
00073.jpg 471 273 37 49 0.52049
00073.jpg 643 223 53 123 0.51997
00073.jpg 557 241 29 93 0.51976
00073.jpg 12 256 114 279 0.51952
00073.jpg 633 227 62 117 0.51902
00073.jpg 468 276 41 47 0.51886
00073.jpg 557 242 32 85 0.51740
00073.jpg 782 222 53 135 0.51105
00073.jpg 296 254 40 96 0.49987
