00077.jpg 787 217 50 142 0.99958
00077.jpg 638 223 63 129 0.99924
00077.jpg 34 221 100 303 0.99913
00077.jpg 636 221 67 127 0.99911
00077.jpg 636 220 66 135 0.99889
00077.jpg 638 219 64 135 0.99866
00077.jpg 556 239 30 94 0.99864
00077.jpg 784 220 53 134 0.99852
00077.jpg 327 228 117 241 0.99819
00077.jpg 299 248 35 104 0.99804
00077.jpg 330 235 117 237 0.99789
00077.jpg 712 234 44 95 0.99778
00077.jpg 37 217 98 322 0.99770
00077.jpg 710 236 49 94 0.99736
00077.jpg 39 228 96 308 0.99719
00077.jpg 637 223 67 131 0.99692
00077.jpg 37 220 99 309 0.99691
00077.jpg 34 221 104 311 0.99626
00077.jpg 324 231 124 233 0.99616
00077.jpg 327 224 119 255 0.99607
00077.jpg 636 221 65 131 0.99603
00077.jpg 711 233 49 96 0.99602
00077.jpg 329 228 120 246 0.99601
00077.jpg 640 222 66 130 0.99597
00077.jpg 637 220 63 137 0.99588
00077.jpg 331 230 111 238 0.99575
00077.jpg 33 226 106 296 0.99575
00077.jpg 783 218 56 137 0.99573
00077.jpg 782 219 61 131 0.99548
00077.jpg 637 225 63 127 0.99527
00077.jpg 784 218 53 137 0.99511
00077.jpg 327 231 121 244 0.99511
00077.jpg 325 231 118 236 0.99502
00077.jpg 714 233 47 94 0.99494
00077.jpg 637 222 64 129 0.99490
00077.jpg 299 252 34 100 0.99457
00077.jpg 39 227 93 300 0.99450
00077.jpg 323 227 122 245 0.99443
00077.jpg 639 225 64 124 0.99417
00077.jpg 332 233 117 237 0.99404
00077.jpg 328 232 120 237 0.99395
00077.jpg 337 220 100 257 0.99392
00077.jpg 640 221 63 133 0.99357
00077.jpg 712 234 50 92 0.99353
00077.jpg 36 224 96 306 0.99334
00077.jpg 329 233 117 239 0.99333
00077.jpg 36 221 97 313 0.99328
00077.jpg 636 223 68 130 0.99327
00077.jpg 332 229 116 249 0.99311
00077.jpg 329 225 116 253 0.99307
00077.jpg 782 223 57 129 0.99305
00077.jpg 637 223 66 134 0.99284
00077.jpg 335 228 109 242 0.99283
00077.jpg 637 218 64 133 0.99253
00077.jpg 636 218 66 138 0.99252
00077.jpg 326 230 117 239 0.99251
00077.jpg 785 219 54 135 0.99234
00077.jpg 639 221 60 133 0.99230
00077.jpg 713 234 47 91 0.99195
00077.jpg 38 226 98 308 0.99194
00077.jpg 711 232 45 96 0.99188
00077.jpg 329 231 114 241 0.99169
00077.jpg 782 223 60 134 0.99150
00077.jpg 329 227 109 237 0.99146
00077.jpg 710 237 48 93 0.99145
00077.jpg 561 240 27 89 0.99137
00077.jpg 38 224 102 306 0.99122
00077.jpg 784 218 54 139 0.99102
00077.jpg 37 226 93 302 0.99096
00077.jpg 33 236 100 291 0.99068
00077.jpg 635 218 71 135 0.99025
00077.jpg 33 227 106 301 0.99024
00077.jpg 639 223 63 131 0.98970
00077.jpg 782 221 56 134 0.98966
00077.jpg 329 223 116 252 0.98963
00077.jpg 334 232 103 233 0.98957
00077.jpg 715 235 43 95 0.98957
00077.jpg 41 222 98 311 0.98943
00077.jpg 303 246 32 104 0.98889
00077.jpg 330 226 114 240 0.98886
00077.jpg 331 224 110 250 0.98884
00077.jpg 305 252 30 98 0.98881
00077.jpg 320 223 125 248 0.98873
00077.jpg 559 240 25 89 0.98850
00077.jpg 331 228 111 244 0.98807
00077.jpg 40 233 93 290 0.98804
00077.jpg 785 217 53 137 0.98795
00077.jpg 638 220 66 131 0.98724
00077.jpg 781 221 62 133 0.98720
00077.jpg 780 223 57 130 0.98715
00077.jpg 639 222 67 129 0.98713
00077.jpg 637 224 63 127 0.98683
00077.jpg 785 220 53 130 0.98680
00077.jpg 33 223 96 307 0.98626
00077.jpg 785 223 51 129 0.98598
00077.jpg 326 219 116 254 0.98597
00077.jpg 304 251 30 93 0.98597
00077.jpg 712 234 49 94 0.98544
00077.jpg 332 220 113 244 0.98418
00077.jpg 712 231 46 99 0.98417
00077.jpg 330 224 114 254 0.98386
00077.jpg 326 236 116 230 0.98364
00077.jpg 329 230 118 241 0.98329
00077.jpg 713 238 47 88 0.98294
00077.jpg 38 228 95 303 0.98278
00077.jpg 635 224 69 132 0.98273
00077.jpg 38 226 94 296 0.98254
00077.jpg 636 219 63 135 0.98244
00077.jpg 36 224 99 306 0.98235
00077.jpg 714 237 44 91 0.98222
00077.jpg 326 230 122 239 0.98216
00077.jpg 328 231 112 239 0.98212
00077.jpg 786 217 55 136 0.98176
00077.jpg 30 214 109 316 0.98150
00077.jpg 37 221 103 309 0.98128
00077.jpg 331 229 115 242 0.98127
00077.jpg 710 236 49 90 0.98032
00077.jpg 335 228 103 240 0.98031
00077.jpg 327 228 122 242 0.97975
00077.jpg 639 220 62 135 0.97922
00077.jpg 36 226 101 301 0.97917
00077.jpg 299 251 35 97 0.97893
00077.jpg 711 233 48 93 0.97867
00077.jpg 36 224 102 311 0.97848
00077.jpg 639 219 63 139 0.97828
00077.jpg 332 225 110 236 0.97792
00077.jpg 332 224 116 244 0.97732
00077.jpg 34 231 105 300 0.97702
00077.jpg 785 221 52 132 0.97691
00077.jpg 41 222 95 309 0.97668
00077.jpg 787 218 53 138 0.97608
00077.jpg 300 252 33 95 0.97567
00077.jpg 787 220 53 137 0.97527
00077.jpg 337 235 102 228 0.97480
00077.jpg 560 241 27 88 0.97477
00077.jpg 712 234 47 93 0.97451
00077.jpg 298 250 36 100 0.97445
00077.jpg 559 242 27 87 0.97429
00077.jpg 33 221 103 305 0.97427
00077.jpg 784 218 56 134 0.97424
00077.jpg 34 222 94 317 0.97397
00077.jpg 559 240 28 86 0.97311
00077.jpg 633 218 71 130 0.97253
00077.jpg 46 234 82 294 0.97243
00077.jpg 638 221 67 134 0.97202
00077.jpg 712 235 49 94 0.97192
00077.jpg 785 216 55 143 0.97190
00077.jpg 557 239 28 93 0.97167
00077.jpg 329 226 118 257 0.97163
00077.jpg 634 225 72 122 0.97019
00077.jpg 712 238 49 91 0.96838
00077.jpg 633 222 70 129 0.96836
00077.jpg 712 234 47 90 0.96796
00077.jpg 327 226 119 245 0.96790
00077.jpg 558 240 26 92 0.96670
00077.jpg 301 246 31 106 0.96636
00077.jpg 329 230 116 243 0.96594
00077.jpg 713 233 46 94 0.96586
00077.jpg 782 218 56 136 0.96580
00077.jpg 323 230 121 234 0.96570
00077.jpg 785 217 56 139 0.96536
00077.jpg 332 225 114 249 0.96510
00077.jpg 637 221 64 135 0.96426
00077.jpg 633 223 72 127 0.96364
00077.jpg 298 249 37 103 0.96333
00077.jpg 712 237 47 91 0.96260
00077.jpg 784 220 54 137 0.96040
00077.jpg 782 221 60 134 0.96022
00077.jpg 785 222 51 133 0.95933
00077.jpg 638 221 65 132 0.95850
00077.jpg 785 220 55 133 0.95548
00077.jpg 332 230 107 244 0.95526
00077.jpg 322 223 124 247 0.95374
00077.jpg 335 229 101 245 0.95349
00077.jpg 557 240 28 89 0.95341
00077.jpg 327 223 114 247 0.95209
00077.jpg 299 244 35 106 0.95193
00077.jpg 785 221 51 134 0.95073
00077.jpg 630 226 75 120 0.94993
00077.jpg 784 219 53 137 0.94986
00077.jpg 299 249 36 101 0.94937
00077.jpg 713 237 47 88 0.94813
00077.jpg 633 221 70 134 0.94790
00077.jpg 782 215 56 142 0.94749
00077.jpg 303 249 35 100 0.94666
00077.jpg 558 241 29 86 0.94584
00077.jpg 31 222 95 309 0.94462
00077.jpg 336 231 95 239 0.94262
00077.jpg 785 216 55 138 0.94168
00077.jpg 713 233 43 98 0.93903
00077.jpg 42 224 95 310 0.93837
00077.jpg 712 233 43 98 0.93712
00077.jpg 633 219 78 129 0.93691
00077.jpg 633 226 71 125 0.93471
00077.jpg 636 218 62 138 0.93461
00077.jpg 303 250 30 102 0.93425
00077.jpg 782 224 58 131 0.93180
00077.jpg 298 248 33 108 0.93146
00077.jpg 329 231 106 234 0.93093
00077.jpg 715 236 44 93 0.92833
00077.jpg 558 238 30 92 0.92659
00077.jpg 711 234 48 94 0.92657
00077.jpg 327 232 119 227 0.92585
00077.jpg 636 226 69 131 0.92467
00077.jpg 301 252 32 101 0.92461
00077.jpg 559 240 27 88 0.92418
00077.jpg 781 219 56 130 0.92417
00077.jpg 637 224 70 128 0.92382
00077.jpg 638 224 62 132 0.92318
00077.jpg 326 232 114 237 0.92237
00077.jpg 636 226 64 122 0.91974
00077.jpg 638 224 62 128 0.91949
00077.jpg 709 239 45 89 0.91701
00077.jpg 326 227 124 246 0.91695
00077.jpg 784 221 56 133 0.91268
00077.jpg 637 224 73 121 0.91231
00077.jpg 333 228 112 248 0.90837
00077.jpg 633 224 70 130 0.90678
00077.jpg 789 217 51 137 0.90422
00077.jpg 299 253 34 97 0.90391
00077.jpg 555 242 29 90 0.90381
00077.jpg 558 239 28 92 0.90281
00077.jpg 716 232 43 95 0.90132
00077.jpg 768 256 22 76 0.90056
00077.jpg 711 237 46 89 0.90041
00077.jpg 711 236 47 91 0.89990
00077.jpg 558 240 27 89 0.89898
00077.jpg 559 236 25 95 0.89884
00077.jpg 713 237 50 90 0.89863
00077.jpg 300 250 36 100 0.89700
00077.jpg 36 223 102 303 0.89663
00077.jpg 634 222 70 127 0.89568
00077.jpg 635 221 68 132 0.89506
00077.jpg 786 218 55 138 0.89216
00077.jpg 298 254 34 98 0.88819
00077.jpg 301 253 33 94 0.88818
00077.jpg 712 234 45 99 0.88663
00077.jpg 336 221 106 245 0.88646
00077.jpg 783 222 56 131 0.88569
00077.jpg 636 231 63 118 0.88555
00077.jpg 304 252 30 92 0.88373
00077.jpg 303 252 31 98 0.88221
00077.jpg 556 242 26 90 0.87778
00077.jpg 715 235 43 93 0.87074
00077.jpg 299 254 32 93 0.86940
00077.jpg 713 237 43 88 0.86921
00077.jpg 298 255 35 90 0.86673
00077.jpg 638 229 68 116 0.86487
00077.jpg 779 228 60 120 0.86207
00077.jpg 559 240 28 90 0.86131
00077.jpg 300 249 36 102 0.85993
00077.jpg 783 218 53 137 0.85898
00077.jpg 637 223 64 128 0.85896
00077.jpg 709 237 47 94 0.85869
00077.jpg 707 240 54 89 0.85771
00077.jpg 301 252 36 98 0.85695
00077.jpg 38 223 95 312 0.85521
00077.jpg 717 238 44 88 0.85519
00077.jpg 336 222 99 253 0.85286
00077.jpg 35 223 106 305 0.85002
00077.jpg 715 231 47 99 0.84999
00077.jpg 326 227 127 237 0.84926
00077.jpg 713 235 50 88 0.84859
00077.jpg 714 233 47 92 0.84715
00077.jpg 34 226 101 308 0.84497
00077.jpg 300 249 40 101 0.84449
00077.jpg 336 232 110 238 0.84449
00077.jpg 782 223 55 132 0.84242
00077.jpg 710 241 46 89 0.84020
00077.jpg 778 223 60 130 0.83993
00077.jpg 706 233 51 100 0.83990
00077.jpg 36 226 99 303 0.83975
00077.jpg 302 250 32 100 0.83853
00077.jpg 714 234 43 94 0.83796
00077.jpg 713 232 50 95 0.83711
00077.jpg 780 223 62 129 0.83462
00077.jpg 711 237 46 90 0.83274
00077.jpg 635 227 65 124 0.83093
00077.jpg 785 221 56 138 0.83038
00077.jpg 38 229 99 299 0.82824
00077.jpg 782 230 56 126 0.82716
00077.jpg 303 250 37 95 0.82592
00077.jpg 320 230 126 239 0.82411
00077.jpg 777 225 59 124 0.81875
00077.jpg 558 241 26 91 0.81753
00077.jpg 709 238 52 95 0.81163
00077.jpg 101 273 26 75 0.80869
00077.jpg 783 220 60 131 0.80589
00077.jpg 786 218 55 140 0.80519
00077.jpg 38 231 98 293 0.80395
00077.jpg 712 241 51 87 0.80217
00077.jpg 636 224 65 130 0.80194
00077.jpg 710 238 45 90 0.80003
00077.jpg 711 234 50 92 0.79952
00077.jpg 712 235 46 96 0.78794
00077.jpg 36 226 100 302 0.78531
00077.jpg 642 218 65 139 0.78197
00077.jpg 559 238 28 93 0.78126
00077.jpg 331 227 115 236 0.78106
00077.jpg 633 222 71 131 0.77798
00077.jpg 712 239 51 91 0.77249
00077.jpg 557 239 30 93 0.77197
00077.jpg 710 236 49 90 0.77086
00077.jpg 769 257 29 74 0.76968
00077.jpg 35 218 107 312 0.76897
00077.jpg 104 275 25 68 0.76640
00077.jpg 634 224 64 130 0.76564
00077.jpg 326 238 115 226 0.76447
00077.jpg 326 224 115 247 0.76318
00077.jpg 37 229 102 296 0.76293
00077.jpg 556 239 28 88 0.76047
00077.jpg 302 250 31 102 0.75526
00077.jpg 41 230 91 290 0.75519
00077.jpg 34 235 95 296 0.75400
00077.jpg 557 240 26 86 0.75309
00077.jpg 785 220 58 139 0.75222
00077.jpg 297 255 35 96 0.74860
00077.jpg 771 251 22 81 0.74712
00077.jpg 97 271 31 73 0.74584
00077.jpg 634 221 67 134 0.74124
00077.jpg 307 251 28 93 0.73183
00077.jpg 560 240 28 92 0.72870
00077.jpg 636 223 63 128 0.72629
00077.jpg 787 219 54 138 0.72624
00077.jpg 783 216 58 138 0.72488
00077.jpg 559 241 28 86 0.72487
00077.jpg 32 238 112 276 0.72131
00077.jpg 331 228 122 242 0.71974
00077.jpg 776 222 65 126 0.71877
00077.jpg 786 216 55 140 0.71842
00077.jpg 716 233 47 95 0.71733
00077.jpg 783 219 56 134 0.71442
00077.jpg 559 239 30 92 0.71087
00077.jpg 784 216 56 139 0.70391
00077.jpg 639 224 72 126 0.70271
00077.jpg 561 241 28 91 0.70144
00077.jpg 771 251 25 80 0.69760
00077.jpg 298 249 38 105 0.68547
00077.jpg 30 228 103 286 0.68535
00077.jpg 784 225 52 127 0.67891
00077.jpg 766 258 26 71 0.67868
00077.jpg 768 255 29 74 0.67823
00077.jpg 301 249 36 98 0.67729
00077.jpg 783 226 54 125 0.67682
00077.jpg 639 219 65 138 0.67587
00077.jpg 770 257 27 77 0.67013
00077.jpg 296 255 34 92 0.66651
00077.jpg 777 235 57 119 0.66650
00077.jpg 100 270 31 71 0.66510
00077.jpg 786 225 55 133 0.66360
00077.jpg 557 240 29 90 0.65326
00077.jpg 31 210 107 328 0.64821
00077.jpg 320 228 123 241 0.64771
00077.jpg 776 220 63 135 0.64707
00077.jpg 636 225 64 130 0.64685
00077.jpg 717 233 45 94 0.64448
00077.jpg 776 220 65 130 0.64370
00077.jpg 327 225 122 251 0.64211
00077.jpg 771 252 30 82 0.64119
00077.jpg 35 220 102 317 0.63639
00077.jpg 32 227 109 307 0.63517
00077.jpg 556 238 31 93 0.63336
00077.jpg 316 251 22 82 0.62996
00077.jpg 97 276 31 72 0.62901
00077.jpg 295 253 33 95 0.62722
00077.jpg 303 248 37 95 0.62017
00077.jpg 37 224 96 308 0.61533
00077.jpg 558 243 31 84 0.61369
00077.jpg 558 235 31 93 0.61308
00077.jpg 711 231 47 96 0.61144
00077.jpg 778 221 62 127 0.60863
00077.jpg 642 226 55 136 0.60552
00077.jpg 717 236 40 88 0.60549
00077.jpg 635 223 63 132 0.60104
00077.jpg 778 221 64 129 0.60067
00077.jpg 103 277 28 69 0.59780
00077.jpg 787 220 54 132 0.59578
00077.jpg 712 232 46 100 0.59461
00077.jpg 304 248 31 105 0.58422
00077.jpg 98 278 31 70 0.58284
00077.jpg 782 218 56 134 0.58215
00077.jpg 784 214 59 144 0.57779
00077.jpg 41 230 86 287 0.57382
00077.jpg 297 248 42 103 0.57217
00077.jpg 41 227 95 303 0.56936
00077.jpg 770 256 23 73 0.56915
00077.jpg 298 251 38 102 0.56906
00077.jpg 768 255 23 73 0.56855
00077.jpg 292 253 38 96 0.56784
00077.jpg 308 245 31 102 0.56781
00077.jpg 707 230 55 103 0.56513
00077.jpg 555 240 27 90 0.56504
00077.jpg 44 224 83 288 0.56121
00077.jpg 630 231 70 116 0.56080
00077.jpg 640 220 67 127 0.56044
00077.jpg 776 231 63 123 0.56027
00077.jpg 561 241 27 89 0.55932
00077.jpg 788 221 51 132 0.55878
00077.jpg 782 233 54 123 0.55793
00077.jpg 99 267 27 86 0.55588
00077.jpg 779 226 57 123 0.55570
00077.jpg 787 217 51 137 0.54738
00077.jpg 641 221 67 135 0.53677
00077.jpg 716 233 41 88 0.53643
00077.jpg 706 235 58 91 0.53286
00077.jpg 762 265 30 64 0.53133
00077.jpg 776 250 24 80 0.52840
00077.jpg 774 219 61 124 0.52532
00077.jpg 644 221 61 128 0.52511
00077.jpg 780 231 54 113 0.52159
00077.jpg 307 251 38 93 0.51495
00077.jpg 329 224 112 241 0.51458
00077.jpg 331 220 119 250 0.51426
00077.jpg 298 253 35 89 0.51284
00077.jpg 98 269 31 77 0.50502
00077.jpg 769 252 28 76 0.50066
00077.jpg 102 269 30 72 0.49921
