00085.jpg 635 219 51 131 0.99931
00085.jpg 330 224 132 229 0.99924
00085.jpg 332 227 126 223 0.99924
00085.jpg 330 230 128 212 0.99921
00085.jpg 782 219 53 135 0.99907
00085.jpg 331 224 126 224 0.99905
00085.jpg 335 223 126 227 0.99884
00085.jpg 337 225 116 227 0.99871
00085.jpg 640 220 48 136 0.99871
00085.jpg 336 223 122 233 0.99861
00085.jpg 334 227 121 228 0.99848
00085.jpg 776 222 60 123 0.99848
00085.jpg 333 225 123 221 0.99846
00085.jpg 330 223 129 230 0.99840
00085.jpg 57 205 83 312 0.99826
00085.jpg 336 235 119 208 0.99816
00085.jpg 555 236 34 87 0.99806
00085.jpg 55 209 85 304 0.99778
00085.jpg 714 228 41 91 0.99766
00085.jpg 55 211 80 304 0.99764
00085.jpg 59 214 78 296 0.99759
00085.jpg 777 224 60 129 0.99748
00085.jpg 332 231 124 214 0.99719
00085.jpg 779 222 56 126 0.99715
00085.jpg 335 223 121 225 0.99706
00085.jpg 330 231 126 214 0.99702
00085.jpg 330 224 127 231 0.99699
00085.jpg 331 230 122 223 0.99698
00085.jpg 332 227 123 229 0.99681
00085.jpg 56 200 81 315 0.99673
00085.jpg 556 234 34 94 0.99664
00085.jpg 335 226 117 229 0.99658
00085.jpg 780 220 55 130 0.99655
00085.jpg 778 224 57 123 0.99631
00085.jpg 782 222 51 125 0.99631
00085.jpg 779 220 53 128 0.99617
00085.jpg 53 210 89 311 0.99610
00085.jpg 332 231 129 215 0.99605
00085.jpg 339 221 119 233 0.99573
00085.jpg 329 217 125 238 0.99549
00085.jpg 708 230 41 91 0.99547
00085.jpg 332 227 123 222 0.99522
00085.jpg 333 230 118 215 0.99517
00085.jpg 330 228 128 221 0.99495
00085.jpg 54 210 87 300 0.99492
00085.jpg 331 225 125 228 0.99481
00085.jpg 329 229 131 215 0.99462
00085.jpg 58 210 85 309 0.99439
00085.jpg 335 230 122 222 0.99428
00085.jpg 334 233 118 213 0.99423
00085.jpg 781 221 54 131 0.99414
00085.jpg 335 231 124 220 0.99411
00085.jpg 335 225 124 228 0.99402
00085.jpg 638 218 54 135 0.99395
00085.jpg 638 217 50 133 0.99360
00085.jpg 634 220 57 127 0.99329
00085.jpg 713 231 40 91 0.99329
00085.jpg 784 221 50 130 0.99319
00085.jpg 56 205 79 307 0.99305
00085.jpg 637 220 47 134 0.99293
00085.jpg 52 210 89 306 0.99284
00085.jpg 559 233 32 93 0.99259
00085.jpg 335 226 121 226 0.99258
00085.jpg 779 219 56 128 0.99195
00085.jpg 333 230 125 217 0.99188
00085.jpg 709 232 44 88 0.99183
00085.jpg 55 209 85 312 0.99178
00085.jpg 637 216 52 135 0.99162
00085.jpg 640 218 45 137 0.99153
00085.jpg 55 207 80 300 0.99144
00085.jpg 782 222 49 128 0.99139
00085.jpg 334 234 125 215 0.99130
00085.jpg 57 206 83 317 0.99087
00085.jpg 636 218 55 132 0.99062
00085.jpg 332 231 129 214 0.99060
00085.jpg 337 232 119 214 0.99045
00085.jpg 57 208 82 307 0.99043
00085.jpg 332 225 121 223 0.99042
00085.jpg 555 234 34 91 0.99042
00085.jpg 331 224 123 224 0.99015
00085.jpg 635 215 54 136 0.98989
00085.jpg 709 230 45 89 0.98971
00085.jpg 636 223 57 122 0.98950
00085.jpg 779 219 57 130 0.98942
00085.jpg 334 232 121 219 0.98872
00085.jpg 335 228 121 222 0.98861
00085.jpg 706 229 49 94 0.98854
00085.jpg 641 216 49 133 0.98840
00085.jpg 710 229 45 88 0.98837
00085.jpg 708 228 44 91 0.98823
00085.jpg 709 231 44 89 0.98815
00085.jpg 637 217 52 135 0.98791
00085.jpg 557 233 32 93 0.98761
00085.jpg 52 208 86 307 0.98736
00085.jpg 638 219 51 130 0.98682
00085.jpg 334 229 122 215 0.98673
00085.jpg 636 219 52 127 0.98639
00085.jpg 637 221 49 126 0.98623
00085.jpg 637 219 54 130 0.98605
00085.jpg 61 200 77 311 0.98575
00085.jpg 712 232 42 86 0.98571
00085.jpg 336 230 118 220 0.98564
00085.jpg 782 222 53 126 0.98562
00085.jpg 636 217 53 130 0.98495
00085.jpg 639 222 50 127 0.98475
00085.jpg 337 223 122 230 0.98454
00085.jpg 58 214 81 295 0.98453
00085.jpg 59 209 78 308 0.98422
00085.jpg 777 221 59 122 0.98411
00085.jpg 556 238 34 84 0.98400
00085.jpg 640 220 46 132 0.98334
00085.jpg 641 218 47 131 0.98262
00085.jpg 637 216 51 133 0.98239
00085.jpg 636 221 54 131 0.98221
00085.jpg 338 231 115 221 0.98167
00085.jpg 709 227 43 93 0.98132
00085.jpg 332 230 125 224 0.98071
00085.jpg 294 246 26 91 0.98057
00085.jpg 781 222 51 125 0.98024
00085.jpg 636 222 54 126 0.98011
00085.jpg 637 216 50 135 0.97967
00085.jpg 636 221 54 131 0.97935
00085.jpg 781 225 51 122 0.97909
00085.jpg 335 227 118 220 0.97908
00085.jpg 781 220 50 130 0.97906
00085.jpg 638 214 45 139 0.97900
00085.jpg 780 219 55 130 0.97890
00085.jpg 557 234 34 94 0.97828
00085.jpg 638 220 49 127 0.97803
00085.jpg 637 219 52 129 0.97769
00085.jpg 57 206 80 306 0.97704
00085.jpg 777 221 55 130 0.97671
00085.jpg 59 210 75 302 0.97670
00085.jpg 708 230 47 91 0.97649
00085.jpg 555 233 31 94 0.97623
00085.jpg 710 230 43 90 0.97597
00085.jpg 710 229 43 90 0.97574
00085.jpg 53 209 87 305 0.97493
00085.jpg 57 208 83 308 0.97486
00085.jpg 779 221 55 131 0.97437
00085.jpg 779 223 55 126 0.97415
00085.jpg 556 236 31 88 0.97408
00085.jpg 709 225 45 98 0.97341
00085.jpg 639 217 50 134 0.97309
00085.jpg 557 235 35 91 0.97218
00085.jpg 335 227 119 225 0.97202
00085.jpg 291 247 27 86 0.97197
00085.jpg 778 220 58 131 0.97068
00085.jpg 780 221 53 127 0.97056
00085.jpg 288 251 35 80 0.97035
00085.jpg 711 232 43 88 0.96993
00085.jpg 639 221 51 126 0.96812
00085.jpg 59 209 82 308 0.96685
00085.jpg 556 236 35 89 0.96669
00085.jpg 639 215 50 137 0.96622
00085.jpg 558 233 34 96 0.96595
00085.jpg 710 230 41 92 0.96594
00085.jpg 709 229 45 86 0.96214
00085.jpg 291 247 29 86 0.96198
00085.jpg 709 228 44 90 0.96147
00085.jpg 632 218 58 131 0.96109
00085.jpg 780 219 53 132 0.96045
00085.jpg 637 222 51 131 0.96039
00085.jpg 777 227 55 119 0.95946
00085.jpg 62 208 70 300 0.95933
00085.jpg 54 208 91 305 0.95828
00085.jpg 329 218 118 236 0.95729
00085.jpg 555 235 35 89 0.95646
00085.jpg 636 220 52 127 0.95356
00085.jpg 557 232 34 95 0.95339
00085.jpg 781 222 54 131 0.95243
00085.jpg 555 232 34 94 0.95167
00085.jpg 297 247 25 87 0.95155
00085.jpg 781 222 52 128 0.94957
00085.jpg 329 228 127 216 0.94843
00085.jpg 780 221 56 128 0.94764
00085.jpg 639 216 48 136 0.94592
00085.jpg 335 231 123 215 0.94581
00085.jpg 712 232 41 88 0.94551
00085.jpg 56 212 83 296 0.94515
00085.jpg 56 212 81 299 0.94367
00085.jpg 288 250 25 82 0.94166
00085.jpg 780 224 53 128 0.94118
00085.jpg 710 228 43 92 0.94051
00085.jpg 709 231 44 88 0.93924
00085.jpg 707 235 46 86 0.93866
00085.jpg 294 250 27 80 0.93815
00085.jpg 51 212 92 302 0.93783
00085.jpg 779 220 56 129 0.93703
00085.jpg 53 214 85 291 0.93700
00085.jpg 332 234 131 211 0.93572
00085.jpg 779 220 52 129 0.93488
00085.jpg 554 235 34 90 0.93270
00085.jpg 780 220 52 131 0.93015
00085.jpg 291 248 27 83 0.92705
00085.jpg 779 224 56 126 0.92578
00085.jpg 337 223 120 223 0.92552
00085.jpg 636 218 51 130 0.92409
00085.jpg 555 236 36 88 0.92359
00085.jpg 332 219 122 236 0.92126
00085.jpg 638 219 51 133 0.92089
00085.jpg 782 223 53 125 0.92088
00085.jpg 59 212 78 300 0.91957
00085.jpg 62 212 77 303 0.91774
00085.jpg 51 209 89 310 0.91770
00085.jpg 708 231 45 88 0.91702
00085.jpg 56 210 83 307 0.91692
00085.jpg 778 224 55 123 0.91683
00085.jpg 710 231 40 91 0.91618
00085.jpg 639 221 46 128 0.91607
00085.jpg 294 250 27 83 0.91559
00085.jpg 557 237 35 87 0.91527
00085.jpg 710 231 40 89 0.91483
00085.jpg 331 223 122 229 0.91463
00085.jpg 331 231 129 220 0.91416
00085.jpg 780 219 53 129 0.91398
00085.jpg 326 221 125 224 0.91332
00085.jpg 57 210 87 306 0.91120
00085.jpg 782 218 53 135 0.91063
00085.jpg 639 220 51 133 0.91042
00085.jpg 555 233 35 92 0.91037
00085.jpg 337 227 111 220 0.90968
00085.jpg 52 206 83 304 0.90862
00085.jpg 713 229 42 87 0.90725
00085.jpg 778 226 55 119 0.90589
00085.jpg 290 252 27 77 0.90419
00085.jpg 333 229 127 216 0.90267
00085.jpg 555 232 34 94 0.90105
00085.jpg 337 227 121 216 0.90027
00085.jpg 870 217 27 54 0.89977
00085.jpg 555 239 35 87 0.89834
00085.jpg 333 222 124 235 0.89673
00085.jpg 636 221 51 126 0.89617
00085.jpg 334 228 118 224 0.89591
00085.jpg 706 230 48 92 0.89344
00085.jpg 53 207 93 310 0.89308
00085.jpg 638 222 49 127 0.88984
00085.jpg 785 220 50 128 0.88881
00085.jpg 786 223 47 122 0.88736
00085.jpg 776 228 54 116 0.88466
00085.jpg 553 233 36 91 0.88162
00085.jpg 714 232 45 86 0.87996
00085.jpg 328 228 130 223 0.87871
00085.jpg 553 235 33 90 0.87787
00085.jpg 630 223 61 123 0.87659
00085.jpg 332 228 121 222 0.87481
00085.jpg 873 220 26 46 0.87266
00085.jpg 710 232 39 83 0.87228
00085.jpg 708 232 47 93 0.87182
00085.jpg 637 218 53 132 0.87168
00085.jpg 292 250 26 83 0.87116
00085.jpg 786 224 51 121 0.86744
00085.jpg 639 219 47 134 0.86620
00085.jpg 332 220 129 238 0.86496
00085.jpg 777 221 57 126 0.86445
00085.jpg 709 233 44 88 0.85862
00085.jpg 556 232 30 97 0.85562
00085.jpg 713 228 42 90 0.85361
00085.jpg 709 230 48 86 0.85030
00085.jpg 556 237 31 87 0.84888
00085.jpg 294 249 29 83 0.84838
00085.jpg 775 221 57 131 0.84830
00085.jpg 637 218 51 134 0.84562
00085.jpg 778 223 55 126 0.84491
00085.jpg 555 235 32 89 0.84299
00085.jpg 711 230 45 84 0.83903
00085.jpg 640 219 46 128 0.83642
00085.jpg 784 220 53 132 0.83560
00085.jpg 642 218 48 131 0.83131
00085.jpg 776 224 62 117 0.82843
00085.jpg 871 221 27 41 0.82609
00085.jpg 294 250 25 83 0.81860
00085.jpg 291 251 32 77 0.81839
00085.jpg 706 232 42 91 0.81593
00085.jpg 332 225 127 221 0.81521
00085.jpg 712 229 41 86 0.81429
00085.jpg 558 234 34 90 0.81158
00085.jpg 781 221 55 129 0.81149
00085.jpg 287 251 32 77 0.81011
00085.jpg 339 227 118 221 0.80884
00085.jpg 869 220 26 47 0.80835
00085.jpg 877 222 18 39 0.80819
00085.jpg 705 233 52 86 0.80655
00085.jpg 705 233 52 87 0.80207
00085.jpg 54 200 86 314 0.80141
00085.jpg 339 223 117 225 0.79557
00085.jpg 57 214 76 288 0.79512
00085.jpg 557 236 37 86 0.79269
00085.jpg 332 227 127 227 0.79266
00085.jpg 870 221 27 47 0.78934
00085.jpg 712 225 45 92 0.78570
00085.jpg 553 234 33 90 0.78385
00085.jpg 774 230 62 115 0.78335
00085.jpg 334 225 122 227 0.78272
00085.jpg 640 216 50 134 0.77829
00085.jpg 557 233 37 90 0.77451
00085.jpg 776 221 59 127 0.76755
00085.jpg 768 247 18 64 0.76733
00085.jpg 767 252 22 52 0.76545
00085.jpg 781 222 52 130 0.76525
00085.jpg 777 223 60 125 0.76310
00085.jpg 640 215 51 136 0.76101
00085.jpg 294 246 28 88 0.75616
00085.jpg 335 226 111 225 0.75528
00085.jpg 710 230 48 92 0.75331
00085.jpg 334 231 132 219 0.75077
00085.jpg 324 217 142 223 0.74995
00085.jpg 634 222 56 123 0.74703
00085.jpg 60 208 81 312 0.74209
00085.jpg 327 229 129 216 0.74124
00085.jpg 643 220 48 128 0.73988
00085.jpg 636 219 56 125 0.73457
00085.jpg 62 218 73 296 0.73365
00085.jpg 299 246 25 86 0.72974
00085.jpg 290 249 29 83 0.72824
00085.jpg 637 223 54 125 0.72689
00085.jpg 555 232 37 94 0.72367
00085.jpg 324 225 133 232 0.72358
00085.jpg 292 247 29 83 0.71962
00085.jpg 329 228 126 221 0.71657
00085.jpg 293 249 31 79 0.71367
00085.jpg 555 233 31 89 0.71170
00085.jpg 873 221 25 47 0.71078
00085.jpg 291 250 30 84 0.71072
00085.jpg 770 245 21 71 0.71015
00085.jpg 876 223 19 36 0.70733
00085.jpg 291 249 33 82 0.70535
00085.jpg 777 220 58 131 0.70467
00085.jpg 869 220 30 52 0.70213
00085.jpg 290 249 30 82 0.70074
00085.jpg 293 252 29 80 0.69922
00085.jpg 633 222 54 131 0.69781
00085.jpg 784 221 52 132 0.69769
00085.jpg 770 242 25 80 0.69163
00085.jpg 769 230 62 120 0.68987
00085.jpg 53 199 77 313 0.68714
00085.jpg 766 245 25 73 0.68638
00085.jpg 706 232 48 89 0.68571
00085.jpg 633 219 52 126 0.67803
00085.jpg 49 210 95 299 0.67666
00085.jpg 779 220 61 129 0.67508
00085.jpg 328 224 131 225 0.66684
00085.jpg 709 229 45 91 0.66282
00085.jpg 870 220 27 46 0.66164
00085.jpg 295 248 29 81 0.65971
00085.jpg 290 250 23 79 0.65405
00085.jpg 880 221 18 37 0.65092
00085.jpg 708 228 54 85 0.64953
00085.jpg 554 235 38 90 0.64858
00085.jpg 708 231 47 86 0.64419
00085.jpg 289 251 28 83 0.64372
00085.jpg 63 210 78 301 0.64334
00085.jpg 556 233 35 93 0.64295
00085.jpg 869 221 25 48 0.64268
00085.jpg 642 216 50 131 0.63623
00085.jpg 294 248 27 88 0.63610
00085.jpg 869 220 25 46 0.63545
00085.jpg 777 221 56 118 0.63431
00085.jpg 873 225 25 49 0.63424
00085.jpg 290 249 30 87 0.63024
00085.jpg 706 231 45 90 0.62851
00085.jpg 871 224 27 41 0.62681
00085.jpg 60 210 78 310 0.62490
00085.jpg 872 221 27 48 0.62342
00085.jpg 558 237 32 90 0.61506
00085.jpg 554 232 42 89 0.61348
00085.jpg 334 226 120 223 0.61220
00085.jpg 333 225 119 234 0.61161
00085.jpg 779 226 52 120 0.60944
00085.jpg 765 249 28 68 0.60566
00085.jpg 340 223 111 227 0.59953
00085.jpg 559 233 34 95 0.59322
00085.jpg 630 223 56 127 0.59211
00085.jpg 51 199 90 322 0.58588
00085.jpg 334 230 123 221 0.58561
00085.jpg 770 233 62 116 0.58424
00085.jpg 761 252 30 63 0.58115
00085.jpg 872 222 26 39 0.57931
00085.jpg 713 228 50 88 0.57869
00085.jpg 324 233 138 209 0.57767
00085.jpg 295 253 28 76 0.57645
00085.jpg 782 223 54 123 0.57257
00085.jpg 773 220 59 121 0.57217
00085.jpg 635 223 57 135 0.57188
00085.jpg 60 209 77 298 0.55526
00085.jpg 710 236 46 87 0.54826
00085.jpg 560 238 36 87 0.54537
00085.jpg 764 248 29 71 0.54416
00085.jpg 867 222 26 42 0.54222
00085.jpg 705 235 52 85 0.53751
00085.jpg 52 207 77 306 0.53358
00085.jpg 768 252 20 47 0.52924
00085.jpg 62 215 79 288 0.52700
00085.jpg 636 220 51 128 0.52144
00085.jpg 552 230 41 102 0.52091
00085.jpg 337 225 124 226 0.51926
00085.jpg 628 224 57 126 0.51469
00085.jpg 58 213 76 291 0.51433
00085.jpg 873 222 26 53 0.51285
00085.jpg 763 249 23 53 0.50767
00085.jpg 289 251 33 86 0.50744
00085.jpg 712 227 46 86 0.50743
00085.jpg 643 218 54 122 0.50341
00085.jpg 773 216 68 130 0.50211
00085.jpg 55 210 78 301 0.49937
00085.jpg 768 252 25 57 0.49922
