00093.jpg 644 222 62 128 0.99955
00093.jpg 65 205 85 310 0.99929
00093.jpg 770 215 64 132 0.99886
00093.jpg 708 228 42 93 0.99881
00093.jpg 67 205 79 310 0.99865
00093.jpg 552 232 38 94 0.99859
00093.jpg 645 217 59 130 0.99830
00093.jpg 67 202 81 308 0.99828
00093.jpg 397 228 120 204 0.99816
00093.jpg 397 232 119 199 0.99812
00093.jpg 70 206 84 306 0.99810
00093.jpg 398 230 117 199 0.99803
00093.jpg 281 248 34 100 0.99779
00093.jpg 401 227 107 203 0.99779
00093.jpg 643 219 62 133 0.99775
00093.jpg 66 210 85 302 0.99775
00093.jpg 554 233 36 93 0.99774
00093.jpg 400 223 115 211 0.99765
00093.jpg 395 219 116 209 0.99755
00093.jpg 773 215 63 137 0.99744
00093.jpg 640 223 67 124 0.99739
00093.jpg 642 219 63 129 0.99738
00093.jpg 397 224 113 200 0.99738
00093.jpg 712 228 43 90 0.99726
00093.jpg 402 223 116 206 0.99707
00093.jpg 404 221 105 214 0.99702
00093.jpg 558 230 31 93 0.99691
00093.jpg 404 229 104 195 0.99690
00093.jpg 641 221 64 127 0.99687
00093.jpg 62 207 87 310 0.99672
00093.jpg 770 217 61 133 0.99665
00093.jpg 769 217 60 135 0.99665
00093.jpg 397 233 115 196 0.99657
00093.jpg 400 227 113 194 0.99654
00093.jpg 336 247 63 104 0.99651
00093.jpg 645 223 60 125 0.99631
00093.jpg 395 228 120 201 0.99622
00093.jpg 404 230 108 199 0.99619
00093.jpg 65 209 85 306 0.99613
00093.jpg 705 229 46 89 0.99612
00093.jpg 339 246 65 103 0.99605
00093.jpg 73 207 77 311 0.99602
00093.jpg 771 218 62 133 0.99598
00093.jpg 284 247 33 103 0.99591
00093.jpg 337 249 66 100 0.99590
00093.jpg 65 208 86 301 0.99584
00093.jpg 65 210 84 306 0.99581
00093.jpg 344 247 58 105 0.99570
00093.jpg 408 234 104 189 0.99565
00093.jpg 644 221 62 127 0.99558
00093.jpg 401 228 111 197 0.99546
00093.jpg 398 230 116 193 0.99529
00093.jpg 644 222 58 126 0.99525
00093.jpg 340 248 63 101 0.99525
00093.jpg 398 225 120 206 0.99516
00093.jpg 643 219 64 132 0.99465
00093.jpg 771 215 61 135 0.99429
00093.jpg 397 225 116 206 0.99412
00093.jpg 282 249 33 95 0.99411
00093.jpg 68 208 84 311 0.99410
00093.jpg 709 227 43 93 0.99402
00093.jpg 64 212 84 298 0.99386
00093.jpg 71 205 76 308 0.99383
00093.jpg 773 217 64 136 0.99368
00093.jpg 641 219 64 132 0.99358
00093.jpg 64 208 89 303 0.99350
00093.jpg 397 223 116 201 0.99304
00093.jpg 645 221 58 127 0.99281
00093.jpg 403 227 110 203 0.99279
00093.jpg 645 219 60 127 0.99272
00093.jpg 774 217 54 134 0.99260
00093.jpg 338 245 64 102 0.99253
00093.jpg 777 217 57 135 0.99244
00093.jpg 65 205 86 312 0.99239
00093.jpg 639 221 68 131 0.99239
00093.jpg 773 218 64 130 0.99237
00093.jpg 770 216 65 136 0.99231
00093.jpg 645 220 60 128 0.99228
00093.jpg 771 215 65 139 0.99205
00093.jpg 281 245 39 102 0.99186
00093.jpg 70 214 82 297 0.99179
00093.jpg 282 246 37 100 0.99177
00093.jpg 403 223 112 200 0.99141
00093.jpg 773 215 61 134 0.99125
00093.jpg 774 216 63 133 0.99124
00093.jpg 642 224 62 124 0.99095
00093.jpg 401 225 115 204 0.99081
00093.jpg 707 229 44 92 0.99078
00093.jpg 404 230 107 199 0.99075
00093.jpg 402 231 109 191 0.99059
00093.jpg 775 221 60 130 0.99058
00093.jpg 643 223 62 129 0.99054
00093.jpg 335 244 66 106 0.99050
00093.jpg 338 247 62 101 0.99024
00093.jpg 283 250 35 96 0.99015
00093.jpg 553 232 37 95 0.99005
00093.jpg 343 247 56 108 0.99003
00093.jpg 708 227 45 93 0.98985
00093.jpg 643 221 63 127 0.98985
00093.jpg 644 219 58 133 0.98975
00093.jpg 773 212 61 141 0.98939
00093.jpg 336 246 67 100 0.98913
00093.jpg 771 216 63 134 0.98895
00093.jpg 771 214 62 134 0.98884
00093.jpg 66 205 84 311 0.98884
00093.jpg 62 208 93 304 0.98852
00093.jpg 773 217 60 136 0.98773
00093.jpg 641 218 64 130 0.98740
00093.jpg 62 208 95 304 0.98732
00093.jpg 775 222 60 122 0.98707
00093.jpg 400 224 113 207 0.98706
00093.jpg 337 247 66 102 0.98704
00093.jpg 70 216 78 293 0.98674
00093.jpg 63 203 88 312 0.98644
00093.jpg 639 222 69 128 0.98636
00093.jpg 341 248 56 104 0.98614
00093.jpg 338 248 63 103 0.98600
00093.jpg 769 219 65 134 0.98595
00093.jpg 774 218 59 134 0.98594
00093.jpg 642 218 65 135 0.98546
00093.jpg 645 219 57 128 0.98514
00093.jpg 709 230 45 85 0.98501
00093.jpg 773 214 62 138 0.98498
00093.jpg 279 251 40 94 0.98496
00093.jpg 640 218 68 132 0.98491
00093.jpg 773 219 59 129 0.98491
00093.jpg 772 216 63 134 0.98458
00093.jpg 555 235 35 90 0.98382
00093.jpg 772 218 62 134 0.98375
00093.jpg 556 233 35 93 0.98362
00093.jpg 341 250 59 100 0.98268
00093.jpg 338 248 64 102 0.98256
00093.jpg 556 233 32 91 0.98207
00093.jpg 399 234 117 193 0.98188
00093.jpg 771 218 61 132 0.98179
00093.jpg 403 228 102 199 0.98172
00093.jpg 644 220 59 131 0.98114
00093.jpg 643 225 63 122 0.98063
00093.jpg 709 227 41 92 0.98061
00093.jpg 69 201 79 320 0.98005
00093.jpg 644 217 61 134 0.97973
00093.jpg 338 248 63 100 0.97955
00093.jpg 555 237 32 85 0.97902
00093.jpg 67 207 85 303 0.97901
00093.jpg 66 202 84 314 0.97894
00093.jpg 555 232 36 89 0.97882
00093.jpg 282 246 34 100 0.97828
00093.jpg 69 202 77 313 0.97795
00093.jpg 645 220 61 132 0.97784
00093.jpg 397 229 115 192 0.97749
00093.jpg 280 244 35 98 0.97744
00093.jpg 556 234 37 94 0.97742
00093.jpg 280 245 36 100 0.97685
00093.jpg 400 224 113 204 0.97656
00093.jpg 646 220 60 128 0.97615
00093.jpg 769 217 63 132 0.97555
00093.jpg 642 219 61 132 0.97534
00093.jpg 770 215 66 135 0.97530
00093.jpg 401 223 116 200 0.97485
00093.jpg 641 222 64 126 0.97484
00093.jpg 643 221 62 130 0.97464
00093.jpg 554 233 39 89 0.97431
00093.jpg 773 218 58 131 0.97351
00093.jpg 775 218 54 134 0.97348
00093.jpg 65 206 87 308 0.97346
00093.jpg 334 246 65 103 0.97346
00093.jpg 706 228 49 93 0.97335
00093.jpg 66 208 85 302 0.97335
00093.jpg 709 226 45 95 0.97330
00093.jpg 402 226 109 201 0.97262
00093.jpg 68 208 80 308 0.97240
00093.jpg 336 245 65 108 0.97216
00093.jpg 338 249 64 100 0.97199
00093.jpg 68 212 77 298 0.97185
00093.jpg 337 248 65 94 0.97142
00093.jpg 337 248 68 101 0.97135
00093.jpg 553 233 34 89 0.97072
00093.jpg 770 220 69 127 0.97067
00093.jpg 708 225 46 95 0.97007
00093.jpg 282 247 37 100 0.97004
00093.jpg 404 227 110 212 0.96980
00093.jpg 406 224 102 210 0.96902
00093.jpg 343 244 54 108 0.96861
00093.jpg 401 231 113 201 0.96826
00093.jpg 775 217 56 132 0.96813
00093.jpg 877 218 29 54 0.96801
00093.jpg 281 247 36 98 0.96738
00093.jpg 407 230 102 197 0.96574
00093.jpg 337 246 65 104 0.96574
00093.jpg 773 217 63 133 0.96569
00093.jpg 708 229 44 92 0.96560
00093.jpg 641 223 66 126 0.96524
00093.jpg 63 207 86 303 0.96490
00093.jpg 338 248 64 104 0.96445
00093.jpg 338 245 63 101 0.96342
00093.jpg 556 232 33 93 0.96298
00093.jpg 337 248 63 100 0.96232
00093.jpg 771 219 66 129 0.96172
00093.jpg 710 227 41 93 0.96126
00093.jpg 643 221 58 126 0.96119
00093.jpg 336 246 66 99 0.96082
00093.jpg 399 226 107 201 0.96073
00093.jpg 555 233 32 93 0.95976
00093.jpg 64 203 82 306 0.95954
00093.jpg 341 246 61 103 0.95919
00093.jpg 403 234 108 195 0.95918
00093.jpg 770 219 68 132 0.95852
00093.jpg 395 228 115 199 0.95825
00093.jpg 281 251 31 95 0.95707
00093.jpg 284 249 33 94 0.95690
00093.jpg 711 226 46 94 0.95690
00093.jpg 771 215 62 133 0.95651
00093.jpg 282 249 34 95 0.95633
00093.jpg 553 235 38 88 0.95595
00093.jpg 641 223 67 123 0.95355
00093.jpg 405 229 103 196 0.95262
00093.jpg 553 232 39 91 0.95142
00093.jpg 708 227 45 93 0.95091
00093.jpg 66 216 85 296 0.95000
00093.jpg 337 246 70 100 0.94973
00093.jpg 335 250 65 102 0.94921
00093.jpg 397 224 115 205 0.94905
00093.jpg 643 222 61 128 0.94904
00093.jpg 554 233 38 92 0.94883
00093.jpg 283 248 35 95 0.94768
00093.jpg 339 247 61 102 0.94695
00093.jpg 282 246 33 101 0.94689
00093.jpg 337 246 66 108 0.94674
00093.jpg 879 218 26 46 0.94611
00093.jpg 336 247 66 99 0.94610
00093.jpg 709 224 44 96 0.94430
00093.jpg 335 243 68 111 0.94406
00093.jpg 335 248 69 102 0.94379
00093.jpg 336 247 61 103 0.94306
00093.jpg 778 215 57 137 0.94290
00093.jpg 641 222 69 123 0.94235
00093.jpg 61 205 92 308 0.94119
00093.jpg 71 208 81 304 0.93880
00093.jpg 644 220 64 132 0.93863
00093.jpg 711 228 39 92 0.93765
00093.jpg 403 222 113 207 0.93671
00093.jpg 401 222 109 213 0.93592
00093.jpg 397 222 117 205 0.93434
00093.jpg 643 220 66 128 0.93354
00093.jpg 554 231 36 95 0.93130
00093.jpg 706 225 49 99 0.93023
00093.jpg 769 216 63 135 0.92715
00093.jpg 771 213 64 135 0.92488
00093.jpg 283 247 38 100 0.92437
00093.jpg 282 248 36 97 0.92420
00093.jpg 282 246 35 98 0.92347
00093.jpg 341 246 60 101 0.92303
00093.jpg 283 246 35 101 0.92160
00093.jpg 772 221 59 124 0.91814
00093.jpg 403 224 104 212 0.91796
00093.jpg 643 221 58 127 0.91665
00093.jpg 407 220 107 202 0.91646
00093.jpg 338 247 61 106 0.91618
00093.jpg 337 246 67 104 0.91523
00093.jpg 283 247 33 100 0.91487
00093.jpg 709 232 45 89 0.91426
00093.jpg 770 219 64 130 0.91323
00093.jpg 400 235 109 196 0.91202
00093.jpg 342 248 55 100 0.91182
00093.jpg 283 250 34 91 0.91181
00093.jpg 648 221 55 129 0.91154
00093.jpg 551 236 36 88 0.91097
00093.jpg 340 246 63 104 0.91078
00093.jpg 639 219 67 129 0.91063
00093.jpg 644 224 58 123 0.91021
00093.jpg 553 231 38 94 0.91003
00093.jpg 884 221 20 41 0.90991
00093.jpg 708 227 46 97 0.90911
00093.jpg 770 218 59 135 0.90632
00093.jpg 553 231 38 93 0.90521
00093.jpg 281 250 39 95 0.90223
00093.jpg 400 224 114 207 0.90104
00093.jpg 553 233 39 93 0.89969
00093.jpg 774 214 56 137 0.89623
00093.jpg 402 224 110 208 0.89562
00093.jpg 72 206 78 313 0.89161
00093.jpg 707 224 45 96 0.89000
00093.jpg 644 221 64 128 0.88854
00093.jpg 707 230 43 89 0.88810
00093.jpg 335 250 65 98 0.88778
00093.jpg 777 219 55 137 0.88741
00093.jpg 398 224 112 197 0.88658
00093.jpg 279 250 36 93 0.88317
00093.jpg 395 222 120 203 0.88288
00093.jpg 710 230 38 85 0.88128
00093.jpg 879 219 29 46 0.87994
00093.jpg 712 226 46 89 0.87985
00093.jpg 405 226 107 199 0.87984
00093.jpg 879 218 27 55 0.87974
00093.jpg 280 246 43 100 0.87955
00093.jpg 554 236 38 86 0.87933
00093.jpg 334 245 68 98 0.87870
00093.jpg 348 245 54 106 0.87785
00093.jpg 342 245 59 111 0.87699
00093.jpg 638 223 69 122 0.87648
00093.jpg 397 234 117 195 0.87543
00093.jpg 709 234 44 87 0.87524
00093.jpg 705 226 46 99 0.87486
00093.jpg 707 227 43 92 0.87437
00093.jpg 774 216 63 137 0.87314
00093.jpg 281 248 40 97 0.86901
00093.jpg 772 227 65 120 0.86889
00093.jpg 639 222 66 131 0.86510
00093.jpg 340 249 66 105 0.86509
00093.jpg 64 204 86 313 0.86486
00093.jpg 710 226 43 95 0.86483
00093.jpg 772 224 58 122 0.86456
00093.jpg 335 248 66 91 0.86347
00093.jpg 401 224 111 205 0.86187
00093.jpg 65 208 89 302 0.85933
00093.jpg 711 232 38 89 0.85924
00093.jpg 707 227 46 92 0.85892
00093.jpg 772 218 58 134 0.85791
00093.jpg 881 221 20 40 0.85718
00093.jpg 344 248 59 100 0.85624
00093.jpg 395 220 118 210 0.85430
00093.jpg 338 247 68 104 0.85197
00093.jpg 709 226 43 93 0.85127
00093.jpg 66 202 84 314 0.85043
00093.jpg 339 245 67 102 0.84931
00093.jpg 641 219 63 128 0.84921
00093.jpg 280 248 34 98 0.84738
00093.jpg 775 218 60 127 0.84707
00093.jpg 879 220 26 49 0.84632
00093.jpg 886 221 20 40 0.84358
00093.jpg 774 217 62 134 0.84322
00093.jpg 337 245 64 109 0.84216
00093.jpg 642 221 56 131 0.84176
00093.jpg 647 226 59 116 0.84168
00093.jpg 333 248 63 107 0.84148
00093.jpg 553 234 38 93 0.84019
00093.jpg 401 226 107 201 0.83803
00093.jpg 643 218 65 128 0.83797
00093.jpg 398 243 114 184 0.83758
00093.jpg 708 226 44 93 0.83587
00093.jpg 556 234 36 90 0.83461
00093.jpg 339 246 62 105 0.83365
00093.jpg 705 224 50 98 0.83228
00093.jpg 881 220 26 42 0.83161
00093.jpg 880 216 29 56 0.83103
00093.jpg 712 224 43 93 0.83080
00093.jpg 401 234 112 187 0.83074
00093.jpg 711 227 43 90 0.83009
00093.jpg 773 218 65 129 0.82937
00093.jpg 768 216 69 135 0.82817
00093.jpg 768 214 67 140 0.82521
00093.jpg 880 219 28 46 0.82518
00093.jpg 398 231 110 189 0.82289
00093.jpg 398 229 110 192 0.81646
00093.jpg 556 236 36 85 0.81565
00093.jpg 337 244 67 109 0.81534
00093.jpg 881 221 29 45 0.81520
00093.jpg 774 229 65 113 0.81513
00093.jpg 398 224 116 209 0.81355
00093.jpg 643 223 66 130 0.81348
00093.jpg 712 228 39 88 0.81346
00093.jpg 772 220 60 124 0.80985
00093.jpg 776 222 63 124 0.80962
00093.jpg 282 250 37 94 0.80931
00093.jpg 880 218 29 51 0.80859
00093.jpg 339 245 69 100 0.80806
00093.jpg 63 209 85 298 0.80407
00093.jpg 282 246 38 101 0.80394
00093.jpg 703 229 54 90 0.79867
00093.jpg 644 220 61 127 0.79784
00093.jpg 280 247 32 99 0.79727
00093.jpg 711 231 42 90 0.79726
00093.jpg 639 222 62 127 0.79516
00093.jpg 878 217 29 51 0.79283
00093.jpg 765 224 70 122 0.78919
00093.jpg 72 207 75 305 0.78192
00093.jpg 338 248 64 102 0.77955
00093.jpg 64 207 85 306 0.77932
00093.jpg 284 248 35 100 0.77789
00093.jpg 637 225 70 124 0.77739
00093.jpg 878 220 31 51 0.77556
00093.jpg 337 248 57 103 0.77342
00093.jpg 66 202 87 316 0.77159
00093.jpg 336 248 68 105 0.77125
00093.jpg 706 227 53 90 0.77093
00093.jpg 279 250 33 94 0.77011
00093.jpg 640 216 63 133 0.76743
00093.jpg 706 228 49 96 0.76654
00093.jpg 401 229 109 198 0.76622
00093.jpg 280 246 34 103 0.76491
00093.jpg 284 251 37 92 0.76402
00093.jpg 876 221 31 51 0.76279
00093.jpg 884 220 20 42 0.76118
00093.jpg 335 248 63 99 0.76040
00093.jpg 64 216 92 295 0.76028
00093.jpg 339 243 63 111 0.75864
00093.jpg 554 231 37 94 0.75836
00093.jpg 881 219 28 46 0.75796
00093.jpg 555 232 31 92 0.75577
00093.jpg 712 223 44 92 0.75403
00093.jpg 283 245 37 101 0.74861
00093.jpg 340 243 55 115 0.74251
00093.jpg 60 209 83 295 0.74230
00093.jpg 878 217 30 54 0.74158
00093.jpg 339 244 68 104 0.73992
00093.jpg 707 230 40 89 0.73821
00093.jpg 346 248 57 107 0.73507
00093.jpg 640 219 66 134 0.73404
00093.jpg 709 228 39 94 0.73219
00093.jpg 706 228 50 89 0.73185
00093.jpg 645 222 54 127 0.72874
00093.jpg 883 218 24 50 0.72841
00093.jpg 556 230 37 90 0.72626
00093.jpg 284 247 39 94 0.72503
00093.jpg 336 247 63 105 0.72476
00093.jpg 713 226 45 87 0.72421
00093.jpg 285 248 35 96 0.71675
00093.jpg 331 245 72 105 0.71296
00093.jpg 773 215 67 132 0.70940
00093.jpg 557 230 38 97 0.70909
00093.jpg 281 247 37 99 0.70865
00093.jpg 71 207 85 299 0.70617
00093.jpg 879 222 30 38 0.70456
00093.jpg 62 209 77 300 0.70454
00093.jpg 844 227 34 76 0.69987
00093.jpg 558 241 36 84 0.69771
00093.jpg 710 226 51 90 0.69541
00093.jpg 399 232 111 197 0.68627
00093.jpg 882 221 25 51 0.68165
00093.jpg 710 227 49 100 0.67428
00093.jpg 706 228 45 94 0.67218
00093.jpg 840 231 34 68 0.66740
00093.jpg 339 250 69 97 0.66713
00093.jpg 880 220 29 48 0.66313
00093.jpg 708 229 49 90 0.66163
00093.jpg 881 220 26 54 0.65918
00093.jpg 769 225 60 118 0.65446
00093.jpg 879 218 31 51 0.65191
00093.jpg 704 227 51 98 0.65141
00093.jpg 775 221 51 128 0.64545
00093.jpg 404 231 105 193 0.64519
00093.jpg 843 232 32 48 0.64501
00093.jpg 845 235 37 46 0.64246
00093.jpg 558 233 37 91 0.64058
00093.jpg 283 246 39 99 0.63753
00093.jpg 840 225 44 60 0.63729
00093.jpg 345 247 60 100 0.63236
00093.jpg 345 246 59 95 0.63107
00093.jpg 279 246 34 99 0.63018
00093.jpg 767 216 67 134 0.62959
00093.jpg 333 240 69 103 0.62704
00093.jpg 842 228 36 59 0.62311
00093.jpg 61 206 88 296 0.62228
00093.jpg 769 222 63 123 0.62125
00093.jpg 704 227 43 92 0.62035
00093.jpg 876 219 28 56 0.61405
00093.jpg 285 244 32 105 0.60273
00093.jpg 711 227 48 89 0.60174
00093.jpg 843 228 38 55 0.60071
00093.jpg 706 230 41 91 0.59395
00093.jpg 640 223 62 126 0.58985
00093.jpg 339 251 48 94 0.58744
00093.jpg 640 221 66 130 0.58719
00093.jpg 402 224 112 205 0.58661
00093.jpg 881 221 19 46 0.58450
00093.jpg 707 236 51 82 0.57687
00093.jpg 278 246 34 96 0.57532
00093.jpg 881 220 20 36 0.57430
00093.jpg 645 217 64 129 0.57412
00093.jpg 838 233 40 49 0.57239
00093.jpg 648 216 57 129 0.56651
00093.jpg 772 212 61 132 0.56499
00093.jpg 280 245 41 102 0.56405
00093.jpg 707 227 52 93 0.56162
00093.jpg 841 227 32 64 0.55876
00093.jpg 332 240 72 100 0.55649
00093.jpg 772 215 71 128 0.54969
00093.jpg 640 223 64 125 0.54570
00093.jpg 59 204 94 302 0.54137
00093.jpg 556 233 38 92 0.53474
00093.jpg 553 232 36 87 0.53136
00093.jpg 550 231 42 97 0.52911
00093.jpg 879 221 27 43 0.52734
00093.jpg 846 227 37 58 0.52267
00093.jpg 777 222 66 124 0.52255
00093.jpg 560 231 35 88 0.52250
00093.jpg 553 234 42 92 0.51508
00093.jpg 837 228 44 66 0.51212
00093.jpg 884 221 18 49 0.50965
00093.jpg 399 223 113 199 0.50778
00093.jpg 774 212 67 138 0.50286
