00097.jpg 71 199 78 313 0.99898
00097.jpg 647 226 59 121 0.99895
00097.jpg 280 247 31 101 0.99889
00097.jpg 403 237 144 183 0.99886
00097.jpg 338 245 61 106 0.99884
00097.jpg 648 222 61 125 0.99883
00097.jpg 74 206 77 305 0.99853
00097.jpg 279 248 31 97 0.99849
00097.jpg 72 198 76 313 0.99848
00097.jpg 650 224 57 129 0.99824
00097.jpg 762 219 56 134 0.99818
00097.jpg 406 233 139 192 0.99816
00097.jpg 279 244 35 102 0.99810
00097.jpg 554 232 39 91 0.99807
00097.jpg 71 203 85 310 0.99794
00097.jpg 73 205 78 309 0.99778
00097.jpg 405 236 138 180 0.99768
00097.jpg 650 222 61 122 0.99757
00097.jpg 763 220 55 129 0.99736
00097.jpg 412 241 133 174 0.99733
00097.jpg 69 204 85 312 0.99691
00097.jpg 71 199 78 315 0.99686
00097.jpg 711 226 39 94 0.99675
00097.jpg 762 218 55 132 0.99656
00097.jpg 398 236 152 181 0.99644
00097.jpg 707 229 44 88 0.99637
00097.jpg 406 231 133 186 0.99633
00097.jpg 764 222 52 128 0.99630
00097.jpg 341 247 63 102 0.99626
00097.jpg 764 221 54 129 0.99621
00097.jpg 767 219 48 134 0.99599
00097.jpg 407 234 135 189 0.99568
00097.jpg 339 247 65 101 0.99566
00097.jpg 714 225 43 94 0.99550
00097.jpg 556 234 35 88 0.99538
00097.jpg 650 221 58 129 0.99502
00097.jpg 762 220 57 133 0.99491
00097.jpg 558 234 38 92 0.99471
00097.jpg 647 225 61 123 0.99455
00097.jpg 406 235 136 184 0.99449
00097.jpg 399 232 140 192 0.99442
00097.jpg 648 221 60 131 0.99418
00097.jpg 557 231 38 95 0.99413
00097.jpg 403 238 146 182 0.99410
00097.jpg 652 224 52 124 0.99403
00097.jpg 341 243 58 108 0.99402
00097.jpg 333 248 70 101 0.99386
00097.jpg 405 229 141 188 0.99328
00097.jpg 338 249 64 97 0.99320
00097.jpg 405 234 137 187 0.99316
00097.jpg 407 235 137 181 0.99285
00097.jpg 710 225 44 94 0.99279
00097.jpg 649 226 57 123 0.99272
00097.jpg 334 246 69 102 0.99267
00097.jpg 403 237 145 178 0.99260
00097.jpg 764 220 53 130 0.99248
00097.jpg 336 245 65 105 0.99246
00097.jpg 73 206 75 302 0.99246
00097.jpg 69 199 79 316 0.99242
00097.jpg 402 237 143 187 0.99217
00097.jpg 71 199 81 318 0.99214
00097.jpg 74 203 73 311 0.99189
00097.jpg 408 232 133 187 0.99188
00097.jpg 400 233 151 189 0.99174
00097.jpg 76 208 73 315 0.99153
00097.jpg 766 216 52 136 0.99152
00097.jpg 335 248 69 102 0.99130
00097.jpg 404 229 143 184 0.99119
00097.jpg 338 247 64 103 0.99107
00097.jpg 336 246 65 104 0.99105
00097.jpg 764 218 55 134 0.99064
00097.jpg 764 219 54 129 0.99061
00097.jpg 764 220 53 135 0.99045
00097.jpg 72 200 81 311 0.99036
00097.jpg 397 239 149 181 0.99035
00097.jpg 652 223 56 125 0.99033
00097.jpg 341 248 61 99 0.99020
00097.jpg 555 233 40 92 0.99017
00097.jpg 71 201 77 306 0.99011
00097.jpg 73 203 76 308 0.98999
00097.jpg 650 224 59 126 0.98997
00097.jpg 646 228 61 119 0.98991
00097.jpg 648 225 60 127 0.98944
00097.jpg 73 202 75 307 0.98944
00097.jpg 66 205 87 310 0.98935
00097.jpg 406 234 131 192 0.98915
00097.jpg 72 202 75 318 0.98888
00097.jpg 710 227 43 91 0.98885
00097.jpg 650 221 58 129 0.98882
00097.jpg 404 234 140 190 0.98872
00097.jpg 403 234 146 177 0.98844
00097.jpg 338 246 62 104 0.98842
00097.jpg 408 235 128 185 0.98761
00097.jpg 648 227 61 120 0.98755
00097.jpg 765 220 50 133 0.98717
00097.jpg 281 248 35 100 0.98711
00097.jpg 765 219 55 133 0.98703
00097.jpg 404 232 141 186 0.98686
00097.jpg 653 227 49 123 0.98667
00097.jpg 75 210 76 307 0.98650
00097.jpg 73 205 78 309 0.98642
00097.jpg 650 223 60 127 0.98633
00097.jpg 397 229 150 192 0.98618
00097.jpg 761 223 61 127 0.98611
00097.jpg 763 216 54 132 0.98599
00097.jpg 710 227 47 92 0.98557
00097.jpg 401 238 145 180 0.98520
00097.jpg 555 236 42 89 0.98505
00097.jpg 711 227 45 92 0.98455
00097.jpg 338 247 65 102 0.98386
00097.jpg 337 247 63 97 0.98362
00097.jpg 763 221 58 128 0.98359
00097.jpg 280 241 34 108 0.98357
00097.jpg 403 241 143 182 0.98337
00097.jpg 764 216 52 133 0.98334
00097.jpg 763 217 54 136 0.98323
00097.jpg 402 233 145 185 0.98309
00097.jpg 649 222 54 125 0.98276
00097.jpg 336 248 67 100 0.98273
00097.jpg 556 235 35 87 0.98218
00097.jpg 712 226 43 93 0.98208
00097.jpg 70 211 80 301 0.98201
00097.jpg 556 235 39 87 0.98181
00097.jpg 767 220 51 129 0.98166
00097.jpg 403 240 147 181 0.98159
00097.jpg 764 220 53 132 0.98151
00097.jpg 401 232 149 181 0.98128
00097.jpg 401 234 144 191 0.98113
00097.jpg 402 233 144 193 0.98100
00097.jpg 763 223 54 123 0.98086
00097.jpg 406 233 134 186 0.98070
00097.jpg 764 219 52 133 0.98069
00097.jpg 283 247 30 99 0.98051
00097.jpg 763 219 56 126 0.98050
00097.jpg 336 246 64 105 0.98036
00097.jpg 709 225 46 94 0.98018
00097.jpg 394 230 158 188 0.98011
00097.jpg 761 219 57 129 0.98001
00097.jpg 404 236 143 183 0.98000
00097.jpg 280 243 32 105 0.97996
00097.jpg 402 240 146 173 0.97974
00097.jpg 340 249 60 101 0.97974
00097.jpg 403 237 144 182 0.97965
00097.jpg 338 246 63 106 0.97948
00097.jpg 403 235 139 179 0.97910
00097.jpg 649 223 59 125 0.97849
00097.jpg 559 231 32 92 0.97792
00097.jpg 335 246 72 100 0.97785
00097.jpg 709 225 45 90 0.97774
00097.jpg 651 223 58 123 0.97755
00097.jpg 402 229 147 188 0.97739
00097.jpg 560 232 33 91 0.97736
00097.jpg 649 222 58 128 0.97720
00097.jpg 764 218 54 135 0.97691
00097.jpg 76 202 74 320 0.97672
00097.jpg 764 219 54 130 0.97667
00097.jpg 646 226 60 122 0.97635
00097.jpg 338 246 62 98 0.97621
00097.jpg 650 224 57 128 0.97610
00097.jpg 406 241 143 176 0.97606
00097.jpg 67 214 85 297 0.97602
00097.jpg 709 227 45 89 0.97597
00097.jpg 401 237 145 181 0.97595
00097.jpg 337 247 65 105 0.97567
00097.jpg 558 233 36 88 0.97532
00097.jpg 557 234 39 90 0.97526
00097.jpg 70 200 81 315 0.97472
00097.jpg 558 232 34 91 0.97464
00097.jpg 654 225 54 122 0.97422
00097.jpg 554 235 39 89 0.97415
00097.jpg 77 201 72 307 0.97381
00097.jpg 340 244 63 106 0.97375
00097.jpg 336 245 67 104 0.97327
00097.jpg 341 246 58 106 0.97309
00097.jpg 73 201 78 309 0.97309
00097.jpg 401 234 143 188 0.97248
00097.jpg 401 231 145 197 0.97215
00097.jpg 762 218 55 137 0.97138
00097.jpg 556 234 39 87 0.97098
00097.jpg 406 237 145 191 0.97078
00097.jpg 651 224 56 129 0.97029
00097.jpg 647 225 63 120 0.96986
00097.jpg 655 225 55 119 0.96946
00097.jpg 708 226 45 93 0.96945
00097.jpg 68 206 81 306 0.96801
00097.jpg 401 233 141 187 0.96778
00097.jpg 336 246 67 106 0.96755
00097.jpg 402 235 144 186 0.96711
00097.jpg 400 232 144 194 0.96692
00097.jpg 653 226 56 116 0.96647
00097.jpg 710 226 41 94 0.96632
00097.jpg 651 226 56 123 0.96629
00097.jpg 711 227 42 93 0.96578
00097.jpg 397 234 147 183 0.96483
00097.jpg 648 226 60 122 0.96449
00097.jpg 653 223 48 126 0.96432
00097.jpg 338 246 62 103 0.96292
00097.jpg 709 227 43 94 0.96234
00097.jpg 714 227 39 95 0.96226
00097.jpg 72 205 81 308 0.96215
00097.jpg 342 248 56 101 0.96127
00097.jpg 712 228 38 88 0.95984
00097.jpg 711 225 44 94 0.95921
00097.jpg 762 217 58 135 0.95903
00097.jpg 398 236 153 188 0.95894
00097.jpg 764 219 54 126 0.95847
00097.jpg 709 228 43 89 0.95831
00097.jpg 651 227 59 123 0.95558
00097.jpg 556 232 38 93 0.95556
00097.jpg 335 252 66 97 0.95551
00097.jpg 766 219 52 129 0.95496
00097.jpg 709 228 45 90 0.95472
00097.jpg 649 221 58 129 0.95471
00097.jpg 280 246 34 100 0.95461
00097.jpg 399 235 143 183 0.95447
00097.jpg 407 235 142 179 0.95351
00097.jpg 764 219 55 130 0.95317
00097.jpg 280 245 32 101 0.95313
00097.jpg 766 218 49 134 0.95208
00097.jpg 76 199 77 319 0.95153
00097.jpg 712 228 41 89 0.95150
00097.jpg 278 249 35 97 0.95116
00097.jpg 712 225 41 92 0.95113
00097.jpg 282 247 29 98 0.95089
00097.jpg 335 248 67 98 0.95057
00097.jpg 340 249 62 100 0.95038
00097.jpg 340 249 59 102 0.94973
00097.jpg 335 247 64 100 0.94904
00097.jpg 404 236 140 185 0.94894
00097.jpg 74 205 77 310 0.94879
00097.jpg 402 243 141 176 0.94844
00097.jpg 280 246 31 98 0.94825
00097.jpg 711 227 41 92 0.94765
00097.jpg 765 221 49 126 0.94705
00097.jpg 401 231 147 191 0.94665
00097.jpg 556 234 39 89 0.94651
00097.jpg 763 219 58 129 0.94624
00097.jpg 279 247 36 97 0.94582
00097.jpg 281 246 30 100 0.94494
00097.jpg 74 202 77 310 0.94473
00097.jpg 339 244 64 103 0.94431
00097.jpg 340 247 64 102 0.94421
00097.jpg 71 198 76 317 0.94330
00097.jpg 710 228 42 93 0.94310
00097.jpg 648 221 63 125 0.94289
00097.jpg 709 228 47 89 0.94264
00097.jpg 73 202 79 311 0.94243
00097.jpg 765 221 52 130 0.94221
00097.jpg 340 249 64 102 0.94220
00097.jpg 648 224 63 121 0.94164
00097.jpg 339 250 63 95 0.94039
00097.jpg 279 243 35 103 0.94014
00097.jpg 713 226 42 88 0.93948
00097.jpg 764 218 56 133 0.93920
00097.jpg 650 225 58 124 0.93855
00097.jpg 73 203 79 313 0.93726
00097.jpg 70 212 79 299 0.93685
00097.jpg 557 233 36 92 0.93649
00097.jpg 559 236 35 87 0.93542
00097.jpg 338 246 65 104 0.93509
00097.jpg 338 250 63 97 0.93470
00097.jpg 280 247 34 97 0.93453
00097.jpg 405 229 137 197 0.93299
00097.jpg 339 247 65 100 0.93291
00097.jpg 654 229 56 113 0.92980
00097.jpg 334 245 68 109 0.92974
00097.jpg 335 249 66 101 0.92930
00097.jpg 66 204 81 306 0.92883
00097.jpg 279 248 35 97 0.92861
00097.jpg 558 232 37 91 0.92698
00097.jpg 281 242 33 106 0.92616
00097.jpg 400 232 142 194 0.92566
00097.jpg 554 235 37 87 0.92376
00097.jpg 556 236 33 87 0.92176
00097.jpg 710 227 44 87 0.92094
00097.jpg 338 243 66 107 0.91971
00097.jpg 279 244 34 104 0.91924
00097.jpg 765 218 54 131 0.91804
00097.jpg 708 231 43 85 0.91702
00097.jpg 767 223 48 127 0.91622
00097.jpg 401 238 145 183 0.91568
00097.jpg 407 234 138 186 0.91523
00097.jpg 72 200 81 314 0.91270
00097.jpg 335 247 69 94 0.91267
00097.jpg 648 227 60 124 0.91219
00097.jpg 559 233 36 87 0.91091
00097.jpg 649 223 64 128 0.90942
00097.jpg 761 211 53 135 0.90901
00097.jpg 399 237 145 178 0.90897
00097.jpg 556 232 37 92 0.90805
00097.jpg 337 249 56 102 0.90537
00097.jpg 764 220 56 130 0.90441
00097.jpg 339 246 64 102 0.90360
00097.jpg 646 227 64 120 0.90360
00097.jpg 409 232 144 191 0.90274
00097.jpg 761 222 58 124 0.90133
00097.jpg 762 220 60 135 0.89943
00097.jpg 342 248 61 100 0.89802
00097.jpg 344 245 57 105 0.89732
00097.jpg 765 221 49 126 0.89595
00097.jpg 654 225 55 124 0.89525
00097.jpg 707 227 50 89 0.89179
00097.jpg 70 211 79 307 0.89177
00097.jpg 653 227 58 118 0.89171
00097.jpg 555 233 39 92 0.89074
00097.jpg 339 246 65 108 0.88885
00097.jpg 72 212 82 294 0.88845
00097.jpg 71 208 79 311 0.88764
00097.jpg 281 246 33 103 0.88750
00097.jpg 645 224 66 124 0.88415
00097.jpg 341 243 61 107 0.88356
00097.jpg 333 250 66 94 0.87843
00097.jpg 401 233 144 189 0.87774
00097.jpg 334 246 68 106 0.87704
00097.jpg 712 227 43 92 0.87682
00097.jpg 398 234 149 189 0.87580
00097.jpg 713 224 42 94 0.87550
00097.jpg 654 227 57 122 0.87544
00097.jpg 558 233 37 90 0.87490
00097.jpg 650 224 56 126 0.87231
00097.jpg 711 227 42 93 0.87165
00097.jpg 72 201 78 319 0.87091
00097.jpg 341 245 62 101 0.87069
00097.jpg 765 214 56 143 0.87038
00097.jpg 335 245 72 105 0.86831
00097.jpg 645 225 64 124 0.86721
00097.jpg 279 243 32 102 0.86719
00097.jpg 882 219 28 52 0.86716
00097.jpg 338 250 56 98 0.86127
00097.jpg 339 248 64 100 0.85811
00097.jpg 338 250 56 89 0.85582
00097.jpg 73 202 73 301 0.85542
00097.jpg 712 222 44 94 0.85507
00097.jpg 707 225 49 95 0.85403
00097.jpg 335 246 67 105 0.85312
00097.jpg 707 229 48 93 0.85214
00097.jpg 390 243 165 186 0.84913
00097.jpg 712 228 40 90 0.84912
00097.jpg 335 243 65 102 0.84617
00097.jpg 338 247 62 104 0.84581
00097.jpg 763 219 49 130 0.84335
00097.jpg 281 245 37 101 0.84110
00097.jpg 279 246 32 96 0.83717
00097.jpg 712 228 44 92 0.83588
00097.jpg 281 246 35 96 0.83322
00097.jpg 335 243 67 109 0.83176
00097.jpg 558 232 38 89 0.83151
00097.jpg 653 224 58 121 0.82933
00097.jpg 279 246 39 97 0.82846
00097.jpg 334 244 71 103 0.82755
00097.jpg 645 226 61 119 0.81914
00097.jpg 703 230 54 89 0.81789
00097.jpg 709 225 48 96 0.81363
00097.jpg 888 223 19 44 0.81335
00097.jpg 279 246 28 100 0.81266
00097.jpg 763 220 57 132 0.81100
00097.jpg 280 247 27 99 0.81069
00097.jpg 399 238 148 181 0.81054
00097.jpg 765 215 55 131 0.80950
00097.jpg 709 225 46 94 0.80709
00097.jpg 648 224 58 123 0.80239
00097.jpg 705 226 50 96 0.80113
00097.jpg 336 247 61 100 0.79598
00097.jpg 647 228 66 120 0.79553
00097.jpg 709 228 41 89 0.78918
00097.jpg 646 224 58 116 0.78796
00097.jpg 336 251 68 98 0.78621
00097.jpg 646 221 58 126 0.78447
00097.jpg 653 225 49 120 0.78211
00097.jpg 764 219 55 132 0.77920
00097.jpg 882 215 32 58 0.77709
00097.jpg 712 225 44 91 0.77705
00097.jpg 334 248 64 104 0.77614
00097.jpg 765 223 55 132 0.77277
00097.jpg 278 243 32 105 0.76666
00097.jpg 62 205 94 305 0.76323
00097.jpg 655 225 57 115 0.75994
00097.jpg 400 232 143 189 0.75718
00097.jpg 404 233 141 184 0.74829
00097.jpg 75 201 75 309 0.74755
00097.jpg 334 245 63 103 0.74571
00097.jpg 554 233 38 93 0.74452
00097.jpg 708 228 40 93 0.74300
00097.jpg 280 240 34 109 0.73676
00097.jpg 884 218 28 50 0.73662
00097.jpg 280 245 36 100 0.72862
00097.jpg 74 213 65 287 0.72265
00097.jpg 653 225 55 118 0.72249
00097.jpg 554 236 34 85 0.72144
00097.jpg 557 232 40 93 0.71890
00097.jpg 654 223 53 125 0.71786
00097.jpg 709 226 43 94 0.71631
00097.jpg 768 220 51 132 0.71424
00097.jpg 647 229 56 121 0.71043
00097.jpg 413 237 143 180 0.70789
00097.jpg 763 217 54 129 0.70589
00097.jpg 65 194 87 333 0.70253
00097.jpg 761 215 53 135 0.70148
00097.jpg 642 231 70 113 0.69943
00097.jpg 768 221 47 125 0.69849
00097.jpg 708 229 47 91 0.69658
00097.jpg 881 219 29 56 0.69520
00097.jpg 341 247 65 106 0.69244
00097.jpg 392 235 166 176 0.69122
00097.jpg 277 248 31 97 0.69072
00097.jpg 555 236 42 84 0.69013
00097.jpg 70 207 83 306 0.68919
00097.jpg 709 230 43 90 0.68554
00097.jpg 339 252 50 93 0.68468
00097.jpg 767 215 53 137 0.68353
00097.jpg 281 249 35 100 0.67979
00097.jpg 557 235 38 89 0.67964
00097.jpg 65 195 88 323 0.67639
00097.jpg 883 219 28 57 0.67210
00097.jpg 343 245 63 107 0.66664
00097.jpg 885 223 27 49 0.66603
00097.jpg 401 233 151 189 0.66565
00097.jpg 708 228 44 84 0.66414
00097.jpg 65 198 79 309 0.66388
00097.jpg 400 230 141 180 0.66277
00097.jpg 279 247 31 97 0.65882
00097.jpg 281 245 36 95 0.65749
00097.jpg 654 229 58 115 0.65477
00097.jpg 71 206 75 303 0.65422
00097.jpg 646 220 55 130 0.64696
00097.jpg 70 211 79 284 0.64614
00097.jpg 885 219 29 46 0.64491
00097.jpg 69 205 81 308 0.64467
00097.jpg 644 231 59 116 0.64424
00097.jpg 702 223 55 106 0.64352
00097.jpg 403 240 145 179 0.64214
00097.jpg 761 219 54 124 0.64053
00097.jpg 71 222 73 279 0.63820
00097.jpg 653 228 54 111 0.63675
00097.jpg 400 225 143 198 0.62644
00097.jpg 648 218 64 128 0.62514
00097.jpg 404 239 158 173 0.62252
00097.jpg 646 225 58 121 0.62053
00097.jpg 336 240 72 101 0.61844
00097.jpg 400 234 147 185 0.61604
00097.jpg 707 229 50 84 0.61444
00097.jpg 760 222 57 126 0.61171
00097.jpg 550 236 40 84 0.60928
00097.jpg 552 238 40 83 0.60913
00097.jpg 560 234 35 88 0.60352
00097.jpg 714 225 42 92 0.59807
00097.jpg 331 247 66 100 0.59803
00097.jpg 63 203 91 314 0.58806
00097.jpg 338 248 51 106 0.58790
00097.jpg 649 228 60 122 0.58633
00097.jpg 556 233 41 92 0.58393
00097.jpg 885 221 28 47 0.57830
00097.jpg 883 223 27 51 0.57281
00097.jpg 882 219 31 50 0.57061
00097.jpg 882 218 31 53 0.56794
00097.jpg 648 221 56 124 0.56549
00097.jpg 282 242 36 106 0.56483
00097.jpg 399 244 143 168 0.55463
00097.jpg 880 217 33 58 0.55372
00097.jpg 563 230 33 93 0.55342
00097.jpg 767 216 53 136 0.54754
00097.jpg 757 217 64 135 0.54545
00097.jpg 882 221 26 44 0.54521
00097.jpg 557 238 34 78 0.54438
00097.jpg 398 230 153 193 0.53694
00097.jpg 405 227 139 191 0.53632
00097.jpg 400 239 135 189 0.53567
00097.jpg 344 252 51 95 0.53462
00097.jpg 71 204 84 298 0.52801
00097.jpg 754 220 63 121 0.52770
00097.jpg 886 219 28 52 0.52476
00097.jpg 61 194 95 309 0.52281
00097.jpg 71 208 77 304 0.52163
00097.jpg 553 235 33 85 0.52104
00097.jpg 761 226 61 129 0.51823
00097.jpg 657 229 55 109 0.51821
00097.jpg 554 234 41 91 0.51602
00097.jpg 707 228 51 84 0.51481
00097.jpg 400 226 138 195 0.50942
00097.jpg 883 222 30 44 0.50729
00097.jpg 764 227 56 113 0.50404
00097.jpg 341 242 62 103 0.50180
00097.jpg 706 226 51 95 0.50054
00097.jpg 711 229 50 97 0.49997
