00103.jpg 453 217 126 203 0.99859
00103.jpg 341 244 62 106 0.99849
00103.jpg 459 222 118 184 0.99821
00103.jpg 280 244 32 106 0.99803
00103.jpg 343 248 64 99 0.99796
00103.jpg 72 204 82 313 0.99784
00103.jpg 340 247 66 98 0.99782
00103.jpg 74 206 82 303 0.99778
00103.jpg 451 215 120 198 0.99776
00103.jpg 650 234 59 114 0.99773
00103.jpg 650 238 60 113 0.99771
00103.jpg 279 249 31 95 0.99766
00103.jpg 653 234 58 117 0.99758
00103.jpg 452 220 124 191 0.99744
00103.jpg 652 233 59 119 0.99737
00103.jpg 79 203 79 308 0.99737
00103.jpg 77 201 80 313 0.99725
00103.jpg 341 248 64 99 0.99702
00103.jpg 459 218 113 198 0.99675
00103.jpg 347 245 57 105 0.99662
00103.jpg 73 206 82 307 0.99631
00103.jpg 459 219 116 187 0.99631
00103.jpg 73 207 85 314 0.99622
00103.jpg 458 216 119 195 0.99621
00103.jpg 647 236 65 112 0.99589
00103.jpg 649 235 62 113 0.99582
00103.jpg 454 227 124 181 0.99575
00103.jpg 712 228 35 92 0.99569
00103.jpg 455 225 122 180 0.99552
00103.jpg 650 235 62 115 0.99535
00103.jpg 77 210 77 306 0.99531
00103.jpg 564 235 33 91 0.99524
00103.jpg 742 230 71 126 0.99522
00103.jpg 650 240 61 108 0.99519
00103.jpg 70 214 80 298 0.99506
00103.jpg 277 248 34 97 0.99469
00103.jpg 648 237 64 110 0.99467
00103.jpg 458 222 112 193 0.99449
00103.jpg 748 234 69 123 0.99447
00103.jpg 715 228 34 91 0.99426
00103.jpg 459 225 118 182 0.99419
00103.jpg 454 220 115 189 0.99403
00103.jpg 453 220 123 199 0.99394
00103.jpg 455 226 119 191 0.99350
00103.jpg 457 222 111 190 0.99336
00103.jpg 277 246 35 99 0.99328
00103.jpg 566 233 31 93 0.99328
00103.jpg 342 247 61 100 0.99324
00103.jpg 70 204 88 315 0.99314
00103.jpg 744 230 75 123 0.99309
00103.jpg 341 243 62 104 0.99294
00103.jpg 338 244 67 107 0.99266
00103.jpg 338 246 70 105 0.99257
00103.jpg 342 246 60 103 0.99240
00103.jpg 75 204 78 307 0.99227
00103.jpg 454 228 124 179 0.99205
00103.jpg 78 204 74 310 0.99201
00103.jpg 454 221 120 187 0.99172
00103.jpg 453 223 120 180 0.99171
00103.jpg 653 235 56 114 0.99106
00103.jpg 458 222 113 193 0.99071
00103.jpg 654 237 53 113 0.99066
00103.jpg 345 247 54 104 0.99062
00103.jpg 339 249 64 100 0.99035
00103.jpg 649 239 61 109 0.99031
00103.jpg 453 221 119 186 0.99015
00103.jpg 747 232 69 124 0.99004
00103.jpg 745 227 67 130 0.99002
00103.jpg 452 225 119 188 0.98998
00103.jpg 70 210 86 304 0.98967
00103.jpg 455 218 121 194 0.98963
00103.jpg 459 223 110 187 0.98963
00103.jpg 76 208 88 306 0.98962
00103.jpg 456 223 119 192 0.98961
00103.jpg 646 237 65 111 0.98952
00103.jpg 747 231 63 121 0.98950
00103.jpg 343 243 62 107 0.98946
00103.jpg 449 227 132 177 0.98931
00103.jpg 341 245 64 104 0.98910
00103.jpg 649 238 60 113 0.98889
00103.jpg 74 207 82 303 0.98874
00103.jpg 650 233 60 118 0.98831
00103.jpg 344 246 58 102 0.98816
00103.jpg 454 226 116 186 0.98803
00103.jpg 744 227 62 130 0.98791
00103.jpg 341 249 64 99 0.98772
00103.jpg 75 209 83 306 0.98759
00103.jpg 78 206 78 312 0.98746
00103.jpg 648 238 66 112 0.98736
00103.jpg 341 245 66 107 0.98727
00103.jpg 276 250 30 94 0.98711
00103.jpg 563 234 35 89 0.98701
00103.jpg 652 236 58 115 0.98675
00103.jpg 341 247 64 97 0.98620
00103.jpg 744 230 71 122 0.98604
00103.jpg 647 238 66 114 0.98594
00103.jpg 340 247 65 101 0.98536
00103.jpg 747 231 66 125 0.98535
00103.jpg 746 235 72 120 0.98499
00103.jpg 341 247 66 99 0.98437
00103.jpg 747 236 71 118 0.98432
00103.jpg 278 248 31 97 0.98383
00103.jpg 344 246 64 103 0.98327
00103.jpg 746 238 69 116 0.98315
00103.jpg 277 247 33 98 0.98265
00103.jpg 646 237 67 109 0.98253
00103.jpg 456 221 122 194 0.98244
00103.jpg 457 225 116 186 0.98236
00103.jpg 649 236 63 116 0.98184
00103.jpg 341 247 63 100 0.98117
00103.jpg 453 216 117 199 0.98114
00103.jpg 78 204 83 313 0.98114
00103.jpg 562 235 32 91 0.98096
00103.jpg 79 211 77 303 0.98092
00103.jpg 455 218 116 190 0.98089
00103.jpg 345 246 59 101 0.98084
00103.jpg 340 250 68 98 0.98066
00103.jpg 76 207 81 301 0.98062
00103.jpg 457 221 116 193 0.98057
00103.jpg 341 248 65 97 0.98029
00103.jpg 460 224 110 188 0.98021
00103.jpg 712 227 33 90 0.97979
00103.jpg 67 211 87 306 0.97963
00103.jpg 343 248 61 100 0.97936
00103.jpg 651 233 61 118 0.97844
00103.jpg 276 247 31 102 0.97773
00103.jpg 457 223 119 193 0.97772
00103.jpg 450 220 122 189 0.97723
00103.jpg 453 222 119 193 0.97674
00103.jpg 277 247 32 99 0.97659
00103.jpg 76 211 77 301 0.97658
00103.jpg 78 207 75 307 0.97639
00103.jpg 650 235 61 113 0.97578
00103.jpg 69 207 83 307 0.97483
00103.jpg 456 225 119 184 0.97427
00103.jpg 565 236 32 89 0.97424
00103.jpg 451 219 121 190 0.97422
00103.jpg 280 247 32 100 0.97405
00103.jpg 454 225 126 184 0.97404
00103.jpg 456 227 120 183 0.97400
00103.jpg 650 237 60 113 0.97378
00103.jpg 453 219 121 197 0.97368
00103.jpg 742 227 72 128 0.97362
00103.jpg 345 246 59 100 0.97345
00103.jpg 75 208 79 306 0.97210
00103.jpg 277 249 33 95 0.97187
00103.jpg 452 224 125 185 0.97187
00103.jpg 649 240 63 106 0.97182
00103.jpg 71 201 83 311 0.97106
00103.jpg 75 202 81 314 0.96933
00103.jpg 462 227 112 177 0.96933
00103.jpg 337 246 67 106 0.96880
00103.jpg 278 251 32 94 0.96853
00103.jpg 72 209 85 311 0.96823
00103.jpg 651 232 59 120 0.96785
00103.jpg 648 238 63 116 0.96727
00103.jpg 281 244 30 106 0.96722
00103.jpg 745 218 44 141 0.96700
00103.jpg 278 247 30 99 0.96650
00103.jpg 279 247 32 104 0.96650
00103.jpg 341 246 61 106 0.96539
00103.jpg 651 233 61 117 0.96538
00103.jpg 649 241 65 108 0.96536
00103.jpg 458 223 114 186 0.96496
00103.jpg 651 235 62 117 0.96475
00103.jpg 340 250 65 99 0.96456
00103.jpg 337 245 68 102 0.96397
00103.jpg 341 246 67 102 0.96361
00103.jpg 742 228 69 129 0.96336
00103.jpg 69 208 94 309 0.96326
00103.jpg 650 236 60 109 0.96280
00103.jpg 648 237 62 106 0.96162
00103.jpg 279 248 31 95 0.96127
00103.jpg 336 249 69 97 0.96119
00103.jpg 714 231 34 87 0.96092
00103.jpg 564 233 35 90 0.96075
00103.jpg 74 211 83 306 0.96067
00103.jpg 75 214 81 299 0.96062
00103.jpg 278 250 34 92 0.96059
00103.jpg 74 210 85 301 0.96015
00103.jpg 746 238 72 115 0.95966
00103.jpg 343 245 57 104 0.95951
00103.jpg 746 226 56 129 0.95924
00103.jpg 649 235 63 112 0.95916
00103.jpg 76 208 85 303 0.95910
00103.jpg 650 236 62 114 0.95811
00103.jpg 71 199 89 312 0.95809
00103.jpg 344 251 62 98 0.95800
00103.jpg 343 246 65 102 0.95787
00103.jpg 653 239 55 109 0.95765
00103.jpg 648 234 65 117 0.95717
00103.jpg 713 226 38 91 0.95636
00103.jpg 279 244 32 103 0.95612
00103.jpg 747 227 68 132 0.95515
00103.jpg 742 227 73 128 0.95503
00103.jpg 567 234 32 91 0.95443
00103.jpg 744 234 73 123 0.95393
00103.jpg 343 245 61 106 0.95389
00103.jpg 742 222 52 134 0.95285
00103.jpg 647 236 66 115 0.95259
00103.jpg 649 237 62 106 0.95211
00103.jpg 648 237 65 110 0.95129
00103.jpg 78 201 80 316 0.95038
00103.jpg 749 236 68 116 0.95007
00103.jpg 745 226 72 126 0.95004
00103.jpg 650 238 62 108 0.94977
00103.jpg 648 238 66 111 0.94968
00103.jpg 748 240 71 115 0.94946
00103.jpg 742 227 64 130 0.94892
00103.jpg 651 236 63 115 0.94866
00103.jpg 459 227 109 180 0.94847
00103.jpg 647 236 62 117 0.94832
00103.jpg 75 199 84 321 0.94745
00103.jpg 453 220 121 194 0.94651
00103.jpg 71 212 92 303 0.94633
00103.jpg 339 249 66 98 0.94474
00103.jpg 713 226 36 94 0.94342
00103.jpg 647 236 67 114 0.94173
00103.jpg 338 247 67 101 0.94096
00103.jpg 714 228 34 92 0.94083
00103.jpg 744 234 70 120 0.93974
00103.jpg 455 220 116 191 0.93973
00103.jpg 745 235 69 120 0.93907
00103.jpg 344 247 55 99 0.93841
00103.jpg 564 235 31 89 0.93826
00103.jpg 744 222 45 132 0.93782
00103.jpg 461 223 114 183 0.93737
00103.jpg 743 225 55 132 0.93652
00103.jpg 750 232 58 126 0.93634
00103.jpg 74 213 78 302 0.93583
00103.jpg 564 234 35 89 0.93516
00103.jpg 456 228 112 185 0.93504
00103.jpg 454 227 115 185 0.93399
00103.jpg 756 243 62 107 0.93391
00103.jpg 715 228 33 92 0.93291
00103.jpg 74 210 83 305 0.93260
00103.jpg 345 247 58 98 0.93198
00103.jpg 346 245 59 105 0.93180
00103.jpg 335 250 70 92 0.93100
00103.jpg 341 245 65 105 0.93059
00103.jpg 564 234 30 91 0.92918
00103.jpg 648 234 61 118 0.92822
00103.jpg 749 233 68 121 0.92797
00103.jpg 341 243 65 109 0.92735
00103.jpg 278 245 33 100 0.92495
00103.jpg 715 228 36 90 0.92386
00103.jpg 74 214 90 301 0.92378
00103.jpg 748 222 41 135 0.92268
00103.jpg 74 201 83 326 0.92168
00103.jpg 749 236 66 120 0.92036
00103.jpg 709 226 40 98 0.92026
00103.jpg 568 233 31 91 0.91981
00103.jpg 71 212 84 305 0.91858
00103.jpg 652 239 61 106 0.91829
00103.jpg 744 231 69 122 0.91807
00103.jpg 714 229 33 88 0.91716
00103.jpg 568 231 31 94 0.91513
00103.jpg 347 247 59 104 0.91508
00103.jpg 279 241 30 107 0.91425
00103.jpg 746 230 66 121 0.91365
00103.jpg 652 238 57 114 0.91215
00103.jpg 280 245 32 104 0.91140
00103.jpg 564 232 32 94 0.90794
00103.jpg 348 248 60 94 0.90743
00103.jpg 715 224 33 95 0.90737
00103.jpg 742 230 67 126 0.90584
00103.jpg 746 233 71 125 0.90556
00103.jpg 747 230 68 127 0.90396
00103.jpg 73 217 80 284 0.90368
00103.jpg 744 225 51 129 0.90340
00103.jpg 455 220 117 187 0.90293
00103.jpg 650 238 61 110 0.90046
00103.jpg 714 227 37 92 0.89999
00103.jpg 455 227 121 180 0.89927
00103.jpg 562 233 34 93 0.89814
00103.jpg 464 223 110 180 0.89665
00103.jpg 568 233 28 87 0.89637
00103.jpg 565 232 33 92 0.88875
00103.jpg 749 234 67 118 0.88867
00103.jpg 749 241 71 109 0.88780
00103.jpg 747 227 49 131 0.88662
00103.jpg 714 224 34 96 0.88615
00103.jpg 740 229 72 121 0.88550
00103.jpg 77 200 77 316 0.88540
00103.jpg 452 228 126 181 0.88457
00103.jpg 567 233 31 92 0.87994
00103.jpg 462 225 111 183 0.87993
00103.jpg 336 246 69 101 0.87865
00103.jpg 713 227 36 90 0.87575
00103.jpg 71 208 91 307 0.87450
00103.jpg 457 217 115 196 0.87104
00103.jpg 648 237 67 107 0.87024
00103.jpg 713 228 38 88 0.86841
00103.jpg 712 225 33 94 0.86746
00103.jpg 450 220 119 188 0.86611
00103.jpg 61 264 24 75 0.86497
00103.jpg 566 232 32 93 0.86107
00103.jpg 80 207 71 307 0.86064
00103.jpg 457 226 118 188 0.86023
00103.jpg 649 240 59 109 0.85968
00103.jpg 649 239 66 100 0.85918
00103.jpg 747 234 67 119 0.85865
00103.jpg 278 244 34 100 0.85837
00103.jpg 751 240 66 111 0.85695
00103.jpg 77 207 72 301 0.85515
00103.jpg 277 247 34 99 0.85424
00103.jpg 745 224 38 132 0.85325
00103.jpg 71 210 92 306 0.85270
00103.jpg 277 246 35 99 0.85235
00103.jpg 654 233 59 111 0.85214
00103.jpg 742 221 48 129 0.85082
00103.jpg 742 237 75 112 0.84843
00103.jpg 712 231 35 84 0.84836
00103.jpg 890 224 27 51 0.84436
00103.jpg 756 242 62 109 0.84426
00103.jpg 739 229 68 130 0.84368
00103.jpg 70 210 82 302 0.84235
00103.jpg 744 221 45 121 0.84227
00103.jpg 563 233 33 91 0.84074
00103.jpg 454 227 123 181 0.84073
00103.jpg 756 240 62 108 0.83238
00103.jpg 350 244 58 106 0.82916
00103.jpg 649 233 60 117 0.82907
00103.jpg 278 247 32 97 0.82830
00103.jpg 276 245 35 104 0.82826
00103.jpg 745 232 76 115 0.82762
00103.jpg 343 244 55 107 0.82474
00103.jpg 566 233 32 89 0.82439
00103.jpg 712 225 36 91 0.82101
00103.jpg 712 226 38 91 0.81811
00103.jpg 650 233 62 113 0.81745
00103.jpg 650 237 63 107 0.81542
00103.jpg 62 267 27 70 0.81396
00103.jpg 560 234 34 92 0.81075
00103.jpg 461 217 113 202 0.80745
00103.jpg 453 222 122 183 0.80496
00103.jpg 562 233 32 89 0.80485
00103.jpg 455 225 116 184 0.80366
00103.jpg 742 221 67 136 0.80304
00103.jpg 737 230 79 119 0.79984
00103.jpg 746 236 69 117 0.79961
00103.jpg 350 245 57 102 0.79791
00103.jpg 564 231 34 95 0.79762
00103.jpg 752 234 66 122 0.79646
00103.jpg 454 226 127 188 0.79642
00103.jpg 64 262 23 72 0.79593
00103.jpg 278 248 28 92 0.79319
00103.jpg 745 225 69 128 0.79072
00103.jpg 453 220 117 187 0.78892
00103.jpg 564 235 32 88 0.78750
00103.jpg 74 204 88 318 0.78469
00103.jpg 340 250 64 91 0.78158
00103.jpg 59 267 23 69 0.78138
00103.jpg 65 262 24 81 0.78012
00103.jpg 338 245 63 102 0.77878
00103.jpg 562 235 38 89 0.77595
00103.jpg 452 225 127 192 0.77378
00103.jpg 713 229 34 92 0.77063
00103.jpg 561 233 31 91 0.77055
00103.jpg 459 224 102 183 0.76823
00103.jpg 741 232 76 121 0.76680
00103.jpg 651 237 53 110 0.76651
00103.jpg 339 249 66 94 0.76510
00103.jpg 717 229 34 88 0.76350
00103.jpg 714 230 33 88 0.76328
00103.jpg 741 220 57 130 0.76045
00103.jpg 457 228 114 181 0.75295
00103.jpg 745 231 60 119 0.74970
00103.jpg 742 222 43 129 0.74922
00103.jpg 79 206 81 306 0.74808
00103.jpg 279 244 34 103 0.74422
00103.jpg 568 235 29 86 0.74334
00103.jpg 347 248 52 104 0.74300
00103.jpg 351 244 54 100 0.73961
00103.jpg 565 233 35 89 0.73840
00103.jpg 339 247 61 105 0.73452
00103.jpg 745 228 53 114 0.72636
00103.jpg 276 247 31 103 0.72400
00103.jpg 753 234 69 112 0.72384
00103.jpg 276 247 33 95 0.72276
00103.jpg 279 245 30 97 0.71515
00103.jpg 276 246 29 101 0.71493
00103.jpg 891 226 24 46 0.71381
00103.jpg 889 225 26 42 0.70963
00103.jpg 1 258 32 129 0.70904
00103.jpg 276 248 31 102 0.70596
00103.jpg 714 229 28 88 0.69767
00103.jpg 452 224 115 179 0.69293
00103.jpg 707 226 43 97 0.69266
00103.jpg 464 226 112 177 0.69215
00103.jpg 648 236 61 113 0.67994
00103.jpg 74 219 92 293 0.67509
00103.jpg 0 252 33 136 0.67454
00103.jpg 567 234 30 94 0.67403
00103.jpg 717 226 33 94 0.67128
00103.jpg 60 266 23 64 0.67061
00103.jpg 716 225 36 97 0.66951
00103.jpg 744 224 42 118 0.66871
00103.jpg 759 239 61 117 0.66746
00103.jpg 738 222 60 130 0.66653
00103.jpg 568 235 31 89 0.66529
00103.jpg 713 230 33 90 0.65848
00103.jpg 60 265 27 70 0.65771
00103.jpg 86 213 78 297 0.65691
00103.jpg 759 240 56 106 0.65666
00103.jpg 345 250 66 94 0.65657
00103.jpg 735 234 83 112 0.65160
00103.jpg 279 249 33 95 0.64754
00103.jpg 278 247 36 92 0.63671
00103.jpg 69 200 97 311 0.63362
00103.jpg 735 225 66 129 0.63202
00103.jpg 710 225 38 87 0.63101
00103.jpg 70 203 78 301 0.63080
00103.jpg 68 211 81 293 0.62974
00103.jpg 747 222 47 120 0.62967
00103.jpg 60 265 32 71 0.62684
00103.jpg 753 236 61 110 0.62576
00103.jpg 80 214 78 293 0.62470
00103.jpg 456 220 116 191 0.62115
00103.jpg 760 241 57 100 0.62029
00103.jpg 334 242 68 110 0.61526
00103.jpg 743 228 68 126 0.61366
00103.jpg 888 225 27 52 0.61324
00103.jpg 344 248 66 102 0.61318
00103.jpg 745 237 67 115 0.61313
00103.jpg 650 237 65 117 0.60965
00103.jpg 559 234 44 90 0.60859
00103.jpg 559 231 37 94 0.60402
00103.jpg 747 227 76 123 0.60352
00103.jpg 751 237 57 108 0.60156
00103.jpg 740 226 59 111 0.60076
00103.jpg 717 225 35 92 0.59846
00103.jpg 352 248 47 100 0.59610
00103.jpg 281 245 33 98 0.59600
00103.jpg 559 235 40 88 0.59582
00103.jpg 930 209 29 107 0.59543
00103.jpg 891 225 28 44 0.59502
00103.jpg 740 233 70 131 0.59471
00103.jpg 646 235 67 112 0.59444
00103.jpg 715 224 36 90 0.58847
00103.jpg 933 206 26 110 0.58807
00103.jpg 741 218 73 134 0.58758
00103.jpg 764 244 56 102 0.58084
00103.jpg 72 212 78 283 0.58075
00103.jpg 453 224 118 184 0.58041
00103.jpg 892 227 27 40 0.57677
00103.jpg 761 244 57 101 0.57447
00103.jpg 890 228 24 47 0.57418
00103.jpg 647 240 59 113 0.57299
00103.jpg 0 255 35 107 0.56987
00103.jpg 569 236 30 86 0.56962
00103.jpg 60 268 21 72 0.56841
00103.jpg 343 245 70 103 0.56716
00103.jpg 67 259 27 71 0.56715
00103.jpg 456 224 131 182 0.56553
00103.jpg 83 208 80 306 0.56527
00103.jpg 712 231 35 93 0.56100
00103.jpg 746 224 45 121 0.55945
00103.jpg 891 222 24 51 0.55883
00103.jpg 343 250 53 99 0.55806
00103.jpg 63 267 23 75 0.55560
00103.jpg 0 251 35 120 0.55389
00103.jpg 335 247 75 106 0.55319
00103.jpg 931 203 27 108 0.55318
00103.jpg 564 230 35 94 0.55294
00103.jpg 891 226 27 48 0.54678
00103.jpg 78 201 86 304 0.54452
00103.jpg 739 226 50 126 0.53177
00103.jpg 1 251 28 127 0.53164
00103.jpg 283 250 33 91 0.53017
00103.jpg 0 257 39 122 0.52971
00103.jpg 760 243 57 100 0.52903
00103.jpg 741 227 49 100 0.52595
00103.jpg 652 233 61 122 0.52532
00103.jpg 650 225 70 117 0.52488
00103.jpg 894 227 19 40 0.52116
00103.jpg 273 250 33 92 0.51942
00103.jpg 454 220 125 187 0.51882
00103.jpg 57 267 21 63 0.51849
00103.jpg 654 235 63 111 0.51676
00103.jpg 929 205 30 119 0.51651
00103.jpg 657 232 57 114 0.51337
00103.jpg 4 255 36 101 0.51143
00103.jpg 645 234 62 116 0.50733
00103.jpg 1 255 40 87 0.50469
00103.jpg 67 261 25 83 0.50310
00103.jpg 892 225 18 40 0.50221
