00106.jpg 476 221 101 182 0.99968
00106.jpg 69 211 90 299 0.99887
00106.jpg 342 246 65 107 0.99885
00106.jpg 656 233 53 121 0.99873
00106.jpg 472 217 108 194 0.99867
00106.jpg 654 235 58 113 0.99859
00106.jpg 656 236 56 114 0.99846
00106.jpg 479 218 98 183 0.99833
00106.jpg 342 248 65 100 0.99830
00106.jpg 660 234 53 116 0.99816
00106.jpg 342 247 66 99 0.99808
00106.jpg 281 248 32 99 0.99806
00106.jpg 343 247 65 100 0.99783
00106.jpg 653 236 64 112 0.99751
00106.jpg 482 216 92 185 0.99739
00106.jpg 72 208 84 299 0.99737
00106.jpg 475 215 105 193 0.99729
00106.jpg 477 223 97 186 0.99721
00106.jpg 479 224 95 182 0.99720
00106.jpg 725 228 75 134 0.99712
00106.jpg 75 207 85 304 0.99706
00106.jpg 345 245 61 104 0.99702
00106.jpg 73 217 80 296 0.99700
00106.jpg 341 243 67 109 0.99681
00106.jpg 723 225 75 135 0.99677
00106.jpg 725 224 76 139 0.99676
00106.jpg 654 237 60 112 0.99674
00106.jpg 569 233 30 93 0.99606
00106.jpg 76 207 83 306 0.99600
00106.jpg 343 245 59 107 0.99563
00106.jpg 722 225 81 132 0.99500
00106.jpg 484 218 86 182 0.99489
00106.jpg 277 249 33 96 0.99475
00106.jpg 278 249 33 89 0.99475
00106.jpg 657 237 53 114 0.99446
00106.jpg 72 203 85 295 0.99439
00106.jpg 476 217 97 194 0.99434
00106.jpg 478 222 97 183 0.99430
00106.jpg 342 243 64 107 0.99424
00106.jpg 478 224 93 180 0.99423
00106.jpg 75 211 80 302 0.99408
00106.jpg 481 223 89 183 0.99406
00106.jpg 67 203 96 310 0.99402
00106.jpg 654 234 57 118 0.99399
00106.jpg 477 220 100 182 0.99337
00106.jpg 568 234 29 90 0.99332
00106.jpg 339 246 71 102 0.99329
00106.jpg 347 242 54 109 0.99329
00106.jpg 722 227 73 142 0.99324
00106.jpg 342 243 63 106 0.99318
00106.jpg 720 226 82 137 0.99305
00106.jpg 726 220 71 147 0.99303
00106.jpg 657 234 55 114 0.99301
00106.jpg 472 213 106 193 0.99283
00106.jpg 656 237 53 115 0.99271
00106.jpg 723 227 82 135 0.99233
00106.jpg 723 226 75 136 0.99232
00106.jpg 657 233 53 120 0.99200
00106.jpg 342 249 63 96 0.99179
00106.jpg 730 225 65 138 0.99178
00106.jpg 479 220 97 187 0.99169
00106.jpg 342 247 64 99 0.99160
00106.jpg 341 246 66 104 0.99153
00106.jpg 277 247 34 101 0.99138
00106.jpg 345 245 64 100 0.99134
00106.jpg 476 220 100 185 0.99104
00106.jpg 69 204 90 312 0.99070
00106.jpg 68 203 88 314 0.99069
00106.jpg 341 246 66 96 0.99062
00106.jpg 568 234 31 91 0.99047
00106.jpg 73 202 82 314 0.99031
00106.jpg 74 208 80 307 0.99030
00106.jpg 68 206 92 312 0.99018
00106.jpg 477 219 97 194 0.99006
00106.jpg 724 230 79 130 0.98993
00106.jpg 69 205 91 304 0.98956
00106.jpg 77 206 77 303 0.98935
00106.jpg 726 223 67 139 0.98932
00106.jpg 655 238 54 113 0.98927
00106.jpg 71 210 89 305 0.98874
00106.jpg 79 206 75 310 0.98819
00106.jpg 341 247 67 105 0.98802
00106.jpg 473 216 96 190 0.98773
00106.jpg 723 223 76 136 0.98769
00106.jpg 343 245 63 106 0.98768
00106.jpg 725 217 66 149 0.98753
00106.jpg 726 226 69 140 0.98728
00106.jpg 482 221 93 183 0.98668
00106.jpg 69 207 86 305 0.98645
00106.jpg 653 234 59 116 0.98623
00106.jpg 476 226 103 184 0.98589
00106.jpg 472 216 103 192 0.98587
00106.jpg 345 244 61 104 0.98580
00106.jpg 277 249 30 96 0.98578
00106.jpg 477 224 97 183 0.98524
00106.jpg 731 222 60 144 0.98488
00106.jpg 655 231 58 121 0.98486
00106.jpg 71 209 88 303 0.98472
00106.jpg 341 246 65 102 0.98459
00106.jpg 74 206 88 308 0.98439
00106.jpg 339 246 65 104 0.98407
00106.jpg 655 235 54 115 0.98320
00106.jpg 476 224 106 187 0.98320
00106.jpg 725 219 69 149 0.98274
00106.jpg 717 227 83 129 0.98263
00106.jpg 477 218 103 186 0.98239
00106.jpg 725 223 77 143 0.98210
00106.jpg 657 239 53 112 0.98122
00106.jpg 476 216 100 187 0.98100
00106.jpg 722 226 72 145 0.98085
00106.jpg 656 233 57 118 0.98081
00106.jpg 654 239 58 106 0.98080
00106.jpg 476 221 100 180 0.98069
00106.jpg 568 232 31 90 0.98060
00106.jpg 656 236 56 115 0.98053
00106.jpg 345 245 60 106 0.97994
00106.jpg 475 222 105 180 0.97991
00106.jpg 277 250 34 96 0.97991
00106.jpg 658 236 55 113 0.97987
00106.jpg 74 212 83 298 0.97979
00106.jpg 721 226 81 128 0.97946
00106.jpg 727 223 68 143 0.97885
00106.jpg 278 247 31 100 0.97865
00106.jpg 339 243 69 109 0.97859
00106.jpg 337 246 70 100 0.97857
00106.jpg 75 205 80 308 0.97853
00106.jpg 343 241 63 108 0.97824
00106.jpg 478 219 99 185 0.97791
00106.jpg 69 205 92 308 0.97720
00106.jpg 572 233 28 89 0.97706
00106.jpg 276 246 32 100 0.97696
00106.jpg 342 246 67 101 0.97691
00106.jpg 728 226 69 139 0.97639
00106.jpg 72 209 81 300 0.97561
00106.jpg 653 237 57 115 0.97560
00106.jpg 277 248 33 96 0.97536
00106.jpg 474 217 98 187 0.97469
00106.jpg 70 204 92 302 0.97444
00106.jpg 73 211 86 299 0.97422
00106.jpg 653 235 61 119 0.97376
00106.jpg 340 246 69 104 0.97339
00106.jpg 481 217 98 187 0.97325
00106.jpg 726 224 67 140 0.97308
00106.jpg 278 248 34 96 0.97296
00106.jpg 775 246 35 79 0.97225
00106.jpg 473 219 106 188 0.97205
00106.jpg 72 205 86 304 0.97128
00106.jpg 279 247 32 100 0.97058
00106.jpg 340 246 62 103 0.97052
00106.jpg 479 222 96 184 0.97047
00106.jpg 65 210 97 305 0.96921
00106.jpg 474 219 102 180 0.96836
00106.jpg 656 235 55 117 0.96814
00106.jpg 279 251 32 91 0.96746
00106.jpg 345 244 64 106 0.96713
00106.jpg 480 220 88 186 0.96700
00106.jpg 657 236 56 113 0.96699
00106.jpg 656 235 57 113 0.96694
00106.jpg 655 239 56 113 0.96692
00106.jpg 66 207 94 309 0.96462
00106.jpg 656 236 56 112 0.96387
00106.jpg 473 224 103 181 0.96373
00106.jpg 278 247 34 102 0.96350
00106.jpg 654 234 60 120 0.96327
00106.jpg 475 224 98 175 0.96211
00106.jpg 276 247 37 99 0.96147
00106.jpg 655 233 58 119 0.96084
00106.jpg 659 232 55 119 0.95959
00106.jpg 347 245 60 108 0.95933
00106.jpg 482 225 95 185 0.95828
00106.jpg 484 223 83 180 0.95799
00106.jpg 276 247 32 96 0.95698
00106.jpg 727 224 64 142 0.95676
00106.jpg 341 241 66 111 0.95659
00106.jpg 340 247 68 101 0.95600
00106.jpg 341 245 64 107 0.95472
00106.jpg 277 251 36 88 0.95303
00106.jpg 339 244 66 106 0.95166
00106.jpg 714 228 28 88 0.95147
00106.jpg 275 249 39 95 0.95125
00106.jpg 345 246 56 104 0.94840
00106.jpg 75 204 82 310 0.94794
00106.jpg 654 234 57 119 0.94723
00106.jpg 344 243 61 106 0.94594
00106.jpg 72 208 84 314 0.94491
00106.jpg 276 251 34 96 0.94448
00106.jpg 345 244 63 108 0.94417
00106.jpg 657 236 57 113 0.94391
00106.jpg 275 249 32 94 0.94322
00106.jpg 726 235 79 121 0.94309
00106.jpg 277 248 36 93 0.94142
00106.jpg 654 234 59 115 0.94109
00106.jpg 68 207 93 305 0.94072
00106.jpg 724 219 69 143 0.94055
00106.jpg 657 235 59 112 0.93967
00106.jpg 75 200 84 316 0.93938
00106.jpg 656 235 55 112 0.93903
00106.jpg 341 246 62 107 0.93868
00106.jpg 278 244 33 102 0.93705
00106.jpg 480 220 89 184 0.93626
00106.jpg 724 232 80 130 0.93604
00106.jpg 345 243 61 107 0.93565
00106.jpg 278 243 32 102 0.93562
00106.jpg 71 206 82 308 0.93473
00106.jpg 476 223 93 184 0.93469
00106.jpg 716 230 91 124 0.93468
00106.jpg 483 216 97 190 0.93463
00106.jpg 654 235 57 114 0.93346
00106.jpg 281 247 34 99 0.93342
00106.jpg 779 243 34 79 0.93217
00106.jpg 656 239 63 105 0.92925
00106.jpg 721 231 91 125 0.92626
00106.jpg 276 247 37 97 0.92585
00106.jpg 343 248 65 105 0.92322
00106.jpg 473 221 103 188 0.92179
00106.jpg 279 245 32 102 0.92152
00106.jpg 473 219 107 183 0.92146
00106.jpg 346 247 59 101 0.92131
00106.jpg 773 247 38 76 0.92053
00106.jpg 654 233 60 115 0.91899
00106.jpg 656 236 59 112 0.91780
00106.jpg 774 245 39 77 0.91740
00106.jpg 727 221 67 145 0.91724
00106.jpg 726 227 68 136 0.91673
00106.jpg 570 233 30 89 0.91665
00106.jpg 474 223 102 184 0.91650
00106.jpg 777 244 37 79 0.91604
00106.jpg 72 205 88 308 0.91404
00106.jpg 722 235 85 122 0.91334
00106.jpg 71 208 86 305 0.91259
00106.jpg 338 247 68 98 0.91122
00106.jpg 567 235 32 85 0.91119
00106.jpg 476 222 104 181 0.90977
00106.jpg 571 231 30 93 0.90681
00106.jpg 567 235 31 87 0.90649
00106.jpg 345 246 62 101 0.90594
00106.jpg 724 225 77 136 0.90495
00106.jpg 0 251 20 142 0.90495
00106.jpg 474 223 102 183 0.90387
00106.jpg 566 232 31 91 0.89979
00106.jpg 568 233 33 89 0.89758
00106.jpg 475 216 96 192 0.89620
00106.jpg 652 236 64 111 0.89517
00106.jpg 344 243 57 103 0.89458
00106.jpg 655 234 55 117 0.89409
00106.jpg 278 245 34 104 0.89341
00106.jpg 570 233 30 92 0.89323
00106.jpg 67 213 87 295 0.89044
00106.jpg 724 224 75 131 0.89001
00106.jpg 776 243 34 79 0.88852
00106.jpg 655 236 57 110 0.88763
00106.jpg 773 242 35 80 0.88716
00106.jpg 655 236 55 106 0.88530
00106.jpg 347 248 57 101 0.88328
00106.jpg 567 234 33 90 0.88274
00106.jpg 470 219 105 185 0.88191
00106.jpg 478 222 97 186 0.88085
00106.jpg 478 224 97 185 0.88076
00106.jpg 281 246 33 101 0.87951
00106.jpg 771 244 36 89 0.87870
00106.jpg 658 235 50 114 0.87508
00106.jpg 659 235 54 108 0.87365
00106.jpg 484 224 82 182 0.87258
00106.jpg 725 235 85 127 0.87011
00106.jpg 69 209 82 306 0.86894
00106.jpg 727 227 70 142 0.86742
00106.jpg 725 220 68 142 0.86467
00106.jpg 278 246 34 101 0.86442
00106.jpg 477 218 103 193 0.86401
00106.jpg 339 250 66 91 0.86399
00106.jpg 340 245 63 102 0.86378
00106.jpg 73 213 90 307 0.86331
00106.jpg 72 210 87 304 0.86243
00106.jpg 470 219 112 183 0.86201
00106.jpg 567 234 30 90 0.86183
00106.jpg 570 233 32 88 0.86179
00106.jpg 340 245 64 109 0.86143
00106.jpg 926 224 31 98 0.85998
00106.jpg 276 249 37 95 0.85945
00106.jpg 568 233 31 88 0.85791
00106.jpg 566 233 31 91 0.85700
00106.jpg 655 236 52 109 0.85678
00106.jpg 480 230 101 179 0.85466
00106.jpg 69 209 78 301 0.84958
00106.jpg 62 267 24 69 0.84810
00106.jpg 569 233 32 89 0.84786
00106.jpg 476 217 102 188 0.84696
00106.jpg 70 205 89 303 0.84541
00106.jpg 715 230 32 90 0.84315
00106.jpg 723 226 81 134 0.84299
00106.jpg 7 251 35 131 0.84228
00106.jpg 67 197 100 309 0.84172
00106.jpg 726 232 73 127 0.83891
00106.jpg 1 248 15 145 0.83625
00106.jpg 725 221 69 137 0.83338
00106.jpg 68 219 94 292 0.82904
00106.jpg 924 218 31 111 0.82736
00106.jpg 720 223 80 135 0.82726
00106.jpg 776 243 34 85 0.82496
00106.jpg 346 248 64 104 0.81984
00106.jpg 727 224 72 139 0.81845
00106.jpg 725 232 86 126 0.81685
00106.jpg 716 227 22 86 0.81558
00106.jpg 337 245 70 103 0.81242
00106.jpg 277 247 32 93 0.81010
00106.jpg 472 225 97 176 0.80905
00106.jpg 339 244 63 109 0.80666
00106.jpg 275 247 32 99 0.80617
00106.jpg 717 227 92 127 0.80528
00106.jpg 779 245 39 77 0.80452
00106.jpg 2 252 33 138 0.80418
00106.jpg 473 222 100 187 0.80179
00106.jpg 716 227 28 100 0.80109
00106.jpg 775 242 37 79 0.79682
00106.jpg 277 248 35 99 0.79004
00106.jpg 726 223 72 140 0.78816
00106.jpg 59 268 23 66 0.78596
00106.jpg 341 244 66 101 0.78574
00106.jpg 482 216 98 189 0.78479
00106.jpg 659 234 55 118 0.78089
00106.jpg 476 221 89 184 0.77985
00106.jpg 473 225 99 176 0.77863
00106.jpg 771 245 39 79 0.77418
00106.jpg 655 233 58 118 0.77163
00106.jpg 662 236 46 112 0.76963
00106.jpg 715 229 31 89 0.76263
00106.jpg 469 224 115 174 0.76178
00106.jpg 778 248 36 68 0.76143
00106.jpg 476 223 102 182 0.76120
00106.jpg 715 228 26 90 0.76054
00106.jpg 0 247 22 134 0.75528
00106.jpg 566 233 29 90 0.75498
00106.jpg 474 221 106 187 0.74948
00106.jpg 715 227 24 87 0.74822
00106.jpg 276 249 31 96 0.74814
00106.jpg 714 229 28 85 0.74468
00106.jpg 725 230 84 128 0.74239
00106.jpg 74 207 85 311 0.74069
00106.jpg 346 249 64 98 0.73824
00106.jpg 566 234 31 86 0.73624
00106.jpg 657 230 56 129 0.73272
00106.jpg 273 251 43 95 0.72491
00106.jpg 653 237 56 118 0.72350
00106.jpg 566 237 35 84 0.72074
00106.jpg 771 241 40 90 0.72010
00106.jpg 275 249 33 87 0.71786
00106.jpg 0 250 30 140 0.71402
00106.jpg 337 246 67 102 0.71339
00106.jpg 712 228 32 87 0.71324
00106.jpg 72 208 86 301 0.71162
00106.jpg 719 225 76 138 0.70941
00106.jpg 338 239 68 107 0.70891
00106.jpg 922 220 34 95 0.70730
00106.jpg 650 234 63 112 0.70529
00106.jpg 568 232 32 93 0.70222
00106.jpg 777 241 35 92 0.70217
00106.jpg 61 269 25 60 0.70017
00106.jpg 1 252 38 138 0.70012
00106.jpg 334 245 73 104 0.69978
00106.jpg 722 237 91 113 0.69636
00106.jpg 0 252 28 144 0.69612
00106.jpg 0 263 23 132 0.69558
00106.jpg 714 231 28 88 0.69176
00106.jpg 779 245 35 70 0.68832
00106.jpg 348 242 62 106 0.68544
00106.jpg 12 259 29 98 0.68407
00106.jpg 924 229 31 95 0.68284
00106.jpg 473 215 103 192 0.67960
00106.jpg 71 217 94 298 0.67845
00106.jpg 722 225 82 142 0.67406
00106.jpg 772 243 38 86 0.67305
00106.jpg 725 229 81 133 0.67073
00106.jpg 478 222 100 186 0.66999
00106.jpg 920 220 36 101 0.66795
00106.jpg 64 219 90 296 0.66260
00106.jpg 351 249 49 100 0.66203
00106.jpg 478 214 103 190 0.65839
00106.jpg 922 227 35 89 0.65672
00106.jpg 716 232 72 133 0.65420
00106.jpg 770 242 42 84 0.65143
00106.jpg 58 269 28 63 0.64911
00106.jpg 712 233 101 108 0.64834
00106.jpg 784 245 30 73 0.64624
00106.jpg 340 247 66 96 0.64513
00106.jpg 715 229 30 79 0.64275
00106.jpg 887 226 33 51 0.64156
00106.jpg 926 221 31 98 0.63757
00106.jpg 778 249 34 63 0.63734
00106.jpg 714 230 29 87 0.63576
00106.jpg 1 245 16 139 0.63561
00106.jpg 339 242 67 112 0.63061
00106.jpg 890 230 32 46 0.62890
00106.jpg 0 248 26 146 0.62492
00106.jpg 569 237 30 86 0.62294
00106.jpg 17 260 30 74 0.61474
00106.jpg 348 245 61 108 0.61458
00106.jpg 65 206 95 312 0.61457
00106.jpg 346 248 52 94 0.60399
00106.jpg 77 209 85 292 0.60181
00106.jpg 775 240 32 101 0.60020
00106.jpg 771 243 39 75 0.59962
00106.jpg 70 204 81 301 0.59938
00106.jpg 280 250 36 96 0.59862
00106.jpg 61 200 101 327 0.59830
00106.jpg 766 239 41 93 0.59685
00106.jpg 847 236 28 44 0.59544
00106.jpg 925 228 32 91 0.59515
00106.jpg 13 257 34 79 0.59453
00106.jpg 658 236 58 115 0.59075
00106.jpg 713 228 33 93 0.58641
00106.jpg 564 232 32 91 0.58114
00106.jpg 2 256 30 134 0.57678
00106.jpg 74 201 80 305 0.56957
00106.jpg 568 233 36 89 0.56926
00106.jpg 339 251 65 94 0.56911
00106.jpg 777 245 33 53 0.56756
00106.jpg 777 244 38 82 0.56713
00106.jpg 479 219 84 184 0.56415
00106.jpg 919 225 36 89 0.56204
00106.jpg 730 232 73 126 0.56116
00106.jpg 652 237 55 110 0.56030
00106.jpg 710 226 92 115 0.55741
00106.jpg 732 241 70 115 0.55637
00106.jpg 7 254 35 125 0.55596
00106.jpg 721 230 74 119 0.55492
00106.jpg 771 243 38 84 0.55207
00106.jpg 276 247 32 96 0.55196
00106.jpg 778 242 33 88 0.55187
00106.jpg 921 221 36 100 0.54685
00106.jpg 777 248 37 66 0.54681
00106.jpg 732 233 73 125 0.54525
00106.jpg 662 235 57 119 0.54013
00106.jpg 10 254 32 97 0.53911
00106.jpg 851 237 28 42 0.53576
00106.jpg 65 202 95 312 0.53297
00106.jpg 2 253 29 134 0.52609
00106.jpg 716 224 34 96 0.52452
00106.jpg 279 248 36 92 0.52314
00106.jpg 779 243 38 76 0.52269
00106.jpg 724 229 85 125 0.52246
00106.jpg 845 235 30 55 0.52150
00106.jpg 79 212 76 287 0.52123
00106.jpg 780 244 33 64 0.52002
00106.jpg 923 212 35 108 0.51921
00106.jpg 7 256 29 122 0.51812
00106.jpg 931 226 27 96 0.51705
00106.jpg 722 239 79 121 0.51694
00106.jpg 342 240 68 103 0.51649
00106.jpg 63 203 103 296 0.51490
00106.jpg 572 231 32 89 0.51287
00106.jpg 482 227 83 172 0.51244
00106.jpg 890 229 30 40 0.51151
00106.jpg 562 235 32 87 0.51027
00106.jpg 469 215 118 197 0.50840
00106.jpg 572 232 31 90 0.50705
00106.jpg 725 222 61 138 0.50630
00106.jpg 52 205 100 300 0.50518
00106.jpg 892 231 19 38 0.50142
00106.jpg 712 233 37 93 0.50022
