00110.jpg 653 227 57 130 0.99873
00110.jpg 651 228 53 123 0.99870
00110.jpg 706 220 64 139 0.99852
00110.jpg 485 216 88 185 0.99851
00110.jpg 484 214 96 190 0.99844
00110.jpg 73 209 83 298 0.99842
00110.jpg 341 248 63 99 0.99840
00110.jpg 72 209 82 300 0.99839
00110.jpg 708 213 65 154 0.99836
00110.jpg 486 209 89 187 0.99833
00110.jpg 568 234 32 88 0.99831
00110.jpg 274 248 37 96 0.99816
00110.jpg 480 214 93 179 0.99814
00110.jpg 346 246 58 101 0.99812
00110.jpg 345 246 62 101 0.99801
00110.jpg 651 230 58 120 0.99783
00110.jpg 71 202 85 306 0.99778
00110.jpg 712 217 54 145 0.99777
00110.jpg 486 211 85 190 0.99772
00110.jpg 486 215 87 182 0.99745
00110.jpg 482 217 97 183 0.99743
00110.jpg 486 213 88 192 0.99743
00110.jpg 78 202 80 309 0.99742
00110.jpg 482 207 93 192 0.99733
00110.jpg 484 214 95 188 0.99732
00110.jpg 707 215 65 152 0.99725
00110.jpg 345 244 55 106 0.99708
00110.jpg 706 219 66 137 0.99706
00110.jpg 569 231 31 92 0.99705
00110.jpg 74 203 80 298 0.99688
00110.jpg 708 218 65 140 0.99683
00110.jpg 77 199 78 310 0.99672
00110.jpg 278 245 35 98 0.99669
00110.jpg 484 204 94 202 0.99664
00110.jpg 772 245 42 77 0.99658
00110.jpg 71 200 79 316 0.99634
00110.jpg 705 220 70 141 0.99593
00110.jpg 711 214 62 146 0.99570
00110.jpg 655 230 56 118 0.99566
00110.jpg 485 218 82 181 0.99566
00110.jpg 708 218 61 143 0.99554
00110.jpg 706 221 65 142 0.99550
00110.jpg 341 244 67 99 0.99550
00110.jpg 903 208 42 118 0.99547
00110.jpg 343 244 62 106 0.99525
00110.jpg 275 247 36 94 0.99523
00110.jpg 343 245 61 98 0.99502
00110.jpg 706 217 66 142 0.99486
00110.jpg 77 193 80 320 0.99470
00110.jpg 773 244 40 77 0.99467
00110.jpg 342 243 64 105 0.99453
00110.jpg 275 247 33 97 0.99446
00110.jpg 73 206 81 301 0.99427
00110.jpg 73 202 78 308 0.99425
00110.jpg 651 232 56 118 0.99423
00110.jpg 655 231 54 125 0.99414
00110.jpg 705 218 64 144 0.99405
00110.jpg 346 244 58 101 0.99397
00110.jpg 654 229 52 123 0.99386
00110.jpg 341 244 67 106 0.99365
00110.jpg 653 227 55 124 0.99352
00110.jpg 73 209 85 298 0.99349
00110.jpg 73 205 76 299 0.99346
00110.jpg 707 218 65 143 0.99286
00110.jpg 78 202 75 314 0.99246
00110.jpg 709 217 62 145 0.99241
00110.jpg 708 222 62 139 0.99224
00110.jpg 654 229 54 121 0.99212
00110.jpg 706 220 63 136 0.99182
00110.jpg 711 221 57 139 0.99144
00110.jpg 343 247 62 99 0.99134
00110.jpg 897 207 50 117 0.99099
00110.jpg 483 214 96 187 0.99088
00110.jpg 79 202 77 306 0.99077
00110.jpg 483 214 98 196 0.99061
00110.jpg 343 244 63 104 0.99040
00110.jpg 77 206 79 301 0.98999
00110.jpg 568 230 33 92 0.98980
00110.jpg 773 248 38 70 0.98909
00110.jpg 76 205 78 301 0.98907
00110.jpg 705 222 69 137 0.98888
00110.jpg 484 212 90 190 0.98879
00110.jpg 485 217 93 186 0.98863
00110.jpg 483 212 94 187 0.98831
00110.jpg 345 243 60 105 0.98829
00110.jpg 485 211 95 192 0.98822
00110.jpg 481 214 97 180 0.98820
00110.jpg 908 203 39 119 0.98804
00110.jpg 68 205 91 306 0.98804
00110.jpg 706 221 68 135 0.98771
00110.jpg 344 241 61 107 0.98758
00110.jpg 572 232 31 89 0.98751
00110.jpg 709 220 62 145 0.98746
00110.jpg 340 246 64 101 0.98714
00110.jpg 343 243 58 105 0.98676
00110.jpg 653 229 54 122 0.98662
00110.jpg 488 215 87 190 0.98653
00110.jpg 708 218 60 146 0.98613
00110.jpg 483 215 92 188 0.98604
00110.jpg 898 209 52 113 0.98602
00110.jpg 706 222 69 139 0.98563
00110.jpg 74 197 86 309 0.98524
00110.jpg 489 211 90 182 0.98499
00110.jpg 341 243 66 108 0.98448
00110.jpg 490 213 82 190 0.98399
00110.jpg 705 216 64 147 0.98399
00110.jpg 277 246 35 97 0.98396
00110.jpg 653 230 54 123 0.98393
00110.jpg 653 229 51 122 0.98385
00110.jpg 343 243 61 104 0.98330
00110.jpg 482 213 91 188 0.98325
00110.jpg 276 243 33 103 0.98296
00110.jpg 704 222 70 137 0.98254
00110.jpg 78 205 77 311 0.98234
00110.jpg 704 218 67 144 0.98230
00110.jpg 653 229 58 120 0.98217
00110.jpg 903 209 49 115 0.98195
00110.jpg 487 213 89 186 0.98174
00110.jpg 489 218 83 178 0.98173
00110.jpg 485 215 92 187 0.98169
00110.jpg 74 205 82 302 0.98168
00110.jpg 344 245 61 97 0.98130
00110.jpg 653 228 55 125 0.98084
00110.jpg 343 244 62 104 0.98077
00110.jpg 344 245 63 103 0.98061
00110.jpg 72 203 83 309 0.98010
00110.jpg 277 243 32 103 0.97994
00110.jpg 655 229 51 121 0.97974
00110.jpg 904 213 43 112 0.97965
00110.jpg 72 206 80 301 0.97961
00110.jpg 274 245 41 102 0.97949
00110.jpg 654 229 49 123 0.97912
00110.jpg 483 216 94 188 0.97910
00110.jpg 707 221 65 137 0.97901
00110.jpg 488 215 92 187 0.97827
00110.jpg 774 244 43 78 0.97809
00110.jpg 710 219 56 143 0.97786
00110.jpg 70 209 88 301 0.97765
00110.jpg 655 231 48 118 0.97748
00110.jpg 0 246 26 144 0.97689
00110.jpg 345 244 62 104 0.97672
00110.jpg 274 245 37 101 0.97577
00110.jpg 277 244 34 101 0.97566
00110.jpg 275 245 36 102 0.97541
00110.jpg 73 202 80 304 0.97526
00110.jpg 73 214 81 288 0.97499
00110.jpg 709 218 61 142 0.97399
00110.jpg 343 244 62 106 0.97343
00110.jpg 486 213 91 188 0.97313
00110.jpg 707 220 59 142 0.97298
00110.jpg 480 214 95 185 0.97203
00110.jpg 655 231 52 123 0.97190
00110.jpg 72 203 87 313 0.97162
00110.jpg 66 199 90 313 0.97138
00110.jpg 275 247 35 95 0.97126
00110.jpg 342 244 60 101 0.97052
00110.jpg 71 205 83 302 0.96975
00110.jpg 652 229 59 118 0.96946
00110.jpg 706 216 62 143 0.96943
00110.jpg 275 247 35 98 0.96924
00110.jpg 345 245 60 105 0.96913
00110.jpg 342 247 63 96 0.96843
00110.jpg 74 198 78 316 0.96839
00110.jpg 571 233 32 88 0.96721
00110.jpg 570 233 30 87 0.96709
00110.jpg 486 218 86 178 0.96704
00110.jpg 0 252 25 140 0.96696
00110.jpg 77 201 77 313 0.96692
00110.jpg 68 204 82 299 0.96687
00110.jpg 776 246 38 74 0.96679
00110.jpg 347 244 61 104 0.96653
00110.jpg 706 219 69 140 0.96619
00110.jpg 771 245 40 75 0.96604
00110.jpg 275 251 34 90 0.96507
00110.jpg 706 215 65 142 0.96477
00110.jpg 342 243 64 105 0.96434
00110.jpg 897 210 51 114 0.96407
00110.jpg 906 211 40 107 0.96369
00110.jpg 652 229 59 116 0.96319
00110.jpg 67 205 92 307 0.96275
00110.jpg 276 244 36 100 0.96275
00110.jpg 898 207 46 115 0.96272
00110.jpg 344 246 62 101 0.96256
00110.jpg 568 231 32 89 0.96213
00110.jpg 652 227 56 125 0.96183
00110.jpg 652 226 55 128 0.96181
00110.jpg 655 231 51 123 0.96130
00110.jpg 276 247 37 96 0.96103
00110.jpg 651 227 59 122 0.96080
00110.jpg 709 221 58 136 0.96049
00110.jpg 339 245 65 104 0.96013
00110.jpg 351 243 54 103 0.95953
00110.jpg 904 209 41 114 0.95949
00110.jpg 908 208 38 118 0.95947
00110.jpg 654 229 51 123 0.95937
00110.jpg 343 244 63 102 0.95883
00110.jpg 774 247 37 73 0.95864
00110.jpg 274 245 38 102 0.95859
00110.jpg 652 228 56 124 0.95826
00110.jpg 566 235 31 87 0.95806
00110.jpg 274 248 37 98 0.95773
00110.jpg 2 247 18 143 0.95760
00110.jpg 343 242 62 107 0.95628
00110.jpg 771 245 41 76 0.95616
00110.jpg 653 232 54 123 0.95447
00110.jpg 480 216 101 180 0.95442
00110.jpg 912 203 37 125 0.95431
00110.jpg 277 247 35 99 0.95362
00110.jpg 339 245 66 102 0.95196
00110.jpg 774 246 39 73 0.95162
00110.jpg 484 211 91 189 0.95157
00110.jpg 903 210 40 114 0.95153
00110.jpg 75 213 84 289 0.95051
00110.jpg 897 210 51 112 0.94998
00110.jpg 707 219 63 142 0.94987
00110.jpg 485 214 80 184 0.94862
00110.jpg 568 235 30 88 0.94848
00110.jpg 775 242 35 80 0.94795
00110.jpg 774 248 40 71 0.94779
00110.jpg 483 217 94 181 0.94743
00110.jpg 708 221 64 140 0.94704
00110.jpg 659 232 45 116 0.94702
00110.jpg 655 228 52 124 0.94652
00110.jpg 655 228 55 125 0.94433
00110.jpg 707 220 66 141 0.94325
00110.jpg 651 228 53 127 0.94292
00110.jpg 488 215 83 184 0.94291
00110.jpg 571 233 29 91 0.94279
00110.jpg 76 205 77 304 0.94266
00110.jpg 706 226 76 133 0.94265
00110.jpg 773 246 39 78 0.94191
00110.jpg 485 209 96 185 0.94165
00110.jpg 342 243 61 105 0.94100
00110.jpg 71 200 76 312 0.94060
00110.jpg 277 243 36 105 0.94057
00110.jpg 483 214 96 181 0.93978
00110.jpg 341 245 64 105 0.93931
00110.jpg 571 236 29 83 0.93872
00110.jpg 275 240 36 108 0.93869
00110.jpg 273 248 35 93 0.93824
00110.jpg 344 245 64 98 0.93812
00110.jpg 704 215 74 152 0.93748
00110.jpg 349 244 57 102 0.93713
00110.jpg 653 228 55 124 0.93691
00110.jpg 489 212 85 186 0.93654
00110.jpg 708 219 63 141 0.93479
00110.jpg 74 207 84 292 0.93476
00110.jpg 773 244 41 79 0.93443
00110.jpg 894 216 50 101 0.93243
00110.jpg 486 202 88 206 0.92983
00110.jpg 893 207 55 115 0.92959
00110.jpg 3 248 20 145 0.92948
00110.jpg 900 211 50 114 0.92941
00110.jpg 339 247 64 97 0.92937
00110.jpg 276 242 38 103 0.92919
00110.jpg 774 246 40 75 0.92907
00110.jpg 774 244 38 78 0.92848
00110.jpg 703 220 71 136 0.92847
00110.jpg 571 232 31 87 0.92808
00110.jpg 345 240 58 110 0.92792
00110.jpg 275 245 40 100 0.92721
00110.jpg 774 244 42 78 0.92612
00110.jpg 652 227 55 125 0.92508
00110.jpg 777 246 37 75 0.92491
00110.jpg 656 233 51 115 0.92244
00110.jpg 569 233 30 85 0.92196
00110.jpg 908 211 39 113 0.92195
00110.jpg 69 196 95 318 0.92128
00110.jpg 340 245 65 99 0.92088
00110.jpg 487 211 90 190 0.92079
00110.jpg 902 215 44 106 0.92015
00110.jpg 771 246 45 71 0.91942
00110.jpg 344 243 65 104 0.91716
00110.jpg 569 233 30 88 0.91706
00110.jpg 487 212 92 190 0.91698
00110.jpg 349 246 58 100 0.91620
00110.jpg 895 204 55 118 0.91571
00110.jpg 68 199 92 318 0.91569
00110.jpg 708 216 63 138 0.91455
00110.jpg 710 215 60 148 0.91424
00110.jpg 346 246 59 101 0.91339
00110.jpg 772 247 39 71 0.91253
00110.jpg 484 213 96 190 0.91224
00110.jpg 908 209 37 117 0.91012
00110.jpg 899 213 46 111 0.90977
00110.jpg 568 235 29 86 0.90923
00110.jpg 655 226 55 124 0.90850
00110.jpg 346 247 56 98 0.90846
00110.jpg 485 211 88 181 0.90783
00110.jpg 897 216 49 104 0.90710
00110.jpg 274 248 36 95 0.90595
00110.jpg 909 211 37 111 0.90593
00110.jpg 702 218 65 145 0.90529
00110.jpg 653 231 52 119 0.90485
00110.jpg 902 208 45 116 0.90481
00110.jpg 484 213 96 190 0.90384
00110.jpg 701 221 69 140 0.90324
00110.jpg 566 234 32 87 0.90110
00110.jpg 773 246 38 74 0.89959
00110.jpg 652 233 51 120 0.89934
00110.jpg 340 247 66 95 0.89921
00110.jpg 707 218 64 143 0.89811
00110.jpg 0 256 25 137 0.89795
00110.jpg 274 246 36 98 0.89765
00110.jpg 653 232 51 118 0.89597
00110.jpg 776 247 38 73 0.89389
00110.jpg 483 212 94 188 0.89281
00110.jpg 651 233 56 120 0.89215
00110.jpg 570 232 31 90 0.89088
00110.jpg 653 227 55 120 0.88972
00110.jpg 910 208 37 115 0.88882
00110.jpg 0 250 29 140 0.88550
00110.jpg 352 243 54 107 0.88480
00110.jpg 0 252 29 140 0.88452
00110.jpg 903 219 41 102 0.88219
00110.jpg 72 203 86 317 0.88137
00110.jpg 898 212 41 108 0.88112
00110.jpg 905 205 42 120 0.87649
00110.jpg 775 247 37 74 0.87472
00110.jpg 490 215 86 184 0.87469
00110.jpg 0 249 28 142 0.87168
00110.jpg 905 213 40 111 0.87163
00110.jpg 74 211 77 288 0.87023
00110.jpg 899 206 49 120 0.86899
00110.jpg 345 247 63 96 0.86878
00110.jpg 71 204 86 308 0.86841
00110.jpg 898 213 46 105 0.86692
00110.jpg 653 229 52 125 0.86285
00110.jpg 893 205 56 118 0.86126
00110.jpg 710 224 67 138 0.86120
00110.jpg 897 207 54 114 0.86038
00110.jpg 906 210 43 112 0.85815
00110.jpg 652 227 58 124 0.85794
00110.jpg 894 210 56 110 0.85776
00110.jpg 67 209 88 302 0.85696
00110.jpg 909 206 39 121 0.85646
00110.jpg 566 232 33 92 0.85625
00110.jpg 344 246 56 105 0.85492
00110.jpg 891 211 50 109 0.85492
00110.jpg 345 247 58 99 0.85462
00110.jpg 480 210 104 195 0.85452
00110.jpg 571 234 30 83 0.84992
00110.jpg 773 250 40 72 0.84947
00110.jpg 704 219 72 142 0.84913
00110.jpg 0 247 27 151 0.84890
00110.jpg 0 250 27 138 0.84748
00110.jpg 68 204 79 300 0.84731
00110.jpg 277 245 35 100 0.84657
00110.jpg 566 235 30 84 0.84654
00110.jpg 778 247 36 72 0.84607
00110.jpg 654 229 56 127 0.84554
00110.jpg 772 246 38 71 0.84363
00110.jpg 900 209 46 102 0.84174
00110.jpg 775 245 39 77 0.83889
00110.jpg 713 216 54 143 0.83800
00110.jpg 338 244 67 108 0.83621
00110.jpg 569 231 32 90 0.83399
00110.jpg 570 231 28 88 0.83317
00110.jpg 492 219 77 182 0.83251
00110.jpg 892 214 58 112 0.83031
00110.jpg 895 212 50 102 0.82940
00110.jpg 276 243 38 100 0.82877
00110.jpg 273 245 35 103 0.82821
00110.jpg 275 246 36 93 0.82519
00110.jpg 901 208 46 115 0.82510
00110.jpg 893 213 49 104 0.82117
00110.jpg 651 232 52 116 0.82059
00110.jpg 64 213 96 296 0.81918
00110.jpg 75 209 79 289 0.81711
00110.jpg 275 245 40 97 0.81688
00110.jpg 490 218 82 182 0.81654
00110.jpg 568 233 30 85 0.81407
00110.jpg 495 218 74 177 0.81290
00110.jpg 484 217 83 180 0.81124
00110.jpg 912 208 35 112 0.80729
00110.jpg 67 206 97 303 0.80277
00110.jpg 0 252 29 139 0.80227
00110.jpg 848 235 33 79 0.80188
00110.jpg 712 224 65 137 0.80117
00110.jpg 336 249 68 98 0.80086
00110.jpg 698 217 74 144 0.80013
00110.jpg 489 211 96 191 0.80004
00110.jpg 656 225 54 127 0.79906
00110.jpg 884 212 61 107 0.79666
00110.jpg 569 237 32 82 0.79600
00110.jpg 338 245 62 105 0.79560
00110.jpg 909 214 42 118 0.79413
00110.jpg 892 215 33 97 0.79384
00110.jpg 902 209 44 114 0.79192
00110.jpg 338 249 66 90 0.79078
00110.jpg 772 241 37 83 0.79043
00110.jpg 900 213 45 112 0.79003
00110.jpg 890 220 27 85 0.78960
00110.jpg 70 212 93 300 0.78860
00110.jpg 66 202 87 305 0.78745
00110.jpg 341 247 64 96 0.78726
00110.jpg 570 232 28 88 0.78649
00110.jpg 64 201 98 288 0.78603
00110.jpg 492 211 83 192 0.78148
00110.jpg 657 233 49 121 0.78021
00110.jpg 479 215 88 177 0.77972
00110.jpg 775 247 37 72 0.77863
00110.jpg 707 224 65 134 0.77831
00110.jpg 771 244 38 80 0.77738
00110.jpg 891 213 46 99 0.77678
00110.jpg 490 214 79 187 0.77508
00110.jpg 655 232 56 120 0.77248
00110.jpg 340 247 56 96 0.77205
00110.jpg 774 251 37 69 0.76349
00110.jpg 483 207 101 186 0.76128
00110.jpg 711 218 64 146 0.76118
00110.jpg 891 215 56 107 0.75560
00110.jpg 568 233 35 88 0.75465
00110.jpg 349 249 52 93 0.75401
00110.jpg 339 243 61 102 0.75374
00110.jpg 770 247 42 66 0.75115
00110.jpg 772 245 36 77 0.73613
00110.jpg 911 203 37 122 0.73461
00110.jpg 712 222 52 144 0.73361
00110.jpg 770 245 46 77 0.73317
00110.jpg 477 213 102 187 0.73079
00110.jpg 893 214 59 109 0.72982
00110.jpg 909 216 40 103 0.72649
00110.jpg 79 210 83 297 0.72413
00110.jpg 569 233 31 88 0.72398
00110.jpg 0 257 29 130 0.72395
00110.jpg 346 247 66 100 0.72214
00110.jpg 60 275 23 58 0.71919
00110.jpg 704 220 65 135 0.71801
00110.jpg 897 218 44 101 0.71670
00110.jpg 778 247 37 72 0.71642
00110.jpg 903 211 40 102 0.71387
00110.jpg 912 208 37 114 0.71180
00110.jpg 852 232 35 85 0.71128
00110.jpg 71 207 77 284 0.70573
00110.jpg 707 215 57 151 0.70510
00110.jpg 350 249 58 97 0.70488
00110.jpg 706 212 68 155 0.70410
00110.jpg 769 246 39 75 0.70113
00110.jpg 704 222 64 132 0.69985
00110.jpg 69 212 87 297 0.69981
00110.jpg 568 235 31 83 0.69865
00110.jpg 273 247 39 100 0.69865
00110.jpg 775 243 34 75 0.69786
00110.jpg 713 222 66 137 0.69760
00110.jpg 345 249 53 92 0.69644
00110.jpg 903 217 47 106 0.69475
00110.jpg 343 244 63 101 0.68868
00110.jpg 886 214 44 101 0.68394
00110.jpg 850 234 33 77 0.67995
00110.jpg 652 230 51 120 0.67841
00110.jpg 776 245 42 72 0.67749
00110.jpg 776 246 38 76 0.67251
00110.jpg 571 229 33 91 0.67240
00110.jpg 570 234 32 88 0.66525
00110.jpg 78 201 80 306 0.66446
00110.jpg 477 207 110 203 0.66424
00110.jpg 657 231 54 113 0.66284
00110.jpg 277 247 37 93 0.66259
00110.jpg 713 217 59 146 0.66180
00110.jpg 772 243 43 79 0.65379
00110.jpg 906 212 43 102 0.65331
00110.jpg 654 230 51 117 0.65321
00110.jpg 701 214 67 145 0.65276
00110.jpg 347 242 62 109 0.64787
00110.jpg 67 202 87 291 0.64113
00110.jpg 355 247 45 101 0.63827
00110.jpg 280 245 36 103 0.63794
00110.jpg 273 249 41 95 0.63578
00110.jpg 572 232 32 87 0.63573
00110.jpg 568 229 31 91 0.62798
00110.jpg 897 213 45 99 0.62710
00110.jpg 651 231 63 119 0.62349
00110.jpg 67 199 102 300 0.62157
00110.jpg 768 244 50 78 0.61813
00110.jpg 492 215 79 183 0.61567
00110.jpg 59 277 25 46 0.61269
00110.jpg 888 217 32 79 0.61141
00110.jpg 79 207 84 290 0.61010
00110.jpg 656 226 48 126 0.60990
00110.jpg 487 214 80 184 0.60897
00110.jpg 339 241 63 99 0.60694
00110.jpg 850 236 42 71 0.60469
00110.jpg 773 249 36 70 0.59885
00110.jpg 655 226 58 133 0.59769
00110.jpg 270 248 40 93 0.59697
00110.jpg 63 267 25 64 0.59636
00110.jpg 269 246 35 100 0.59526
00110.jpg 0 250 27 140 0.59422
00110.jpg 892 217 41 91 0.59295
00110.jpg 897 214 43 108 0.59027
00110.jpg 773 245 42 79 0.58798
00110.jpg 58 276 29 58 0.58746
00110.jpg 492 208 77 190 0.58604
00110.jpg 917 205 33 115 0.58574
00110.jpg 647 232 57 120 0.58339
00110.jpg 338 246 57 97 0.57183
00110.jpg 568 236 37 86 0.56750
00110.jpg 64 213 87 298 0.56640
00110.jpg 708 221 60 132 0.56539
00110.jpg 0 249 31 141 0.56334
00110.jpg 906 207 45 123 0.56179
00110.jpg 649 233 65 127 0.56127
00110.jpg 909 221 39 103 0.55168
00110.jpg 71 203 83 301 0.54978
00110.jpg 887 214 33 96 0.54763
00110.jpg 478 216 100 182 0.54446
00110.jpg 708 213 54 147 0.54204
00110.jpg 485 212 98 195 0.54009
00110.jpg 59 274 27 48 0.53806
00110.jpg 846 238 40 79 0.53801
00110.jpg 268 243 44 107 0.53795
00110.jpg 775 247 34 60 0.53752
00110.jpg 770 246 45 77 0.53459
00110.jpg 271 245 37 95 0.53424
00110.jpg 57 275 25 47 0.53183
00110.jpg 58 281 24 48 0.52927
00110.jpg 888 219 48 95 0.52884
00110.jpg 907 203 41 124 0.52851
00110.jpg 772 245 44 77 0.52542
00110.jpg 847 234 33 70 0.52535
00110.jpg 850 230 31 68 0.52453
00110.jpg 63 273 23 61 0.52135
00110.jpg 894 206 62 118 0.51772
00110.jpg 477 216 109 174 0.51715
00110.jpg 482 215 96 194 0.51431
00110.jpg 892 223 40 95 0.51240
00110.jpg 59 276 22 56 0.50963
00110.jpg 772 245 44 77 0.50758
00110.jpg 893 220 17 35 0.50566
00110.jpg 771 246 44 74 0.50472
00110.jpg 915 206 36 113 0.50252
