00013.jpg 873 250 61 182 0.99918
00013.jpg 871 252 64 182 0.99917
00013.jpg 869 248 67 186 0.99845
00013.jpg 730 248 47 130 0.99834
00013.jpg 867 246 67 186 0.99764
00013.jpg 870 255 63 176 0.99702
00013.jpg 863 257 72 171 0.99648
00013.jpg 866 254 68 175 0.99611
00013.jpg 866 250 68 179 0.99597
00013.jpg 868 249 65 185 0.99544
00013.jpg 722 247 58 132 0.99477
00013.jpg 727 244 55 136 0.99452
00013.jpg 502 316 76 223 0.99402
00013.jpg 724 243 56 137 0.99392
00013.jpg 295 305 92 229 0.99355
00013.jpg 599 458 93 78 0.99335
00013.jpg 727 245 53 137 0.99324
00013.jpg 177 309 93 221 0.99296
00013.jpg 727 244 52 134 0.99295
00013.jpg 727 245 56 131 0.99285
00013.jpg 870 254 64 177 0.99263
00013.jpg 175 301 98 238 0.99259
00013.jpg 172 304 104 232 0.99224
00013.jpg 152 301 63 226 0.99221
00013.jpg 726 247 55 131 0.99186
00013.jpg 297 311 90 224 0.99154
00013.jpg 183 301 89 238 0.99146
00013.jpg 506 315 70 224 0.99126
00013.jpg 727 237 52 147 0.99111
00013.jpg 864 252 72 177 0.99098
00013.jpg 146 288 78 242 0.99084
00013.jpg 178 307 99 225 0.99080
00013.jpg 729 242 52 142 0.98929
00013.jpg 147 291 76 234 0.98923
00013.jpg 868 256 65 173 0.98895
00013.jpg 292 308 104 226 0.98853
00013.jpg 873 252 59 190 0.98838
00013.jpg 147 290 72 234 0.98737
00013.jpg 179 310 95 220 0.98737
00013.jpg 727 246 57 129 0.98678
00013.jpg 868 253 68 178 0.98652
00013.jpg 726 245 56 128 0.98641
00013.jpg 727 245 55 129 0.98543
00013.jpg 2 282 31 211 0.98540
00013.jpg 177 308 101 223 0.98459
00013.jpg 285 312 107 227 0.98456
00013.jpg 287 302 105 230 0.98404
00013.jpg 292 306 95 222 0.98360
00013.jpg 725 246 58 132 0.98307
00013.jpg 289 302 102 237 0.98297
00013.jpg 726 246 56 131 0.98274
00013.jpg 460 294 72 228 0.98241
00013.jpg 178 309 100 230 0.98236
00013.jpg 293 303 97 229 0.98199
00013.jpg 601 454 91 82 0.98162
00013.jpg 602 456 93 77 0.98131
00013.jpg 142 300 80 224 0.98121
00013.jpg 296 308 97 227 0.98077
00013.jpg 599 452 95 87 0.98057
00013.jpg 506 320 68 215 0.98018
00013.jpg 177 304 105 233 0.98000
00013.jpg 865 246 68 186 0.97965
00013.jpg 498 315 77 213 0.97901
00013.jpg 144 295 78 224 0.97863
00013.jpg 870 252 65 179 0.97853
00013.jpg 598 460 95 76 0.97849
00013.jpg 294 300 118 235 0.97840
00013.jpg 868 245 65 192 0.97819
00013.jpg 147 291 69 235 0.97815
00013.jpg 481 308 91 229 0.97734
00013.jpg 866 249 68 181 0.97719
00013.jpg 727 241 54 140 0.97696
00013.jpg 289 303 99 236 0.97695
00013.jpg 727 246 52 131 0.97651
00013.jpg 871 253 67 175 0.97642
00013.jpg 172 309 103 228 0.97633
00013.jpg 291 300 103 233 0.97580
00013.jpg 173 305 104 234 0.97578
00013.jpg 782 251 43 128 0.97496
00013.jpg 460 293 69 231 0.97373
00013.jpg 287 303 107 229 0.97363
00013.jpg 146 294 72 236 0.97300
00013.jpg 600 456 92 82 0.97291
00013.jpg 146 297 78 220 0.97273
00013.jpg 728 248 53 130 0.97247
00013.jpg 148 297 78 225 0.97221
00013.jpg 498 314 76 225 0.97212
00013.jpg 502 319 73 220 0.97149
00013.jpg 174 310 106 224 0.97140
00013.jpg 599 459 93 78 0.97127
00013.jpg 725 244 58 135 0.97084
00013.jpg 292 310 94 213 0.97040
00013.jpg 295 309 95 223 0.97031
00013.jpg 355 287 124 240 0.96965
00013.jpg 868 255 71 176 0.96934
00013.jpg 362 288 121 239 0.96926
00013.jpg 144 301 80 211 0.96918
00013.jpg 866 252 71 181 0.96859
00013.jpg 296 302 100 235 0.96831
00013.jpg 151 298 72 229 0.96827
00013.jpg 153 296 72 222 0.96824
00013.jpg 293 310 98 224 0.96807
00013.jpg 185 308 92 231 0.96776
00013.jpg 598 458 96 80 0.96774
00013.jpg 869 250 66 184 0.96773
00013.jpg 2 289 33 222 0.96738
00013.jpg 1 285 32 225 0.96722
00013.jpg 467 288 62 235 0.96719
00013.jpg 507 320 69 213 0.96715
00013.jpg 866 250 63 183 0.96711
00013.jpg 142 294 73 235 0.96705
00013.jpg 0 279 38 228 0.96669
00013.jpg 182 299 91 238 0.96629
00013.jpg 148 295 66 225 0.96584
00013.jpg 598 460 94 77 0.96514
00013.jpg 602 457 92 77 0.96454
00013.jpg 174 308 101 220 0.96422
00013.jpg 351 290 129 243 0.96420
00013.jpg 177 308 100 222 0.96386
00013.jpg 605 457 83 82 0.96383
00013.jpg 727 246 53 135 0.96341
00013.jpg 301 306 88 229 0.96336
00013.jpg 2 286 31 211 0.96274
00013.jpg 726 242 53 139 0.96264
00013.jpg 727 247 53 127 0.96259
00013.jpg 607 455 89 84 0.96216
00013.jpg 781 249 48 128 0.96213
00013.jpg 352 290 126 233 0.96211
00013.jpg 505 318 68 221 0.96150
00013.jpg 293 304 102 230 0.96140
00013.jpg 284 304 112 225 0.96076
00013.jpg 142 299 90 230 0.96041
00013.jpg 869 252 70 178 0.96026
00013.jpg 158 291 77 247 0.96008
00013.jpg 500 320 78 215 0.96004
00013.jpg 727 245 51 136 0.95835
00013.jpg 508 322 69 214 0.95723
00013.jpg 505 319 65 220 0.95648
00013.jpg 603 459 84 77 0.95609
00013.jpg 867 250 62 184 0.95594
00013.jpg 289 305 95 231 0.95499
00013.jpg 182 310 95 225 0.95458
00013.jpg 727 243 55 136 0.95427
00013.jpg 290 305 102 222 0.95398
00013.jpg 606 455 86 81 0.95270
00013.jpg 354 289 136 243 0.95258
00013.jpg 358 291 118 239 0.95244
00013.jpg 496 313 76 226 0.95238
00013.jpg 293 304 92 228 0.95214
00013.jpg 729 242 52 136 0.95178
00013.jpg 168 309 105 230 0.95079
00013.jpg 354 291 126 238 0.95066
00013.jpg 183 309 94 226 0.94831
00013.jpg 150 293 73 233 0.94799
00013.jpg 498 316 77 223 0.94708
00013.jpg 867 253 67 175 0.94706
00013.jpg 504 320 71 217 0.94651
00013.jpg 729 244 51 126 0.94632
00013.jpg 295 305 99 234 0.94530
00013.jpg 504 319 71 220 0.94525
00013.jpg 326 287 121 241 0.94451
00013.jpg 508 316 62 221 0.94400
00013.jpg 602 459 89 76 0.94363
00013.jpg 863 251 68 179 0.94197
00013.jpg 505 319 71 220 0.94168
00013.jpg 867 256 66 174 0.94133
00013.jpg 508 320 68 215 0.94068
00013.jpg 727 247 55 130 0.94022
00013.jpg 181 301 94 231 0.93966
00013.jpg 724 245 59 133 0.93844
00013.jpg 359 294 122 234 0.93810
00013.jpg 781 250 48 127 0.93788
00013.jpg 148 298 68 223 0.93747
00013.jpg 604 452 87 87 0.93731
00013.jpg 290 296 103 240 0.93657
00013.jpg 160 290 113 249 0.93594
00013.jpg 725 246 53 132 0.93513
00013.jpg 291 298 106 241 0.93511
00013.jpg 147 291 76 246 0.93384
00013.jpg 297 306 96 227 0.93323
00013.jpg 509 322 59 210 0.93316
00013.jpg 463 292 67 224 0.93256
00013.jpg 173 304 105 231 0.93255
00013.jpg 488 311 82 227 0.93250
00013.jpg 605 459 88 78 0.93250
00013.jpg 864 247 70 187 0.93198
00013.jpg 143 290 78 235 0.93130
00013.jpg 601 458 92 76 0.93115
00013.jpg 504 315 67 221 0.93031
00013.jpg 502 314 73 225 0.92917
00013.jpg 358 286 126 242 0.92829
00013.jpg 188 308 88 226 0.92747
00013.jpg 596 458 97 78 0.92701
00013.jpg 1 279 30 221 0.92655
00013.jpg 357 288 126 239 0.92655
00013.jpg 606 457 86 80 0.92628
00013.jpg 175 299 110 240 0.92624
00013.jpg 477 294 69 238 0.92495
00013.jpg 870 252 63 188 0.92351
00013.jpg 360 301 124 229 0.92214
00013.jpg 460 292 75 228 0.92200
00013.jpg 291 299 101 234 0.92119
00013.jpg 788 248 37 125 0.92062
00013.jpg 294 305 83 224 0.92034
00013.jpg 287 307 97 230 0.92008
00013.jpg 2 283 29 211 0.91973
00013.jpg 727 247 53 129 0.91847
00013.jpg 726 246 55 127 0.91785
00013.jpg 293 302 95 231 0.91682
00013.jpg 456 297 73 231 0.91653
00013.jpg 167 302 112 237 0.91503
00013.jpg 146 291 70 236 0.91449
00013.jpg 501 313 72 221 0.91436
00013.jpg 728 247 56 130 0.91400
00013.jpg 861 248 74 183 0.91370
00013.jpg 597 460 93 76 0.91221
00013.jpg 472 299 77 236 0.91017
00013.jpg 459 279 76 241 0.91010
00013.jpg 294 310 93 216 0.90988
00013.jpg 291 303 102 230 0.90941
00013.jpg 146 298 110 231 0.90849
00013.jpg 462 293 78 234 0.90828
00013.jpg 144 296 70 227 0.90750
00013.jpg 174 311 101 220 0.90714
00013.jpg 147 301 71 217 0.90699
00013.jpg 604 453 94 81 0.90680
00013.jpg 789 256 38 121 0.90677
00013.jpg 870 255 66 178 0.90635
00013.jpg 147 294 77 216 0.90588
00013.jpg 185 307 93 232 0.90531
00013.jpg 862 250 70 181 0.90526
00013.jpg 509 318 67 221 0.90460
00013.jpg 462 292 67 231 0.90368
00013.jpg 461 289 70 240 0.90319
00013.jpg 358 297 123 221 0.90289
00013.jpg 180 315 99 223 0.90234
00013.jpg 170 296 108 243 0.90198
00013.jpg 606 454 84 77 0.90067
00013.jpg 300 299 95 231 0.89816
00013.jpg 139 301 79 215 0.89752
00013.jpg 1 283 33 217 0.89476
00013.jpg 350 286 122 244 0.89474
00013.jpg 866 251 70 176 0.89408
00013.jpg 497 314 70 220 0.89395
00013.jpg 477 298 74 232 0.89385
00013.jpg 356 293 129 231 0.89385
00013.jpg 364 287 106 240 0.89333
00013.jpg 175 309 104 230 0.89298
00013.jpg 606 459 87 79 0.89112
00013.jpg 602 456 94 81 0.89040
00013.jpg 600 460 86 75 0.89005
00013.jpg 463 282 76 250 0.88976
00013.jpg 507 323 70 208 0.88898
00013.jpg 187 313 93 221 0.88865
00013.jpg 293 306 101 216 0.88858
00013.jpg 502 314 69 225 0.88724
00013.jpg 146 293 98 235 0.88546
00013.jpg 505 326 74 209 0.88466
00013.jpg 372 296 110 224 0.88417
00013.jpg 488 305 83 234 0.88402
00013.jpg 505 325 70 214 0.88317
00013.jpg 290 305 121 233 0.88304
00013.jpg 867 254 70 168 0.88189
00013.jpg 787 250 38 128 0.88184
00013.jpg 290 308 110 225 0.88162
00013.jpg 363 294 117 234 0.88035
00013.jpg 360 288 120 234 0.87830
00013.jpg 602 461 98 73 0.87815
00013.jpg 364 291 114 231 0.87670
00013.jpg 355 291 126 238 0.87582
00013.jpg 499 310 76 229 0.87572
00013.jpg 3 283 33 208 0.87543
00013.jpg 366 294 116 229 0.87464
00013.jpg 372 295 104 238 0.87209
00013.jpg 352 288 124 239 0.87174
00013.jpg 159 299 122 240 0.87154
00013.jpg 791 248 38 132 0.87147
00013.jpg 293 302 105 228 0.86834
00013.jpg 863 247 65 176 0.86774
00013.jpg 595 457 98 77 0.86571
00013.jpg 352 288 124 240 0.86449
00013.jpg 727 246 50 131 0.86365
00013.jpg 360 295 123 233 0.86245
00013.jpg 604 455 93 81 0.86129
00013.jpg 143 291 77 234 0.85937
00013.jpg 868 253 69 182 0.85702
00013.jpg 149 297 97 227 0.85676
00013.jpg 184 307 95 225 0.85616
00013.jpg 788 252 36 119 0.85552
00013.jpg 286 307 111 232 0.85470
00013.jpg 728 240 53 143 0.85384
00013.jpg 173 305 101 226 0.85257
00013.jpg 358 283 125 247 0.85087
00013.jpg 865 245 69 195 0.84936
00013.jpg 787 254 40 120 0.84813
00013.jpg 611 456 81 80 0.84718
00013.jpg 357 286 117 240 0.84697
00013.jpg 868 253 68 179 0.84689
00013.jpg 2 285 30 192 0.84683
00013.jpg 359 289 119 237 0.84671
00013.jpg 781 248 42 130 0.84657
00013.jpg 789 254 37 125 0.84469
00013.jpg 598 462 92 76 0.84359
00013.jpg 461 301 64 222 0.84229
00013.jpg 727 245 51 131 0.84219
00013.jpg 344 282 131 254 0.84059
00013.jpg 145 294 72 237 0.84010
00013.jpg 1 281 34 222 0.83690
00013.jpg 150 301 117 234 0.83616
00013.jpg 186 299 89 238 0.83483
00013.jpg 352 288 115 241 0.83394
00013.jpg 868 250 68 186 0.83371
00013.jpg 357 288 114 238 0.83351
00013.jpg 873 254 61 176 0.83308
00013.jpg 361 284 121 246 0.83198
00013.jpg 783 247 43 126 0.83001
00013.jpg 0 280 36 222 0.82985
00013.jpg 506 321 69 211 0.82877
00013.jpg 460 290 74 226 0.82746
00013.jpg 467 284 60 243 0.82739
00013.jpg 462 290 68 234 0.82601
00013.jpg 185 311 92 211 0.82595
00013.jpg 167 306 104 233 0.82415
00013.jpg 727 241 55 146 0.82354
00013.jpg 599 455 88 84 0.82126
00013.jpg 728 242 53 135 0.81948
00013.jpg 191 305 86 229 0.81865
00013.jpg 454 285 80 241 0.81770
00013.jpg 291 297 116 242 0.81748
00013.jpg 145 292 75 244 0.81646
00013.jpg 366 285 117 249 0.81590
00013.jpg 142 296 79 220 0.81531
00013.jpg 468 299 55 224 0.81262
00013.jpg 783 257 41 122 0.81059
00013.jpg 462 293 62 229 0.81024
00013.jpg 783 251 40 119 0.81018
00013.jpg 367 284 117 245 0.80783
00013.jpg 458 292 84 238 0.80560
00013.jpg 490 307 88 231 0.80519
00013.jpg 143 290 76 241 0.80338
00013.jpg 184 309 96 225 0.80255
00013.jpg 294 301 98 233 0.80192
00013.jpg 594 456 102 79 0.80163
00013.jpg 356 292 139 241 0.79956
00013.jpg 302 299 111 234 0.79794
00013.jpg 501 313 76 226 0.79789
00013.jpg 145 297 77 229 0.79772
00013.jpg 786 256 38 120 0.79747
00013.jpg 365 285 109 244 0.79579
00013.jpg 784 257 43 115 0.79573
00013.jpg 483 308 97 218 0.79508
00013.jpg 791 251 39 117 0.79460
00013.jpg 870 238 66 205 0.79317
00013.jpg 606 459 88 75 0.79291
00013.jpg 607 460 85 72 0.79215
00013.jpg 187 310 98 225 0.79061
00013.jpg 375 290 58 57 0.78895
00013.jpg 352 284 125 244 0.78784
00013.jpg 785 253 39 132 0.78664
00013.jpg 291 312 94 209 0.78414
00013.jpg 456 297 79 231 0.78329
00013.jpg 867 252 67 186 0.78238
00013.jpg 346 283 133 244 0.78135
00013.jpg 467 309 52 210 0.78089
00013.jpg 468 301 111 226 0.78054
00013.jpg 501 315 71 221 0.77975
00013.jpg 367 297 117 232 0.77970
00013.jpg 378 295 103 225 0.77947
00013.jpg 338 294 147 232 0.77908
00013.jpg 461 291 69 240 0.77855
00013.jpg 869 249 61 185 0.77652
00013.jpg 597 460 101 78 0.77599
00013.jpg 167 318 111 221 0.77434
00013.jpg 725 241 58 138 0.77351
00013.jpg 151 300 74 213 0.77191
00013.jpg 355 285 127 245 0.77176
00013.jpg 731 246 47 117 0.77135
00013.jpg 865 248 74 184 0.77118
00013.jpg 294 316 108 218 0.77085
00013.jpg 0 282 33 202 0.77017
00013.jpg 781 253 46 116 0.76970
00013.jpg 465 290 67 242 0.76898
00013.jpg 298 309 92 200 0.76883
00013.jpg 149 307 123 211 0.76878
00013.jpg 172 303 105 232 0.76615
00013.jpg 370 289 96 236 0.76597
00013.jpg 147 297 68 230 0.76477
00013.jpg 358 293 123 233 0.76220
00013.jpg 596 458 96 79 0.76032
00013.jpg 1 287 30 176 0.75835
00013.jpg 784 256 43 115 0.75812
00013.jpg 290 306 102 232 0.75604
00013.jpg 788 260 38 120 0.75442
00013.jpg 608 455 87 80 0.75313
00013.jpg 367 300 115 226 0.75307
00013.jpg 507 318 63 216 0.75179
00013.jpg 472 291 82 248 0.74487
00013.jpg 728 248 47 98 0.74318
00013.jpg 608 452 86 86 0.74062
00013.jpg 178 306 104 214 0.74060
00013.jpg 353 285 142 248 0.73868
00013.jpg 781 252 48 123 0.73859
00013.jpg 509 321 63 216 0.73837
00013.jpg 286 305 100 231 0.73666
00013.jpg 791 253 35 120 0.73626
00013.jpg 725 250 54 91 0.73509
00013.jpg 868 253 69 178 0.73482
00013.jpg 356 288 121 237 0.73342
00013.jpg 154 311 99 216 0.73281
00013.jpg 351 291 118 230 0.73092
00013.jpg 2 265 34 256 0.72973
00013.jpg 725 244 51 132 0.72931
00013.jpg 604 457 80 81 0.72855
00013.jpg 454 288 87 234 0.72821
00013.jpg 729 250 52 109 0.72741
00013.jpg 453 291 90 235 0.72683
00013.jpg 728 247 53 110 0.72616
00013.jpg 340 292 147 237 0.72500
00013.jpg 350 279 123 248 0.72357
00013.jpg 608 455 76 78 0.72297
00013.jpg 598 463 91 74 0.72060
00013.jpg 724 243 51 143 0.72030
00013.jpg 777 248 52 130 0.71884
00013.jpg 1 281 32 221 0.71564
00013.jpg 183 298 87 241 0.71435
00013.jpg 781 249 36 130 0.71236
00013.jpg 293 310 92 217 0.71126
00013.jpg 726 249 49 130 0.70949
00013.jpg 144 295 123 242 0.70758
00013.jpg 309 294 124 243 0.70593
00013.jpg 505 325 64 208 0.70520
00013.jpg 313 286 111 244 0.70151
00013.jpg 160 306 111 225 0.69962
00013.jpg 143 300 78 228 0.69791
00013.jpg 475 294 98 244 0.69784
00013.jpg 145 294 77 236 0.69663
00013.jpg 858 254 79 172 0.69560
00013.jpg 377 284 50 75 0.69533
00013.jpg 357 292 105 234 0.69112
00013.jpg 865 246 67 191 0.68768
00013.jpg 457 301 73 213 0.68353
00013.jpg 465 313 111 222 0.68110
00013.jpg 455 294 90 228 0.68060
00013.jpg 145 297 72 235 0.67922
00013.jpg 785 260 41 117 0.67904
00013.jpg 726 244 58 125 0.67862
00013.jpg 507 321 74 218 0.67830
00013.jpg 609 453 82 85 0.67778
00013.jpg 352 280 97 248 0.67193
00013.jpg 726 248 53 114 0.67037
00013.jpg 469 285 66 245 0.66984
00013.jpg 609 455 89 80 0.66935
00013.jpg 291 318 90 202 0.66922
00013.jpg 608 458 87 79 0.66524
00013.jpg 4 283 30 195 0.66390
00013.jpg 784 249 46 126 0.66171
00013.jpg 329 286 172 232 0.66153
00013.jpg 724 249 53 111 0.66141
00013.jpg 141 302 89 223 0.66116
00013.jpg 780 258 44 111 0.66065
00013.jpg 353 274 121 264 0.66038
00013.jpg 861 248 73 179 0.65997
00013.jpg 1 282 40 235 0.65993
00013.jpg 782 255 46 111 0.65678
00013.jpg 0 289 36 173 0.65547
00013.jpg 792 256 36 123 0.65363
00013.jpg 485 296 84 243 0.65352
00013.jpg 466 297 64 213 0.65345
00013.jpg 727 245 47 113 0.65203
00013.jpg 791 255 39 118 0.65017
00013.jpg 871 255 60 178 0.64547
00013.jpg 287 315 114 212 0.64049
00013.jpg 140 298 72 227 0.63534
00013.jpg 337 293 95 218 0.63523
00013.jpg 784 251 41 114 0.63455
00013.jpg 354 289 114 228 0.63216
00013.jpg 366 297 106 227 0.63192
00013.jpg 477 306 82 223 0.62940
00013.jpg 501 318 76 221 0.62579
00013.jpg 294 309 102 222 0.62414
00013.jpg 136 306 97 214 0.62252
00013.jpg 376 291 59 62 0.61762
00013.jpg 784 249 46 114 0.61591
00013.jpg 464 306 105 229 0.61560
00013.jpg 293 307 100 215 0.61444
00013.jpg 355 289 95 233 0.61091
00013.jpg 457 285 73 220 0.60981
00013.jpg 145 290 87 215 0.60950
00013.jpg 508 320 71 219 0.60913
00013.jpg 867 247 69 189 0.60629
00013.jpg 176 296 101 243 0.60506
00013.jpg 143 316 70 198 0.60503
00013.jpg 589 453 106 78 0.60501
00013.jpg 144 296 76 226 0.60351
00013.jpg 461 290 75 224 0.60251
00013.jpg 2 275 34 235 0.60228
00013.jpg 355 288 136 241 0.60158
00013.jpg 352 282 132 248 0.59899
00013.jpg 185 313 93 218 0.59741
00013.jpg 462 303 70 200 0.59600
00013.jpg 730 246 46 129 0.59437
00013.jpg 292 304 107 231 0.59342
00013.jpg 586 451 112 78 0.59248
00013.jpg 511 314 66 216 0.59040
00013.jpg 356 290 91 223 0.59022
00013.jpg 362 288 97 231 0.58920
00013.jpg 514 324 58 201 0.58847
00013.jpg 452 294 78 234 0.58288
00013.jpg 378 286 47 65 0.58263
00013.jpg 348 291 120 234 0.58171
00013.jpg 603 459 85 80 0.58090
00013.jpg 139 300 76 226 0.57617
00013.jpg 864 242 64 199 0.57522
00013.jpg 351 287 140 236 0.57464
00013.jpg 333 280 125 256 0.57428
00013.jpg 775 260 54 124 0.57343
00013.jpg 776 255 54 128 0.57287
00013.jpg 376 294 92 233 0.57159
00013.jpg 777 246 55 119 0.56463
00013.jpg 169 302 107 235 0.56212
00013.jpg 589 449 99 84 0.56165
00013.jpg 182 311 94 216 0.55763
00013.jpg 859 256 77 169 0.55502
00013.jpg 164 299 92 220 0.55435
00013.jpg 381 291 103 224 0.55423
00013.jpg 1 289 39 223 0.55358
00013.jpg 283 307 115 229 0.55277
00013.jpg 354 288 90 227 0.55227
00013.jpg 784 248 48 124 0.55158
00013.jpg 360 275 114 251 0.55153
00013.jpg 158 302 118 226 0.55143
00013.jpg 721 241 55 143 0.54796
00013.jpg 3 279 33 212 0.54662
00013.jpg 610 453 92 77 0.54566
00013.jpg 774 249 56 124 0.54542
00013.jpg 288 317 96 220 0.54491
00013.jpg 607 455 90 79 0.54189
00013.jpg 143 299 79 208 0.54065
00013.jpg 376 276 106 252 0.54056
00013.jpg 283 289 113 250 0.53902
00013.jpg 506 324 73 198 0.53804
00013.jpg 780 257 40 128 0.53585
00013.jpg 727 242 60 130 0.53548
00013.jpg 509 324 62 213 0.53454
00013.jpg 469 303 59 216 0.53317
00013.jpg 501 320 79 219 0.53247
00013.jpg 371 294 98 228 0.52968
00013.jpg 374 300 100 213 0.52861
00013.jpg 464 308 85 200 0.52733
00013.jpg 0 285 34 155 0.52568
00013.jpg 727 247 49 140 0.52520
00013.jpg 1 265 31 251 0.51973
00013.jpg 467 297 63 224 0.51653
00013.jpg 592 458 100 75 0.51651
00013.jpg 728 246 48 68 0.51143
00013.jpg 157 294 109 245 0.51073
00013.jpg 376 299 106 214 0.50885
00013.jpg 575 442 129 97 0.50859
00013.jpg 334 284 120 253 0.50702
00013.jpg 288 284 207 240 0.50691
00013.jpg 512 304 66 228 0.50508
00013.jpg 775 248 53 128 0.50341
00013.jpg 723 244 51 131 0.50185
