00017.jpg 863 239 67 199 0.99806
00017.jpg 859 250 69 180 0.99799
00017.jpg 864 250 65 183 0.99774
00017.jpg 724 243 53 132 0.99710
00017.jpg 862 250 68 179 0.99639
00017.jpg 866 246 65 181 0.99638
00017.jpg 860 246 69 186 0.99528
00017.jpg 859 248 72 185 0.99528
00017.jpg 858 250 69 176 0.99498
00017.jpg 286 301 117 235 0.99469
00017.jpg 858 246 71 184 0.99450
00017.jpg 723 246 45 130 0.99344
00017.jpg 856 251 70 183 0.99251
00017.jpg 863 249 68 179 0.99227
00017.jpg 716 243 53 136 0.99201
00017.jpg 160 296 100 243 0.99191
00017.jpg 863 245 68 188 0.99140
00017.jpg 864 250 66 179 0.99125
00017.jpg 152 296 111 240 0.99102
00017.jpg 719 242 52 138 0.99094
00017.jpg 373 219 113 320 0.99042
00017.jpg 765 245 56 134 0.99037
00017.jpg 155 296 104 239 0.98961
00017.jpg 149 295 111 241 0.98862
00017.jpg 770 246 49 136 0.98850
00017.jpg 862 242 64 184 0.98838
00017.jpg 864 247 64 183 0.98835
00017.jpg 721 244 51 131 0.98775
00017.jpg 288 306 115 232 0.98754
00017.jpg 860 247 67 184 0.98725
00017.jpg 861 245 68 190 0.98707
00017.jpg 720 243 48 135 0.98680
00017.jpg 289 307 114 229 0.98665
00017.jpg 859 245 68 180 0.98663
00017.jpg 287 305 114 234 0.98643
00017.jpg 862 248 67 183 0.98631
00017.jpg 282 304 119 235 0.98545
00017.jpg 148 305 113 234 0.98540
00017.jpg 860 244 68 188 0.98502
00017.jpg 373 231 116 308 0.98470
00017.jpg 719 232 54 144 0.98431
00017.jpg 860 245 72 180 0.98364
00017.jpg 720 244 57 136 0.98325
00017.jpg 151 306 105 230 0.98287
00017.jpg 368 225 122 314 0.98281
00017.jpg 158 304 100 225 0.98241
00017.jpg 147 288 109 245 0.98207
00017.jpg 768 245 49 141 0.98205
00017.jpg 289 299 108 235 0.98102
00017.jpg 864 245 66 185 0.98073
00017.jpg 863 250 64 179 0.98031
00017.jpg 288 299 111 240 0.98006
00017.jpg 289 306 101 232 0.97993
00017.jpg 372 229 112 310 0.97963
00017.jpg 861 244 71 189 0.97962
00017.jpg 859 247 65 187 0.97900
00017.jpg 287 299 113 237 0.97897
00017.jpg 370 222 113 317 0.97866
00017.jpg 724 240 48 135 0.97861
00017.jpg 767 241 56 139 0.97848
00017.jpg 721 235 52 144 0.97826
00017.jpg 863 249 67 184 0.97576
00017.jpg 374 225 115 314 0.97572
00017.jpg 864 252 64 174 0.97566
00017.jpg 3 285 26 172 0.97555
00017.jpg 278 303 123 236 0.97541
00017.jpg 862 247 71 188 0.97512
00017.jpg 369 238 113 300 0.97292
00017.jpg 862 237 66 200 0.97248
00017.jpg 283 308 117 218 0.97240
00017.jpg 294 302 107 231 0.97180
00017.jpg 290 305 115 224 0.97120
00017.jpg 772 250 47 131 0.97089
00017.jpg 146 296 106 236 0.97066
00017.jpg 145 286 110 233 0.97038
00017.jpg 156 299 113 231 0.97027
00017.jpg 286 306 117 232 0.97000
00017.jpg 861 255 68 173 0.96969
00017.jpg 376 225 104 314 0.96939
00017.jpg 720 244 50 132 0.96872
00017.jpg 694 468 69 67 0.96853
00017.jpg 695 471 69 67 0.96850
00017.jpg 150 294 109 243 0.96673
00017.jpg 283 306 120 224 0.96596
00017.jpg 698 470 66 66 0.96444
00017.jpg 2 291 22 166 0.96434
00017.jpg 723 241 52 134 0.96401
00017.jpg 282 301 124 235 0.96347
00017.jpg 370 227 110 312 0.96346
00017.jpg 775 248 44 129 0.96338
00017.jpg 719 243 57 134 0.96324
00017.jpg 724 241 49 134 0.96312
00017.jpg 155 294 104 243 0.96310
00017.jpg 292 300 117 236 0.96289
00017.jpg 863 248 68 185 0.96274
00017.jpg 290 304 105 234 0.96229
00017.jpg 290 307 105 229 0.96161
00017.jpg 720 244 49 134 0.95966
00017.jpg 768 243 48 136 0.95960
00017.jpg 288 294 113 245 0.95866
00017.jpg 158 302 102 228 0.95819
00017.jpg 763 244 59 135 0.95811
00017.jpg 721 239 52 138 0.95786
00017.jpg 722 245 51 124 0.95767
00017.jpg 166 305 103 230 0.95763
00017.jpg 463 267 115 272 0.95672
00017.jpg 371 233 111 304 0.95659
00017.jpg 140 281 72 226 0.95645
00017.jpg 373 227 113 312 0.95600
00017.jpg 298 304 99 227 0.95593
00017.jpg 160 312 106 218 0.95559
00017.jpg 291 303 110 231 0.95558
00017.jpg 283 307 115 232 0.95506
00017.jpg 462 232 111 307 0.95486
00017.jpg 372 234 110 305 0.95467
00017.jpg 462 222 117 317 0.95447
00017.jpg 763 244 58 135 0.95413
00017.jpg 0 292 28 171 0.95367
00017.jpg 722 243 54 135 0.95289
00017.jpg 285 304 121 231 0.95197
00017.jpg 720 244 51 130 0.95167
00017.jpg 856 248 71 180 0.95134
00017.jpg 286 304 122 225 0.95130
00017.jpg 864 248 66 181 0.95065
00017.jpg 286 308 114 225 0.95052
00017.jpg 722 243 49 133 0.94947
00017.jpg 365 225 124 313 0.94932
00017.jpg 164 316 97 219 0.94908
00017.jpg 288 294 121 238 0.94765
00017.jpg 858 248 75 184 0.94717
00017.jpg 375 230 110 309 0.94562
00017.jpg 288 293 111 243 0.94374
00017.jpg 467 225 111 314 0.94323
00017.jpg 695 469 71 68 0.94222
00017.jpg 723 244 51 133 0.94155
00017.jpg 768 244 54 138 0.94107
00017.jpg 150 298 121 240 0.94086
00017.jpg 151 302 117 232 0.94037
00017.jpg 366 232 118 307 0.93969
00017.jpg 770 247 52 133 0.93856
00017.jpg 162 311 98 226 0.93803
00017.jpg 470 226 95 313 0.93774
00017.jpg 155 306 111 228 0.93771
00017.jpg 770 247 52 137 0.93685
00017.jpg 1 288 28 169 0.93672
00017.jpg 288 291 121 247 0.93669
00017.jpg 375 233 109 303 0.93411
00017.jpg 722 243 53 135 0.93402
00017.jpg 863 251 65 178 0.93374
00017.jpg 140 285 103 243 0.93341
00017.jpg 147 283 79 211 0.93049
00017.jpg 770 246 47 130 0.92906
00017.jpg 374 234 109 305 0.92821
00017.jpg 161 307 102 228 0.92812
00017.jpg 291 307 108 230 0.92810
00017.jpg 460 241 114 298 0.92776
00017.jpg 860 246 70 178 0.92776
00017.jpg 145 270 80 243 0.92586
00017.jpg 4 286 22 167 0.92396
00017.jpg 767 249 53 129 0.92291
00017.jpg 765 245 57 136 0.92277
00017.jpg 289 296 117 241 0.92222
00017.jpg 141 281 79 228 0.92216
00017.jpg 367 231 130 297 0.92129
00017.jpg 768 243 53 138 0.91868
00017.jpg 368 232 124 292 0.91818
00017.jpg 769 247 53 134 0.91784
00017.jpg 3 285 18 174 0.91624
00017.jpg 158 303 107 236 0.91544
00017.jpg 456 227 114 312 0.91523
00017.jpg 355 232 140 299 0.91431
00017.jpg 765 246 52 133 0.91397
00017.jpg 700 468 67 69 0.91213
00017.jpg 140 273 89 241 0.91146
00017.jpg 375 228 104 311 0.91130
00017.jpg 861 247 68 183 0.91125
00017.jpg 145 284 119 253 0.91093
00017.jpg 148 282 124 257 0.91090
00017.jpg 722 242 45 135 0.90986
00017.jpg 724 237 46 143 0.90973
00017.jpg 363 223 135 316 0.90936
00017.jpg 157 307 111 224 0.90925
00017.jpg 470 232 104 307 0.90889
00017.jpg 775 245 46 137 0.90841
00017.jpg 699 468 66 69 0.90573
00017.jpg 372 244 113 292 0.90475
00017.jpg 149 294 103 233 0.90472
00017.jpg 695 471 72 67 0.90448
00017.jpg 295 311 103 218 0.90436
00017.jpg 764 249 61 135 0.90337
00017.jpg 289 284 116 249 0.90297
00017.jpg 697 470 65 62 0.90277
00017.jpg 166 302 98 232 0.90232
00017.jpg 474 268 98 271 0.90174
00017.jpg 700 467 66 70 0.90070
00017.jpg 699 470 67 69 0.90003
00017.jpg 700 468 65 68 0.89977
00017.jpg 378 228 108 311 0.89955
00017.jpg 700 469 63 69 0.89889
00017.jpg 699 468 65 69 0.89781
00017.jpg 473 261 104 278 0.89710
00017.jpg 458 223 117 316 0.89675
00017.jpg 369 232 117 307 0.89666
00017.jpg 694 469 70 70 0.89649
00017.jpg 162 307 104 225 0.89612
00017.jpg 285 305 112 227 0.89600
00017.jpg 765 250 53 129 0.89579
00017.jpg 462 234 118 305 0.89547
00017.jpg 146 280 72 241 0.89454
00017.jpg 2 283 29 179 0.89322
00017.jpg 469 224 112 315 0.89308
00017.jpg 144 285 70 232 0.89229
00017.jpg 721 244 53 126 0.89220
00017.jpg 374 224 111 315 0.89197
00017.jpg 465 225 115 306 0.89056
00017.jpg 2 289 29 174 0.89007
00017.jpg 770 245 52 139 0.88964
00017.jpg 147 286 112 249 0.88893
00017.jpg 369 228 125 311 0.88885
00017.jpg 771 244 52 137 0.88882
00017.jpg 725 242 50 136 0.88855
00017.jpg 145 294 121 229 0.88630
00017.jpg 165 317 97 205 0.88621
00017.jpg 161 297 97 236 0.88477
00017.jpg 142 272 79 247 0.88307
00017.jpg 329 242 134 292 0.88271
00017.jpg 770 246 49 138 0.88270
00017.jpg 477 253 90 286 0.88222
00017.jpg 141 288 120 248 0.88148
00017.jpg 770 248 49 133 0.88114
00017.jpg 166 314 94 217 0.88055
00017.jpg 696 468 68 71 0.88033
00017.jpg 465 216 112 323 0.87945
00017.jpg 377 229 118 310 0.87895
00017.jpg 763 247 55 137 0.87861
00017.jpg 859 249 72 183 0.87646
00017.jpg 139 277 76 231 0.87547
00017.jpg 723 243 50 133 0.87492
00017.jpg 929 333 30 91 0.87420
00017.jpg 369 220 126 319 0.87278
00017.jpg 367 230 116 309 0.87151
00017.jpg 696 468 69 68 0.87132
00017.jpg 1 283 25 173 0.87113
00017.jpg 142 279 108 250 0.86999
00017.jpg 720 239 54 137 0.86914
00017.jpg 722 237 45 146 0.86871
00017.jpg 774 249 47 130 0.86773
00017.jpg 466 254 105 278 0.86710
00017.jpg 369 225 113 314 0.86569
00017.jpg 169 308 95 226 0.86437
00017.jpg 145 310 117 224 0.86410
00017.jpg 456 229 123 310 0.86379
00017.jpg 720 247 54 79 0.86336
00017.jpg 769 248 54 133 0.86278
00017.jpg 289 299 116 239 0.86243
00017.jpg 721 247 45 122 0.86182
00017.jpg 769 244 51 136 0.86137
00017.jpg 761 249 61 132 0.85817
00017.jpg 469 234 115 305 0.85809
00017.jpg 149 302 97 223 0.85770
00017.jpg 357 217 150 322 0.85517
00017.jpg 721 242 56 129 0.85337
00017.jpg 373 223 116 316 0.85267
00017.jpg 726 241 43 131 0.85207
00017.jpg 459 223 118 316 0.84901
00017.jpg 147 288 87 218 0.84877
00017.jpg 380 231 105 308 0.84836
00017.jpg 370 233 122 301 0.84786
00017.jpg 723 239 51 139 0.84727
00017.jpg 692 469 68 68 0.84681
00017.jpg 866 242 61 196 0.84613
00017.jpg 773 249 50 131 0.84591
00017.jpg 861 244 67 192 0.84418
00017.jpg 475 229 105 310 0.84067
00017.jpg 139 283 84 210 0.83919
00017.jpg 487 288 85 244 0.83781
00017.jpg 375 229 110 310 0.83767
00017.jpg 138 298 128 226 0.83691
00017.jpg 474 260 100 279 0.83557
00017.jpg 470 219 102 298 0.83472
00017.jpg 768 251 49 134 0.83471
00017.jpg 371 238 115 301 0.83269
00017.jpg 376 232 102 304 0.83080
00017.jpg 764 249 53 136 0.83004
00017.jpg 722 244 49 105 0.82893
00017.jpg 378 229 106 310 0.82768
00017.jpg 471 239 95 300 0.82308
00017.jpg 4 286 25 166 0.82304
00017.jpg 477 289 101 250 0.82219
00017.jpg 859 244 69 188 0.82191
00017.jpg 465 240 90 299 0.82098
00017.jpg 722 242 46 123 0.81915
00017.jpg 286 296 118 243 0.81525
00017.jpg 478 282 85 257 0.81441
00017.jpg 862 244 71 189 0.81397
00017.jpg 294 303 109 229 0.80982
00017.jpg 720 251 50 120 0.80625
00017.jpg 156 305 98 222 0.80569
00017.jpg 139 277 77 236 0.80463
00017.jpg 867 249 68 188 0.80177
00017.jpg 371 220 123 299 0.80053
00017.jpg 3 284 25 178 0.79960
00017.jpg 460 273 109 257 0.79794
00017.jpg 725 244 50 133 0.79741
00017.jpg 372 221 116 318 0.79548
00017.jpg 164 300 95 230 0.79536
00017.jpg 693 469 72 69 0.79318
00017.jpg 698 466 66 73 0.79145
00017.jpg 467 270 104 269 0.79013
00017.jpg 2 280 30 184 0.78953
00017.jpg 930 329 28 88 0.78942
00017.jpg 465 275 110 264 0.78938
00017.jpg 723 243 49 85 0.78921
00017.jpg 697 471 64 67 0.78737
00017.jpg 289 295 113 243 0.78663
00017.jpg 287 260 138 276 0.78627
00017.jpg 1 284 27 173 0.78487
00017.jpg 467 231 101 303 0.78258
00017.jpg 148 283 105 248 0.78254
00017.jpg 163 310 99 223 0.78240
00017.jpg 358 226 142 313 0.78215
00017.jpg 699 466 66 72 0.78153
00017.jpg 143 273 93 253 0.78079
00017.jpg 282 308 107 215 0.77815
00017.jpg 160 308 100 218 0.77689
00017.jpg 722 242 55 124 0.77592
00017.jpg 146 280 71 230 0.77582
00017.jpg 766 246 53 131 0.77437
00017.jpg 462 235 101 290 0.77241
00017.jpg 462 266 112 273 0.76921
00017.jpg 281 303 127 229 0.76874
00017.jpg 281 301 123 237 0.76846
00017.jpg 473 262 100 276 0.76637
00017.jpg 725 245 54 127 0.76535
00017.jpg 765 248 45 128 0.76467
00017.jpg 466 209 105 321 0.76465
00017.jpg 142 292 89 234 0.76361
00017.jpg 852 245 81 179 0.75833
00017.jpg 700 471 67 66 0.75747
00017.jpg 145 302 107 228 0.75697
00017.jpg 930 328 29 91 0.75511
00017.jpg 464 239 106 300 0.75459
00017.jpg 724 245 54 130 0.75385
00017.jpg 774 250 43 135 0.75141
00017.jpg 367 233 118 306 0.75130
00017.jpg 690 470 72 66 0.75015
00017.jpg 699 468 66 70 0.74988
00017.jpg 866 241 71 189 0.74986
00017.jpg 455 216 117 323 0.74829
00017.jpg 484 293 87 246 0.74782
00017.jpg 290 305 105 225 0.74774
00017.jpg 284 303 113 223 0.74383
00017.jpg 139 268 82 255 0.74261
00017.jpg 144 291 121 245 0.74227
00017.jpg 144 278 71 243 0.74193
00017.jpg 278 295 128 240 0.74150
00017.jpg 762 245 59 143 0.74141
00017.jpg 726 241 52 136 0.74118
00017.jpg 860 246 72 182 0.73984
00017.jpg 698 469 67 69 0.73918
00017.jpg 162 300 99 238 0.73755
00017.jpg 142 278 70 221 0.73686
00017.jpg 719 241 48 127 0.73673
00017.jpg 751 246 62 131 0.73620
00017.jpg 722 252 52 120 0.73502
00017.jpg 378 216 112 323 0.73449
00017.jpg 2 285 24 176 0.73449
00017.jpg 149 287 111 232 0.73045
00017.jpg 765 245 55 137 0.72797
00017.jpg 701 466 61 72 0.72632
00017.jpg 148 289 110 239 0.72564
00017.jpg 479 287 101 249 0.72367
00017.jpg 2 289 23 157 0.72352
00017.jpg 142 275 78 237 0.72285
00017.jpg 719 246 49 127 0.72090
00017.jpg 485 270 85 269 0.72049
00017.jpg 701 471 59 66 0.72018
00017.jpg 305 278 139 256 0.71761
00017.jpg 773 250 48 132 0.71385
00017.jpg 146 281 80 247 0.71362
00017.jpg 454 224 110 309 0.71299
00017.jpg 765 242 59 136 0.71033
00017.jpg 143 292 106 234 0.70989
00017.jpg 292 306 99 222 0.70864
00017.jpg 137 283 75 229 0.70137
00017.jpg 866 251 58 183 0.70024
00017.jpg 476 254 102 285 0.69942
00017.jpg 133 279 126 248 0.69888
00017.jpg 168 303 96 230 0.69681
00017.jpg 281 305 122 234 0.69536
00017.jpg 477 291 91 247 0.69324
00017.jpg 862 253 68 167 0.69280
00017.jpg 862 243 64 191 0.69255
00017.jpg 724 246 47 65 0.69001
00017.jpg 138 280 75 232 0.68966
00017.jpg 144 280 77 248 0.68917
00017.jpg 485 311 91 228 0.68790
00017.jpg 464 241 97 298 0.68542
00017.jpg 700 468 64 69 0.68425
00017.jpg 930 329 29 88 0.68155
00017.jpg 860 247 71 183 0.68146
00017.jpg 859 248 69 177 0.67837
00017.jpg 289 295 127 242 0.67713
00017.jpg 758 251 61 128 0.67525
00017.jpg 686 468 79 69 0.67314
00017.jpg 144 292 94 229 0.67135
00017.jpg 138 280 79 242 0.67092
00017.jpg 458 229 110 310 0.66937
00017.jpg 722 245 43 77 0.66428
00017.jpg 286 301 128 229 0.66426
00017.jpg 764 250 50 135 0.66355
00017.jpg 371 227 111 311 0.66113
00017.jpg 374 230 117 309 0.66035
00017.jpg 478 261 95 272 0.65839
00017.jpg 723 246 45 121 0.65584
00017.jpg 774 248 48 134 0.65406
00017.jpg 461 219 115 320 0.65397
00017.jpg 762 247 57 142 0.65381
00017.jpg 172 312 89 206 0.65341
00017.jpg 718 243 51 140 0.65278
00017.jpg 339 236 140 303 0.65216
00017.jpg 726 241 50 116 0.64948
00017.jpg 721 242 52 63 0.64858
00017.jpg 722 243 46 117 0.64565
00017.jpg 374 228 121 311 0.64378
00017.jpg 758 241 61 140 0.64217
00017.jpg 928 330 31 88 0.64116
00017.jpg 479 295 91 244 0.63901
00017.jpg 474 253 87 286 0.63872
00017.jpg 929 329 30 90 0.63846
00017.jpg 490 298 84 241 0.63699
00017.jpg 146 277 78 241 0.63561
00017.jpg 6 283 21 174 0.63520
00017.jpg 726 245 47 118 0.62911
00017.jpg 775 252 50 129 0.62731
00017.jpg 697 472 66 61 0.62518
00017.jpg 467 293 109 244 0.62382
00017.jpg 360 210 157 322 0.62309
00017.jpg 146 286 56 233 0.62078
00017.jpg 168 302 97 237 0.62073
00017.jpg 724 242 53 125 0.61852
00017.jpg 768 247 54 139 0.61786
00017.jpg 721 245 53 49 0.61631
00017.jpg 728 248 44 90 0.61604
00017.jpg 725 242 43 63 0.61578
00017.jpg 718 245 63 137 0.61213
00017.jpg 145 289 59 228 0.61150
00017.jpg 0 290 33 177 0.60972
00017.jpg 375 238 106 301 0.60754
00017.jpg 932 331 27 79 0.60702
00017.jpg 144 285 64 215 0.60373
00017.jpg 719 251 55 62 0.59928
00017.jpg 140 279 72 236 0.59881
00017.jpg 729 247 47 120 0.59362
00017.jpg 295 293 112 243 0.59066
00017.jpg 931 326 27 93 0.58909
00017.jpg 380 219 111 305 0.58899
00017.jpg 2 287 29 180 0.58655
00017.jpg 374 216 124 323 0.58224
00017.jpg 488 284 73 255 0.58172
00017.jpg 464 265 110 270 0.58136
00017.jpg 718 241 50 134 0.57905
00017.jpg 728 245 39 63 0.57844
00017.jpg 289 290 129 249 0.57554
00017.jpg 728 241 53 140 0.57515
00017.jpg 0 275 27 188 0.57330
00017.jpg 859 249 68 184 0.56745
00017.jpg 722 247 52 64 0.56619
00017.jpg 718 244 50 132 0.56393
00017.jpg 467 256 110 274 0.56357
00017.jpg 282 298 121 236 0.56354
00017.jpg 724 244 39 62 0.55957
00017.jpg 772 245 48 124 0.55778
00017.jpg 777 247 42 125 0.55631
00017.jpg 174 315 91 205 0.55586
00017.jpg 291 297 129 239 0.55442
00017.jpg 762 253 52 133 0.55298
00017.jpg 293 313 111 223 0.55290
00017.jpg 165 290 98 248 0.55133
00017.jpg 718 250 51 129 0.55117
00017.jpg 725 248 42 47 0.54960
00017.jpg 486 291 87 248 0.54842
00017.jpg 281 309 115 228 0.54812
00017.jpg 691 473 75 66 0.54666
00017.jpg 165 308 98 208 0.54659
00017.jpg 451 226 125 306 0.54301
00017.jpg 786 243 36 131 0.54227
00017.jpg 459 260 120 278 0.54220
00017.jpg 282 259 135 272 0.54187
00017.jpg 703 467 64 67 0.54142
00017.jpg 727 247 49 129 0.54013
00017.jpg 762 246 56 138 0.53913
00017.jpg 143 287 87 199 0.53735
00017.jpg 704 469 61 68 0.53567
00017.jpg 480 272 84 261 0.53296
00017.jpg 289 258 140 281 0.52842
00017.jpg 778 249 42 123 0.52765
00017.jpg 699 469 62 65 0.52741
00017.jpg 301 300 151 233 0.52581
00017.jpg 465 289 110 246 0.52380
00017.jpg 466 279 95 257 0.52234
00017.jpg 693 468 74 69 0.52012
00017.jpg 140 278 78 236 0.51826
00017.jpg 138 283 104 224 0.51418
00017.jpg 760 248 60 123 0.51233
00017.jpg 139 274 64 252 0.51034
00017.jpg 162 307 103 232 0.50973
