00026.jpg 860 239 70 189 0.99897
00026.jpg 724 237 52 136 0.99791
00026.jpg 866 235 61 198 0.99672
00026.jpg 484 299 120 239 0.99666
00026.jpg 858 247 70 177 0.99656
00026.jpg 157 291 103 237 0.99575
00026.jpg 716 239 53 135 0.99560
00026.jpg 861 245 69 183 0.99558
00026.jpg 721 243 48 129 0.99537
00026.jpg 858 240 70 190 0.99491
00026.jpg 857 243 72 187 0.99475
00026.jpg 308 267 99 263 0.99445
00026.jpg 489 303 117 228 0.99404
00026.jpg 857 242 73 182 0.99403
00026.jpg 858 239 74 193 0.99337
00026.jpg 3 280 30 193 0.99295
00026.jpg 721 241 52 133 0.99285
00026.jpg 861 240 70 187 0.99283
00026.jpg 378 199 119 335 0.99268
00026.jpg 773 241 44 135 0.99214
00026.jpg 1 277 35 205 0.99200
00026.jpg 722 243 51 133 0.99195
00026.jpg 717 234 54 141 0.99182
00026.jpg 862 247 65 181 0.99121
00026.jpg 858 241 70 182 0.99087
00026.jpg 314 272 88 259 0.99066
00026.jpg 862 246 67 183 0.99014
00026.jpg 861 247 69 187 0.99013
00026.jpg 860 241 68 187 0.99011
00026.jpg 861 246 68 183 0.99009
00026.jpg 862 238 65 189 0.98984
00026.jpg 769 237 52 138 0.98927
00026.jpg 720 238 51 135 0.98892
00026.jpg 861 241 63 188 0.98838
00026.jpg 859 247 72 179 0.98788
00026.jpg 375 194 120 336 0.98780
00026.jpg 157 290 108 246 0.98745
00026.jpg 480 292 105 243 0.98709
00026.jpg 485 296 116 236 0.98675
00026.jpg 772 240 42 136 0.98592
00026.jpg 2 278 29 197 0.98521
00026.jpg 478 294 130 237 0.98499
00026.jpg 767 239 52 138 0.98440
00026.jpg 856 245 70 176 0.98426
00026.jpg 854 238 73 191 0.98378
00026.jpg 152 295 108 238 0.98356
00026.jpg 720 236 54 140 0.98351
00026.jpg 861 241 68 186 0.98316
00026.jpg 770 238 51 138 0.98312
00026.jpg 722 242 53 133 0.98272
00026.jpg 856 247 71 183 0.98229
00026.jpg 151 284 115 255 0.98180
00026.jpg 309 268 104 268 0.98096
00026.jpg 721 241 47 131 0.98081
00026.jpg 380 202 113 332 0.97992
00026.jpg 315 268 93 263 0.97989
00026.jpg 861 237 67 195 0.97968
00026.jpg 720 242 47 134 0.97958
00026.jpg 157 290 112 242 0.97913
00026.jpg 316 267 100 269 0.97890
00026.jpg 483 298 122 241 0.97865
00026.jpg 718 244 57 121 0.97743
00026.jpg 371 195 126 339 0.97625
00026.jpg 0 276 33 212 0.97591
00026.jpg 309 280 102 254 0.97536
00026.jpg 490 300 113 237 0.97494
00026.jpg 153 292 113 234 0.97488
00026.jpg 718 240 51 130 0.97433
00026.jpg 380 188 114 351 0.97322
00026.jpg 771 240 50 133 0.97311
00026.jpg 495 306 112 223 0.97267
00026.jpg 720 236 53 139 0.97232
00026.jpg 718 243 55 124 0.97055
00026.jpg 315 272 94 252 0.97020
00026.jpg 719 240 51 134 0.96965
00026.jpg 720 240 55 131 0.96954
00026.jpg 478 301 131 238 0.96872
00026.jpg 385 189 107 350 0.96735
00026.jpg 857 244 70 178 0.96651
00026.jpg 721 239 56 140 0.96650
00026.jpg 491 307 118 227 0.96643
00026.jpg 367 184 132 350 0.96591
00026.jpg 383 195 111 338 0.96583
00026.jpg 775 246 44 127 0.96496
00026.jpg 308 272 103 267 0.96486
00026.jpg 857 241 68 191 0.96431
00026.jpg 311 273 92 255 0.96415
00026.jpg 163 295 98 235 0.96299
00026.jpg 719 242 56 131 0.96294
00026.jpg 372 172 119 355 0.96200
00026.jpg 369 195 125 338 0.96129
00026.jpg 392 190 96 349 0.96113
00026.jpg 483 300 120 231 0.96059
00026.jpg 160 296 103 227 0.96055
00026.jpg 455 261 99 269 0.96051
00026.jpg 304 270 111 261 0.96019
00026.jpg 858 243 67 184 0.95963
00026.jpg 721 241 52 130 0.95876
00026.jpg 492 299 105 240 0.95875
00026.jpg 862 245 64 181 0.95561
00026.jpg 149 299 121 231 0.95549
00026.jpg 375 194 122 340 0.95517
00026.jpg 312 266 101 269 0.95477
00026.jpg 371 184 121 355 0.95419
00026.jpg 373 199 119 337 0.95407
00026.jpg 167 285 93 250 0.95380
00026.jpg 319 267 85 264 0.95334
00026.jpg 497 299 110 240 0.95270
00026.jpg 488 304 116 228 0.95268
00026.jpg 722 237 54 132 0.95255
00026.jpg 478 302 124 230 0.95190
00026.jpg 3 281 27 193 0.95182
00026.jpg 488 302 117 232 0.95148
00026.jpg 312 274 99 242 0.95064
00026.jpg 771 241 44 139 0.95017
00026.jpg 473 280 80 248 0.94982
00026.jpg 314 260 96 277 0.94888
00026.jpg 311 249 101 289 0.94615
00026.jpg 311 275 88 258 0.94555
00026.jpg 721 236 53 139 0.94555
00026.jpg 4 280 20 198 0.94541
00026.jpg 379 194 116 342 0.94479
00026.jpg 719 239 54 133 0.94388
00026.jpg 486 293 123 241 0.94373
00026.jpg 154 291 49 231 0.94307
00026.jpg 855 240 67 187 0.94274
00026.jpg 371 192 134 344 0.94244
00026.jpg 160 293 112 236 0.94180
00026.jpg 309 268 107 266 0.94125
00026.jpg 770 240 45 134 0.94108
00026.jpg 368 196 139 324 0.94090
00026.jpg 853 242 73 184 0.93982
00026.jpg 382 197 105 338 0.93885
00026.jpg 480 297 121 240 0.93729
00026.jpg 147 298 127 226 0.93726
00026.jpg 720 240 49 135 0.93691
00026.jpg 384 180 110 359 0.93642
00026.jpg 158 284 102 255 0.93627
00026.jpg 168 287 93 249 0.93588
00026.jpg 155 286 110 253 0.93535
00026.jpg 314 262 100 271 0.93506
00026.jpg 383 186 109 353 0.93483
00026.jpg 460 277 86 249 0.93395
00026.jpg 148 297 117 234 0.93368
00026.jpg 374 191 126 348 0.93368
00026.jpg 155 297 118 237 0.93251
00026.jpg 469 275 88 244 0.93249
00026.jpg 383 189 106 350 0.93216
00026.jpg 150 292 114 243 0.93170
00026.jpg 503 311 100 224 0.93133
00026.jpg 308 270 100 262 0.93063
00026.jpg 460 271 92 250 0.93035
00026.jpg 771 240 50 134 0.92959
00026.jpg 366 185 131 346 0.92956
00026.jpg 720 245 54 124 0.92912
00026.jpg 720 238 49 138 0.92870
00026.jpg 485 303 118 228 0.92815
00026.jpg 158 288 104 248 0.92796
00026.jpg 312 257 98 274 0.92777
00026.jpg 170 301 91 232 0.92736
00026.jpg 155 291 117 240 0.92556
00026.jpg 167 303 92 236 0.92551
00026.jpg 161 295 96 240 0.92543
00026.jpg 316 278 93 254 0.92517
00026.jpg 315 259 98 275 0.92479
00026.jpg 379 180 116 359 0.92315
00026.jpg 776 239 42 135 0.92264
00026.jpg 505 311 101 222 0.92259
00026.jpg 771 242 50 133 0.91949
00026.jpg 314 267 89 264 0.91921
00026.jpg 775 241 43 137 0.91651
00026.jpg 489 305 118 223 0.91581
00026.jpg 720 238 51 137 0.91551
00026.jpg 774 243 45 133 0.91420
00026.jpg 505 300 98 236 0.91300
00026.jpg 162 293 108 236 0.91292
00026.jpg 381 197 110 336 0.91187
00026.jpg 774 243 43 128 0.91157
00026.jpg 470 296 145 239 0.91062
00026.jpg 160 298 108 228 0.91041
00026.jpg 160 297 107 229 0.90965
00026.jpg 313 274 89 256 0.90948
00026.jpg 313 271 94 259 0.90886
00026.jpg 771 244 49 129 0.90861
00026.jpg 855 241 75 181 0.90753
00026.jpg 718 242 55 126 0.90699
00026.jpg 459 267 88 257 0.90665
00026.jpg 160 290 108 243 0.90531
00026.jpg 776 243 43 133 0.90416
00026.jpg 146 291 95 225 0.90290
00026.jpg 503 306 105 229 0.90263
00026.jpg 170 296 97 225 0.90259
00026.jpg 380 190 106 349 0.90208
00026.jpg 144 290 68 222 0.90177
00026.jpg 0 276 31 207 0.90162
00026.jpg 770 242 50 130 0.90152
00026.jpg 153 290 107 240 0.90060
00026.jpg 316 261 98 274 0.90040
00026.jpg 168 294 97 235 0.90003
00026.jpg 304 264 108 262 0.89912
00026.jpg 483 296 121 243 0.89885
00026.jpg 462 273 80 246 0.89832
00026.jpg 722 239 51 134 0.89677
00026.jpg 378 186 119 353 0.89664
00026.jpg 157 288 111 247 0.89624
00026.jpg 858 246 69 176 0.89521
00026.jpg 859 240 70 191 0.89498
00026.jpg 176 294 86 243 0.89415
00026.jpg 490 308 111 215 0.89148
00026.jpg 314 264 92 269 0.89128
00026.jpg 310 266 97 270 0.88958
00026.jpg 3 284 29 179 0.88895
00026.jpg 768 244 51 129 0.88853
00026.jpg 380 197 112 337 0.88848
00026.jpg 162 299 102 232 0.88834
00026.jpg 372 199 122 332 0.88791
00026.jpg 467 271 79 261 0.88699
00026.jpg 154 298 118 234 0.88656
00026.jpg 376 195 114 344 0.88422
00026.jpg 156 277 66 252 0.88224
00026.jpg 152 289 110 239 0.88221
00026.jpg 169 297 101 230 0.88202
00026.jpg 860 244 69 186 0.87934
00026.jpg 147 290 72 226 0.87884
00026.jpg 718 242 52 135 0.87859
00026.jpg 149 289 77 233 0.87789
00026.jpg 770 243 45 129 0.87675
00026.jpg 376 208 117 323 0.87572
00026.jpg 0 274 35 205 0.87321
00026.jpg 721 236 53 134 0.87288
00026.jpg 720 239 54 128 0.87277
00026.jpg 722 244 44 125 0.87206
00026.jpg 462 274 83 255 0.87196
00026.jpg 374 178 126 361 0.87108
00026.jpg 464 270 90 252 0.87072
00026.jpg 151 290 119 236 0.86963
00026.jpg 492 301 116 234 0.86813
00026.jpg 154 293 106 232 0.86703
00026.jpg 162 281 107 258 0.86701
00026.jpg 856 240 74 191 0.86666
00026.jpg 864 243 67 178 0.86614
00026.jpg 308 276 95 254 0.86613
00026.jpg 469 288 150 242 0.86589
00026.jpg 772 241 46 131 0.86550
00026.jpg 378 186 112 353 0.86471
00026.jpg 487 304 120 230 0.86235
00026.jpg 775 240 44 129 0.86233
00026.jpg 466 280 77 246 0.86215
00026.jpg 482 296 128 238 0.86196
00026.jpg 495 302 108 232 0.86192
00026.jpg 157 293 66 211 0.85978
00026.jpg 370 181 111 349 0.85949
00026.jpg 725 236 50 138 0.85937
00026.jpg 720 241 50 127 0.85884
00026.jpg 462 272 86 243 0.85640
00026.jpg 359 187 140 338 0.85595
00026.jpg 172 288 92 245 0.85536
00026.jpg 4 283 28 180 0.85464
00026.jpg 774 241 41 137 0.85298
00026.jpg 863 244 66 179 0.85101
00026.jpg 311 274 95 254 0.85006
00026.jpg 476 289 117 242 0.84892
00026.jpg 367 180 133 329 0.84878
00026.jpg 717 237 52 141 0.84759
00026.jpg 770 240 43 131 0.84754
00026.jpg 719 243 51 130 0.84443
00026.jpg 766 241 54 136 0.84265
00026.jpg 773 246 43 136 0.84237
00026.jpg 167 300 98 235 0.84198
00026.jpg 458 277 85 242 0.84184
00026.jpg 313 268 101 262 0.84110
00026.jpg 483 288 128 244 0.83926
00026.jpg 1 274 30 205 0.83895
00026.jpg 316 266 86 266 0.83817
00026.jpg 861 240 66 188 0.83759
00026.jpg 315 272 94 262 0.83580
00026.jpg 314 267 88 264 0.83489
00026.jpg 315 275 91 259 0.83058
00026.jpg 496 295 107 244 0.83057
00026.jpg 720 240 47 130 0.83024
00026.jpg 768 242 54 137 0.82975
00026.jpg 773 244 47 127 0.82908
00026.jpg 169 293 95 238 0.82751
00026.jpg 4 275 30 214 0.82524
00026.jpg 769 242 52 127 0.82060
00026.jpg 466 285 115 246 0.81816
00026.jpg 379 207 117 327 0.81697
00026.jpg 372 202 135 326 0.81591
00026.jpg 147 290 116 245 0.81498
00026.jpg 154 299 77 216 0.81366
00026.jpg 858 246 71 181 0.81219
00026.jpg 473 300 140 233 0.81178
00026.jpg 770 246 47 129 0.81127
00026.jpg 151 287 103 249 0.80708
00026.jpg 318 271 83 259 0.80567
00026.jpg 374 207 123 330 0.80422
00026.jpg 465 301 140 236 0.80413
00026.jpg 724 243 51 127 0.80340
00026.jpg 178 289 43 91 0.80268
00026.jpg 773 244 48 129 0.80121
00026.jpg 314 269 100 269 0.80056
00026.jpg 476 293 121 245 0.80018
00026.jpg 857 243 72 185 0.79953
00026.jpg 459 273 90 257 0.79925
00026.jpg 722 239 44 136 0.79915
00026.jpg 859 249 70 175 0.79831
00026.jpg 486 291 118 241 0.79370
00026.jpg 460 294 139 240 0.79293
00026.jpg 157 293 78 238 0.78710
00026.jpg 383 196 103 343 0.78645
00026.jpg 1 275 32 195 0.78567
00026.jpg 475 292 116 235 0.78515
00026.jpg 2 265 31 239 0.78436
00026.jpg 501 307 102 232 0.78173
00026.jpg 774 242 48 130 0.78103
00026.jpg 155 290 65 229 0.77886
00026.jpg 755 239 60 134 0.77586
00026.jpg 184 307 81 211 0.77530
00026.jpg 485 294 128 245 0.77367
00026.jpg 728 239 47 134 0.77348
00026.jpg 498 309 112 225 0.77243
00026.jpg 141 284 128 255 0.77176
00026.jpg 169 303 98 219 0.77068
00026.jpg 469 281 74 233 0.76948
00026.jpg 156 291 83 216 0.76713
00026.jpg 146 288 116 251 0.76467
00026.jpg 4 285 32 203 0.76433
00026.jpg 317 262 94 273 0.76432
00026.jpg 170 306 94 217 0.76393
00026.jpg 376 206 113 326 0.76286
00026.jpg 468 283 141 247 0.76237
00026.jpg 767 248 52 129 0.75926
00026.jpg 167 294 100 238 0.75899
00026.jpg 718 241 57 138 0.75833
00026.jpg 310 268 104 268 0.75634
00026.jpg 478 304 130 235 0.75443
00026.jpg 4 284 24 190 0.75190
00026.jpg 468 281 79 236 0.75122
00026.jpg 726 235 51 138 0.74903
00026.jpg 719 247 50 123 0.74810
00026.jpg 347 198 134 341 0.74791
00026.jpg 463 292 149 239 0.74523
00026.jpg 464 278 80 239 0.74467
00026.jpg 493 293 118 241 0.74422
00026.jpg 465 270 72 245 0.74236
00026.jpg 1 282 31 201 0.74049
00026.jpg 494 306 116 219 0.73767
00026.jpg 767 246 51 125 0.73686
00026.jpg 777 246 41 127 0.73460
00026.jpg 140 291 71 227 0.73201
00026.jpg 173 287 40 102 0.73189
00026.jpg 718 238 50 134 0.73126
00026.jpg 861 244 69 182 0.73121
00026.jpg 339 193 168 334 0.73007
00026.jpg 718 241 56 118 0.72958
00026.jpg 465 281 77 227 0.72813
00026.jpg 769 253 45 115 0.72676
00026.jpg 337 180 152 352 0.72325
00026.jpg 154 287 108 252 0.72234
00026.jpg 142 281 114 252 0.71825
00026.jpg 0 279 34 192 0.71738
00026.jpg 138 292 83 230 0.71713
00026.jpg 314 274 86 259 0.71586
00026.jpg 157 285 99 245 0.71529
00026.jpg 144 283 93 256 0.71147
00026.jpg 483 296 124 240 0.71072
00026.jpg 176 290 45 90 0.71020
00026.jpg 722 238 50 128 0.70964
00026.jpg 473 292 131 247 0.70892
00026.jpg 467 282 95 239 0.70352
00026.jpg 459 271 76 247 0.70247
00026.jpg 4 276 30 196 0.69901
00026.jpg 491 294 116 235 0.69730
00026.jpg 780 244 40 131 0.69622
00026.jpg 384 200 104 339 0.69590
00026.jpg 319 228 114 311 0.69341
00026.jpg 859 242 72 187 0.69320
00026.jpg 313 276 81 240 0.69252
00026.jpg 458 297 158 242 0.69196
00026.jpg 461 276 77 239 0.69097
00026.jpg 307 275 105 219 0.68734
00026.jpg 355 190 168 324 0.68702
00026.jpg 181 290 42 78 0.68574
00026.jpg 457 267 83 265 0.68488
00026.jpg 858 241 70 190 0.68347
00026.jpg 723 238 45 137 0.68103
00026.jpg 314 243 124 291 0.68097
00026.jpg 719 236 57 128 0.67994
00026.jpg 313 285 94 248 0.67576
00026.jpg 316 274 88 251 0.67326
00026.jpg 2 281 28 166 0.67168
00026.jpg 312 271 81 255 0.67115
00026.jpg 930 326 29 92 0.66700
00026.jpg 508 306 100 220 0.66578
00026.jpg 305 272 108 259 0.66367
00026.jpg 854 245 70 173 0.66151
00026.jpg 718 242 45 130 0.66078
00026.jpg 771 247 44 133 0.66071
00026.jpg 466 271 120 264 0.65912
00026.jpg 164 298 103 236 0.65849
00026.jpg 720 239 42 142 0.65787
00026.jpg 361 221 120 307 0.65406
00026.jpg 723 241 42 118 0.65375
00026.jpg 428 278 150 261 0.65350
00026.jpg 721 241 59 125 0.65279
00026.jpg 148 287 62 241 0.64863
00026.jpg 2 275 30 210 0.64849
00026.jpg 461 282 137 257 0.63730
00026.jpg 457 285 94 209 0.63522
00026.jpg 763 237 55 142 0.63264
00026.jpg 5 278 32 196 0.63260
00026.jpg 460 278 87 230 0.63225
00026.jpg 143 293 66 228 0.63177
00026.jpg 861 251 67 185 0.63092
00026.jpg 307 273 110 252 0.62888
00026.jpg 476 288 130 239 0.62854
00026.jpg 313 263 102 268 0.62773
00026.jpg 337 190 128 335 0.62702
00026.jpg 322 218 201 297 0.62553
00026.jpg 725 245 44 102 0.62178
00026.jpg 2 284 31 149 0.61968
00026.jpg 766 245 49 133 0.61751
00026.jpg 466 279 92 224 0.61692
00026.jpg 502 312 101 209 0.61630
00026.jpg 345 191 151 341 0.61525
00026.jpg 726 246 46 112 0.61516
00026.jpg 469 276 111 247 0.61196
00026.jpg 768 240 52 136 0.60980
00026.jpg 146 287 52 231 0.60756
00026.jpg 780 242 42 127 0.60457
00026.jpg 170 290 84 238 0.60455
00026.jpg 147 297 56 200 0.60092
00026.jpg 863 245 68 178 0.60001
00026.jpg 779 244 43 132 0.59598
00026.jpg 444 286 162 248 0.59576
00026.jpg 485 303 123 224 0.59368
00026.jpg 360 260 35 45 0.58789
00026.jpg 379 194 115 332 0.58738
00026.jpg 305 203 192 336 0.58622
00026.jpg 373 193 130 346 0.58382
00026.jpg 929 326 30 89 0.58356
00026.jpg 363 261 31 40 0.58182
00026.jpg 719 241 51 86 0.58109
00026.jpg 177 286 48 103 0.58065
00026.jpg 148 286 116 245 0.57926
00026.jpg 301 259 104 259 0.57818
00026.jpg 7 283 25 167 0.57751
00026.jpg 168 289 43 132 0.57457
00026.jpg 859 249 65 180 0.57162
00026.jpg 147 287 58 228 0.57137
00026.jpg 782 240 38 128 0.57004
00026.jpg 857 245 71 182 0.56962
00026.jpg 455 283 145 248 0.56813
00026.jpg 1 263 30 225 0.56666
00026.jpg 932 326 27 99 0.56332
00026.jpg 150 292 50 234 0.56136
00026.jpg 395 208 122 331 0.55992
00026.jpg 143 288 67 241 0.55985
00026.jpg 859 248 73 165 0.55857
00026.jpg 171 288 48 116 0.55753
00026.jpg 415 232 142 302 0.55709
00026.jpg 717 238 54 136 0.55558
00026.jpg 312 273 100 254 0.55384
00026.jpg 756 242 62 136 0.55259
00026.jpg 152 295 49 224 0.54502
00026.jpg 724 235 51 141 0.54320
00026.jpg 777 240 41 129 0.54111
00026.jpg 929 319 30 89 0.53884
00026.jpg 176 292 41 81 0.53837
00026.jpg 764 243 56 116 0.53737
00026.jpg 341 198 217 332 0.53649
00026.jpg 475 303 148 228 0.53513
00026.jpg 459 273 107 256 0.53382
00026.jpg 179 287 36 82 0.53351
00026.jpg 143 301 63 212 0.53132
00026.jpg 142 286 63 236 0.53093
00026.jpg 310 282 114 237 0.52895
00026.jpg 176 290 50 73 0.52439
00026.jpg 178 290 44 99 0.52400
00026.jpg 360 259 33 40 0.52337
00026.jpg 384 192 100 347 0.51782
00026.jpg 458 268 88 231 0.51623
00026.jpg 453 287 133 235 0.51599
00026.jpg 727 243 47 128 0.51575
00026.jpg 169 295 54 76 0.51214
00026.jpg 717 241 48 136 0.51196
00026.jpg 460 270 82 233 0.50972
00026.jpg 315 276 99 247 0.50892
00026.jpg 927 326 32 85 0.50878
00026.jpg 724 239 60 142 0.50851
00026.jpg 763 235 57 135 0.50818
00026.jpg 930 316 29 103 0.50361
00026.jpg 721 242 47 70 0.49994
00026.jpg 140 295 115 242 0.49990
00026.jpg 454 258 77 275 0.49971
