00039.jpg 850 231 66 179 0.99961
00039.jpg 851 232 63 178 0.99880
00039.jpg 854 231 66 178 0.99868
00039.jpg 850 230 65 176 0.99831
00039.jpg 850 232 65 178 0.99831
00039.jpg 853 232 64 176 0.99812
00039.jpg 711 229 49 132 0.99805
00039.jpg 847 239 70 167 0.99779
00039.jpg 507 299 131 239 0.99725
00039.jpg 509 308 134 223 0.99709
00039.jpg 852 235 65 175 0.99662
00039.jpg 852 234 65 178 0.99629
00039.jpg 509 304 131 234 0.99610
00039.jpg 705 228 58 130 0.99594
00039.jpg 150 285 148 254 0.99563
00039.jpg 845 234 69 176 0.99531
00039.jpg 396 263 109 247 0.99490
00039.jpg 337 274 120 261 0.99475
00039.jpg 497 304 146 232 0.99467
00039.jpg 3 278 31 251 0.99341
00039.jpg 0 281 37 238 0.99334
00039.jpg 155 287 140 241 0.99310
00039.jpg 854 230 62 183 0.99308
00039.jpg 159 287 133 244 0.99273
00039.jpg 712 225 53 133 0.99183
00039.jpg 150 284 143 247 0.99178
00039.jpg 847 236 70 181 0.99177
00039.jpg 398 268 107 243 0.99140
00039.jpg 510 297 136 242 0.99131
00039.jpg 851 228 65 182 0.99119
00039.jpg 154 286 135 241 0.99053
00039.jpg 850 238 62 175 0.99035
00039.jpg 150 279 135 250 0.99018
00039.jpg 852 235 63 176 0.99018
00039.jpg 359 275 119 256 0.99003
00039.jpg 515 299 117 238 0.98998
00039.jpg 160 275 128 259 0.98986
00039.jpg 506 302 137 236 0.98931
00039.jpg 706 226 60 131 0.98910
00039.jpg 510 308 130 231 0.98903
00039.jpg 362 279 111 248 0.98838
00039.jpg 152 278 132 255 0.98821
00039.jpg 161 287 132 244 0.98776
00039.jpg 708 229 52 133 0.98739
00039.jpg 709 226 51 134 0.98732
00039.jpg 514 305 126 234 0.98730
00039.jpg 852 234 66 182 0.98675
00039.jpg 849 229 72 191 0.98650
00039.jpg 156 283 140 251 0.98574
00039.jpg 496 305 153 234 0.98532
00039.jpg 512 300 125 239 0.98528
00039.jpg 511 300 129 239 0.98494
00039.jpg 155 288 138 241 0.98457
00039.jpg 153 285 140 243 0.98451
00039.jpg 512 304 125 234 0.98445
00039.jpg 147 282 153 244 0.98369
00039.jpg 155 290 136 239 0.98360
00039.jpg 853 235 66 172 0.98348
00039.jpg 339 287 128 244 0.98306
00039.jpg 0 279 34 250 0.98209
00039.jpg 347 288 96 246 0.98182
00039.jpg 153 288 132 244 0.98131
00039.jpg 711 223 50 139 0.98088
00039.jpg 503 296 139 243 0.98086
00039.jpg 159 286 130 249 0.98038
00039.jpg 708 227 50 127 0.98013
00039.jpg 850 234 66 174 0.97985
00039.jpg 337 273 137 263 0.97961
00039.jpg 707 227 57 135 0.97927
00039.jpg 711 229 51 131 0.97917
00039.jpg 707 226 59 131 0.97863
00039.jpg 500 297 147 236 0.97757
00039.jpg 707 229 58 132 0.97721
00039.jpg 506 288 138 251 0.97688
00039.jpg 337 282 121 254 0.97615
00039.jpg 509 301 131 236 0.97569
00039.jpg 392 270 115 229 0.97550
00039.jpg 155 286 130 250 0.97471
00039.jpg 350 272 132 258 0.97467
00039.jpg 508 307 138 231 0.97448
00039.jpg 846 235 74 182 0.97434
00039.jpg 162 287 114 249 0.97415
00039.jpg 339 284 119 245 0.97352
00039.jpg 150 285 146 247 0.97331
00039.jpg 159 292 128 238 0.97331
00039.jpg 850 228 68 186 0.97312
00039.jpg 377 269 126 245 0.97171
00039.jpg 505 308 137 226 0.97153
00039.jpg 496 289 153 245 0.97111
00039.jpg 152 288 139 243 0.97097
00039.jpg 709 226 53 133 0.97019
00039.jpg 712 227 53 131 0.97014
00039.jpg 506 296 133 243 0.97000
00039.jpg 156 289 134 244 0.96929
00039.jpg 153 289 130 244 0.96924
00039.jpg 337 283 116 248 0.96848
00039.jpg 336 281 117 252 0.96848
00039.jpg 341 259 47 120 0.96780
00039.jpg 332 279 127 255 0.96650
00039.jpg 500 302 150 237 0.96647
00039.jpg 0 260 36 273 0.96646
00039.jpg 851 238 62 175 0.96626
00039.jpg 515 303 131 234 0.96620
00039.jpg 849 230 69 180 0.96505
00039.jpg 849 232 68 177 0.96390
00039.jpg 161 285 121 250 0.96299
00039.jpg 508 306 132 233 0.96241
00039.jpg 708 230 56 124 0.96221
00039.jpg 146 288 149 237 0.96204
00039.jpg 709 228 50 132 0.96185
00039.jpg 152 286 135 246 0.96069
00039.jpg 707 229 57 127 0.95977
00039.jpg 850 232 66 181 0.95940
00039.jpg 502 307 143 232 0.95895
00039.jpg 379 274 122 242 0.95870
00039.jpg 165 282 130 229 0.95823
00039.jpg 503 308 135 228 0.95789
00039.jpg 159 284 131 253 0.95761
00039.jpg 480 292 78 215 0.95754
00039.jpg 0 282 38 243 0.95693
00039.jpg 920 295 39 110 0.95630
00039.jpg 340 260 51 121 0.95624
00039.jpg 0 274 36 257 0.95526
00039.jpg 855 234 59 173 0.95440
00039.jpg 708 228 53 129 0.95428
00039.jpg 337 281 116 245 0.95382
00039.jpg 851 236 63 175 0.95374
00039.jpg 849 240 64 169 0.95371
00039.jpg 851 216 67 199 0.95320
00039.jpg 151 283 147 241 0.95267
00039.jpg 394 268 108 250 0.95254
00039.jpg 3 284 38 237 0.95249
00039.jpg 479 295 113 225 0.95164
00039.jpg 2 280 33 245 0.95092
00039.jpg 506 289 129 250 0.94933
00039.jpg 396 276 109 238 0.94927
00039.jpg 845 228 66 176 0.94920
00039.jpg 152 291 147 228 0.94919
00039.jpg 148 284 154 242 0.94883
00039.jpg 354 275 137 258 0.94862
00039.jpg 0 279 38 252 0.94832
00039.jpg 710 230 51 124 0.94790
00039.jpg 847 234 69 175 0.94766
00039.jpg 152 284 142 245 0.94763
00039.jpg 710 224 51 133 0.94739
00039.jpg 919 299 40 99 0.94716
00039.jpg 151 286 139 247 0.94607
00039.jpg 336 278 128 249 0.94606
00039.jpg 482 290 73 231 0.94595
00039.jpg 388 271 117 244 0.94529
00039.jpg 337 277 135 256 0.94396
00039.jpg 227 284 73 108 0.94394
00039.jpg 481 286 79 229 0.94371
00039.jpg 515 303 125 235 0.94307
00039.jpg 155 287 115 245 0.94259
00039.jpg 389 266 118 232 0.94219
00039.jpg 225 287 70 105 0.94155
00039.jpg 155 279 141 251 0.94147
00039.jpg 156 291 134 240 0.94116
00039.jpg 160 281 131 251 0.94051
00039.jpg 226 288 73 110 0.94050
00039.jpg 339 281 133 256 0.94040
00039.jpg 336 287 114 245 0.93998
00039.jpg 341 287 114 242 0.93917
00039.jpg 396 264 103 251 0.93781
00039.jpg 228 289 67 108 0.93776
00039.jpg 170 281 130 244 0.93678
00039.jpg 706 232 57 121 0.93657
00039.jpg 513 306 127 225 0.93653
00039.jpg 488 297 96 221 0.93627
00039.jpg 153 287 135 248 0.93592
00039.jpg 339 286 123 244 0.93518
00039.jpg 708 221 54 140 0.93514
00039.jpg 707 225 55 133 0.93501
00039.jpg 520 301 124 238 0.93465
00039.jpg 504 307 137 232 0.93442
00039.jpg 227 291 74 106 0.93386
00039.jpg 334 291 125 242 0.93323
00039.jpg 146 284 153 232 0.93221
00039.jpg 499 309 146 230 0.92966
00039.jpg 387 268 124 254 0.92771
00039.jpg 1 280 34 259 0.92739
00039.jpg 225 291 77 102 0.92706
00039.jpg 226 287 72 102 0.92622
00039.jpg 151 284 143 241 0.92577
00039.jpg 709 225 56 138 0.92528
00039.jpg 519 301 124 238 0.92333
00039.jpg 512 300 132 239 0.92333
00039.jpg 225 289 75 111 0.92261
00039.jpg 156 278 138 249 0.92245
00039.jpg 501 289 131 246 0.92202
00039.jpg 155 283 126 243 0.92143
00039.jpg 152 295 134 225 0.92033
00039.jpg 506 303 135 235 0.91993
00039.jpg 472 288 85 227 0.91961
00039.jpg 708 230 55 123 0.91956
00039.jpg 501 303 142 235 0.91954
00039.jpg 334 271 168 268 0.91884
00039.jpg 395 276 110 222 0.91730
00039.jpg 397 271 111 234 0.91726
00039.jpg 359 284 109 243 0.91711
00039.jpg 709 230 56 118 0.91668
00039.jpg 846 230 73 176 0.91540
00039.jpg 389 261 107 260 0.91508
00039.jpg 761 231 42 134 0.91481
00039.jpg 164 286 130 252 0.91364
00039.jpg 709 232 56 117 0.91284
00039.jpg 337 275 125 260 0.91226
00039.jpg 710 227 53 123 0.91121
00039.jpg 857 232 61 180 0.91031
00039.jpg 162 282 135 249 0.91003
00039.jpg 486 299 77 221 0.90997
00039.jpg 337 262 58 114 0.90866
00039.jpg 768 229 38 129 0.90727
00039.jpg 393 273 112 229 0.90684
00039.jpg 342 272 137 260 0.90665
00039.jpg 228 285 69 111 0.90355
00039.jpg 398 269 93 251 0.90272
00039.jpg 710 225 53 136 0.90255
00039.jpg 850 229 67 186 0.90081
00039.jpg 508 297 129 230 0.90078
00039.jpg 225 284 73 111 0.90074
00039.jpg 709 225 53 139 0.90005
00039.jpg 150 289 140 237 0.89974
00039.jpg 854 235 59 179 0.89960
00039.jpg 854 231 63 175 0.89889
00039.jpg 708 221 53 140 0.89841
00039.jpg 157 290 138 234 0.89809
00039.jpg 355 256 151 276 0.89797
00039.jpg 510 308 132 231 0.89752
00039.jpg 485 289 73 228 0.89688
00039.jpg 493 295 149 240 0.89369
00039.jpg 501 299 145 240 0.89065
00039.jpg 337 267 132 263 0.89048
00039.jpg 480 280 80 239 0.89023
00039.jpg 228 290 72 100 0.88835
00039.jpg 339 259 54 128 0.88764
00039.jpg 503 290 136 249 0.88652
00039.jpg 394 263 104 261 0.88642
00039.jpg 485 293 64 221 0.88624
00039.jpg 335 281 118 248 0.88611
00039.jpg 226 287 72 98 0.88219
00039.jpg 386 265 116 256 0.88003
00039.jpg 915 289 44 114 0.87925
00039.jpg 225 291 68 99 0.87842
00039.jpg 333 268 162 264 0.87819
00039.jpg 397 269 105 242 0.87740
00039.jpg 343 263 51 120 0.87452
00039.jpg 341 256 51 119 0.87415
00039.jpg 0 258 35 272 0.87414
00039.jpg 227 285 72 119 0.87399
00039.jpg 337 258 57 119 0.87280
00039.jpg 396 268 107 254 0.87263
00039.jpg 172 281 119 238 0.87246
00039.jpg 337 283 110 247 0.87246
00039.jpg 489 296 97 216 0.87211
00039.jpg 224 289 73 111 0.87078
00039.jpg 339 259 53 153 0.86868
00039.jpg 166 290 133 240 0.86639
00039.jpg 386 263 122 245 0.86626
00039.jpg 229 287 77 131 0.86624
00039.jpg 224 283 75 112 0.86606
00039.jpg 224 287 73 100 0.86565
00039.jpg 399 262 104 251 0.86399
00039.jpg 339 257 54 121 0.86159
00039.jpg 330 286 134 253 0.86107
00039.jpg 710 227 51 134 0.85888
00039.jpg 330 276 137 261 0.85761
00039.jpg 223 289 77 109 0.85742
00039.jpg 224 293 77 93 0.85647
00039.jpg 224 286 72 111 0.85338
00039.jpg 152 298 132 231 0.85261
00039.jpg 479 285 77 233 0.85200
00039.jpg 492 292 65 227 0.85167
00039.jpg 345 261 48 116 0.84941
00039.jpg 156 292 134 234 0.84788
00039.jpg 154 277 149 248 0.84663
00039.jpg 362 253 153 270 0.84537
00039.jpg 772 227 37 131 0.84496
00039.jpg 342 262 49 111 0.84163
00039.jpg 918 291 41 108 0.84140
00039.jpg 477 288 76 232 0.83845
00039.jpg 333 291 116 239 0.83783
00039.jpg 473 289 106 236 0.83699
00039.jpg 486 296 68 197 0.83623
00039.jpg 489 300 76 223 0.83529
00039.jpg 2 258 31 279 0.83488
00039.jpg 511 310 128 219 0.82816
00039.jpg 336 260 55 123 0.82799
00039.jpg 708 232 51 119 0.82777
00039.jpg 502 306 146 224 0.82722
00039.jpg 709 227 55 123 0.82669
00039.jpg 226 287 71 104 0.82653
00039.jpg 1 285 39 239 0.82605
00039.jpg 332 281 118 250 0.82524
00039.jpg 345 288 98 237 0.82390
00039.jpg 388 266 112 236 0.82254
00039.jpg 351 264 144 267 0.81853
00039.jpg 850 233 68 185 0.81662
00039.jpg 341 264 46 176 0.81601
00039.jpg 336 294 116 234 0.81487
00039.jpg 847 234 67 170 0.81384
00039.jpg 377 273 129 251 0.81270
00039.jpg 1 284 35 242 0.81076
00039.jpg 342 259 57 134 0.81042
00039.jpg 483 285 71 231 0.81024
00039.jpg 0 273 36 249 0.80975
00039.jpg 704 223 55 139 0.80720
00039.jpg 339 269 134 265 0.80707
00039.jpg 336 288 114 235 0.80685
00039.jpg 481 288 74 224 0.80587
00039.jpg 712 230 44 128 0.80586
00039.jpg 331 273 132 259 0.80575
00039.jpg 340 285 101 235 0.80557
00039.jpg 226 286 75 114 0.80547
00039.jpg 711 235 51 102 0.80511
00039.jpg 397 264 108 240 0.80406
00039.jpg 229 287 69 112 0.80290
00039.jpg 339 264 53 111 0.80163
00039.jpg 226 284 75 124 0.80160
00039.jpg 508 303 121 230 0.79974
00039.jpg 709 224 56 128 0.79972
00039.jpg 401 260 101 266 0.79939
00039.jpg 337 283 110 246 0.79912
00039.jpg 333 281 131 248 0.79884
00039.jpg 508 305 139 225 0.79839
00039.jpg 390 274 114 247 0.79824
00039.jpg 403 279 98 209 0.79810
00039.jpg 477 287 69 236 0.79521
00039.jpg 336 289 113 226 0.79430
00039.jpg 157 289 126 228 0.78522
00039.jpg 915 296 42 114 0.78487
00039.jpg 768 227 40 123 0.78132
00039.jpg 333 292 133 242 0.78082
00039.jpg 475 292 77 223 0.77971
00039.jpg 854 228 59 192 0.77919
00039.jpg 338 254 55 147 0.77908
00039.jpg 482 288 69 230 0.77727
00039.jpg 339 262 49 126 0.77665
00039.jpg 771 231 35 116 0.77420
00039.jpg 230 289 73 113 0.77234
00039.jpg 705 232 54 98 0.76893
00039.jpg 469 285 176 254 0.76716
00039.jpg 176 275 127 247 0.76647
00039.jpg 338 263 135 276 0.76050
00039.jpg 227 285 70 147 0.75569
00039.jpg 706 232 56 128 0.75499
00039.jpg 771 234 32 126 0.75454
00039.jpg 375 269 115 249 0.75372
00039.jpg 224 286 75 107 0.75089
00039.jpg 161 289 128 238 0.74955
00039.jpg 227 289 73 100 0.74830
00039.jpg 474 293 89 214 0.74757
00039.jpg 228 282 71 110 0.74726
00039.jpg 332 292 115 206 0.74627
00039.jpg 485 285 100 244 0.74429
00039.jpg 338 257 58 113 0.74381
00039.jpg 849 231 68 178 0.74379
00039.jpg 397 271 99 230 0.74358
00039.jpg 853 233 60 179 0.74325
00039.jpg 224 280 77 118 0.74240
00039.jpg 151 287 130 240 0.73881
00039.jpg 472 302 91 206 0.73866
00039.jpg 480 294 71 222 0.73853
00039.jpg 342 256 47 122 0.73816
00039.jpg 774 229 38 131 0.73682
00039.jpg 913 292 46 112 0.73555
00039.jpg 227 291 72 105 0.73529
00039.jpg 772 236 35 124 0.73475
00039.jpg 483 300 176 228 0.73473
00039.jpg 478 305 81 217 0.73418
00039.jpg 399 270 103 229 0.73326
00039.jpg 387 263 132 245 0.72968
00039.jpg 4 289 40 233 0.72714
00039.jpg 706 228 53 129 0.72478
00039.jpg 504 304 136 233 0.72320
00039.jpg 707 233 54 130 0.72273
00039.jpg 847 234 72 179 0.72248
00039.jpg 510 306 135 232 0.72152
00039.jpg 398 260 108 263 0.72044
00039.jpg 338 257 52 139 0.72041
00039.jpg 917 301 41 99 0.71703
00039.jpg 915 299 43 100 0.71620
00039.jpg 335 258 57 132 0.71378
00039.jpg 336 259 60 137 0.71272
00039.jpg 225 284 76 156 0.71216
00039.jpg 772 233 32 121 0.71142
00039.jpg 764 232 40 125 0.71120
00039.jpg 368 273 152 234 0.70968
00039.jpg 229 288 62 103 0.70766
00039.jpg 347 288 113 225 0.70635
00039.jpg 498 281 142 252 0.70395
00039.jpg 483 278 118 251 0.70345
00039.jpg 332 265 168 252 0.70274
00039.jpg 152 283 151 251 0.70019
00039.jpg 221 287 77 161 0.69980
00039.jpg 343 281 131 258 0.69801
00039.jpg 225 284 75 117 0.69574
00039.jpg 489 293 63 198 0.69452
00039.jpg 166 291 118 216 0.69420
00039.jpg 336 258 52 129 0.69418
00039.jpg 852 236 66 175 0.69251
00039.jpg 772 231 35 132 0.69124
00039.jpg 770 236 35 129 0.69085
00039.jpg 378 273 122 228 0.68941
00039.jpg 716 226 53 133 0.68174
00039.jpg 764 228 51 126 0.68147
00039.jpg 489 292 57 220 0.68023
00039.jpg 915 299 43 101 0.67813
00039.jpg 920 300 39 98 0.67665
00039.jpg 157 263 132 276 0.67621
00039.jpg 339 245 52 243 0.67604
00039.jpg 490 302 58 194 0.67498
00039.jpg 366 270 145 230 0.67489
00039.jpg 503 309 120 218 0.67472
00039.jpg 484 298 64 196 0.67426
00039.jpg 336 285 98 225 0.67337
00039.jpg 461 300 187 223 0.67248
00039.jpg 485 298 73 217 0.66993
00039.jpg 338 269 56 106 0.66880
00039.jpg 224 290 68 105 0.66736
00039.jpg 161 285 142 237 0.66602
00039.jpg 338 255 56 161 0.66492
00039.jpg 709 231 49 78 0.66479
00039.jpg 472 274 89 258 0.66054
00039.jpg 338 262 47 117 0.66050
00039.jpg 342 261 50 109 0.65934
00039.jpg 712 228 54 130 0.65892
00039.jpg 151 283 123 253 0.65649
00039.jpg 476 300 81 208 0.65563
00039.jpg 224 287 75 88 0.65556
00039.jpg 499 299 151 231 0.65490
00039.jpg 169 288 127 239 0.65450
00039.jpg 156 282 144 250 0.65384
00039.jpg 397 255 111 266 0.65132
00039.jpg 355 264 165 251 0.65110
00039.jpg 338 284 117 243 0.64858
00039.jpg 226 290 78 156 0.64616
00039.jpg 340 285 47 198 0.64512
00039.jpg 776 231 33 113 0.64499
00039.jpg 465 292 116 226 0.64462
00039.jpg 343 271 167 247 0.64399
00039.jpg 4 276 30 252 0.64250
00039.jpg 916 295 42 101 0.63934
00039.jpg 228 291 67 94 0.63271
00039.jpg 761 233 49 126 0.63031
00039.jpg 334 290 117 230 0.62907
00039.jpg 774 231 32 121 0.62871
00039.jpg 220 291 83 151 0.62867
00039.jpg 477 299 83 220 0.62476
00039.jpg 491 311 156 220 0.62331
00039.jpg 226 290 69 104 0.62256
00039.jpg 476 293 96 235 0.62131
00039.jpg 344 262 53 124 0.62097
00039.jpg 350 294 116 243 0.61898
00039.jpg 337 262 95 266 0.61889
00039.jpg 337 274 157 233 0.61859
00039.jpg 338 263 61 103 0.61755
00039.jpg 709 231 47 131 0.61667
00039.jpg 774 237 32 125 0.61247
00039.jpg 150 296 136 234 0.61081
00039.jpg 146 279 157 238 0.61022
00039.jpg 921 300 38 101 0.60918
00039.jpg 852 232 71 169 0.60897
00039.jpg 340 257 54 135 0.60777
00039.jpg 340 276 100 246 0.60731
00039.jpg 336 269 112 239 0.60602
00039.jpg 852 239 72 175 0.60490
00039.jpg 411 268 104 259 0.60434
00039.jpg 912 292 47 108 0.60278
00039.jpg 507 304 135 228 0.60164
00039.jpg 144 288 151 226 0.60142
00039.jpg 224 283 86 188 0.59863
00039.jpg 509 295 134 244 0.59780
00039.jpg 844 240 75 164 0.59696
00039.jpg 914 291 43 105 0.59623
00039.jpg 486 294 59 196 0.59424
00039.jpg 392 271 126 234 0.59421
00039.jpg 334 257 61 115 0.59412
00039.jpg 712 223 57 141 0.59378
00039.jpg 156 274 138 260 0.59289
00039.jpg 399 256 118 273 0.59277
00039.jpg 915 291 44 118 0.59244
00039.jpg 704 225 60 141 0.59109
00039.jpg 918 290 41 106 0.58916
00039.jpg 337 274 91 238 0.58771
00039.jpg 919 291 40 98 0.58623
00039.jpg 921 297 38 95 0.58571
00039.jpg 340 280 78 230 0.58458
00039.jpg 489 299 158 237 0.58406
00039.jpg 848 223 62 193 0.58371
00039.jpg 715 230 47 115 0.58322
00039.jpg 486 293 79 214 0.58191
00039.jpg 769 235 41 111 0.57724
00039.jpg 339 294 98 228 0.57612
00039.jpg 705 231 56 71 0.57487
00039.jpg 477 293 68 227 0.57284
00039.jpg 343 258 48 113 0.57136
00039.jpg 713 234 55 107 0.57114
00039.jpg 711 231 54 77 0.57037
00039.jpg 405 265 108 224 0.56739
00039.jpg 351 266 145 269 0.56672
00039.jpg 341 257 58 124 0.56628
00039.jpg 338 258 63 235 0.56626
00039.jpg 158 283 111 234 0.56544
00039.jpg 0 277 33 250 0.55709
00039.jpg 477 290 70 223 0.55642
00039.jpg 148 284 146 218 0.55627
00039.jpg 917 296 41 97 0.55610
00039.jpg 225 286 62 111 0.55557
00039.jpg 344 263 51 100 0.55511
00039.jpg 405 268 100 230 0.55335
00039.jpg 514 293 125 243 0.55178
00039.jpg 467 285 87 238 0.54973
00039.jpg 332 276 169 253 0.54923
00039.jpg 412 267 97 225 0.54783
00039.jpg 143 292 132 240 0.54720
00039.jpg 335 273 72 215 0.54662
00039.jpg 339 272 140 253 0.54593
00039.jpg 225 285 76 188 0.54577
00039.jpg 484 288 74 221 0.54470
00039.jpg 2 289 37 238 0.54091
00039.jpg 345 256 47 113 0.53924
00039.jpg 707 225 62 129 0.53908
00039.jpg 340 258 52 132 0.53880
00039.jpg 338 275 78 224 0.53781
00039.jpg 484 304 63 204 0.53724
00039.jpg 398 267 96 226 0.53575
00039.jpg 336 257 57 125 0.53520
00039.jpg 915 302 40 98 0.53461
00039.jpg 500 298 147 239 0.53217
00039.jpg 349 287 195 225 0.53042
00039.jpg 154 300 174 207 0.52976
00039.jpg 223 291 69 96 0.52846
00039.jpg 763 224 49 136 0.52664
00039.jpg 332 279 187 248 0.52407
00039.jpg 468 297 78 219 0.52333
00039.jpg 486 294 63 191 0.52287
00039.jpg 489 300 57 142 0.52048
00039.jpg 228 286 69 101 0.51877
00039.jpg 340 254 66 178 0.51825
00039.jpg 350 284 143 250 0.51734
00039.jpg 848 239 65 168 0.51713
00039.jpg 227 284 66 127 0.51514
00039.jpg 213 279 91 209 0.51492
00039.jpg 1 286 47 238 0.51436
00039.jpg 470 300 161 230 0.51367
00039.jpg 217 279 79 163 0.51223
00039.jpg 763 234 46 116 0.50927
00039.jpg 382 271 150 213 0.50911
00039.jpg 404 268 90 207 0.50840
00039.jpg 851 231 69 179 0.50154
00039.jpg 757 235 54 128 0.50082
