00037.jpg 858 232 64 187 0.99915
00037.jpg 857 235 68 186 0.99865
00037.jpg 859 236 63 184 0.99844
00037.jpg 713 229 55 132 0.99796
00037.jpg 721 230 54 131 0.99796
00037.jpg 498 307 139 230 0.99793
00037.jpg 858 237 65 182 0.99793
00037.jpg 508 307 135 227 0.99787
00037.jpg 855 235 69 183 0.99780
00037.jpg 855 239 68 175 0.99773
00037.jpg 852 239 68 175 0.99760
00037.jpg 156 292 142 241 0.99749
00037.jpg 856 234 63 186 0.99746
00037.jpg 508 315 127 224 0.99702
00037.jpg 156 293 142 233 0.99691
00037.jpg 160 294 139 227 0.99674
00037.jpg 160 285 136 249 0.99656
00037.jpg 719 232 51 131 0.99645
00037.jpg 857 239 64 172 0.99593
00037.jpg 0 285 43 247 0.99572
00037.jpg 497 305 141 234 0.99570
00037.jpg 509 312 131 227 0.99563
00037.jpg 859 236 65 182 0.99549
00037.jpg 856 234 66 182 0.99547
00037.jpg 501 310 142 227 0.99537
00037.jpg 854 240 70 180 0.99516
00037.jpg 502 315 126 222 0.99513
00037.jpg 857 236 64 184 0.99495
00037.jpg 157 288 144 241 0.99480
00037.jpg 503 304 138 230 0.99391
00037.jpg 854 231 66 183 0.99387
00037.jpg 508 313 131 226 0.99337
00037.jpg 162 291 137 232 0.99297
00037.jpg 851 236 77 180 0.99292
00037.jpg 162 284 134 231 0.99237
00037.jpg 718 228 52 136 0.99233
00037.jpg 857 240 68 178 0.99231
00037.jpg 156 285 142 242 0.99225
00037.jpg 155 285 147 250 0.99205
00037.jpg 852 241 70 175 0.99203
00037.jpg 853 238 74 184 0.99169
00037.jpg 719 230 50 135 0.99135
00037.jpg 857 237 64 178 0.99134
00037.jpg 159 292 142 239 0.99101
00037.jpg 159 299 142 232 0.99095
00037.jpg 858 227 62 196 0.99054
00037.jpg 513 311 131 224 0.99007
00037.jpg 347 268 132 261 0.98997
00037.jpg 714 227 58 134 0.98988
00037.jpg 157 294 146 241 0.98949
00037.jpg 152 293 151 236 0.98928
00037.jpg 162 288 135 243 0.98889
00037.jpg 502 319 139 218 0.98860
00037.jpg 0 291 43 238 0.98813
00037.jpg 347 267 130 270 0.98813
00037.jpg 854 233 59 179 0.98771
00037.jpg 774 235 40 132 0.98768
00037.jpg 342 259 130 280 0.98744
00037.jpg 857 238 67 186 0.98705
00037.jpg 1 287 43 250 0.98695
00037.jpg 160 292 139 244 0.98653
00037.jpg 161 282 134 245 0.98623
00037.jpg 720 233 52 131 0.98596
00037.jpg 502 307 132 232 0.98577
00037.jpg 155 297 143 233 0.98567
00037.jpg 857 244 62 174 0.98547
00037.jpg 346 267 122 271 0.98547
00037.jpg 501 311 142 225 0.98512
00037.jpg 855 245 62 175 0.98499
00037.jpg 161 296 140 234 0.98493
00037.jpg 857 239 70 178 0.98475
00037.jpg 719 230 51 134 0.98454
00037.jpg 505 312 131 222 0.98431
00037.jpg 156 291 151 235 0.98402
00037.jpg 508 309 136 229 0.98356
00037.jpg 719 231 53 134 0.98280
00037.jpg 714 233 57 133 0.98275
00037.jpg 160 290 138 241 0.98266
00037.jpg 160 299 140 229 0.98250
00037.jpg 849 235 77 185 0.98214
00037.jpg 349 272 118 259 0.98214
00037.jpg 855 243 66 169 0.98209
00037.jpg 715 231 58 130 0.98191
00037.jpg 857 227 64 197 0.98117
00037.jpg 858 234 61 180 0.98074
00037.jpg 352 274 113 261 0.98054
00037.jpg 0 279 41 251 0.98008
00037.jpg 347 265 121 273 0.97949
00037.jpg 155 295 143 234 0.97942
00037.jpg 342 269 136 260 0.97935
00037.jpg 165 294 130 232 0.97881
00037.jpg 0 279 40 252 0.97863
00037.jpg 498 310 142 228 0.97856
00037.jpg 717 233 54 127 0.97793
00037.jpg 502 310 146 227 0.97776
00037.jpg 159 294 138 237 0.97763
00037.jpg 498 306 140 230 0.97757
00037.jpg 717 236 57 124 0.97739
00037.jpg 155 288 146 241 0.97681
00037.jpg 719 225 53 140 0.97634
00037.jpg 163 294 139 243 0.97610
00037.jpg 503 310 141 224 0.97600
00037.jpg 157 292 144 233 0.97588
00037.jpg 515 312 120 227 0.97562
00037.jpg 153 286 148 237 0.97473
00037.jpg 155 293 144 231 0.97449
00037.jpg 500 302 136 237 0.97409
00037.jpg 858 237 65 186 0.97404
00037.jpg 156 286 141 247 0.97302
00037.jpg 517 306 116 233 0.97271
00037.jpg 502 303 139 236 0.97252
00037.jpg 506 301 140 238 0.97213
00037.jpg 774 233 42 128 0.97208
00037.jpg 156 293 148 229 0.97197
00037.jpg 502 308 144 231 0.97159
00037.jpg 500 305 144 231 0.97149
00037.jpg 858 240 62 179 0.97130
00037.jpg 853 239 71 179 0.97110
00037.jpg 162 296 134 238 0.97109
00037.jpg 854 229 71 193 0.97089
00037.jpg 346 265 134 272 0.97078
00037.jpg 512 311 126 228 0.96979
00037.jpg 0 278 41 253 0.96922
00037.jpg 158 301 139 228 0.96868
00037.jpg 768 231 50 132 0.96853
00037.jpg 343 266 130 260 0.96844
00037.jpg 716 230 56 132 0.96840
00037.jpg 502 311 140 222 0.96713
00037.jpg 506 303 137 233 0.96617
00037.jpg 499 310 146 227 0.96613
00037.jpg 717 232 54 121 0.96382
00037.jpg 493 303 144 229 0.96338
00037.jpg 490 286 155 253 0.96333
00037.jpg 343 265 128 267 0.96253
00037.jpg 156 292 143 235 0.96208
00037.jpg 853 237 70 178 0.96169
00037.jpg 502 310 137 229 0.96142
00037.jpg 161 299 134 231 0.96102
00037.jpg 344 267 131 265 0.96066
00037.jpg 717 224 55 141 0.96037
00037.jpg 348 269 129 264 0.96025
00037.jpg 348 266 122 273 0.95997
00037.jpg 719 231 53 132 0.95985
00037.jpg 501 309 151 230 0.95893
00037.jpg 515 308 126 231 0.95767
00037.jpg 717 230 55 132 0.95761
00037.jpg 486 301 157 234 0.95651
00037.jpg 720 232 53 130 0.95620
00037.jpg 161 286 141 244 0.95619
00037.jpg 504 313 138 223 0.95468
00037.jpg 714 229 55 131 0.95342
00037.jpg 348 270 142 250 0.95300
00037.jpg 775 237 37 126 0.95295
00037.jpg 346 268 136 259 0.95226
00037.jpg 343 267 135 271 0.95220
00037.jpg 343 270 150 255 0.95102
00037.jpg 857 238 61 178 0.95088
00037.jpg 349 256 124 274 0.95079
00037.jpg 512 315 129 223 0.94906
00037.jpg 0 293 44 241 0.94869
00037.jpg 0 289 43 244 0.94823
00037.jpg 160 286 132 241 0.94768
00037.jpg 494 309 144 227 0.94763
00037.jpg 503 315 141 222 0.94751
00037.jpg 157 294 137 232 0.94579
00037.jpg 159 292 141 238 0.94508
00037.jpg 0 283 42 253 0.94340
00037.jpg 350 262 146 268 0.94210
00037.jpg 341 263 147 272 0.94196
00037.jpg 357 270 112 256 0.94142
00037.jpg 771 234 47 129 0.94106
00037.jpg 717 232 55 127 0.94055
00037.jpg 720 231 49 129 0.93764
00037.jpg 501 310 146 226 0.93748
00037.jpg 722 232 51 129 0.93711
00037.jpg 343 261 149 278 0.93568
00037.jpg 152 295 153 231 0.93492
00037.jpg 507 316 130 220 0.93408
00037.jpg 340 263 129 274 0.93401
00037.jpg 344 268 126 263 0.93396
00037.jpg 719 224 48 140 0.93393
00037.jpg 162 293 123 242 0.93345
00037.jpg 347 265 118 269 0.93302
00037.jpg 349 263 124 273 0.93275
00037.jpg 773 234 45 127 0.93139
00037.jpg 411 265 107 247 0.92951
00037.jpg 717 232 50 131 0.92917
00037.jpg 0 292 41 243 0.92885
00037.jpg 159 285 135 245 0.92655
00037.jpg 500 312 144 227 0.92593
00037.jpg 0 288 40 241 0.92478
00037.jpg 155 290 141 239 0.92199
00037.jpg 161 292 120 241 0.91992
00037.jpg 343 261 136 275 0.91965
00037.jpg 496 291 151 248 0.91937
00037.jpg 506 309 127 230 0.91818
00037.jpg 344 264 122 275 0.91610
00037.jpg 717 226 49 138 0.91517
00037.jpg 406 273 102 231 0.91406
00037.jpg 340 262 122 277 0.91368
00037.jpg 448 278 97 249 0.91253
00037.jpg 453 278 94 251 0.91253
00037.jpg 362 255 108 284 0.91070
00037.jpg 344 259 136 280 0.90746
00037.jpg 720 230 52 130 0.90718
00037.jpg 350 267 140 269 0.90365
00037.jpg 461 280 93 233 0.89931
00037.jpg 481 304 162 228 0.89724
00037.jpg 350 273 134 255 0.89547
00037.jpg 855 233 67 180 0.89264
00037.jpg 857 237 63 177 0.89109
00037.jpg 387 274 122 242 0.88939
00037.jpg 858 239 66 182 0.88861
00037.jpg 772 234 42 133 0.88741
00037.jpg 766 231 50 135 0.88600
00037.jpg 712 230 58 122 0.88453
00037.jpg 354 268 110 266 0.88287
00037.jpg 772 235 40 127 0.87901
00037.jpg 719 232 48 119 0.87815
00037.jpg 717 228 54 135 0.87809
00037.jpg 771 238 40 126 0.87640
00037.jpg 4 287 37 240 0.87637
00037.jpg 339 266 134 271 0.87622
00037.jpg 770 233 47 130 0.87566
00037.jpg 409 270 101 239 0.87546
00037.jpg 928 318 31 85 0.87514
00037.jpg 153 294 135 233 0.87215
00037.jpg 344 254 132 285 0.86945
00037.jpg 476 292 132 241 0.86878
00037.jpg 504 309 130 223 0.86863
00037.jpg 776 239 38 124 0.86810
00037.jpg 717 229 50 119 0.86785
00037.jpg 716 232 54 122 0.86705
00037.jpg 777 235 38 125 0.86646
00037.jpg 768 234 48 126 0.86255
00037.jpg 927 309 32 93 0.86230
00037.jpg 161 295 143 232 0.85959
00037.jpg 454 300 145 221 0.85940
00037.jpg 500 310 135 228 0.85832
00037.jpg 345 272 148 254 0.85642
00037.jpg 347 263 114 273 0.85443
00037.jpg 718 227 55 139 0.85100
00037.jpg 776 241 37 128 0.84855
00037.jpg 0 277 42 260 0.84790
00037.jpg 347 282 138 253 0.84744
00037.jpg 857 236 69 188 0.84583
00037.jpg 355 256 114 281 0.84431
00037.jpg 853 235 73 186 0.84139
00037.jpg 716 232 51 126 0.83979
00037.jpg 452 285 95 238 0.83637
00037.jpg 715 229 54 125 0.83519
00037.jpg 714 223 56 139 0.83494
00037.jpg 767 236 47 128 0.83492
00037.jpg 344 257 123 277 0.83452
00037.jpg 462 283 91 238 0.83436
00037.jpg 719 229 57 129 0.83431
00037.jpg 858 240 63 175 0.83418
00037.jpg 343 270 117 269 0.83180
00037.jpg 156 293 144 240 0.83121
00037.jpg 152 294 147 233 0.83071
00037.jpg 717 219 54 151 0.83066
00037.jpg 719 235 49 88 0.82899
00037.jpg 925 305 33 102 0.82863
00037.jpg 928 312 31 94 0.82680
00037.jpg 478 306 126 219 0.82594
00037.jpg 714 235 57 84 0.82590
00037.jpg 459 273 93 243 0.82554
00037.jpg 502 315 140 223 0.82503
00037.jpg 456 284 93 231 0.82422
00037.jpg 344 270 133 261 0.82302
00037.jpg 857 233 67 187 0.82252
00037.jpg 346 272 131 262 0.81882
00037.jpg 155 281 146 241 0.81858
00037.jpg 506 312 133 227 0.81796
00037.jpg 511 302 127 228 0.81679
00037.jpg 477 316 180 214 0.81609
00037.jpg 425 277 110 238 0.81382
00037.jpg 774 233 42 126 0.81376
00037.jpg 771 243 42 114 0.81297
00037.jpg 858 233 68 185 0.81244
00037.jpg 853 235 72 180 0.80810
00037.jpg 777 237 39 131 0.80797
00037.jpg 776 240 38 119 0.80616
00037.jpg 410 275 99 247 0.80397
00037.jpg 2 286 42 247 0.80290
00037.jpg 413 279 104 245 0.80168
00037.jpg 718 230 57 124 0.80075
00037.jpg 721 236 52 99 0.80047
00037.jpg 162 293 139 232 0.80005
00037.jpg 1 283 48 242 0.79677
00037.jpg 358 263 138 264 0.79623
00037.jpg 456 279 97 232 0.79548
00037.jpg 927 315 32 99 0.79503
00037.jpg 466 282 73 237 0.79294
00037.jpg 856 232 67 184 0.79168
00037.jpg 504 309 135 226 0.79086
00037.jpg 777 234 41 123 0.79052
00037.jpg 466 280 73 245 0.78926
00037.jpg 719 233 54 124 0.78655
00037.jpg 147 288 154 238 0.78499
00037.jpg 777 241 34 123 0.78388
00037.jpg 773 234 40 123 0.78347
00037.jpg 348 274 149 256 0.78328
00037.jpg 719 233 47 125 0.78168
00037.jpg 430 276 137 252 0.78118
00037.jpg 483 291 148 245 0.78104
00037.jpg 488 312 146 223 0.78101
00037.jpg 348 266 116 260 0.78036
00037.jpg 390 274 109 249 0.77632
00037.jpg 855 241 66 174 0.77438
00037.jpg 769 239 47 118 0.77346
00037.jpg 159 295 146 233 0.77285
00037.jpg 347 263 113 265 0.77192
00037.jpg 461 275 92 240 0.77089
00037.jpg 348 271 135 254 0.77020
00037.jpg 925 306 34 104 0.76528
00037.jpg 495 306 143 233 0.76338
00037.jpg 772 235 45 117 0.75964
00037.jpg 344 268 120 248 0.75815
00037.jpg 467 302 110 223 0.75794
00037.jpg 777 241 38 121 0.75790
00037.jpg 341 262 153 273 0.75340
00037.jpg 501 299 143 240 0.75185
00037.jpg 772 245 41 119 0.75112
00037.jpg 442 279 104 243 0.75080
00037.jpg 858 239 64 177 0.74944
00037.jpg 424 273 93 243 0.74827
00037.jpg 772 236 47 126 0.74758
00037.jpg 469 287 82 234 0.74734
00037.jpg 718 229 57 123 0.74595
00037.jpg 367 261 119 269 0.74348
00037.jpg 365 269 163 261 0.73976
00037.jpg 927 315 30 94 0.73803
00037.jpg 153 293 155 219 0.73685
00037.jpg 156 282 147 249 0.73565
00037.jpg 152 283 153 238 0.73548
00037.jpg 717 229 59 118 0.73174
00037.jpg 349 265 152 266 0.73072
00037.jpg 399 279 164 246 0.72970
00037.jpg 347 251 118 288 0.72909
00037.jpg 418 286 150 227 0.72826
00037.jpg 508 306 124 227 0.72815
00037.jpg 357 269 133 262 0.72683
00037.jpg 717 231 56 127 0.72535
00037.jpg 344 255 127 284 0.72533
00037.jpg 925 313 34 97 0.72397
00037.jpg 411 281 141 235 0.72302
00037.jpg 467 290 79 233 0.72292
00037.jpg 778 244 38 122 0.72215
00037.jpg 776 243 39 117 0.72199
00037.jpg 434 281 85 231 0.72112
00037.jpg 1 291 52 236 0.71932
00037.jpg 499 305 153 211 0.71616
00037.jpg 767 234 51 131 0.71304
00037.jpg 925 313 34 101 0.71006
00037.jpg 421 282 92 221 0.70992
00037.jpg 423 275 71 245 0.70824
00037.jpg 4 288 37 247 0.70789
00037.jpg 489 308 157 216 0.70595
00037.jpg 507 317 136 217 0.70547
00037.jpg 776 235 40 124 0.70526
00037.jpg 339 262 145 275 0.70347
00037.jpg 778 236 36 124 0.70178
00037.jpg 926 314 32 95 0.69724
00037.jpg 468 282 110 244 0.69615
00037.jpg 419 285 115 239 0.69428
00037.jpg 766 243 48 110 0.69427
00037.jpg 344 269 120 263 0.69208
00037.jpg 338 276 139 263 0.69015
00037.jpg 446 277 84 247 0.68972
00037.jpg 771 235 45 133 0.68827
00037.jpg 353 270 115 251 0.68817
00037.jpg 715 228 54 142 0.68677
00037.jpg 930 311 29 93 0.68605
00037.jpg 769 231 51 128 0.68223
00037.jpg 422 276 87 247 0.68193
00037.jpg 856 236 67 180 0.67889
00037.jpg 2 291 40 224 0.67374
00037.jpg 159 292 139 236 0.67153
00037.jpg 418 279 80 232 0.67142
00037.jpg 415 281 105 238 0.67096
00037.jpg 418 279 93 225 0.66489
00037.jpg 153 290 145 234 0.66409
00037.jpg 925 312 34 87 0.66372
00037.jpg 413 270 103 250 0.66303
00037.jpg 336 266 157 268 0.66261
00037.jpg 424 282 106 214 0.66076
00037.jpg 767 241 49 126 0.65731
00037.jpg 450 296 170 234 0.65523
00037.jpg 459 290 97 232 0.65118
00037.jpg 765 239 54 130 0.64923
00037.jpg 329 269 179 251 0.64851
00037.jpg 455 278 78 236 0.64618
00037.jpg 457 283 101 240 0.64591
00037.jpg 434 275 113 250 0.63401
00037.jpg 0 282 37 256 0.63297
00037.jpg 854 236 64 178 0.62979
00037.jpg 467 287 92 231 0.62752
00037.jpg 352 265 114 250 0.62648
00037.jpg 335 267 125 266 0.62281
00037.jpg 409 270 108 244 0.61457
00037.jpg 415 278 91 217 0.61210
00037.jpg 855 233 69 189 0.61073
00037.jpg 413 276 89 245 0.60793
00037.jpg 339 266 121 266 0.60695
00037.jpg 766 240 44 121 0.60663
00037.jpg 781 237 36 129 0.60490
00037.jpg 717 228 50 142 0.60100
00037.jpg 458 294 97 223 0.59984
00037.jpg 467 302 195 229 0.59927
00037.jpg 779 237 36 124 0.59547
00037.jpg 389 276 158 243 0.59329
00037.jpg 716 234 52 129 0.59197
00037.jpg 468 279 80 242 0.59123
00037.jpg 399 285 156 236 0.58840
00037.jpg 501 299 138 240 0.58371
00037.jpg 168 298 130 226 0.58323
00037.jpg 348 263 44 119 0.58319
00037.jpg 471 284 74 238 0.58188
00037.jpg 411 290 182 231 0.57966
00037.jpg 341 276 146 259 0.57858
00037.jpg 497 309 136 226 0.57766
00037.jpg 378 285 173 226 0.57673
00037.jpg 778 238 41 111 0.57600
00037.jpg 162 291 144 243 0.57583
00037.jpg 417 273 109 236 0.57534
00037.jpg 770 246 40 120 0.57532
00037.jpg 779 237 39 131 0.57518
00037.jpg 856 236 64 183 0.57394
00037.jpg 360 257 34 50 0.57126
00037.jpg 456 285 67 237 0.56952
00037.jpg 718 228 53 90 0.56708
00037.jpg 401 278 165 247 0.56443
00037.jpg 498 314 147 214 0.56342
00037.jpg 715 233 57 57 0.56327
00037.jpg 720 235 45 85 0.56271
00037.jpg 0 281 47 254 0.56209
00037.jpg 346 262 51 216 0.56090
00037.jpg 778 235 37 122 0.55868
00037.jpg 443 282 114 227 0.55809
00037.jpg 520 316 124 222 0.55691
00037.jpg 4 287 40 243 0.55199
00037.jpg 469 290 82 219 0.55014
00037.jpg 718 229 61 126 0.54990
00037.jpg 416 286 135 237 0.54848
00037.jpg 236 301 30 47 0.54837
00037.jpg 430 268 130 258 0.54799
00037.jpg 355 262 154 255 0.54471
00037.jpg 715 234 56 46 0.54471
00037.jpg 156 291 137 237 0.54443
00037.jpg 926 314 33 88 0.54125
00037.jpg 927 306 32 93 0.54121
00037.jpg 775 232 41 118 0.54045
00037.jpg 719 231 48 62 0.54028
00037.jpg 854 230 72 195 0.53982
00037.jpg 151 289 150 235 0.53899
00037.jpg 426 286 142 241 0.53874
00037.jpg 928 301 31 106 0.53745
00037.jpg 338 264 127 258 0.53562
00037.jpg 162 283 142 247 0.53406
00037.jpg 354 258 43 101 0.53275
00037.jpg 769 235 47 126 0.53102
00037.jpg 349 262 42 110 0.53071
00037.jpg 1 295 41 230 0.52840
00037.jpg 929 319 30 95 0.52782
00037.jpg 762 240 53 133 0.52724
00037.jpg 716 239 55 122 0.52599
00037.jpg 159 282 153 238 0.52438
00037.jpg 363 258 145 263 0.52299
00037.jpg 354 254 38 99 0.52237
00037.jpg 483 296 62 191 0.52134
00037.jpg 435 293 118 230 0.52079
00037.jpg 723 227 50 114 0.51980
00037.jpg 410 283 109 213 0.51867
00037.jpg 722 236 49 99 0.51767
00037.jpg 767 237 50 110 0.51732
00037.jpg 925 310 31 97 0.51607
00037.jpg 923 312 36 103 0.51542
00037.jpg 926 312 32 91 0.51392
00037.jpg 412 276 97 227 0.51237
00037.jpg 343 261 104 267 0.51021
00037.jpg 403 285 159 216 0.50981
00037.jpg 6 283 39 250 0.50790
00037.jpg 329 270 191 245 0.50720
00037.jpg 0 304 39 226 0.50613
00037.jpg 347 260 46 156 0.50587
00037.jpg 165 300 120 236 0.50531
00037.jpg 348 269 92 247 0.50509
00037.jpg 1 284 43 253 0.50184
00037.jpg 0 293 41 230 0.50072
00037.jpg 420 283 127 243 0.49924
