00008.jpg 357 2 148 195 0.99985
00008.jpg 362 0 141 203 0.99974
00008.jpg 360 3 143 193 0.99952
00008.jpg 357 2 147 196 0.99940
00008.jpg 358 1 146 195 0.99933
00008.jpg 357 0 148 195 0.99926
00008.jpg 359 0 141 197 0.99910
00008.jpg 358 3 148 195 0.99898
00008.jpg 362 0 137 196 0.99864
00008.jpg 367 6 132 190 0.99855
00008.jpg 357 2 146 192 0.99853
00008.jpg 398 242 165 258 0.99835
00008.jpg 402 240 158 251 0.99832
00008.jpg 359 6 145 186 0.99807
00008.jpg 360 2 145 190 0.99802
00008.jpg 405 236 159 267 0.99795
00008.jpg 357 2 144 194 0.99789
00008.jpg 358 0 146 195 0.99772
00008.jpg 359 2 149 191 0.99770
00008.jpg 401 229 167 281 0.99693
00008.jpg 360 0 145 201 0.99689
00008.jpg 363 2 134 198 0.99683
00008.jpg 363 0 136 201 0.99678
00008.jpg 404 239 170 257 0.99666
00008.jpg 401 242 166 263 0.99639
00008.jpg 410 237 149 273 0.99616
00008.jpg 402 235 161 266 0.99592
00008.jpg 410 242 152 254 0.99587
00008.jpg 401 234 160 270 0.99572
00008.jpg 404 233 158 273 0.99531
00008.jpg 403 240 164 253 0.99495
00008.jpg 395 243 166 258 0.99455
00008.jpg 358 2 149 197 0.99452
00008.jpg 356 5 152 191 0.99423
00008.jpg 362 2 145 194 0.99395
00008.jpg 401 235 163 267 0.99352
00008.jpg 411 245 146 241 0.99340
00008.jpg 358 1 149 193 0.99322
00008.jpg 401 238 165 258 0.99294
00008.jpg 362 0 144 202 0.99291
00008.jpg 359 0 147 196 0.99285
00008.jpg 399 236 163 258 0.99268
00008.jpg 403 243 163 247 0.99266
00008.jpg 397 242 170 257 0.99252
00008.jpg 357 0 147 188 0.99204
00008.jpg 354 0 150 201 0.99192
00008.jpg 359 3 147 198 0.99185
00008.jpg 406 242 151 256 0.99180
00008.jpg 405 238 160 253 0.99179
00008.jpg 399 237 165 270 0.99138
00008.jpg 405 235 158 266 0.99116
00008.jpg 399 233 169 279 0.99067
00008.jpg 400 238 157 263 0.99062
00008.jpg 396 241 165 260 0.99044
00008.jpg 401 237 165 269 0.99036
00008.jpg 358 0 144 198 0.99029
00008.jpg 356 0 143 202 0.99011
00008.jpg 399 241 165 255 0.99001
00008.jpg 363 2 139 194 0.98995
00008.jpg 355 0 145 204 0.98943
00008.jpg 401 227 155 283 0.98893
00008.jpg 715 424 25 62 0.98886
00008.jpg 410 241 150 256 0.98865
00008.jpg 364 0 135 199 0.98862
00008.jpg 407 239 153 255 0.98854
00008.jpg 405 235 159 263 0.98796
00008.jpg 407 239 157 254 0.98796
00008.jpg 400 243 164 259 0.98647
00008.jpg 400 235 169 271 0.98610
00008.jpg 407 237 155 254 0.98594
00008.jpg 403 230 163 266 0.98569
00008.jpg 410 246 159 258 0.98376
00008.jpg 404 240 163 264 0.98362
00008.jpg 400 243 169 249 0.98069
00008.jpg 398 241 164 265 0.98019
00008.jpg 406 237 163 271 0.97883
00008.jpg 397 219 165 289 0.97849
00008.jpg 399 236 153 271 0.97843
00008.jpg 361 2 136 197 0.97831
00008.jpg 359 0 144 199 0.97686
00008.jpg 364 3 141 190 0.97599
00008.jpg 399 235 164 273 0.97589
00008.jpg 355 4 153 192 0.97544
00008.jpg 361 0 144 202 0.97143
00008.jpg 355 1 152 198 0.96967
00008.jpg 358 4 155 196 0.96922
00008.jpg 401 240 160 269 0.96863
00008.jpg 360 4 146 190 0.96853
00008.jpg 402 242 164 260 0.96452
00008.jpg 359 0 143 199 0.96437
00008.jpg 402 244 157 251 0.96425
00008.jpg 362 0 144 196 0.96282
00008.jpg 407 236 153 268 0.96037
00008.jpg 357 7 149 189 0.95987
00008.jpg 402 239 168 261 0.95851
00008.jpg 397 236 171 268 0.95848
00008.jpg 405 236 167 265 0.95594
00008.jpg 354 2 153 190 0.95257
00008.jpg 397 239 167 262 0.95130
00008.jpg 410 245 151 255 0.95066
00008.jpg 411 232 151 270 0.95014
00008.jpg 405 241 148 261 0.94829
00008.jpg 355 4 154 184 0.94699
00008.jpg 350 0 153 197 0.94603
00008.jpg 360 8 140 187 0.94553
00008.jpg 411 237 146 262 0.94542
00008.jpg 413 239 146 255 0.94347
00008.jpg 403 243 158 254 0.94284
00008.jpg 711 429 28 51 0.93686
00008.jpg 399 236 159 261 0.93254
00008.jpg 713 424 27 61 0.92892
00008.jpg 357 1 148 199 0.92742
00008.jpg 408 235 154 258 0.92649
00008.jpg 361 3 143 190 0.92510
00008.jpg 402 237 153 268 0.92482
00008.jpg 359 0 137 197 0.92447
00008.jpg 403 238 155 271 0.92362
00008.jpg 360 2 139 190 0.92318
00008.jpg 406 243 162 252 0.91144
00008.jpg 406 237 160 260 0.90947
00008.jpg 358 1 143 191 0.90562
00008.jpg 406 242 152 252 0.89480
00008.jpg 355 3 150 194 0.89254
00008.jpg 409 236 152 271 0.88679
00008.jpg 397 245 170 249 0.86886
00008.jpg 356 4 147 194 0.86613
00008.jpg 399 234 173 264 0.85909
00008.jpg 710 425 29 59 0.85343
00008.jpg 362 5 141 194 0.85206
00008.jpg 357 0 147 195 0.85104
00008.jpg 350 3 145 193 0.85044
00008.jpg 713 426 27 53 0.84104
00008.jpg 416 238 137 265 0.84049
00008.jpg 356 4 155 195 0.84026
00008.jpg 715 430 24 55 0.83982
00008.jpg 401 228 168 274 0.83726
00008.jpg 713 424 27 61 0.83178
00008.jpg 711 425 28 59 0.82752
00008.jpg 408 235 161 264 0.82392
00008.jpg 354 3 154 187 0.81821
00008.jpg 391 218 167 294 0.77984
00008.jpg 401 238 169 253 0.77547
00008.jpg 713 426 26 61 0.77455
00008.jpg 406 244 141 253 0.77268
00008.jpg 403 240 152 249 0.76920
00008.jpg 407 244 162 243 0.76037
00008.jpg 398 244 165 263 0.74405
00008.jpg 396 221 174 295 0.73942
00008.jpg 715 427 25 56 0.72589
00008.jpg 405 231 166 274 0.71731
00008.jpg 400 240 155 250 0.71511
00008.jpg 715 423 27 61 0.71234
00008.jpg 354 3 147 184 0.71110
00008.jpg 351 1 147 207 0.68393
00008.jpg 409 235 148 280 0.66830
00008.jpg 713 425 28 58 0.66321
00008.jpg 398 232 168 264 0.64873
00008.jpg 367 0 138 194 0.64655
00008.jpg 712 425 29 58 0.64595
00008.jpg 710 425 30 60 0.62755
00008.jpg 357 2 139 188 0.61459
00008.jpg 403 227 176 285 0.61199
00008.jpg 708 426 36 58 0.60738
00008.jpg 402 221 147 296 0.60501
00008.jpg 712 424 31 60 0.60460
00008.jpg 716 426 24 53 0.59328
00008.jpg 711 423 33 58 0.58439
00008.jpg 348 7 157 197 0.57098
00008.jpg 400 241 159 259 0.56591
00008.jpg 719 429 16 56 0.56515
00008.jpg 399 241 172 260 0.56360
00008.jpg 347 0 161 208 0.55376
00008.jpg 356 0 153 194 0.54847
00008.jpg 358 0 137 212 0.54845
00008.jpg 357 2 143 202 0.54195
00008.jpg 346 0 166 189 0.53854
00008.jpg 410 241 139 271 0.52829
00008.jpg 711 425 33 62 0.52316
00008.jpg 712 431 24 51 0.52158
00008.jpg 406 240 166 262 0.51915
00008.jpg 412 237 159 251 0.51441
00008.jpg 359 1 138 195 0.51312
00008.jpg 412 243 149 257 0.49948
