00012.jpg 360 25 152 206 0.99826
00012.jpg 362 34 143 198 0.99823
00012.jpg 363 25 147 215 0.99807
00012.jpg 363 26 147 213 0.99795
00012.jpg 365 31 145 201 0.99767
00012.jpg 362 24 145 207 0.99759
00012.jpg 360 27 147 210 0.99755
00012.jpg 361 32 152 209 0.99670
00012.jpg 366 31 139 201 0.99658
00012.jpg 362 29 147 209 0.99634
00012.jpg 357 29 156 203 0.99619
00012.jpg 362 35 145 192 0.99523
00012.jpg 360 30 150 204 0.99407
00012.jpg 363 31 149 200 0.99391
00012.jpg 359 31 152 208 0.99271
00012.jpg 358 23 152 211 0.99266
00012.jpg 359 23 149 213 0.99249
00012.jpg 362 29 144 205 0.99223
00012.jpg 365 23 146 209 0.99205
00012.jpg 365 33 148 200 0.99146
00012.jpg 359 29 152 207 0.99061
00012.jpg 364 43 152 200 0.99041
00012.jpg 715 426 26 59 0.99024
00012.jpg 360 31 151 202 0.99018
00012.jpg 363 34 147 203 0.98751
00012.jpg 357 26 154 205 0.98659
00012.jpg 361 37 150 203 0.98588
00012.jpg 364 28 148 211 0.98152
00012.jpg 360 34 154 200 0.98077
00012.jpg 370 27 145 197 0.98036
00012.jpg 364 28 148 210 0.97749
00012.jpg 360 26 144 207 0.97710
00012.jpg 358 30 152 210 0.97617
00012.jpg 356 30 154 207 0.97608
00012.jpg 360 24 156 218 0.97563
00012.jpg 362 32 145 202 0.97474
00012.jpg 356 30 159 203 0.97462
00012.jpg 365 33 145 199 0.97254
00012.jpg 358 35 153 201 0.97191
00012.jpg 358 25 154 204 0.97055
00012.jpg 362 34 145 202 0.97006
00012.jpg 358 30 155 202 0.96732
00012.jpg 359 34 155 204 0.96668
00012.jpg 363 30 140 204 0.96573
00012.jpg 363 30 145 199 0.95975
00012.jpg 368 28 149 198 0.95941
00012.jpg 365 23 150 213 0.94731
00012.jpg 713 429 27 55 0.94174
00012.jpg 353 22 165 215 0.94160
00012.jpg 713 425 28 59 0.93352
00012.jpg 361 19 157 218 0.92867
00012.jpg 366 25 141 208 0.92728
00012.jpg 357 29 160 210 0.92621
00012.jpg 364 29 148 203 0.91805
00012.jpg 361 35 151 202 0.91413
00012.jpg 711 426 29 59 0.90816
00012.jpg 714 426 27 62 0.89489
00012.jpg 357 28 151 206 0.88787
00012.jpg 354 29 156 199 0.87749
00012.jpg 361 25 143 207 0.87404
00012.jpg 365 35 144 199 0.86747
00012.jpg 712 427 27 51 0.86094
00012.jpg 362 33 142 199 0.85449
00012.jpg 712 425 28 59 0.84864
00012.jpg 715 431 24 53 0.84712
00012.jpg 353 26 156 197 0.83425
00012.jpg 359 31 139 209 0.80203
00012.jpg 715 423 28 62 0.79672
00012.jpg 366 30 148 199 0.78751
00012.jpg 391 210 171 276 0.77340
00012.jpg 360 29 149 208 0.76731
00012.jpg 358 32 152 202 0.76110
00012.jpg 715 428 26 54 0.76026
00012.jpg 354 32 152 199 0.75986
00012.jpg 410 198 150 301 0.74720
00012.jpg 360 24 147 208 0.74615
00012.jpg 365 31 136 195 0.74043
00012.jpg 360 23 150 215 0.73998
00012.jpg 711 426 28 59 0.72830
00012.jpg 712 425 30 58 0.71016
00012.jpg 714 424 28 57 0.69606
00012.jpg 368 28 148 203 0.69545
00012.jpg 352 30 157 205 0.69519
00012.jpg 369 24 138 200 0.68895
00012.jpg 361 29 143 194 0.68523
00012.jpg 369 35 140 199 0.67618
00012.jpg 710 428 29 57 0.67541
00012.jpg 352 17 164 226 0.66672
00012.jpg 351 39 167 191 0.66104
00012.jpg 346 22 180 213 0.65295
00012.jpg 711 427 29 57 0.64852
00012.jpg 716 426 25 53 0.64642
00012.jpg 712 425 31 62 0.64139
00012.jpg 714 425 31 58 0.64022
00012.jpg 354 30 154 204 0.63793
00012.jpg 358 22 167 200 0.63541
00012.jpg 360 36 167 192 0.62415
00012.jpg 710 427 30 54 0.61136
00012.jpg 358 26 138 201 0.60013
00012.jpg 360 32 154 195 0.56580
00012.jpg 358 38 143 207 0.56470
00012.jpg 383 203 188 285 0.56431
00012.jpg 392 207 172 303 0.56355
00012.jpg 358 28 157 200 0.56337
00012.jpg 712 425 25 55 0.54279
00012.jpg 397 209 174 282 0.53886
00012.jpg 399 229 156 279 0.53845
00012.jpg 719 433 16 51 0.53308
00012.jpg 391 202 171 292 0.52794
00012.jpg 710 422 30 64 0.52579
00012.jpg 712 427 31 57 0.52245
00012.jpg 712 423 32 63 0.51960
00012.jpg 355 26 153 215 0.51739
00012.jpg 710 429 26 57 0.50910
00012.jpg 377 190 170 319 0.50695
