00032.jpg 265 91 304 318 0.99951
00032.jpg 599 2 180 126 0.99887
00032.jpg 256 105 320 303 0.99840
00032.jpg 261 103 311 312 0.99828
00032.jpg 243 95 329 311 0.99814
00032.jpg 257 114 325 296 0.99682
00032.jpg 250 107 326 306 0.99677
00032.jpg 598 2 184 133 0.99669
00032.jpg 263 102 308 311 0.99658
00032.jpg 598 0 179 132 0.99606
00032.jpg 603 8 182 121 0.99473
00032.jpg 262 98 300 314 0.99407
00032.jpg 250 108 327 292 0.99344
00032.jpg 264 104 304 300 0.99318
00032.jpg 605 2 174 129 0.99305
00032.jpg 252 97 324 307 0.99304
00032.jpg 599 3 186 123 0.99283
00032.jpg 599 0 184 135 0.99238
00032.jpg 605 1 172 130 0.99231
00032.jpg 257 96 312 318 0.99221
00032.jpg 603 0 170 133 0.99203
00032.jpg 600 1 180 130 0.99151
00032.jpg 248 92 334 308 0.99075
00032.jpg 602 4 184 128 0.99027
00032.jpg 602 0 182 136 0.98977
00032.jpg 263 104 310 302 0.98935
00032.jpg 271 100 306 300 0.98898
00032.jpg 593 0 181 132 0.98886
00032.jpg 603 0 178 129 0.98821
00032.jpg 266 94 295 305 0.98714
00032.jpg 248 105 334 311 0.98617
00032.jpg 601 2 179 126 0.98572
00032.jpg 248 99 311 306 0.98518
00032.jpg 608 2 169 126 0.98391
00032.jpg 264 95 316 314 0.98340
00032.jpg 600 7 177 122 0.98336
00032.jpg 597 0 184 135 0.98289
00032.jpg 606 2 178 132 0.98253
00032.jpg 596 5 189 125 0.98176
00032.jpg 254 99 312 298 0.98153
00032.jpg 603 0 178 135 0.98082
00032.jpg 259 103 303 317 0.97638
00032.jpg 604 0 175 130 0.97629
00032.jpg 251 102 321 301 0.97389
00032.jpg 594 2 187 130 0.97341
00032.jpg 601 0 175 130 0.96913
00032.jpg 254 104 338 290 0.96821
00032.jpg 598 0 191 126 0.96772
00032.jpg 607 0 174 129 0.96677
00032.jpg 262 109 315 296 0.96544
00032.jpg 255 92 321 309 0.96490
00032.jpg 602 3 180 122 0.96382
00032.jpg 608 0 173 129 0.96368
00032.jpg 589 0 196 126 0.96256
00032.jpg 261 102 299 330 0.95863
00032.jpg 268 104 290 289 0.95420
00032.jpg 597 0 182 129 0.95419
00032.jpg 242 94 323 333 0.94906
00032.jpg 266 107 295 296 0.94887
00032.jpg 234 104 342 323 0.94676
00032.jpg 598 1 183 123 0.94558
00032.jpg 599 0 179 125 0.93963
00032.jpg 268 107 295 292 0.93884
00032.jpg 602 0 185 134 0.93464
00032.jpg 589 0 203 128 0.92748
00032.jpg 234 86 346 341 0.91897
00032.jpg 255 102 304 332 0.91777
00032.jpg 260 102 315 313 0.91764
00032.jpg 262 96 290 319 0.91493
00032.jpg 598 2 182 125 0.91401
00032.jpg 262 104 311 296 0.91340
00032.jpg 270 110 297 294 0.91147
00032.jpg 605 0 175 143 0.90922
00032.jpg 604 0 178 127 0.89678
00032.jpg 254 95 312 338 0.89040
00032.jpg 258 102 319 337 0.88909
00032.jpg 600 1 182 130 0.88804
00032.jpg 266 99 297 305 0.88717
00032.jpg 253 107 326 287 0.88294
00032.jpg 608 2 167 122 0.88270
00032.jpg 257 99 278 295 0.87537
00032.jpg 604 1 176 127 0.87329
00032.jpg 256 93 319 320 0.86210
00032.jpg 598 2 185 128 0.86114
00032.jpg 254 104 311 311 0.85982
00032.jpg 607 2 182 131 0.85516
00032.jpg 257 102 316 336 0.85295
00032.jpg 603 0 174 131 0.85225
00032.jpg 250 97 334 302 0.85024
00032.jpg 263 112 300 275 0.84200
00032.jpg 603 0 183 139 0.82776
00032.jpg 596 0 190 136 0.82119
00032.jpg 711 430 28 51 0.81788
00032.jpg 601 0 178 143 0.81640
00032.jpg 605 0 178 137 0.80413
00032.jpg 242 101 341 309 0.79229
00032.jpg 261 90 301 291 0.78967
00032.jpg 598 3 174 130 0.78840
00032.jpg 605 0 176 137 0.78632
00032.jpg 264 100 274 301 0.78232
00032.jpg 241 100 339 329 0.77314
00032.jpg 599 0 179 132 0.75611
00032.jpg 594 1 188 123 0.74225
00032.jpg 709 427 28 56 0.73868
00032.jpg 243 95 327 330 0.73235
00032.jpg 269 110 265 304 0.72360
00032.jpg 249 96 317 336 0.71076
00032.jpg 247 106 309 359 0.70596
00032.jpg 714 427 31 58 0.69706
00032.jpg 252 109 330 313 0.69268
00032.jpg 592 1 192 131 0.69102
00032.jpg 714 429 25 53 0.67765
00032.jpg 278 115 340 306 0.66545
00032.jpg 270 89 310 315 0.66388
00032.jpg 270 90 308 344 0.65772
00032.jpg 265 102 316 335 0.65672
00032.jpg 593 3 182 126 0.65097
00032.jpg 714 424 27 60 0.64961
00032.jpg 712 426 26 56 0.64869
00032.jpg 268 119 300 266 0.64645
00032.jpg 628 4 148 112 0.64260
00032.jpg 608 3 165 133 0.64153
00032.jpg 597 4 185 135 0.62676
00032.jpg 254 95 298 357 0.61566
00032.jpg 274 99 306 276 0.61198
00032.jpg 284 89 284 283 0.60959
00032.jpg 597 0 190 130 0.60784
00032.jpg 591 0 184 124 0.59897
00032.jpg 609 9 169 120 0.58367
00032.jpg 256 93 324 316 0.57292
00032.jpg 713 429 25 54 0.57196
00032.jpg 228 105 362 339 0.56743
00032.jpg 594 4 191 114 0.52677
00032.jpg 605 0 170 135 0.52520
00032.jpg 714 428 26 51 0.50987
00032.jpg 622 5 147 110 0.50390
00032.jpg 242 94 322 355 0.50296
00032.jpg 279 97 302 308 0.49960
