00036.jpg 597 0 232 179 0.99136
00036.jpg 599 8 234 176 0.99124
00036.jpg 598 0 240 190 0.98877
00036.jpg 590 0 250 184 0.98622
00036.jpg 604 1 233 179 0.98351
00036.jpg 601 0 228 187 0.98332
00036.jpg 593 2 243 178 0.98203
00036.jpg 602 1 236 189 0.98095
00036.jpg 607 6 220 179 0.98091
00036.jpg 590 2 255 181 0.97962
00036.jpg 603 0 237 185 0.97833
00036.jpg 601 0 238 178 0.97826
00036.jpg 594 4 242 166 0.97505
00036.jpg 590 1 248 183 0.97440
00036.jpg 589 11 251 171 0.97377
00036.jpg 595 12 242 180 0.97062
00036.jpg 599 3 243 182 0.97048
00036.jpg 597 4 241 167 0.96896
00036.jpg 594 4 236 168 0.96779
00036.jpg 607 2 223 182 0.96720
00036.jpg 594 5 246 177 0.96497
00036.jpg 593 4 253 179 0.96352
00036.jpg 590 0 251 180 0.95870
00036.jpg 598 4 234 168 0.95426
00036.jpg 599 8 237 173 0.95422
00036.jpg 600 1 226 183 0.95290
00036.jpg 601 0 241 187 0.95274
00036.jpg 599 2 241 177 0.94897
00036.jpg 603 5 228 178 0.94772
00036.jpg 600 0 239 185 0.94625
00036.jpg 601 1 239 179 0.94278
00036.jpg 605 0 229 205 0.94167
00036.jpg 589 0 256 194 0.93464
00036.jpg 605 0 236 196 0.92768
00036.jpg 592 2 245 175 0.92447
00036.jpg 603 7 230 172 0.92161
00036.jpg 595 3 245 180 0.91318
00036.jpg 599 0 244 188 0.90865
00036.jpg 591 3 247 183 0.90749
00036.jpg 616 1 217 198 0.90739
00036.jpg 597 0 241 193 0.90185
00036.jpg 593 3 261 182 0.90088
00036.jpg 587 0 257 188 0.89902
00036.jpg 589 15 246 185 0.89618
00036.jpg 596 6 241 176 0.87837
00036.jpg 595 3 252 193 0.86888
00036.jpg 594 2 244 175 0.86012
00036.jpg 583 0 256 198 0.85459
00036.jpg 593 3 235 194 0.85007
00036.jpg 595 6 237 189 0.84065
00036.jpg 595 3 236 180 0.82430
00036.jpg 712 428 27 53 0.80667
00036.jpg 590 6 254 195 0.80548
00036.jpg 601 0 238 189 0.80123
00036.jpg 596 0 237 189 0.79412
00036.jpg 597 3 240 168 0.78733
00036.jpg 601 6 234 170 0.78733
00036.jpg 591 3 254 207 0.77100
00036.jpg 597 0 234 202 0.76042
00036.jpg 605 0 233 188 0.74625
00036.jpg 609 4 229 203 0.74235
00036.jpg 715 426 24 56 0.72968
00036.jpg 717 426 25 60 0.72757
00036.jpg 594 3 251 182 0.72593
00036.jpg 598 6 230 182 0.72271
00036.jpg 588 2 253 195 0.72204
00036.jpg 595 7 221 176 0.69815
00036.jpg 589 3 249 177 0.69113
00036.jpg 578 0 275 172 0.68473
00036.jpg 589 0 249 193 0.67615
00036.jpg 594 6 233 166 0.67325
00036.jpg 598 5 244 191 0.67324
00036.jpg 714 431 24 53 0.66897
00036.jpg 599 4 239 191 0.66228
00036.jpg 708 428 30 56 0.66208
00036.jpg 608 0 223 185 0.64680
00036.jpg 291 153 185 240 0.64126
00036.jpg 714 428 30 55 0.63695
00036.jpg 594 3 245 354 0.62013
00036.jpg 712 428 25 52 0.61655
00036.jpg 285 167 196 225 0.60283
00036.jpg 306 158 179 238 0.59833
00036.jpg 602 2 224 170 0.59773
00036.jpg 315 138 170 253 0.58989
00036.jpg 589 5 284 373 0.58805
00036.jpg 289 157 205 229 0.58640
00036.jpg 271 156 214 217 0.58234
00036.jpg 711 423 30 65 0.57626
00036.jpg 601 0 232 178 0.55378
00036.jpg 576 2 277 462 0.52849
00036.jpg 603 3 241 184 0.52492
00036.jpg 609 6 218 175 0.51002
00036.jpg 714 428 26 51 0.50520
