00004.jpg 358 33 188 363 0.99698
00004.jpg 368 25 170 376 0.99470
00004.jpg 356 37 193 373 0.98832
00004.jpg 378 26 165 370 0.98812
00004.jpg 353 31 188 359 0.98807
00004.jpg 376 40 174 363 0.98681
00004.jpg 370 38 163 357 0.98489
00004.jpg 377 28 160 368 0.98103
00004.jpg 377 36 157 356 0.97668
00004.jpg 369 31 186 356 0.97659
00004.jpg 362 42 182 363 0.97524
00004.jpg 369 35 172 354 0.96899
00004.jpg 377 46 162 351 0.96876
00004.jpg 380 31 169 373 0.96570
00004.jpg 366 47 182 346 0.95905
00004.jpg 360 24 191 371 0.95155
00004.jpg 365 45 182 343 0.94504
00004.jpg 371 31 166 363 0.94341
00004.jpg 375 47 160 349 0.93066
00004.jpg 372 43 169 357 0.93025
00004.jpg 360 35 175 369 0.92758
00004.jpg 237 70 124 339 0.91931
00004.jpg 355 21 188 385 0.91729
00004.jpg 374 41 169 356 0.91416
00004.jpg 216 82 192 321 0.91161
00004.jpg 223 54 151 357 0.90309
00004.jpg 373 37 172 361 0.90235
00004.jpg 370 42 156 346 0.89729
00004.jpg 388 33 153 362 0.87724
00004.jpg 222 83 149 342 0.86620
00004.jpg 232 76 118 334 0.85177
00004.jpg 377 37 155 339 0.84860
00004.jpg 234 83 149 316 0.84411
00004.jpg 230 77 118 337 0.84246
00004.jpg 360 40 188 362 0.84238
00004.jpg 360 31 174 375 0.84228
00004.jpg 385 49 165 345 0.84197
00004.jpg 287 35 270 359 0.83954
00004.jpg 374 21 173 385 0.83726
00004.jpg 547 215 88 225 0.83493
00004.jpg 543 207 95 235 0.83387
00004.jpg 391 34 161 361 0.83204
00004.jpg 376 32 155 359 0.82825
00004.jpg 365 23 169 375 0.82257
00004.jpg 239 133 98 231 0.82059
00004.jpg 213 59 181 354 0.81743
00004.jpg 373 38 161 324 0.81056
00004.jpg 537 217 101 219 0.80935
00004.jpg 376 47 168 346 0.80190
00004.jpg 538 215 101 229 0.79693
00004.jpg 533 215 101 230 0.79052
00004.jpg 230 144 105 226 0.78881
00004.jpg 247 29 319 358 0.78044
00004.jpg 541 212 98 237 0.77829
00004.jpg 243 142 85 238 0.77607
00004.jpg 234 100 101 289 0.77044
00004.jpg 337 28 218 379 0.76395
00004.jpg 225 119 109 246 0.76280
00004.jpg 226 70 175 341 0.76081
00004.jpg 537 224 99 221 0.75551
00004.jpg 538 214 92 225 0.75463
00004.jpg 238 78 130 347 0.75417
00004.jpg 218 89 157 314 0.75192
00004.jpg 230 74 143 339 0.74503
00004.jpg 209 47 236 368 0.74262
00004.jpg 226 41 174 359 0.74124
00004.jpg 360 38 190 386 0.74097
00004.jpg 531 213 107 237 0.73253
00004.jpg 210 34 385 344 0.73020
00004.jpg 222 97 172 334 0.72654
00004.jpg 237 143 103 218 0.72573
00004.jpg 391 86 141 308 0.72518
00004.jpg 229 95 127 326 0.72187
00004.jpg 200 35 220 392 0.72037
00004.jpg 218 80 141 353 0.71954
00004.jpg 234 136 92 220 0.71901
00004.jpg 227 44 117 388 0.71700
00004.jpg 376 39 173 351 0.71065
00004.jpg 526 206 99 244 0.70524
00004.jpg 223 91 117 323 0.70371
00004.jpg 241 68 156 345 0.69785
00004.jpg 381 40 158 338 0.68922
00004.jpg 231 120 102 258 0.68869
00004.jpg 166 71 259 347 0.68769
00004.jpg 542 204 92 232 0.68734
00004.jpg 207 53 271 356 0.68622
00004.jpg 197 69 178 348 0.68419
00004.jpg 225 116 112 241 0.68168
00004.jpg 238 120 101 260 0.68167
00004.jpg 241 142 99 226 0.68045
00004.jpg 547 232 90 214 0.68038
00004.jpg 217 60 216 356 0.67656
00004.jpg 389 54 152 339 0.67619
00004.jpg 397 45 133 335 0.67234
00004.jpg 215 89 155 302 0.67216
00004.jpg 339 27 202 376 0.66185
00004.jpg 369 32 148 361 0.66093
00004.jpg 535 213 103 231 0.65880
00004.jpg 234 92 139 296 0.65727
00004.jpg 233 142 98 218 0.65678
00004.jpg 5 120 73 168 0.65585
00004.jpg 539 203 100 239 0.65452
00004.jpg 227 74 170 352 0.65426
00004.jpg 232 126 104 232 0.65103
00004.jpg 544 230 95 222 0.65101
00004.jpg 212 102 206 319 0.64929
00004.jpg 219 58 119 375 0.64908
00004.jpg 335 33 204 349 0.64748
00004.jpg 232 138 85 227 0.64417
00004.jpg 235 84 180 339 0.63405
00004.jpg 224 120 104 248 0.63098
00004.jpg 536 224 101 213 0.63093
00004.jpg 400 54 132 336 0.63040
00004.jpg 544 212 95 235 0.63004
00004.jpg 536 205 101 257 0.62530
00004.jpg 242 112 112 262 0.62431
00004.jpg 216 90 212 320 0.62140
00004.jpg 225 138 126 229 0.61905
00004.jpg 236 127 88 246 0.61740
00004.jpg 539 207 98 246 0.61276
00004.jpg 402 36 133 362 0.61117
00004.jpg 377 55 166 324 0.61004
00004.jpg 239 138 101 217 0.60699
00004.jpg 536 221 99 233 0.60693
00004.jpg 217 46 210 365 0.60224
00004.jpg 239 50 184 367 0.59747
00004.jpg 543 234 95 200 0.58873
00004.jpg 538 215 101 243 0.58868
00004.jpg 551 206 86 248 0.58832
00004.jpg 402 47 126 338 0.58561
00004.jpg 4 120 70 162 0.58292
00004.jpg 542 226 93 222 0.58275
00004.jpg 538 200 101 238 0.58033
00004.jpg 542 223 97 230 0.57581
00004.jpg 225 146 124 233 0.57330
00004.jpg 263 79 152 347 0.56808
00004.jpg 340 32 188 354 0.56747
00004.jpg 182 96 236 307 0.56671
00004.jpg 231 101 116 259 0.56429
00004.jpg 231 143 103 214 0.55995
00004.jpg 237 108 104 271 0.55311
00004.jpg 6 136 67 134 0.55095
00004.jpg 344 27 215 360 0.55012
00004.jpg 210 90 164 331 0.54990
00004.jpg 241 123 92 241 0.54839
00004.jpg 241 134 88 230 0.54509
00004.jpg 224 41 321 363 0.54467
00004.jpg 240 111 90 247 0.54450
00004.jpg 255 69 166 342 0.53968
00004.jpg 262 94 147 319 0.53763
00004.jpg 273 73 155 335 0.53614
00004.jpg 370 55 146 342 0.53289
00004.jpg 229 124 102 257 0.52721
00004.jpg 526 203 113 227 0.52681
00004.jpg 180 165 37 52 0.52577
00004.jpg 257 88 161 312 0.51987
00004.jpg 180 168 37 63 0.51920
00004.jpg 180 74 265 336 0.50769
00004.jpg 399 36 135 356 0.50571
00004.jpg 385 38 157 356 0.50546
00004.jpg 180 171 31 42 0.50292
00004.jpg 8 117 79 163 0.50263
