00009.jpg 364 34 149 352 0.98461
00009.jpg 343 47 194 347 0.98265
00009.jpg 365 23 153 382 0.97975
00009.jpg 336 28 185 366 0.97534
00009.jpg 328 34 197 358 0.97341
00009.jpg 365 47 154 342 0.97313
00009.jpg 305 25 220 387 0.96899
00009.jpg 519 164 110 287 0.96860
00009.jpg 381 27 133 367 0.96815
00009.jpg 524 188 115 254 0.96347
00009.jpg 375 34 146 354 0.96116
00009.jpg 360 43 162 351 0.95235
00009.jpg 517 175 121 267 0.95176
00009.jpg 356 37 159 357 0.95087
00009.jpg 515 155 123 303 0.94945
00009.jpg 519 159 118 292 0.94697
00009.jpg 527 185 109 257 0.94327
00009.jpg 528 177 111 267 0.94243
00009.jpg 510 169 129 272 0.93536
00009.jpg 530 143 105 300 0.93358
00009.jpg 523 188 113 252 0.93294
00009.jpg 374 33 146 362 0.93268
00009.jpg 521 189 117 244 0.93250
00009.jpg 346 24 186 392 0.93229
00009.jpg 224 45 310 372 0.93188
00009.jpg 337 31 183 355 0.93001
00009.jpg 523 190 116 250 0.92958
00009.jpg 385 24 145 385 0.92865
00009.jpg 362 28 154 360 0.92685
00009.jpg 377 40 143 353 0.92524
00009.jpg 274 38 261 359 0.92453
00009.jpg 295 43 241 355 0.92411
00009.jpg 320 37 206 354 0.92401
00009.jpg 510 155 116 290 0.91781
00009.jpg 272 57 233 341 0.91740
00009.jpg 517 155 121 287 0.91151
00009.jpg 369 39 156 356 0.90792
00009.jpg 333 28 187 378 0.90747
00009.jpg 216 60 294 342 0.90539
00009.jpg 297 32 240 372 0.90156
00009.jpg 377 27 146 359 0.90116
00009.jpg 359 37 158 365 0.90016
00009.jpg 302 23 235 393 0.89848
00009.jpg 519 189 118 255 0.89466
00009.jpg 393 39 133 350 0.89148
00009.jpg 532 164 107 293 0.88985
00009.jpg 530 167 109 280 0.88891
00009.jpg 280 36 245 377 0.88777
00009.jpg 521 164 114 288 0.88527
00009.jpg 521 128 112 319 0.87722
00009.jpg 333 35 201 381 0.87601
00009.jpg 523 182 116 257 0.87401
00009.jpg 373 38 148 363 0.87387
00009.jpg 530 177 107 260 0.87363
00009.jpg 332 40 179 360 0.87082
00009.jpg 365 36 166 372 0.86594
00009.jpg 264 51 243 345 0.86512
00009.jpg 537 171 100 273 0.85972
00009.jpg 324 35 213 354 0.85318
00009.jpg 522 175 113 276 0.85290
00009.jpg 297 19 237 398 0.84906
00009.jpg 344 31 164 375 0.84722
00009.jpg 508 169 120 277 0.84585
00009.jpg 350 35 177 363 0.84491
00009.jpg 525 184 113 260 0.84387
00009.jpg 269 45 253 375 0.84235
00009.jpg 385 31 136 358 0.84155
00009.jpg 523 182 115 259 0.84145
00009.jpg 387 33 124 357 0.83907
00009.jpg 507 144 126 301 0.83444
00009.jpg 377 43 144 341 0.83091
00009.jpg 242 50 286 347 0.82980
00009.jpg 382 36 145 344 0.82718
00009.jpg 256 38 230 367 0.82438
00009.jpg 507 169 125 268 0.82182
00009.jpg 522 177 109 280 0.81842
00009.jpg 523 185 116 259 0.81597
00009.jpg 289 41 196 365 0.81408
00009.jpg 301 46 199 354 0.81169
00009.jpg 267 72 214 335 0.80286
00009.jpg 532 102 104 364 0.80206
00009.jpg 522 173 117 268 0.80132
00009.jpg 367 37 138 355 0.80065
00009.jpg 525 176 112 263 0.78644
00009.jpg 521 191 118 250 0.78407
00009.jpg 273 56 200 340 0.78329
00009.jpg 236 47 254 348 0.78174
00009.jpg 526 168 113 274 0.77929
00009.jpg 525 173 113 274 0.77249
00009.jpg 294 67 163 331 0.77026
00009.jpg 521 185 118 251 0.76520
00009.jpg 523 172 115 273 0.76414
00009.jpg 235 37 304 376 0.76061
00009.jpg 232 96 242 307 0.74769
00009.jpg 272 42 228 361 0.74402
00009.jpg 517 194 122 252 0.73932
00009.jpg 297 62 209 340 0.73580
00009.jpg 212 74 261 321 0.73156
00009.jpg 291 71 134 332 0.72880
00009.jpg 271 91 199 298 0.72700
00009.jpg 198 82 311 346 0.72684
00009.jpg 301 52 248 349 0.72541
00009.jpg 240 71 221 318 0.72478
00009.jpg 169 64 361 340 0.71727
00009.jpg 365 46 161 348 0.70823
00009.jpg 519 158 114 281 0.70683
00009.jpg 526 167 113 265 0.70219
00009.jpg 262 65 187 332 0.69896
00009.jpg 161 171 34 58 0.68534
00009.jpg 326 69 130 319 0.68451
00009.jpg 188 36 319 368 0.67778
00009.jpg 187 72 317 340 0.67489
00009.jpg 335 54 152 347 0.67216
00009.jpg 268 39 183 357 0.66770
00009.jpg 513 124 119 336 0.66708
00009.jpg 198 81 231 313 0.65372
00009.jpg 247 52 210 347 0.65321
00009.jpg 390 34 126 356 0.64034
00009.jpg 513 178 125 268 0.63793
00009.jpg 525 186 108 247 0.62952
00009.jpg 296 91 164 300 0.62715
00009.jpg 181 55 407 315 0.62396
00009.jpg 537 181 101 259 0.61087
00009.jpg 381 46 147 352 0.60859
00009.jpg 349 69 176 319 0.59915
00009.jpg 161 170 36 52 0.59907
00009.jpg 405 55 121 328 0.58748
00009.jpg 281 109 151 285 0.57590
00009.jpg 220 84 212 324 0.57541
00009.jpg 268 101 137 297 0.57452
00009.jpg 192 99 262 309 0.56026
00009.jpg 192 74 261 320 0.55399
00009.jpg 167 31 372 369 0.55314
00009.jpg 178 56 383 370 0.55237
00009.jpg 241 45 194 345 0.55079
00009.jpg 273 80 199 328 0.54638
00009.jpg 511 189 125 247 0.54551
00009.jpg 294 25 233 378 0.53250
00009.jpg 158 175 36 54 0.53154
00009.jpg 397 36 120 328 0.52949
00009.jpg 215 72 181 339 0.52054
00009.jpg 157 174 43 52 0.51988
00009.jpg 155 168 36 53 0.51941
00009.jpg 375 50 169 346 0.51532
00009.jpg 258 96 132 309 0.50421
00009.jpg 505 148 133 314 0.50233
