00015.jpg 499 124 130 299 0.99045
00015.jpg 501 121 135 320 0.98842
00015.jpg 499 123 138 306 0.98297
00015.jpg 477 119 162 310 0.98102
00015.jpg 500 114 131 315 0.97682
00015.jpg 78 160 67 98 0.97545
00015.jpg 500 122 139 305 0.97302
00015.jpg 473 124 165 305 0.96900
00015.jpg 501 115 137 322 0.96533
00015.jpg 288 65 202 329 0.96370
00015.jpg 85 161 63 91 0.96110
00015.jpg 86 161 63 93 0.96108
00015.jpg 76 160 73 84 0.96083
00015.jpg 498 110 135 316 0.95376
00015.jpg 82 159 64 91 0.95332
00015.jpg 500 126 139 306 0.95164
00015.jpg 74 162 73 94 0.95138
00015.jpg 479 113 160 319 0.95090
00015.jpg 499 130 139 303 0.95023
00015.jpg 191 138 108 172 0.94138
00015.jpg 500 131 139 296 0.93384
00015.jpg 75 158 79 94 0.93265
00015.jpg 80 160 71 85 0.93209
00015.jpg 186 134 114 182 0.93028
00015.jpg 82 163 64 90 0.92921
00015.jpg 186 132 115 183 0.92919
00015.jpg 285 72 205 330 0.92805
00015.jpg 266 61 237 351 0.92772
00015.jpg 191 146 110 171 0.92672
00015.jpg 259 64 254 350 0.92517
00015.jpg 183 147 117 165 0.92513
00015.jpg 498 114 140 325 0.92402
00015.jpg 78 164 70 84 0.92334
00015.jpg 183 139 116 173 0.91618
00015.jpg 81 163 67 91 0.91566
00015.jpg 185 144 111 164 0.91330
00015.jpg 501 128 138 289 0.91290
00015.jpg 485 107 154 329 0.91235
00015.jpg 286 66 222 327 0.91117
00015.jpg 496 126 141 311 0.90769
00015.jpg 190 141 110 173 0.90702
00015.jpg 499 125 138 284 0.90533
00015.jpg 190 142 114 173 0.90337
00015.jpg 498 126 141 296 0.90312
00015.jpg 188 146 116 172 0.90145
00015.jpg 185 146 121 169 0.89809
00015.jpg 185 135 112 184 0.89798
00015.jpg 54 161 101 104 0.89760
00015.jpg 174 145 125 168 0.89702
00015.jpg 185 138 123 171 0.89680
00015.jpg 185 146 118 171 0.89677
00015.jpg 77 159 67 87 0.89516
00015.jpg 499 115 140 306 0.89481
00015.jpg 190 142 120 169 0.89475
00015.jpg 273 85 226 350 0.89447
00015.jpg 254 93 256 291 0.89191
00015.jpg 268 56 254 347 0.89046
00015.jpg 80 160 74 96 0.88835
00015.jpg 275 84 222 309 0.88562
00015.jpg 189 145 104 162 0.88179
00015.jpg 313 58 171 334 0.88021
00015.jpg 278 76 219 298 0.87869
00015.jpg 192 138 105 170 0.86514
00015.jpg 305 59 193 361 0.86512
00015.jpg 189 144 112 166 0.86164
00015.jpg 501 124 138 297 0.85773
00015.jpg 499 120 140 285 0.85607
00015.jpg 61 160 89 115 0.85534
00015.jpg 181 137 115 185 0.85345
00015.jpg 186 144 121 191 0.85345
00015.jpg 277 64 218 357 0.85253
00015.jpg 498 115 141 295 0.85139
00015.jpg 345 67 154 325 0.85135
00015.jpg 344 70 158 311 0.85135
00015.jpg 78 167 69 91 0.84896
00015.jpg 75 161 73 101 0.84863
00015.jpg 181 136 119 193 0.84369
00015.jpg 55 160 103 113 0.84288
00015.jpg 249 98 287 319 0.84239
00015.jpg 183 139 116 178 0.84142
00015.jpg 265 72 224 347 0.84082
00015.jpg 82 158 73 84 0.84011
00015.jpg 70 162 83 107 0.83809
00015.jpg 483 133 143 278 0.83563
00015.jpg 81 163 70 79 0.83526
00015.jpg 69 159 80 106 0.83446
00015.jpg 185 144 119 195 0.83405
00015.jpg 298 56 217 361 0.83348
00015.jpg 188 139 115 185 0.83253
00015.jpg 265 90 218 289 0.83217
00015.jpg 78 160 71 100 0.83197
00015.jpg 248 81 271 306 0.82915
00015.jpg 78 163 64 89 0.82749
00015.jpg 188 145 102 171 0.82690
00015.jpg 191 139 108 169 0.82530
00015.jpg 144 160 26 78 0.82429
00015.jpg 81 160 63 77 0.82056
00015.jpg 496 133 143 259 0.81813
00015.jpg 502 131 134 296 0.81683
00015.jpg 185 136 110 196 0.81484
00015.jpg 67 166 84 99 0.81294
00015.jpg 189 143 100 175 0.81179
00015.jpg 83 161 63 77 0.80968
00015.jpg 491 129 148 258 0.80794
00015.jpg 185 150 112 165 0.80770
00015.jpg 232 71 289 362 0.80629
00015.jpg 188 144 116 178 0.80523
00015.jpg 496 120 143 281 0.80371
00015.jpg 496 127 143 269 0.79000
00015.jpg 493 126 142 264 0.78982
00015.jpg 183 152 116 152 0.78927
00015.jpg 275 79 253 335 0.78722
00015.jpg 240 93 265 266 0.78547
00015.jpg 287 58 244 357 0.78517
00015.jpg 185 146 109 165 0.78463
00015.jpg 286 86 182 324 0.78303
00015.jpg 86 163 63 87 0.78252
00015.jpg 278 47 231 384 0.77978
00015.jpg 29 160 125 113 0.77701
00015.jpg 297 86 196 333 0.77448
00015.jpg 196 145 106 173 0.77061
00015.jpg 282 80 230 343 0.76724
00015.jpg 278 88 214 335 0.76400
00015.jpg 274 85 211 338 0.76398
00015.jpg 73 164 72 86 0.76360
00015.jpg 54 161 93 104 0.76301
00015.jpg 53 159 92 109 0.76301
00015.jpg 178 134 126 207 0.76163
00015.jpg 200 142 95 174 0.76081
00015.jpg 277 78 202 308 0.76041
00015.jpg 62 157 87 107 0.75977
00015.jpg 290 89 191 326 0.75928
00015.jpg 66 160 78 97 0.75893
00015.jpg 274 87 190 293 0.75806
00015.jpg 266 88 216 321 0.75661
00015.jpg 140 163 29 75 0.75656
00015.jpg 180 134 114 251 0.75436
00015.jpg 187 148 111 179 0.75178
00015.jpg 188 141 118 169 0.75072
00015.jpg 88 165 54 73 0.74866
00015.jpg 187 149 106 180 0.74709
00015.jpg 87 159 57 75 0.74434
00015.jpg 246 86 256 316 0.74382
00015.jpg 61 163 96 93 0.74382
00015.jpg 140 158 30 81 0.74142
00015.jpg 262 82 268 307 0.74090
00015.jpg 56 163 39 66 0.73841
00015.jpg 83 162 63 87 0.73735
00015.jpg 498 136 141 251 0.73653
00015.jpg 46 158 112 118 0.73640
00015.jpg 186 141 116 173 0.73505
00015.jpg 49 160 109 117 0.73480
00015.jpg 179 143 115 177 0.73465
00015.jpg 191 144 108 171 0.72904
00015.jpg 72 158 78 112 0.72849
00015.jpg 60 164 33 56 0.72659
00015.jpg 250 68 257 346 0.72643
00015.jpg 193 137 108 189 0.72609
00015.jpg 63 165 81 107 0.72538
00015.jpg 72 156 71 95 0.72537
00015.jpg 81 157 69 92 0.72298
00015.jpg 79 164 68 91 0.72237
00015.jpg 50 162 106 104 0.72166
00015.jpg 2 146 44 52 0.72082
00015.jpg 477 132 162 301 0.72039
00015.jpg 79 165 67 93 0.71984
00015.jpg 174 148 137 197 0.71830
00015.jpg 501 138 134 255 0.71719
00015.jpg 507 112 126 319 0.71693
00015.jpg 79 164 67 64 0.71529
00015.jpg 142 159 28 77 0.71411
00015.jpg 187 142 109 175 0.71130
00015.jpg 259 83 214 310 0.71104
00015.jpg 179 147 118 167 0.70890
00015.jpg 31 159 125 116 0.70881
00015.jpg 69 159 87 105 0.70696
00015.jpg 497 118 142 290 0.69820
00015.jpg 507 131 132 267 0.69731
00015.jpg 186 134 122 251 0.69687
00015.jpg 184 152 119 170 0.69415
00015.jpg 72 165 72 111 0.69300
00015.jpg 77 164 63 72 0.69101
00015.jpg 482 132 157 257 0.69073
00015.jpg 5 148 39 52 0.69021
00015.jpg 68 157 87 121 0.68988
00015.jpg 83 158 67 77 0.68271
00015.jpg 194 147 98 167 0.68211
00015.jpg 497 124 142 268 0.68149
00015.jpg 184 149 105 167 0.68131
00015.jpg 39 160 113 102 0.68012
00015.jpg 2 151 40 56 0.67882
00015.jpg 62 161 95 102 0.67878
00015.jpg 500 124 139 293 0.67875
00015.jpg 62 164 34 54 0.67839
00015.jpg 68 159 78 82 0.67815
00015.jpg 82 162 60 76 0.67687
00015.jpg 3 145 40 68 0.66867
00015.jpg 29 158 129 128 0.66653
00015.jpg 59 168 34 56 0.66507
00015.jpg 3 153 40 41 0.66505
00015.jpg 79 170 69 86 0.66451
00015.jpg 8 148 33 45 0.66132
00015.jpg 92 165 53 67 0.66087
00015.jpg 290 97 175 271 0.65927
00015.jpg 4 150 38 54 0.65896
00015.jpg 86 162 63 81 0.65678
00015.jpg 147 158 27 78 0.65571
00015.jpg 48 165 45 61 0.65567
00015.jpg 174 120 114 263 0.65516
00015.jpg 52 158 118 111 0.65389
00015.jpg 185 148 111 177 0.64952
00015.jpg 45 162 103 120 0.64702
00015.jpg 324 90 158 322 0.64643
00015.jpg 498 132 141 300 0.64422
00015.jpg 144 158 30 81 0.64252
00015.jpg 180 147 131 173 0.64222
00015.jpg 60 164 40 56 0.64194
00015.jpg 68 161 75 96 0.63844
00015.jpg 142 162 32 74 0.63759
00015.jpg 65 168 89 117 0.62760
00015.jpg 486 130 134 312 0.62686
00015.jpg 86 166 55 66 0.62680
00015.jpg 55 159 95 121 0.62433
00015.jpg 507 123 129 298 0.62390
00015.jpg 54 168 34 56 0.62323
00015.jpg 164 149 147 168 0.62024
00015.jpg 183 130 132 218 0.61489
00015.jpg 30 168 58 64 0.61403
00015.jpg 279 57 239 315 0.61320
00015.jpg 79 159 64 85 0.61234
00015.jpg 185 138 114 203 0.61122
00015.jpg 179 140 140 252 0.61074
00015.jpg 4 145 39 51 0.60824
00015.jpg 52 156 89 105 0.60515
00015.jpg 186 135 132 183 0.60490
00015.jpg 288 87 206 332 0.60424
00015.jpg 184 128 117 253 0.60407
00015.jpg 309 80 169 326 0.60175
00015.jpg 17 161 70 79 0.60104
00015.jpg 497 127 142 247 0.60059
00015.jpg 77 167 65 62 0.59832
00015.jpg 65 161 89 131 0.59535
00015.jpg 244 63 239 347 0.59274
00015.jpg 78 163 61 106 0.59224
00015.jpg 6 147 41 45 0.59181
00015.jpg 4 149 47 54 0.59171
00015.jpg 34 176 53 57 0.59130
00015.jpg 190 143 113 158 0.59105
00015.jpg 83 147 74 115 0.59093
00015.jpg 143 157 30 86 0.59091
00015.jpg 507 119 130 332 0.59080
00015.jpg 74 158 79 74 0.58723
00015.jpg 60 154 104 134 0.58538
00015.jpg 90 158 54 79 0.58477
00015.jpg 50 169 43 59 0.58115
00015.jpg 142 161 28 80 0.57913
00015.jpg 1 152 46 53 0.57835
00015.jpg 80 160 69 67 0.57779
00015.jpg 143 160 32 77 0.57660
00015.jpg 315 74 219 320 0.57466
00015.jpg 8 146 42 49 0.57455
00015.jpg 6 150 36 41 0.57347
00015.jpg 79 161 66 103 0.57346
00015.jpg 50 165 49 70 0.57344
00015.jpg 84 162 66 94 0.57265
00015.jpg 478 103 161 329 0.57198
00015.jpg 187 133 114 203 0.57028
00015.jpg 188 122 122 260 0.56987
00015.jpg 144 161 27 79 0.56851
00015.jpg 91 158 59 94 0.56836
00015.jpg 87 165 60 76 0.56709
00015.jpg 280 83 321 323 0.56559
00015.jpg 180 139 129 164 0.56448
00015.jpg 21 170 70 82 0.56251
00015.jpg 259 86 219 319 0.56142
00015.jpg 73 159 75 85 0.56115
00015.jpg 92 156 59 82 0.56088
00015.jpg 368 67 146 319 0.56013
00015.jpg 88 166 57 79 0.55964
00015.jpg 4 148 38 55 0.55861
00015.jpg 4 148 39 51 0.55739
00015.jpg 468 115 171 270 0.55360
00015.jpg 34 169 63 63 0.55307
00015.jpg 61 167 28 53 0.55229
00015.jpg 181 136 115 201 0.55117
00015.jpg 64 161 30 53 0.55052
00015.jpg 460 122 170 290 0.54944
00015.jpg 4 147 45 64 0.54887
00015.jpg 195 146 114 149 0.54755
00015.jpg 72 162 61 84 0.54588
00015.jpg 37 170 41 55 0.54211
00015.jpg 6 146 46 53 0.54196
00015.jpg 2 150 48 59 0.54137
00015.jpg 297 45 229 399 0.53799
00015.jpg 269 96 195 265 0.53711
00015.jpg 268 57 296 360 0.53540
00015.jpg 6 151 39 58 0.53358
00015.jpg 496 133 143 279 0.53010
00015.jpg 296 83 187 270 0.52856
00015.jpg 141 159 34 74 0.52826
00015.jpg 4 149 41 40 0.52666
00015.jpg 29 170 49 53 0.52505
00015.jpg 18 166 79 77 0.52444
00015.jpg 26 174 50 53 0.52372
00015.jpg 58 163 89 130 0.52174
00015.jpg 78 162 73 53 0.52036
00015.jpg 190 133 122 204 0.51947
00015.jpg 481 128 155 307 0.51848
00015.jpg 275 66 188 312 0.51688
00015.jpg 87 162 55 71 0.51618
00015.jpg 464 123 175 253 0.51461
00015.jpg 61 166 30 49 0.51351
00015.jpg 86 157 65 74 0.51256
00015.jpg 137 164 36 74 0.51233
00015.jpg 25 172 57 84 0.51188
00015.jpg 70 166 71 67 0.50960
00015.jpg 64 165 30 54 0.50936
00015.jpg 148 160 27 79 0.50899
00015.jpg 5 150 44 52 0.50631
00015.jpg 65 170 29 53 0.50606
00015.jpg 496 139 136 309 0.50584
00015.jpg 85 160 64 88 0.50529
00015.jpg 172 146 125 153 0.50460
00015.jpg 73 152 89 124 0.50350
00015.jpg 32 166 69 60 0.50307
00015.jpg 49 165 98 118 0.50111
00015.jpg 64 165 35 58 0.50091
00015.jpg 495 126 144 262 0.50090
