00017.jpg 272 81 215 322 0.98770
00017.jpg 298 81 174 333 0.98508
00017.jpg 496 129 137 312 0.98127
00017.jpg 490 125 147 302 0.97992
00017.jpg 497 129 138 301 0.97380
00017.jpg 279 59 210 362 0.97193
00017.jpg 493 127 143 302 0.97113
00017.jpg 290 81 176 337 0.96974
00017.jpg 6 162 143 197 0.96844
00017.jpg 498 126 133 308 0.96821
00017.jpg 2 162 141 182 0.96229
00017.jpg 275 74 205 337 0.96157
00017.jpg 492 117 146 317 0.96142
00017.jpg 1 164 147 179 0.95957
00017.jpg 282 86 199 340 0.95915
00017.jpg 491 130 145 301 0.95767
00017.jpg 254 55 217 365 0.95621
00017.jpg 273 66 197 361 0.95592
00017.jpg 6 156 145 192 0.95476
00017.jpg 505 129 126 301 0.95459
00017.jpg 505 119 131 332 0.95439
00017.jpg 0 162 155 184 0.95386
00017.jpg 291 75 187 324 0.95372
00017.jpg 3 158 141 191 0.95339
00017.jpg 10 164 138 186 0.95161
00017.jpg 5 157 145 184 0.94916
00017.jpg 493 125 132 312 0.94817
00017.jpg 283 59 201 358 0.94811
00017.jpg 308 85 161 334 0.94779
00017.jpg 484 119 154 310 0.94756
00017.jpg 6 159 130 183 0.94652
00017.jpg 6 163 138 173 0.94298
00017.jpg 496 132 143 313 0.94294
00017.jpg 0 156 148 183 0.94100
00017.jpg 306 54 166 364 0.94053
00017.jpg 2 160 148 190 0.93984
00017.jpg 3 158 140 186 0.93970
00017.jpg 1 157 144 192 0.93968
00017.jpg 495 125 144 297 0.93952
00017.jpg 4 166 141 183 0.93895
00017.jpg 0 167 150 186 0.93833
00017.jpg 0 167 153 181 0.93832
00017.jpg 487 126 149 308 0.93606
00017.jpg 0 167 148 180 0.93391
00017.jpg 282 58 184 361 0.93127
00017.jpg 493 121 146 312 0.92788
00017.jpg 316 84 149 300 0.92695
00017.jpg 0 160 153 188 0.92577
00017.jpg 264 77 210 338 0.92010
00017.jpg 270 62 217 362 0.91966
00017.jpg 269 57 209 371 0.91730
00017.jpg 485 124 142 310 0.91722
00017.jpg 5 161 140 180 0.91717
00017.jpg 305 73 177 358 0.91256
00017.jpg 254 90 223 322 0.91178
00017.jpg 487 122 139 322 0.91161
00017.jpg 272 70 201 352 0.91083
00017.jpg 276 63 197 352 0.90995
00017.jpg 286 72 176 353 0.90852
00017.jpg 262 80 255 338 0.90653
00017.jpg 307 90 168 317 0.90568
00017.jpg 261 98 225 311 0.90228
00017.jpg 4 164 136 179 0.90029
00017.jpg 265 63 224 355 0.89636
00017.jpg 270 48 211 379 0.89408
00017.jpg 10 162 146 195 0.89335
00017.jpg 6 158 135 190 0.89283
00017.jpg 227 76 270 343 0.88961
00017.jpg 3 163 141 183 0.88355
00017.jpg 301 81 178 322 0.88101
00017.jpg 306 85 164 309 0.88097
00017.jpg 0 158 146 192 0.88041
00017.jpg 273 61 204 356 0.87909
00017.jpg 5 160 146 180 0.87512
00017.jpg 264 77 224 339 0.87261
00017.jpg 0 164 148 179 0.87203
00017.jpg 266 44 242 401 0.86511
00017.jpg 500 129 134 316 0.86303
00017.jpg 5 166 139 174 0.86274
00017.jpg 489 124 142 332 0.86232
00017.jpg 5 169 139 173 0.85578
00017.jpg 268 84 207 353 0.85452
00017.jpg 492 124 147 286 0.85371
00017.jpg 10 164 132 172 0.85349
00017.jpg 5 161 134 180 0.85329
00017.jpg 5 158 153 189 0.85218
00017.jpg 242 77 236 322 0.85063
00017.jpg 11 162 137 183 0.85005
00017.jpg 499 121 137 329 0.84982
00017.jpg 487 122 152 328 0.84979
00017.jpg 1 160 152 184 0.84335
00017.jpg 3 164 145 182 0.84055
00017.jpg 0 159 143 186 0.83945
00017.jpg 505 117 132 330 0.83928
00017.jpg 166 141 138 184 0.83637
00017.jpg 9 160 149 183 0.83532
00017.jpg 490 128 149 316 0.83202
00017.jpg 2 167 141 175 0.82975
00017.jpg 10 159 130 197 0.82385
00017.jpg 0 169 142 175 0.81881
00017.jpg 3 159 135 186 0.81529
00017.jpg 485 141 150 268 0.81475
00017.jpg 326 88 156 314 0.80928
00017.jpg 333 100 142 298 0.80315
00017.jpg 170 147 125 164 0.79752
00017.jpg 174 149 113 162 0.79497
00017.jpg 5 162 137 183 0.79326
00017.jpg 2 163 153 170 0.79043
00017.jpg 500 128 136 308 0.78614
00017.jpg 178 139 120 193 0.78246
00017.jpg 303 96 166 312 0.78009
00017.jpg 289 87 162 325 0.77816
00017.jpg 253 67 246 338 0.77501
00017.jpg 161 146 133 166 0.77416
00017.jpg 292 56 196 378 0.77004
00017.jpg 494 147 141 299 0.75488
00017.jpg 493 123 146 303 0.74746
00017.jpg 247 60 236 370 0.74587
00017.jpg 171 141 130 190 0.74268
00017.jpg 265 78 235 358 0.73815
00017.jpg 7 170 153 182 0.73755
00017.jpg 164 153 127 156 0.73694
00017.jpg 8 166 139 177 0.73658
00017.jpg 173 151 116 160 0.73221
00017.jpg 176 146 119 164 0.73068
00017.jpg 172 147 131 178 0.72981
00017.jpg 168 141 134 166 0.72432
00017.jpg 175 144 127 168 0.72155
00017.jpg 487 125 150 284 0.71263
00017.jpg 486 122 140 295 0.71054
00017.jpg 240 45 228 375 0.70658
00017.jpg 173 141 119 196 0.70586
00017.jpg 498 128 141 298 0.70497
00017.jpg 5 152 144 206 0.70291
00017.jpg 176 149 119 166 0.69790
00017.jpg 171 148 112 169 0.69322
00017.jpg 178 148 112 174 0.69168
00017.jpg 265 84 183 322 0.69058
00017.jpg 5 155 147 184 0.68591
00017.jpg 515 134 115 298 0.68468
00017.jpg 174 142 129 188 0.67966
00017.jpg 177 150 114 161 0.67632
00017.jpg 4 163 128 177 0.67585
00017.jpg 3 155 152 208 0.66557
00017.jpg 257 78 205 331 0.66482
00017.jpg 296 68 217 359 0.66388
00017.jpg 291 82 208 320 0.66371
00017.jpg 172 133 124 190 0.66307
00017.jpg 173 144 112 179 0.66020
00017.jpg 6 163 131 184 0.65865
00017.jpg 500 130 135 275 0.65107
00017.jpg 209 145 54 86 0.64659
00017.jpg 168 138 123 189 0.64611
00017.jpg 8 154 172 205 0.64201
00017.jpg 2 167 136 171 0.63851
00017.jpg 508 124 129 321 0.63819
00017.jpg 170 148 128 153 0.63489
00017.jpg 484 125 155 317 0.63210
00017.jpg 501 126 138 272 0.63131
00017.jpg 8 163 127 180 0.63060
00017.jpg 330 94 129 289 0.62239
00017.jpg 265 79 179 336 0.61926
00017.jpg 171 148 115 172 0.61336
00017.jpg 207 158 68 70 0.61313
00017.jpg 2 160 136 172 0.61274
00017.jpg 15 164 130 169 0.60928
00017.jpg 176 153 100 163 0.60547
00017.jpg 487 137 144 247 0.60115
00017.jpg 1 168 135 168 0.59920
00017.jpg 286 95 191 296 0.59903
00017.jpg 172 146 127 182 0.59685
00017.jpg 279 88 172 308 0.59597
00017.jpg 184 110 239 317 0.59284
00017.jpg 179 147 104 179 0.58972
00017.jpg 7 160 131 184 0.58370
00017.jpg 322 93 143 282 0.58200
00017.jpg 0 163 136 186 0.58037
00017.jpg 173 147 123 188 0.57512
00017.jpg 251 61 222 358 0.57456
00017.jpg 314 84 188 330 0.57299
00017.jpg 347 95 129 287 0.57010
00017.jpg 309 48 167 355 0.56993
00017.jpg 176 148 110 186 0.56850
00017.jpg 0 165 172 200 0.56836
00017.jpg 12 160 144 191 0.56438
00017.jpg 16 160 131 196 0.56044
00017.jpg 181 149 111 142 0.55583
00017.jpg 302 113 147 292 0.55318
00017.jpg 12 168 48 83 0.55303
00017.jpg 509 123 125 333 0.55104
00017.jpg 200 161 85 67 0.55041
00017.jpg 481 132 158 263 0.54788
00017.jpg 15 166 137 180 0.54547
00017.jpg 163 150 129 168 0.54059
00017.jpg 3 171 158 183 0.53820
00017.jpg 5 162 147 187 0.53736
00017.jpg 174 150 109 182 0.53536
00017.jpg 178 151 111 141 0.53434
00017.jpg 203 87 278 320 0.53022
00017.jpg 514 123 125 302 0.52664
00017.jpg 5 169 59 97 0.52038
00017.jpg 497 130 135 315 0.51690
00017.jpg 169 148 125 135 0.51633
00017.jpg 165 143 128 200 0.51265
00017.jpg 169 154 109 178 0.50987
00017.jpg 237 82 227 319 0.50973
00017.jpg 194 145 74 96 0.50901
00017.jpg 190 61 286 365 0.50673
00017.jpg 171 146 139 229 0.50648
00017.jpg 321 72 156 320 0.50332
00017.jpg 193 160 84 75 0.50135
