00036.jpg 56 147 130 237 0.99230
00036.jpg 149 120 233 332 0.98655
00036.jpg 149 120 235 323 0.98492
00036.jpg 383 121 216 321 0.98450
00036.jpg 377 130 227 295 0.98368
00036.jpg 389 115 212 313 0.98286
00036.jpg 165 106 218 346 0.98244
00036.jpg 376 120 224 313 0.98183
00036.jpg 148 117 234 325 0.98101
00036.jpg 387 127 204 314 0.98078
00036.jpg 369 107 252 338 0.97895
00036.jpg 48 152 148 236 0.97839
00036.jpg 380 123 215 309 0.97678
00036.jpg 47 144 148 232 0.97672
00036.jpg 392 111 194 321 0.97665
00036.jpg 385 132 215 310 0.97469
00036.jpg 155 110 227 347 0.97113
00036.jpg 386 125 190 297 0.96575
00036.jpg 391 119 213 319 0.96447
00036.jpg 380 125 223 314 0.96331
00036.jpg 394 129 206 322 0.96327
00036.jpg 390 117 201 326 0.96297
00036.jpg 56 144 143 243 0.96238
00036.jpg 40 146 167 245 0.96202
00036.jpg 164 123 207 334 0.96161
00036.jpg 154 115 224 347 0.96127
00036.jpg 53 157 143 232 0.96116
00036.jpg 59 149 132 229 0.96010
00036.jpg 48 146 146 226 0.95891
00036.jpg 201 113 170 314 0.95820
00036.jpg 59 151 131 217 0.95746
00036.jpg 385 122 201 305 0.95632
00036.jpg 395 133 184 299 0.95568
00036.jpg 123 104 253 354 0.95509
00036.jpg 52 146 140 230 0.95349
00036.jpg 396 129 203 289 0.95220
00036.jpg 177 114 201 322 0.95206
00036.jpg 49 150 135 224 0.95015
00036.jpg 178 115 204 300 0.94582
00036.jpg 52 150 136 230 0.94534
00036.jpg 376 124 227 302 0.94338
00036.jpg 51 143 156 251 0.94318
00036.jpg 140 114 257 315 0.94278
00036.jpg 158 105 221 347 0.94040
00036.jpg 49 153 149 237 0.93948
00036.jpg 145 118 234 341 0.93822
00036.jpg 153 116 238 325 0.93542
00036.jpg 145 118 241 341 0.93524
00036.jpg 154 116 222 329 0.93482
00036.jpg 43 144 159 244 0.93328
00036.jpg 144 127 230 323 0.92986
00036.jpg 57 152 131 234 0.92811
00036.jpg 55 147 134 226 0.92705
00036.jpg 63 143 129 241 0.92547
00036.jpg 34 148 162 231 0.92546
00036.jpg 49 149 154 238 0.92404
00036.jpg 60 146 128 235 0.91962
00036.jpg 391 103 216 355 0.91882
00036.jpg 375 109 220 333 0.91874
00036.jpg 53 153 137 221 0.91797
00036.jpg 62 158 122 222 0.91724
00036.jpg 173 112 204 318 0.91716
00036.jpg 388 113 203 335 0.91702
00036.jpg 54 158 135 221 0.91627
00036.jpg 50 154 129 210 0.91569
00036.jpg 53 146 145 248 0.91440
00036.jpg 53 151 130 230 0.91266
00036.jpg 146 127 216 322 0.91071
00036.jpg 177 114 204 327 0.90988
00036.jpg 165 115 205 345 0.90934
00036.jpg 199 104 171 323 0.90199
00036.jpg 388 122 218 335 0.90182
00036.jpg 58 148 132 235 0.89862
00036.jpg 203 113 174 323 0.89284
00036.jpg 54 146 137 250 0.89265
00036.jpg 382 120 211 330 0.89151
00036.jpg 372 124 222 299 0.89073
00036.jpg 39 145 167 248 0.89017
00036.jpg 161 121 209 334 0.88411
00036.jpg 61 158 124 219 0.88403
00036.jpg 391 111 200 335 0.88365
00036.jpg 58 156 130 216 0.88270
00036.jpg 172 125 174 325 0.87852
00036.jpg 39 154 158 233 0.87492
00036.jpg 58 151 126 228 0.87294
00036.jpg 105 115 264 334 0.86779
00036.jpg 150 116 223 339 0.86620
00036.jpg 56 158 137 213 0.86532
00036.jpg 55 150 129 227 0.86386
00036.jpg 152 104 236 363 0.86364
00036.jpg 368 112 244 347 0.86269
00036.jpg 51 155 153 204 0.86248
00036.jpg 157 121 199 330 0.86000
00036.jpg 42 141 139 255 0.85393
00036.jpg 62 150 121 225 0.85188
00036.jpg 144 112 232 355 0.84946
00036.jpg 179 122 207 303 0.84464
00036.jpg 45 151 147 241 0.84306
00036.jpg 48 146 146 238 0.84306
00036.jpg 164 93 223 370 0.84300
00036.jpg 56 155 131 224 0.84274
00036.jpg 39 149 169 225 0.84168
00036.jpg 54 154 138 222 0.83914
00036.jpg 57 152 134 232 0.83540
00036.jpg 163 111 225 319 0.83348
00036.jpg 388 136 197 298 0.82915
00036.jpg 58 154 128 217 0.82714
00036.jpg 46 155 150 230 0.82270
00036.jpg 60 158 121 222 0.81737
00036.jpg 388 131 221 300 0.81682
00036.jpg 65 157 117 212 0.81119
00036.jpg 34 156 173 231 0.81001
00036.jpg 173 115 191 310 0.80995
00036.jpg 52 149 135 228 0.80938
00036.jpg 393 128 185 289 0.80186
00036.jpg 200 118 181 303 0.79904
00036.jpg 154 110 246 345 0.79520
00036.jpg 395 119 211 337 0.79422
00036.jpg 55 155 133 224 0.79088
00036.jpg 58 150 134 224 0.78735
00036.jpg 147 105 243 351 0.78585
00036.jpg 143 115 241 319 0.78188
00036.jpg 371 118 233 326 0.77558
00036.jpg 34 140 208 261 0.77508
00036.jpg 134 113 230 346 0.77037
00036.jpg 55 167 135 204 0.76380
00036.jpg 70 148 115 235 0.75899
00036.jpg 58 147 124 230 0.75530
00036.jpg 45 163 147 237 0.75373
00036.jpg 53 147 142 230 0.75250
00036.jpg 49 141 147 239 0.75051
00036.jpg 38 150 149 244 0.74743
00036.jpg 389 135 214 279 0.74671
00036.jpg 159 128 205 337 0.74236
00036.jpg 396 132 193 302 0.73835
00036.jpg 55 147 132 228 0.73314
00036.jpg 134 126 228 338 0.73160
00036.jpg 36 137 182 262 0.72852
00036.jpg 196 134 155 288 0.72451
00036.jpg 131 129 236 336 0.72072
00036.jpg 166 137 185 324 0.71473
00036.jpg 198 134 149 287 0.70721
00036.jpg 69 156 122 219 0.70489
00036.jpg 62 156 115 224 0.69448
00036.jpg 49 150 148 212 0.68840
00036.jpg 211 112 169 313 0.68670
00036.jpg 134 98 245 361 0.68566
00036.jpg 144 131 198 322 0.67898
00036.jpg 388 116 208 310 0.67481
00036.jpg 116 110 269 354 0.67315
00036.jpg 47 144 133 221 0.66792
00036.jpg 361 115 225 328 0.66733
00036.jpg 188 105 209 348 0.65880
00036.jpg 372 112 211 319 0.62712
00036.jpg 387 119 226 318 0.62676
00036.jpg 47 145 158 212 0.62657
00036.jpg 222 125 139 261 0.62550
00036.jpg 168 106 217 306 0.62148
00036.jpg 53 147 130 228 0.62109
00036.jpg 115 133 256 302 0.61998
00036.jpg 4 175 53 129 0.61893
00036.jpg 391 119 207 299 0.61344
00036.jpg 57 161 148 212 0.61007
00036.jpg 396 111 186 309 0.60743
00036.jpg 62 162 119 207 0.60222
00036.jpg 135 115 236 320 0.59765
00036.jpg 46 161 135 205 0.59580
00036.jpg 204 127 161 313 0.59562
00036.jpg 58 155 132 225 0.59107
00036.jpg 224 126 150 233 0.59014
00036.jpg 399 131 180 288 0.58869
00036.jpg 213 119 155 286 0.58395
00036.jpg 157 115 197 309 0.57967
00036.jpg 42 163 143 210 0.57626
00036.jpg 382 124 169 321 0.57038
00036.jpg 221 122 134 234 0.56807
00036.jpg 377 134 205 300 0.56732
00036.jpg 153 110 216 301 0.55053
00036.jpg 0 155 57 149 0.54776
00036.jpg 152 133 198 313 0.54537
00036.jpg 228 119 139 232 0.54266
00036.jpg 220 126 136 247 0.54035
00036.jpg 113 132 277 335 0.53003
00036.jpg 203 113 186 339 0.52840
00036.jpg 388 133 204 287 0.52285
00036.jpg 219 116 158 291 0.51966
00036.jpg 164 135 174 309 0.51949
00036.jpg 220 123 148 259 0.51910
00036.jpg 46 154 141 193 0.50968
00036.jpg 174 136 182 263 0.50877
00036.jpg 32 154 154 249 0.50501
00036.jpg 50 156 167 208 0.50336
