00017.jpg 824 195 99 123 0.99842
00017.jpg 648 236 204 228 0.99784
00017.jpg 640 232 208 239 0.99710
00017.jpg 405 210 139 149 0.99708
00017.jpg 401 211 144 151 0.99705
00017.jpg 823 190 105 127 0.99684
00017.jpg 831 193 89 124 0.99678
00017.jpg 638 230 203 241 0.99556
00017.jpg 641 221 205 260 0.99495
00017.jpg 296 187 92 111 0.99431
00017.jpg 633 237 208 211 0.99347
00017.jpg 633 231 203 240 0.99345
00017.jpg 640 235 205 242 0.99267
00017.jpg 410 200 138 167 0.99183
00017.jpg 411 204 139 156 0.99128
00017.jpg 825 194 104 124 0.99122
00017.jpg 403 211 138 157 0.99101
00017.jpg 828 192 97 129 0.99101
00017.jpg 647 179 58 92 0.99076
00017.jpg 408 207 131 162 0.99057
00017.jpg 536 215 125 198 0.99050
00017.jpg 632 238 213 233 0.99044
00017.jpg 531 220 137 197 0.99020
00017.jpg 832 195 92 120 0.99011
00017.jpg 636 231 196 235 0.98995
00017.jpg 648 235 205 223 0.98973
00017.jpg 646 236 195 229 0.98962
00017.jpg 828 191 93 129 0.98922
00017.jpg 644 236 198 247 0.98882
00017.jpg 641 245 202 225 0.98864
00017.jpg 411 205 137 161 0.98848
00017.jpg 829 196 94 120 0.98817
00017.jpg 722 179 72 103 0.98810
00017.jpg 644 177 60 96 0.98810
00017.jpg 828 189 89 129 0.98807
00017.jpg 412 205 141 155 0.98770
00017.jpg 525 216 136 199 0.98764
00017.jpg 288 185 96 104 0.98750
00017.jpg 655 234 185 234 0.98745
00017.jpg 402 199 141 168 0.98718
00017.jpg 534 221 130 193 0.98692
00017.jpg 647 240 199 235 0.98673
00017.jpg 650 241 193 232 0.98627
00017.jpg 828 195 100 122 0.98587
00017.jpg 826 193 97 130 0.98574
00017.jpg 261 181 71 85 0.98571
00017.jpg 412 213 125 152 0.98567
00017.jpg 411 210 130 160 0.98539
00017.jpg 538 218 134 200 0.98500
00017.jpg 640 231 201 237 0.98500
00017.jpg 826 197 100 121 0.98471
00017.jpg 401 206 148 158 0.98438
00017.jpg 646 177 59 97 0.98426
00017.jpg 827 194 101 125 0.98413
00017.jpg 826 193 101 124 0.98386
00017.jpg 539 222 129 189 0.98370
00017.jpg 723 184 68 100 0.98354
00017.jpg 823 192 102 122 0.98351
00017.jpg 829 190 91 123 0.98326
00017.jpg 529 217 139 197 0.98260
00017.jpg 653 230 172 238 0.98210
00017.jpg 531 223 139 189 0.98208
00017.jpg 531 215 137 203 0.98204
00017.jpg 535 219 130 195 0.98184
00017.jpg 724 185 67 95 0.98162
00017.jpg 234 181 92 80 0.98157
00017.jpg 724 183 69 101 0.98104
00017.jpg 653 176 51 94 0.98082
00017.jpg 402 209 138 156 0.98070
00017.jpg 535 230 130 182 0.98054
00017.jpg 829 191 97 127 0.98024
00017.jpg 533 219 135 190 0.97995
00017.jpg 408 211 133 151 0.97976
00017.jpg 413 206 128 149 0.97969
00017.jpg 646 175 59 102 0.97904
00017.jpg 825 194 101 123 0.97886
00017.jpg 828 194 97 123 0.97880
00017.jpg 430 138 92 91 0.97871
00017.jpg 829 195 97 119 0.97858
00017.jpg 646 176 59 96 0.97817
00017.jpg 724 180 71 106 0.97799
00017.jpg 532 221 136 195 0.97785
00017.jpg 641 234 209 242 0.97770
00017.jpg 536 228 128 184 0.97766
00017.jpg 822 187 102 129 0.97760
00017.jpg 644 221 202 246 0.97758
00017.jpg 643 241 203 228 0.97750
00017.jpg 534 216 134 202 0.97722
00017.jpg 536 224 135 186 0.97714
00017.jpg 723 181 73 102 0.97651
00017.jpg 534 218 130 196 0.97647
00017.jpg 723 181 70 103 0.97601
00017.jpg 835 187 90 132 0.97570
00017.jpg 648 176 58 99 0.97561
00017.jpg 530 221 128 185 0.97554
00017.jpg 646 234 203 239 0.97520
00017.jpg 530 219 135 195 0.97519
00017.jpg 410 212 131 155 0.97496
00017.jpg 224 170 70 91 0.97415
00017.jpg 269 181 64 92 0.97395
00017.jpg 722 183 74 97 0.97374
00017.jpg 222 172 73 93 0.97292
00017.jpg 647 233 206 239 0.97291
00017.jpg 410 206 134 160 0.97291
00017.jpg 521 169 43 74 0.97265
00017.jpg 414 205 125 162 0.97255
00017.jpg 646 174 57 100 0.97211
00017.jpg 646 232 204 238 0.97188
00017.jpg 827 197 99 116 0.97187
00017.jpg 664 238 178 222 0.97183
00017.jpg 638 241 212 225 0.97161
00017.jpg 823 192 96 122 0.97159
00017.jpg 722 179 74 106 0.97155
00017.jpg 823 195 103 123 0.97141
00017.jpg 827 194 99 121 0.97140
00017.jpg 406 207 139 148 0.97109
00017.jpg 290 188 93 98 0.97039
00017.jpg 226 181 104 73 0.97026
00017.jpg 344 188 109 138 0.97025
00017.jpg 573 173 53 74 0.96991
00017.jpg 528 222 138 191 0.96943
00017.jpg 291 182 98 106 0.96899
00017.jpg 401 204 144 167 0.96898
00017.jpg 826 188 98 133 0.96896
00017.jpg 827 193 96 122 0.96856
00017.jpg 647 176 54 95 0.96806
00017.jpg 408 210 135 157 0.96751
00017.jpg 286 186 91 102 0.96710
00017.jpg 251 177 80 89 0.96681
00017.jpg 645 246 200 225 0.96655
00017.jpg 641 238 209 238 0.96605
00017.jpg 301 186 84 109 0.96599
00017.jpg 647 235 192 238 0.96552
00017.jpg 720 179 71 106 0.96527
00017.jpg 427 143 87 84 0.96504
00017.jpg 575 173 51 75 0.96460
00017.jpg 721 182 75 103 0.96417
00017.jpg 291 184 88 108 0.96412
00017.jpg 257 180 81 85 0.96390
00017.jpg 290 183 99 109 0.96367
00017.jpg 642 236 200 239 0.96259
00017.jpg 570 173 58 72 0.96243
00017.jpg 529 224 136 185 0.96193
00017.jpg 231 178 93 84 0.96190
00017.jpg 433 145 87 84 0.96159
00017.jpg 571 174 57 71 0.96155
00017.jpg 404 207 138 163 0.96137
00017.jpg 719 184 77 98 0.96093
00017.jpg 433 139 84 92 0.96089
00017.jpg 229 176 88 88 0.96080
00017.jpg 333 192 115 130 0.96030
00017.jpg 297 184 85 105 0.96003
00017.jpg 229 175 69 85 0.95992
00017.jpg 401 209 145 156 0.95948
00017.jpg 533 218 134 195 0.95852
00017.jpg 720 186 71 90 0.95838
00017.jpg 723 182 71 101 0.95829
00017.jpg 408 201 133 163 0.95742
00017.jpg 223 174 74 87 0.95706
00017.jpg 645 231 197 238 0.95669
00017.jpg 536 216 126 196 0.95643
00017.jpg 646 178 59 96 0.95595
00017.jpg 521 173 45 68 0.95588
00017.jpg 518 170 50 71 0.95570
00017.jpg 13 150 32 61 0.95538
00017.jpg 527 219 139 196 0.95537
00017.jpg 224 175 69 84 0.95495
00017.jpg 649 179 54 98 0.95487
00017.jpg 424 141 99 87 0.95426
00017.jpg 829 190 95 128 0.95420
00017.jpg 527 171 38 71 0.95369
00017.jpg 528 222 137 194 0.95362
00017.jpg 528 219 136 197 0.95357
00017.jpg 721 184 74 99 0.95284
00017.jpg 636 233 208 233 0.95259
00017.jpg 427 139 92 94 0.95240
00017.jpg 220 172 78 88 0.95212
00017.jpg 826 195 100 121 0.95198
00017.jpg 521 169 43 72 0.95196
00017.jpg 721 179 71 106 0.95187
00017.jpg 638 241 208 233 0.95165
00017.jpg 245 180 79 80 0.95157
00017.jpg 528 217 141 197 0.95151
00017.jpg 646 179 60 92 0.95131
00017.jpg 722 178 70 106 0.95117
00017.jpg 434 139 84 100 0.95109
00017.jpg 344 193 116 121 0.95099
00017.jpg 345 195 104 131 0.94995
00017.jpg 15 150 36 68 0.94982
00017.jpg 536 222 132 193 0.94972
00017.jpg 723 179 67 109 0.94949
00017.jpg 405 208 137 153 0.94819
00017.jpg 222 175 77 84 0.94738
00017.jpg 429 145 92 88 0.94735
00017.jpg 721 183 73 99 0.94730
00017.jpg 574 172 50 76 0.94727
00017.jpg 646 174 56 97 0.94711
00017.jpg 531 221 130 193 0.94703
00017.jpg 625 233 221 234 0.94605
00017.jpg 406 204 141 167 0.94597
00017.jpg 724 179 73 106 0.94586
00017.jpg 242 181 70 75 0.94551
00017.jpg 650 179 54 92 0.94537
00017.jpg 434 140 81 88 0.94492
00017.jpg 635 252 210 203 0.94485
00017.jpg 643 224 200 257 0.94468
00017.jpg 400 203 147 162 0.94458
00017.jpg 827 196 95 122 0.94398
00017.jpg 531 223 136 188 0.94385
00017.jpg 574 171 51 74 0.94240
00017.jpg 343 197 132 135 0.94143
00017.jpg 526 219 130 188 0.94048
00017.jpg 388 204 164 160 0.94021
00017.jpg 390 206 161 153 0.94021
00017.jpg 647 177 56 96 0.94016
00017.jpg 264 183 67 90 0.94003
00017.jpg 405 210 146 150 0.93872
00017.jpg 414 203 133 157 0.93870
00017.jpg 265 182 65 80 0.93734
00017.jpg 222 175 72 87 0.93728
00017.jpg 829 192 91 127 0.93708
00017.jpg 532 216 137 195 0.93681
00017.jpg 221 169 78 90 0.93621
00017.jpg 10 148 39 63 0.93620
00017.jpg 521 171 45 70 0.93610
00017.jpg 721 184 73 101 0.93592
00017.jpg 530 218 132 198 0.93551
00017.jpg 573 174 55 73 0.93533
00017.jpg 648 177 57 97 0.93529
00017.jpg 523 224 140 184 0.93476
00017.jpg 723 181 71 104 0.93463
00017.jpg 573 172 55 73 0.93425
00017.jpg 636 250 210 218 0.93418
00017.jpg 278 179 105 113 0.93352
00017.jpg 639 218 204 253 0.93322
00017.jpg 522 170 44 71 0.93289
00017.jpg 296 184 82 101 0.93273
00017.jpg 725 180 70 104 0.93259
00017.jpg 520 168 44 75 0.93214
00017.jpg 518 170 47 76 0.93171
00017.jpg 827 195 95 123 0.93159
00017.jpg 573 171 53 75 0.93139
00017.jpg 647 176 57 96 0.93132
00017.jpg 648 177 58 96 0.93064
00017.jpg 248 177 82 92 0.93047
00017.jpg 722 184 72 103 0.93044
00017.jpg 404 204 146 162 0.93012
00017.jpg 832 193 91 124 0.92992
00017.jpg 648 176 56 101 0.92920
00017.jpg 723 183 70 106 0.92902
00017.jpg 229 173 75 92 0.92874
00017.jpg 529 231 138 179 0.92866
00017.jpg 298 185 88 103 0.92840
00017.jpg 287 188 102 108 0.92813
00017.jpg 219 172 79 85 0.92809
00017.jpg 427 142 91 88 0.92735
00017.jpg 535 220 125 194 0.92731
00017.jpg 440 142 77 85 0.92728
00017.jpg 402 213 139 147 0.92653
00017.jpg 297 186 83 104 0.92633
00017.jpg 522 170 47 70 0.92627
00017.jpg 410 205 133 162 0.92519
00017.jpg 720 182 77 100 0.92515
00017.jpg 346 185 106 139 0.92513
00017.jpg 334 188 116 139 0.92506
00017.jpg 411 212 138 157 0.92466
00017.jpg 403 205 146 160 0.92391
00017.jpg 340 191 116 127 0.92379
00017.jpg 223 175 71 79 0.92283
00017.jpg 341 188 111 137 0.92233
00017.jpg 721 180 72 105 0.92222
00017.jpg 337 193 114 129 0.92181
00017.jpg 427 143 90 83 0.92173
00017.jpg 270 183 62 75 0.92136
00017.jpg 644 176 61 95 0.92069
00017.jpg 573 174 55 68 0.92061
00017.jpg 425 143 91 94 0.92035
00017.jpg 10 149 43 61 0.92024
00017.jpg 262 186 100 86 0.91956
00017.jpg 428 141 96 96 0.91943
00017.jpg 636 241 210 231 0.91927
00017.jpg 647 175 54 99 0.91846
00017.jpg 721 180 74 106 0.91844
00017.jpg 647 233 197 224 0.91809
00017.jpg 722 182 74 102 0.91805
00017.jpg 574 168 51 75 0.91728
00017.jpg 254 186 133 87 0.91712
00017.jpg 829 194 100 128 0.91706
00017.jpg 402 201 151 162 0.91680
00017.jpg 408 205 140 156 0.91641
00017.jpg 13 147 38 61 0.91636
00017.jpg 652 175 49 100 0.91523
00017.jpg 412 207 130 160 0.91494
00017.jpg 251 182 83 77 0.91480
00017.jpg 223 176 78 76 0.91462
00017.jpg 530 226 140 182 0.91451
00017.jpg 647 178 59 94 0.91451
00017.jpg 352 191 97 125 0.91382
00017.jpg 437 141 86 88 0.91375
00017.jpg 651 176 53 95 0.91355
00017.jpg 721 182 76 95 0.91349
00017.jpg 332 195 128 122 0.91338
00017.jpg 521 165 49 79 0.91249
00017.jpg 570 174 56 73 0.91197
00017.jpg 345 197 110 125 0.91191
00017.jpg 299 188 84 103 0.91190
00017.jpg 535 226 132 182 0.91183
00017.jpg 352 192 98 126 0.91159
00017.jpg 642 177 60 104 0.91153
00017.jpg 342 197 113 126 0.91151
00017.jpg 428 142 88 88 0.91138
00017.jpg 247 182 89 84 0.91069
00017.jpg 403 208 142 163 0.91035
00017.jpg 521 166 46 81 0.90977
00017.jpg 645 178 58 99 0.90905
00017.jpg 292 184 96 106 0.90891
00017.jpg 402 208 143 156 0.90810
00017.jpg 650 179 55 93 0.90782
00017.jpg 572 171 49 77 0.90726
00017.jpg 521 166 44 78 0.90722
00017.jpg 628 217 223 261 0.90716
00017.jpg 646 184 60 89 0.90692
00017.jpg 519 167 48 76 0.90630
00017.jpg 423 146 94 92 0.90619
00017.jpg 342 193 107 132 0.90576
00017.jpg 640 228 208 246 0.90491
00017.jpg 220 171 80 78 0.90486
00017.jpg 13 155 36 49 0.90484
00017.jpg 522 170 39 69 0.90452
00017.jpg 569 169 57 76 0.90447
00017.jpg 265 185 64 79 0.90429
00017.jpg 575 173 49 71 0.90297
00017.jpg 295 188 82 95 0.90282
00017.jpg 639 238 206 233 0.90210
00017.jpg 648 179 55 94 0.90197
00017.jpg 9 149 35 64 0.90186
00017.jpg 218 176 79 81 0.90133
00017.jpg 528 218 135 194 0.90053
00017.jpg 294 187 84 101 0.90042
00017.jpg 644 176 60 96 0.90022
00017.jpg 528 224 127 181 0.89936
00017.jpg 721 179 69 108 0.89928
00017.jpg 340 194 103 125 0.89872
00017.jpg 535 224 131 189 0.89863
00017.jpg 220 171 80 90 0.89845
00017.jpg 328 188 126 128 0.89831
00017.jpg 11 149 37 64 0.89829
00017.jpg 324 190 130 121 0.89773
00017.jpg 271 181 57 92 0.89728
00017.jpg 340 192 123 134 0.89718
00017.jpg 405 207 141 154 0.89708
00017.jpg 524 228 141 175 0.89627
00017.jpg 572 173 57 71 0.89602
00017.jpg 646 176 61 94 0.89536
00017.jpg 518 171 49 70 0.89535
00017.jpg 522 215 148 202 0.89516
00017.jpg 251 177 74 94 0.89484
00017.jpg 521 171 43 71 0.89430
00017.jpg 13 155 36 51 0.89428
00017.jpg 303 186 80 106 0.89423
00017.jpg 10 151 37 67 0.89408
00017.jpg 528 222 140 194 0.89281
00017.jpg 518 168 47 73 0.89239
00017.jpg 222 181 91 81 0.89150
00017.jpg 341 189 105 130 0.89076
00017.jpg 521 224 140 186 0.89063
00017.jpg 422 142 98 94 0.88861
00017.jpg 647 178 57 93 0.88861
00017.jpg 226 173 68 88 0.88729
00017.jpg 339 191 119 122 0.88709
00017.jpg 439 138 77 85 0.88690
00017.jpg 646 175 53 100 0.88609
00017.jpg 224 174 70 77 0.88586
00017.jpg 571 173 55 75 0.88582
00017.jpg 573 172 54 74 0.88561
00017.jpg 430 138 90 86 0.88541
00017.jpg 401 207 150 158 0.88498
00017.jpg 347 193 105 123 0.88397
00017.jpg 299 186 80 107 0.88392
00017.jpg 219 175 78 80 0.88346
00017.jpg 344 191 96 135 0.88268
00017.jpg 295 180 98 115 0.88255
00017.jpg 218 176 82 78 0.88186
00017.jpg 435 143 80 84 0.88169
00017.jpg 632 229 210 248 0.88149
00017.jpg 577 172 49 74 0.88144
00017.jpg 297 188 86 107 0.88126
00017.jpg 225 173 75 92 0.88092
00017.jpg 225 172 68 83 0.88075
00017.jpg 571 172 53 77 0.88003
00017.jpg 571 172 58 74 0.87959
00017.jpg 574 171 52 72 0.87933
00017.jpg 221 175 76 86 0.87904
00017.jpg 406 214 137 146 0.87761
00017.jpg 423 148 96 82 0.87756
00017.jpg 401 203 141 159 0.87710
00017.jpg 288 186 131 113 0.87650
00017.jpg 526 225 138 181 0.87369
00017.jpg 264 180 71 86 0.87356
00017.jpg 280 187 88 96 0.87340
00017.jpg 575 174 52 71 0.87293
00017.jpg 333 189 121 137 0.87033
00017.jpg 252 184 138 92 0.86920
00017.jpg 722 181 71 94 0.86918
00017.jpg 218 175 83 73 0.86835
00017.jpg 723 185 69 97 0.86824
00017.jpg 646 177 54 95 0.86819
00017.jpg 429 139 90 92 0.86725
00017.jpg 239 177 126 95 0.86671
00017.jpg 260 177 75 100 0.86646
00017.jpg 221 175 81 84 0.86639
00017.jpg 350 189 103 145 0.86551
00017.jpg 398 206 136 152 0.86484
00017.jpg 12 150 34 51 0.86373
00017.jpg 405 195 149 166 0.86352
00017.jpg 521 170 46 72 0.86267
00017.jpg 722 178 72 109 0.86247
00017.jpg 225 177 75 81 0.86234
00017.jpg 573 168 54 77 0.86181
00017.jpg 267 183 60 80 0.86163
00017.jpg 345 194 97 122 0.86091
00017.jpg 638 235 215 230 0.86080
00017.jpg 275 183 115 109 0.86065
00017.jpg 223 175 79 86 0.85893
00017.jpg 574 174 54 74 0.85836
00017.jpg 828 198 94 112 0.85813
00017.jpg 532 226 142 190 0.85785
00017.jpg 15 153 34 48 0.85761
00017.jpg 519 169 48 75 0.85741
00017.jpg 8 153 43 59 0.85701
00017.jpg 457 137 60 92 0.85619
00017.jpg 719 182 78 90 0.85596
00017.jpg 234 178 117 88 0.85506
00017.jpg 427 144 87 83 0.85481
00017.jpg 347 191 102 133 0.85439
00017.jpg 576 172 48 76 0.85385
00017.jpg 223 176 92 86 0.85333
00017.jpg 722 184 73 100 0.85315
00017.jpg 575 170 52 79 0.85248
00017.jpg 355 189 101 135 0.85241
00017.jpg 252 182 78 81 0.85185
00017.jpg 722 185 70 96 0.85033
00017.jpg 722 184 68 102 0.84903
00017.jpg 646 237 204 234 0.84893
00017.jpg 349 192 106 118 0.84840
00017.jpg 226 175 78 75 0.84830
00017.jpg 293 181 95 115 0.84817
00017.jpg 223 173 76 87 0.84736
00017.jpg 262 186 67 82 0.84554
00017.jpg 287 174 95 115 0.84550
00017.jpg 569 176 56 68 0.84543
00017.jpg 638 232 207 227 0.84480
00017.jpg 403 206 142 160 0.84465
00017.jpg 832 195 96 126 0.84402
00017.jpg 431 141 90 86 0.84295
00017.jpg 264 186 141 104 0.84251
00017.jpg 527 227 139 190 0.84152
00017.jpg 827 195 95 118 0.84055
00017.jpg 348 189 105 129 0.83949
00017.jpg 573 176 53 64 0.83906
00017.jpg 719 183 76 104 0.83898
00017.jpg 574 174 58 79 0.83897
00017.jpg 259 182 75 81 0.83876
00017.jpg 646 178 61 97 0.83845
00017.jpg 221 174 79 86 0.83759
00017.jpg 425 139 95 86 0.83704
00017.jpg 292 181 91 115 0.83552
00017.jpg 218 177 84 84 0.83456
00017.jpg 432 144 88 87 0.83412
00017.jpg 644 229 203 243 0.83311
00017.jpg 722 183 71 98 0.83263
00017.jpg 534 219 132 198 0.83207
00017.jpg 427 145 82 86 0.83064
00017.jpg 9 154 40 62 0.83063
00017.jpg 724 180 70 105 0.82885
00017.jpg 394 202 163 151 0.82856
00017.jpg 715 181 79 109 0.82704
00017.jpg 830 183 97 128 0.82683
00017.jpg 262 178 72 98 0.82675
00017.jpg 574 173 53 67 0.82583
00017.jpg 343 193 110 132 0.82484
00017.jpg 523 225 140 185 0.82452
00017.jpg 641 241 207 224 0.82442
00017.jpg 276 181 78 100 0.82438
00017.jpg 265 181 69 77 0.82432
00017.jpg 223 175 74 88 0.82392
00017.jpg 300 187 80 102 0.82387
00017.jpg 429 137 81 92 0.81993
00017.jpg 522 170 42 72 0.81980
00017.jpg 645 175 63 100 0.81939
00017.jpg 523 221 148 192 0.81907
00017.jpg 400 209 154 145 0.81876
00017.jpg 10 152 39 56 0.81754
00017.jpg 220 172 77 90 0.81541
00017.jpg 335 190 123 128 0.81503
00017.jpg 574 168 52 75 0.81457
00017.jpg 283 181 101 115 0.81433
00017.jpg 407 205 136 161 0.81354
00017.jpg 339 188 172 159 0.81085
00017.jpg 725 180 64 103 0.81031
00017.jpg 649 176 57 100 0.80910
00017.jpg 525 225 137 182 0.80894
00017.jpg 640 238 201 234 0.80880
00017.jpg 11 147 38 66 0.80842
00017.jpg 722 181 74 104 0.80810
00017.jpg 12 150 35 58 0.80805
00017.jpg 646 177 55 94 0.80782
00017.jpg 345 189 107 138 0.80757
00017.jpg 575 174 54 75 0.80731
00017.jpg 293 186 87 104 0.80682
00017.jpg 520 170 42 74 0.80651
00017.jpg 646 236 201 231 0.80612
00017.jpg 639 241 207 230 0.80576
00017.jpg 439 143 82 81 0.80537
00017.jpg 348 192 97 122 0.80448
00017.jpg 541 228 120 189 0.80374
00017.jpg 265 186 58 74 0.80370
00017.jpg 287 177 109 121 0.80354
00017.jpg 632 237 214 225 0.80299
00017.jpg 220 174 72 68 0.80268
00017.jpg 297 187 86 108 0.80126
00017.jpg 416 208 128 160 0.79917
00017.jpg 519 167 45 75 0.79847
00017.jpg 340 195 116 134 0.79667
00017.jpg 644 178 61 96 0.79607
00017.jpg 308 185 73 110 0.79527
00017.jpg 252 178 92 92 0.79476
00017.jpg 426 142 90 85 0.79386
00017.jpg 652 244 197 229 0.79340
00017.jpg 522 224 140 193 0.79305
00017.jpg 425 147 87 82 0.79134
00017.jpg 296 184 88 100 0.79120
00017.jpg 13 150 37 57 0.79106
00017.jpg 428 143 69 88 0.78821
00017.jpg 833 187 93 127 0.78802
00017.jpg 645 174 60 107 0.78467
00017.jpg 577 174 44 64 0.78412
00017.jpg 826 196 101 130 0.78331
00017.jpg 295 190 87 107 0.78241
00017.jpg 822 192 100 113 0.77985
00017.jpg 521 171 43 73 0.77965
00017.jpg 428 135 91 93 0.77847
00017.jpg 720 177 72 96 0.77789
00017.jpg 352 192 106 141 0.77764
00017.jpg 395 197 146 162 0.77588
00017.jpg 269 182 62 92 0.77481
00017.jpg 577 172 49 73 0.77410
00017.jpg 568 171 64 80 0.77399
00017.jpg 305 183 71 105 0.77369
00017.jpg 431 141 97 115 0.77348
00017.jpg 208 174 143 91 0.77246
00017.jpg 526 226 140 190 0.77231
00017.jpg 220 172 79 69 0.77218
00017.jpg 294 182 93 103 0.77086
00017.jpg 345 191 108 137 0.77069
00017.jpg 13 151 39 48 0.77021
00017.jpg 16 153 35 51 0.76925
00017.jpg 218 177 104 86 0.76705
00017.jpg 269 182 58 77 0.76673
00017.jpg 213 177 106 83 0.76599
00017.jpg 528 233 134 187 0.76449
00017.jpg 523 169 42 72 0.76422
00017.jpg 14 151 35 51 0.76419
00017.jpg 648 242 197 224 0.76310
00017.jpg 12 146 40 60 0.75914
00017.jpg 644 174 61 108 0.75873
00017.jpg 391 203 145 149 0.75767
00017.jpg 415 205 130 160 0.75765
00017.jpg 432 144 88 85 0.75728
00017.jpg 434 142 85 78 0.75721
00017.jpg 637 224 198 258 0.75707
00017.jpg 424 142 108 84 0.75615
00017.jpg 218 177 122 85 0.75551
00017.jpg 350 193 100 134 0.75443
00017.jpg 355 194 95 123 0.75382
00017.jpg 295 188 95 99 0.75273
00017.jpg 272 184 54 83 0.75089
00017.jpg 219 173 80 86 0.75061
00017.jpg 828 198 101 122 0.74779
00017.jpg 222 169 72 86 0.74769
00017.jpg 575 172 52 75 0.74679
00017.jpg 570 169 56 71 0.74644
00017.jpg 822 192 106 128 0.74577
00017.jpg 353 192 95 128 0.74489
00017.jpg 648 247 206 225 0.74423
00017.jpg 12 148 38 62 0.74325
00017.jpg 404 220 139 146 0.74120
00017.jpg 324 196 152 125 0.74037
00017.jpg 647 176 50 90 0.73897
00017.jpg 570 174 54 68 0.73795
00017.jpg 574 177 54 72 0.73753
00017.jpg 223 176 80 85 0.73749
00017.jpg 284 193 106 93 0.73730
00017.jpg 520 173 41 68 0.73607
00017.jpg 569 170 55 78 0.73511
00017.jpg 334 188 107 128 0.73477
00017.jpg 253 179 144 108 0.73368
00017.jpg 650 177 56 99 0.73123
00017.jpg 423 140 94 96 0.73117
00017.jpg 631 230 220 242 0.73090
00017.jpg 294 185 92 110 0.73075
00017.jpg 539 221 135 194 0.72821
00017.jpg 293 191 100 103 0.72696
00017.jpg 322 183 128 133 0.72688
00017.jpg 648 179 61 98 0.72659
00017.jpg 631 231 222 235 0.72612
00017.jpg 827 196 93 115 0.72507
00017.jpg 518 170 49 74 0.72291
00017.jpg 516 171 45 73 0.72282
00017.jpg 346 202 107 113 0.72197
00017.jpg 255 188 139 102 0.72171
00017.jpg 292 182 93 106 0.72116
00017.jpg 271 182 60 80 0.72106
00017.jpg 429 140 90 90 0.72099
00017.jpg 650 179 59 97 0.72007
00017.jpg 538 212 129 214 0.71902
00017.jpg 510 224 174 189 0.71460
00017.jpg 350 196 100 126 0.71249
00017.jpg 818 186 102 136 0.71188
00017.jpg 534 229 134 179 0.71072
00017.jpg 520 169 47 78 0.71053
00017.jpg 281 181 103 97 0.71028
00017.jpg 423 144 88 89 0.70964
00017.jpg 825 186 101 139 0.70863
00017.jpg 455 138 65 92 0.70833
00017.jpg 296 184 86 109 0.70568
00017.jpg 711 179 85 113 0.70483
00017.jpg 724 181 73 101 0.70480
00017.jpg 523 170 44 73 0.70385
00017.jpg 273 179 58 80 0.70364
00017.jpg 650 228 198 240 0.70308
00017.jpg 354 193 107 139 0.70234
00017.jpg 353 188 99 131 0.70048
00017.jpg 269 188 97 90 0.69950
00017.jpg 282 183 124 112 0.69879
00017.jpg 429 143 92 90 0.69835
00017.jpg 255 182 104 97 0.69683
00017.jpg 519 166 47 77 0.69482
00017.jpg 577 174 52 66 0.69482
00017.jpg 244 185 145 92 0.69463
00017.jpg 646 180 61 99 0.69426
00017.jpg 643 177 57 98 0.69328
00017.jpg 406 185 132 177 0.69322
00017.jpg 299 185 86 102 0.69310
00017.jpg 434 138 77 90 0.69229
00017.jpg 219 174 108 94 0.69080
00017.jpg 401 160 119 107 0.68996
00017.jpg 721 184 79 107 0.68903
00017.jpg 305 192 93 102 0.68901
00017.jpg 523 224 149 190 0.68630
00017.jpg 519 169 43 73 0.68579
00017.jpg 339 186 111 144 0.68514
00017.jpg 577 171 51 73 0.68384
00017.jpg 277 184 57 79 0.68354
00017.jpg 572 172 60 88 0.68153
00017.jpg 230 176 64 76 0.68145
00017.jpg 567 172 61 85 0.68082
00017.jpg 430 141 87 82 0.68034
00017.jpg 219 176 75 59 0.68034
00017.jpg 279 182 56 83 0.68031
00017.jpg 421 143 93 92 0.67914
00017.jpg 296 186 80 101 0.67873
00017.jpg 224 171 74 75 0.67631
00017.jpg 624 237 224 237 0.67623
00017.jpg 424 144 93 77 0.67542
00017.jpg 341 188 115 118 0.67438
00017.jpg 518 172 48 77 0.67367
00017.jpg 427 143 95 80 0.67296
00017.jpg 418 208 118 161 0.67141
00017.jpg 518 168 46 70 0.67026
00017.jpg 302 189 78 112 0.66965
00017.jpg 18 150 34 56 0.66812
00017.jpg 523 218 137 191 0.66713
00017.jpg 523 167 40 76 0.66687
00017.jpg 348 195 94 116 0.66676
00017.jpg 394 192 148 180 0.66580
00017.jpg 262 182 68 91 0.66407
00017.jpg 352 192 94 123 0.66282
00017.jpg 276 181 105 108 0.66278
00017.jpg 303 184 81 124 0.66235
00017.jpg 661 239 200 228 0.66234
00017.jpg 299 188 85 100 0.66197
00017.jpg 567 174 57 71 0.66111
00017.jpg 427 143 86 91 0.66105
00017.jpg 649 177 60 94 0.65962
00017.jpg 541 215 118 198 0.65951
00017.jpg 571 171 62 93 0.65868
00017.jpg 574 173 55 94 0.65828
00017.jpg 266 180 69 80 0.65757
00017.jpg 522 217 146 181 0.65674
00017.jpg 292 183 86 97 0.65674
00017.jpg 296 182 87 110 0.65049
00017.jpg 274 184 53 74 0.64945
00017.jpg 416 209 128 150 0.64880
00017.jpg 269 184 57 79 0.64786
00017.jpg 424 142 92 112 0.64677
00017.jpg 645 240 206 229 0.64480
00017.jpg 230 175 67 87 0.64458
00017.jpg 429 145 85 79 0.64138
00017.jpg 526 227 140 185 0.64091
00017.jpg 219 172 87 80 0.64044
00017.jpg 287 181 94 112 0.64009
00017.jpg 433 137 92 95 0.63888
00017.jpg 652 181 50 91 0.63742
00017.jpg 641 170 64 110 0.63695
00017.jpg 349 197 120 136 0.63680
00017.jpg 426 147 74 81 0.63323
00017.jpg 12 154 39 65 0.63274
00017.jpg 544 227 131 190 0.63176
00017.jpg 416 144 94 83 0.63007
00017.jpg 569 173 57 64 0.62597
00017.jpg 212 174 92 83 0.62553
00017.jpg 647 177 63 103 0.62537
00017.jpg 13 151 39 67 0.62439
00017.jpg 427 189 87 40 0.62383
00017.jpg 259 184 129 84 0.62334
00017.jpg 455 139 63 84 0.62105
00017.jpg 348 197 104 112 0.61924
00017.jpg 825 183 102 143 0.61874
00017.jpg 216 177 83 79 0.61666
00017.jpg 525 223 144 180 0.61472
00017.jpg 442 142 80 81 0.61430
00017.jpg 723 177 75 110 0.61105
00017.jpg 327 189 140 114 0.60605
00017.jpg 224 171 70 75 0.60563
00017.jpg 396 203 141 153 0.60482
00017.jpg 230 179 67 73 0.60305
00017.jpg 357 194 90 131 0.60296
00017.jpg 651 234 192 229 0.60181
00017.jpg 274 188 57 77 0.59945
00017.jpg 395 207 153 166 0.59922
00017.jpg 289 183 168 125 0.59907
00017.jpg 229 177 60 75 0.59868
00017.jpg 422 148 84 78 0.59860
00017.jpg 409 210 137 156 0.59775
00017.jpg 719 178 72 100 0.59724
00017.jpg 521 223 139 175 0.59607
00017.jpg 640 229 211 246 0.59412
00017.jpg 634 228 206 241 0.59323
00017.jpg 258 181 76 94 0.59279
00017.jpg 289 181 105 107 0.59232
00017.jpg 573 172 53 64 0.59080
00017.jpg 349 189 100 127 0.59016
00017.jpg 432 140 89 76 0.58923
00017.jpg 220 180 87 79 0.58636
00017.jpg 332 184 105 134 0.58520
00017.jpg 269 187 70 85 0.58322
00017.jpg 568 172 55 73 0.58215
00017.jpg 652 235 194 245 0.57849
00017.jpg 280 185 52 80 0.57272
00017.jpg 221 180 78 85 0.57158
00017.jpg 452 140 65 76 0.57123
00017.jpg 718 177 77 118 0.57052
00017.jpg 645 235 206 238 0.57036
00017.jpg 281 182 49 75 0.57006
00017.jpg 828 194 99 122 0.56876
00017.jpg 290 190 85 90 0.56752
00017.jpg 518 169 45 71 0.56721
00017.jpg 234 174 61 76 0.56706
00017.jpg 409 206 141 148 0.56619
00017.jpg 268 183 57 72 0.56493
00017.jpg 274 183 114 110 0.56487
00017.jpg 650 181 52 109 0.56457
00017.jpg 9 150 46 57 0.56230
00017.jpg 451 138 64 106 0.56202
00017.jpg 349 197 92 125 0.56113
00017.jpg 527 208 147 204 0.56077
00017.jpg 648 229 201 252 0.55808
00017.jpg 448 138 74 86 0.55697
00017.jpg 459 141 52 77 0.55573
00017.jpg 575 172 57 82 0.55528
00017.jpg 572 176 50 71 0.55500
00017.jpg 8 157 39 48 0.55391
00017.jpg 579 171 55 82 0.55313
00017.jpg 637 229 198 240 0.55264
00017.jpg 434 144 92 81 0.55231
00017.jpg 308 187 79 103 0.55153
00017.jpg 353 192 91 121 0.55068
00017.jpg 296 188 87 100 0.54567
00017.jpg 724 182 78 89 0.54511
00017.jpg 269 182 56 75 0.54385
00017.jpg 430 153 66 77 0.54190
00017.jpg 362 202 138 155 0.54092
00017.jpg 313 186 172 125 0.54031
00017.jpg 271 182 56 76 0.53999
00017.jpg 626 229 225 242 0.53837
00017.jpg 294 187 94 100 0.53731
00017.jpg 826 193 95 120 0.53175
00017.jpg 357 205 169 144 0.53050
00017.jpg 319 191 114 118 0.53047
00017.jpg 519 170 51 68 0.53044
00017.jpg 226 177 70 69 0.52990
00017.jpg 722 181 73 100 0.52937
00017.jpg 516 175 46 68 0.52914
00017.jpg 353 193 93 140 0.52888
00017.jpg 633 230 189 250 0.52877
00017.jpg 271 176 60 86 0.52752
00017.jpg 344 203 99 106 0.52721
00017.jpg 254 182 72 84 0.52691
00017.jpg 521 186 139 227 0.52667
00017.jpg 270 187 133 98 0.52583
00017.jpg 428 145 65 74 0.52251
00017.jpg 416 141 92 86 0.52139
00017.jpg 728 183 72 93 0.52110
00017.jpg 527 223 134 174 0.51756
00017.jpg 15 148 38 67 0.51707
00017.jpg 317 185 92 120 0.51619
00017.jpg 286 184 98 113 0.51496
00017.jpg 723 179 75 92 0.51414
00017.jpg 830 194 100 124 0.51373
00017.jpg 822 198 103 116 0.51270
00017.jpg 824 194 93 126 0.51105
00017.jpg 882 361 77 65 0.51026
00017.jpg 253 186 66 77 0.50979
00017.jpg 512 172 54 79 0.50689
00017.jpg 823 186 100 137 0.50628
00017.jpg 824 200 102 121 0.50517
00017.jpg 726 183 69 113 0.50406
00017.jpg 651 179 49 94 0.50379
00017.jpg 889 363 70 66 0.50306
00017.jpg 720 185 76 104 0.50236
00017.jpg 542 213 122 199 0.49974
00017.jpg 257 186 72 76 0.49971
00017.jpg 212 177 86 64 0.49955
