00029.jpg 690 235 219 242 0.99858
00029.jpg 861 194 91 127 0.99855
00029.jpg 721 180 98 114 0.99824
00029.jpg 697 240 220 240 0.99809
00029.jpg 869 191 80 133 0.99744
00029.jpg 577 171 61 85 0.99716
00029.jpg 574 169 67 86 0.99691
00029.jpg 686 232 225 245 0.99672
00029.jpg 693 248 219 221 0.99668
00029.jpg 562 216 153 201 0.99667
00029.jpg 720 179 97 115 0.99664
00029.jpg 563 220 140 187 0.99662
00029.jpg 316 183 87 128 0.99656
00029.jpg 698 243 209 234 0.99647
00029.jpg 577 170 64 88 0.99632
00029.jpg 729 180 89 117 0.99630
00029.jpg 382 188 84 141 0.99617
00029.jpg 690 228 231 250 0.99571
00029.jpg 862 192 93 128 0.99550
00029.jpg 690 236 229 244 0.99545
00029.jpg 729 182 92 117 0.99545
00029.jpg 453 201 105 166 0.99531
00029.jpg 672 174 53 105 0.99518
00029.jpg 685 238 240 243 0.99511
00029.jpg 722 242 186 242 0.99488
00029.jpg 560 214 147 199 0.99484
00029.jpg 668 177 57 103 0.99474
00029.jpg 867 193 82 126 0.99455
00029.jpg 287 177 52 103 0.99437
00029.jpg 316 181 81 130 0.99406
00029.jpg 701 235 201 250 0.99400
00029.jpg 567 213 142 207 0.99388
00029.jpg 707 235 199 238 0.99368
00029.jpg 724 177 96 120 0.99340
00029.jpg 573 167 68 90 0.99310
00029.jpg 565 213 145 199 0.99302
00029.jpg 691 232 226 249 0.99296
00029.jpg 695 246 214 238 0.99289
00029.jpg 567 210 143 203 0.99266
00029.jpg 560 215 148 198 0.99245
00029.jpg 724 179 97 116 0.99244
00029.jpg 453 202 104 165 0.99240
00029.jpg 317 186 79 121 0.99189
00029.jpg 668 176 59 105 0.99182
00029.jpg 703 219 200 249 0.99140
00029.jpg 668 175 56 102 0.99115
00029.jpg 694 246 222 235 0.99105
00029.jpg 306 185 94 129 0.99099
00029.jpg 562 219 144 194 0.99098
00029.jpg 572 214 133 196 0.99088
00029.jpg 454 200 98 164 0.99084
00029.jpg 722 182 99 113 0.99071
00029.jpg 562 212 144 199 0.99066
00029.jpg 567 213 136 209 0.99038
00029.jpg 696 239 212 232 0.99017
00029.jpg 866 199 92 125 0.98988
00029.jpg 578 169 64 88 0.98977
00029.jpg 557 211 150 207 0.98974
00029.jpg 562 215 151 192 0.98940
00029.jpg 690 235 219 243 0.98927
00029.jpg 385 184 79 150 0.98919
00029.jpg 724 182 95 112 0.98915
00029.jpg 459 200 105 170 0.98912
00029.jpg 671 177 56 106 0.98896
00029.jpg 565 211 143 205 0.98876
00029.jpg 721 181 101 117 0.98847
00029.jpg 727 179 92 122 0.98834
00029.jpg 448 201 109 158 0.98798
00029.jpg 697 240 222 253 0.98766
00029.jpg 727 177 89 122 0.98754
00029.jpg 722 174 99 117 0.98727
00029.jpg 575 172 69 87 0.98722
00029.jpg 689 239 226 244 0.98711
00029.jpg 452 203 112 159 0.98709
00029.jpg 867 192 88 130 0.98691
00029.jpg 866 194 90 130 0.98688
00029.jpg 566 220 143 189 0.98686
00029.jpg 565 214 149 197 0.98681
00029.jpg 723 180 99 118 0.98680
00029.jpg 561 209 144 207 0.98645
00029.jpg 285 177 61 107 0.98641
00029.jpg 864 196 89 126 0.98615
00029.jpg 669 177 54 100 0.98604
00029.jpg 559 218 149 193 0.98573
00029.jpg 573 169 73 88 0.98572
00029.jpg 304 179 100 128 0.98544
00029.jpg 456 198 98 162 0.98535
00029.jpg 725 179 92 119 0.98509
00029.jpg 693 238 224 244 0.98488
00029.jpg 446 198 119 159 0.98466
00029.jpg 559 215 150 203 0.98462
00029.jpg 561 209 148 201 0.98460
00029.jpg 699 233 218 239 0.98459
00029.jpg 867 194 85 129 0.98421
00029.jpg 455 203 103 158 0.98392
00029.jpg 576 172 70 80 0.98385
00029.jpg 455 199 98 168 0.98383
00029.jpg 577 172 64 83 0.98378
00029.jpg 284 174 66 101 0.98357
00029.jpg 701 237 207 236 0.98336
00029.jpg 863 193 91 129 0.98301
00029.jpg 719 175 95 116 0.98278
00029.jpg 567 215 139 197 0.98272
00029.jpg 726 178 90 117 0.98266
00029.jpg 458 199 101 164 0.98242
00029.jpg 563 223 149 187 0.98209
00029.jpg 456 197 99 170 0.98205
00029.jpg 699 233 207 231 0.98190
00029.jpg 863 196 92 127 0.98188
00029.jpg 384 190 86 136 0.98186
00029.jpg 243 169 63 97 0.98176
00029.jpg 682 230 224 248 0.98110
00029.jpg 563 219 146 198 0.98092
00029.jpg 578 170 63 88 0.98080
00029.jpg 385 188 84 140 0.98080
00029.jpg 694 221 225 262 0.98057
00029.jpg 577 168 65 88 0.98056
00029.jpg 578 170 60 90 0.98052
00029.jpg 574 174 72 81 0.98017
00029.jpg 869 193 82 131 0.98002
00029.jpg 527 167 50 81 0.97980
00029.jpg 576 171 68 84 0.97973
00029.jpg 864 193 93 128 0.97954
00029.jpg 722 177 97 122 0.97911
00029.jpg 305 182 95 123 0.97909
00029.jpg 315 182 85 122 0.97905
00029.jpg 456 208 100 154 0.97897
00029.jpg 387 191 79 138 0.97882
00029.jpg 383 190 80 140 0.97869
00029.jpg 452 207 106 145 0.97861
00029.jpg 690 255 232 217 0.97850
00029.jpg 690 227 219 243 0.97797
00029.jpg 688 231 224 251 0.97794
00029.jpg 728 179 92 118 0.97790
00029.jpg 245 176 62 87 0.97782
00029.jpg 567 211 140 204 0.97769
00029.jpg 669 176 59 101 0.97760
00029.jpg 307 179 94 132 0.97760
00029.jpg 863 195 92 129 0.97754
00029.jpg 524 166 54 82 0.97734
00029.jpg 725 180 95 116 0.97707
00029.jpg 861 195 94 128 0.97699
00029.jpg 280 175 66 99 0.97677
00029.jpg 461 200 97 159 0.97664
00029.jpg 449 203 111 160 0.97662
00029.jpg 576 172 64 81 0.97660
00029.jpg 702 226 212 250 0.97641
00029.jpg 860 194 93 131 0.97623
00029.jpg 384 190 84 142 0.97591
00029.jpg 670 175 54 107 0.97586
00029.jpg 310 180 97 132 0.97586
00029.jpg 671 175 53 103 0.97583
00029.jpg 727 173 87 121 0.97570
00029.jpg 670 176 55 103 0.97560
00029.jpg 243 168 64 103 0.97555
00029.jpg 524 167 57 73 0.97533
00029.jpg 245 172 64 95 0.97526
00029.jpg 385 193 89 133 0.97506
00029.jpg 564 219 141 190 0.97503
00029.jpg 241 172 66 98 0.97482
00029.jpg 864 194 92 129 0.97456
00029.jpg 575 171 67 83 0.97455
00029.jpg 575 166 66 95 0.97453
00029.jpg 273 177 69 97 0.97437
00029.jpg 671 174 56 104 0.97409
00029.jpg 566 216 136 191 0.97402
00029.jpg 451 204 104 153 0.97394
00029.jpg 243 172 64 96 0.97377
00029.jpg 526 166 50 79 0.97365
00029.jpg 456 203 101 160 0.97354
00029.jpg 313 181 87 129 0.97349
00029.jpg 867 194 87 128 0.97343
00029.jpg 455 202 104 161 0.97300
00029.jpg 669 176 54 103 0.97271
00029.jpg 671 174 53 104 0.97256
00029.jpg 693 244 230 231 0.97142
00029.jpg 564 213 142 199 0.97123
00029.jpg 558 213 147 201 0.97102
00029.jpg 560 210 154 205 0.97071
00029.jpg 562 220 142 185 0.97071
00029.jpg 316 181 86 125 0.97036
00029.jpg 315 182 84 122 0.97024
00029.jpg 728 172 89 133 0.97020
00029.jpg 726 174 89 119 0.97011
00029.jpg 679 240 236 236 0.96982
00029.jpg 244 169 63 100 0.96917
00029.jpg 867 190 86 138 0.96893
00029.jpg 725 182 93 112 0.96881
00029.jpg 670 174 54 107 0.96865
00029.jpg 694 216 217 285 0.96862
00029.jpg 695 230 212 253 0.96807
00029.jpg 866 197 88 128 0.96775
00029.jpg 466 198 91 170 0.96686
00029.jpg 383 184 86 143 0.96656
00029.jpg 579 170 63 88 0.96626
00029.jpg 562 215 140 200 0.96612
00029.jpg 245 175 55 92 0.96546
00029.jpg 670 173 57 106 0.96540
00029.jpg 244 170 64 96 0.96533
00029.jpg 450 200 122 157 0.96516
00029.jpg 314 178 81 132 0.96504
00029.jpg 861 199 93 120 0.96475
00029.jpg 578 168 62 91 0.96456
00029.jpg 860 189 92 138 0.96427
00029.jpg 691 239 225 248 0.96420
00029.jpg 562 221 149 190 0.96409
00029.jpg 279 173 63 106 0.96408
00029.jpg 522 170 54 76 0.96401
00029.jpg 867 194 85 128 0.96367
00029.jpg 308 177 93 138 0.96349
00029.jpg 242 172 66 94 0.96329
00029.jpg 454 197 111 159 0.96318
00029.jpg 576 171 67 90 0.96277
00029.jpg 314 176 84 135 0.96271
00029.jpg 577 170 64 89 0.96243
00029.jpg 382 183 83 144 0.96241
00029.jpg 384 191 82 137 0.96208
00029.jpg 689 235 223 249 0.96205
00029.jpg 561 211 141 208 0.96199
00029.jpg 385 188 93 147 0.96161
00029.jpg 286 175 60 95 0.96154
00029.jpg 521 164 58 84 0.96109
00029.jpg 565 224 142 190 0.96069
00029.jpg 721 180 94 118 0.96044
00029.jpg 301 182 103 129 0.96041
00029.jpg 702 238 195 228 0.96025
00029.jpg 723 179 92 115 0.95996
00029.jpg 384 183 79 147 0.95990
00029.jpg 687 238 237 237 0.95988
00029.jpg 723 179 92 114 0.95985
00029.jpg 385 185 79 152 0.95959
00029.jpg 387 190 81 140 0.95959
00029.jpg 671 177 51 100 0.95871
00029.jpg 387 191 78 138 0.95854
00029.jpg 670 177 56 101 0.95812
00029.jpg 247 175 66 93 0.95774
00029.jpg 244 173 60 96 0.95766
00029.jpg 561 214 144 203 0.95735
00029.jpg 520 167 62 74 0.95719
00029.jpg 527 169 57 75 0.95690
00029.jpg 276 176 62 98 0.95647
00029.jpg 521 167 60 78 0.95626
00029.jpg 453 202 100 156 0.95598
00029.jpg 288 177 50 104 0.95573
00029.jpg 451 199 109 164 0.95569
00029.jpg 247 175 60 95 0.95559
00029.jpg 525 166 52 81 0.95523
00029.jpg 320 183 74 127 0.95492
00029.jpg 565 211 138 207 0.95475
00029.jpg 578 166 65 90 0.95471
00029.jpg 865 193 84 127 0.95447
00029.jpg 723 181 93 113 0.95438
00029.jpg 861 192 89 128 0.95417
00029.jpg 384 192 82 131 0.95379
00029.jpg 668 177 57 105 0.95349
00029.jpg 670 177 58 102 0.95344
00029.jpg 459 200 97 164 0.95334
00029.jpg 459 195 104 168 0.95294
00029.jpg 383 191 88 141 0.95282
00029.jpg 722 183 95 111 0.95265
00029.jpg 526 163 48 89 0.95201
00029.jpg 526 170 48 79 0.95196
00029.jpg 865 191 88 135 0.95189
00029.jpg 694 244 216 241 0.95173
00029.jpg 313 177 87 125 0.95167
00029.jpg 571 218 135 196 0.95164
00029.jpg 263 177 81 95 0.95136
00029.jpg 694 229 214 258 0.95056
00029.jpg 573 171 69 88 0.95038
00029.jpg 306 176 90 132 0.94821
00029.jpg 284 175 59 108 0.94820
00029.jpg 724 184 97 110 0.94756
00029.jpg 314 177 91 136 0.94724
00029.jpg 721 181 96 112 0.94722
00029.jpg 379 191 94 136 0.94709
00029.jpg 315 181 78 123 0.94666
00029.jpg 725 177 93 122 0.94654
00029.jpg 575 169 66 87 0.94614
00029.jpg 723 177 98 124 0.94612
00029.jpg 380 188 86 133 0.94546
00029.jpg 690 243 227 244 0.94512
00029.jpg 525 165 51 80 0.94484
00029.jpg 861 196 93 130 0.94465
00029.jpg 384 188 82 135 0.94412
00029.jpg 692 243 224 243 0.94314
00029.jpg 723 176 95 122 0.94265
00029.jpg 672 175 53 103 0.94247
00029.jpg 445 203 111 154 0.94185
00029.jpg 578 173 63 84 0.94108
00029.jpg 315 186 85 121 0.94107
00029.jpg 525 169 54 79 0.94091
00029.jpg 449 203 114 156 0.94046
00029.jpg 526 168 48 81 0.94046
00029.jpg 284 176 56 101 0.94044
00029.jpg 442 139 76 98 0.94037
00029.jpg 386 190 74 140 0.94030
00029.jpg 668 179 63 98 0.94021
00029.jpg 524 166 54 77 0.94019
00029.jpg 306 174 93 141 0.93952
00029.jpg 453 205 108 149 0.93914
00029.jpg 450 203 108 155 0.93913
00029.jpg 859 191 96 125 0.93909
00029.jpg 443 139 83 115 0.93870
00029.jpg 580 168 59 89 0.93820
00029.jpg 458 194 107 174 0.93757
00029.jpg 579 173 64 81 0.93753
00029.jpg 456 203 101 160 0.93749
00029.jpg 705 238 211 237 0.93670
00029.jpg 445 198 116 171 0.93642
00029.jpg 728 183 91 108 0.93591
00029.jpg 866 194 87 130 0.93576
00029.jpg 858 194 93 133 0.93543
00029.jpg 247 174 58 92 0.93536
00029.jpg 388 183 81 152 0.93536
00029.jpg 300 180 96 122 0.93531
00029.jpg 669 176 56 106 0.93516
00029.jpg 669 178 57 100 0.93438
00029.jpg 382 190 87 142 0.93410
00029.jpg 680 240 251 245 0.93392
00029.jpg 567 215 141 194 0.93348
00029.jpg 247 172 62 89 0.93330
00029.jpg 282 177 61 97 0.93223
00029.jpg 668 171 60 109 0.93199
00029.jpg 314 180 83 129 0.93171
00029.jpg 722 173 93 121 0.93169
00029.jpg 725 181 96 116 0.93163
00029.jpg 386 193 82 132 0.93120
00029.jpg 385 192 83 142 0.93034
00029.jpg 670 177 57 105 0.92957
00029.jpg 725 182 91 111 0.92940
00029.jpg 526 164 56 83 0.92898
00029.jpg 559 219 147 189 0.92831
00029.jpg 726 184 89 113 0.92818
00029.jpg 454 206 100 158 0.92805
00029.jpg 313 179 92 137 0.92632
00029.jpg 672 174 54 105 0.92630
00029.jpg 863 192 93 133 0.92549
00029.jpg 281 175 62 102 0.92531
00029.jpg 863 190 86 132 0.92529
00029.jpg 725 179 99 115 0.92510
00029.jpg 726 173 87 121 0.92479
00029.jpg 692 242 214 240 0.92472
00029.jpg 244 173 63 87 0.92417
00029.jpg 671 176 54 103 0.92333
00029.jpg 722 178 88 118 0.92256
00029.jpg 320 182 80 126 0.92254
00029.jpg 389 191 76 138 0.92237
00029.jpg 566 215 142 193 0.92120
00029.jpg 384 192 79 135 0.92088
00029.jpg 450 199 111 166 0.92047
00029.jpg 459 193 105 170 0.91948
00029.jpg 575 171 71 86 0.91933
00029.jpg 690 245 226 238 0.91871
00029.jpg 696 200 213 297 0.91866
00029.jpg 576 167 66 90 0.91815
00029.jpg 441 138 78 116 0.91809
00029.jpg 284 174 62 99 0.91748
00029.jpg 577 169 68 90 0.91739
00029.jpg 864 188 84 139 0.91683
00029.jpg 696 232 214 248 0.91662
00029.jpg 572 175 70 80 0.91661
00029.jpg 561 218 140 203 0.91644
00029.jpg 672 174 58 106 0.91566
00029.jpg 242 172 62 100 0.91556
00029.jpg 670 177 55 103 0.91551
00029.jpg 577 172 65 81 0.91540
00029.jpg 671 175 54 102 0.91501
00029.jpg 736 180 81 114 0.91477
00029.jpg 861 193 91 134 0.91448
00029.jpg 523 170 59 74 0.91401
00029.jpg 527 169 53 77 0.91392
00029.jpg 671 178 53 99 0.91363
00029.jpg 451 202 102 162 0.91339
00029.jpg 246 172 58 94 0.91337
00029.jpg 285 173 59 112 0.91313
00029.jpg 287 178 59 94 0.91232
00029.jpg 249 176 85 97 0.91176
00029.jpg 316 177 88 133 0.91166
00029.jpg 285 174 58 103 0.91057
00029.jpg 244 172 65 95 0.91013
00029.jpg 698 222 228 263 0.90951
00029.jpg 302 177 105 130 0.90892
00029.jpg 462 199 96 163 0.90837
00029.jpg 718 238 201 246 0.90604
00029.jpg 459 205 102 161 0.90518
00029.jpg 306 176 92 134 0.90410
00029.jpg 557 209 151 198 0.90401
00029.jpg 242 172 61 97 0.90384
00029.jpg 285 180 62 99 0.90347
00029.jpg 578 169 62 90 0.90234
00029.jpg 561 211 146 210 0.90194
00029.jpg 575 172 64 81 0.90187
00029.jpg 688 236 227 229 0.90172
00029.jpg 281 177 62 96 0.90111
00029.jpg 242 171 66 93 0.90103
00029.jpg 701 243 203 255 0.90100
00029.jpg 719 182 100 111 0.90100
00029.jpg 575 172 67 78 0.90040
00029.jpg 866 192 81 131 0.89974
00029.jpg 464 211 89 152 0.89968
00029.jpg 527 167 52 87 0.89920
00029.jpg 559 215 159 195 0.89917
00029.jpg 437 138 95 114 0.89904
00029.jpg 275 171 66 112 0.89805
00029.jpg 671 174 51 110 0.89805
00029.jpg 560 199 143 222 0.89725
00029.jpg 570 169 76 84 0.89718
00029.jpg 454 194 104 169 0.89451
00029.jpg 569 210 139 208 0.89346
00029.jpg 559 230 150 177 0.89313
00029.jpg 723 178 90 116 0.89266
00029.jpg 377 189 91 134 0.89259
00029.jpg 316 177 78 129 0.89242
00029.jpg 858 196 98 124 0.89204
00029.jpg 440 142 75 96 0.89006
00029.jpg 245 170 62 93 0.88924
00029.jpg 436 139 86 116 0.88906
00029.jpg 310 175 94 143 0.88894
00029.jpg 864 192 89 131 0.88870
00029.jpg 442 136 73 115 0.88825
00029.jpg 456 207 102 158 0.88743
00029.jpg 526 166 53 80 0.88712
00029.jpg 282 179 62 98 0.88631
00029.jpg 557 221 152 189 0.88614
00029.jpg 384 183 86 142 0.88613
00029.jpg 438 140 80 108 0.88581
00029.jpg 245 174 58 83 0.88523
00029.jpg 313 183 89 121 0.88487
00029.jpg 580 167 64 90 0.88426
00029.jpg 243 173 65 89 0.88323
00029.jpg 380 190 81 146 0.88238
00029.jpg 306 177 86 130 0.88232
00029.jpg 375 185 100 140 0.88218
00029.jpg 443 139 77 96 0.88154
00029.jpg 671 178 55 103 0.88037
00029.jpg 387 185 82 139 0.87943
00029.jpg 564 204 144 212 0.87862
00029.jpg 725 178 93 120 0.87661
00029.jpg 241 172 65 97 0.87521
00029.jpg 566 218 139 192 0.87482
00029.jpg 317 177 89 133 0.87405
00029.jpg 290 175 58 105 0.87354
00029.jpg 382 186 79 150 0.87349
00029.jpg 433 136 87 104 0.87319
00029.jpg 465 202 91 162 0.87303
00029.jpg 244 177 62 89 0.87272
00029.jpg 859 189 95 133 0.87261
00029.jpg 694 227 211 266 0.87212
00029.jpg 720 184 96 108 0.87194
00029.jpg 730 177 91 123 0.87176
00029.jpg 865 196 85 121 0.87157
00029.jpg 725 174 92 120 0.87048
00029.jpg 685 240 227 242 0.86877
00029.jpg 274 181 72 89 0.86846
00029.jpg 244 174 56 86 0.86768
00029.jpg 671 173 54 109 0.86516
00029.jpg 669 178 55 100 0.86501
00029.jpg 281 179 66 93 0.86483
00029.jpg 279 176 65 99 0.86467
00029.jpg 735 178 82 116 0.86433
00029.jpg 384 187 85 148 0.86330
00029.jpg 563 215 143 190 0.86303
00029.jpg 570 172 74 79 0.86271
00029.jpg 435 141 83 89 0.86009
00029.jpg 529 163 49 81 0.85856
00029.jpg 567 221 144 190 0.85802
00029.jpg 283 176 59 99 0.85651
00029.jpg 859 194 91 129 0.85571
00029.jpg 251 173 54 88 0.85473
00029.jpg 516 165 65 84 0.85451
00029.jpg 865 193 80 136 0.85439
00029.jpg 522 164 59 91 0.85412
00029.jpg 564 224 150 186 0.85397
00029.jpg 729 180 85 115 0.85320
00029.jpg 445 197 107 152 0.85272
00029.jpg 244 176 61 90 0.85272
00029.jpg 672 174 55 106 0.85270
00029.jpg 247 176 59 88 0.85203
00029.jpg 242 171 68 97 0.85137
00029.jpg 529 168 46 74 0.85130
00029.jpg 526 167 50 82 0.84741
00029.jpg 388 186 78 150 0.84732
00029.jpg 667 174 58 104 0.84677
00029.jpg 576 171 69 85 0.84628
00029.jpg 526 167 51 76 0.84628
00029.jpg 308 179 95 124 0.84606
00029.jpg 273 180 72 90 0.84476
00029.jpg 280 181 66 94 0.84468
00029.jpg 522 165 58 76 0.84424
00029.jpg 285 179 57 89 0.84351
00029.jpg 247 174 53 89 0.84342
00029.jpg 730 176 87 119 0.84291
00029.jpg 444 141 76 105 0.84291
00029.jpg 524 170 52 74 0.84129
00029.jpg 240 174 68 87 0.84097
00029.jpg 722 180 100 115 0.84087
00029.jpg 440 138 82 104 0.84039
00029.jpg 388 187 84 140 0.83992
00029.jpg 683 248 226 226 0.83931
00029.jpg 445 139 71 114 0.83849
00029.jpg 379 190 93 145 0.83720
00029.jpg 870 196 85 121 0.83713
00029.jpg 282 171 69 113 0.83707
00029.jpg 261 178 71 88 0.83553
00029.jpg 573 164 68 96 0.83369
00029.jpg 243 174 63 88 0.83289
00029.jpg 445 135 79 134 0.83192
00029.jpg 244 170 68 92 0.83177
00029.jpg 448 142 74 92 0.83041
00029.jpg 573 167 69 86 0.83004
00029.jpg 451 203 103 153 0.82948
00029.jpg 523 167 59 79 0.82945
00029.jpg 520 165 62 79 0.82921
00029.jpg 523 167 62 82 0.82890
00029.jpg 564 221 145 182 0.82852
00029.jpg 316 180 80 134 0.82752
00029.jpg 702 237 210 235 0.82694
00029.jpg 282 176 63 93 0.82591
00029.jpg 573 177 68 77 0.82441
00029.jpg 454 206 101 154 0.82422
00029.jpg 573 170 64 82 0.82370
00029.jpg 316 179 86 131 0.82254
00029.jpg 575 173 65 86 0.82193
00029.jpg 246 173 62 96 0.81940
00029.jpg 283 180 65 87 0.81940
00029.jpg 522 165 59 87 0.81831
00029.jpg 277 179 69 92 0.81558
00029.jpg 527 169 48 76 0.81500
00029.jpg 387 188 75 150 0.81451
00029.jpg 720 180 94 108 0.81324
00029.jpg 695 224 213 261 0.81318
00029.jpg 245 173 62 94 0.81157
00029.jpg 246 171 59 91 0.80814
00029.jpg 441 139 65 116 0.80793
00029.jpg 687 226 236 258 0.80694
00029.jpg 437 131 91 135 0.80523
00029.jpg 575 169 68 82 0.80477
00029.jpg 437 131 86 135 0.80378
00029.jpg 287 174 58 95 0.80368
00029.jpg 669 177 52 99 0.80315
00029.jpg 436 189 119 166 0.80293
00029.jpg 453 197 94 168 0.80207
00029.jpg 317 180 78 125 0.80203
00029.jpg 574 175 66 82 0.80168
00029.jpg 242 176 67 85 0.80047
00029.jpg 320 179 78 134 0.80014
00029.jpg 697 241 220 241 0.79888
00029.jpg 433 145 88 102 0.79886
00029.jpg 243 171 61 99 0.79796
00029.jpg 868 196 87 125 0.79710
00029.jpg 389 191 79 140 0.79577
00029.jpg 385 189 79 133 0.79553
00029.jpg 271 176 56 90 0.79337
00029.jpg 574 170 67 90 0.78564
00029.jpg 243 174 59 85 0.78555
00029.jpg 860 191 98 137 0.78522
00029.jpg 866 190 87 133 0.78374
00029.jpg 522 164 60 80 0.78279
00029.jpg 286 178 59 102 0.78124
00029.jpg 521 167 53 78 0.77914
00029.jpg 524 167 48 82 0.77885
00029.jpg 862 195 90 126 0.77418
00029.jpg 438 135 87 91 0.77323
00029.jpg 252 174 52 85 0.77276
00029.jpg 671 175 50 106 0.77172
00029.jpg 579 169 66 88 0.77048
00029.jpg 304 182 86 128 0.76964
00029.jpg 555 209 158 211 0.76931
00029.jpg 573 168 63 88 0.76770
00029.jpg 383 196 82 129 0.76725
00029.jpg 444 158 84 90 0.76415
00029.jpg 720 184 96 111 0.76331
00029.jpg 445 141 80 91 0.76303
00029.jpg 527 164 55 85 0.76217
00029.jpg 432 138 91 96 0.75937
00029.jpg 273 180 78 96 0.75742
00029.jpg 249 169 58 100 0.75705
00029.jpg 521 167 54 81 0.75682
00029.jpg 523 172 51 74 0.75641
00029.jpg 439 141 88 100 0.75609
00029.jpg 720 170 97 132 0.75600
00029.jpg 523 165 59 80 0.75454
00029.jpg 577 167 67 84 0.75404
00029.jpg 453 205 102 162 0.75329
00029.jpg 670 177 57 107 0.75250
00029.jpg 446 139 70 85 0.75022
00029.jpg 577 171 69 89 0.74814
00029.jpg 574 166 71 96 0.74794
00029.jpg 245 170 73 97 0.74645
00029.jpg 684 225 239 251 0.74621
00029.jpg 248 176 55 88 0.74589
00029.jpg 440 138 70 105 0.74526
00029.jpg 671 177 52 98 0.74380
00029.jpg 436 141 87 92 0.74064
00029.jpg 450 140 72 86 0.73455
00029.jpg 445 140 68 103 0.73109
00029.jpg 462 198 102 157 0.72917
00029.jpg 560 215 147 183 0.72744
00029.jpg 440 139 87 108 0.72595
00029.jpg 442 138 79 104 0.72505
00029.jpg 864 196 87 127 0.72184
00029.jpg 259 175 81 92 0.72171
00029.jpg 283 176 57 98 0.72101
00029.jpg 731 178 89 125 0.71958
00029.jpg 732 180 87 117 0.71865
00029.jpg 441 135 79 87 0.71850
00029.jpg 705 240 200 251 0.71849
00029.jpg 428 136 94 101 0.71784
00029.jpg 282 178 76 121 0.71761
00029.jpg 297 176 108 129 0.71734
00029.jpg 380 189 81 138 0.71684
00029.jpg 304 175 87 133 0.71635
00029.jpg 724 175 86 118 0.71563
00029.jpg 559 219 145 200 0.71439
00029.jpg 674 175 56 105 0.71338
00029.jpg 528 161 51 91 0.71294
00029.jpg 285 175 54 90 0.71117
00029.jpg 578 162 64 106 0.70863
00029.jpg 556 212 156 196 0.70738
00029.jpg 316 182 82 123 0.70715
00029.jpg 667 172 57 113 0.70625
00029.jpg 678 228 243 244 0.70588
00029.jpg 249 174 61 86 0.70251
00029.jpg 556 217 161 184 0.70196
00029.jpg 866 197 86 117 0.70186
00029.jpg 250 171 56 85 0.70157
00029.jpg 861 195 90 125 0.70125
00029.jpg 291 176 56 114 0.70040
00029.jpg 731 180 87 117 0.69954
00029.jpg 583 178 61 106 0.69608
00029.jpg 313 179 91 135 0.69571
00029.jpg 719 175 93 112 0.69449
00029.jpg 580 167 61 93 0.69404
00029.jpg 688 239 217 250 0.69380
00029.jpg 257 172 115 110 0.69204
00029.jpg 582 167 60 87 0.69177
00029.jpg 443 139 79 83 0.69156
00029.jpg 688 237 216 251 0.68632
00029.jpg 439 137 93 104 0.68608
00029.jpg 438 140 80 102 0.68385
00029.jpg 436 138 82 102 0.68361
00029.jpg 254 170 52 96 0.68308
00029.jpg 311 178 81 126 0.68249
00029.jpg 243 169 66 102 0.68132
00029.jpg 698 231 223 255 0.68110
00029.jpg 443 181 90 77 0.67735
00029.jpg 456 199 109 158 0.67531
00029.jpg 558 214 159 192 0.67509
00029.jpg 867 200 87 132 0.67382
00029.jpg 305 181 94 125 0.67381
00029.jpg 718 182 89 115 0.67269
00029.jpg 725 180 97 117 0.67257
00029.jpg 318 177 124 137 0.67195
00029.jpg 720 177 100 121 0.67096
00029.jpg 249 174 51 84 0.67022
00029.jpg 435 142 80 93 0.66763
00029.jpg 385 193 81 132 0.66499
00029.jpg 319 180 78 123 0.66408
00029.jpg 439 140 74 106 0.65977
00029.jpg 727 184 89 106 0.65948
00029.jpg 252 179 115 86 0.65947
00029.jpg 319 183 91 135 0.65930
00029.jpg 310 182 77 125 0.65917
00029.jpg 719 176 96 118 0.65822
00029.jpg 449 202 109 168 0.65686
00029.jpg 442 198 112 162 0.65438
00029.jpg 715 182 93 110 0.65372
00029.jpg 670 175 51 104 0.65204
00029.jpg 380 194 83 125 0.64766
00029.jpg 718 178 99 123 0.64745
00029.jpg 453 199 99 163 0.64659
00029.jpg 439 140 76 78 0.64387
00029.jpg 247 174 58 89 0.64271
00029.jpg 523 166 63 82 0.64255
00029.jpg 255 173 50 96 0.64197
00029.jpg 671 175 63 103 0.64152
00029.jpg 681 232 225 253 0.63948
00029.jpg 462 203 98 161 0.63870
00029.jpg 437 186 116 163 0.63861
00029.jpg 315 181 88 132 0.63809
00029.jpg 866 192 92 138 0.63253
00029.jpg 861 190 86 142 0.62921
00029.jpg 685 242 230 237 0.62908
00029.jpg 440 139 76 91 0.62854
00029.jpg 586 169 58 90 0.62570
00029.jpg 857 194 96 134 0.62500
00029.jpg 273 176 75 105 0.62403
00029.jpg 865 194 94 129 0.61959
00029.jpg 528 167 52 76 0.61881
00029.jpg 569 215 143 186 0.61845
00029.jpg 297 170 105 138 0.61647
00029.jpg 666 174 57 111 0.61503
00029.jpg 666 179 58 108 0.61351
00029.jpg 461 202 107 173 0.60999
00029.jpg 442 136 77 100 0.60858
00029.jpg 244 171 73 86 0.60858
00029.jpg 706 248 194 227 0.60816
00029.jpg 288 175 57 82 0.60588
00029.jpg 695 242 213 235 0.60413
00029.jpg 390 189 66 148 0.60209
00029.jpg 519 164 57 90 0.59906
00029.jpg 283 182 55 82 0.59850
00029.jpg 281 171 71 94 0.59742
00029.jpg 525 165 58 77 0.59603
00029.jpg 286 180 56 96 0.59581
00029.jpg 445 156 73 92 0.59566
00029.jpg 262 168 112 119 0.59521
00029.jpg 388 184 78 143 0.59485
00029.jpg 452 198 107 156 0.59395
00029.jpg 523 166 63 85 0.59336
00029.jpg 673 178 48 102 0.59278
00029.jpg 582 210 116 191 0.59237
00029.jpg 865 190 91 131 0.59224
00029.jpg 454 203 102 160 0.59153
00029.jpg 866 192 84 128 0.59060
00029.jpg 287 179 132 116 0.58976
00029.jpg 234 171 115 106 0.58844
00029.jpg 669 173 57 100 0.58617
00029.jpg 562 210 148 209 0.58595
00029.jpg 860 192 93 141 0.58383
00029.jpg 243 180 75 87 0.58355
00029.jpg 283 172 61 99 0.58144
00029.jpg 267 181 135 95 0.57913
00029.jpg 571 173 68 85 0.57828
00029.jpg 853 192 94 130 0.57764
00029.jpg 244 172 57 99 0.57747
00029.jpg 665 181 64 92 0.57658
00029.jpg 310 182 98 140 0.57647
00029.jpg 432 135 88 111 0.57591
00029.jpg 237 172 82 97 0.57438
00029.jpg 380 195 98 149 0.57403
00029.jpg 521 166 61 76 0.57311
00029.jpg 280 178 60 83 0.57227
00029.jpg 314 186 85 116 0.57068
00029.jpg 555 210 146 207 0.57010
00029.jpg 570 166 72 97 0.56857
00029.jpg 667 173 54 107 0.56580
00029.jpg 432 145 93 83 0.56051
00029.jpg 441 134 88 130 0.55685
00029.jpg 580 168 64 86 0.55508
00029.jpg 520 164 54 84 0.55435
00029.jpg 685 240 242 237 0.55182
00029.jpg 445 143 88 80 0.55068
00029.jpg 555 223 153 197 0.55060
00029.jpg 441 199 127 157 0.54863
00029.jpg 240 180 91 91 0.54704
00029.jpg 574 210 130 197 0.54601
00029.jpg 455 140 66 102 0.54469
00029.jpg 463 200 95 161 0.54383
00029.jpg 573 165 72 103 0.54325
00029.jpg 459 210 89 146 0.54158
00029.jpg 555 210 154 200 0.54083
00029.jpg 302 170 76 137 0.54065
00029.jpg 730 180 93 123 0.54001
00029.jpg 573 165 72 92 0.53948
00029.jpg 236 168 112 103 0.53931
00029.jpg 241 174 97 99 0.53866
00029.jpg 573 170 65 86 0.53811
00029.jpg 291 178 55 98 0.53780
00029.jpg 446 137 84 118 0.53606
00029.jpg 459 196 101 169 0.53587
00029.jpg 446 136 80 92 0.53532
00029.jpg 437 144 64 102 0.53363
00029.jpg 396 188 73 141 0.53266
00029.jpg 440 180 101 70 0.53225
00029.jpg 699 220 208 267 0.53196
00029.jpg 289 173 58 113 0.52998
00029.jpg 454 138 72 110 0.52979
00029.jpg 443 135 73 118 0.52781
00029.jpg 237 172 71 89 0.52714
00029.jpg 717 171 98 133 0.52688
00029.jpg 257 176 50 79 0.52687
00029.jpg 528 169 57 76 0.52681
00029.jpg 722 173 94 127 0.52400
00029.jpg 459 170 68 84 0.52287
00029.jpg 244 178 54 86 0.52046
00029.jpg 370 179 105 152 0.51977
00029.jpg 582 171 63 89 0.51927
00029.jpg 435 144 70 100 0.51909
00029.jpg 527 169 56 77 0.51819
00029.jpg 578 171 63 83 0.51763
00029.jpg 524 171 51 90 0.51716
00029.jpg 574 170 74 77 0.51537
00029.jpg 448 141 80 78 0.51371
00029.jpg 290 177 55 92 0.51318
00029.jpg 430 142 88 73 0.51310
00029.jpg 282 179 88 115 0.51079
00029.jpg 453 141 67 76 0.51073
00029.jpg 718 176 92 119 0.50823
00029.jpg 529 166 47 77 0.50414
00029.jpg 242 173 67 99 0.50241
00029.jpg 278 187 92 93 0.50216
00029.jpg 238 176 73 100 0.49996
