00027.jpg 846 193 104 132 0.99897
00027.jpg 691 239 202 230 0.99828
00027.jpg 847 194 100 128 0.99773
00027.jpg 562 216 133 199 0.99718
00027.jpg 845 195 105 130 0.99698
00027.jpg 685 245 222 232 0.99696
00027.jpg 850 192 97 133 0.99611
00027.jpg 697 233 192 238 0.99591
00027.jpg 692 230 197 245 0.99586
00027.jpg 564 207 138 211 0.99574
00027.jpg 847 195 102 132 0.99571
00027.jpg 718 181 94 111 0.99565
00027.jpg 692 228 193 245 0.99561
00027.jpg 563 216 132 201 0.99519
00027.jpg 569 215 123 203 0.99518
00027.jpg 847 191 104 129 0.99507
00027.jpg 434 207 126 150 0.99449
00027.jpg 681 242 219 222 0.99392
00027.jpg 722 181 90 109 0.99375
00027.jpg 724 179 87 115 0.99365
00027.jpg 571 222 129 186 0.99346
00027.jpg 562 213 132 204 0.99326
00027.jpg 687 234 202 239 0.99325
00027.jpg 430 202 132 154 0.99322
00027.jpg 843 192 104 127 0.99302
00027.jpg 723 177 90 116 0.99297
00027.jpg 366 192 99 135 0.99229
00027.jpg 567 216 128 200 0.99168
00027.jpg 568 214 131 201 0.99158
00027.jpg 565 210 136 212 0.99152
00027.jpg 565 214 128 199 0.99138
00027.jpg 700 232 180 243 0.99133
00027.jpg 567 209 130 212 0.99093
00027.jpg 691 239 199 243 0.99091
00027.jpg 660 169 59 105 0.99091
00027.jpg 686 237 206 238 0.99055
00027.jpg 689 243 202 237 0.99033
00027.jpg 566 215 132 201 0.99013
00027.jpg 572 172 63 85 0.98993
00027.jpg 562 209 136 212 0.98963
00027.jpg 721 181 92 111 0.98960
00027.jpg 694 241 199 236 0.98945
00027.jpg 850 189 99 131 0.98942
00027.jpg 323 180 70 129 0.98905
00027.jpg 565 216 132 204 0.98887
00027.jpg 721 183 95 112 0.98870
00027.jpg 519 166 57 76 0.98866
00027.jpg 562 212 140 204 0.98833
00027.jpg 572 166 65 87 0.98826
00027.jpg 661 175 59 102 0.98799
00027.jpg 575 171 63 86 0.98785
00027.jpg 850 191 99 134 0.98782
00027.jpg 440 197 116 167 0.98773
00027.jpg 721 178 89 116 0.98773
00027.jpg 426 202 126 154 0.98761
00027.jpg 575 170 62 86 0.98754
00027.jpg 699 233 190 239 0.98747
00027.jpg 369 192 97 139 0.98744
00027.jpg 566 207 133 205 0.98734
00027.jpg 659 170 60 107 0.98716
00027.jpg 851 193 91 128 0.98713
00027.jpg 564 207 130 217 0.98708
00027.jpg 561 216 136 198 0.98677
00027.jpg 429 203 133 157 0.98658
00027.jpg 665 177 54 102 0.98647
00027.jpg 688 239 206 236 0.98640
00027.jpg 434 204 130 158 0.98638
00027.jpg 238 172 70 91 0.98635
00027.jpg 319 181 72 119 0.98627
00027.jpg 677 246 212 225 0.98620
00027.jpg 322 180 68 130 0.98616
00027.jpg 320 178 73 132 0.98591
00027.jpg 434 204 121 163 0.98585
00027.jpg 721 179 93 113 0.98585
00027.jpg 567 210 126 201 0.98554
00027.jpg 436 197 116 166 0.98553
00027.jpg 694 226 198 258 0.98546
00027.jpg 438 203 115 160 0.98495
00027.jpg 568 214 124 196 0.98489
00027.jpg 664 175 58 105 0.98488
00027.jpg 845 190 102 130 0.98486
00027.jpg 568 214 130 203 0.98483
00027.jpg 850 195 96 130 0.98482
00027.jpg 374 190 98 141 0.98479
00027.jpg 686 227 205 235 0.98421
00027.jpg 435 202 120 159 0.98373
00027.jpg 851 197 92 125 0.98256
00027.jpg 724 180 87 114 0.98256
00027.jpg 240 171 65 94 0.98245
00027.jpg 573 172 60 81 0.98243
00027.jpg 576 168 57 88 0.98230
00027.jpg 375 190 85 139 0.98212
00027.jpg 323 179 69 128 0.98206
00027.jpg 566 215 137 206 0.98202
00027.jpg 693 223 193 260 0.98202
00027.jpg 682 235 215 253 0.98192
00027.jpg 721 182 91 109 0.98187
00027.jpg 574 170 66 85 0.98160
00027.jpg 693 242 200 229 0.98143
00027.jpg 848 195 101 128 0.98108
00027.jpg 721 176 91 111 0.98090
00027.jpg 664 173 53 104 0.98059
00027.jpg 848 189 101 133 0.98048
00027.jpg 429 208 133 142 0.98020
00027.jpg 434 204 128 155 0.98016
00027.jpg 665 176 57 104 0.97974
00027.jpg 427 202 125 161 0.97971
00027.jpg 720 183 93 111 0.97964
00027.jpg 568 216 126 202 0.97962
00027.jpg 441 198 109 169 0.97946
00027.jpg 849 194 97 131 0.97935
00027.jpg 563 212 136 209 0.97935
00027.jpg 847 185 103 142 0.97927
00027.jpg 369 194 91 131 0.97922
00027.jpg 237 175 68 93 0.97905
00027.jpg 432 206 131 156 0.97903
00027.jpg 663 172 58 108 0.97893
00027.jpg 525 169 52 73 0.97874
00027.jpg 854 196 90 128 0.97867
00027.jpg 526 166 47 77 0.97848
00027.jpg 686 237 213 233 0.97820
00027.jpg 522 165 54 81 0.97806
00027.jpg 568 214 134 204 0.97779
00027.jpg 664 172 55 105 0.97767
00027.jpg 853 196 92 125 0.97766
00027.jpg 573 170 66 83 0.97761
00027.jpg 424 199 134 162 0.97744
00027.jpg 850 190 98 135 0.97742
00027.jpg 568 213 130 206 0.97706
00027.jpg 663 177 55 97 0.97677
00027.jpg 849 191 92 130 0.97677
00027.jpg 524 168 51 78 0.97627
00027.jpg 848 191 101 132 0.97619
00027.jpg 687 240 206 235 0.97614
00027.jpg 576 170 62 86 0.97595
00027.jpg 566 213 131 211 0.97590
00027.jpg 368 190 91 143 0.97588
00027.jpg 442 202 110 158 0.97579
00027.jpg 849 193 100 128 0.97571
00027.jpg 567 210 128 209 0.97545
00027.jpg 852 193 97 129 0.97537
00027.jpg 283 177 63 98 0.97529
00027.jpg 694 237 195 240 0.97514
00027.jpg 850 196 99 126 0.97495
00027.jpg 662 176 60 98 0.97463
00027.jpg 322 178 65 125 0.97445
00027.jpg 575 172 62 81 0.97425
00027.jpg 661 178 62 97 0.97399
00027.jpg 572 216 129 194 0.97386
00027.jpg 689 235 210 228 0.97373
00027.jpg 443 210 114 151 0.97361
00027.jpg 851 197 94 122 0.97341
00027.jpg 576 171 62 83 0.97336
00027.jpg 315 183 73 124 0.97318
00027.jpg 847 190 98 135 0.97314
00027.jpg 575 171 61 80 0.97308
00027.jpg 720 181 90 110 0.97308
00027.jpg 234 171 72 96 0.97228
00027.jpg 575 171 64 85 0.97217
00027.jpg 560 208 141 200 0.97156
00027.jpg 287 175 53 107 0.97133
00027.jpg 276 178 62 92 0.97131
00027.jpg 560 217 138 192 0.97099
00027.jpg 681 237 216 248 0.97089
00027.jpg 662 175 59 104 0.97075
00027.jpg 278 177 66 94 0.97074
00027.jpg 846 194 101 129 0.97059
00027.jpg 694 245 195 229 0.97046
00027.jpg 690 242 208 228 0.97007
00027.jpg 666 176 53 104 0.97002
00027.jpg 695 232 191 244 0.96953
00027.jpg 722 179 88 115 0.96923
00027.jpg 524 166 49 79 0.96920
00027.jpg 276 178 65 92 0.96884
00027.jpg 713 231 193 245 0.96882
00027.jpg 429 200 137 154 0.96859
00027.jpg 239 173 67 98 0.96858
00027.jpg 369 189 93 149 0.96820
00027.jpg 321 180 71 122 0.96794
00027.jpg 718 178 93 113 0.96790
00027.jpg 725 182 86 109 0.96762
00027.jpg 567 216 132 196 0.96752
00027.jpg 283 180 63 97 0.96673
00027.jpg 692 247 204 227 0.96650
00027.jpg 566 212 133 207 0.96646
00027.jpg 686 230 198 254 0.96635
00027.jpg 434 203 118 157 0.96571
00027.jpg 691 236 195 241 0.96524
00027.jpg 432 208 125 150 0.96521
00027.jpg 691 238 193 234 0.96509
00027.jpg 843 196 104 129 0.96498
00027.jpg 284 179 52 92 0.96495
00027.jpg 436 207 120 148 0.96475
00027.jpg 432 208 129 150 0.96474
00027.jpg 556 219 144 189 0.96444
00027.jpg 696 231 187 239 0.96395
00027.jpg 684 250 204 218 0.96382
00027.jpg 563 219 140 198 0.96354
00027.jpg 686 241 204 232 0.96329
00027.jpg 566 211 129 208 0.96293
00027.jpg 521 165 55 78 0.96290
00027.jpg 240 171 67 93 0.96272
00027.jpg 575 170 62 83 0.96264
00027.jpg 524 164 52 79 0.96258
00027.jpg 322 182 66 121 0.96242
00027.jpg 372 187 97 139 0.96225
00027.jpg 561 211 139 200 0.96207
00027.jpg 321 175 70 137 0.96201
00027.jpg 523 167 53 76 0.96191
00027.jpg 438 139 82 86 0.96182
00027.jpg 664 171 55 106 0.96176
00027.jpg 851 192 96 132 0.96150
00027.jpg 573 168 61 88 0.96131
00027.jpg 720 179 94 116 0.96097
00027.jpg 566 215 136 199 0.96096
00027.jpg 372 185 86 148 0.96082
00027.jpg 442 206 110 154 0.96069
00027.jpg 664 172 54 107 0.96059
00027.jpg 721 179 95 120 0.96046
00027.jpg 374 189 90 142 0.96026
00027.jpg 435 143 86 82 0.96010
00027.jpg 524 166 55 80 0.96003
00027.jpg 443 204 112 155 0.95993
00027.jpg 438 201 121 161 0.95938
00027.jpg 849 189 98 134 0.95921
00027.jpg 848 190 102 135 0.95913
00027.jpg 373 188 91 140 0.95903
00027.jpg 438 140 81 83 0.95898
00027.jpg 366 186 98 147 0.95844
00027.jpg 851 194 94 123 0.95833
00027.jpg 553 213 148 203 0.95771
00027.jpg 241 172 62 89 0.95761
00027.jpg 666 172 55 104 0.95722
00027.jpg 683 243 208 228 0.95712
00027.jpg 576 169 60 86 0.95712
00027.jpg 437 202 120 161 0.95648
00027.jpg 241 172 59 99 0.95646
00027.jpg 567 215 130 205 0.95639
00027.jpg 561 211 139 209 0.95621
00027.jpg 436 201 118 159 0.95617
00027.jpg 572 168 68 87 0.95607
00027.jpg 315 182 75 126 0.95592
00027.jpg 239 176 65 87 0.95573
00027.jpg 681 231 215 257 0.95525
00027.jpg 431 211 128 141 0.95481
00027.jpg 722 177 89 120 0.95434
00027.jpg 369 191 103 137 0.95397
00027.jpg 577 171 56 85 0.95373
00027.jpg 241 174 66 93 0.95369
00027.jpg 374 188 91 150 0.95351
00027.jpg 316 174 83 142 0.95341
00027.jpg 679 238 215 237 0.95311
00027.jpg 720 179 95 113 0.95286
00027.jpg 377 194 88 139 0.95264
00027.jpg 569 216 129 197 0.95259
00027.jpg 562 210 144 217 0.95238
00027.jpg 433 137 94 86 0.95222
00027.jpg 238 174 70 89 0.95183
00027.jpg 284 179 53 91 0.95135
00027.jpg 433 135 90 87 0.95131
00027.jpg 573 173 65 78 0.95124
00027.jpg 849 195 98 129 0.95099
00027.jpg 433 205 128 154 0.95079
00027.jpg 241 173 62 94 0.95025
00027.jpg 720 179 87 119 0.94991
00027.jpg 573 172 65 82 0.94919
00027.jpg 316 182 76 125 0.94912
00027.jpg 565 220 132 203 0.94888
00027.jpg 575 168 57 88 0.94885
00027.jpg 372 191 92 139 0.94862
00027.jpg 280 179 59 98 0.94862
00027.jpg 574 169 63 81 0.94826
00027.jpg 723 183 90 111 0.94822
00027.jpg 289 179 51 97 0.94806
00027.jpg 719 183 95 106 0.94787
00027.jpg 723 179 87 114 0.94765
00027.jpg 573 169 65 90 0.94752
00027.jpg 434 140 86 83 0.94699
00027.jpg 559 214 142 194 0.94683
00027.jpg 852 194 96 129 0.94670
00027.jpg 524 163 51 82 0.94648
00027.jpg 312 175 82 135 0.94625
00027.jpg 722 183 91 111 0.94614
00027.jpg 237 174 66 84 0.94557
00027.jpg 723 177 87 115 0.94536
00027.jpg 848 192 94 128 0.94487
00027.jpg 848 194 102 130 0.94459
00027.jpg 573 171 62 83 0.94424
00027.jpg 663 176 61 104 0.94409
00027.jpg 279 183 66 85 0.94396
00027.jpg 718 182 97 112 0.94317
00027.jpg 280 177 61 95 0.94310
00027.jpg 318 175 70 137 0.94290
00027.jpg 688 236 205 244 0.94253
00027.jpg 663 178 60 98 0.94252
00027.jpg 562 206 139 212 0.94231
00027.jpg 436 208 118 145 0.94229
00027.jpg 659 173 63 106 0.94203
00027.jpg 367 184 98 145 0.94180
00027.jpg 520 165 59 79 0.94127
00027.jpg 694 227 194 247 0.94126
00027.jpg 719 180 91 111 0.94124
00027.jpg 577 168 60 88 0.94118
00027.jpg 366 186 97 136 0.94096
00027.jpg 524 167 53 78 0.94042
00027.jpg 686 238 203 234 0.94021
00027.jpg 433 140 92 74 0.93993
00027.jpg 662 175 54 105 0.93966
00027.jpg 721 182 94 110 0.93954
00027.jpg 845 194 100 130 0.93953
00027.jpg 372 188 90 141 0.93952
00027.jpg 840 191 109 128 0.93893
00027.jpg 694 245 199 229 0.93830
00027.jpg 691 248 210 229 0.93748
00027.jpg 848 194 97 128 0.93732
00027.jpg 574 169 61 84 0.93727
00027.jpg 320 181 72 126 0.93719
00027.jpg 311 179 86 130 0.93702
00027.jpg 720 179 93 114 0.93632
00027.jpg 526 167 47 75 0.93594
00027.jpg 574 169 59 87 0.93564
00027.jpg 435 140 89 80 0.93554
00027.jpg 714 178 103 116 0.93528
00027.jpg 367 191 95 139 0.93478
00027.jpg 692 206 199 280 0.93455
00027.jpg 851 191 95 137 0.93450
00027.jpg 431 205 127 150 0.93430
00027.jpg 525 165 54 81 0.93426
00027.jpg 239 175 66 87 0.93359
00027.jpg 441 140 80 76 0.93327
00027.jpg 429 205 122 156 0.93315
00027.jpg 524 163 47 88 0.93305
00027.jpg 318 179 76 121 0.93240
00027.jpg 319 179 77 134 0.93232
00027.jpg 574 170 65 84 0.93203
00027.jpg 721 180 91 114 0.93183
00027.jpg 721 176 92 123 0.93168
00027.jpg 726 181 84 112 0.93080
00027.jpg 433 139 92 93 0.93048
00027.jpg 431 134 88 86 0.93040
00027.jpg 720 181 96 113 0.93004
00027.jpg 842 188 107 137 0.93001
00027.jpg 316 183 77 129 0.93001
00027.jpg 567 213 136 191 0.92980
00027.jpg 375 192 86 137 0.92935
00027.jpg 521 165 52 82 0.92883
00027.jpg 432 139 88 89 0.92826
00027.jpg 371 188 92 136 0.92782
00027.jpg 574 169 61 86 0.92777
00027.jpg 570 172 68 81 0.92751
00027.jpg 316 184 72 117 0.92732
00027.jpg 239 172 69 92 0.92721
00027.jpg 687 238 204 239 0.92697
00027.jpg 367 188 95 140 0.92692
00027.jpg 661 174 62 100 0.92653
00027.jpg 267 175 70 99 0.92620
00027.jpg 577 169 62 87 0.92572
00027.jpg 238 176 65 83 0.92552
00027.jpg 318 177 75 132 0.92522
00027.jpg 435 141 90 91 0.92409
00027.jpg 666 172 52 105 0.92407
00027.jpg 851 191 91 131 0.92405
00027.jpg 240 173 65 94 0.92362
00027.jpg 247 171 59 93 0.92283
00027.jpg 564 220 138 190 0.92280
00027.jpg 238 170 69 98 0.92251
00027.jpg 285 180 61 88 0.92248
00027.jpg 241 173 66 90 0.92193
00027.jpg 419 198 136 164 0.92183
00027.jpg 524 167 52 77 0.92152
00027.jpg 281 177 58 94 0.92066
00027.jpg 239 174 68 84 0.92045
00027.jpg 321 180 70 130 0.91948
00027.jpg 431 139 88 89 0.91912
00027.jpg 437 202 117 156 0.91880
00027.jpg 409 190 150 168 0.91836
00027.jpg 663 178 55 101 0.91814
00027.jpg 849 193 92 130 0.91716
00027.jpg 563 211 138 203 0.91691
00027.jpg 283 179 55 91 0.91642
00027.jpg 432 141 93 89 0.91540
00027.jpg 425 194 138 164 0.91445
00027.jpg 319 183 75 116 0.91427
00027.jpg 560 212 139 208 0.91385
00027.jpg 376 193 87 131 0.91358
00027.jpg 375 185 88 154 0.91334
00027.jpg 370 190 89 127 0.91286
00027.jpg 376 187 89 142 0.91267
00027.jpg 241 173 64 87 0.91250
00027.jpg 710 235 175 238 0.91246
00027.jpg 321 181 73 128 0.91164
00027.jpg 318 182 73 125 0.91155
00027.jpg 687 241 206 235 0.91138
00027.jpg 522 169 56 76 0.91109
00027.jpg 420 195 146 166 0.91087
00027.jpg 524 166 45 81 0.91072
00027.jpg 429 211 135 139 0.91026
00027.jpg 374 186 115 143 0.90986
00027.jpg 371 186 91 148 0.90931
00027.jpg 433 207 128 148 0.90901
00027.jpg 849 192 94 131 0.90899
00027.jpg 275 177 69 95 0.90851
00027.jpg 433 201 121 154 0.90838
00027.jpg 688 244 201 227 0.90821
00027.jpg 851 196 89 124 0.90712
00027.jpg 287 176 51 93 0.90712
00027.jpg 669 238 226 237 0.90647
00027.jpg 286 181 52 87 0.90577
00027.jpg 437 201 116 162 0.90548
00027.jpg 426 202 134 147 0.90435
00027.jpg 524 164 48 83 0.90393
00027.jpg 373 187 92 145 0.90383
00027.jpg 240 172 61 99 0.90271
00027.jpg 665 176 59 101 0.90270
00027.jpg 320 181 71 127 0.90263
00027.jpg 236 172 73 93 0.90251
00027.jpg 237 171 69 87 0.90108
00027.jpg 239 177 93 86 0.90098
00027.jpg 663 174 60 112 0.90034
00027.jpg 434 201 126 156 0.90021
00027.jpg 521 164 55 79 0.90005
00027.jpg 562 212 139 203 0.89946
00027.jpg 692 240 206 242 0.89935
00027.jpg 685 234 211 232 0.89882
00027.jpg 576 169 65 85 0.89855
00027.jpg 521 165 53 80 0.89825
00027.jpg 718 182 93 107 0.89744
00027.jpg 433 204 126 148 0.89741
00027.jpg 721 178 89 118 0.89583
00027.jpg 281 177 63 88 0.89473
00027.jpg 853 197 89 129 0.89453
00027.jpg 287 180 51 99 0.89404
00027.jpg 373 188 85 141 0.89377
00027.jpg 696 250 199 217 0.89371
00027.jpg 322 182 67 119 0.89319
00027.jpg 245 172 63 90 0.89016
00027.jpg 239 175 67 93 0.89008
00027.jpg 724 179 91 118 0.88911
00027.jpg 421 191 148 168 0.88895
00027.jpg 549 214 148 206 0.88827
00027.jpg 688 230 198 244 0.88743
00027.jpg 240 171 66 92 0.88576
00027.jpg 405 201 153 154 0.88497
00027.jpg 561 210 142 201 0.88415
00027.jpg 694 229 198 246 0.88307
00027.jpg 375 189 85 145 0.88298
00027.jpg 521 164 56 79 0.88230
00027.jpg 573 168 61 86 0.88194
00027.jpg 525 166 49 77 0.88141
00027.jpg 377 190 83 139 0.88108
00027.jpg 271 178 76 99 0.87936
00027.jpg 285 174 55 98 0.87934
00027.jpg 437 139 86 87 0.87928
00027.jpg 564 213 139 200 0.87775
00027.jpg 283 177 60 89 0.87750
00027.jpg 660 174 59 102 0.87725
00027.jpg 520 166 57 78 0.87705
00027.jpg 318 179 68 131 0.87671
00027.jpg 519 165 58 80 0.87631
00027.jpg 725 177 85 118 0.87619
00027.jpg 718 179 93 115 0.87411
00027.jpg 524 164 53 78 0.87386
00027.jpg 427 142 95 72 0.87268
00027.jpg 234 171 69 96 0.87147
00027.jpg 433 206 121 158 0.87132
00027.jpg 685 225 208 249 0.86963
00027.jpg 577 170 60 83 0.86959
00027.jpg 428 138 93 88 0.86909
00027.jpg 308 180 74 119 0.86841
00027.jpg 852 188 100 131 0.86719
00027.jpg 371 193 93 135 0.86668
00027.jpg 678 242 217 236 0.86665
00027.jpg 321 178 74 130 0.86638
00027.jpg 662 174 58 103 0.86603
00027.jpg 281 175 60 102 0.86504
00027.jpg 565 208 144 212 0.86457
00027.jpg 432 139 90 82 0.86256
00027.jpg 237 171 69 96 0.86203
00027.jpg 371 194 99 139 0.86202
00027.jpg 279 179 63 88 0.86173
00027.jpg 573 170 67 82 0.86135
00027.jpg 433 200 121 158 0.85878
00027.jpg 430 133 94 84 0.85845
00027.jpg 283 176 71 98 0.85809
00027.jpg 437 207 123 160 0.85738
00027.jpg 435 139 82 89 0.85714
00027.jpg 523 163 53 83 0.85663
00027.jpg 318 179 82 135 0.85639
00027.jpg 375 188 88 141 0.85512
00027.jpg 723 174 83 120 0.85408
00027.jpg 697 238 206 229 0.85367
00027.jpg 278 174 58 104 0.85338
00027.jpg 689 237 196 226 0.85267
00027.jpg 555 208 158 211 0.85107
00027.jpg 316 182 78 115 0.85058
00027.jpg 296 178 74 119 0.84975
00027.jpg 718 171 91 123 0.84756
00027.jpg 320 185 72 123 0.84731
00027.jpg 721 176 90 118 0.84533
00027.jpg 437 140 85 80 0.84505
00027.jpg 721 178 89 116 0.84387
00027.jpg 571 218 130 185 0.84339
00027.jpg 850 192 101 139 0.84338
00027.jpg 661 174 57 109 0.84264
00027.jpg 317 180 79 130 0.84122
00027.jpg 662 178 57 97 0.84081
00027.jpg 523 164 49 83 0.84017
00027.jpg 318 187 69 116 0.83933
00027.jpg 578 170 58 86 0.83793
00027.jpg 722 179 91 114 0.83773
00027.jpg 663 175 56 107 0.83771
00027.jpg 577 172 59 82 0.83762
00027.jpg 523 167 50 77 0.83647
00027.jpg 237 176 95 94 0.83553
00027.jpg 427 200 135 155 0.83471
00027.jpg 689 246 212 220 0.83309
00027.jpg 431 140 89 85 0.83246
00027.jpg 846 189 101 123 0.83128
00027.jpg 241 170 74 83 0.82933
00027.jpg 316 181 77 125 0.82895
00027.jpg 717 183 95 113 0.82815
00027.jpg 286 176 52 90 0.82796
00027.jpg 568 206 120 212 0.82776
00027.jpg 717 187 94 104 0.82707
00027.jpg 433 140 96 97 0.82677
00027.jpg 571 173 66 79 0.82651
00027.jpg 378 183 88 147 0.82592
00027.jpg 427 201 134 157 0.82045
00027.jpg 522 162 52 89 0.82014
00027.jpg 317 174 83 131 0.81839
00027.jpg 841 190 110 135 0.81607
00027.jpg 437 133 83 90 0.81312
00027.jpg 301 179 58 108 0.81271
00027.jpg 374 188 94 138 0.81081
00027.jpg 288 179 50 94 0.81080
00027.jpg 524 167 53 81 0.80920
00027.jpg 284 177 55 88 0.80907
00027.jpg 575 174 65 80 0.80828
00027.jpg 575 175 63 88 0.80779
00027.jpg 843 191 103 126 0.80778
00027.jpg 433 202 118 153 0.80693
00027.jpg 721 183 90 112 0.80634
00027.jpg 664 172 60 103 0.80622
00027.jpg 239 175 66 89 0.80598
00027.jpg 522 166 54 77 0.80590
00027.jpg 236 169 72 85 0.80435
00027.jpg 574 171 63 85 0.80400
00027.jpg 426 205 127 154 0.80395
00027.jpg 360 185 114 141 0.80361
00027.jpg 283 178 59 97 0.80292
00027.jpg 425 143 98 82 0.80259
00027.jpg 240 171 66 99 0.80165
00027.jpg 434 200 124 168 0.80030
00027.jpg 662 179 60 101 0.80017
00027.jpg 237 171 77 95 0.79706
00027.jpg 305 177 56 113 0.79631
00027.jpg 665 177 56 102 0.79543
00027.jpg 850 194 97 125 0.79425
00027.jpg 241 173 66 90 0.79416
00027.jpg 243 171 54 94 0.79272
00027.jpg 433 136 97 98 0.79262
00027.jpg 436 133 92 95 0.79233
00027.jpg 243 174 60 92 0.79134
00027.jpg 240 172 62 86 0.79090
00027.jpg 721 178 95 117 0.78943
00027.jpg 578 168 56 87 0.78880
00027.jpg 428 200 130 157 0.78865
00027.jpg 663 174 54 112 0.78536
00027.jpg 370 189 92 138 0.78532
00027.jpg 721 177 94 121 0.78308
00027.jpg 415 195 153 161 0.78278
00027.jpg 717 168 98 128 0.78038
00027.jpg 565 172 73 74 0.77905
00027.jpg 661 172 59 104 0.77831
00027.jpg 316 180 68 121 0.77590
00027.jpg 664 174 56 105 0.77510
00027.jpg 690 222 203 260 0.77475
00027.jpg 529 168 46 77 0.77469
00027.jpg 324 182 68 134 0.77327
00027.jpg 280 183 63 92 0.77255
00027.jpg 235 175 72 88 0.77228
00027.jpg 247 175 87 94 0.77193
00027.jpg 720 179 83 113 0.77154
00027.jpg 276 178 67 97 0.77150
00027.jpg 376 192 93 143 0.77090
00027.jpg 698 241 196 237 0.77022
00027.jpg 244 174 63 83 0.76598
00027.jpg 724 179 91 116 0.76492
00027.jpg 323 183 72 118 0.76481
00027.jpg 239 172 71 98 0.76088
00027.jpg 241 170 67 88 0.75929
00027.jpg 287 181 56 92 0.75908
00027.jpg 365 187 94 139 0.75771
00027.jpg 556 216 145 203 0.75770
00027.jpg 429 141 89 99 0.75756
00027.jpg 666 180 59 92 0.75650
00027.jpg 567 210 134 208 0.75554
00027.jpg 571 218 129 188 0.75473
00027.jpg 284 179 53 94 0.75386
00027.jpg 376 189 87 142 0.75115
00027.jpg 409 198 151 160 0.75063
00027.jpg 318 178 75 127 0.75000
00027.jpg 560 211 138 203 0.74853
00027.jpg 321 182 85 134 0.74729
00027.jpg 259 179 80 89 0.74685
00027.jpg 844 189 107 140 0.74482
00027.jpg 529 166 51 82 0.74399
00027.jpg 319 179 69 125 0.73913
00027.jpg 291 177 51 91 0.73610
00027.jpg 286 176 56 103 0.73353
00027.jpg 315 185 77 119 0.73327
00027.jpg 559 214 139 193 0.73183
00027.jpg 281 177 62 87 0.73068
00027.jpg 276 178 68 98 0.73004
00027.jpg 368 189 97 126 0.72881
00027.jpg 420 195 132 165 0.72872
00027.jpg 432 211 124 152 0.72869
00027.jpg 572 212 124 202 0.72862
00027.jpg 433 139 90 81 0.72770
00027.jpg 434 140 88 81 0.72757
00027.jpg 279 180 60 91 0.72756
00027.jpg 441 136 86 82 0.72594
00027.jpg 319 184 70 124 0.72537
00027.jpg 725 176 90 118 0.72530
00027.jpg 570 172 67 86 0.72280
00027.jpg 442 203 115 164 0.72239
00027.jpg 572 170 64 81 0.72231
00027.jpg 433 142 75 77 0.72154
00027.jpg 432 140 91 111 0.72091
00027.jpg 695 246 192 226 0.71993
00027.jpg 434 141 82 86 0.71906
00027.jpg 242 173 58 87 0.71888
00027.jpg 320 181 75 114 0.71724
00027.jpg 715 179 86 117 0.71562
00027.jpg 439 139 89 74 0.71098
00027.jpg 577 167 59 85 0.70958
00027.jpg 325 180 64 134 0.70665
00027.jpg 722 179 87 115 0.70478
00027.jpg 276 175 67 92 0.70280
00027.jpg 240 169 64 87 0.70249
00027.jpg 365 191 105 148 0.70222
00027.jpg 521 163 58 78 0.70124
00027.jpg 246 170 67 101 0.70084
00027.jpg 686 241 195 222 0.69986
00027.jpg 523 166 56 83 0.69574
00027.jpg 728 178 85 123 0.69322
00027.jpg 570 173 67 79 0.69311
00027.jpg 719 177 88 118 0.69157
00027.jpg 663 173 58 101 0.69017
00027.jpg 421 200 138 155 0.68797
00027.jpg 575 168 59 90 0.68532
00027.jpg 562 215 133 202 0.68491
00027.jpg 665 176 47 98 0.68483
00027.jpg 369 197 104 138 0.68446
00027.jpg 686 219 221 263 0.68435
00027.jpg 688 235 207 246 0.68394
00027.jpg 578 169 60 84 0.68219
00027.jpg 431 143 77 85 0.68099
00027.jpg 233 170 76 71 0.68071
00027.jpg 682 241 209 233 0.68035
00027.jpg 440 142 80 85 0.67899
00027.jpg 434 142 91 77 0.67800
00027.jpg 415 199 124 148 0.67731
00027.jpg 284 177 52 86 0.67606
00027.jpg 660 174 57 111 0.67482
00027.jpg 734 239 179 238 0.67412
00027.jpg 431 211 121 154 0.67340
00027.jpg 247 174 82 86 0.67284
00027.jpg 365 187 119 147 0.67205
00027.jpg 285 181 114 113 0.67172
00027.jpg 240 177 59 83 0.67165
00027.jpg 520 161 51 80 0.67071
00027.jpg 345 187 136 124 0.67070
00027.jpg 570 173 63 84 0.66946
00027.jpg 435 138 92 89 0.66458
00027.jpg 561 220 143 191 0.66407
00027.jpg 728 176 90 115 0.66189
00027.jpg 854 193 93 127 0.66164
00027.jpg 431 205 125 157 0.65909
00027.jpg 286 175 58 94 0.65894
00027.jpg 844 190 98 135 0.65845
00027.jpg 426 202 140 163 0.65782
00027.jpg 578 166 60 89 0.65722
00027.jpg 557 193 129 221 0.65644
00027.jpg 318 177 77 134 0.65517
00027.jpg 433 136 86 81 0.65501
00027.jpg 432 206 121 152 0.65425
00027.jpg 714 174 96 117 0.65042
00027.jpg 319 181 75 137 0.64865
00027.jpg 306 179 80 126 0.64742
00027.jpg 524 167 56 79 0.64697
00027.jpg 559 212 139 194 0.64519
00027.jpg 523 167 51 69 0.64407
00027.jpg 850 189 99 137 0.64061
00027.jpg 680 221 218 248 0.63984
00027.jpg 663 176 59 106 0.63766
00027.jpg 663 171 59 108 0.63721
00027.jpg 524 162 46 85 0.63411
00027.jpg 372 186 96 149 0.63294
00027.jpg 430 138 92 80 0.63165
00027.jpg 721 183 86 104 0.63027
00027.jpg 435 198 126 164 0.62725
00027.jpg 849 190 105 137 0.62552
00027.jpg 562 223 143 197 0.62344
00027.jpg 580 166 59 81 0.62062
00027.jpg 727 177 89 115 0.62050
00027.jpg 297 179 109 129 0.61958
00027.jpg 235 170 66 85 0.61725
00027.jpg 664 170 54 112 0.61498
00027.jpg 360 186 119 134 0.61455
00027.jpg 581 174 61 86 0.61345
00027.jpg 448 141 73 71 0.61335
00027.jpg 430 141 90 86 0.61146
00027.jpg 376 192 81 126 0.60922
00027.jpg 690 244 202 226 0.60864
00027.jpg 685 236 204 221 0.60814
00027.jpg 432 132 86 90 0.60811
00027.jpg 715 175 100 121 0.60738
00027.jpg 419 140 103 85 0.60706
00027.jpg 687 228 202 245 0.60644
00027.jpg 721 175 92 122 0.60593
00027.jpg 318 182 63 124 0.60246
00027.jpg 251 179 118 86 0.60076
00027.jpg 436 141 94 82 0.60070
00027.jpg 553 226 150 183 0.59805
00027.jpg 371 191 93 130 0.59711
00027.jpg 237 176 67 62 0.59400
00027.jpg 438 144 94 73 0.59377
00027.jpg 524 166 57 81 0.59212
00027.jpg 846 199 100 114 0.59113
00027.jpg 665 176 54 98 0.58744
00027.jpg 423 204 130 161 0.58466
00027.jpg 442 140 83 74 0.58431
00027.jpg 438 206 123 152 0.58272
00027.jpg 383 187 112 143 0.58228
00027.jpg 408 202 159 160 0.58124
00027.jpg 435 191 122 178 0.58079
00027.jpg 273 184 89 105 0.58074
00027.jpg 260 176 78 98 0.57899
00027.jpg 574 205 121 217 0.57291
00027.jpg 849 185 97 142 0.57002
00027.jpg 698 247 188 216 0.56823
00027.jpg 439 143 87 72 0.56724
00027.jpg 570 168 71 87 0.56481
00027.jpg 235 172 61 95 0.56379
00027.jpg 437 140 84 75 0.56163
00027.jpg 717 177 93 115 0.56036
00027.jpg 661 175 63 106 0.56001
00027.jpg 556 225 135 202 0.55724
00027.jpg 518 166 54 83 0.55553
00027.jpg 579 166 58 95 0.55553
00027.jpg 317 188 88 129 0.55208
00027.jpg 445 206 108 153 0.55142
00027.jpg 717 181 91 109 0.55006
00027.jpg 451 136 69 81 0.54926
00027.jpg 563 213 138 202 0.54806
00027.jpg 515 158 63 91 0.54797
00027.jpg 438 137 87 82 0.54682
00027.jpg 284 177 55 79 0.54619
00027.jpg 247 174 128 102 0.54420
00027.jpg 326 181 132 141 0.53882
00027.jpg 239 171 67 70 0.53825
00027.jpg 233 175 73 74 0.53735
00027.jpg 430 137 86 96 0.53491
00027.jpg 432 136 85 87 0.53380
00027.jpg 341 183 151 143 0.53242
00027.jpg 438 135 87 101 0.53181
00027.jpg 420 145 97 73 0.53074
00027.jpg 436 138 96 75 0.53053
00027.jpg 858 197 83 133 0.52983
00027.jpg 742 179 70 118 0.52894
00027.jpg 285 181 48 85 0.52798
00027.jpg 849 184 101 132 0.52639
00027.jpg 308 185 97 126 0.52507
00027.jpg 232 170 71 88 0.52504
00027.jpg 570 212 125 196 0.52192
00027.jpg 659 176 63 101 0.51981
00027.jpg 658 179 60 99 0.51981
00027.jpg 233 176 66 77 0.51863
00027.jpg 288 178 58 94 0.51840
00027.jpg 854 193 88 131 0.51784
00027.jpg 660 178 71 92 0.51737
00027.jpg 520 160 59 93 0.51687
00027.jpg 853 183 97 145 0.51523
00027.jpg 313 182 72 119 0.51459
00027.jpg 831 193 124 131 0.51355
00027.jpg 423 177 135 189 0.51219
00027.jpg 242 177 55 92 0.51114
00027.jpg 719 170 91 114 0.51088
00027.jpg 236 172 61 69 0.51048
00027.jpg 712 174 102 120 0.50923
00027.jpg 725 182 88 109 0.50441
00027.jpg 720 177 93 118 0.50415
00027.jpg 845 192 108 140 0.50333
00027.jpg 574 220 129 194 0.50224
00027.jpg 571 169 65 87 0.49950
