00033.jpg 696 231 234 255 0.99913
00033.jpg 467 199 100 164 0.99904
00033.jpg 698 250 234 222 0.99849
00033.jpg 692 237 231 233 0.99838
00033.jpg 383 190 104 143 0.99828
00033.jpg 682 235 254 236 0.99794
00033.jpg 319 179 85 116 0.99761
00033.jpg 700 240 225 234 0.99751
00033.jpg 698 234 210 228 0.99707
00033.jpg 895 192 64 130 0.99666
00033.jpg 703 233 220 236 0.99660
00033.jpg 572 170 75 87 0.99628
00033.jpg 701 227 221 249 0.99616
00033.jpg 723 182 107 112 0.99590
00033.jpg 692 222 232 258 0.99562
00033.jpg 726 178 103 117 0.99536
00033.jpg 894 193 65 129 0.99531
00033.jpg 893 191 66 136 0.99507
00033.jpg 465 197 100 156 0.99499
00033.jpg 572 169 78 92 0.99441
00033.jpg 724 180 104 116 0.99434
00033.jpg 699 223 223 255 0.99418
00033.jpg 729 236 191 242 0.99335
00033.jpg 699 228 230 241 0.99335
00033.jpg 679 211 253 254 0.99332
00033.jpg 574 169 73 88 0.99287
00033.jpg 704 232 212 231 0.99285
00033.jpg 572 167 77 95 0.99284
00033.jpg 461 199 108 164 0.99271
00033.jpg 574 171 75 87 0.99261
00033.jpg 385 182 99 148 0.99259
00033.jpg 894 191 65 134 0.99242
00033.jpg 571 168 78 92 0.99227
00033.jpg 695 245 231 231 0.99158
00033.jpg 726 180 102 116 0.99135
00033.jpg 696 240 225 238 0.99129
00033.jpg 392 183 88 150 0.99090
00033.jpg 571 170 76 87 0.99058
00033.jpg 572 170 77 88 0.99058
00033.jpg 463 195 110 170 0.99040
00033.jpg 722 180 111 114 0.98990
00033.jpg 724 179 105 116 0.98981
00033.jpg 571 166 79 94 0.98969
00033.jpg 682 238 247 227 0.98953
00033.jpg 714 225 206 245 0.98909
00033.jpg 573 166 74 94 0.98906
00033.jpg 720 174 113 115 0.98895
00033.jpg 570 171 80 85 0.98881
00033.jpg 896 193 63 130 0.98816
00033.jpg 683 178 48 105 0.98814
00033.jpg 393 186 98 144 0.98774
00033.jpg 705 246 214 247 0.98750
00033.jpg 728 179 102 112 0.98726
00033.jpg 391 190 97 141 0.98724
00033.jpg 388 182 91 145 0.98695
00033.jpg 570 168 79 93 0.98694
00033.jpg 728 175 95 115 0.98656
00033.jpg 729 176 94 115 0.98656
00033.jpg 727 180 100 116 0.98643
00033.jpg 470 195 100 170 0.98638
00033.jpg 461 203 109 158 0.98633
00033.jpg 573 168 71 95 0.98624
00033.jpg 717 181 114 119 0.98598
00033.jpg 894 192 65 132 0.98595
00033.jpg 575 169 74 94 0.98575
00033.jpg 570 167 79 93 0.98570
00033.jpg 678 177 51 100 0.98560
00033.jpg 576 169 72 94 0.98548
00033.jpg 470 200 96 151 0.98532
00033.jpg 388 187 94 144 0.98515
00033.jpg 575 166 70 91 0.98501
00033.jpg 695 239 229 229 0.98494
00033.jpg 571 169 78 89 0.98476
00033.jpg 730 175 95 116 0.98453
00033.jpg 726 179 103 105 0.98440
00033.jpg 560 224 164 178 0.98422
00033.jpg 390 184 89 140 0.98419
00033.jpg 465 200 100 163 0.98397
00033.jpg 716 181 110 115 0.98379
00033.jpg 897 195 62 131 0.98376
00033.jpg 684 240 247 241 0.98366
00033.jpg 570 169 79 93 0.98322
00033.jpg 574 169 72 88 0.98321
00033.jpg 720 179 112 113 0.98317
00033.jpg 900 191 59 133 0.98274
00033.jpg 724 176 108 122 0.98273
00033.jpg 722 178 107 116 0.98234
00033.jpg 685 238 245 234 0.98217
00033.jpg 255 173 63 99 0.98157
00033.jpg 470 198 103 164 0.98154
00033.jpg 573 168 76 93 0.98145
00033.jpg 709 229 215 248 0.98110
00033.jpg 693 243 234 235 0.98062
00033.jpg 698 236 212 232 0.98024
00033.jpg 254 175 63 89 0.98014
00033.jpg 383 183 97 142 0.98007
00033.jpg 254 173 68 94 0.97990
00033.jpg 390 182 95 152 0.97981
00033.jpg 561 220 162 190 0.97980
00033.jpg 254 173 69 94 0.97970
00033.jpg 388 188 95 144 0.97909
00033.jpg 385 188 100 141 0.97895
00033.jpg 569 167 82 89 0.97890
00033.jpg 713 243 208 221 0.97834
00033.jpg 394 184 91 148 0.97823
00033.jpg 703 229 233 241 0.97820
00033.jpg 392 185 93 143 0.97817
00033.jpg 894 194 65 132 0.97789
00033.jpg 723 181 108 114 0.97767
00033.jpg 726 235 206 245 0.97753
00033.jpg 462 195 102 154 0.97744
00033.jpg 889 190 69 137 0.97730
00033.jpg 465 193 104 170 0.97710
00033.jpg 569 172 77 85 0.97710
00033.jpg 575 168 69 89 0.97707
00033.jpg 253 171 63 98 0.97704
00033.jpg 464 195 103 167 0.97693
00033.jpg 466 199 105 158 0.97666
00033.jpg 464 205 106 148 0.97616
00033.jpg 464 197 103 160 0.97593
00033.jpg 568 168 81 89 0.97573
00033.jpg 686 244 247 238 0.97546
00033.jpg 572 168 76 87 0.97541
00033.jpg 894 195 64 129 0.97536
00033.jpg 722 179 112 117 0.97490
00033.jpg 385 181 103 139 0.97483
00033.jpg 317 179 86 121 0.97480
00033.jpg 574 219 152 179 0.97451
00033.jpg 695 245 243 243 0.97420
00033.jpg 279 175 71 93 0.97411
00033.jpg 290 177 61 94 0.97394
00033.jpg 462 198 105 158 0.97368
00033.jpg 323 179 79 121 0.97315
00033.jpg 728 180 99 111 0.97258
00033.jpg 461 192 111 165 0.97207
00033.jpg 259 170 56 93 0.97156
00033.jpg 564 217 173 185 0.97144
00033.jpg 572 168 74 96 0.97121
00033.jpg 392 185 90 142 0.97107
00033.jpg 723 174 107 123 0.97085
00033.jpg 696 213 229 281 0.97061
00033.jpg 897 196 62 129 0.97025
00033.jpg 573 165 73 96 0.97023
00033.jpg 389 183 98 153 0.96994
00033.jpg 678 177 49 94 0.96949
00033.jpg 719 172 111 121 0.96928
00033.jpg 569 222 153 179 0.96905
00033.jpg 568 167 81 96 0.96847
00033.jpg 694 239 235 240 0.96830
00033.jpg 893 191 66 133 0.96828
00033.jpg 293 176 58 103 0.96781
00033.jpg 726 180 104 114 0.96746
00033.jpg 723 183 105 109 0.96707
00033.jpg 461 198 106 154 0.96647
00033.jpg 571 170 80 90 0.96622
00033.jpg 570 165 78 95 0.96596
00033.jpg 256 171 66 92 0.96522
00033.jpg 898 193 61 131 0.96492
00033.jpg 251 175 85 93 0.96435
00033.jpg 464 199 104 158 0.96430
00033.jpg 291 176 65 97 0.96402
00033.jpg 724 176 103 121 0.96397
00033.jpg 274 177 76 94 0.96351
00033.jpg 570 170 79 90 0.96322
00033.jpg 385 185 98 146 0.96263
00033.jpg 574 165 74 96 0.96235
00033.jpg 569 172 79 86 0.96199
00033.jpg 896 194 63 131 0.96176
00033.jpg 701 226 216 249 0.96138
00033.jpg 570 170 77 82 0.96081
00033.jpg 466 196 102 167 0.96056
00033.jpg 461 135 55 73 0.96037
00033.jpg 569 227 154 174 0.96033
00033.jpg 897 196 62 127 0.96029
00033.jpg 564 222 161 184 0.95956
00033.jpg 463 204 105 151 0.95913
00033.jpg 575 172 68 87 0.95910
00033.jpg 689 233 235 250 0.95906
00033.jpg 682 174 48 99 0.95845
00033.jpg 728 179 102 114 0.95797
00033.jpg 460 136 58 79 0.95793
00033.jpg 724 180 106 117 0.95765
00033.jpg 385 183 92 142 0.95758
00033.jpg 725 176 106 118 0.95683
00033.jpg 384 180 101 154 0.95648
00033.jpg 388 182 91 151 0.95647
00033.jpg 710 237 207 235 0.95641
00033.jpg 678 175 51 96 0.95610
00033.jpg 251 174 70 93 0.95566
00033.jpg 689 238 238 239 0.95548
00033.jpg 534 168 47 79 0.95515
00033.jpg 568 166 80 94 0.95435
00033.jpg 536 167 43 80 0.95433
00033.jpg 532 164 51 84 0.95403
00033.jpg 249 175 94 95 0.95371
00033.jpg 462 196 110 161 0.95283
00033.jpg 258 172 55 95 0.95208
00033.jpg 565 227 159 180 0.95132
00033.jpg 463 199 107 164 0.95127
00033.jpg 572 217 154 190 0.95102
00033.jpg 724 180 103 113 0.95098
00033.jpg 389 190 96 137 0.95040
00033.jpg 725 182 105 114 0.94976
00033.jpg 895 191 64 134 0.94972
00033.jpg 568 168 82 90 0.94962
00033.jpg 310 178 88 117 0.94961
00033.jpg 577 209 141 201 0.94961
00033.jpg 464 200 103 160 0.94944
00033.jpg 292 178 60 92 0.94931
00033.jpg 381 184 100 143 0.94872
00033.jpg 725 173 100 129 0.94866
00033.jpg 466 200 102 147 0.94842
00033.jpg 724 181 102 117 0.94794
00033.jpg 387 186 95 143 0.94751
00033.jpg 251 173 72 96 0.94710
00033.jpg 566 227 163 182 0.94635
00033.jpg 571 173 75 89 0.94615
00033.jpg 322 179 82 120 0.94567
00033.jpg 723 182 106 106 0.94562
00033.jpg 462 188 110 179 0.94559
00033.jpg 680 173 51 102 0.94540
00033.jpg 471 205 96 150 0.94534
00033.jpg 716 228 221 246 0.94419
00033.jpg 389 183 95 153 0.94382
00033.jpg 532 161 44 84 0.94346
00033.jpg 461 187 105 173 0.94344
00033.jpg 565 218 160 186 0.94326
00033.jpg 316 180 98 121 0.94317
00033.jpg 888 191 69 134 0.94305
00033.jpg 321 178 82 119 0.94262
00033.jpg 678 176 55 95 0.94261
00033.jpg 459 137 63 80 0.94111
00033.jpg 567 222 160 181 0.93946
00033.jpg 461 198 105 168 0.93939
00033.jpg 293 179 61 86 0.93935
00033.jpg 898 192 61 134 0.93882
00033.jpg 460 138 60 75 0.93872
00033.jpg 569 170 77 91 0.93824
00033.jpg 317 179 83 112 0.93806
00033.jpg 255 173 58 93 0.93782
00033.jpg 569 218 164 180 0.93752
00033.jpg 681 177 46 93 0.93728
00033.jpg 567 166 82 93 0.93725
00033.jpg 681 172 43 100 0.93689
00033.jpg 318 175 90 133 0.93673
00033.jpg 253 172 63 97 0.93654
00033.jpg 534 166 46 81 0.93641
00033.jpg 455 134 66 78 0.93549
00033.jpg 679 173 50 103 0.93539
00033.jpg 709 249 226 253 0.93530
00033.jpg 308 183 104 118 0.93479
00033.jpg 568 224 153 175 0.93407
00033.jpg 534 165 47 81 0.93355
00033.jpg 679 171 52 113 0.93354
00033.jpg 689 244 234 241 0.93332
00033.jpg 679 174 47 102 0.93240
00033.jpg 313 182 93 116 0.93143
00033.jpg 537 166 48 81 0.93128
00033.jpg 323 181 79 119 0.93125
00033.jpg 896 197 63 130 0.93017
00033.jpg 257 169 60 97 0.92995
00033.jpg 319 179 81 116 0.92951
00033.jpg 250 172 67 97 0.92948
00033.jpg 680 176 45 97 0.92939
00033.jpg 559 217 165 191 0.92927
00033.jpg 535 167 41 80 0.92888
00033.jpg 887 195 71 128 0.92864
00033.jpg 564 222 162 184 0.92843
00033.jpg 251 174 73 99 0.92842
00033.jpg 566 215 155 192 0.92837
00033.jpg 719 178 115 117 0.92811
00033.jpg 680 174 51 100 0.92808
00033.jpg 261 170 56 96 0.92711
00033.jpg 262 173 66 94 0.92681
00033.jpg 325 181 77 117 0.92658
00033.jpg 461 193 111 165 0.92647
00033.jpg 313 178 91 121 0.92635
00033.jpg 572 171 76 86 0.92619
00033.jpg 678 175 53 98 0.92576
00033.jpg 723 172 101 129 0.92524
00033.jpg 320 182 86 108 0.92469
00033.jpg 388 184 94 148 0.92446
00033.jpg 253 178 65 89 0.92325
00033.jpg 318 182 90 117 0.92200
00033.jpg 463 199 106 156 0.92191
00033.jpg 320 182 84 113 0.92184
00033.jpg 323 179 81 114 0.92165
00033.jpg 687 244 237 234 0.92155
00033.jpg 680 172 51 103 0.92107
00033.jpg 309 182 98 119 0.92045
00033.jpg 564 170 87 86 0.92001
00033.jpg 459 136 63 75 0.91929
00033.jpg 724 180 99 113 0.91907
00033.jpg 559 220 160 183 0.91867
00033.jpg 563 213 159 194 0.91786
00033.jpg 565 235 158 169 0.91731
00033.jpg 570 170 75 89 0.91720
00033.jpg 699 251 236 215 0.91720
00033.jpg 567 211 161 195 0.91650
00033.jpg 561 235 158 165 0.91531
00033.jpg 573 164 76 97 0.91496
00033.jpg 534 164 48 83 0.91494
00033.jpg 678 177 52 96 0.91475
00033.jpg 266 169 77 102 0.91454
00033.jpg 725 181 106 114 0.91450
00033.jpg 319 182 87 110 0.91442
00033.jpg 319 181 89 111 0.91411
00033.jpg 252 175 67 93 0.91365
00033.jpg 386 184 95 143 0.91251
00033.jpg 565 223 160 177 0.91116
00033.jpg 571 222 150 179 0.90948
00033.jpg 680 174 52 107 0.90892
00033.jpg 721 179 111 118 0.90885
00033.jpg 898 187 59 142 0.90823
00033.jpg 567 215 157 188 0.90812
00033.jpg 264 172 47 91 0.90802
00033.jpg 257 175 71 93 0.90794
00033.jpg 563 223 157 179 0.90763
00033.jpg 557 220 165 190 0.90760
00033.jpg 723 178 102 115 0.90705
00033.jpg 723 180 107 115 0.90595
00033.jpg 536 169 41 74 0.90572
00033.jpg 708 226 224 251 0.90543
00033.jpg 387 180 96 152 0.90506
00033.jpg 560 217 166 200 0.90505
00033.jpg 724 172 107 118 0.90343
00033.jpg 682 172 51 108 0.90336
00033.jpg 297 177 53 91 0.90299
00033.jpg 894 188 63 137 0.90292
00033.jpg 462 207 107 150 0.90290
00033.jpg 692 248 236 230 0.90278
00033.jpg 460 136 62 76 0.90235
00033.jpg 574 220 147 179 0.90170
00033.jpg 536 166 43 85 0.90165
00033.jpg 458 143 62 78 0.90147
00033.jpg 456 135 62 74 0.89980
00033.jpg 536 169 44 77 0.89941
00033.jpg 386 191 91 141 0.89884
00033.jpg 310 176 69 106 0.89877
00033.jpg 571 171 79 88 0.89859
00033.jpg 896 192 63 131 0.89809
00033.jpg 568 215 157 189 0.89779
00033.jpg 566 220 160 179 0.89707
00033.jpg 691 241 240 238 0.89652
00033.jpg 680 176 51 98 0.89645
00033.jpg 557 217 167 186 0.89613
00033.jpg 537 164 39 81 0.89609
00033.jpg 681 218 245 257 0.89606
00033.jpg 458 136 58 83 0.89584
00033.jpg 252 172 68 92 0.89558
00033.jpg 252 173 69 100 0.89557
00033.jpg 299 179 63 99 0.89426
00033.jpg 570 165 80 95 0.89250
00033.jpg 566 223 165 180 0.89250
00033.jpg 384 185 98 142 0.89224
00033.jpg 261 177 88 93 0.89185
00033.jpg 462 137 59 82 0.89163
00033.jpg 391 186 89 147 0.89132
00033.jpg 567 231 163 166 0.89094
00033.jpg 723 185 105 109 0.89050
00033.jpg 258 172 61 87 0.89035
00033.jpg 898 189 61 131 0.89008
00033.jpg 722 176 104 121 0.88962
00033.jpg 894 192 65 131 0.88932
00033.jpg 455 135 71 72 0.88911
00033.jpg 702 232 220 244 0.88840
00033.jpg 564 223 170 185 0.88807
00033.jpg 459 136 60 84 0.88798
00033.jpg 311 175 93 125 0.88724
00033.jpg 383 188 98 135 0.88666
00033.jpg 385 176 109 156 0.88577
00033.jpg 299 173 45 94 0.88508
00033.jpg 564 221 156 190 0.88494
00033.jpg 317 179 64 106 0.88361
00033.jpg 290 179 62 92 0.88187
00033.jpg 723 179 104 117 0.88173
00033.jpg 460 200 112 156 0.88172
00033.jpg 318 176 91 130 0.88104
00033.jpg 557 223 164 180 0.88072
00033.jpg 532 166 49 85 0.88065
00033.jpg 323 180 83 119 0.88048
00033.jpg 258 171 60 94 0.88025
00033.jpg 248 171 72 101 0.87906
00033.jpg 562 213 165 196 0.87899
00033.jpg 897 194 62 128 0.87881
00033.jpg 378 183 109 140 0.87859
00033.jpg 539 168 41 76 0.87833
00033.jpg 562 228 165 180 0.87774
00033.jpg 462 135 63 75 0.87719
00033.jpg 320 180 85 116 0.87710
00033.jpg 387 187 92 139 0.87599
00033.jpg 259 171 55 94 0.87516
00033.jpg 299 176 50 99 0.87425
00033.jpg 255 173 61 90 0.87388
00033.jpg 893 199 66 130 0.87238
00033.jpg 572 231 147 169 0.87171
00033.jpg 261 173 49 89 0.87167
00033.jpg 700 244 226 253 0.87062
00033.jpg 255 173 58 96 0.86979
00033.jpg 723 185 102 108 0.86969
00033.jpg 455 138 63 81 0.86969
00033.jpg 297 176 53 95 0.86706
00033.jpg 315 173 96 136 0.86696
00033.jpg 565 166 83 96 0.86683
00033.jpg 537 168 40 75 0.86527
00033.jpg 555 224 173 172 0.86456
00033.jpg 564 226 158 176 0.86388
00033.jpg 311 179 93 117 0.86369
00033.jpg 292 170 64 109 0.86363
00033.jpg 568 228 164 172 0.86307
00033.jpg 569 214 153 191 0.86229
00033.jpg 893 195 66 126 0.86185
00033.jpg 249 173 71 98 0.86126
00033.jpg 531 167 53 79 0.86051
00033.jpg 575 168 79 84 0.85924
00033.jpg 300 173 111 126 0.85875
00033.jpg 457 137 61 75 0.85870
00033.jpg 298 176 65 110 0.85866
00033.jpg 262 175 62 91 0.85708
00033.jpg 312 174 87 128 0.85662
00033.jpg 251 171 70 94 0.85477
00033.jpg 259 174 54 87 0.85475
00033.jpg 533 166 44 80 0.85424
00033.jpg 319 181 88 109 0.85275
00033.jpg 311 177 93 125 0.85183
00033.jpg 453 195 122 167 0.85045
00033.jpg 256 171 62 96 0.85004
00033.jpg 680 175 50 100 0.84900
00033.jpg 250 174 68 90 0.84873
00033.jpg 320 179 89 116 0.84866
00033.jpg 532 165 50 83 0.84625
00033.jpg 312 182 92 117 0.84567
00033.jpg 320 180 83 124 0.84488
00033.jpg 562 221 169 187 0.84438
00033.jpg 309 179 84 111 0.84436
00033.jpg 254 175 67 90 0.84424
00033.jpg 556 224 166 182 0.84325
00033.jpg 395 197 87 125 0.84316
00033.jpg 252 179 69 85 0.84286
00033.jpg 321 181 81 110 0.84231
00033.jpg 390 187 96 150 0.84100
00033.jpg 300 174 108 125 0.83895
00033.jpg 461 134 63 79 0.83871
00033.jpg 461 136 60 73 0.83834
00033.jpg 293 179 62 93 0.83803
00033.jpg 388 182 95 153 0.83645
00033.jpg 679 233 259 240 0.83632
00033.jpg 464 202 100 141 0.83628
00033.jpg 569 221 159 179 0.83484
00033.jpg 454 194 119 164 0.83466
00033.jpg 536 167 49 79 0.83425
00033.jpg 394 187 97 145 0.83358
00033.jpg 691 243 234 238 0.83043
00033.jpg 562 217 165 190 0.83001
00033.jpg 682 176 51 100 0.82972
00033.jpg 460 139 56 66 0.82740
00033.jpg 325 180 79 123 0.82609
00033.jpg 558 224 177 181 0.82606
00033.jpg 258 172 57 92 0.82605
00033.jpg 897 196 62 124 0.82596
00033.jpg 300 177 49 91 0.82555
00033.jpg 567 217 164 167 0.82511
00033.jpg 576 168 74 93 0.82473
00033.jpg 535 165 48 81 0.82448
00033.jpg 285 176 71 94 0.82445
00033.jpg 311 181 99 106 0.82432
00033.jpg 688 244 245 227 0.82330
00033.jpg 383 183 104 139 0.82204
00033.jpg 459 134 58 75 0.82043
00033.jpg 460 138 57 73 0.82031
00033.jpg 564 224 152 179 0.81899
00033.jpg 574 225 152 176 0.81817
00033.jpg 258 169 56 95 0.81650
00033.jpg 457 134 62 81 0.81627
00033.jpg 891 193 68 129 0.81611
00033.jpg 309 183 94 108 0.81440
00033.jpg 462 195 104 166 0.81216
00033.jpg 298 178 55 89 0.81133
00033.jpg 677 175 50 97 0.81083
00033.jpg 256 175 74 86 0.80923
00033.jpg 720 183 108 114 0.80908
00033.jpg 534 168 44 75 0.80839
00033.jpg 296 179 54 89 0.80745
00033.jpg 288 179 65 93 0.80692
00033.jpg 462 197 109 161 0.80639
00033.jpg 693 237 241 242 0.80498
00033.jpg 256 168 66 102 0.80287
00033.jpg 586 218 144 187 0.80214
00033.jpg 293 182 57 88 0.80121
00033.jpg 300 176 50 88 0.79927
00033.jpg 275 177 75 94 0.79855
00033.jpg 680 174 46 101 0.79829
00033.jpg 586 213 136 188 0.79787
00033.jpg 320 179 82 115 0.79652
00033.jpg 679 174 45 103 0.79614
00033.jpg 675 175 58 104 0.79560
00033.jpg 568 219 146 191 0.79360
00033.jpg 294 175 57 104 0.79276
00033.jpg 701 233 238 248 0.79255
00033.jpg 291 179 56 83 0.79215
00033.jpg 288 179 119 111 0.79055
00033.jpg 570 167 83 96 0.78832
00033.jpg 300 173 51 106 0.78788
00033.jpg 725 179 103 114 0.78681
00033.jpg 266 169 45 95 0.78674
00033.jpg 681 172 49 100 0.78668
00033.jpg 723 177 107 115 0.78593
00033.jpg 467 192 108 172 0.78542
00033.jpg 565 219 162 180 0.78409
00033.jpg 250 174 66 95 0.78387
00033.jpg 254 169 65 97 0.78262
00033.jpg 531 167 49 78 0.78226
00033.jpg 309 177 100 125 0.78202
00033.jpg 309 179 101 122 0.78131
00033.jpg 465 193 109 171 0.78025
00033.jpg 302 180 45 86 0.77966
00033.jpg 458 136 58 103 0.77848
00033.jpg 677 171 52 99 0.77778
00033.jpg 302 172 107 122 0.77645
00033.jpg 390 185 96 151 0.77614
00033.jpg 535 163 49 81 0.77579
00033.jpg 887 190 71 137 0.77527
00033.jpg 459 132 63 81 0.77481
00033.jpg 885 186 73 128 0.77423
00033.jpg 718 181 111 113 0.77415
00033.jpg 730 180 101 121 0.77392
00033.jpg 726 181 104 119 0.77261
00033.jpg 535 169 42 78 0.77237
00033.jpg 703 231 225 243 0.77100
00033.jpg 254 174 76 92 0.76952
00033.jpg 274 177 66 90 0.76907
00033.jpg 555 231 171 171 0.76902
00033.jpg 315 178 101 130 0.76883
00033.jpg 291 174 66 95 0.76588
00033.jpg 262 176 81 90 0.76520
00033.jpg 676 171 54 112 0.76402
00033.jpg 288 176 66 107 0.76352
00033.jpg 680 170 46 116 0.76051
00033.jpg 470 198 92 157 0.76012
00033.jpg 391 186 89 144 0.75929
00033.jpg 719 178 107 111 0.75876
00033.jpg 886 194 73 126 0.75814
00033.jpg 250 177 61 81 0.75726
00033.jpg 529 166 59 80 0.75691
00033.jpg 460 139 61 72 0.75364
00033.jpg 388 180 93 144 0.75290
00033.jpg 461 135 60 81 0.75149
00033.jpg 722 179 112 120 0.75125
00033.jpg 268 171 49 90 0.75059
00033.jpg 726 177 104 121 0.74821
00033.jpg 250 177 63 87 0.74204
00033.jpg 562 217 177 190 0.74157
00033.jpg 301 175 41 88 0.73996
00033.jpg 254 172 59 79 0.73961
00033.jpg 604 222 118 164 0.73749
00033.jpg 532 164 43 82 0.73520
00033.jpg 462 134 59 75 0.73488
00033.jpg 290 180 62 92 0.73424
00033.jpg 563 230 147 172 0.73384
00033.jpg 464 198 105 151 0.73175
00033.jpg 704 221 219 271 0.72834
00033.jpg 256 179 55 87 0.72647
00033.jpg 682 175 45 101 0.72601
00033.jpg 298 176 46 91 0.72332
00033.jpg 896 192 63 135 0.72323
00033.jpg 461 136 52 105 0.72304
00033.jpg 565 220 147 184 0.72300
00033.jpg 452 137 64 83 0.72163
00033.jpg 262 170 54 85 0.72137
00033.jpg 392 184 90 154 0.72113
00033.jpg 718 177 107 121 0.71996
00033.jpg 896 195 63 132 0.71836
00033.jpg 562 225 157 189 0.71789
00033.jpg 886 190 70 141 0.71770
00033.jpg 463 137 56 68 0.71692
00033.jpg 727 177 101 118 0.71606
00033.jpg 253 178 57 85 0.71600
00033.jpg 588 219 138 180 0.71422
00033.jpg 536 168 48 77 0.71263
00033.jpg 724 184 107 110 0.71238
00033.jpg 529 167 57 77 0.71199
00033.jpg 577 164 77 94 0.71119
00033.jpg 456 139 58 87 0.71103
00033.jpg 528 167 60 78 0.70851
00033.jpg 300 177 50 81 0.70740
00033.jpg 390 187 86 144 0.70733
00033.jpg 395 185 89 140 0.70639
00033.jpg 455 199 110 149 0.70616
00033.jpg 533 167 52 77 0.70533
00033.jpg 321 176 85 117 0.70284
00033.jpg 326 176 82 117 0.70235
00033.jpg 676 176 59 96 0.70151
00033.jpg 720 177 105 113 0.70045
00033.jpg 460 140 56 69 0.69815
00033.jpg 380 180 105 146 0.69800
00033.jpg 699 230 217 255 0.69792
00033.jpg 294 178 70 82 0.69704
00033.jpg 676 172 55 98 0.69641
00033.jpg 462 143 59 61 0.69372
00033.jpg 317 174 98 136 0.69275
00033.jpg 554 224 169 173 0.69035
00033.jpg 391 189 90 146 0.68809
00033.jpg 694 241 230 239 0.68659
00033.jpg 560 231 154 174 0.68638
00033.jpg 396 188 82 140 0.68550
00033.jpg 678 230 237 245 0.68451
00033.jpg 301 177 117 116 0.68392
00033.jpg 471 199 93 157 0.68177
00033.jpg 725 180 106 119 0.68026
00033.jpg 463 201 100 160 0.67936
00033.jpg 254 167 108 109 0.67890
00033.jpg 675 177 62 99 0.67850
00033.jpg 460 135 58 79 0.67719
00033.jpg 605 218 118 185 0.67510
00033.jpg 385 191 99 135 0.67458
00033.jpg 556 225 159 183 0.67397
00033.jpg 275 173 75 102 0.67363
00033.jpg 576 167 76 93 0.67313
00033.jpg 286 179 65 83 0.67265
00033.jpg 722 174 108 118 0.67212
00033.jpg 455 136 69 86 0.67162
00033.jpg 290 177 52 107 0.66973
00033.jpg 570 168 71 87 0.66970
00033.jpg 247 175 106 88 0.66873
00033.jpg 298 174 55 83 0.66861
00033.jpg 323 173 89 128 0.66607
00033.jpg 457 138 62 84 0.66582
00033.jpg 289 184 67 90 0.66245
00033.jpg 572 166 80 103 0.66226
00033.jpg 277 174 94 112 0.66197
00033.jpg 722 181 102 113 0.66116
00033.jpg 890 191 68 130 0.66050
00033.jpg 615 220 106 179 0.65895
00033.jpg 454 140 62 76 0.65834
00033.jpg 379 177 112 159 0.65285
00033.jpg 314 180 95 129 0.64952
00033.jpg 620 221 100 168 0.64864
00033.jpg 460 137 59 78 0.64772
00033.jpg 460 189 107 170 0.64703
00033.jpg 602 215 117 178 0.64664
00033.jpg 671 173 67 103 0.64564
00033.jpg 301 175 53 117 0.64421
00033.jpg 459 139 65 99 0.64363
00033.jpg 463 136 64 73 0.64201
00033.jpg 718 178 111 118 0.64061
00033.jpg 257 169 50 91 0.63890
00033.jpg 308 170 96 124 0.63798
00033.jpg 463 134 55 116 0.63719
00033.jpg 304 174 47 92 0.63522
00033.jpg 299 173 53 96 0.63519
00033.jpg 302 179 101 124 0.63399
00033.jpg 532 164 48 82 0.63369
00033.jpg 465 202 102 162 0.63141
00033.jpg 393 184 96 146 0.63072
00033.jpg 266 180 86 94 0.63071
00033.jpg 393 188 86 137 0.63062
00033.jpg 391 188 96 141 0.63020
00033.jpg 459 138 57 77 0.63007
00033.jpg 252 175 57 83 0.62872
00033.jpg 572 167 80 88 0.62791
00033.jpg 722 181 114 117 0.62418
00033.jpg 558 234 163 167 0.62056
00033.jpg 251 176 53 93 0.61982
00033.jpg 255 172 83 83 0.61814
00033.jpg 461 140 62 67 0.61705
00033.jpg 288 172 59 105 0.61610
00033.jpg 255 175 59 62 0.61584
00033.jpg 566 227 148 179 0.61547
00033.jpg 677 171 47 119 0.61515
00033.jpg 461 201 114 155 0.61211
00033.jpg 535 165 48 80 0.60980
00033.jpg 298 176 119 113 0.60901
00033.jpg 469 217 98 136 0.60833
00033.jpg 575 221 152 191 0.60703
00033.jpg 267 173 48 87 0.60607
00033.jpg 570 228 159 177 0.60512
00033.jpg 309 186 107 122 0.60382
00033.jpg 284 181 55 88 0.60378
00033.jpg 250 178 64 88 0.60315
00033.jpg 325 181 81 129 0.60261
00033.jpg 448 134 73 92 0.60133
00033.jpg 263 174 64 91 0.59996
00033.jpg 530 165 55 84 0.59854
00033.jpg 262 181 129 91 0.59815
00033.jpg 304 174 48 90 0.59585
00033.jpg 728 177 98 114 0.59476
00033.jpg 317 185 85 109 0.59398
00033.jpg 571 232 138 171 0.59292
00033.jpg 331 179 79 128 0.59196
00033.jpg 574 157 80 125 0.59036
00033.jpg 696 249 226 229 0.58603
00033.jpg 567 226 166 195 0.58516
00033.jpg 253 167 68 89 0.58501
00033.jpg 254 172 98 96 0.58399
00033.jpg 569 221 152 185 0.58222
00033.jpg 457 133 65 112 0.58150
00033.jpg 567 170 86 91 0.57977
00033.jpg 309 170 81 131 0.57974
00033.jpg 675 173 52 117 0.57896
00033.jpg 270 170 59 106 0.57510
00033.jpg 572 168 74 83 0.57178
00033.jpg 458 133 66 85 0.57131
00033.jpg 563 224 161 187 0.56984
00033.jpg 463 137 60 74 0.56444
00033.jpg 557 230 154 174 0.56398
00033.jpg 892 184 67 150 0.56215
00033.jpg 566 169 85 88 0.56170
00033.jpg 251 176 87 94 0.56037
00033.jpg 700 251 224 221 0.55938
00033.jpg 453 140 65 78 0.55928
00033.jpg 531 167 51 77 0.55851
00033.jpg 459 200 106 151 0.55728
00033.jpg 558 211 173 190 0.55690
00033.jpg 618 218 104 174 0.55568
00033.jpg 684 177 42 93 0.55460
00033.jpg 459 198 107 166 0.55389
00033.jpg 299 171 55 91 0.55374
00033.jpg 586 220 133 168 0.55361
00033.jpg 692 217 227 270 0.55335
00033.jpg 575 172 79 81 0.55308
00033.jpg 568 216 149 180 0.55042
00033.jpg 617 217 103 165 0.54894
00033.jpg 536 168 49 80 0.54753
00033.jpg 368 190 111 136 0.54642
00033.jpg 563 218 154 194 0.54452
00033.jpg 679 175 46 95 0.54422
00033.jpg 588 219 139 168 0.54297
00033.jpg 273 178 52 81 0.54147
00033.jpg 324 180 83 119 0.54138
00033.jpg 461 139 55 80 0.53997
00033.jpg 386 184 111 153 0.53894
00033.jpg 451 135 74 98 0.53706
00033.jpg 718 175 114 123 0.53616
00033.jpg 255 180 95 93 0.53605
00033.jpg 537 164 43 80 0.53364
00033.jpg 391 175 103 165 0.53323
00033.jpg 390 179 104 153 0.53280
00033.jpg 265 170 54 90 0.53227
00033.jpg 328 186 82 109 0.53141
00033.jpg 680 251 243 216 0.53048
00033.jpg 726 176 101 118 0.52921
00033.jpg 390 182 90 148 0.52914
00033.jpg 532 163 55 82 0.52807
00033.jpg 468 203 98 155 0.52569
00033.jpg 898 192 61 131 0.52462
00033.jpg 329 176 77 120 0.52200
00033.jpg 461 136 55 75 0.52107
00033.jpg 457 140 62 71 0.52054
00033.jpg 725 178 104 115 0.52047
00033.jpg 888 190 71 128 0.51999
00033.jpg 454 197 118 154 0.51870
00033.jpg 530 165 55 77 0.51847
00033.jpg 259 181 47 86 0.51803
00033.jpg 679 178 47 88 0.51763
00033.jpg 566 168 83 85 0.51715
00033.jpg 534 164 53 87 0.51233
00033.jpg 566 169 76 91 0.51134
00033.jpg 536 167 42 81 0.51023
00033.jpg 446 183 121 179 0.50958
00033.jpg 891 192 67 135 0.50674
00033.jpg 393 181 99 143 0.50273
00033.jpg 459 140 66 92 0.49968
00033.jpg 703 245 221 231 0.49962
00033.jpg 459 203 118 158 0.49952
00033.jpg 464 192 106 160 0.49925
