00039.jpg 736 183 108 115 0.99900
00039.jpg 736 183 109 111 0.99855
00039.jpg 740 181 100 119 0.99813
00039.jpg 476 196 105 160 0.99739
00039.jpg 738 183 105 116 0.99656
00039.jpg 482 197 96 160 0.99581
00039.jpg 394 192 97 144 0.99549
00039.jpg 736 185 107 110 0.99546
00039.jpg 388 187 113 144 0.99514
00039.jpg 651 174 86 77 0.99463
00039.jpg 705 248 246 230 0.99461
00039.jpg 693 242 266 239 0.99447
00039.jpg 395 185 97 149 0.99395
00039.jpg 704 235 255 250 0.99383
00039.jpg 695 243 264 228 0.99374
00039.jpg 702 243 257 252 0.99344
00039.jpg 584 169 74 88 0.99341
00039.jpg 736 182 104 116 0.99295
00039.jpg 738 186 108 113 0.99285
00039.jpg 583 170 79 90 0.99278
00039.jpg 252 172 69 96 0.99265
00039.jpg 561 227 195 185 0.99226
00039.jpg 704 239 255 241 0.99210
00039.jpg 739 180 97 119 0.99208
00039.jpg 479 204 100 162 0.99203
00039.jpg 482 194 92 162 0.99170
00039.jpg 563 224 169 182 0.99133
00039.jpg 584 171 78 86 0.99117
00039.jpg 567 228 177 172 0.99109
00039.jpg 477 200 105 160 0.99073
00039.jpg 255 173 66 94 0.99061
00039.jpg 584 172 73 84 0.99053
00039.jpg 480 199 101 160 0.99038
00039.jpg 478 201 104 156 0.99038
00039.jpg 384 186 119 148 0.99023
00039.jpg 709 239 250 244 0.99015
00039.jpg 699 249 260 233 0.99015
00039.jpg 737 183 106 115 0.99002
00039.jpg 736 185 111 116 0.99000
00039.jpg 387 191 111 142 0.98968
00039.jpg 482 199 98 161 0.98941
00039.jpg 582 171 80 82 0.98918
00039.jpg 584 170 81 88 0.98902
00039.jpg 480 197 94 166 0.98893
00039.jpg 397 181 102 159 0.98883
00039.jpg 584 171 78 86 0.98862
00039.jpg 394 189 101 141 0.98854
00039.jpg 737 184 109 112 0.98847
00039.jpg 695 244 264 229 0.98844
00039.jpg 484 193 95 173 0.98826
00039.jpg 396 181 105 153 0.98804
00039.jpg 583 171 79 87 0.98799
00039.jpg 738 184 111 114 0.98799
00039.jpg 575 220 172 183 0.98797
00039.jpg 720 231 239 254 0.98786
00039.jpg 738 182 104 119 0.98786
00039.jpg 706 252 253 229 0.98784
00039.jpg 740 187 105 108 0.98762
00039.jpg 568 222 185 182 0.98748
00039.jpg 556 226 195 180 0.98747
00039.jpg 482 201 98 157 0.98693
00039.jpg 570 224 176 176 0.98665
00039.jpg 566 229 177 175 0.98649
00039.jpg 471 201 114 154 0.98648
00039.jpg 737 187 108 109 0.98632
00039.jpg 733 186 112 108 0.98612
00039.jpg 740 180 106 121 0.98607
00039.jpg 578 224 172 189 0.98601
00039.jpg 738 186 109 110 0.98576
00039.jpg 396 186 106 143 0.98569
00039.jpg 575 223 176 187 0.98501
00039.jpg 397 183 98 142 0.98499
00039.jpg 695 236 264 252 0.98489
00039.jpg 567 225 185 184 0.98488
00039.jpg 708 231 240 251 0.98484
00039.jpg 478 197 107 170 0.98478
00039.jpg 304 177 53 105 0.98471
00039.jpg 697 227 262 255 0.98461
00039.jpg 260 173 59 91 0.98415
00039.jpg 692 250 267 225 0.98413
00039.jpg 565 230 180 183 0.98413
00039.jpg 479 198 103 163 0.98405
00039.jpg 733 186 111 112 0.98405
00039.jpg 254 172 64 97 0.98384
00039.jpg 734 184 113 114 0.98369
00039.jpg 583 168 78 91 0.98344
00039.jpg 585 172 76 87 0.98335
00039.jpg 396 190 100 143 0.98333
00039.jpg 583 169 77 89 0.98311
00039.jpg 584 168 76 86 0.98311
00039.jpg 564 229 189 174 0.98298
00039.jpg 482 203 96 160 0.98277
00039.jpg 395 180 97 150 0.98248
00039.jpg 397 192 101 144 0.98224
00039.jpg 734 183 112 113 0.98181
00039.jpg 736 186 108 108 0.98179
00039.jpg 254 174 67 95 0.98173
00039.jpg 394 188 103 143 0.98161
00039.jpg 570 224 175 178 0.98126
00039.jpg 255 173 69 94 0.98121
00039.jpg 567 223 181 180 0.98088
00039.jpg 475 201 101 156 0.98028
00039.jpg 348 181 68 114 0.98020
00039.jpg 573 219 174 186 0.98003
00039.jpg 397 186 95 146 0.98001
00039.jpg 350 180 61 120 0.97988
00039.jpg 566 231 185 182 0.97969
00039.jpg 387 181 113 149 0.97944
00039.jpg 649 174 88 75 0.97899
00039.jpg 253 175 69 91 0.97888
00039.jpg 543 169 44 79 0.97866
00039.jpg 255 175 68 89 0.97837
00039.jpg 476 200 101 158 0.97836
00039.jpg 574 226 169 182 0.97815
00039.jpg 566 224 180 186 0.97803
00039.jpg 870 198 89 123 0.97794
00039.jpg 735 182 113 116 0.97784
00039.jpg 569 227 181 183 0.97781
00039.jpg 464 137 60 96 0.97764
00039.jpg 864 192 95 124 0.97758
00039.jpg 464 139 57 96 0.97730
00039.jpg 551 227 198 172 0.97730
00039.jpg 585 169 75 89 0.97690
00039.jpg 732 180 114 118 0.97670
00039.jpg 734 181 108 118 0.97669
00039.jpg 585 169 74 92 0.97661
00039.jpg 394 184 105 147 0.97649
00039.jpg 463 138 59 101 0.97643
00039.jpg 483 190 96 181 0.97586
00039.jpg 395 189 100 143 0.97552
00039.jpg 308 178 53 102 0.97545
00039.jpg 570 226 179 178 0.97538
00039.jpg 570 233 178 172 0.97530
00039.jpg 713 250 246 240 0.97516
00039.jpg 347 181 63 116 0.97489
00039.jpg 696 237 263 250 0.97473
00039.jpg 484 192 101 171 0.97451
00039.jpg 734 182 112 117 0.97447
00039.jpg 349 181 66 116 0.97397
00039.jpg 351 178 63 129 0.97380
00039.jpg 734 182 109 118 0.97355
00039.jpg 651 176 83 72 0.97349
00039.jpg 389 187 114 142 0.97332
00039.jpg 389 192 111 145 0.97327
00039.jpg 307 178 57 106 0.97313
00039.jpg 587 166 69 94 0.97305
00039.jpg 588 168 70 90 0.97298
00039.jpg 350 176 62 128 0.97267
00039.jpg 701 240 258 236 0.97238
00039.jpg 584 168 75 92 0.97162
00039.jpg 397 185 97 148 0.97152
00039.jpg 583 173 73 86 0.97143
00039.jpg 735 178 101 123 0.97137
00039.jpg 585 171 76 83 0.97103
00039.jpg 349 182 62 116 0.97101
00039.jpg 476 195 106 172 0.97090
00039.jpg 685 247 274 230 0.97085
00039.jpg 741 184 103 113 0.97061
00039.jpg 262 175 61 92 0.97056
00039.jpg 570 228 182 179 0.97034
00039.jpg 301 179 56 95 0.97022
00039.jpg 565 221 171 181 0.97013
00039.jpg 659 177 75 72 0.96943
00039.jpg 653 176 82 74 0.96915
00039.jpg 394 186 106 156 0.96910
00039.jpg 474 196 109 170 0.96887
00039.jpg 568 214 181 200 0.96886
00039.jpg 256 176 62 92 0.96846
00039.jpg 480 191 101 175 0.96843
00039.jpg 559 214 192 198 0.96830
00039.jpg 258 170 65 96 0.96808
00039.jpg 346 179 66 119 0.96760
00039.jpg 707 243 252 248 0.96751
00039.jpg 653 177 83 73 0.96697
00039.jpg 584 170 74 88 0.96689
00039.jpg 477 201 104 171 0.96678
00039.jpg 305 179 49 106 0.96626
00039.jpg 476 196 103 162 0.96619
00039.jpg 303 175 57 103 0.96603
00039.jpg 463 136 56 103 0.96599
00039.jpg 710 241 249 250 0.96481
00039.jpg 565 231 196 176 0.96465
00039.jpg 590 167 70 92 0.96454
00039.jpg 348 176 71 126 0.96442
00039.jpg 649 170 89 84 0.96388
00039.jpg 865 195 91 128 0.96343
00039.jpg 699 241 260 242 0.96253
00039.jpg 581 166 79 94 0.96251
00039.jpg 567 223 180 186 0.96234
00039.jpg 259 174 64 91 0.96230
00039.jpg 735 186 110 113 0.96228
00039.jpg 349 182 63 112 0.96204
00039.jpg 585 169 76 91 0.96177
00039.jpg 260 173 57 94 0.96164
00039.jpg 391 186 113 150 0.96156
00039.jpg 697 235 262 240 0.96142
00039.jpg 468 135 50 102 0.96106
00039.jpg 713 240 246 237 0.96079
00039.jpg 565 233 181 174 0.96056
00039.jpg 733 180 115 121 0.96041
00039.jpg 568 224 178 185 0.96037
00039.jpg 481 198 100 161 0.96037
00039.jpg 254 172 67 98 0.96032
00039.jpg 735 179 107 122 0.96009
00039.jpg 685 240 274 229 0.96004
00039.jpg 682 233 277 259 0.95980
00039.jpg 581 168 78 89 0.95961
00039.jpg 348 181 64 120 0.95924
00039.jpg 696 239 263 250 0.95910
00039.jpg 544 171 42 79 0.95897
00039.jpg 870 192 89 121 0.95892
00039.jpg 481 198 103 159 0.95888
00039.jpg 578 215 166 197 0.95883
00039.jpg 255 174 68 92 0.95875
00039.jpg 659 174 74 76 0.95865
00039.jpg 306 181 52 89 0.95795
00039.jpg 348 180 65 114 0.95766
00039.jpg 866 194 92 131 0.95761
00039.jpg 736 182 109 116 0.95747
00039.jpg 742 187 101 112 0.95725
00039.jpg 565 225 189 174 0.95718
00039.jpg 692 235 267 244 0.95705
00039.jpg 462 138 57 93 0.95674
00039.jpg 703 233 256 242 0.95599
00039.jpg 465 137 56 92 0.95595
00039.jpg 736 186 104 107 0.95534
00039.jpg 652 172 83 78 0.95519
00039.jpg 737 188 108 106 0.95503
00039.jpg 583 171 71 91 0.95423
00039.jpg 735 182 107 121 0.95423
00039.jpg 659 173 79 76 0.95423
00039.jpg 350 179 60 122 0.95419
00039.jpg 582 170 79 88 0.95413
00039.jpg 585 170 77 92 0.95408
00039.jpg 348 179 67 126 0.95385
00039.jpg 584 169 75 92 0.95381
00039.jpg 867 192 92 127 0.95344
00039.jpg 870 209 81 113 0.95287
00039.jpg 571 223 177 178 0.95279
00039.jpg 584 168 77 89 0.95255
00039.jpg 575 225 171 184 0.95232
00039.jpg 572 226 170 183 0.95211
00039.jpg 652 174 82 76 0.95166
00039.jpg 734 255 225 222 0.95108
00039.jpg 345 181 70 117 0.95096
00039.jpg 471 198 112 163 0.95035
00039.jpg 345 179 69 125 0.95034
00039.jpg 651 173 86 73 0.94992
00039.jpg 741 183 99 116 0.94974
00039.jpg 732 180 106 122 0.94920
00039.jpg 585 170 80 85 0.94894
00039.jpg 305 180 58 97 0.94853
00039.jpg 581 170 77 86 0.94807
00039.jpg 304 179 57 102 0.94787
00039.jpg 652 174 84 75 0.94786
00039.jpg 308 179 48 100 0.94765
00039.jpg 483 199 101 164 0.94681
00039.jpg 712 249 242 240 0.94679
00039.jpg 735 184 109 111 0.94678
00039.jpg 703 261 256 228 0.94609
00039.jpg 584 169 73 90 0.94603
00039.jpg 347 180 67 123 0.94585
00039.jpg 396 187 100 149 0.94569
00039.jpg 482 196 100 164 0.94564
00039.jpg 466 138 54 98 0.94512
00039.jpg 467 139 49 94 0.94512
00039.jpg 475 200 102 156 0.94429
00039.jpg 572 233 184 172 0.94359
00039.jpg 393 187 105 147 0.94249
00039.jpg 254 176 66 92 0.94233
00039.jpg 654 173 79 76 0.94199
00039.jpg 308 180 53 104 0.94040
00039.jpg 394 185 106 150 0.94032
00039.jpg 388 185 102 146 0.94028
00039.jpg 478 193 108 173 0.94017
00039.jpg 865 193 92 120 0.93987
00039.jpg 464 136 59 97 0.93904
00039.jpg 736 185 104 114 0.93721
00039.jpg 303 183 54 98 0.93702
00039.jpg 544 171 39 73 0.93616
00039.jpg 467 135 50 101 0.93570
00039.jpg 388 188 112 146 0.93566
00039.jpg 656 172 83 78 0.93558
00039.jpg 740 181 100 117 0.93519
00039.jpg 863 191 96 134 0.93502
00039.jpg 393 189 102 141 0.93427
00039.jpg 258 172 62 97 0.93400
00039.jpg 255 169 70 107 0.93377
00039.jpg 546 170 43 82 0.93363
00039.jpg 658 175 77 77 0.93356
00039.jpg 303 177 58 102 0.93346
00039.jpg 697 255 262 222 0.93344
00039.jpg 558 216 200 190 0.93339
00039.jpg 466 138 54 99 0.93335
00039.jpg 650 173 85 78 0.93334
00039.jpg 346 175 70 134 0.93331
00039.jpg 396 182 103 150 0.93290
00039.jpg 556 226 196 180 0.93217
00039.jpg 306 180 51 103 0.93216
00039.jpg 259 171 63 95 0.93154
00039.jpg 254 172 66 96 0.93128
00039.jpg 734 185 109 108 0.93116
00039.jpg 461 137 55 99 0.93020
00039.jpg 580 172 77 85 0.93010
00039.jpg 302 178 59 98 0.92972
00039.jpg 582 168 73 95 0.92929
00039.jpg 388 186 103 147 0.92826
00039.jpg 543 168 41 77 0.92826
00039.jpg 545 169 42 79 0.92795
00039.jpg 655 173 83 77 0.92743
00039.jpg 467 138 52 97 0.92713
00039.jpg 392 192 101 139 0.92672
00039.jpg 549 218 215 178 0.92648
00039.jpg 485 200 95 160 0.92615
00039.jpg 478 194 106 165 0.92608
00039.jpg 477 205 102 150 0.92595
00039.jpg 587 167 74 90 0.92589
00039.jpg 653 174 84 74 0.92581
00039.jpg 650 172 87 76 0.92525
00039.jpg 655 176 83 72 0.92519
00039.jpg 863 197 91 115 0.92436
00039.jpg 303 179 58 107 0.92420
00039.jpg 737 186 107 111 0.92419
00039.jpg 704 249 255 250 0.92327
00039.jpg 649 178 88 67 0.92309
00039.jpg 649 176 84 75 0.92266
00039.jpg 350 181 64 117 0.92209
00039.jpg 588 165 72 97 0.92204
00039.jpg 465 140 53 90 0.92161
00039.jpg 735 179 108 120 0.92109
00039.jpg 348 181 66 115 0.92088
00039.jpg 546 169 44 77 0.92050
00039.jpg 707 259 252 227 0.91988
00039.jpg 468 136 49 102 0.91985
00039.jpg 255 170 68 99 0.91930
00039.jpg 348 176 68 127 0.91903
00039.jpg 579 167 80 95 0.91864
00039.jpg 732 182 114 114 0.91857
00039.jpg 479 200 95 155 0.91782
00039.jpg 866 196 93 124 0.91745
00039.jpg 464 137 57 101 0.91723
00039.jpg 544 170 41 79 0.91713
00039.jpg 740 185 102 108 0.91647
00039.jpg 261 174 57 87 0.91638
00039.jpg 464 135 58 99 0.91464
00039.jpg 732 245 227 235 0.91383
00039.jpg 737 183 108 118 0.91327
00039.jpg 653 176 82 75 0.91322
00039.jpg 349 180 67 128 0.91314
00039.jpg 658 176 78 75 0.91281
00039.jpg 869 194 83 112 0.91275
00039.jpg 348 178 65 126 0.91221
00039.jpg 862 194 97 128 0.91214
00039.jpg 397 191 97 138 0.91170
00039.jpg 565 225 181 180 0.91167
00039.jpg 547 167 40 79 0.91153
00039.jpg 465 135 58 105 0.91142
00039.jpg 708 238 251 243 0.91084
00039.jpg 258 172 63 98 0.91035
00039.jpg 733 187 112 107 0.90994
00039.jpg 564 223 186 185 0.90988
00039.jpg 567 220 187 187 0.90969
00039.jpg 256 175 63 91 0.90908
00039.jpg 262 172 56 96 0.90788
00039.jpg 309 178 49 97 0.90734
00039.jpg 400 190 98 136 0.90596
00039.jpg 546 168 38 75 0.90564
00039.jpg 579 227 165 170 0.90484
00039.jpg 570 231 177 180 0.90478
00039.jpg 566 220 175 192 0.90387
00039.jpg 467 137 55 101 0.90348
00039.jpg 568 235 185 176 0.90336
00039.jpg 584 168 80 91 0.90230
00039.jpg 581 168 81 90 0.90170
00039.jpg 544 167 42 85 0.90161
00039.jpg 864 194 95 109 0.90160
00039.jpg 349 184 66 119 0.90033
00039.jpg 398 189 97 143 0.89896
00039.jpg 696 237 263 249 0.89879
00039.jpg 283 176 69 101 0.89879
00039.jpg 393 186 106 145 0.89840
00039.jpg 737 183 106 113 0.89784
00039.jpg 584 167 79 92 0.89780
00039.jpg 648 172 87 79 0.89760
00039.jpg 655 174 84 75 0.89659
00039.jpg 465 137 56 97 0.89572
00039.jpg 308 178 54 108 0.89543
00039.jpg 651 173 87 73 0.89520
00039.jpg 568 212 184 191 0.89474
00039.jpg 740 182 101 114 0.89426
00039.jpg 396 187 96 149 0.89357
00039.jpg 571 220 171 191 0.89330
00039.jpg 480 193 107 168 0.89252
00039.jpg 584 171 75 85 0.89225
00039.jpg 467 136 55 95 0.89170
00039.jpg 696 233 263 255 0.89127
00039.jpg 348 180 69 118 0.89077
00039.jpg 584 168 78 96 0.89065
00039.jpg 566 219 184 192 0.89047
00039.jpg 253 175 68 83 0.88919
00039.jpg 713 244 241 250 0.88884
00039.jpg 544 169 41 78 0.88793
00039.jpg 256 175 64 96 0.88774
00039.jpg 257 175 64 92 0.88746
00039.jpg 255 175 64 94 0.88744
00039.jpg 348 179 62 125 0.88691
00039.jpg 385 184 114 141 0.88610
00039.jpg 709 235 250 246 0.88601
00039.jpg 303 183 54 101 0.88583
00039.jpg 301 173 57 113 0.88509
00039.jpg 390 186 106 133 0.88501
00039.jpg 390 183 104 150 0.88498
00039.jpg 653 176 87 84 0.88425
00039.jpg 250 170 72 93 0.88240
00039.jpg 345 181 70 115 0.88228
00039.jpg 587 169 76 90 0.88139
00039.jpg 466 135 55 110 0.88116
00039.jpg 353 184 57 123 0.88071
00039.jpg 476 193 107 172 0.88037
00039.jpg 474 197 104 153 0.88020
00039.jpg 548 166 40 83 0.88009
00039.jpg 466 135 54 99 0.87993
00039.jpg 689 247 270 227 0.87906
00039.jpg 382 185 123 152 0.87903
00039.jpg 392 188 97 152 0.87813
00039.jpg 570 229 188 172 0.87710
00039.jpg 738 183 105 114 0.87670
00039.jpg 304 181 51 98 0.87589
00039.jpg 648 173 87 77 0.87485
00039.jpg 749 251 210 245 0.87411
00039.jpg 477 201 108 155 0.87139
00039.jpg 649 173 93 79 0.87092
00039.jpg 710 250 249 233 0.87066
00039.jpg 567 228 185 163 0.87060
00039.jpg 306 174 55 112 0.86908
00039.jpg 279 177 68 98 0.86884
00039.jpg 350 181 65 130 0.86758
00039.jpg 735 183 108 112 0.86706
00039.jpg 305 181 51 89 0.86705
00039.jpg 654 173 79 77 0.86696
00039.jpg 658 175 76 70 0.86676
00039.jpg 734 181 107 110 0.86638
00039.jpg 580 174 76 84 0.86593
00039.jpg 544 168 42 79 0.86575
00039.jpg 873 188 86 135 0.86568
00039.jpg 563 211 178 202 0.86500
00039.jpg 472 201 108 163 0.86275
00039.jpg 577 224 173 179 0.86150
00039.jpg 482 197 97 170 0.86113
00039.jpg 305 183 59 108 0.86044
00039.jpg 248 177 72 88 0.86019
00039.jpg 480 196 100 166 0.86017
00039.jpg 466 135 58 97 0.86013
00039.jpg 301 179 65 93 0.85957
00039.jpg 342 180 71 132 0.85941
00039.jpg 556 223 195 185 0.85913
00039.jpg 386 186 108 144 0.85850
00039.jpg 865 195 93 90 0.85544
00039.jpg 659 170 78 83 0.85487
00039.jpg 862 197 94 87 0.85443
00039.jpg 654 175 80 73 0.85435
00039.jpg 255 173 72 89 0.85372
00039.jpg 584 166 82 95 0.85328
00039.jpg 464 140 54 89 0.85318
00039.jpg 462 136 60 105 0.85308
00039.jpg 544 171 46 72 0.85052
00039.jpg 249 174 75 92 0.85005
00039.jpg 399 181 114 173 0.85005
00039.jpg 865 194 90 108 0.84948
00039.jpg 346 185 73 127 0.84839
00039.jpg 569 228 183 193 0.84786
00039.jpg 270 181 63 81 0.84772
00039.jpg 541 166 48 84 0.84706
00039.jpg 346 180 64 116 0.84609
00039.jpg 258 178 56 87 0.84341
00039.jpg 304 172 55 114 0.84282
00039.jpg 384 176 115 153 0.84218
00039.jpg 656 174 84 73 0.84216
00039.jpg 465 137 57 101 0.84113
00039.jpg 866 194 93 93 0.84048
00039.jpg 861 194 96 86 0.83795
00039.jpg 262 169 58 94 0.83573
00039.jpg 559 225 190 183 0.83471
00039.jpg 567 215 182 203 0.83263
00039.jpg 257 173 64 94 0.83226
00039.jpg 264 172 57 93 0.83159
00039.jpg 302 176 55 112 0.82963
00039.jpg 867 205 86 118 0.82908
00039.jpg 398 185 106 152 0.82823
00039.jpg 648 174 89 73 0.82778
00039.jpg 547 170 42 79 0.82570
00039.jpg 486 199 99 160 0.82561
00039.jpg 466 137 56 97 0.82466
00039.jpg 866 195 93 126 0.82431
00039.jpg 345 175 67 130 0.82210
00039.jpg 347 179 63 121 0.82157
00039.jpg 546 168 39 86 0.82155
00039.jpg 389 182 100 148 0.82153
00039.jpg 393 184 105 147 0.82079
00039.jpg 388 188 100 140 0.81956
00039.jpg 392 191 95 141 0.81946
00039.jpg 347 180 70 134 0.81828
00039.jpg 351 181 61 118 0.81736
00039.jpg 865 191 88 96 0.81563
00039.jpg 645 173 96 76 0.81486
00039.jpg 652 173 88 79 0.81464
00039.jpg 865 194 93 112 0.81393
00039.jpg 464 134 54 101 0.81306
00039.jpg 861 190 97 108 0.81270
00039.jpg 390 183 111 144 0.81244
00039.jpg 739 178 105 115 0.81219
00039.jpg 261 173 54 97 0.81136
00039.jpg 465 136 56 100 0.80955
00039.jpg 648 173 87 83 0.80835
00039.jpg 872 198 81 124 0.80810
00039.jpg 867 200 86 108 0.80777
00039.jpg 575 223 167 172 0.80701
00039.jpg 349 176 72 129 0.80684
00039.jpg 347 180 69 115 0.80448
00039.jpg 706 259 253 225 0.80435
00039.jpg 856 190 100 134 0.80356
00039.jpg 714 250 245 237 0.80317
00039.jpg 296 180 66 105 0.80237
00039.jpg 865 194 93 75 0.80142
00039.jpg 652 174 84 82 0.79971
00039.jpg 865 195 87 96 0.79828
00039.jpg 351 184 63 104 0.79799
00039.jpg 654 176 85 71 0.79748
00039.jpg 546 167 45 82 0.79670
00039.jpg 344 171 67 139 0.79485
00039.jpg 585 170 79 85 0.79437
00039.jpg 712 251 245 229 0.79305
00039.jpg 394 186 104 149 0.79217
00039.jpg 740 187 101 111 0.79023
00039.jpg 738 180 101 122 0.78979
00039.jpg 541 170 52 74 0.78921
00039.jpg 869 188 86 134 0.78903
00039.jpg 579 170 80 89 0.78879
00039.jpg 467 137 53 100 0.78823
00039.jpg 867 194 92 129 0.78808
00039.jpg 864 201 93 107 0.78665
00039.jpg 866 192 93 128 0.78493
00039.jpg 306 180 54 84 0.78450
00039.jpg 300 180 62 99 0.78344
00039.jpg 345 180 71 113 0.78288
00039.jpg 544 170 48 76 0.78269
00039.jpg 462 134 54 111 0.78114
00039.jpg 654 173 85 80 0.77731
00039.jpg 864 196 87 80 0.77668
00039.jpg 248 169 75 95 0.77650
00039.jpg 249 173 73 93 0.77434
00039.jpg 259 171 71 90 0.77319
00039.jpg 568 231 183 172 0.77311
00039.jpg 867 255 76 61 0.77310
00039.jpg 545 168 41 81 0.77249
00039.jpg 298 175 63 102 0.77176
00039.jpg 652 177 81 75 0.77157
00039.jpg 307 177 51 88 0.77134
00039.jpg 307 178 52 109 0.77134
00039.jpg 864 252 85 57 0.77042
00039.jpg 303 177 58 111 0.77026
00039.jpg 484 194 103 160 0.76950
00039.jpg 262 172 56 91 0.76940
00039.jpg 390 189 107 139 0.76877
00039.jpg 544 167 41 85 0.76819
00039.jpg 346 172 70 138 0.76666
00039.jpg 581 169 78 90 0.76518
00039.jpg 657 174 79 75 0.76510
00039.jpg 350 181 61 126 0.76336
00039.jpg 545 170 44 79 0.76328
00039.jpg 696 245 260 239 0.76305
00039.jpg 563 231 180 170 0.76296
00039.jpg 403 182 100 155 0.76185
00039.jpg 466 138 56 102 0.76089
00039.jpg 737 182 109 118 0.76021
00039.jpg 690 240 269 236 0.75979
00039.jpg 577 169 83 94 0.75942
00039.jpg 467 137 55 101 0.75698
00039.jpg 571 231 184 171 0.75634
00039.jpg 585 172 73 88 0.75328
00039.jpg 309 178 51 102 0.75154
00039.jpg 660 178 74 72 0.74926
00039.jpg 466 135 53 100 0.74923
00039.jpg 253 168 68 105 0.74892
00039.jpg 869 194 89 130 0.74594
00039.jpg 655 181 82 72 0.74552
00039.jpg 345 184 75 123 0.74479
00039.jpg 662 178 72 74 0.74479
00039.jpg 740 185 99 104 0.74440
00039.jpg 860 193 97 131 0.74411
00039.jpg 864 198 92 98 0.74133
00039.jpg 258 169 71 101 0.74034
00039.jpg 576 166 81 92 0.73773
00039.jpg 872 186 86 119 0.73714
00039.jpg 647 177 82 75 0.73604
00039.jpg 736 182 101 122 0.73542
00039.jpg 372 178 105 151 0.73537
00039.jpg 858 200 98 88 0.73287
00039.jpg 484 195 92 161 0.73255
00039.jpg 258 172 65 99 0.73056
00039.jpg 645 180 86 70 0.72988
00039.jpg 394 193 102 138 0.72957
00039.jpg 662 175 67 73 0.72919
00039.jpg 541 165 41 81 0.72791
00039.jpg 465 138 56 100 0.72699
00039.jpg 466 132 56 114 0.72691
00039.jpg 866 192 93 90 0.72549
00039.jpg 872 192 87 132 0.72227
00039.jpg 655 176 86 72 0.72172
00039.jpg 385 190 122 153 0.72121
00039.jpg 864 254 81 48 0.72029
00039.jpg 866 193 93 98 0.71975
00039.jpg 731 184 117 110 0.71964
00039.jpg 308 180 51 93 0.71186
00039.jpg 659 172 76 69 0.71024
00039.jpg 566 214 187 186 0.70923
00039.jpg 589 164 75 96 0.70759
00039.jpg 546 173 36 73 0.70726
00039.jpg 855 192 100 119 0.70476
00039.jpg 467 136 55 97 0.70221
00039.jpg 301 180 60 102 0.70087
00039.jpg 860 227 93 95 0.70059
00039.jpg 342 180 79 131 0.69899
00039.jpg 869 199 86 106 0.69792
00039.jpg 867 193 91 123 0.69791
00039.jpg 345 179 64 117 0.69426
00039.jpg 308 179 53 98 0.69400
00039.jpg 482 194 100 165 0.69291
00039.jpg 310 176 49 103 0.69256
00039.jpg 481 199 105 173 0.69158
00039.jpg 391 192 112 153 0.69095
00039.jpg 479 199 103 166 0.69082
00039.jpg 657 178 82 69 0.68988
00039.jpg 548 167 41 79 0.68966
00039.jpg 308 178 51 94 0.68799
00039.jpg 658 178 80 64 0.68586
00039.jpg 701 271 258 207 0.68568
00039.jpg 308 176 51 94 0.68422
00039.jpg 540 168 47 90 0.68372
00039.jpg 394 190 98 143 0.68335
00039.jpg 554 225 206 179 0.68213
00039.jpg 656 174 83 79 0.68163
00039.jpg 740 186 103 107 0.68145
00039.jpg 873 189 86 131 0.68129
00039.jpg 303 176 56 90 0.68060
00039.jpg 867 197 85 98 0.67923
00039.jpg 735 184 108 114 0.67828
00039.jpg 464 138 54 94 0.67796
00039.jpg 658 174 80 71 0.67654
00039.jpg 587 169 81 82 0.67468
00039.jpg 859 199 96 79 0.67403
00039.jpg 542 173 41 75 0.67187
00039.jpg 592 173 63 84 0.66944
00039.jpg 865 199 83 78 0.66747
00039.jpg 345 179 73 119 0.66677
00039.jpg 863 264 83 50 0.66570
00039.jpg 864 186 91 135 0.66445
00039.jpg 304 181 57 90 0.66011
00039.jpg 565 223 179 189 0.65982
00039.jpg 394 187 107 145 0.65918
00039.jpg 733 184 107 109 0.65883
00039.jpg 560 226 204 177 0.65856
00039.jpg 475 197 107 166 0.65833
00039.jpg 656 180 71 68 0.65623
00039.jpg 865 244 80 72 0.65343
00039.jpg 263 171 59 91 0.65339
00039.jpg 666 174 68 71 0.65168
00039.jpg 487 194 95 162 0.65121
00039.jpg 572 218 171 182 0.64972
00039.jpg 709 265 250 221 0.64885
00039.jpg 549 167 35 82 0.64783
00039.jpg 645 175 89 81 0.64708
00039.jpg 295 181 62 95 0.64576
00039.jpg 463 132 57 111 0.64551
00039.jpg 250 173 69 94 0.64544
00039.jpg 869 210 85 99 0.64445
00039.jpg 260 168 72 108 0.64008
00039.jpg 306 185 55 94 0.63777
00039.jpg 579 168 75 98 0.63553
00039.jpg 262 175 63 88 0.63493
00039.jpg 866 197 92 96 0.63116
00039.jpg 573 229 173 171 0.62836
00039.jpg 856 193 103 135 0.62803
00039.jpg 400 187 97 143 0.62582
00039.jpg 351 181 66 119 0.62463
00039.jpg 855 191 102 142 0.62359
00039.jpg 545 169 45 74 0.62310
00039.jpg 307 183 54 105 0.62280
00039.jpg 650 174 76 80 0.61874
00039.jpg 346 178 73 118 0.61861
00039.jpg 870 194 86 86 0.61751
00039.jpg 343 180 65 114 0.61709
00039.jpg 246 171 75 98 0.61527
00039.jpg 587 168 77 93 0.61423
00039.jpg 547 168 38 75 0.61211
00039.jpg 865 258 70 60 0.60942
00039.jpg 576 225 170 173 0.60856
00039.jpg 874 230 81 84 0.60768
00039.jpg 575 229 170 174 0.60747
00039.jpg 266 175 50 87 0.60736
00039.jpg 572 221 178 181 0.60722
00039.jpg 584 168 84 83 0.60667
00039.jpg 466 137 56 101 0.60334
00039.jpg 591 174 78 88 0.60332
00039.jpg 303 178 71 118 0.60200
00039.jpg 735 179 112 117 0.60020
00039.jpg 559 212 182 187 0.59853
00039.jpg 304 179 55 89 0.59661
00039.jpg 871 191 88 121 0.59456
00039.jpg 473 191 111 167 0.59361
00039.jpg 646 178 86 65 0.59340
00039.jpg 464 139 57 97 0.59298
00039.jpg 463 137 52 105 0.59179
00039.jpg 268 171 54 89 0.59093
00039.jpg 865 250 75 70 0.58820
00039.jpg 866 195 87 102 0.58757
00039.jpg 865 189 94 131 0.58736
00039.jpg 254 173 62 101 0.58709
00039.jpg 249 176 69 81 0.58652
00039.jpg 655 173 85 72 0.58613
00039.jpg 863 193 96 102 0.58561
00039.jpg 399 189 103 146 0.58535
00039.jpg 546 168 39 79 0.58411
00039.jpg 584 156 78 99 0.58327
00039.jpg 463 140 60 100 0.58186
00039.jpg 301 181 54 94 0.58184
00039.jpg 643 167 91 82 0.57949
00039.jpg 561 221 175 188 0.57733
00039.jpg 579 163 82 99 0.57660
00039.jpg 471 204 104 155 0.57528
00039.jpg 565 221 183 192 0.57357
00039.jpg 586 173 78 95 0.57225
00039.jpg 389 185 100 142 0.57139
00039.jpg 262 173 61 86 0.57056
00039.jpg 705 250 254 236 0.56890
00039.jpg 459 186 117 179 0.56571
00039.jpg 467 139 48 88 0.56452
00039.jpg 649 173 89 70 0.56427
00039.jpg 860 255 95 59 0.56324
00039.jpg 876 243 76 76 0.56275
00039.jpg 391 186 106 160 0.56242
00039.jpg 865 193 93 131 0.56138
00039.jpg 464 137 54 103 0.56041
00039.jpg 861 195 89 95 0.55881
00039.jpg 390 172 108 165 0.55823
00039.jpg 648 176 90 76 0.55809
00039.jpg 735 185 111 110 0.55759
00039.jpg 865 196 92 63 0.55584
00039.jpg 865 215 83 108 0.55517
00039.jpg 694 242 256 224 0.55440
00039.jpg 468 134 55 109 0.55156
00039.jpg 692 253 267 222 0.55078
00039.jpg 544 169 43 79 0.54988
00039.jpg 730 181 108 114 0.54829
00039.jpg 569 235 165 168 0.54735
00039.jpg 658 180 74 65 0.54710
00039.jpg 577 172 77 79 0.54556
00039.jpg 655 174 87 78 0.54508
00039.jpg 577 173 78 75 0.54480
00039.jpg 579 166 77 87 0.54414
00039.jpg 249 178 71 87 0.54380
00039.jpg 862 254 89 64 0.54222
00039.jpg 312 178 51 95 0.54105
00039.jpg 742 184 104 113 0.54015
00039.jpg 882 191 77 131 0.53983
00039.jpg 465 139 60 98 0.53798
00039.jpg 396 189 95 139 0.53711
00039.jpg 375 186 133 143 0.53297
00039.jpg 337 175 69 122 0.53197
00039.jpg 860 192 99 113 0.53179
00039.jpg 547 171 40 70 0.53142
00039.jpg 464 135 58 95 0.53087
00039.jpg 873 227 75 86 0.52970
00039.jpg 578 172 75 83 0.52823
00039.jpg 644 174 89 67 0.52606
00039.jpg 265 175 50 90 0.52481
00039.jpg 287 179 66 103 0.52339
00039.jpg 464 136 57 95 0.52309
00039.jpg 875 199 83 111 0.52052
00039.jpg 647 166 85 83 0.51514
00039.jpg 875 194 84 119 0.51164
00039.jpg 312 182 43 83 0.51118
00039.jpg 536 163 49 91 0.51051
00039.jpg 589 172 81 89 0.50793
00039.jpg 658 176 87 76 0.50750
00039.jpg 876 253 59 57 0.50733
00039.jpg 552 209 219 187 0.50309
00039.jpg 396 192 97 122 0.50192
00039.jpg 255 171 60 83 0.50105
00039.jpg 274 176 65 93 0.50048
