00002.jpg 670 177 151 337 0.99957
00002.jpg 675 181 140 336 0.99947
00002.jpg 672 176 147 334 0.99947
00002.jpg 672 180 144 328 0.99941
00002.jpg 676 180 141 332 0.99940
00002.jpg 673 173 139 330 0.99913
00002.jpg 677 180 138 335 0.99907
00002.jpg 678 187 136 326 0.99899
00002.jpg 667 180 154 334 0.99896
00002.jpg 673 178 142 327 0.99836
00002.jpg 678 179 132 327 0.99804
00002.jpg 508 0 139 199 0.99785
00002.jpg 669 187 149 319 0.99763
00002.jpg 671 177 154 326 0.99756
00002.jpg 505 0 139 206 0.99746
00002.jpg 665 178 154 338 0.99736
00002.jpg 672 173 149 325 0.99730
00002.jpg 670 176 147 334 0.99684
00002.jpg 673 169 143 351 0.99670
00002.jpg 671 175 149 340 0.99659
00002.jpg 670 172 150 326 0.99637
00002.jpg 671 174 154 337 0.99615
00002.jpg 673 177 139 338 0.99587
00002.jpg 667 181 153 328 0.99541
00002.jpg 675 178 144 339 0.99509
00002.jpg 678 184 140 327 0.99466
00002.jpg 678 169 134 346 0.99435
00002.jpg 672 177 148 336 0.99420
00002.jpg 506 0 142 199 0.99340
00002.jpg 672 176 147 325 0.99328
00002.jpg 669 164 151 350 0.99205
00002.jpg 669 174 149 343 0.99151
00002.jpg 674 180 142 331 0.99100
00002.jpg 671 181 139 327 0.99061
00002.jpg 675 179 145 335 0.99061
00002.jpg 169 223 45 67 0.98809
00002.jpg 171 222 41 70 0.98793
00002.jpg 672 173 147 334 0.98791
00002.jpg 508 3 136 192 0.98778
00002.jpg 669 176 154 329 0.98653
00002.jpg 176 224 36 68 0.98647
00002.jpg 504 2 139 188 0.98577
00002.jpg 677 184 139 328 0.98561
00002.jpg 676 170 151 335 0.98491
00002.jpg 510 5 137 185 0.98472
00002.jpg 508 2 141 190 0.97888
00002.jpg 672 180 141 325 0.97687
00002.jpg 668 183 148 319 0.97645
00002.jpg 674 176 140 337 0.97623
00002.jpg 505 5 144 190 0.97599
00002.jpg 504 0 142 191 0.97512
00002.jpg 503 1 143 192 0.97446
00002.jpg 672 181 142 326 0.97095
00002.jpg 507 0 142 202 0.97023
00002.jpg 501 1 151 193 0.96932
00002.jpg 682 174 133 333 0.96861
00002.jpg 503 1 144 192 0.96848
00002.jpg 504 0 147 201 0.96842
00002.jpg 509 3 138 190 0.96797
00002.jpg 511 0 134 195 0.96647
00002.jpg 673 177 143 330 0.96459
00002.jpg 670 179 145 328 0.96354
00002.jpg 507 0 142 201 0.96086
00002.jpg 507 0 139 192 0.95709
00002.jpg 506 2 137 195 0.95698
00002.jpg 172 218 41 75 0.95626
00002.jpg 675 177 138 334 0.95621
00002.jpg 671 180 141 324 0.95555
00002.jpg 171 226 40 66 0.95235
00002.jpg 510 0 140 195 0.95184
00002.jpg 502 0 148 193 0.95127
00002.jpg 512 0 135 196 0.95008
00002.jpg 171 224 44 68 0.94967
00002.jpg 674 184 146 323 0.94934
00002.jpg 504 0 146 200 0.94716
00002.jpg 671 185 150 323 0.94646
00002.jpg 501 0 148 197 0.94539
00002.jpg 503 0 149 202 0.94446
00002.jpg 502 0 149 203 0.94445
00002.jpg 170 221 42 66 0.94415
00002.jpg 506 2 134 193 0.94245
00002.jpg 169 223 44 68 0.93705
00002.jpg 511 3 132 191 0.93500
00002.jpg 174 223 37 67 0.93462
00002.jpg 504 0 139 200 0.93257
00002.jpg 174 219 40 69 0.93221
00002.jpg 502 0 151 200 0.93003
00002.jpg 503 0 141 194 0.92856
00002.jpg 669 174 154 334 0.92670
00002.jpg 171 227 44 65 0.92364
00002.jpg 505 0 141 194 0.91877
00002.jpg 508 0 137 197 0.91827
00002.jpg 504 0 141 204 0.91558
00002.jpg 170 218 43 76 0.91336
00002.jpg 172 222 39 72 0.90945
00002.jpg 172 228 39 58 0.90830
00002.jpg 674 180 152 327 0.90746
00002.jpg 664 177 146 340 0.90675
00002.jpg 171 223 43 66 0.90499
00002.jpg 506 0 141 198 0.90289
00002.jpg 507 0 139 195 0.89816
00002.jpg 668 187 144 322 0.89762
00002.jpg 674 177 141 346 0.89593
00002.jpg 508 0 138 196 0.89545
00002.jpg 675 165 150 345 0.89132
00002.jpg 172 227 39 65 0.89032
00002.jpg 504 1 144 191 0.88770
00002.jpg 174 219 42 74 0.88613
00002.jpg 173 218 43 70 0.88585
00002.jpg 504 2 143 194 0.88005
00002.jpg 662 167 168 347 0.87761
00002.jpg 514 0 133 197 0.87446
00002.jpg 172 229 44 58 0.86777
00002.jpg 170 224 45 67 0.85756
00002.jpg 174 222 41 74 0.85648
00002.jpg 674 183 139 322 0.85295
00002.jpg 504 4 143 193 0.85134
00002.jpg 676 182 139 331 0.81988
00002.jpg 676 181 145 324 0.80883
00002.jpg 172 219 43 73 0.80836
00002.jpg 171 221 45 73 0.80746
00002.jpg 506 3 133 183 0.79848
00002.jpg 500 0 147 195 0.79726
00002.jpg 173 228 39 60 0.79385
00002.jpg 504 2 147 200 0.78924
00002.jpg 168 222 49 65 0.78796
00002.jpg 673 186 150 317 0.78516
00002.jpg 499 6 147 174 0.78319
00002.jpg 671 184 138 306 0.77745
00002.jpg 506 0 144 192 0.76278
00002.jpg 513 0 136 199 0.74811
00002.jpg 672 177 148 336 0.74713
00002.jpg 174 227 39 58 0.74283
00002.jpg 502 0 139 190 0.74077
00002.jpg 174 224 38 65 0.73973
00002.jpg 499 0 153 199 0.73364
00002.jpg 174 224 41 61 0.72924
00002.jpg 594 145 54 68 0.72875
00002.jpg 172 217 44 72 0.72803
00002.jpg 174 224 41 69 0.72561
00002.jpg 172 219 45 71 0.71859
00002.jpg 171 225 38 63 0.71791
00002.jpg 169 221 47 74 0.70422
00002.jpg 504 0 137 184 0.69443
00002.jpg 175 225 38 64 0.68803
00002.jpg 661 178 175 325 0.68694
00002.jpg 170 229 41 65 0.68680
00002.jpg 175 226 41 58 0.67499
00002.jpg 506 2 143 195 0.66441
00002.jpg 592 147 56 64 0.66398
00002.jpg 514 0 131 188 0.65738
00002.jpg 661 181 157 317 0.65675
00002.jpg 169 220 43 71 0.65477
00002.jpg 167 223 49 68 0.64940
00002.jpg 172 226 44 67 0.64827
00002.jpg 672 180 148 331 0.64264
00002.jpg 168 228 47 66 0.63261
00002.jpg 169 220 42 74 0.63175
00002.jpg 597 146 48 66 0.62360
00002.jpg 497 0 155 209 0.62085
00002.jpg 664 169 166 355 0.61972
00002.jpg 507 0 134 190 0.61735
00002.jpg 500 0 150 195 0.61377
00002.jpg 511 0 139 209 0.61184
00002.jpg 682 183 128 329 0.60972
00002.jpg 174 219 41 74 0.60859
00002.jpg 172 231 41 59 0.60305
00002.jpg 176 228 43 57 0.59985
00002.jpg 504 0 141 203 0.59817
00002.jpg 503 0 137 188 0.59112
00002.jpg 508 0 139 209 0.59074
00002.jpg 511 0 139 195 0.59004
00002.jpg 505 0 136 202 0.58754
00002.jpg 173 229 37 57 0.58723
00002.jpg 166 221 43 69 0.57961
00002.jpg 514 0 122 193 0.57933
00002.jpg 674 178 143 339 0.57925
00002.jpg 501 0 141 192 0.57586
00002.jpg 174 215 38 70 0.57504
00002.jpg 492 8 159 190 0.56881
00002.jpg 170 223 46 69 0.56552
00002.jpg 592 139 57 77 0.56485
00002.jpg 175 224 43 73 0.56298
00002.jpg 676 183 139 311 0.54571
00002.jpg 171 213 42 74 0.54496
00002.jpg 163 224 47 71 0.54425
00002.jpg 175 218 42 75 0.53305
00002.jpg 677 166 145 350 0.53166
00002.jpg 502 0 138 180 0.53119
00002.jpg 515 0 140 205 0.52889
00002.jpg 172 227 47 67 0.52531
00002.jpg 594 145 55 61 0.52473
00002.jpg 510 0 134 191 0.52429
00002.jpg 491 0 158 189 0.52390
00002.jpg 659 173 166 330 0.51857
00002.jpg 173 224 37 61 0.51340
00002.jpg 171 221 45 79 0.51327
00002.jpg 492 1 158 184 0.50669
