00025.jpg 670 153 163 333 0.99977
00025.jpg 666 154 166 327 0.99974
00025.jpg 664 154 171 330 0.99973
00025.jpg 669 153 163 333 0.99914
00025.jpg 657 159 178 324 0.99910
00025.jpg 649 156 196 330 0.99892
00025.jpg 661 159 175 322 0.99860
00025.jpg 653 148 183 330 0.99844
00025.jpg 662 154 180 328 0.99828
00025.jpg 662 149 162 327 0.99825
00025.jpg 662 173 171 303 0.99812
00025.jpg 655 147 183 324 0.99785
00025.jpg 660 157 174 331 0.99701
00025.jpg 654 160 181 327 0.99675
00025.jpg 674 162 162 325 0.99672
00025.jpg 661 161 166 312 0.99610
00025.jpg 665 158 168 328 0.99567
00025.jpg 657 156 177 327 0.99564
00025.jpg 657 154 183 333 0.99532
00025.jpg 662 161 176 325 0.99524
00025.jpg 655 160 183 316 0.99517
00025.jpg 672 162 157 321 0.99473
00025.jpg 658 162 179 320 0.99388
00025.jpg 656 154 180 329 0.99363
00025.jpg 656 159 178 315 0.99358
00025.jpg 654 163 185 318 0.99335
00025.jpg 662 161 173 332 0.99325
00025.jpg 655 155 174 328 0.99316
00025.jpg 657 156 178 322 0.99216
00025.jpg 175 200 43 77 0.99064
00025.jpg 662 159 175 327 0.98987
00025.jpg 662 153 163 329 0.98929
00025.jpg 668 160 167 323 0.98907
00025.jpg 656 155 179 329 0.98853
00025.jpg 661 151 169 334 0.98815
00025.jpg 662 160 164 314 0.98804
00025.jpg 670 156 167 321 0.98753
00025.jpg 662 156 168 329 0.98738
00025.jpg 665 162 169 320 0.98702
00025.jpg 667 158 169 333 0.98604
00025.jpg 655 163 183 316 0.98410
00025.jpg 179 202 36 72 0.98328
00025.jpg 178 201 40 78 0.98318
00025.jpg 660 154 162 336 0.98157
00025.jpg 657 162 189 323 0.97990
00025.jpg 658 158 183 317 0.97419
00025.jpg 654 162 189 319 0.97219
00025.jpg 173 200 46 73 0.97178
00025.jpg 658 148 175 339 0.97144
00025.jpg 655 163 181 321 0.96822
00025.jpg 176 204 39 67 0.96644
00025.jpg 585 360 50 105 0.96557
00025.jpg 657 155 181 326 0.96253
00025.jpg 661 157 177 332 0.96168
00025.jpg 658 171 172 303 0.95911
00025.jpg 177 198 41 77 0.95888
00025.jpg 657 156 181 329 0.95760
00025.jpg 174 201 41 72 0.95508
00025.jpg 581 361 59 100 0.95136
00025.jpg 177 199 38 75 0.95065
00025.jpg 177 204 38 71 0.95057
00025.jpg 656 164 179 317 0.94433
00025.jpg 580 362 58 95 0.93925
00025.jpg 177 199 40 72 0.93922
00025.jpg 176 203 44 72 0.93455
00025.jpg 666 159 175 306 0.93276
00025.jpg 579 359 61 101 0.93239
00025.jpg 176 198 44 79 0.93153
00025.jpg 658 163 178 316 0.92925
00025.jpg 175 203 41 72 0.92884
00025.jpg 178 205 40 67 0.92595
00025.jpg 174 206 45 67 0.92491
00025.jpg 658 156 180 333 0.92438
00025.jpg 175 199 43 76 0.92160
00025.jpg 585 360 54 106 0.92077
00025.jpg 177 199 42 74 0.91558
00025.jpg 660 158 180 338 0.90646
00025.jpg 177 200 40 76 0.90427
00025.jpg 662 163 170 325 0.89816
00025.jpg 171 202 46 70 0.89614
00025.jpg 180 205 39 72 0.89295
00025.jpg 582 358 56 98 0.88958
00025.jpg 583 355 59 101 0.88682
00025.jpg 661 159 181 326 0.88258
00025.jpg 664 162 164 317 0.87692
00025.jpg 174 204 41 68 0.87470
00025.jpg 583 361 56 92 0.87421
00025.jpg 661 157 170 335 0.87325
00025.jpg 581 371 60 86 0.87165
00025.jpg 176 202 42 71 0.86663
00025.jpg 180 202 36 72 0.86474
00025.jpg 180 203 37 70 0.86474
00025.jpg 578 356 64 105 0.86400
00025.jpg 580 367 61 90 0.85990
00025.jpg 584 359 57 101 0.85734
00025.jpg 177 206 41 64 0.84602
00025.jpg 659 173 175 311 0.84550
00025.jpg 575 355 63 109 0.84513
00025.jpg 664 151 172 334 0.84079
00025.jpg 582 358 53 106 0.83728
00025.jpg 661 161 163 326 0.83650
00025.jpg 175 203 43 72 0.83571
00025.jpg 174 201 47 76 0.83339
00025.jpg 178 199 42 76 0.83039
00025.jpg 584 354 53 103 0.82799
00025.jpg 589 357 52 105 0.82102
00025.jpg 172 202 45 73 0.81496
00025.jpg 581 364 55 95 0.80963
00025.jpg 174 202 44 76 0.80267
00025.jpg 176 199 45 80 0.79745
00025.jpg 175 200 42 76 0.79429
00025.jpg 581 363 58 102 0.78409
00025.jpg 177 198 42 78 0.78312
00025.jpg 584 364 54 97 0.77097
00025.jpg 580 358 57 102 0.76580
00025.jpg 581 357 56 103 0.76445
00025.jpg 578 355 63 100 0.76162
00025.jpg 586 356 55 104 0.75920
00025.jpg 177 204 43 65 0.75628
00025.jpg 173 205 49 75 0.75291
00025.jpg 174 201 44 74 0.75078
00025.jpg 583 357 60 104 0.75012
00025.jpg 582 363 52 95 0.74637
00025.jpg 173 199 47 77 0.74582
00025.jpg 583 351 58 109 0.74378
00025.jpg 178 198 41 72 0.74111
00025.jpg 650 168 187 305 0.73814
00025.jpg 651 150 181 331 0.73329
00025.jpg 580 362 61 97 0.73273
00025.jpg 583 361 62 97 0.73134
00025.jpg 667 169 174 330 0.72995
00025.jpg 657 166 174 309 0.72393
00025.jpg 586 358 52 99 0.71789
00025.jpg 585 371 49 90 0.71758
00025.jpg 585 353 56 108 0.71615
00025.jpg 175 201 44 76 0.71599
00025.jpg 179 204 42 70 0.71514
00025.jpg 179 200 42 76 0.71283
00025.jpg 587 363 47 95 0.70734
00025.jpg 175 204 41 65 0.70447
00025.jpg 179 202 37 70 0.70084
00025.jpg 586 358 53 105 0.68861
00025.jpg 580 364 54 90 0.67826
00025.jpg 581 360 63 101 0.67631
00025.jpg 169 201 50 74 0.67358
00025.jpg 579 368 64 85 0.66263
00025.jpg 662 162 167 318 0.65906
00025.jpg 653 171 187 311 0.65863
00025.jpg 586 353 55 108 0.65222
00025.jpg 174 206 48 65 0.65141
00025.jpg 659 164 183 318 0.65133
00025.jpg 583 362 59 96 0.65022
00025.jpg 176 196 41 88 0.64419
00025.jpg 580 361 54 105 0.64300
00025.jpg 584 358 59 103 0.63976
00025.jpg 581 356 59 102 0.63662
00025.jpg 585 358 59 102 0.62088
00025.jpg 179 207 35 62 0.60800
00025.jpg 181 207 34 63 0.60734
00025.jpg 579 363 61 94 0.60393
00025.jpg 172 204 48 71 0.60311
00025.jpg 578 363 60 100 0.59410
00025.jpg 645 169 197 308 0.59086
00025.jpg 577 348 66 109 0.56793
00025.jpg 172 201 50 75 0.56546
00025.jpg 581 370 55 90 0.55731
00025.jpg 580 348 61 113 0.53301
00025.jpg 579 360 62 93 0.52881
00025.jpg 656 169 189 305 0.52799
00025.jpg 662 167 168 318 0.52783
00025.jpg 441 325 99 76 0.52332
00025.jpg 657 162 166 313 0.52240
00025.jpg 589 349 54 108 0.51973
00025.jpg 583 357 55 96 0.50107
00025.jpg 448 315 75 92 0.49924
