00037.jpg 677 140 130 336 0.99966
00037.jpg 681 144 123 330 0.99957
00037.jpg 676 140 128 345 0.99951
00037.jpg 679 148 127 334 0.99944
00037.jpg 685 148 118 332 0.99933
00037.jpg 681 141 123 337 0.99915
00037.jpg 679 143 126 333 0.99911
00037.jpg 679 144 122 336 0.99909
00037.jpg 680 141 128 346 0.99854
00037.jpg 678 139 126 341 0.99844
00037.jpg 680 141 124 333 0.99841
00037.jpg 682 144 128 340 0.99799
00037.jpg 682 147 123 328 0.99776
00037.jpg 678 144 116 338 0.99721
00037.jpg 678 143 124 335 0.99703
00037.jpg 681 141 129 334 0.99692
00037.jpg 677 152 129 331 0.99680
00037.jpg 679 137 123 343 0.99672
00037.jpg 684 153 121 322 0.99653
00037.jpg 678 147 124 335 0.99634
00037.jpg 683 146 124 334 0.99633
00037.jpg 680 138 122 343 0.99575
00037.jpg 675 148 126 332 0.99566
00037.jpg 673 147 137 332 0.99564
00037.jpg 674 141 132 341 0.99551
00037.jpg 672 133 137 351 0.99504
00037.jpg 678 146 121 311 0.99441
00037.jpg 680 146 120 335 0.99412
00037.jpg 190 182 38 79 0.99367
00037.jpg 433 1 115 214 0.99332
00037.jpg 677 142 127 335 0.99201
00037.jpg 679 138 119 344 0.99164
00037.jpg 190 182 41 79 0.99106
00037.jpg 682 153 126 323 0.98802
00037.jpg 685 149 121 327 0.98761
00037.jpg 437 0 113 229 0.98484
00037.jpg 680 143 129 333 0.98254
00037.jpg 428 0 122 233 0.98243
00037.jpg 681 148 126 323 0.98201
00037.jpg 440 0 109 210 0.98141
00037.jpg 187 184 39 73 0.97937
00037.jpg 189 182 38 73 0.97629
00037.jpg 688 139 118 335 0.97428
00037.jpg 430 2 117 229 0.96596
00037.jpg 437 0 110 234 0.96458
00037.jpg 190 183 40 75 0.96320
00037.jpg 433 0 111 213 0.96112
00037.jpg 188 184 40 76 0.95872
00037.jpg 187 186 42 70 0.95578
00037.jpg 432 0 112 223 0.95528
00037.jpg 438 0 108 225 0.95412
00037.jpg 429 0 115 220 0.95384
00037.jpg 432 0 118 219 0.95261
00037.jpg 682 132 116 363 0.95011
00037.jpg 430 0 124 226 0.94788
00037.jpg 435 3 116 227 0.94732
00037.jpg 189 187 41 71 0.94519
00037.jpg 682 135 136 349 0.94454
00037.jpg 678 144 127 334 0.94437
00037.jpg 676 142 133 336 0.94346
00037.jpg 680 142 121 343 0.94278
00037.jpg 674 150 133 326 0.94191
00037.jpg 435 1 109 230 0.94045
00037.jpg 438 4 108 200 0.93848
00037.jpg 188 182 43 76 0.93387
00037.jpg 189 183 38 73 0.93328
00037.jpg 681 146 125 318 0.93299
00037.jpg 429 1 115 222 0.92668
00037.jpg 677 143 122 338 0.92610
00037.jpg 432 1 121 234 0.92484
00037.jpg 191 183 39 73 0.92129
00037.jpg 188 184 43 74 0.91894
00037.jpg 193 186 37 73 0.91660
00037.jpg 674 132 129 347 0.91560
00037.jpg 439 2 105 205 0.91409
00037.jpg 436 4 112 240 0.90996
00037.jpg 677 146 139 338 0.90820
00037.jpg 193 189 36 67 0.90338
00037.jpg 428 0 116 238 0.90196
00037.jpg 189 183 40 74 0.90095
00037.jpg 441 0 106 226 0.90011
00037.jpg 666 137 154 337 0.89357
00037.jpg 189 186 39 71 0.89330
00037.jpg 433 4 114 212 0.89304
00037.jpg 190 181 40 77 0.88909
00037.jpg 189 187 39 69 0.88797
00037.jpg 435 1 112 221 0.88700
00037.jpg 192 185 38 71 0.88370
00037.jpg 677 152 128 316 0.88317
00037.jpg 681 146 125 331 0.88078
00037.jpg 188 180 41 77 0.88014
00037.jpg 187 182 41 73 0.87629
00037.jpg 190 182 41 76 0.86460
00037.jpg 191 182 39 77 0.86433
00037.jpg 189 186 38 74 0.86400
00037.jpg 430 0 118 222 0.86321
00037.jpg 436 6 116 227 0.86181
00037.jpg 678 145 137 334 0.86121
00037.jpg 435 5 109 236 0.86029
00037.jpg 187 182 41 76 0.85946
00037.jpg 428 0 118 218 0.85766
00037.jpg 426 3 133 231 0.85660
00037.jpg 188 184 36 73 0.84261
00037.jpg 437 1 114 209 0.83539
00037.jpg 439 2 104 194 0.82512
00037.jpg 438 0 105 218 0.82454
00037.jpg 192 188 37 66 0.81831
00037.jpg 189 182 43 73 0.81802
00037.jpg 434 2 114 212 0.80986
00037.jpg 190 190 38 63 0.80487
00037.jpg 191 184 39 73 0.80348
00037.jpg 435 19 112 221 0.80243
00037.jpg 192 181 38 72 0.79990
00037.jpg 681 148 127 329 0.79830
00037.jpg 190 189 37 63 0.79215
00037.jpg 189 189 39 70 0.79127
00037.jpg 427 2 121 226 0.78160
00037.jpg 429 2 123 246 0.78073
00037.jpg 436 0 105 206 0.77773
00037.jpg 450 3 80 202 0.77330
00037.jpg 678 144 128 342 0.77235
00037.jpg 675 142 133 338 0.77028
00037.jpg 188 181 43 79 0.76702
00037.jpg 673 144 144 319 0.76319
00037.jpg 439 2 100 178 0.76063
00037.jpg 186 189 45 67 0.75390
00037.jpg 191 180 39 81 0.75195
00037.jpg 435 9 117 228 0.75167
00037.jpg 440 0 105 238 0.75070
00037.jpg 438 0 108 208 0.74682
00037.jpg 437 0 110 206 0.74493
00037.jpg 185 183 41 72 0.74213
00037.jpg 679 147 121 329 0.74037
00037.jpg 437 1 106 226 0.73520
00037.jpg 675 145 124 329 0.73508
00037.jpg 669 142 143 335 0.72747
00037.jpg 188 183 42 73 0.72406
00037.jpg 187 187 41 68 0.72060
00037.jpg 432 1 121 207 0.71222
00037.jpg 440 3 104 205 0.70447
00037.jpg 433 0 115 243 0.69995
00037.jpg 191 185 37 68 0.69904
00037.jpg 675 142 130 342 0.69877
00037.jpg 436 0 106 222 0.69202
00037.jpg 189 187 44 72 0.69074
00037.jpg 193 185 34 67 0.68932
00037.jpg 431 3 128 235 0.68455
00037.jpg 427 0 122 223 0.68257
00037.jpg 188 188 43 67 0.68073
00037.jpg 677 150 128 328 0.66843
00037.jpg 681 140 130 336 0.66768
00037.jpg 668 151 147 333 0.66312
00037.jpg 189 183 44 76 0.65859
00037.jpg 430 6 136 234 0.64746
00037.jpg 192 181 38 80 0.64668
00037.jpg 440 0 106 209 0.64650
00037.jpg 430 3 117 225 0.64373
00037.jpg 186 187 41 70 0.63745
00037.jpg 676 129 125 346 0.63118
00037.jpg 447 3 91 199 0.62441
00037.jpg 428 0 121 231 0.62136
00037.jpg 188 186 44 70 0.61852
00037.jpg 433 6 115 207 0.61271
00037.jpg 192 179 40 81 0.61003
00037.jpg 434 0 111 234 0.60819
00037.jpg 460 128 53 62 0.60485
00037.jpg 424 22 135 207 0.60394
00037.jpg 186 187 47 77 0.60222
00037.jpg 678 132 132 360 0.59996
00037.jpg 438 0 113 247 0.59659
00037.jpg 685 152 114 315 0.59397
00037.jpg 185 186 42 73 0.59050
00037.jpg 188 185 45 80 0.58798
00037.jpg 433 8 111 217 0.58726
00037.jpg 188 179 47 74 0.57716
00037.jpg 439 0 112 248 0.57316
00037.jpg 195 181 37 72 0.57136
00037.jpg 185 186 40 71 0.56947
00037.jpg 190 185 39 65 0.56890
00037.jpg 431 1 112 199 0.55622
00037.jpg 447 121 73 75 0.55580
00037.jpg 425 16 123 215 0.55364
00037.jpg 192 186 42 75 0.53597
00037.jpg 186 188 40 72 0.53309
00037.jpg 685 142 117 335 0.53119
00037.jpg 196 185 36 78 0.52694
00037.jpg 193 188 36 68 0.51599
00037.jpg 677 140 124 339 0.51144
00037.jpg 455 126 60 51 0.50585
00037.jpg 423 1 123 211 0.50584
00037.jpg 670 144 131 332 0.50553
00037.jpg 434 2 109 191 0.50504
00037.jpg 445 125 81 65 0.50198
