00031.jpg 673 155 142 336 0.99979
00031.jpg 669 155 139 335 0.99955
00031.jpg 670 157 146 330 0.99953
00031.jpg 675 155 134 335 0.99950
00031.jpg 676 156 137 340 0.99910
00031.jpg 677 165 131 320 0.99906
00031.jpg 682 158 124 334 0.99891
00031.jpg 674 157 129 321 0.99888
00031.jpg 675 161 134 334 0.99877
00031.jpg 675 162 135 329 0.99872
00031.jpg 682 155 132 330 0.99862
00031.jpg 676 153 135 335 0.99833
00031.jpg 675 160 141 329 0.99832
00031.jpg 673 163 137 325 0.99827
00031.jpg 682 156 130 336 0.99759
00031.jpg 672 161 135 326 0.99758
00031.jpg 677 158 136 329 0.99753
00031.jpg 679 150 129 332 0.99658
00031.jpg 671 159 144 324 0.99589
00031.jpg 673 157 143 323 0.99548
00031.jpg 680 155 128 343 0.99510
00031.jpg 674 157 141 336 0.99505
00031.jpg 672 165 139 323 0.99344
00031.jpg 183 194 37 76 0.99315
00031.jpg 672 157 140 324 0.99156
00031.jpg 669 166 149 322 0.99122
00031.jpg 665 159 152 326 0.98817
00031.jpg 678 154 130 339 0.98809
00031.jpg 185 194 34 73 0.98765
00031.jpg 681 156 125 341 0.98414
00031.jpg 671 148 150 339 0.98192
00031.jpg 672 153 140 338 0.98151
00031.jpg 670 158 149 334 0.98066
00031.jpg 672 156 142 331 0.97961
00031.jpg 678 162 132 316 0.97819
00031.jpg 667 155 147 334 0.97732
00031.jpg 673 153 134 332 0.97523
00031.jpg 180 194 37 71 0.97257
00031.jpg 177 191 43 76 0.97186
00031.jpg 665 155 144 323 0.97169
00031.jpg 179 189 41 82 0.97043
00031.jpg 676 149 135 346 0.96902
00031.jpg 182 193 34 70 0.96802
00031.jpg 183 194 39 70 0.96636
00031.jpg 181 192 42 73 0.96208
00031.jpg 674 152 144 329 0.96043
00031.jpg 675 163 131 319 0.95644
00031.jpg 675 160 145 333 0.95635
00031.jpg 673 160 136 322 0.95522
00031.jpg 375 82 267 210 0.95369
00031.jpg 181 193 40 74 0.95049
00031.jpg 675 150 147 338 0.94714
00031.jpg 184 193 39 75 0.93899
00031.jpg 181 191 37 73 0.93831
00031.jpg 180 196 38 73 0.93661
00031.jpg 182 196 39 68 0.93594
00031.jpg 180 189 39 77 0.93416
00031.jpg 672 166 140 321 0.93405
00031.jpg 677 149 148 327 0.93058
00031.jpg 425 71 206 233 0.92144
00031.jpg 180 189 39 82 0.91882
00031.jpg 674 158 136 333 0.91705
00031.jpg 403 87 235 213 0.91185
00031.jpg 183 194 37 72 0.90946
00031.jpg 403 75 233 222 0.90840
00031.jpg 181 190 40 76 0.90305
00031.jpg 180 192 40 75 0.90259
00031.jpg 670 157 140 332 0.89547
00031.jpg 400 101 239 202 0.89282
00031.jpg 178 191 44 77 0.88318
00031.jpg 382 96 262 195 0.87500
00031.jpg 676 159 136 331 0.87245
00031.jpg 678 158 127 329 0.87066
00031.jpg 395 90 239 187 0.86991
00031.jpg 385 84 271 214 0.86669
00031.jpg 378 81 260 201 0.86664
00031.jpg 375 97 266 193 0.86427
00031.jpg 406 72 242 229 0.86258
00031.jpg 388 87 245 200 0.86211
00031.jpg 183 197 37 66 0.85909
00031.jpg 670 144 152 348 0.85426
00031.jpg 181 192 43 73 0.85119
00031.jpg 408 91 215 225 0.84903
00031.jpg 182 196 38 72 0.84557
00031.jpg 180 191 41 78 0.84442
00031.jpg 391 82 243 207 0.84306
00031.jpg 180 196 39 68 0.84042
00031.jpg 677 166 132 318 0.83855
00031.jpg 673 160 138 324 0.83787
00031.jpg 178 195 42 71 0.83662
00031.jpg 684 152 138 327 0.83630
00031.jpg 678 161 132 332 0.83475
00031.jpg 179 191 43 81 0.82447
00031.jpg 180 195 41 70 0.81748
00031.jpg 407 84 206 218 0.81726
00031.jpg 386 120 216 176 0.81412
00031.jpg 182 200 37 62 0.81260
00031.jpg 178 191 39 73 0.81225
00031.jpg 175 190 49 77 0.81184
00031.jpg 668 144 147 355 0.81139
00031.jpg 378 90 250 203 0.81026
00031.jpg 418 78 234 232 0.80979
00031.jpg 179 190 39 76 0.80934
00031.jpg 390 67 251 233 0.80497
00031.jpg 384 79 248 228 0.80451
00031.jpg 386 102 253 188 0.80283
00031.jpg 398 96 224 203 0.80263
00031.jpg 184 192 39 74 0.80176
00031.jpg 676 165 137 319 0.79382
00031.jpg 178 191 42 77 0.79365
00031.jpg 178 196 41 71 0.79233
00031.jpg 668 147 144 346 0.79092
00031.jpg 178 196 43 68 0.77823
00031.jpg 180 195 37 68 0.77604
00031.jpg 681 157 134 338 0.77316
00031.jpg 176 195 40 73 0.76792
00031.jpg 677 166 137 320 0.76435
00031.jpg 403 102 274 195 0.76011
00031.jpg 185 192 33 76 0.75441
00031.jpg 667 157 144 337 0.75273
00031.jpg 179 188 41 75 0.74748
00031.jpg 402 98 226 208 0.74606
00031.jpg 671 172 150 308 0.73869
00031.jpg 407 86 251 206 0.73131
00031.jpg 185 194 33 71 0.72827
00031.jpg 382 109 267 181 0.72177
00031.jpg 387 85 242 206 0.71955
00031.jpg 666 162 156 314 0.71530
00031.jpg 404 88 241 221 0.70703
00031.jpg 178 201 45 62 0.70638
00031.jpg 176 193 43 75 0.70002
00031.jpg 372 81 257 215 0.69693
00031.jpg 405 73 243 219 0.69622
00031.jpg 181 189 41 76 0.69155
00031.jpg 381 106 245 187 0.68606
00031.jpg 382 100 226 191 0.68464
00031.jpg 673 163 142 326 0.68220
00031.jpg 672 163 135 324 0.67669
00031.jpg 176 195 47 73 0.67351
00031.jpg 666 164 157 323 0.67250
00031.jpg 397 183 141 97 0.66848
00031.jpg 390 113 224 181 0.66703
00031.jpg 388 107 217 186 0.66443
00031.jpg 185 198 32 65 0.66397
00031.jpg 180 201 41 61 0.66305
00031.jpg 184 191 39 78 0.65318
00031.jpg 383 101 206 190 0.65291
00031.jpg 375 96 244 193 0.65095
00031.jpg 400 87 218 215 0.65085
00031.jpg 374 103 215 190 0.64570
00031.jpg 183 196 41 72 0.64570
00031.jpg 398 62 236 231 0.63723
00031.jpg 383 109 237 182 0.63707
00031.jpg 378 113 215 178 0.63298
00031.jpg 677 162 135 326 0.62667
00031.jpg 387 110 230 193 0.62296
00031.jpg 399 97 221 206 0.61753
00031.jpg 677 159 145 320 0.61102
00031.jpg 393 98 231 192 0.59838
00031.jpg 417 178 102 101 0.59836
00031.jpg 400 99 214 196 0.59708
00031.jpg 666 161 146 326 0.58889
00031.jpg 176 193 41 75 0.58838
00031.jpg 178 191 44 78 0.58670
00031.jpg 378 109 220 184 0.58183
00031.jpg 375 97 232 190 0.58092
00031.jpg 389 95 234 196 0.57809
00031.jpg 664 152 141 330 0.56978
00031.jpg 394 101 210 193 0.56773
00031.jpg 381 89 245 200 0.56227
00031.jpg 385 96 215 194 0.55468
00031.jpg 380 106 231 193 0.54850
00031.jpg 381 97 240 198 0.53946
00031.jpg 668 157 133 318 0.53058
00031.jpg 183 189 41 79 0.52880
00031.jpg 179 196 44 75 0.52789
00031.jpg 400 121 205 168 0.52499
00031.jpg 391 127 215 162 0.52011
00031.jpg 385 93 240 204 0.51875
00031.jpg 395 108 225 195 0.51385
00031.jpg 382 94 251 193 0.51344
00031.jpg 376 69 284 232 0.51174
00031.jpg 395 170 109 112 0.51150
00031.jpg 177 188 44 81 0.51142
00031.jpg 412 175 113 105 0.50401
00031.jpg 408 165 104 121 0.50397
00031.jpg 181 191 43 77 0.50248
