00032.jpg 675 156 140 338 0.99957
00032.jpg 679 157 134 335 0.99936
00032.jpg 677 158 140 334 0.99912
00032.jpg 677 160 139 332 0.99899
00032.jpg 677 160 135 318 0.99884
00032.jpg 675 166 136 327 0.99863
00032.jpg 688 157 130 328 0.99858
00032.jpg 672 151 150 326 0.99839
00032.jpg 680 164 134 327 0.99833
00032.jpg 669 167 146 326 0.99759
00032.jpg 674 164 147 326 0.99741
00032.jpg 676 164 137 324 0.99684
00032.jpg 372 78 292 209 0.99640
00032.jpg 678 159 139 335 0.99638
00032.jpg 682 149 133 336 0.99628
00032.jpg 680 153 133 335 0.99613
00032.jpg 674 146 147 348 0.99591
00032.jpg 673 160 146 334 0.99586
00032.jpg 681 157 130 328 0.99574
00032.jpg 676 162 139 326 0.99570
00032.jpg 679 165 130 318 0.99568
00032.jpg 680 156 140 323 0.99527
00032.jpg 674 158 140 336 0.99510
00032.jpg 670 166 148 321 0.99467
00032.jpg 388 68 254 219 0.99450
00032.jpg 677 155 134 343 0.99432
00032.jpg 673 162 148 331 0.99425
00032.jpg 672 162 147 328 0.99375
00032.jpg 672 158 154 325 0.99303
00032.jpg 675 164 136 329 0.99233
00032.jpg 672 160 148 326 0.99103
00032.jpg 182 196 40 74 0.99042
00032.jpg 686 164 131 310 0.99031
00032.jpg 671 153 149 330 0.99001
00032.jpg 184 195 39 72 0.98822
00032.jpg 675 162 143 329 0.98667
00032.jpg 182 195 41 73 0.98650
00032.jpg 672 167 141 316 0.98610
00032.jpg 676 153 136 330 0.98601
00032.jpg 377 79 274 205 0.98519
00032.jpg 664 154 168 343 0.98352
00032.jpg 682 159 132 329 0.98192
00032.jpg 678 162 146 319 0.98156
00032.jpg 388 73 248 223 0.98008
00032.jpg 386 74 270 205 0.97973
00032.jpg 379 71 266 217 0.97864
00032.jpg 387 74 259 208 0.97849
00032.jpg 384 73 259 214 0.97818
00032.jpg 387 73 246 218 0.97810
00032.jpg 180 194 44 77 0.97790
00032.jpg 388 70 258 213 0.97769
00032.jpg 385 73 264 211 0.97756
00032.jpg 176 195 50 73 0.97721
00032.jpg 395 76 254 203 0.97720
00032.jpg 679 156 137 334 0.97471
00032.jpg 389 75 259 211 0.97414
00032.jpg 378 78 246 209 0.97136
00032.jpg 673 152 148 335 0.96996
00032.jpg 181 194 41 75 0.96986
00032.jpg 179 195 44 69 0.96946
00032.jpg 376 77 284 201 0.96915
00032.jpg 677 161 140 333 0.96787
00032.jpg 670 154 143 348 0.96674
00032.jpg 375 63 270 222 0.96597
00032.jpg 179 197 46 72 0.96479
00032.jpg 678 162 140 327 0.96383
00032.jpg 378 68 274 221 0.96275
00032.jpg 674 161 144 328 0.96244
00032.jpg 666 150 153 338 0.96126
00032.jpg 180 196 50 69 0.96105
00032.jpg 394 71 249 219 0.96061
00032.jpg 377 74 258 205 0.95704
00032.jpg 182 193 39 71 0.95661
00032.jpg 176 194 49 72 0.95570
00032.jpg 182 196 40 74 0.95443
00032.jpg 180 193 46 79 0.95185
00032.jpg 385 80 261 200 0.95051
00032.jpg 382 73 256 216 0.94504
00032.jpg 376 71 279 212 0.94368
00032.jpg 179 194 44 70 0.94266
00032.jpg 182 200 39 63 0.94163
00032.jpg 673 163 144 328 0.94142
00032.jpg 679 162 128 324 0.94064
00032.jpg 671 156 143 340 0.94013
00032.jpg 397 70 254 215 0.93905
00032.jpg 384 78 263 197 0.93818
00032.jpg 381 56 271 234 0.93570
00032.jpg 183 194 40 75 0.93536
00032.jpg 181 195 40 71 0.93323
00032.jpg 181 196 44 73 0.93321
00032.jpg 181 193 42 74 0.93086
00032.jpg 386 72 256 215 0.92208
00032.jpg 181 195 41 72 0.92162
00032.jpg 180 194 46 72 0.92080
00032.jpg 179 195 46 69 0.91881
00032.jpg 180 200 41 69 0.91434
00032.jpg 669 159 150 320 0.91389
00032.jpg 179 198 43 67 0.91223
00032.jpg 388 77 230 202 0.91188
00032.jpg 179 194 44 74 0.90918
00032.jpg 383 75 268 214 0.90742
00032.jpg 382 71 259 206 0.90610
00032.jpg 378 72 245 212 0.90328
00032.jpg 178 201 47 66 0.90253
00032.jpg 180 191 46 77 0.89753
00032.jpg 410 71 235 215 0.89668
00032.jpg 672 163 142 322 0.89573
00032.jpg 386 73 259 209 0.89441
00032.jpg 377 82 245 206 0.89375
00032.jpg 384 62 255 225 0.89113
00032.jpg 178 197 44 71 0.88981
00032.jpg 399 72 238 214 0.88754
00032.jpg 183 196 39 72 0.88705
00032.jpg 372 69 267 217 0.88605
00032.jpg 377 83 252 199 0.88405
00032.jpg 178 194 46 75 0.88287
00032.jpg 182 199 42 63 0.87708
00032.jpg 378 73 280 216 0.87680
00032.jpg 371 76 263 210 0.87654
00032.jpg 177 194 50 76 0.86803
00032.jpg 182 203 37 62 0.85843
00032.jpg 376 85 249 194 0.85791
00032.jpg 669 155 150 344 0.85407
00032.jpg 178 195 43 74 0.85405
00032.jpg 179 195 45 74 0.85399
00032.jpg 378 68 250 218 0.85374
00032.jpg 383 81 224 203 0.85038
00032.jpg 180 194 41 73 0.84797
00032.jpg 377 89 225 185 0.84402
00032.jpg 381 91 242 197 0.83546
00032.jpg 181 195 45 74 0.83534
00032.jpg 183 196 43 67 0.83198
00032.jpg 179 193 50 73 0.83120
00032.jpg 184 197 39 65 0.83020
00032.jpg 387 64 264 218 0.82686
00032.jpg 385 78 247 202 0.82090
00032.jpg 681 158 132 331 0.81702
00032.jpg 380 82 267 203 0.81090
00032.jpg 180 195 47 71 0.80923
00032.jpg 669 160 142 335 0.79910
00032.jpg 177 198 50 67 0.79193
00032.jpg 178 198 48 67 0.79026
00032.jpg 180 192 45 75 0.78596
00032.jpg 383 76 234 208 0.77509
00032.jpg 672 163 148 324 0.77381
00032.jpg 181 190 44 75 0.77206
00032.jpg 185 197 39 74 0.77179
00032.jpg 681 164 123 314 0.75813
00032.jpg 380 79 258 208 0.75781
00032.jpg 179 201 44 63 0.75557
00032.jpg 378 76 256 209 0.75432
00032.jpg 387 65 256 217 0.75206
00032.jpg 380 78 236 210 0.74896
00032.jpg 175 196 52 70 0.74869
00032.jpg 395 79 234 202 0.74846
00032.jpg 379 87 236 194 0.73972
00032.jpg 670 151 139 340 0.73966
00032.jpg 180 196 42 74 0.73654
00032.jpg 179 197 48 67 0.73432
00032.jpg 682 159 141 331 0.72387
00032.jpg 184 197 42 65 0.72356
00032.jpg 386 78 245 209 0.71978
00032.jpg 183 198 44 70 0.71448
00032.jpg 401 62 247 252 0.71145
00032.jpg 177 197 54 72 0.70468
00032.jpg 179 192 46 73 0.70424
00032.jpg 379 75 250 209 0.70181
00032.jpg 677 163 144 327 0.69799
00032.jpg 668 148 153 337 0.69711
00032.jpg 386 63 280 240 0.69693
00032.jpg 182 192 39 72 0.68608
00032.jpg 183 191 44 75 0.67964
00032.jpg 680 161 135 325 0.67900
00032.jpg 397 65 253 240 0.67731
00032.jpg 377 66 287 213 0.67657
00032.jpg 183 193 43 75 0.66940
00032.jpg 377 70 240 209 0.66873
00032.jpg 671 169 142 311 0.66522
00032.jpg 382 67 249 227 0.66089
00032.jpg 374 73 270 198 0.65062
00032.jpg 387 91 203 198 0.64678
00032.jpg 178 196 49 70 0.64471
00032.jpg 376 81 249 196 0.64106
00032.jpg 662 164 173 326 0.63189
00032.jpg 391 80 244 190 0.63025
00032.jpg 385 83 228 200 0.62813
00032.jpg 379 60 258 214 0.62777
00032.jpg 175 191 55 79 0.62226
00032.jpg 383 72 223 210 0.62186
00032.jpg 376 77 273 220 0.62095
00032.jpg 673 159 150 311 0.62031
00032.jpg 175 196 45 70 0.61656
00032.jpg 179 196 46 71 0.60925
00032.jpg 392 79 264 214 0.60870
00032.jpg 379 73 251 206 0.60846
00032.jpg 183 197 44 73 0.59958
00032.jpg 682 164 129 314 0.59881
00032.jpg 676 158 153 333 0.58095
00032.jpg 181 200 40 65 0.57969
00032.jpg 387 90 298 200 0.57441
00032.jpg 381 88 227 190 0.56107
00032.jpg 379 84 203 193 0.55461
00032.jpg 176 193 47 74 0.55218
00032.jpg 182 196 42 62 0.54992
00032.jpg 186 201 36 62 0.54604
00032.jpg 383 83 226 186 0.54242
00032.jpg 183 197 39 68 0.54040
00032.jpg 180 191 46 75 0.53688
00032.jpg 379 67 269 226 0.53473
00032.jpg 370 64 290 225 0.53241
00032.jpg 171 194 54 73 0.52596
00032.jpg 184 198 37 63 0.52333
00032.jpg 183 192 46 75 0.51795
00032.jpg 385 87 239 204 0.51764
00032.jpg 686 167 118 313 0.51680
