00043.jpg 637 153 197 319 0.99979
00043.jpg 642 151 185 317 0.99970
00043.jpg 633 143 215 327 0.99946
00043.jpg 627 147 212 336 0.99928
00043.jpg 634 151 198 325 0.99902
00043.jpg 636 152 197 309 0.99901
00043.jpg 637 152 197 321 0.99877
00043.jpg 631 156 202 317 0.99851
00043.jpg 637 150 198 313 0.99842
00043.jpg 628 143 206 330 0.99835
00043.jpg 635 157 203 317 0.99834
00043.jpg 631 158 206 319 0.99830
00043.jpg 636 165 194 310 0.99825
00043.jpg 625 159 209 309 0.99813
00043.jpg 632 153 192 309 0.99790
00043.jpg 643 146 185 318 0.99788
00043.jpg 642 149 187 328 0.99787
00043.jpg 632 157 199 313 0.99766
00043.jpg 636 149 194 321 0.99756
00043.jpg 643 155 180 313 0.99744
00043.jpg 637 154 187 313 0.99735
00043.jpg 629 158 205 314 0.99731
00043.jpg 627 143 193 325 0.99711
00043.jpg 639 157 185 325 0.99694
00043.jpg 632 157 196 311 0.99688
00043.jpg 642 159 182 314 0.99676
00043.jpg 635 160 192 319 0.99661
00043.jpg 633 140 199 333 0.99572
00043.jpg 632 144 195 329 0.99515
00043.jpg 633 161 201 317 0.99412
00043.jpg 637 155 193 325 0.99382
00043.jpg 631 156 205 321 0.99381
00043.jpg 190 182 44 76 0.99363
00043.jpg 631 150 201 319 0.99281
00043.jpg 630 141 204 337 0.99234
00043.jpg 625 156 203 321 0.99229
00043.jpg 191 186 41 71 0.99169
00043.jpg 635 156 193 309 0.99146
00043.jpg 630 153 203 314 0.98977
00043.jpg 631 154 198 323 0.98812
00043.jpg 632 159 201 313 0.98685
00043.jpg 633 152 191 325 0.98632
00043.jpg 195 182 35 73 0.98276
00043.jpg 630 163 209 301 0.98242
00043.jpg 630 147 190 325 0.98153
00043.jpg 635 156 191 315 0.97740
00043.jpg 636 160 199 306 0.97605
00043.jpg 191 184 43 69 0.97560
00043.jpg 633 158 196 314 0.96711
00043.jpg 628 161 207 317 0.96435
00043.jpg 633 155 203 324 0.96364
00043.jpg 643 162 185 312 0.96120
00043.jpg 636 159 195 312 0.96018
00043.jpg 195 179 35 77 0.95954
00043.jpg 192 184 42 69 0.95891
00043.jpg 191 183 42 72 0.95891
00043.jpg 637 158 198 317 0.95685
00043.jpg 623 153 195 308 0.95226
00043.jpg 638 159 191 315 0.95138
00043.jpg 192 187 39 67 0.94846
00043.jpg 636 156 184 321 0.94775
00043.jpg 191 187 40 66 0.94580
00043.jpg 636 156 190 318 0.94142
00043.jpg 192 187 39 68 0.93923
00043.jpg 190 188 42 64 0.93736
00043.jpg 192 184 41 74 0.93623
00043.jpg 640 161 194 307 0.93349
00043.jpg 640 158 186 314 0.93111
00043.jpg 190 188 44 68 0.93003
00043.jpg 191 186 40 69 0.92600
00043.jpg 639 160 188 309 0.92354
00043.jpg 620 163 204 304 0.91181
00043.jpg 191 184 41 72 0.90792
00043.jpg 646 162 176 313 0.90349
00043.jpg 635 158 185 322 0.89423
00043.jpg 194 188 37 65 0.88925
00043.jpg 189 183 44 70 0.88157
00043.jpg 190 188 42 65 0.87645
00043.jpg 191 183 40 70 0.87591
00043.jpg 192 181 41 75 0.87311
00043.jpg 630 162 197 303 0.86995
00043.jpg 191 183 44 75 0.86868
00043.jpg 635 157 190 312 0.86673
00043.jpg 191 182 40 77 0.86508
00043.jpg 192 188 39 66 0.86441
00043.jpg 639 161 183 320 0.86004
00043.jpg 383 163 181 178 0.85147
00043.jpg 195 186 39 63 0.85042
00043.jpg 191 182 42 72 0.83717
00043.jpg 191 181 39 77 0.83564
00043.jpg 192 192 40 67 0.82608
00043.jpg 633 161 202 306 0.82602
00043.jpg 630 122 192 360 0.82277
00043.jpg 188 183 41 72 0.81822
00043.jpg 637 155 190 329 0.81781
00043.jpg 187 188 42 67 0.81473
00043.jpg 632 157 186 315 0.81432
00043.jpg 629 146 191 333 0.81289
00043.jpg 640 159 175 316 0.80903
00043.jpg 193 185 37 70 0.80514
00043.jpg 648 157 189 321 0.80049
00043.jpg 636 149 201 315 0.78642
00043.jpg 388 162 180 156 0.78479
00043.jpg 640 154 194 324 0.78413
00043.jpg 188 184 44 74 0.77943
00043.jpg 192 186 35 67 0.77715
00043.jpg 393 156 176 190 0.75732
00043.jpg 190 184 43 70 0.75307
00043.jpg 194 188 36 67 0.75115
00043.jpg 194 182 41 72 0.74941
00043.jpg 629 152 212 317 0.74930
00043.jpg 391 162 175 191 0.73954
00043.jpg 388 151 171 206 0.73799
00043.jpg 193 189 43 68 0.73393
00043.jpg 188 184 48 72 0.73073
00043.jpg 391 164 170 171 0.72746
00043.jpg 643 152 188 320 0.72338
00043.jpg 631 154 197 320 0.72226
00043.jpg 195 192 34 59 0.70501
00043.jpg 379 158 173 189 0.69584
00043.jpg 367 150 196 191 0.69142
00043.jpg 374 157 196 185 0.68017
00043.jpg 393 156 162 170 0.67280
00043.jpg 191 187 44 62 0.66670
00043.jpg 191 192 39 61 0.66356
00043.jpg 641 156 177 314 0.66029
00043.jpg 632 162 184 307 0.65108
00043.jpg 380 156 174 206 0.64769
00043.jpg 191 186 43 76 0.64606
00043.jpg 629 175 206 289 0.64491
00043.jpg 391 149 172 194 0.64065
00043.jpg 372 161 178 187 0.64004
00043.jpg 195 191 36 60 0.63758
00043.jpg 381 168 184 131 0.63628
00043.jpg 625 145 205 326 0.63261
00043.jpg 386 154 176 176 0.63145
00043.jpg 196 182 40 70 0.63084
00043.jpg 621 164 212 313 0.62793
00043.jpg 190 187 48 71 0.62595
00043.jpg 383 156 176 206 0.62520
00043.jpg 633 150 194 327 0.61499
00043.jpg 394 151 170 192 0.61362
00043.jpg 396 161 164 214 0.60333
00043.jpg 190 186 46 74 0.60185
00043.jpg 377 146 176 203 0.59913
00043.jpg 187 184 51 72 0.59357
00043.jpg 190 188 43 64 0.59101
00043.jpg 637 159 184 309 0.57470
00043.jpg 402 161 149 140 0.57280
00043.jpg 383 164 162 193 0.56695
00043.jpg 380 159 167 158 0.56659
00043.jpg 386 163 162 155 0.56530
00043.jpg 623 149 208 319 0.54906
00043.jpg 394 158 173 216 0.54813
00043.jpg 382 152 184 174 0.54480
00043.jpg 192 183 45 76 0.54475
00043.jpg 192 188 46 68 0.54459
00043.jpg 381 156 171 215 0.53925
00043.jpg 195 190 39 60 0.53780
00043.jpg 395 166 155 123 0.53027
00043.jpg 190 193 48 61 0.52928
00043.jpg 191 179 44 75 0.52858
00043.jpg 195 183 42 75 0.52664
00043.jpg 192 179 42 72 0.52524
00043.jpg 388 158 168 178 0.52317
00043.jpg 386 163 169 195 0.52218
00043.jpg 190 187 42 59 0.50962
00043.jpg 400 162 167 182 0.50507
