00040.jpg 671 135 148 335 0.99952
00040.jpg 671 139 156 333 0.99951
00040.jpg 676 143 151 324 0.99951
00040.jpg 671 135 152 342 0.99932
00040.jpg 674 141 156 333 0.99919
00040.jpg 681 150 143 321 0.99902
00040.jpg 671 147 149 323 0.99893
00040.jpg 675 141 151 330 0.99885
00040.jpg 671 147 154 331 0.99881
00040.jpg 671 151 156 318 0.99860
00040.jpg 673 127 144 345 0.99820
00040.jpg 672 141 155 329 0.99820
00040.jpg 667 138 152 338 0.99811
00040.jpg 671 146 151 325 0.99791
00040.jpg 676 145 145 329 0.99765
00040.jpg 670 137 161 329 0.99753
00040.jpg 671 141 153 332 0.99745
00040.jpg 674 141 153 331 0.99744
00040.jpg 672 145 144 332 0.99738
00040.jpg 673 147 152 324 0.99705
00040.jpg 676 153 154 321 0.99696
00040.jpg 675 151 146 311 0.99672
00040.jpg 672 144 154 333 0.99635
00040.jpg 669 143 159 333 0.99635
00040.jpg 674 144 147 340 0.99605
00040.jpg 674 136 142 342 0.99576
00040.jpg 667 141 160 336 0.99574
00040.jpg 677 145 145 334 0.99567
00040.jpg 673 137 150 340 0.99562
00040.jpg 670 152 155 319 0.99544
00040.jpg 396 44 159 208 0.99528
00040.jpg 672 140 150 328 0.99527
00040.jpg 672 148 148 313 0.99527
00040.jpg 396 42 161 211 0.99482
00040.jpg 397 46 163 208 0.99441
00040.jpg 667 138 161 333 0.99403
00040.jpg 671 148 156 331 0.99391
00040.jpg 401 55 159 197 0.99388
00040.jpg 191 181 43 76 0.99365
00040.jpg 405 56 158 188 0.99341
00040.jpg 395 48 169 200 0.99303
00040.jpg 403 43 156 207 0.99232
00040.jpg 670 142 152 335 0.99222
00040.jpg 403 59 157 185 0.99129
00040.jpg 407 39 155 210 0.98948
00040.jpg 672 142 155 337 0.98915
00040.jpg 391 44 173 204 0.98911
00040.jpg 403 53 157 194 0.98905
00040.jpg 681 135 135 331 0.98850
00040.jpg 400 41 165 212 0.98819
00040.jpg 685 142 137 327 0.98766
00040.jpg 403 50 158 197 0.98700
00040.jpg 398 40 161 210 0.98695
00040.jpg 675 130 151 353 0.98690
00040.jpg 406 43 159 206 0.98645
00040.jpg 405 53 157 193 0.98531
00040.jpg 667 136 156 333 0.98508
00040.jpg 670 133 158 332 0.98498
00040.jpg 400 49 158 197 0.98486
00040.jpg 400 55 157 194 0.98418
00040.jpg 406 52 148 195 0.98361
00040.jpg 197 186 35 70 0.98341
00040.jpg 398 55 159 192 0.98275
00040.jpg 400 50 161 203 0.98153
00040.jpg 674 146 151 333 0.98103
00040.jpg 191 183 43 69 0.97867
00040.jpg 401 55 160 193 0.97820
00040.jpg 401 47 160 195 0.97797
00040.jpg 193 185 37 72 0.97796
00040.jpg 398 54 160 192 0.97792
00040.jpg 396 52 162 195 0.97784
00040.jpg 402 41 158 210 0.97781
00040.jpg 403 51 160 200 0.97750
00040.jpg 671 143 153 322 0.97655
00040.jpg 404 49 156 201 0.97611
00040.jpg 668 152 153 324 0.97546
00040.jpg 400 45 164 209 0.97504
00040.jpg 670 146 157 329 0.97498
00040.jpg 398 51 166 201 0.97229
00040.jpg 192 183 41 68 0.97025
00040.jpg 195 182 38 72 0.96953
00040.jpg 400 53 160 197 0.96928
00040.jpg 404 53 158 196 0.96760
00040.jpg 192 181 40 74 0.96682
00040.jpg 397 43 159 201 0.96465
00040.jpg 408 38 162 212 0.96333
00040.jpg 394 45 166 197 0.96052
00040.jpg 189 183 44 73 0.95939
00040.jpg 402 47 154 203 0.95666
00040.jpg 399 56 165 191 0.95640
00040.jpg 396 38 163 198 0.95220
00040.jpg 400 48 158 200 0.95207
00040.jpg 191 180 38 77 0.95165
00040.jpg 193 187 38 67 0.94777
00040.jpg 191 187 40 67 0.94739
00040.jpg 673 149 154 317 0.94619
00040.jpg 665 139 164 341 0.94316
00040.jpg 193 187 36 69 0.94129
00040.jpg 192 185 37 69 0.94103
00040.jpg 401 44 160 203 0.93959
00040.jpg 674 135 157 331 0.93492
00040.jpg 402 48 159 205 0.93408
00040.jpg 394 49 163 203 0.93404
00040.jpg 402 47 159 203 0.93119
00040.jpg 192 186 44 68 0.92990
00040.jpg 191 188 41 62 0.92936
00040.jpg 394 53 172 189 0.92689
00040.jpg 191 184 40 71 0.92511
00040.jpg 395 49 170 201 0.92388
00040.jpg 403 50 156 195 0.92304
00040.jpg 671 140 157 339 0.92010
00040.jpg 189 183 40 67 0.91883
00040.jpg 673 147 150 335 0.91868
00040.jpg 192 183 40 74 0.91770
00040.jpg 666 149 159 319 0.91451
00040.jpg 400 47 160 202 0.91391
00040.jpg 669 145 147 328 0.91347
00040.jpg 674 150 146 328 0.91048
00040.jpg 388 33 176 210 0.90996
00040.jpg 386 42 177 197 0.90931
00040.jpg 194 186 36 67 0.90907
00040.jpg 383 31 190 219 0.90872
00040.jpg 189 184 44 68 0.90641
00040.jpg 190 187 41 65 0.90623
00040.jpg 403 49 154 196 0.90453
00040.jpg 403 54 158 197 0.90332
00040.jpg 190 188 43 67 0.90208
00040.jpg 190 185 39 70 0.89903
00040.jpg 399 53 158 202 0.89859
00040.jpg 399 54 158 194 0.89117
00040.jpg 398 35 173 214 0.89093
00040.jpg 193 184 41 66 0.88106
00040.jpg 191 182 43 74 0.87459
00040.jpg 191 191 43 62 0.86277
00040.jpg 401 63 162 183 0.85363
00040.jpg 678 147 140 334 0.85360
00040.jpg 392 38 172 224 0.85294
00040.jpg 190 185 44 67 0.84530
00040.jpg 395 37 165 201 0.84384
00040.jpg 396 43 164 205 0.84318
00040.jpg 189 179 44 79 0.83319
00040.jpg 403 50 152 199 0.83251
00040.jpg 672 147 156 331 0.83076
00040.jpg 404 42 157 205 0.82784
00040.jpg 192 182 39 76 0.82779
00040.jpg 191 184 46 70 0.82622
00040.jpg 397 49 161 197 0.82420
00040.jpg 398 57 163 189 0.82335
00040.jpg 196 185 37 73 0.82135
00040.jpg 676 140 141 335 0.82042
00040.jpg 662 144 155 315 0.81990
00040.jpg 410 39 147 220 0.80863
00040.jpg 397 45 157 207 0.80303
00040.jpg 409 49 155 192 0.79632
00040.jpg 402 43 165 212 0.79538
00040.jpg 399 42 164 197 0.79045
00040.jpg 676 153 149 307 0.79007
00040.jpg 671 135 151 342 0.78850
00040.jpg 189 185 42 72 0.78379
00040.jpg 192 183 44 74 0.78248
00040.jpg 186 184 45 70 0.78214
00040.jpg 404 57 154 192 0.78152
00040.jpg 671 128 148 357 0.78100
00040.jpg 189 187 39 70 0.77490
00040.jpg 192 192 39 57 0.75878
00040.jpg 388 50 175 206 0.75733
00040.jpg 397 51 159 202 0.75676
00040.jpg 672 151 142 319 0.75510
00040.jpg 405 55 160 189 0.75337
00040.jpg 395 46 166 193 0.74559
00040.jpg 397 46 180 210 0.74488
00040.jpg 668 155 154 314 0.74157
00040.jpg 195 186 35 68 0.73663
00040.jpg 678 137 144 338 0.73232
00040.jpg 193 185 39 73 0.72971
00040.jpg 404 58 156 192 0.72741
00040.jpg 667 144 152 318 0.72555
00040.jpg 187 185 49 74 0.71302
00040.jpg 193 183 42 70 0.69614
00040.jpg 408 43 163 202 0.69193
00040.jpg 195 193 34 58 0.68570
00040.jpg 673 129 144 352 0.68535
00040.jpg 400 42 165 198 0.68218
00040.jpg 190 186 45 69 0.68196
00040.jpg 680 148 151 326 0.66060
00040.jpg 397 34 159 221 0.65461
00040.jpg 196 184 40 66 0.63539
00040.jpg 192 183 42 75 0.63538
00040.jpg 195 188 36 62 0.63065
00040.jpg 671 140 151 336 0.63041
00040.jpg 394 49 165 202 0.62783
00040.jpg 404 54 159 187 0.62609
00040.jpg 395 47 156 192 0.61593
00040.jpg 397 32 160 216 0.60716
00040.jpg 397 57 170 200 0.60018
00040.jpg 189 186 49 70 0.60007
00040.jpg 403 60 151 193 0.58894
00040.jpg 187 183 45 70 0.57894
00040.jpg 392 51 178 207 0.57718
00040.jpg 191 187 41 64 0.57404
00040.jpg 385 51 192 196 0.56778
00040.jpg 394 48 169 202 0.55770
00040.jpg 191 187 41 60 0.55728
00040.jpg 191 187 41 62 0.55117
00040.jpg 195 188 38 61 0.54566
00040.jpg 191 186 47 68 0.54178
00040.jpg 403 53 166 201 0.53496
00040.jpg 189 188 50 67 0.52482
00040.jpg 385 27 205 225 0.51640
00040.jpg 194 184 43 72 0.50729
00040.jpg 194 184 36 67 0.50508
