00072.jpg 666 204 166 294 0.99930
00072.jpg 668 191 165 302 0.99926
00072.jpg 667 200 162 293 0.99926
00072.jpg 667 196 163 300 0.99870
00072.jpg 672 199 155 297 0.99856
00072.jpg 674 185 154 311 0.99848
00072.jpg 674 204 156 287 0.99833
00072.jpg 667 199 167 279 0.99832
00072.jpg 660 205 177 290 0.99818
00072.jpg 670 197 159 299 0.99808
00072.jpg 666 190 158 300 0.99793
00072.jpg 670 185 150 310 0.99767
00072.jpg 661 191 159 298 0.99722
00072.jpg 673 201 169 290 0.99711
00072.jpg 670 193 158 304 0.99699
00072.jpg 664 193 165 305 0.99660
00072.jpg 668 201 162 301 0.99646
00072.jpg 669 194 160 287 0.99617
00072.jpg 669 200 163 294 0.99592
00072.jpg 674 197 157 294 0.99559
00072.jpg 660 199 178 298 0.99558
00072.jpg 666 202 166 294 0.99538
00072.jpg 672 189 155 312 0.99536
00072.jpg 668 210 164 283 0.99528
00072.jpg 674 193 146 299 0.99513
00072.jpg 667 199 167 292 0.99430
00072.jpg 220 168 39 76 0.99369
00072.jpg 669 190 165 291 0.99258
00072.jpg 223 173 36 69 0.99238
00072.jpg 466 347 90 83 0.99218
00072.jpg 674 206 156 284 0.99206
00072.jpg 470 345 89 89 0.99176
00072.jpg 669 195 157 300 0.99151
00072.jpg 673 196 151 286 0.99114
00072.jpg 671 201 156 285 0.98956
00072.jpg 219 168 39 73 0.98750
00072.jpg 666 201 170 292 0.98662
00072.jpg 466 346 93 87 0.98358
00072.jpg 469 346 87 85 0.98325
00072.jpg 669 194 157 304 0.98091
00072.jpg 676 184 161 316 0.97888
00072.jpg 464 346 93 88 0.97759
00072.jpg 669 195 157 308 0.97712
00072.jpg 222 172 39 67 0.97601
00072.jpg 668 197 157 284 0.97596
00072.jpg 670 203 164 288 0.97564
00072.jpg 668 191 159 296 0.97394
00072.jpg 220 171 40 68 0.97390
00072.jpg 465 348 91 84 0.97376
00072.jpg 666 205 163 290 0.97269
00072.jpg 220 166 36 77 0.97166
00072.jpg 220 171 39 71 0.96986
00072.jpg 219 172 41 69 0.96895
00072.jpg 665 200 165 285 0.96645
00072.jpg 664 200 168 300 0.96643
00072.jpg 668 202 165 288 0.96373
00072.jpg 470 344 85 90 0.96298
00072.jpg 466 347 90 84 0.96261
00072.jpg 466 346 90 84 0.96039
00072.jpg 659 202 177 295 0.96014
00072.jpg 217 172 43 69 0.95895
00072.jpg 467 347 88 85 0.95569
00072.jpg 465 351 90 81 0.95125
00072.jpg 679 193 152 292 0.94952
00072.jpg 469 344 87 86 0.94289
00072.jpg 543 331 84 127 0.94204
00072.jpg 220 170 37 71 0.94041
00072.jpg 674 201 149 287 0.93785
00072.jpg 471 347 86 83 0.93549
00072.jpg 219 170 39 69 0.93365
00072.jpg 556 331 71 124 0.92931
00072.jpg 465 349 90 81 0.92896
00072.jpg 468 346 80 86 0.92711
00072.jpg 461 344 100 87 0.92619
00072.jpg 467 344 87 90 0.92342
00072.jpg 559 329 67 122 0.92340
00072.jpg 470 342 85 97 0.92149
00072.jpg 670 197 156 296 0.92035
00072.jpg 666 197 162 298 0.91993
00072.jpg 557 331 68 123 0.91973
00072.jpg 466 344 91 85 0.91949
00072.jpg 465 346 89 86 0.91825
00072.jpg 217 170 43 71 0.91817
00072.jpg 220 168 41 72 0.91811
00072.jpg 559 333 68 125 0.91687
00072.jpg 673 197 150 298 0.91607
00072.jpg 220 167 41 73 0.91551
00072.jpg 469 343 87 91 0.91421
00072.jpg 469 338 90 93 0.91273
00072.jpg 468 346 84 90 0.91261
00072.jpg 220 167 41 74 0.91225
00072.jpg 668 199 166 296 0.91161
00072.jpg 219 166 40 78 0.91077
00072.jpg 672 205 161 283 0.91034
00072.jpg 221 174 38 67 0.90931
00072.jpg 466 342 93 87 0.90857
00072.jpg 554 329 72 118 0.90669
00072.jpg 468 347 92 86 0.90641
00072.jpg 469 347 88 84 0.90620
00072.jpg 468 344 84 94 0.90492
00072.jpg 218 173 40 67 0.90488
00072.jpg 472 346 85 87 0.90469
00072.jpg 466 349 87 83 0.90451
00072.jpg 222 171 39 71 0.90417
00072.jpg 465 344 90 87 0.90263
00072.jpg 464 346 91 89 0.90164
00072.jpg 667 195 162 310 0.90150
00072.jpg 664 199 159 306 0.90104
00072.jpg 469 350 87 83 0.89691
00072.jpg 539 335 88 121 0.89443
00072.jpg 468 346 93 82 0.89160
00072.jpg 469 346 83 83 0.89062
00072.jpg 555 331 75 128 0.88940
00072.jpg 553 331 74 117 0.88680
00072.jpg 555 331 73 122 0.88315
00072.jpg 462 342 97 92 0.88091
00072.jpg 218 167 41 72 0.88026
00072.jpg 220 174 37 64 0.87955
00072.jpg 664 200 160 302 0.87682
00072.jpg 545 328 82 124 0.87308
00072.jpg 677 198 163 289 0.87292
00072.jpg 465 345 87 91 0.86867
00072.jpg 466 344 87 90 0.86846
00072.jpg 221 167 39 77 0.86675
00072.jpg 550 329 71 123 0.86461
00072.jpg 219 175 38 67 0.86439
00072.jpg 220 171 43 69 0.86186
00072.jpg 558 332 67 113 0.86134
00072.jpg 667 197 151 298 0.86094
00072.jpg 546 332 82 116 0.86060
00072.jpg 553 331 79 121 0.86055
00072.jpg 549 331 83 120 0.85890
00072.jpg 221 167 39 74 0.85779
00072.jpg 672 204 150 303 0.85706
00072.jpg 538 327 90 130 0.85663
00072.jpg 462 346 93 84 0.85331
00072.jpg 469 344 78 89 0.85315
00072.jpg 468 343 91 89 0.85081
00072.jpg 550 326 81 126 0.84924
00072.jpg 667 196 156 305 0.84924
00072.jpg 476 337 81 101 0.84749
00072.jpg 219 174 40 71 0.84322
00072.jpg 538 322 95 130 0.84286
00072.jpg 550 329 76 117 0.84014
00072.jpg 461 344 94 88 0.83950
00072.jpg 545 331 84 118 0.83411
00072.jpg 550 329 77 122 0.83380
00072.jpg 672 201 158 293 0.83204
00072.jpg 667 199 162 293 0.83078
00072.jpg 474 346 79 88 0.82849
00072.jpg 548 333 78 118 0.82847
00072.jpg 546 322 79 137 0.82623
00072.jpg 220 169 40 74 0.82363
00072.jpg 217 176 39 66 0.82304
00072.jpg 533 333 93 120 0.82290
00072.jpg 217 169 42 74 0.80566
00072.jpg 466 338 98 95 0.80484
00072.jpg 464 340 89 87 0.80435
00072.jpg 664 190 170 298 0.80259
00072.jpg 671 205 165 285 0.79948
00072.jpg 541 326 91 128 0.79682
00072.jpg 470 343 78 88 0.79457
00072.jpg 669 190 166 290 0.79373
00072.jpg 463 348 88 80 0.78980
00072.jpg 556 330 71 120 0.78429
00072.jpg 459 353 94 79 0.77963
00072.jpg 553 330 72 123 0.77640
00072.jpg 543 335 81 111 0.77020
00072.jpg 473 348 74 77 0.76924
00072.jpg 218 170 43 73 0.76912
00072.jpg 558 330 71 115 0.76780
00072.jpg 669 194 169 301 0.76743
00072.jpg 558 331 72 120 0.76593
00072.jpg 218 171 45 69 0.75807
00072.jpg 664 204 168 290 0.75077
00072.jpg 470 346 91 85 0.75030
00072.jpg 459 344 91 93 0.74760
00072.jpg 547 326 84 122 0.74372
00072.jpg 222 167 38 77 0.74273
00072.jpg 220 168 42 77 0.73775
00072.jpg 470 345 92 86 0.73558
00072.jpg 549 335 76 111 0.73363
00072.jpg 552 325 79 130 0.73319
00072.jpg 474 346 81 81 0.72813
00072.jpg 557 327 71 122 0.72593
00072.jpg 560 331 70 125 0.72055
00072.jpg 549 332 77 117 0.71925
00072.jpg 464 340 90 86 0.71717
00072.jpg 550 333 80 124 0.70971
00072.jpg 659 196 174 299 0.70816
00072.jpg 666 207 149 289 0.70757
00072.jpg 218 165 43 80 0.70754
00072.jpg 474 347 84 84 0.70244
00072.jpg 653 187 180 296 0.70102
00072.jpg 560 332 69 118 0.69891
00072.jpg 557 333 66 112 0.69803
00072.jpg 562 329 64 122 0.69770
00072.jpg 551 320 80 134 0.69344
00072.jpg 221 172 40 72 0.69231
00072.jpg 222 166 40 74 0.69166
00072.jpg 463 350 86 82 0.69065
00072.jpg 478 346 81 86 0.69036
00072.jpg 217 168 42 75 0.68839
00072.jpg 463 349 89 81 0.67818
00072.jpg 655 200 187 277 0.67704
00072.jpg 557 329 67 119 0.67641
00072.jpg 549 333 75 116 0.67502
00072.jpg 471 346 80 76 0.67461
00072.jpg 216 173 44 68 0.67386
00072.jpg 217 176 41 63 0.67067
00072.jpg 541 331 82 114 0.66557
00072.jpg 222 171 35 64 0.66534
00072.jpg 466 346 96 86 0.66291
00072.jpg 220 171 39 62 0.66195
00072.jpg 473 336 79 97 0.65838
00072.jpg 465 348 80 82 0.65531
00072.jpg 215 171 43 68 0.65347
00072.jpg 217 173 44 69 0.64727
00072.jpg 669 182 164 298 0.64624
00072.jpg 476 344 78 84 0.64250
00072.jpg 547 336 76 108 0.63902
00072.jpg 466 339 96 89 0.63870
00072.jpg 543 325 84 121 0.63647
00072.jpg 224 171 36 68 0.63467
00072.jpg 460 340 99 97 0.63355
00072.jpg 222 172 35 66 0.63300
00072.jpg 223 167 41 73 0.62964
00072.jpg 559 333 74 118 0.62239
00072.jpg 556 330 67 126 0.62077
00072.jpg 461 348 92 77 0.61073
00072.jpg 220 171 38 68 0.60671
00072.jpg 665 174 170 332 0.60233
00072.jpg 475 351 72 77 0.58749
00072.jpg 489 343 67 89 0.58726
00072.jpg 661 191 172 300 0.57580
00072.jpg 475 348 78 79 0.56769
00072.jpg 463 325 92 112 0.56613
00072.jpg 473 342 82 94 0.56137
00072.jpg 472 345 66 94 0.55966
00072.jpg 670 188 158 309 0.55379
00072.jpg 473 343 86 96 0.55045
00072.jpg 467 340 86 92 0.54992
00072.jpg 651 201 183 291 0.54989
00072.jpg 460 350 84 86 0.54794
00072.jpg 220 160 40 81 0.53894
00072.jpg 551 332 71 121 0.53845
00072.jpg 474 350 67 78 0.53721
00072.jpg 555 328 79 115 0.53433
00072.jpg 219 171 49 70 0.52931
00072.jpg 463 341 82 97 0.52176
00072.jpg 220 167 34 71 0.52114
00072.jpg 216 171 47 77 0.51748
00072.jpg 475 343 71 92 0.51534
00072.jpg 225 165 38 69 0.51311
00072.jpg 465 344 87 90 0.50951
00072.jpg 511 347 40 84 0.50875
00072.jpg 472 338 78 103 0.50670
00072.jpg 675 203 155 286 0.50592
00072.jpg 469 335 78 106 0.49959
00072.jpg 560 334 69 115 0.49926
