00086.jpg 698 145 179 302 0.99982
00086.jpg 697 143 187 320 0.99974
00086.jpg 682 146 209 320 0.99935
00086.jpg 688 143 190 311 0.99934
00086.jpg 416 74 220 280 0.99930
00086.jpg 425 74 208 280 0.99923
00086.jpg 700 144 179 307 0.99910
00086.jpg 696 141 185 317 0.99901
00086.jpg 686 136 204 316 0.99897
00086.jpg 684 152 198 301 0.99890
00086.jpg 702 144 173 308 0.99888
00086.jpg 420 83 206 270 0.99886
00086.jpg 414 80 212 285 0.99880
00086.jpg 428 77 206 274 0.99880
00086.jpg 412 71 226 291 0.99877
00086.jpg 691 142 192 319 0.99869
00086.jpg 429 67 199 294 0.99853
00086.jpg 677 136 214 320 0.99846
00086.jpg 692 135 185 326 0.99810
00086.jpg 414 70 221 290 0.99789
00086.jpg 414 66 214 286 0.99782
00086.jpg 699 135 172 325 0.99771
00086.jpg 693 138 187 321 0.99743
00086.jpg 691 131 198 332 0.99701
00086.jpg 693 144 187 310 0.99638
00086.jpg 699 138 189 329 0.99638
00086.jpg 235 152 44 77 0.99572
00086.jpg 419 63 196 287 0.99554
00086.jpg 423 75 208 274 0.99550
00086.jpg 424 79 205 274 0.99535
00086.jpg 419 73 221 282 0.99534
00086.jpg 687 135 201 319 0.99530
00086.jpg 414 80 214 275 0.99511
00086.jpg 700 145 183 314 0.99483
00086.jpg 700 143 179 314 0.99472
00086.jpg 429 64 195 300 0.99416
00086.jpg 700 134 172 323 0.99407
00086.jpg 700 142 187 305 0.99406
00086.jpg 689 146 190 318 0.99360
00086.jpg 688 139 194 310 0.99355
00086.jpg 703 151 173 314 0.99338
00086.jpg 431 74 191 291 0.99337
00086.jpg 694 139 185 327 0.99305
00086.jpg 695 144 189 317 0.99293
00086.jpg 697 143 177 317 0.99251
00086.jpg 421 79 199 283 0.99240
00086.jpg 702 136 175 321 0.99210
00086.jpg 697 145 187 320 0.99202
00086.jpg 698 144 180 315 0.99200
00086.jpg 428 69 201 284 0.99169
00086.jpg 429 69 201 300 0.99105
00086.jpg 695 147 182 316 0.99083
00086.jpg 691 144 197 313 0.99042
00086.jpg 417 63 216 284 0.98998
00086.jpg 419 73 214 274 0.98888
00086.jpg 419 76 215 278 0.98884
00086.jpg 699 145 180 313 0.98836
00086.jpg 417 57 223 308 0.98782
00086.jpg 417 71 215 292 0.98757
00086.jpg 239 152 37 76 0.98655
00086.jpg 700 138 180 323 0.98448
00086.jpg 419 64 215 302 0.98346
00086.jpg 693 145 190 320 0.98318
00086.jpg 242 155 36 70 0.98214
00086.jpg 414 90 218 258 0.98184
00086.jpg 694 155 173 296 0.97946
00086.jpg 417 72 210 288 0.97851
00086.jpg 697 144 179 323 0.97710
00086.jpg 428 68 207 285 0.97670
00086.jpg 418 65 203 300 0.97534
00086.jpg 688 140 197 323 0.97464
00086.jpg 687 134 198 327 0.97400
00086.jpg 693 131 189 341 0.97257
00086.jpg 687 137 202 323 0.97216
00086.jpg 421 83 215 280 0.97178
00086.jpg 235 150 41 76 0.97134
00086.jpg 698 143 184 316 0.97011
00086.jpg 690 142 199 320 0.96890
00086.jpg 695 134 189 325 0.96889
00086.jpg 234 153 47 72 0.96888
00086.jpg 237 154 40 69 0.96370
00086.jpg 696 137 190 310 0.96347
00086.jpg 433 82 200 286 0.96179
00086.jpg 692 147 192 312 0.96141
00086.jpg 237 151 42 75 0.95971
00086.jpg 416 80 216 289 0.95936
00086.jpg 237 151 41 74 0.95823
00086.jpg 411 79 218 282 0.95573
00086.jpg 694 133 175 318 0.95305
00086.jpg 692 140 192 320 0.95237
00086.jpg 423 76 205 279 0.94956
00086.jpg 237 153 39 73 0.94936
00086.jpg 235 156 47 68 0.94725
00086.jpg 679 141 208 321 0.94694
00086.jpg 238 152 41 77 0.94486
00086.jpg 412 75 227 293 0.94481
00086.jpg 700 143 180 321 0.94451
00086.jpg 414 79 225 283 0.94387
00086.jpg 421 73 216 290 0.94201
00086.jpg 702 134 180 322 0.93991
00086.jpg 236 152 45 72 0.93851
00086.jpg 239 151 39 75 0.93823
00086.jpg 426 71 207 291 0.93797
00086.jpg 240 154 39 72 0.93507
00086.jpg 421 73 217 278 0.93407
00086.jpg 698 140 189 326 0.93102
00086.jpg 238 153 42 75 0.93068
00086.jpg 419 77 211 281 0.92788
00086.jpg 690 140 193 324 0.92694
00086.jpg 418 84 209 284 0.92609
00086.jpg 421 77 209 289 0.92239
00086.jpg 415 76 209 281 0.92147
00086.jpg 415 91 211 262 0.92086
00086.jpg 684 135 194 321 0.91734
00086.jpg 416 82 216 271 0.91711
00086.jpg 237 151 43 76 0.91669
00086.jpg 706 148 164 307 0.91604
00086.jpg 417 80 217 284 0.91248
00086.jpg 693 142 196 313 0.91003
00086.jpg 239 157 39 66 0.90910
00086.jpg 415 74 211 270 0.90493
00086.jpg 691 132 190 331 0.90361
00086.jpg 234 154 42 69 0.89994
00086.jpg 236 155 41 70 0.89442
00086.jpg 681 137 200 319 0.88623
00086.jpg 422 67 213 293 0.88620
00086.jpg 233 156 42 70 0.87587
00086.jpg 237 151 44 73 0.87515
00086.jpg 239 154 42 68 0.87342
00086.jpg 240 155 42 70 0.87142
00086.jpg 417 72 222 295 0.86992
00086.jpg 425 77 200 289 0.86742
00086.jpg 235 153 43 72 0.86554
00086.jpg 422 80 202 274 0.86491
00086.jpg 237 152 41 75 0.86343
00086.jpg 237 153 42 72 0.86251
00086.jpg 423 67 204 282 0.85836
00086.jpg 239 154 38 70 0.85624
00086.jpg 692 145 187 313 0.85318
00086.jpg 423 81 199 283 0.85313
00086.jpg 237 153 45 74 0.85091
00086.jpg 235 154 43 70 0.84852
00086.jpg 236 158 41 72 0.84804
00086.jpg 420 73 208 294 0.84499
00086.jpg 692 148 192 321 0.84465
00086.jpg 421 77 213 283 0.84247
00086.jpg 420 79 209 276 0.83612
00086.jpg 688 150 195 306 0.83186
00086.jpg 699 135 179 330 0.82626
00086.jpg 421 85 202 261 0.82001
00086.jpg 234 150 44 75 0.81849
00086.jpg 410 78 212 296 0.81829
00086.jpg 429 67 203 298 0.81449
00086.jpg 416 85 216 261 0.81066
00086.jpg 416 70 219 276 0.80508
00086.jpg 695 146 180 315 0.80367
00086.jpg 422 73 210 283 0.80200
00086.jpg 234 153 49 74 0.79564
00086.jpg 240 153 41 72 0.79020
00086.jpg 416 77 212 276 0.78687
00086.jpg 420 68 212 276 0.78476
00086.jpg 421 75 211 275 0.78391
00086.jpg 695 135 188 327 0.77764
00086.jpg 237 151 44 76 0.77531
00086.jpg 238 153 37 71 0.77035
00086.jpg 699 142 199 314 0.76493
00086.jpg 425 75 210 274 0.75358
00086.jpg 699 139 188 326 0.75047
00086.jpg 239 152 38 80 0.73766
00086.jpg 417 91 214 261 0.73211
00086.jpg 691 126 182 332 0.72892
00086.jpg 240 155 37 64 0.72600
00086.jpg 409 65 226 306 0.72580
00086.jpg 235 156 48 72 0.72569
00086.jpg 237 157 43 65 0.72046
00086.jpg 240 153 42 76 0.71775
00086.jpg 233 150 50 79 0.70720
00086.jpg 423 88 221 249 0.69302
00086.jpg 699 144 176 313 0.68318
00086.jpg 238 155 43 72 0.67156
00086.jpg 427 69 208 278 0.66600
00086.jpg 240 153 36 72 0.66009
00086.jpg 702 144 178 314 0.65706
00086.jpg 422 83 206 272 0.65024
00086.jpg 689 139 184 331 0.64596
00086.jpg 237 158 40 65 0.64106
00086.jpg 242 154 40 68 0.63651
00086.jpg 239 157 38 64 0.63511
00086.jpg 425 77 205 279 0.63406
00086.jpg 706 144 179 314 0.63331
00086.jpg 427 65 213 303 0.63294
00086.jpg 424 94 194 258 0.62921
00086.jpg 238 156 43 62 0.62499
00086.jpg 241 151 42 80 0.62478
00086.jpg 238 149 42 73 0.61991
00086.jpg 702 154 163 295 0.60526
00086.jpg 238 151 44 76 0.60255
00086.jpg 690 123 202 332 0.60171
00086.jpg 429 67 190 292 0.60069
00086.jpg 230 152 44 70 0.59819
00086.jpg 423 74 206 280 0.58410
00086.jpg 236 155 42 68 0.57762
00086.jpg 236 153 43 70 0.56397
00086.jpg 702 151 174 311 0.56331
00086.jpg 421 81 217 254 0.56321
00086.jpg 237 155 40 64 0.56048
00086.jpg 231 153 46 74 0.55984
00086.jpg 232 157 50 70 0.55606
00086.jpg 233 155 41 78 0.54666
00086.jpg 694 141 199 321 0.54639
00086.jpg 237 153 40 69 0.54287
00086.jpg 410 83 225 266 0.53102
00086.jpg 232 155 44 67 0.51583
00086.jpg 427 83 210 238 0.50968
00086.jpg 409 92 211 265 0.50759
00086.jpg 426 88 194 260 0.50504
00086.jpg 694 146 182 304 0.50165
