00093.jpg 687 140 196 322 0.99979
00093.jpg 698 132 182 315 0.99938
00093.jpg 698 132 177 320 0.99893
00093.jpg 708 138 166 313 0.99893
00093.jpg 700 144 180 302 0.99884
00093.jpg 702 140 169 307 0.99858
00093.jpg 689 143 189 310 0.99850
00093.jpg 700 134 181 312 0.99833
00093.jpg 706 134 171 324 0.99817
00093.jpg 693 136 175 325 0.99805
00093.jpg 685 149 201 305 0.99759
00093.jpg 698 132 178 327 0.99751
00093.jpg 702 144 158 311 0.99731
00093.jpg 700 137 175 315 0.99708
00093.jpg 696 139 171 315 0.99690
00093.jpg 701 136 173 316 0.99670
00093.jpg 695 140 186 305 0.99586
00093.jpg 697 137 180 314 0.99577
00093.jpg 701 136 172 317 0.99577
00093.jpg 708 134 164 314 0.99546
00093.jpg 691 142 195 320 0.99454
00093.jpg 698 136 174 319 0.99449
00093.jpg 701 145 176 303 0.99425
00093.jpg 704 134 162 320 0.99417
00093.jpg 696 143 177 312 0.99349
00093.jpg 697 141 168 313 0.99342
00093.jpg 381 190 158 174 0.99283
00093.jpg 700 136 167 304 0.99127
00093.jpg 700 141 163 313 0.99113
00093.jpg 698 130 181 325 0.99028
00093.jpg 243 153 39 72 0.99024
00093.jpg 706 133 174 323 0.98969
00093.jpg 703 134 173 310 0.98853
00093.jpg 698 126 182 323 0.98768
00093.jpg 386 195 150 178 0.98750
00093.jpg 710 137 171 310 0.98698
00093.jpg 700 134 176 323 0.98665
00093.jpg 386 196 159 175 0.98593
00093.jpg 379 183 155 183 0.98420
00093.jpg 699 144 170 311 0.98387
00093.jpg 389 207 147 159 0.98336
00093.jpg 391 195 155 178 0.98176
00093.jpg 395 204 143 158 0.98158
00093.jpg 696 141 180 317 0.98014
00093.jpg 694 142 180 308 0.97910
00093.jpg 241 154 45 68 0.97904
00093.jpg 390 191 148 165 0.97828
00093.jpg 704 127 171 325 0.97804
00093.jpg 704 148 165 301 0.97672
00093.jpg 694 136 186 320 0.97518
00093.jpg 392 199 151 172 0.97514
00093.jpg 381 201 155 164 0.97439
00093.jpg 244 153 37 71 0.97377
00093.jpg 396 209 146 160 0.97327
00093.jpg 378 177 165 195 0.97249
00093.jpg 242 151 39 74 0.97227
00093.jpg 380 180 164 187 0.97214
00093.jpg 385 183 165 183 0.97040
00093.jpg 699 136 174 319 0.96997
00093.jpg 701 135 171 321 0.96873
00093.jpg 698 138 170 311 0.96801
00093.jpg 388 214 152 149 0.96762
00093.jpg 390 208 153 155 0.96710
00093.jpg 382 182 158 184 0.96628
00093.jpg 394 209 143 156 0.96590
00093.jpg 385 208 160 158 0.96238
00093.jpg 394 221 146 145 0.96043
00093.jpg 388 177 160 186 0.95963
00093.jpg 384 179 159 192 0.95914
00093.jpg 391 199 151 160 0.95767
00093.jpg 697 143 179 310 0.95690
00093.jpg 369 166 180 199 0.95643
00093.jpg 701 141 170 308 0.95641
00093.jpg 702 140 171 307 0.95482
00093.jpg 384 191 161 174 0.95457
00093.jpg 699 140 182 316 0.95255
00093.jpg 241 153 43 68 0.95247
00093.jpg 699 135 181 330 0.95245
00093.jpg 704 142 173 308 0.95169
00093.jpg 387 183 154 185 0.95087
00093.jpg 243 151 41 75 0.95049
00093.jpg 701 140 177 313 0.95040
00093.jpg 386 205 159 160 0.94949
00093.jpg 390 198 146 169 0.94791
00093.jpg 388 187 154 188 0.94588
00093.jpg 390 198 153 164 0.94543
00093.jpg 392 216 150 145 0.94533
00093.jpg 395 182 154 198 0.94454
00093.jpg 384 199 152 167 0.94312
00093.jpg 387 193 156 180 0.94270
00093.jpg 397 209 138 151 0.94250
00093.jpg 241 152 41 71 0.94057
00093.jpg 241 155 38 65 0.93805
00093.jpg 238 152 46 72 0.93742
00093.jpg 240 147 40 72 0.93671
00093.jpg 700 146 175 304 0.93436
00093.jpg 382 195 156 171 0.93369
00093.jpg 240 155 41 69 0.93108
00093.jpg 241 152 46 71 0.93047
00093.jpg 380 167 82 99 0.92896
00093.jpg 384 173 161 190 0.92690
00093.jpg 389 178 153 186 0.92472
00093.jpg 384 207 156 163 0.92393
00093.jpg 383 181 162 188 0.92361
00093.jpg 699 134 178 313 0.92172
00093.jpg 709 137 158 315 0.92061
00093.jpg 372 176 167 186 0.91723
00093.jpg 240 153 46 66 0.91621
00093.jpg 394 195 147 167 0.91514
00093.jpg 386 178 154 191 0.91414
00093.jpg 387 198 153 173 0.90851
00093.jpg 389 160 153 214 0.90850
00093.jpg 240 150 41 70 0.90694
00093.jpg 394 195 150 179 0.90438
00093.jpg 243 158 39 60 0.90357
00093.jpg 699 141 176 315 0.90291
00093.jpg 380 182 158 191 0.90269
00093.jpg 241 155 42 68 0.90255
00093.jpg 695 141 181 311 0.90063
00093.jpg 706 132 160 314 0.89861
00093.jpg 700 150 186 299 0.89619
00093.jpg 389 176 159 198 0.89551
00093.jpg 374 163 86 99 0.89439
00093.jpg 244 152 41 72 0.89252
00093.jpg 391 208 153 161 0.88833
00093.jpg 244 152 40 72 0.88729
00093.jpg 371 174 163 191 0.88407
00093.jpg 242 148 37 76 0.88363
00093.jpg 371 166 89 100 0.88348
00093.jpg 241 153 43 69 0.88275
00093.jpg 244 149 42 75 0.87036
00093.jpg 391 202 149 166 0.86975
00093.jpg 376 163 92 100 0.86776
00093.jpg 378 168 165 199 0.86737
00093.jpg 376 161 84 101 0.86615
00093.jpg 240 150 44 74 0.86315
00093.jpg 709 140 169 308 0.86297
00093.jpg 383 167 82 98 0.85762
00093.jpg 396 210 145 148 0.85629
00093.jpg 237 152 46 71 0.85555
00093.jpg 395 195 145 169 0.85360
00093.jpg 388 207 150 158 0.85253
00093.jpg 401 202 123 167 0.85114
00093.jpg 375 180 175 190 0.84907
00093.jpg 244 150 39 68 0.84858
00093.jpg 380 172 75 94 0.84733
00093.jpg 372 166 180 206 0.84719
00093.jpg 240 154 44 68 0.84650
00093.jpg 242 155 43 67 0.84650
00093.jpg 391 197 153 167 0.84410
00093.jpg 397 184 148 184 0.84290
00093.jpg 367 164 94 96 0.83863
00093.jpg 702 132 176 331 0.83649
00093.jpg 370 168 94 95 0.83631
00093.jpg 700 135 175 327 0.83441
00093.jpg 378 180 163 189 0.83265
00093.jpg 245 155 37 65 0.83221
00093.jpg 376 168 95 91 0.83161
00093.jpg 698 130 172 336 0.83009
00093.jpg 383 213 150 156 0.82834
00093.jpg 697 131 190 318 0.82417
00093.jpg 692 130 184 312 0.81616
00093.jpg 244 153 37 62 0.81349
00093.jpg 240 152 46 71 0.81164
00093.jpg 389 202 141 159 0.81082
00093.jpg 383 166 75 99 0.80783
00093.jpg 239 151 44 75 0.80730
00093.jpg 241 149 44 73 0.80717
00093.jpg 239 152 48 68 0.80227
00093.jpg 377 164 83 99 0.79915
00093.jpg 382 166 76 98 0.79874
00093.jpg 393 197 141 165 0.79763
00093.jpg 384 186 145 188 0.79703
00093.jpg 243 151 42 72 0.79301
00093.jpg 383 168 78 99 0.79007
00093.jpg 720 144 160 312 0.78380
00093.jpg 695 138 159 312 0.78368
00093.jpg 378 169 91 93 0.78252
00093.jpg 703 144 178 315 0.78053
00093.jpg 243 150 42 71 0.77945
00093.jpg 377 155 89 107 0.77441
00093.jpg 402 209 143 160 0.77159
00093.jpg 379 164 79 99 0.76949
00093.jpg 390 204 157 159 0.76635
00093.jpg 238 153 46 70 0.75729
00093.jpg 242 157 45 64 0.75677
00093.jpg 382 168 158 198 0.75310
00093.jpg 239 157 44 62 0.74772
00093.jpg 242 157 42 70 0.74527
00093.jpg 691 137 189 313 0.74230
00093.jpg 375 168 82 93 0.73847
00093.jpg 385 189 150 169 0.73414
00093.jpg 244 155 39 63 0.72824
00093.jpg 241 154 38 66 0.72725
00093.jpg 243 149 44 78 0.72605
00093.jpg 361 163 190 195 0.71959
00093.jpg 377 173 82 88 0.71940
00093.jpg 243 156 37 62 0.71334
00093.jpg 376 165 76 100 0.71186
00093.jpg 361 182 207 191 0.71150
00093.jpg 381 166 75 96 0.70887
00093.jpg 374 170 83 86 0.70423
00093.jpg 377 167 155 202 0.69948
00093.jpg 369 166 169 164 0.69751
00093.jpg 237 151 46 73 0.69660
00093.jpg 370 166 89 97 0.69017
00093.jpg 382 168 79 90 0.68042
00093.jpg 374 169 95 97 0.67949
00093.jpg 243 153 38 66 0.66803
00093.jpg 239 155 45 69 0.66659
00093.jpg 241 156 47 66 0.66230
00093.jpg 709 144 175 311 0.66028
00093.jpg 371 156 169 208 0.66025
00093.jpg 376 163 155 191 0.65929
00093.jpg 368 171 89 94 0.65660
00093.jpg 709 142 143 305 0.65428
00093.jpg 380 165 167 197 0.65209
00093.jpg 407 210 138 153 0.64270
00093.jpg 700 123 188 333 0.63615
00093.jpg 242 152 46 69 0.63445
00093.jpg 238 150 43 72 0.63441
00093.jpg 693 136 180 336 0.62638
00093.jpg 375 174 101 93 0.62597
00093.jpg 240 150 45 79 0.62197
00093.jpg 792 154 49 87 0.62171
00093.jpg 789 150 56 99 0.62010
00093.jpg 382 163 79 100 0.61954
00093.jpg 364 168 92 92 0.61860
00093.jpg 385 167 83 99 0.61643
00093.jpg 374 165 77 96 0.61547
00093.jpg 383 167 75 89 0.61507
00093.jpg 418 221 117 140 0.61399
00093.jpg 384 167 71 107 0.61157
00093.jpg 387 217 147 145 0.60225
00093.jpg 377 162 91 99 0.60211
00093.jpg 378 181 160 193 0.60051
00093.jpg 412 223 123 131 0.60038
00093.jpg 242 152 46 69 0.59544
00093.jpg 395 207 147 157 0.59449
00093.jpg 375 162 102 96 0.59321
00093.jpg 691 135 179 324 0.58741
00093.jpg 378 162 162 202 0.58539
00093.jpg 234 150 48 73 0.58474
00093.jpg 705 137 175 321 0.58176
00093.jpg 236 151 44 73 0.58098
00093.jpg 384 169 76 95 0.57152
00093.jpg 386 171 64 93 0.56261
00093.jpg 235 157 46 72 0.56188
00093.jpg 239 151 47 78 0.56095
00093.jpg 696 146 185 300 0.55915
00093.jpg 241 155 48 68 0.55756
00093.jpg 702 144 150 299 0.55571
00093.jpg 710 139 155 303 0.55536
00093.jpg 700 150 180 297 0.55340
00093.jpg 371 164 91 110 0.54662
00093.jpg 400 205 125 158 0.54592
00093.jpg 371 169 90 88 0.54391
00093.jpg 376 171 75 99 0.54184
00093.jpg 386 170 76 90 0.54182
00093.jpg 380 169 74 93 0.54088
00093.jpg 241 151 47 72 0.53892
00093.jpg 702 142 161 303 0.53828
00093.jpg 384 171 63 94 0.53675
00093.jpg 383 178 153 178 0.53563
00093.jpg 370 161 177 191 0.53257
00093.jpg 382 162 72 99 0.53061
00093.jpg 240 146 39 74 0.52917
00093.jpg 243 154 44 71 0.52425
00093.jpg 401 213 139 154 0.52342
00093.jpg 240 147 39 75 0.52017
00093.jpg 380 173 76 94 0.51965
00093.jpg 379 164 85 97 0.51941
00093.jpg 699 134 175 322 0.51657
00093.jpg 363 162 89 104 0.51529
00093.jpg 233 155 48 71 0.51463
00093.jpg 392 209 156 154 0.51251
00093.jpg 694 140 170 312 0.51245
