00090.jpg 702 118 174 334 0.99978
00090.jpg 686 127 204 332 0.99968
00090.jpg 695 130 192 323 0.99949
00090.jpg 702 124 178 325 0.99934
00090.jpg 704 121 170 322 0.99932
00090.jpg 706 130 173 312 0.99926
00090.jpg 705 124 174 333 0.99921
00090.jpg 701 128 173 319 0.99911
00090.jpg 700 118 183 349 0.99903
00090.jpg 687 124 204 310 0.99903
00090.jpg 698 118 188 331 0.99895
00090.jpg 705 131 176 315 0.99876
00090.jpg 700 118 188 329 0.99871
00090.jpg 707 129 175 322 0.99825
00090.jpg 703 127 174 325 0.99816
00090.jpg 703 125 171 332 0.99809
00090.jpg 707 125 176 328 0.99786
00090.jpg 706 126 173 322 0.99785
00090.jpg 689 126 191 326 0.99776
00090.jpg 696 122 187 330 0.99765
00090.jpg 702 119 165 339 0.99710
00090.jpg 712 116 170 336 0.99639
00090.jpg 704 132 176 325 0.99575
00090.jpg 702 127 176 320 0.99549
00090.jpg 699 128 176 324 0.99503
00090.jpg 701 130 171 316 0.99452
00090.jpg 702 122 178 337 0.99424
00090.jpg 700 126 178 330 0.99411
00090.jpg 704 131 176 316 0.99402
00090.jpg 696 123 184 322 0.99401
00090.jpg 692 132 190 317 0.99288
00090.jpg 699 123 181 327 0.99269
00090.jpg 702 129 176 321 0.99265
00090.jpg 697 130 185 318 0.99237
00090.jpg 246 153 35 70 0.99207
00090.jpg 698 132 176 303 0.99121
00090.jpg 704 122 173 336 0.99098
00090.jpg 431 46 109 293 0.99089
00090.jpg 697 126 185 328 0.99059
00090.jpg 706 135 177 310 0.99050
00090.jpg 702 118 172 334 0.99048
00090.jpg 432 50 113 297 0.98962
00090.jpg 697 132 184 326 0.98807
00090.jpg 702 119 174 333 0.98730
00090.jpg 700 123 184 326 0.98417
00090.jpg 431 43 107 293 0.98326
00090.jpg 690 120 197 324 0.98183
00090.jpg 241 153 42 67 0.98164
00090.jpg 702 136 176 315 0.98154
00090.jpg 434 53 115 300 0.98047
00090.jpg 709 113 174 344 0.97954
00090.jpg 433 45 112 309 0.97935
00090.jpg 699 133 187 316 0.97649
00090.jpg 701 107 187 353 0.97624
00090.jpg 709 139 171 302 0.97514
00090.jpg 436 53 112 289 0.97375
00090.jpg 243 152 40 73 0.97284
00090.jpg 242 149 45 71 0.97174
00090.jpg 430 51 109 294 0.96815
00090.jpg 241 148 40 74 0.96766
00090.jpg 430 43 119 303 0.96759
00090.jpg 428 45 116 297 0.96599
00090.jpg 435 42 107 305 0.96548
00090.jpg 242 148 39 73 0.95894
00090.jpg 242 157 42 59 0.95552
00090.jpg 430 49 113 280 0.95532
00090.jpg 705 128 180 333 0.95353
00090.jpg 240 150 43 68 0.95311
00090.jpg 432 53 118 298 0.95044
00090.jpg 697 129 180 307 0.94945
00090.jpg 244 155 38 62 0.94907
00090.jpg 431 42 114 302 0.94904
00090.jpg 700 135 180 319 0.94831
00090.jpg 443 47 101 299 0.94621
00090.jpg 427 42 112 301 0.94456
00090.jpg 690 135 191 320 0.94354
00090.jpg 699 131 185 313 0.94269
00090.jpg 435 47 117 309 0.93890
00090.jpg 241 148 42 75 0.93288
00090.jpg 711 117 176 342 0.93234
00090.jpg 428 52 108 301 0.93200
00090.jpg 439 39 108 293 0.93198
00090.jpg 434 52 108 281 0.92983
00090.jpg 701 130 175 325 0.92931
00090.jpg 241 155 39 68 0.92865
00090.jpg 241 150 42 72 0.92776
00090.jpg 705 129 169 325 0.92575
00090.jpg 430 45 111 287 0.92117
00090.jpg 433 50 113 290 0.91613
00090.jpg 428 57 119 293 0.91440
00090.jpg 241 151 46 67 0.90969
00090.jpg 241 149 43 72 0.90883
00090.jpg 238 153 45 67 0.90804
00090.jpg 430 41 125 285 0.90523
00090.jpg 435 40 116 299 0.90174
00090.jpg 242 154 40 65 0.89416
00090.jpg 430 48 110 287 0.89379
00090.jpg 437 46 112 299 0.89284
00090.jpg 438 44 106 301 0.89038
00090.jpg 429 43 121 292 0.88960
00090.jpg 428 48 111 268 0.88666
00090.jpg 701 132 178 313 0.88464
00090.jpg 243 154 39 62 0.88433
00090.jpg 434 52 121 296 0.88375
00090.jpg 245 157 36 60 0.88084
00090.jpg 242 153 40 68 0.87998
00090.jpg 429 51 118 292 0.87943
00090.jpg 432 44 109 305 0.87458
00090.jpg 238 150 45 71 0.86637
00090.jpg 698 129 181 322 0.86105
00090.jpg 238 149 47 72 0.85439
00090.jpg 241 149 39 74 0.85047
00090.jpg 243 154 39 63 0.84953
00090.jpg 451 216 59 113 0.84478
00090.jpg 434 48 112 284 0.84421
00090.jpg 706 131 173 320 0.84312
00090.jpg 426 51 129 278 0.84191
00090.jpg 244 149 41 73 0.84147
00090.jpg 236 153 49 66 0.84101
00090.jpg 434 64 118 278 0.83778
00090.jpg 433 45 114 283 0.83456
00090.jpg 239 151 40 70 0.83244
00090.jpg 242 149 43 70 0.82798
00090.jpg 711 124 162 323 0.82378
00090.jpg 424 49 117 292 0.81948
00090.jpg 454 219 60 107 0.81923
00090.jpg 454 216 46 103 0.81791
00090.jpg 433 55 117 295 0.81750
00090.jpg 432 46 103 284 0.81476
00090.jpg 429 54 117 305 0.81423
00090.jpg 241 152 38 68 0.81372
00090.jpg 426 52 121 286 0.81122
00090.jpg 243 148 42 75 0.81000
00090.jpg 239 152 46 69 0.80674
00090.jpg 242 147 38 68 0.80616
00090.jpg 239 151 45 70 0.80612
00090.jpg 429 47 118 297 0.80594
00090.jpg 242 152 42 67 0.80052
00090.jpg 240 151 45 69 0.79882
00090.jpg 426 47 106 287 0.79353
00090.jpg 238 149 43 72 0.78388
00090.jpg 240 148 46 70 0.77940
00090.jpg 246 150 40 68 0.77827
00090.jpg 446 212 68 120 0.77816
00090.jpg 425 41 121 309 0.77711
00090.jpg 425 50 115 304 0.76290
00090.jpg 437 50 114 298 0.76280
00090.jpg 432 48 117 287 0.75688
00090.jpg 239 157 49 64 0.74944
00090.jpg 243 157 38 61 0.74931
00090.jpg 694 129 186 319 0.74295
00090.jpg 236 149 43 70 0.73999
00090.jpg 703 132 169 326 0.72674
00090.jpg 430 64 111 282 0.72083
00090.jpg 431 54 97 276 0.71211
00090.jpg 439 49 108 300 0.70953
00090.jpg 453 215 46 108 0.69324
00090.jpg 243 153 43 70 0.69305
00090.jpg 239 149 42 72 0.69286
00090.jpg 238 151 47 72 0.67897
00090.jpg 243 154 41 64 0.67692
00090.jpg 243 151 43 72 0.66039
00090.jpg 445 63 100 291 0.65739
00090.jpg 237 149 47 70 0.65346
00090.jpg 430 74 115 266 0.65079
00090.jpg 709 128 173 319 0.64724
00090.jpg 704 131 183 321 0.64611
00090.jpg 244 153 36 64 0.64407
00090.jpg 431 48 100 270 0.64371
00090.jpg 432 54 109 273 0.64164
00090.jpg 448 226 76 89 0.63682
00090.jpg 441 231 92 89 0.63518
00090.jpg 235 154 45 70 0.63065
00090.jpg 430 46 128 283 0.62252
00090.jpg 444 240 83 77 0.62176
00090.jpg 431 50 123 299 0.62100
00090.jpg 429 47 104 283 0.61948
00090.jpg 425 60 132 297 0.61695
00090.jpg 437 42 112 281 0.61490
00090.jpg 430 55 128 282 0.61047
00090.jpg 446 217 73 107 0.60470
00090.jpg 711 125 184 316 0.60314
00090.jpg 429 66 120 261 0.58904
00090.jpg 448 217 62 98 0.58297
00090.jpg 426 52 138 304 0.57508
00090.jpg 237 151 40 69 0.57093
00090.jpg 428 44 98 285 0.56907
00090.jpg 443 217 85 109 0.56664
00090.jpg 438 52 99 287 0.56531
00090.jpg 237 147 47 71 0.56413
00090.jpg 432 49 99 261 0.56204
00090.jpg 436 47 112 287 0.56078
00090.jpg 452 212 56 123 0.55809
00090.jpg 235 147 56 72 0.55688
00090.jpg 246 146 39 72 0.55181
00090.jpg 430 48 120 313 0.55131
00090.jpg 451 218 44 95 0.55077
00090.jpg 719 124 156 335 0.55059
00090.jpg 701 134 173 301 0.54499
00090.jpg 241 156 47 63 0.54332
00090.jpg 240 150 47 73 0.53709
00090.jpg 244 157 40 59 0.53058
00090.jpg 448 43 112 290 0.52674
00090.jpg 447 217 48 110 0.52594
00090.jpg 452 215 66 124 0.52374
00090.jpg 451 215 70 111 0.51690
00090.jpg 427 57 117 301 0.50776
00090.jpg 446 232 67 85 0.50694
00090.jpg 429 52 108 258 0.50458
00090.jpg 451 214 52 121 0.50105
00090.jpg 439 42 111 284 0.49932
