1,1,419.2367,41.2214,152.9752,498.7786,1,1,1,1,
2,1,419.2367,41.2214,152.9752,498.7786,1,1,1,1,
3,1,419.7383,45.1531,149.0597,494.8469,1,1,1,1,
4,1,424.123,48.389,138.0251,491.611,1,1,1,1,
5,1,421.3077,54.2138,135.8894,485.7862,1,1,1,1,
6,1,423.0487,60.8177,133.1841,406.5292,1,1,1,1,
7,1,430.637,57.4174,122.8614,482.5826,1,1,1,1,
8,1,428.9866,55.7832,123.5734,484.2168,1,1,1,1,
9,1,420.1201,49.2951,126.421,489.1677,1,1,1,1,
10,1,417.7255,45.5414,129.2686,486.32,1,1,1,1,
11,1,413.1143,42.3216,138.1675,497.6784,1,1,1,1,
12,1,412.7745,42.0142,138.5235,497.9858,1,1,1,1,
13,1,409.2473,43.0983,144.9307,496.9017,1,1,1,1,
14,1,418.9875,48.3081,137.0996,491.6919,1,1,1,1,
15,1,427.9511,53.4857,132.1163,486.5143,1,1,1,1,
16,1,426.4141,55.1036,137.4556,484.8964,1,1,1,1,
17,1,426.4626,57.4821,136.3877,482.5179,1,1,1,1,
18,1,432.4977,57.7571,131.7603,482.2429,1,1,1,1,
19,1,418.9778,53.4371,144.4323,483.4724,1,1,1,1,
20,1,425.9028,49.0848,141.5847,490.9152,1,1,1,1,
21,1,419.5765,40.2183,152.6193,499.7817,1,1,1,1,
22,1,416.7774,40.2183,157.2467,499.7817,1,1,1,1,
23,1,417.9722,41.1548,153.3312,498.8452,1,1,1,1,
24,1,416.3704,44.4554,152.9752,495.5446,1,1,1,1,
25,1,416.2572,48.3386,148.3478,491.6614,1,1,1,1,
26,1,416.3866,56.8032,138.3811,410.4447,1,1,1,1,
27,1,411.3968,56.8032,134.252,410.4447,1,1,1,1,
28,1,405.0219,53.4514,139.2354,486.5486,1,1,1,1,
29,1,408.4035,49.7786,136.0318,490.2214,1,1,1,1,
30,1,398.8898,45.6689,145.9985,491.6594,1,1,1,1,
31,1,399.181,40.184,146.7104,499.816,1,1,1,1,
32,1,390.897,37.1098,150.9819,501.9821,1,1,1,1,
33,1,388.0655,36.4465,156.3212,503.5535,1,1,1,1,
34,1,391.2853,36.8348,149.5581,503.1652,1,1,1,1,
35,1,406.2516,41.6402,140.6592,498.3598,1,1,1,1,
36,1,406.8988,49.0829,140.6592,490.9171,1,1,1,1,
37,1,407.5136,55.1179,141.3711,447.5209,1,1,1,1,
38,1,406.1383,53.2572,143.1509,486.7428,1,1,1,1,
39,1,418.7262,53.2572,129.6246,486.7428,1,1,1,1,
40,1,410.5781,48.7431,145.1442,491.2569,1,1,1,1,
41,1,407.2774,39.9898,146.5681,500.0102,1,1,1,1,
1,2,152.485,39.4442,165.3411,481.778,1,1,1,1,
2,2,147.534,47.437,167.4769,491.0329,1,1,1,1,
3,2,141.9843,48.424,175.6638,483.5578,1,1,1,1,
4,2,144.2009,52.0644,169.6126,481.778,1,1,1,1,
5,2,145.107,51.935,163.9173,484.6257,1,1,1,1,
6,2,145.1879,47.5826,169.2566,487.8293,1,1,1,1,
7,2,146.369,42.2702,164.6292,490.798,1,1,1,1,
8,2,143.9906,34.1803,167.1209,490.798,1,1,1,1,
9,2,144.4274,31.721,164.6292,508.279,1,1,1,1,
10,2,143.9097,31.7695,161.7816,508.2305,1,1,1,1,
11,2,143.5214,39.5034,163.2054,500.4966,1,1,1,1,
12,2,144.2495,44.681,168.5447,495.319,1,1,1,1,
13,2,145.1555,52.9326,169.9685,487.0674,1,1,1,1,
14,2,150.2198,55.7803,165.3411,484.2197,1,1,1,1,
15,2,155.1061,58.2072,164.6292,481.7928,1,1,1,1,
16,2,153.7632,55.9906,165.6971,480.8312,1,1,1,1,
17,2,154.6854,49.1951,166.7649,480.8312,1,1,1,1,
18,2,155.4782,42.9714,163.5613,489.6091,1,1,1,1,
19,2,155.996,35.4963,166.409,504.5037,1,1,1,1,
20,2,157.6301,33.0856,166.053,506.9144,1,1,1,1,
21,2,158.9083,33.0856,166.409,506.9144,1,1,1,1,
22,2,155.9474,37.6644,167.4769,502.3356,1,1,1,1,
23,2,153.8926,42.8905,169.9685,497.1095,1,1,1,1,
24,2,150.2198,49.0388,165.3411,490.9612,1,1,1,1,
25,2,147.0809,53.0029,170.3245,486.9971,1,1,1,1,
26,2,145.7218,53.0029,171.7483,486.9971,1,1,1,1,
27,2,143.5052,50.6568,170.6804,489.3432,1,1,1,1,
28,2,142.0167,44.5408,174.9519,490.6769,1,1,1,1,
29,2,139.8486,39.5681,172.8162,500.4087,1,1,1,1,
30,2,141.9034,30.1677,170.3245,509.8323,1,1,1,1,
31,2,142.1946,28.8733,171.0364,511.1267,1,1,1,1,
32,2,144.4598,30.0868,171.0364,509.9132,1,1,1,1,
33,2,143.8288,36.947,170.6804,503.053,1,1,1,1,
34,2,149.1519,42.8688,167.4769,497.1312,1,1,1,1,
35,2,148.8931,47.0108,173.1721,492.9892,1,1,1,1,
36,2,151.4333,49.9879,174.24,490.0121,1,1,1,1,
37,2,153.0674,51.2823,173.884,488.7177,1,1,1,1,
38,2,156.1254,49.5996,170.6804,490.4004,1,1,1,1,
39,2,157.5816,43.2086,167.1209,491.5099,1,1,1,1,
40,2,160.0247,34.0563,163.2054,505.9437,1,1,1,1,
41,2,159.3128,29.5745,164.6292,506.6949,1,1,1,1,
1,3,621.8489,60.2495,178.8318,479.7505,1,1,1,1,
2,3,623.9847,60.2495,181.6795,479.7505,1,1,1,1,
3,3,625.2143,51.027,183.1033,488.973,1,1,1,1,
4,3,626.6381,50.8005,180.2556,489.1995,1,1,1,1,
5,3,626.6381,50.8005,180.2556,489.1995,1,1,1,1,
6,3,628.2723,57.2724,179.8997,482.7276,1,1,1,1,
7,3,631.7348,66.3233,167.7972,427.7868,1,1,1,1,
8,3,621.9233,70.1385,177.1944,422.1627,1,1,1,1,
9,3,621.2826,74.5589,177.052,417.4641,1,1,1,1,
10,3,621.6159,73.3454,169.7194,444.1607,1,1,1,1,
11,3,630.4986,67.8928,159.3967,457.3311,1,1,1,1,
12,3,639.0416,63.9449,142.3108,476.0551,1,1,1,1,
13,3,643.2968,58.0878,141.243,481.9122,1,1,1,1,
14,3,642.4717,61.094,145.1585,400.4494,1,1,1,1,
15,3,645.4876,60.9484,142.8804,403.653,1,1,1,1,
16,3,646.7108,64.508,151.5657,403.653,1,1,1,1,
17,3,638.6694,71.2873,164.736,404.009,1,1,1,1,
18,3,637.4236,77.1282,170.7872,410.7721,1,1,1,1,
19,3,632.3431,77.4324,182.8897,432.5566,1,1,1,1,
20,3,633.3139,78.4032,182.8897,432.5566,1,1,1,1,
21,3,631.2914,75.6202,184.6695,464.3798,1,1,1,1,
22,3,633.3301,67.2391,182.5338,472.7609,1,1,1,1,
23,3,634.9642,62.0616,182.1778,477.9384,1,1,1,1,
24,3,637.1647,52.4346,176.4825,487.5654,1,1,1,1,
25,3,640.6984,50.6063,184.1711,489.3937,1,1,1,1,
26,3,641.7824,49.2149,181.6795,490.7851,1,1,1,1,
27,3,640.9734,51.48,192.3581,488.52,1,1,1,1,
28,3,635.4561,56.0104,192.7141,483.9896,1,1,1,1,
29,3,630.8125,67.2909,180.9676,427.858,1,1,1,1,
30,3,627.7384,69.9767,177.408,418.6031,1,1,1,1,
31,3,631.2429,70.8666,171.4991,420.3829,1,1,1,1,
32,3,638.2487,70.721,166.8717,416.4674,1,1,1,1,
33,3,639.8408,57.8872,160.3222,482.1128,1,1,1,1,
34,3,649.8496,51.6321,146.5823,488.3679,1,1,1,1,
35,3,656.4186,48.9139,144.4466,491.0861,1,1,1,1,
36,3,647.3515,46.9723,163.0986,493.0277,1,1,1,1,
37,3,649.3254,47.9431,162.3867,492.0569,1,1,1,1,
38,3,651.2087,55.8162,173.6349,459.6092,1,1,1,1,
39,3,647.0505,62.2396,179.6861,446.4388,1,1,1,1,
40,3,638.6532,62.822,193.5684,447.8627,1,1,1,1,
41,3,635.935,62.5632,203.5351,453.5579,1,1,1,1,
1,4,343.5011,138.0405,77.2565,352.424,1,1,1,1,
2,4,341.1389,140.9529,79.3922,352.424,1,1,1,1,
3,4,341.3738,139.4482,81.3428,342.8132,1,1,1,1,
4,4,341.6812,136.3902,81.6988,338.8977,1,1,1,1,
5,4,342.2152,130.9622,84.1905,344.4079,1,1,1,1,
6,4,343.6875,127.0467,80.275,359.358,1,1,1,1,
7,4,342.5711,126.2862,83.4786,361.8497,1,1,1,1,
8,4,342.5711,126.4157,83.4786,359.002,1,1,1,1,
9,4,342.199,129.9591,84.5464,359.358,1,1,1,1,
10,4,343.0889,135.622,79.2071,355.7984,1,1,1,1,
11,4,342.377,139.2948,80.6309,353.3068,1,1,1,1,
12,4,342.377,139.942,80.6309,353.3068,1,1,1,1,
13,4,342.377,140.3788,80.6309,343.696,1,1,1,1,
14,4,342.1181,135.8485,79.2071,350.8151,1,1,1,1,
15,4,341.843,132.7336,78.1393,348.1525,1,1,1,1,
16,4,341.8236,127.5884,77.1426,354.5597,1,1,1,1,
17,4,341.8236,127.5884,77.1426,354.5597,1,1,1,1,
18,4,339.1054,127.2163,79.9902,362.7467,1,1,1,1,
19,4,339.3319,130.792,75.0068,355.2716,1,1,1,1,
20,4,338.7009,136.1313,74.6509,358.8312,1,1,1,1,
21,4,337.0668,140.9367,75.0068,352.7799,1,1,1,1,
22,4,333.2677,142.3282,81.6988,343.5251,1,1,1,1,
23,4,332.9765,143.299,80.9869,343.5251,1,1,1,1,
24,4,329.9509,139.7394,83.4786,343.5251,1,1,1,1,
25,4,330.9217,136.2931,83.4786,341.0334,1,1,1,1,
26,4,331.2453,128.5514,83.4786,354.7306,1,1,1,1,
27,4,328.8668,128.3087,85.9703,360.0699,1,1,1,1,
28,4,327.8152,126.3671,87.75,367.189,1,1,1,1,
29,4,327.1194,127.1438,88.8179,364.3414,1,1,1,1,
30,4,329.514,131.0431,85.9703,363.9854,1,1,1,1,
31,4,329.3037,134.9424,83.4786,349.3912,1,1,1,1,
32,4,327.7343,136.4957,82.4107,350.8151,1,1,1,1,
33,4,327.7343,136.4957,82.4107,350.8151,1,1,1,1,
34,4,327.3136,136.1721,77.4273,350.8151,1,1,1,1,
35,4,329.9638,132.6125,74.6509,350.8151,1,1,1,1,
36,4,329.705,127.1515,73.2271,357.0514,1,1,1,1,
37,4,329.802,124.0936,71.0913,360.255,1,1,1,1,
38,4,326.922,122.4918,70.3794,367.0181,1,1,1,1,
39,4,326.922,122.5888,70.3794,364.8824,1,1,1,1,
40,4,322.78,128.2194,76.0747,362.0348,1,1,1,1,
41,4,317.7999,134.4972,80.275,359.1871,1,1,1,1,
1,5,542.2185,145.0056,82.5816,330.6111,1,1,1,1,
2,5,542.2185,141.2567,82.5816,341.8948,1,1,1,1,
3,5,542.2347,141.2567,82.2256,341.8948,1,1,1,1,
4,5,544.063,139.0401,77.5982,340.827,1,1,1,1,
5,5,544.1439,139.2504,75.8184,343.3187,1,1,1,1,
6,5,543.0599,142.0172,71.191,346.5222,1,1,1,1,
7,5,542.8981,150.5925,67.6315,342.9627,1,1,1,1,
8,5,543.1246,150.7866,62.6481,338.6912,1,1,1,1,
9,5,552.8762,154.4255,52.4322,272.8751,1,1,1,1,
10,5,552.8923,152.869,52.0762,307.118,1,1,1,1,
11,5,550.6272,147.9989,52.0762,321.7122,1,1,1,1,
12,5,550.9508,142.1741,52.0762,335.9504,1,1,1,1,
13,5,550.9508,137.6276,52.0762,343.4254,1,1,1,1,
14,5,550.9508,137.6276,52.0762,343.4254,1,1,1,1,
15,5,550.9508,137.6276,52.0762,343.4254,1,1,1,1,
16,5,551.0478,137.7894,64.1787,346.985,1,1,1,1,
17,5,553.0865,136.851,62.043,353.3922,1,1,1,1,
18,5,552.5283,149.1962,63.6448,352.3243,1,1,1,1,
19,5,552.5768,149.1962,62.5769,352.3243,1,1,1,1,
20,5,522.6087,149.3741,93.9721,348.4088,1,1,1,1,
21,5,513.8764,149.5359,96.0011,344.8493,1,1,1,1,
22,5,513.5043,142.7404,89.9498,344.8493,1,1,1,1,
23,5,518.6495,139.8281,76.4236,344.8493,1,1,1,1,
24,5,518.245,138.5337,78.2033,344.8493,1,1,1,1,
25,5,517.1771,135.2007,87.4582,346.985,1,1,1,1,
26,5,517.1771,135.2007,87.4582,346.985,1,1,1,1,
27,5,537.9584,140.8183,60.2632,287.4693,1,1,1,1,
28,5,535.4991,144.8632,50.2964,283.9098,1,1,1,1,
29,5,535.3049,145.1868,47.4488,283.9098,1,1,1,1,
30,5,536.0492,147.1284,45.3131,283.9098,1,1,1,1,
31,5,536.1786,147.1284,42.4654,283.9098,1,1,1,1,
32,5,530.5723,145.0703,48.3387,329.1872,1,1,1,1,
33,5,530.8959,140.54,48.3387,329.1872,1,1,1,1,
34,5,534.1011,137.0613,42.6078,348.7648,1,1,1,1,
35,5,534.1157,142.5624,41.5756,348.7648,1,1,1,1,
36,5,534.4393,143.8568,41.5756,348.7648,1,1,1,1,
37,5,537.6753,146.122,41.5756,348.7648,1,1,1,1,
38,5,528.4366,151.526,59.7293,350.9005,1,1,1,1,
39,5,528.4366,151.526,59.7293,350.9005,1,1,1,1,
40,5,520.6218,151.7526,67.9162,345.9171,1,1,1,1,
41,5,502.9179,149.4874,85.7852,345.9171,1,1,1,1,
