00013.jpg 104 261 153 198 0.99970
00013.jpg 105 264 159 197 0.99943
00013.jpg 356 235 97 227 0.99903
00013.jpg 107 264 146 189 0.99881
00013.jpg 515 244 81 158 0.99872
00013.jpg 104 264 157 201 0.99800
00013.jpg 290 232 97 192 0.99767
00013.jpg 100 259 161 197 0.99765
00013.jpg 555 250 133 225 0.99760
00013.jpg 108 264 160 189 0.99731
00013.jpg 112 261 146 196 0.99705
00013.jpg 557 249 143 211 0.99668
00013.jpg 290 230 93 189 0.99668
00013.jpg 347 240 115 219 0.99662
00013.jpg 101 256 160 197 0.99644
00013.jpg 352 244 106 211 0.99625
00013.jpg 104 258 161 201 0.99594
00013.jpg 120 263 144 192 0.99569
00013.jpg 104 265 155 194 0.99556
00013.jpg 518 249 75 151 0.99535
00013.jpg 350 241 108 211 0.99525
00013.jpg 522 242 77 164 0.99520
00013.jpg 559 234 136 234 0.99484
00013.jpg 521 249 73 153 0.99474
00013.jpg 101 261 159 192 0.99452
00013.jpg 106 261 154 196 0.99435
00013.jpg 102 263 163 193 0.99431
00013.jpg 511 247 85 161 0.99426
00013.jpg 103 266 155 192 0.99405
00013.jpg 352 233 101 230 0.99343
00013.jpg 515 247 81 160 0.99311
00013.jpg 350 236 102 220 0.99269
00013.jpg 518 248 74 155 0.99254
00013.jpg 228 242 100 209 0.99248
00013.jpg 563 247 125 220 0.99240
00013.jpg 353 240 104 212 0.99215
00013.jpg 348 238 105 221 0.99206
00013.jpg 522 245 68 158 0.99200
00013.jpg 292 232 93 196 0.99186
00013.jpg 563 247 126 214 0.99165
00013.jpg 571 243 119 224 0.99132
00013.jpg 350 236 101 228 0.99128
00013.jpg 105 264 160 193 0.99116
00013.jpg 104 261 157 197 0.99084
00013.jpg 290 224 94 210 0.99079
00013.jpg 104 266 147 184 0.99019
00013.jpg 219 244 114 192 0.99018
00013.jpg 100 258 169 206 0.99002
00013.jpg 354 224 95 231 0.98999
00013.jpg 520 246 71 163 0.98958
00013.jpg 106 260 156 199 0.98951
00013.jpg 351 236 103 223 0.98951
00013.jpg 228 241 95 197 0.98948
00013.jpg 294 231 95 208 0.98932
00013.jpg 230 241 98 196 0.98868
00013.jpg 294 225 86 207 0.98846
00013.jpg 564 247 124 218 0.98846
00013.jpg 645 227 79 179 0.98844
00013.jpg 110 259 149 200 0.98814
00013.jpg 105 266 145 188 0.98814
00013.jpg 518 247 78 156 0.98795
00013.jpg 101 265 158 187 0.98794
00013.jpg 106 270 154 181 0.98740
00013.jpg 106 260 157 192 0.98737
00013.jpg 232 239 94 204 0.98608
00013.jpg 348 241 106 222 0.98581
00013.jpg 111 259 145 204 0.98567
00013.jpg 351 233 107 227 0.98534
00013.jpg 294 233 82 203 0.98523
00013.jpg 220 243 110 200 0.98483
00013.jpg 564 244 132 227 0.98444
00013.jpg 521 243 69 163 0.98405
00013.jpg 107 266 145 182 0.98391
00013.jpg 350 233 103 227 0.98327
00013.jpg 228 243 98 197 0.98316
00013.jpg 351 240 98 221 0.98311
00013.jpg 354 242 102 216 0.98293
00013.jpg 583 242 121 216 0.98237
00013.jpg 559 252 135 211 0.98233
00013.jpg 360 234 93 226 0.98219
00013.jpg 348 236 99 228 0.98205
00013.jpg 557 242 135 226 0.98194
00013.jpg 348 226 108 239 0.98148
00013.jpg 516 242 77 159 0.98131
00013.jpg 102 262 166 193 0.98122
00013.jpg 106 266 154 193 0.98120
00013.jpg 112 269 151 177 0.98112
00013.jpg 519 245 70 162 0.98112
00013.jpg 231 237 98 199 0.98085
00013.jpg 357 241 99 220 0.98030
00013.jpg 292 219 98 221 0.98030
00013.jpg 562 241 128 227 0.97961
00013.jpg 643 224 82 183 0.97942
00013.jpg 561 239 117 229 0.97931
00013.jpg 293 223 94 211 0.97909
00013.jpg 103 262 158 195 0.97909
00013.jpg 645 229 79 179 0.97882
00013.jpg 299 229 86 200 0.97867
00013.jpg 355 245 99 213 0.97833
00013.jpg 521 247 73 153 0.97832
00013.jpg 349 242 101 211 0.97801
00013.jpg 225 244 103 190 0.97743
00013.jpg 564 249 133 217 0.97735
00013.jpg 562 245 126 219 0.97729
00013.jpg 561 237 138 232 0.97686
00013.jpg 352 233 100 231 0.97677
00013.jpg 520 247 80 158 0.97650
00013.jpg 347 243 109 212 0.97627
00013.jpg 295 225 93 206 0.97614
00013.jpg 234 240 87 195 0.97595
00013.jpg 355 241 103 214 0.97561
00013.jpg 520 245 76 160 0.97486
00013.jpg 290 231 95 195 0.97426
00013.jpg 512 246 85 158 0.97407
00013.jpg 351 239 105 218 0.97360
00013.jpg 356 240 98 215 0.97354
00013.jpg 227 245 103 202 0.97350
00013.jpg 106 262 151 192 0.97334
00013.jpg 290 231 92 203 0.97299
00013.jpg 294 225 88 204 0.97281
00013.jpg 558 243 146 223 0.97277
00013.jpg 517 243 77 163 0.97176
00013.jpg 516 246 80 162 0.97162
00013.jpg 98 268 162 189 0.97150
00013.jpg 568 241 116 230 0.97045
00013.jpg 647 232 76 169 0.97035
00013.jpg 349 234 105 225 0.96966
00013.jpg 292 234 91 193 0.96959
00013.jpg 348 238 107 222 0.96945
00013.jpg 222 247 102 191 0.96888
00013.jpg 648 229 73 177 0.96869
00013.jpg 351 241 103 219 0.96858
00013.jpg 227 230 99 211 0.96856
00013.jpg 110 263 151 191 0.96843
00013.jpg 521 249 71 153 0.96739
00013.jpg 102 263 166 194 0.96716
00013.jpg 516 244 81 165 0.96656
00013.jpg 292 226 92 205 0.96640
00013.jpg 355 237 98 224 0.96614
00013.jpg 521 248 69 157 0.96597
00013.jpg 232 243 88 197 0.96553
00013.jpg 349 238 108 226 0.96519
00013.jpg 641 233 79 181 0.96463
00013.jpg 514 250 83 155 0.96402
00013.jpg 522 244 69 159 0.96387
00013.jpg 291 224 93 198 0.96382
00013.jpg 647 229 78 173 0.96336
00013.jpg 560 246 134 219 0.96332
00013.jpg 647 233 74 170 0.96318
00013.jpg 346 235 107 224 0.96278
00013.jpg 350 240 108 215 0.96209
00013.jpg 522 250 72 152 0.96191
00013.jpg 567 243 112 221 0.96188
00013.jpg 287 231 95 195 0.96143
00013.jpg 108 259 147 191 0.96134
00013.jpg 647 234 75 180 0.96121
00013.jpg 520 243 73 166 0.96075
00013.jpg 222 247 115 203 0.96072
00013.jpg 294 226 92 208 0.95976
00013.jpg 108 258 152 201 0.95947
00013.jpg 223 246 103 205 0.95870
00013.jpg 553 242 149 231 0.95837
00013.jpg 224 243 102 195 0.95757
00013.jpg 226 239 104 201 0.95747
00013.jpg 519 243 73 166 0.95742
00013.jpg 349 240 107 218 0.95736
00013.jpg 106 262 162 184 0.95652
00013.jpg 639 231 80 182 0.95633
00013.jpg 637 231 88 187 0.95490
00013.jpg 222 240 111 198 0.95484
00013.jpg 231 233 98 207 0.95426
00013.jpg 101 258 162 198 0.95327
00013.jpg 644 231 77 182 0.95083
00013.jpg 649 227 75 173 0.95027
00013.jpg 104 259 163 196 0.94931
00013.jpg 353 236 105 220 0.94899
00013.jpg 114 261 149 195 0.94828
00013.jpg 328 225 98 232 0.94725
00013.jpg 287 222 89 213 0.94706
00013.jpg 647 233 74 171 0.94656
00013.jpg 226 247 102 197 0.94586
00013.jpg 299 222 85 226 0.94570
00013.jpg 294 226 82 198 0.94514
00013.jpg 564 237 132 233 0.94331
00013.jpg 295 233 93 188 0.94322
00013.jpg 295 227 93 209 0.94227
00013.jpg 227 235 96 211 0.94223
00013.jpg 644 228 78 196 0.94215
00013.jpg 114 263 142 196 0.94099
00013.jpg 228 245 93 194 0.94029
00013.jpg 350 234 103 225 0.94023
00013.jpg 515 247 81 151 0.93969
00013.jpg 567 241 118 224 0.93962
00013.jpg 521 248 72 155 0.93887
00013.jpg 563 250 127 212 0.93881
00013.jpg 565 241 123 230 0.93782
00013.jpg 231 246 99 194 0.93752
00013.jpg 569 245 116 225 0.93689
00013.jpg 524 247 72 152 0.93622
00013.jpg 295 219 85 221 0.93579
00013.jpg 293 233 91 192 0.93559
00013.jpg 645 234 78 175 0.93511
00013.jpg 648 229 74 174 0.93510
00013.jpg 230 243 99 199 0.93409
00013.jpg 567 243 120 219 0.93383
00013.jpg 559 251 138 209 0.93357
00013.jpg 650 229 73 181 0.93280
00013.jpg 232 243 95 192 0.92958
00013.jpg 232 238 94 197 0.92956
00013.jpg 520 249 68 155 0.92825
00013.jpg 564 251 119 208 0.92821
00013.jpg 225 240 106 206 0.92821
00013.jpg 292 231 94 193 0.92692
00013.jpg 101 260 164 192 0.92687
00013.jpg 221 246 106 185 0.92661
00013.jpg 349 242 107 217 0.92517
00013.jpg 646 231 75 186 0.92505
00013.jpg 229 245 95 186 0.92487
00013.jpg 104 260 164 192 0.92361
00013.jpg 294 222 94 214 0.92354
00013.jpg 645 231 80 176 0.92334
00013.jpg 518 245 82 160 0.92273
00013.jpg 104 261 156 199 0.92227
00013.jpg 512 237 86 164 0.92111
00013.jpg 291 227 98 192 0.91963
00013.jpg 351 240 108 212 0.91881
00013.jpg 296 221 91 213 0.91877
00013.jpg 550 237 163 221 0.91820
00013.jpg 567 247 132 219 0.91785
00013.jpg 520 249 74 155 0.91753
00013.jpg 560 236 139 234 0.91719
00013.jpg 570 243 119 226 0.91697
00013.jpg 559 245 125 221 0.91532
00013.jpg 230 242 99 197 0.91412
00013.jpg 511 244 80 153 0.91303
00013.jpg 571 251 107 209 0.91211
00013.jpg 561 252 129 197 0.91146
00013.jpg 646 228 78 188 0.91070
00013.jpg 221 228 120 212 0.91032
00013.jpg 112 263 153 186 0.91031
00013.jpg 643 226 85 191 0.90983
00013.jpg 291 244 94 193 0.90979
00013.jpg 572 244 116 224 0.90792
00013.jpg 517 244 77 152 0.90636
00013.jpg 514 245 77 156 0.90636
00013.jpg 567 248 112 220 0.90596
00013.jpg 349 232 105 232 0.90566
00013.jpg 225 242 94 201 0.90460
00013.jpg 647 232 75 171 0.90421
00013.jpg 563 240 128 228 0.90272
00013.jpg 310 235 106 211 0.90059
00013.jpg 646 228 76 202 0.90037
00013.jpg 224 236 112 199 0.90011
00013.jpg 560 252 135 212 0.89915
00013.jpg 354 242 101 212 0.89701
00013.jpg 648 234 77 167 0.89694
00013.jpg 286 223 97 216 0.89694
00013.jpg 651 230 70 174 0.89655
00013.jpg 220 241 111 198 0.89605
00013.jpg 639 230 73 185 0.89360
00013.jpg 647 232 77 173 0.89269
00013.jpg 512 243 86 162 0.89262
00013.jpg 251 231 94 209 0.89257
00013.jpg 291 223 96 207 0.89252
00013.jpg 285 224 104 205 0.89245
00013.jpg 296 225 82 203 0.89238
00013.jpg 288 228 97 197 0.89223
00013.jpg 227 239 106 203 0.89136
00013.jpg 361 241 96 216 0.89066
00013.jpg 645 233 81 179 0.88917
00013.jpg 644 225 75 189 0.88858
00013.jpg 354 233 105 230 0.88783
00013.jpg 647 232 77 177 0.88691
00013.jpg 512 243 79 160 0.88555
00013.jpg 292 229 94 201 0.87893
00013.jpg 298 219 84 221 0.87768
00013.jpg 519 242 76 164 0.87631
00013.jpg 558 241 146 226 0.87493
00013.jpg 560 239 124 227 0.87255
00013.jpg 643 234 85 173 0.87201
00013.jpg 647 224 79 189 0.86930
00013.jpg 104 267 158 182 0.86926
00013.jpg 227 234 104 207 0.86889
00013.jpg 292 220 99 205 0.86871
00013.jpg 567 245 117 216 0.86870
00013.jpg 562 244 119 216 0.86841
00013.jpg 295 226 86 200 0.86691
00013.jpg 641 230 80 203 0.86687
00013.jpg 644 222 80 194 0.86569
00013.jpg 652 236 67 177 0.86489
00013.jpg 112 260 160 198 0.86414
00013.jpg 553 244 147 227 0.86317
00013.jpg 292 228 87 192 0.86282
00013.jpg 229 240 96 196 0.86133
00013.jpg 516 245 80 163 0.85953
00013.jpg 515 240 77 171 0.85678
00013.jpg 526 248 62 159 0.85506
00013.jpg 229 240 99 206 0.85502
00013.jpg 516 244 82 164 0.85408
00013.jpg 649 226 74 174 0.85405
00013.jpg 236 248 83 185 0.85188
00013.jpg 218 251 115 186 0.84917
00013.jpg 561 228 145 235 0.84856
00013.jpg 644 228 77 173 0.84644
00013.jpg 228 234 101 202 0.84601
00013.jpg 219 241 111 207 0.84550
00013.jpg 644 227 71 198 0.84518
00013.jpg 646 229 76 177 0.84509
00013.jpg 350 240 100 218 0.84441
00013.jpg 103 259 170 196 0.84236
00013.jpg 224 241 105 202 0.84174
00013.jpg 355 244 99 211 0.83997
00013.jpg 520 250 74 153 0.83899
00013.jpg 647 226 75 181 0.83878
00013.jpg 103 259 154 195 0.83399
00013.jpg 514 246 83 154 0.83060
00013.jpg 515 244 79 161 0.82823
00013.jpg 291 228 88 195 0.82650
00013.jpg 649 225 71 198 0.82613
00013.jpg 562 242 143 224 0.82369
00013.jpg 356 240 100 217 0.82031
00013.jpg 582 229 136 217 0.82006
00013.jpg 630 226 85 213 0.81893
00013.jpg 231 233 101 208 0.81584
00013.jpg 229 245 94 185 0.81062
00013.jpg 648 233 75 171 0.80503
00013.jpg 288 225 98 211 0.80477
00013.jpg 573 244 125 218 0.80448
00013.jpg 116 261 157 202 0.80278
00013.jpg 220 240 98 196 0.79495
00013.jpg 520 248 79 161 0.79038
00013.jpg 347 241 103 219 0.78988
00013.jpg 523 241 69 170 0.78965
00013.jpg 526 247 67 159 0.78718
00013.jpg 649 229 75 168 0.78395
00013.jpg 224 240 105 203 0.78363
00013.jpg 511 242 75 160 0.77724
00013.jpg 646 231 79 161 0.77460
00013.jpg 553 239 145 232 0.77260
00013.jpg 107 265 148 196 0.77253
00013.jpg 104 266 152 186 0.77195
00013.jpg 565 246 117 224 0.76877
00013.jpg 293 231 86 189 0.76778
00013.jpg 526 247 68 155 0.76421
00013.jpg 346 234 105 212 0.76276
00013.jpg 565 239 137 231 0.76229
00013.jpg 512 249 87 147 0.76034
00013.jpg 295 219 91 216 0.75975
00013.jpg 565 244 141 214 0.75905
00013.jpg 223 246 104 194 0.75708
00013.jpg 640 213 77 210 0.75099
00013.jpg 354 239 105 215 0.75026
00013.jpg 644 215 77 228 0.74391
00013.jpg 523 245 72 154 0.73992
00013.jpg 514 247 76 156 0.73906
00013.jpg 636 227 91 202 0.73547
00013.jpg 523 249 76 156 0.73191
00013.jpg 232 242 90 180 0.73098
00013.jpg 568 244 119 219 0.72802
00013.jpg 518 252 72 144 0.72664
00013.jpg 568 254 104 204 0.72296
00013.jpg 347 222 94 240 0.72274
00013.jpg 511 243 77 158 0.71753
00013.jpg 647 233 73 162 0.71670
00013.jpg 273 225 117 199 0.71480
00013.jpg 513 241 82 166 0.71476
00013.jpg 648 227 72 175 0.71455
00013.jpg 564 242 114 223 0.71446
00013.jpg 274 223 113 190 0.71408
00013.jpg 525 252 70 143 0.71352
00013.jpg 565 248 135 212 0.71035
00013.jpg 538 242 187 210 0.70820
00013.jpg 294 226 85 200 0.70415
00013.jpg 563 267 124 201 0.69693
00013.jpg 567 251 110 211 0.69670
00013.jpg 563 238 136 227 0.69596
00013.jpg 517 247 72 159 0.69032
00013.jpg 345 238 105 227 0.68259
00013.jpg 649 229 75 174 0.68164
00013.jpg 213 240 150 202 0.68160
00013.jpg 111 264 145 190 0.67893
00013.jpg 107 266 150 182 0.67795
00013.jpg 562 242 146 222 0.67223
00013.jpg 319 218 117 239 0.66998
00013.jpg 649 234 73 160 0.66537
00013.jpg 289 227 101 202 0.66328
00013.jpg 641 214 76 229 0.66162
00013.jpg 551 246 154 226 0.66157
00013.jpg 618 233 94 195 0.66146
00013.jpg 98 255 175 190 0.66097
00013.jpg 114 257 154 197 0.65835
00013.jpg 600 240 107 220 0.65650
00013.jpg 524 248 72 154 0.65625
00013.jpg 111 263 162 192 0.65438
00013.jpg 606 232 108 211 0.65364
00013.jpg 628 232 87 215 0.65132
00013.jpg 549 249 163 206 0.64624
00013.jpg 224 242 99 199 0.64128
00013.jpg 516 245 75 156 0.63941
00013.jpg 648 232 72 166 0.63731
00013.jpg 229 249 87 194 0.63474
00013.jpg 555 246 149 229 0.63227
00013.jpg 651 231 71 173 0.62117
00013.jpg 102 263 161 185 0.62050
00013.jpg 514 248 114 168 0.62018
00013.jpg 281 225 114 198 0.61949
00013.jpg 220 243 103 185 0.61783
00013.jpg 349 228 101 235 0.61701
00013.jpg 106 262 169 199 0.61456
00013.jpg 568 241 151 222 0.61447
00013.jpg 566 244 142 195 0.61201
00013.jpg 103 259 156 194 0.61176
00013.jpg 221 238 122 209 0.61095
00013.jpg 264 231 181 228 0.60426
00013.jpg 522 249 82 149 0.60230
00013.jpg 579 240 144 207 0.60190
00013.jpg 108 264 153 182 0.59991
00013.jpg 524 239 79 183 0.59811
00013.jpg 519 251 73 150 0.59804
00013.jpg 629 230 86 202 0.59477
00013.jpg 255 227 125 223 0.59185
00013.jpg 514 248 73 160 0.59038
00013.jpg 221 243 95 191 0.58910
00013.jpg 104 247 187 203 0.58864
00013.jpg 509 249 88 156 0.58321
00013.jpg 221 226 140 223 0.58145
00013.jpg 643 218 78 225 0.57787
00013.jpg 295 230 83 191 0.57671
00013.jpg 222 232 151 193 0.57487
00013.jpg 292 235 87 170 0.57294
00013.jpg 508 244 93 146 0.57109
00013.jpg 254 231 176 206 0.57078
00013.jpg 98 259 164 200 0.55926
00013.jpg 352 241 104 213 0.55720
00013.jpg 232 244 88 194 0.55360
00013.jpg 518 238 95 188 0.55292
00013.jpg 227 238 112 198 0.54968
00013.jpg 109 264 154 191 0.54521
00013.jpg 563 250 114 207 0.54434
00013.jpg 279 230 94 199 0.54032
00013.jpg 632 233 90 204 0.53977
00013.jpg 350 237 105 225 0.53463
00013.jpg 111 254 161 187 0.53406
00013.jpg 321 233 139 231 0.53357
00013.jpg 220 237 113 198 0.53195
00013.jpg 326 231 121 222 0.52931
00013.jpg 238 248 91 198 0.52770
00013.jpg 628 220 89 223 0.52719
00013.jpg 294 226 129 230 0.52687
00013.jpg 312 238 112 206 0.52527
00013.jpg 101 263 158 195 0.52424
00013.jpg 646 231 74 171 0.52245
00013.jpg 340 234 113 221 0.51870
00013.jpg 359 243 97 194 0.51779
00013.jpg 226 241 100 210 0.51279
00013.jpg 297 218 102 216 0.51197
00013.jpg 561 237 157 215 0.51130
00013.jpg 260 222 151 211 0.50952
00013.jpg 564 246 134 216 0.50695
00013.jpg 222 254 95 182 0.50448
00013.jpg 294 229 85 187 0.50447
