00028.jpg 400 324 69 145 0.99969
00028.jpg 402 321 60 145 0.99931
00028.jpg 657 311 46 109 0.99916
00028.jpg 660 312 47 104 0.99911
00028.jpg 655 313 55 108 0.99904
00028.jpg 402 322 65 147 0.99845
00028.jpg 404 317 63 154 0.99839
00028.jpg 399 321 68 142 0.99818
00028.jpg 400 319 67 146 0.99809
00028.jpg 399 321 70 146 0.99783
00028.jpg 246 325 49 115 0.99779
00028.jpg 401 326 67 140 0.99770
00028.jpg 169 323 56 137 0.99765
00028.jpg 401 320 67 144 0.99763
00028.jpg 166 329 58 124 0.99745
00028.jpg 244 324 59 114 0.99744
00028.jpg 172 325 50 130 0.99741
00028.jpg 397 320 72 147 0.99650
00028.jpg 657 309 48 108 0.99625
00028.jpg 400 324 68 140 0.99607
00028.jpg 168 324 59 130 0.99603
00028.jpg 661 313 45 99 0.99591
00028.jpg 169 329 55 123 0.99575
00028.jpg 312 299 52 109 0.99542
00028.jpg 402 321 63 143 0.99536
00028.jpg 168 327 56 129 0.99518
00028.jpg 400 322 67 144 0.99515
00028.jpg 399 322 70 149 0.99474
00028.jpg 658 315 48 101 0.99445
00028.jpg 170 326 54 130 0.99382
00028.jpg 170 325 54 133 0.99340
00028.jpg 661 311 42 107 0.99287
00028.jpg 171 324 56 131 0.99281
00028.jpg 169 326 53 130 0.99275
00028.jpg 402 320 64 147 0.99260
00028.jpg 244 324 58 115 0.99229
00028.jpg 168 329 60 128 0.99227
00028.jpg 398 325 66 146 0.99210
00028.jpg 248 329 53 105 0.99182
00028.jpg 655 310 53 106 0.99155
00028.jpg 172 327 50 131 0.99153
00028.jpg 656 306 54 111 0.99151
00028.jpg 169 324 59 131 0.99146
00028.jpg 660 313 43 105 0.99142
00028.jpg 401 321 65 153 0.99099
00028.jpg 660 309 43 112 0.99091
00028.jpg 538 316 50 93 0.99090
00028.jpg 402 325 66 143 0.99054
00028.jpg 401 320 66 144 0.99053
00028.jpg 169 326 59 129 0.98980
00028.jpg 166 323 63 135 0.98974
00028.jpg 168 324 59 134 0.98901
00028.jpg 164 323 63 134 0.98870
00028.jpg 401 322 64 143 0.98839
00028.jpg 316 305 46 102 0.98803
00028.jpg 530 318 59 91 0.98802
00028.jpg 401 321 68 144 0.98797
00028.jpg 311 303 53 102 0.98699
00028.jpg 403 323 64 141 0.98652
00028.jpg 402 316 59 155 0.98642
00028.jpg 402 320 64 146 0.98603
00028.jpg 397 322 69 144 0.98602
00028.jpg 660 310 44 107 0.98395
00028.jpg 171 327 55 123 0.98392
00028.jpg 529 317 58 91 0.98370
00028.jpg 246 324 55 112 0.98368
00028.jpg 313 298 48 105 0.98367
00028.jpg 171 326 55 127 0.98312
00028.jpg 172 328 54 126 0.98310
00028.jpg 170 325 56 129 0.98306
00028.jpg 402 319 60 150 0.98304
00028.jpg 544 317 39 90 0.98302
00028.jpg 244 328 57 109 0.98274
00028.jpg 403 315 63 152 0.98222
00028.jpg 170 329 54 129 0.98215
00028.jpg 244 329 57 108 0.98127
00028.jpg 659 310 49 105 0.98125
00028.jpg 538 317 46 93 0.98115
00028.jpg 242 324 60 119 0.98085
00028.jpg 659 314 43 101 0.98043
00028.jpg 662 313 43 100 0.98007
00028.jpg 403 325 60 140 0.98003
00028.jpg 655 313 54 100 0.97925
00028.jpg 245 325 54 115 0.97922
00028.jpg 400 325 66 143 0.97900
00028.jpg 402 322 63 142 0.97892
00028.jpg 241 327 60 115 0.97867
00028.jpg 397 312 69 158 0.97859
00028.jpg 244 329 58 106 0.97857
00028.jpg 168 326 62 128 0.97849
00028.jpg 169 328 56 127 0.97844
00028.jpg 529 318 58 91 0.97816
00028.jpg 167 325 56 132 0.97793
00028.jpg 657 308 49 111 0.97789
00028.jpg 658 309 50 107 0.97764
00028.jpg 241 325 61 117 0.97748
00028.jpg 398 322 66 145 0.97651
00028.jpg 172 327 54 131 0.97593
00028.jpg 401 323 63 139 0.97579
00028.jpg 661 317 45 93 0.97567
00028.jpg 248 326 47 111 0.97484
00028.jpg 402 324 60 140 0.97469
00028.jpg 167 327 60 131 0.97424
00028.jpg 657 314 50 103 0.97411
00028.jpg 245 322 55 114 0.97393
00028.jpg 312 307 45 97 0.97355
00028.jpg 314 305 49 102 0.97327
00028.jpg 170 325 56 133 0.97272
00028.jpg 250 324 50 114 0.97268
00028.jpg 311 302 52 102 0.97220
00028.jpg 401 318 64 149 0.97156
00028.jpg 402 320 65 148 0.97119
00028.jpg 245 330 57 106 0.97094
00028.jpg 657 313 48 104 0.97035
00028.jpg 243 321 59 117 0.97016
00028.jpg 659 312 47 104 0.96956
00028.jpg 662 313 42 103 0.96946
00028.jpg 243 324 59 115 0.96883
00028.jpg 314 303 49 104 0.96881
00028.jpg 658 311 49 101 0.96812
00028.jpg 316 304 44 107 0.96773
00028.jpg 244 326 61 112 0.96730
00028.jpg 660 312 44 100 0.96715
00028.jpg 402 321 68 143 0.96701
00028.jpg 246 326 57 112 0.96658
00028.jpg 169 325 56 132 0.96626
00028.jpg 314 305 48 105 0.96604
00028.jpg 403 323 61 144 0.96550
00028.jpg 316 307 46 98 0.96530
00028.jpg 170 330 49 128 0.96510
00028.jpg 241 328 65 105 0.96504
00028.jpg 168 326 60 129 0.96504
00028.jpg 245 327 54 111 0.96475
00028.jpg 313 305 47 105 0.96464
00028.jpg 530 316 59 94 0.96425
00028.jpg 317 305 47 101 0.96372
00028.jpg 398 324 66 142 0.96328
00028.jpg 314 303 49 105 0.96321
00028.jpg 169 329 55 131 0.96296
00028.jpg 246 329 57 107 0.96295
00028.jpg 532 316 59 93 0.96193
00028.jpg 250 330 46 106 0.96117
00028.jpg 245 318 55 123 0.96105
00028.jpg 317 304 47 101 0.96086
00028.jpg 532 319 55 94 0.96080
00028.jpg 244 328 56 108 0.96052
00028.jpg 244 322 52 117 0.95913
00028.jpg 171 328 57 125 0.95895
00028.jpg 318 309 45 95 0.95849
00028.jpg 659 313 46 104 0.95768
00028.jpg 529 316 58 94 0.95739
00028.jpg 657 312 51 104 0.95735
00028.jpg 533 318 52 93 0.95621
00028.jpg 662 315 40 98 0.95559
00028.jpg 168 329 54 126 0.95455
00028.jpg 314 312 49 94 0.95402
00028.jpg 244 326 54 106 0.95335
00028.jpg 406 319 63 151 0.95267
00028.jpg 529 318 56 93 0.95165
00028.jpg 244 327 54 109 0.95161
00028.jpg 529 315 61 97 0.95006
00028.jpg 538 318 48 87 0.95000
00028.jpg 245 326 59 107 0.94823
00028.jpg 318 307 42 96 0.94792
00028.jpg 538 318 47 89 0.94724
00028.jpg 313 302 52 104 0.94723
00028.jpg 654 313 55 103 0.94622
00028.jpg 318 308 40 95 0.94453
00028.jpg 401 325 63 139 0.94415
00028.jpg 663 314 42 100 0.94349
00028.jpg 528 316 60 95 0.94339
00028.jpg 403 318 62 144 0.94314
00028.jpg 659 313 47 102 0.94223
00028.jpg 170 325 62 127 0.94201
00028.jpg 170 329 50 124 0.94157
00028.jpg 243 321 59 120 0.94015
00028.jpg 170 324 60 131 0.93888
00028.jpg 170 328 56 131 0.93837
00028.jpg 534 315 53 95 0.93822
00028.jpg 527 320 61 88 0.93735
00028.jpg 532 315 60 94 0.93733
00028.jpg 242 328 58 111 0.93593
00028.jpg 538 315 51 94 0.93560
00028.jpg 239 324 67 109 0.93524
00028.jpg 244 329 56 114 0.93501
00028.jpg 659 310 44 106 0.93494
00028.jpg 173 325 52 130 0.93360
00028.jpg 171 327 52 130 0.93352
00028.jpg 316 306 52 98 0.93343
00028.jpg 540 317 47 90 0.93334
00028.jpg 242 327 62 116 0.93321
00028.jpg 316 301 48 102 0.93319
00028.jpg 172 329 58 123 0.93243
00028.jpg 310 302 53 105 0.93041
00028.jpg 536 318 57 87 0.93040
00028.jpg 314 305 48 100 0.92916
00028.jpg 663 313 42 95 0.92884
00028.jpg 532 316 56 94 0.92870
00028.jpg 167 325 59 130 0.92694
00028.jpg 540 318 46 87 0.92546
00028.jpg 536 314 57 94 0.92500
00028.jpg 245 327 53 108 0.92390
00028.jpg 530 315 59 95 0.92347
00028.jpg 658 312 45 98 0.92292
00028.jpg 309 299 55 107 0.92131
00028.jpg 544 316 40 86 0.91985
00028.jpg 401 325 68 144 0.91876
00028.jpg 399 324 70 146 0.91858
00028.jpg 167 328 63 128 0.91837
00028.jpg 656 310 47 108 0.91814
00028.jpg 247 327 55 105 0.91805
00028.jpg 530 319 58 89 0.91727
00028.jpg 310 304 56 103 0.91718
00028.jpg 658 311 48 105 0.91609
00028.jpg 530 320 57 94 0.91608
00028.jpg 244 328 60 107 0.91549
00028.jpg 318 303 47 103 0.91546
00028.jpg 170 328 55 128 0.91458
00028.jpg 172 326 58 132 0.91392
00028.jpg 540 315 48 93 0.91383
00028.jpg 534 321 53 88 0.91217
00028.jpg 398 319 73 148 0.91179
00028.jpg 175 325 52 127 0.90969
00028.jpg 171 323 59 131 0.90872
00028.jpg 166 327 60 132 0.90813
00028.jpg 539 316 44 92 0.90697
00028.jpg 531 316 57 93 0.90680
00028.jpg 169 318 58 134 0.90510
00028.jpg 247 326 56 113 0.90447
00028.jpg 169 327 54 133 0.90439
00028.jpg 528 316 59 97 0.90410
00028.jpg 664 311 41 102 0.90278
00028.jpg 244 325 50 112 0.89980
00028.jpg 244 324 62 110 0.89956
00028.jpg 313 311 49 95 0.89850
00028.jpg 315 304 45 100 0.89836
00028.jpg 245 328 59 112 0.89830
00028.jpg 316 302 50 102 0.89788
00028.jpg 535 317 51 94 0.89572
00028.jpg 316 302 45 101 0.89570
00028.jpg 537 320 53 86 0.89378
00028.jpg 657 315 45 97 0.89168
00028.jpg 534 316 54 92 0.88999
00028.jpg 168 329 51 127 0.88849
00028.jpg 659 313 42 95 0.88667
00028.jpg 539 316 48 90 0.88500
00028.jpg 660 312 43 108 0.88254
00028.jpg 242 328 59 109 0.88185
00028.jpg 317 300 46 100 0.88128
00028.jpg 319 301 46 106 0.88126
00028.jpg 320 304 45 98 0.87541
00028.jpg 533 316 49 93 0.87311
00028.jpg 169 331 48 121 0.87179
00028.jpg 401 322 64 143 0.87137
00028.jpg 308 304 54 105 0.87052
00028.jpg 313 301 53 108 0.86944
00028.jpg 238 329 65 106 0.86879
00028.jpg 662 310 48 101 0.86820
00028.jpg 402 322 60 147 0.86639
00028.jpg 168 326 56 128 0.86491
00028.jpg 403 324 66 137 0.86453
00028.jpg 541 313 46 93 0.86411
00028.jpg 177 330 52 123 0.86121
00028.jpg 664 313 43 98 0.86009
00028.jpg 313 302 51 105 0.86009
00028.jpg 658 315 52 95 0.85988
00028.jpg 246 328 50 105 0.85931
00028.jpg 657 312 46 102 0.85914
00028.jpg 173 328 46 127 0.85864
00028.jpg 535 317 52 92 0.85724
00028.jpg 532 315 55 92 0.85622
00028.jpg 541 316 38 91 0.85621
00028.jpg 164 325 67 134 0.85393
00028.jpg 536 317 54 87 0.85192
00028.jpg 246 326 54 107 0.85095
00028.jpg 168 327 59 131 0.84960
00028.jpg 540 313 45 93 0.84731
00028.jpg 167 327 57 129 0.84686
00028.jpg 657 311 48 106 0.84591
00028.jpg 658 312 48 105 0.84507
00028.jpg 531 319 53 87 0.84370
00028.jpg 170 327 62 125 0.84140
00028.jpg 310 301 51 104 0.83951
00028.jpg 396 319 73 138 0.83927
00028.jpg 243 321 60 113 0.83882
00028.jpg 526 318 63 93 0.83738
00028.jpg 245 326 60 105 0.83634
00028.jpg 312 304 50 107 0.83447
00028.jpg 526 312 62 100 0.83367
00028.jpg 395 317 66 146 0.83244
00028.jpg 244 324 63 110 0.83100
00028.jpg 536 319 55 88 0.83007
00028.jpg 248 327 57 112 0.82954
00028.jpg 401 325 69 133 0.82783
00028.jpg 405 323 64 142 0.82649
00028.jpg 538 315 47 91 0.82459
00028.jpg 316 303 51 104 0.82328
00028.jpg 662 308 49 113 0.82253
00028.jpg 311 302 54 110 0.82058
00028.jpg 541 318 50 85 0.81623
00028.jpg 530 317 60 90 0.81554
00028.jpg 404 321 62 146 0.81520
00028.jpg 320 302 47 99 0.81428
00028.jpg 650 313 57 105 0.81385
00028.jpg 528 317 64 95 0.81354
00028.jpg 530 317 60 91 0.81194
00028.jpg 543 316 46 88 0.81097
00028.jpg 246 323 57 111 0.81031
00028.jpg 164 325 57 133 0.80925
00028.jpg 527 323 54 87 0.80385
00028.jpg 313 302 53 111 0.79886
00028.jpg 320 303 48 101 0.79854
00028.jpg 309 304 56 98 0.79765
00028.jpg 243 326 56 107 0.79674
00028.jpg 168 328 51 132 0.79458
00028.jpg 245 327 63 110 0.79272
00028.jpg 172 322 56 134 0.78894
00028.jpg 308 299 61 107 0.78872
00028.jpg 310 305 56 98 0.78330
00028.jpg 658 306 51 109 0.78266
00028.jpg 246 329 67 105 0.78082
00028.jpg 167 326 56 129 0.77944
00028.jpg 316 303 49 102 0.77880
00028.jpg 664 310 45 99 0.77824
00028.jpg 314 304 43 101 0.77647
00028.jpg 317 303 48 105 0.77631
00028.jpg 167 327 56 129 0.77600
00028.jpg 310 298 52 114 0.77461
00028.jpg 522 318 66 90 0.76891
00028.jpg 524 320 67 88 0.76707
00028.jpg 654 315 55 89 0.76656
00028.jpg 247 326 51 110 0.76365
00028.jpg 537 318 50 92 0.76356
00028.jpg 242 324 62 112 0.76290
00028.jpg 311 297 53 114 0.76230
00028.jpg 542 316 46 85 0.75970
00028.jpg 545 315 45 89 0.75685
00028.jpg 407 315 68 150 0.75610
00028.jpg 535 314 60 94 0.75557
00028.jpg 176 327 47 128 0.75271
00028.jpg 523 322 56 90 0.75019
00028.jpg 239 328 66 98 0.74938
00028.jpg 659 317 51 98 0.74665
00028.jpg 250 327 56 108 0.74445
00028.jpg 664 312 42 97 0.74375
00028.jpg 395 322 71 140 0.73988
00028.jpg 653 312 50 105 0.73531
00028.jpg 314 304 51 102 0.73119
00028.jpg 524 318 61 94 0.73069
00028.jpg 525 320 59 86 0.73043
00028.jpg 166 327 55 127 0.72876
00028.jpg 537 316 52 92 0.72540
00028.jpg 245 327 47 107 0.72302
00028.jpg 675 311 35 92 0.71955
00028.jpg 522 322 61 85 0.71544
00028.jpg 242 328 55 107 0.71115
00028.jpg 166 328 52 124 0.70867
00028.jpg 310 306 47 98 0.70802
00028.jpg 312 308 46 96 0.70777
00028.jpg 658 313 44 99 0.70637
00028.jpg 657 311 43 100 0.70614
00028.jpg 173 324 49 133 0.69788
00028.jpg 658 310 52 101 0.69541
00028.jpg 663 313 46 102 0.69262
00028.jpg 659 314 46 104 0.68909
00028.jpg 653 312 52 107 0.68749
00028.jpg 397 325 68 147 0.68624
00028.jpg 626 336 38 78 0.68543
00028.jpg 403 322 67 141 0.68540
00028.jpg 315 305 54 104 0.68417
00028.jpg 545 315 40 88 0.68399
00028.jpg 397 318 68 144 0.67662
00028.jpg 309 304 48 107 0.67332
00028.jpg 532 318 58 94 0.67246
00028.jpg 319 310 47 94 0.67232
00028.jpg 166 331 53 119 0.67046
00028.jpg 662 314 45 103 0.66863
00028.jpg 395 316 74 154 0.66674
00028.jpg 526 318 63 87 0.66611
00028.jpg 534 320 42 83 0.66496
00028.jpg 314 299 52 98 0.65993
00028.jpg 399 312 72 158 0.65802
00028.jpg 401 323 61 148 0.65788
00028.jpg 523 320 66 96 0.65000
00028.jpg 531 322 46 87 0.64809
00028.jpg 634 330 32 101 0.64452
00028.jpg 631 331 39 80 0.64331
00028.jpg 176 330 67 117 0.64277
00028.jpg 244 328 71 103 0.64268
00028.jpg 658 315 41 105 0.63999
00028.jpg 535 315 46 94 0.63674
00028.jpg 245 324 63 116 0.63332
00028.jpg 524 320 59 91 0.63328
00028.jpg 243 324 68 115 0.62408
00028.jpg 240 326 53 106 0.61623
00028.jpg 537 320 56 91 0.61595
00028.jpg 669 316 42 86 0.61570
00028.jpg 527 315 61 90 0.61483
00028.jpg 314 300 56 104 0.61482
00028.jpg 629 337 36 91 0.61313
00028.jpg 654 314 54 105 0.61046
00028.jpg 238 320 60 121 0.61012
00028.jpg 632 325 37 103 0.60950
00028.jpg 631 330 32 103 0.60941
00028.jpg 403 323 58 144 0.60872
00028.jpg 542 320 49 86 0.60825
00028.jpg 309 304 55 105 0.60702
00028.jpg 191 286 16 19 0.60658
00028.jpg 312 302 47 99 0.60601
00028.jpg 408 325 60 136 0.60449
00028.jpg 167 324 66 136 0.60376
00028.jpg 531 313 62 96 0.60248
00028.jpg 240 330 56 98 0.59825
00028.jpg 399 325 64 137 0.59571
00028.jpg 527 326 34 76 0.59539
00028.jpg 533 318 54 80 0.59484
00028.jpg 399 312 66 158 0.59459
00028.jpg 546 315 45 83 0.59299
00028.jpg 630 334 35 90 0.59181
00028.jpg 311 304 57 94 0.59157
00028.jpg 315 302 50 104 0.59058
00028.jpg 405 322 65 145 0.58993
00028.jpg 169 328 42 133 0.58959
00028.jpg 657 312 48 80 0.58769
00028.jpg 244 329 61 111 0.58481
00028.jpg 629 333 39 84 0.58272
00028.jpg 527 321 52 91 0.58195
00028.jpg 631 345 37 78 0.58068
00028.jpg 405 323 63 135 0.57795
00028.jpg 667 315 41 93 0.57499
00028.jpg 631 332 34 78 0.57264
00028.jpg 521 325 58 85 0.56383
00028.jpg 629 328 44 92 0.56205
00028.jpg 395 322 69 141 0.56147
00028.jpg 407 322 58 138 0.55523
00028.jpg 305 303 49 104 0.55429
00028.jpg 660 313 50 101 0.55383
00028.jpg 630 330 43 87 0.54976
00028.jpg 177 324 49 132 0.54838
00028.jpg 631 337 39 78 0.54587
00028.jpg 308 311 50 97 0.54284
00028.jpg 653 310 55 100 0.54116
00028.jpg 543 320 49 92 0.53984
00028.jpg 396 325 70 138 0.53976
00028.jpg 631 329 36 87 0.53855
00028.jpg 515 324 73 84 0.53836
00028.jpg 634 324 38 96 0.53816
00028.jpg 405 321 67 137 0.53597
00028.jpg 249 325 52 112 0.53531
00028.jpg 397 317 68 158 0.53383
00028.jpg 652 313 52 70 0.53091
00028.jpg 245 322 60 119 0.53088
00028.jpg 398 326 63 127 0.52969
00028.jpg 636 323 37 96 0.52779
00028.jpg 240 325 57 104 0.52762
00028.jpg 632 332 37 100 0.52664
00028.jpg 629 340 39 84 0.52560
00028.jpg 541 317 50 89 0.52394
00028.jpg 550 315 41 83 0.51878
00028.jpg 250 327 57 103 0.51707
00028.jpg 167 330 43 123 0.51493
00028.jpg 629 329 40 82 0.50994
00028.jpg 306 309 51 99 0.50450
