00024.jpg 360 283 117 175 0.99923
00024.jpg 356 283 121 173 0.99906
00024.jpg 364 277 112 183 0.99873
00024.jpg 360 280 112 179 0.99839
00024.jpg 362 276 114 181 0.99831
00024.jpg 360 283 110 179 0.99821
00024.jpg 358 283 122 174 0.99748
00024.jpg 361 275 113 181 0.99744
00024.jpg 170 319 68 142 0.99691
00024.jpg 171 324 66 130 0.99671
00024.jpg 364 277 112 181 0.99665
00024.jpg 361 279 113 183 0.99662
00024.jpg 362 279 110 182 0.99625
00024.jpg 359 277 120 176 0.99623
00024.jpg 370 279 99 179 0.99619
00024.jpg 537 293 51 123 0.99617
00024.jpg 361 284 112 170 0.99608
00024.jpg 536 292 49 125 0.99597
00024.jpg 363 279 111 182 0.99516
00024.jpg 577 304 72 163 0.99505
00024.jpg 167 323 71 136 0.99492
00024.jpg 579 299 70 164 0.99471
00024.jpg 170 316 71 139 0.99465
00024.jpg 579 295 67 173 0.99456
00024.jpg 531 293 58 120 0.99399
00024.jpg 172 321 66 135 0.99386
00024.jpg 534 293 51 122 0.99279
00024.jpg 575 312 76 159 0.99241
00024.jpg 364 280 103 181 0.99212
00024.jpg 176 321 63 140 0.99204
00024.jpg 166 318 75 139 0.99136
00024.jpg 622 261 121 163 0.99135
00024.jpg 166 320 72 142 0.99127
00024.jpg 172 322 67 137 0.99112
00024.jpg 169 313 74 148 0.99103
00024.jpg 362 280 115 181 0.99099
00024.jpg 535 292 52 125 0.99062
00024.jpg 365 286 108 170 0.99037
00024.jpg 574 306 74 161 0.98975
00024.jpg 359 279 116 178 0.98966
00024.jpg 362 283 110 172 0.98959
00024.jpg 360 283 115 174 0.98931
00024.jpg 246 298 56 144 0.98907
00024.jpg 166 319 80 142 0.98867
00024.jpg 170 320 70 139 0.98773
00024.jpg 535 292 51 126 0.98737
00024.jpg 361 283 113 172 0.98698
00024.jpg 357 285 120 163 0.98679
00024.jpg 173 323 66 134 0.98667
00024.jpg 171 319 65 137 0.98559
00024.jpg 170 320 75 136 0.98553
00024.jpg 580 305 70 157 0.98526
00024.jpg 248 304 50 131 0.98511
00024.jpg 363 281 109 180 0.98501
00024.jpg 578 305 70 157 0.98449
00024.jpg 361 279 110 185 0.98375
00024.jpg 534 294 50 123 0.98371
00024.jpg 622 274 126 146 0.98353
00024.jpg 361 283 106 164 0.98326
00024.jpg 169 318 67 146 0.98273
00024.jpg 578 306 67 157 0.98269
00024.jpg 363 275 105 181 0.98253
00024.jpg 169 324 72 136 0.98192
00024.jpg 575 308 72 170 0.98157
00024.jpg 578 308 74 153 0.98154
00024.jpg 359 281 119 177 0.98151
00024.jpg 301 274 63 120 0.98150
00024.jpg 532 295 57 122 0.98111
00024.jpg 367 278 100 181 0.98070
00024.jpg 534 290 55 125 0.98056
00024.jpg 362 279 104 175 0.98048
00024.jpg 169 317 67 144 0.98039
00024.jpg 359 283 118 177 0.98001
00024.jpg 538 294 52 118 0.97995
00024.jpg 362 284 105 175 0.97992
00024.jpg 365 279 110 182 0.97922
00024.jpg 534 292 55 123 0.97873
00024.jpg 365 283 103 180 0.97852
00024.jpg 245 308 53 131 0.97780
00024.jpg 579 302 67 163 0.97742
00024.jpg 360 275 118 184 0.97690
00024.jpg 576 303 72 165 0.97676
00024.jpg 169 321 72 136 0.97627
00024.jpg 174 320 62 142 0.97601
00024.jpg 363 281 114 171 0.97597
00024.jpg 298 273 64 128 0.97535
00024.jpg 621 265 126 165 0.97465
00024.jpg 535 294 53 122 0.97433
00024.jpg 310 274 49 129 0.97407
00024.jpg 625 266 120 174 0.97407
00024.jpg 626 271 121 146 0.97386
00024.jpg 533 294 56 119 0.97324
00024.jpg 534 294 54 123 0.97299
00024.jpg 365 282 105 177 0.97273
00024.jpg 172 311 74 153 0.97227
00024.jpg 369 284 100 176 0.97190
00024.jpg 172 318 72 144 0.97153
00024.jpg 301 271 65 124 0.97113
00024.jpg 247 298 52 142 0.97110
00024.jpg 629 271 112 152 0.97104
00024.jpg 172 318 67 140 0.97096
00024.jpg 578 305 69 157 0.97094
00024.jpg 304 273 55 130 0.97087
00024.jpg 176 320 53 141 0.97068
00024.jpg 357 285 121 165 0.97051
00024.jpg 356 278 117 181 0.97048
00024.jpg 576 299 72 167 0.97033
00024.jpg 359 280 110 170 0.96893
00024.jpg 244 293 55 152 0.96893
00024.jpg 246 300 52 136 0.96892
00024.jpg 575 305 78 166 0.96890
00024.jpg 580 305 65 157 0.96816
00024.jpg 168 320 75 136 0.96780
00024.jpg 306 273 60 124 0.96754
00024.jpg 533 296 53 118 0.96723
00024.jpg 364 278 109 176 0.96697
00024.jpg 245 303 53 135 0.96640
00024.jpg 315 274 50 126 0.96635
00024.jpg 356 282 115 168 0.96593
00024.jpg 167 324 70 138 0.96541
00024.jpg 171 320 66 139 0.96528
00024.jpg 317 276 50 125 0.96508
00024.jpg 628 265 109 163 0.96506
00024.jpg 534 293 51 123 0.96432
00024.jpg 538 297 45 116 0.96370
00024.jpg 626 271 117 160 0.96162
00024.jpg 578 308 67 157 0.96152
00024.jpg 579 304 68 163 0.96076
00024.jpg 535 295 50 117 0.96071
00024.jpg 314 275 48 123 0.96034
00024.jpg 313 277 51 118 0.95949
00024.jpg 624 267 118 167 0.95840
00024.jpg 538 291 50 123 0.95767
00024.jpg 537 292 51 120 0.95741
00024.jpg 534 294 51 119 0.95707
00024.jpg 537 291 49 127 0.95673
00024.jpg 625 270 119 147 0.95652
00024.jpg 160 309 86 151 0.95585
00024.jpg 169 324 67 135 0.95514
00024.jpg 578 304 64 160 0.95502
00024.jpg 305 278 65 118 0.95502
00024.jpg 534 293 53 122 0.95466
00024.jpg 620 266 128 166 0.95456
00024.jpg 301 274 63 118 0.95453
00024.jpg 577 302 72 165 0.95413
00024.jpg 250 305 45 138 0.95353
00024.jpg 168 322 69 137 0.95311
00024.jpg 244 293 60 149 0.95310
00024.jpg 572 303 77 161 0.95303
00024.jpg 298 273 64 123 0.95271
00024.jpg 300 272 65 126 0.95212
00024.jpg 534 292 53 124 0.95194
00024.jpg 166 312 74 149 0.95134
00024.jpg 625 265 122 168 0.95108
00024.jpg 575 306 73 159 0.95106
00024.jpg 534 292 52 126 0.95074
00024.jpg 628 266 110 159 0.94997
00024.jpg 628 271 116 163 0.94985
00024.jpg 534 295 53 115 0.94948
00024.jpg 577 301 72 171 0.94900
00024.jpg 302 268 63 132 0.94858
00024.jpg 626 272 121 150 0.94846
00024.jpg 534 290 52 124 0.94846
00024.jpg 576 297 71 176 0.94815
00024.jpg 578 305 73 162 0.94795
00024.jpg 573 297 78 170 0.94647
00024.jpg 308 275 57 122 0.94641
00024.jpg 623 264 117 173 0.94640
00024.jpg 251 297 47 141 0.94465
00024.jpg 620 270 126 153 0.94416
00024.jpg 536 298 49 114 0.94409
00024.jpg 626 269 123 156 0.94374
00024.jpg 577 302 69 160 0.94329
00024.jpg 538 293 50 125 0.94209
00024.jpg 620 269 132 152 0.94198
00024.jpg 240 299 56 144 0.94159
00024.jpg 359 288 113 162 0.94031
00024.jpg 578 301 68 161 0.93825
00024.jpg 249 308 50 134 0.93588
00024.jpg 246 301 48 139 0.93489
00024.jpg 536 293 54 122 0.93487
00024.jpg 623 270 126 152 0.93459
00024.jpg 357 282 123 167 0.93400
00024.jpg 172 318 67 142 0.93354
00024.jpg 292 269 59 120 0.93285
00024.jpg 246 304 52 131 0.93246
00024.jpg 364 268 109 191 0.93201
00024.jpg 626 270 122 162 0.93120
00024.jpg 172 320 70 140 0.93100
00024.jpg 622 268 122 156 0.92963
00024.jpg 295 274 71 114 0.92943
00024.jpg 171 319 74 136 0.92929
00024.jpg 622 272 122 156 0.92681
00024.jpg 249 307 52 128 0.92680
00024.jpg 624 266 124 177 0.92647
00024.jpg 249 301 50 138 0.92587
00024.jpg 625 270 123 155 0.92556
00024.jpg 301 273 63 128 0.92546
00024.jpg 629 274 105 134 0.92419
00024.jpg 315 278 49 123 0.92418
00024.jpg 290 273 73 124 0.92363
00024.jpg 172 321 68 136 0.92307
00024.jpg 304 276 63 123 0.92102
00024.jpg 534 292 51 122 0.91993
00024.jpg 307 275 56 126 0.91947
00024.jpg 577 304 69 165 0.91869
00024.jpg 537 302 50 110 0.91768
00024.jpg 534 290 52 127 0.91754
00024.jpg 247 308 48 132 0.91686
00024.jpg 360 276 118 177 0.91629
00024.jpg 579 302 70 161 0.91623
00024.jpg 174 308 79 151 0.91538
00024.jpg 571 307 77 158 0.91505
00024.jpg 626 268 123 168 0.91483
00024.jpg 167 320 70 141 0.91334
00024.jpg 303 275 59 124 0.91283
00024.jpg 289 275 68 121 0.91269
00024.jpg 176 313 70 144 0.91120
00024.jpg 533 295 55 120 0.91106
00024.jpg 575 302 77 164 0.91081
00024.jpg 536 294 50 122 0.90875
00024.jpg 299 274 62 125 0.90729
00024.jpg 531 289 53 130 0.90722
00024.jpg 309 273 59 128 0.90688
00024.jpg 302 272 63 131 0.90439
00024.jpg 576 311 72 153 0.90437
00024.jpg 580 306 68 161 0.90433
00024.jpg 168 309 77 152 0.90264
00024.jpg 248 307 50 132 0.90128
00024.jpg 612 270 142 158 0.89992
00024.jpg 620 270 120 145 0.89975
00024.jpg 176 319 61 141 0.89708
00024.jpg 310 275 49 125 0.89602
00024.jpg 244 300 56 139 0.89592
00024.jpg 308 276 58 118 0.89458
00024.jpg 170 321 66 144 0.89316
00024.jpg 357 282 115 178 0.89280
00024.jpg 290 271 51 112 0.89234
00024.jpg 531 296 52 118 0.88999
00024.jpg 365 281 114 173 0.88990
00024.jpg 308 279 53 111 0.88857
00024.jpg 293 272 40 109 0.88730
00024.jpg 165 315 77 140 0.88685
00024.jpg 366 279 107 176 0.88665
00024.jpg 633 273 112 137 0.88658
00024.jpg 293 273 44 106 0.88552
00024.jpg 576 302 70 165 0.88549
00024.jpg 249 298 56 134 0.88392
00024.jpg 362 287 115 165 0.88389
00024.jpg 304 273 64 122 0.88234
00024.jpg 314 280 54 112 0.88160
00024.jpg 635 267 95 147 0.88146
00024.jpg 622 265 125 164 0.88067
00024.jpg 310 275 53 118 0.87735
00024.jpg 165 326 78 129 0.87722
00024.jpg 359 281 109 176 0.87565
00024.jpg 532 292 54 125 0.87510
00024.jpg 174 322 68 138 0.87455
00024.jpg 573 305 74 163 0.87268
00024.jpg 246 308 55 128 0.87213
00024.jpg 630 273 115 141 0.87013
00024.jpg 293 275 74 124 0.86991
00024.jpg 319 275 47 121 0.86827
00024.jpg 628 273 109 147 0.86761
00024.jpg 362 280 112 182 0.86716
00024.jpg 301 275 64 125 0.86699
00024.jpg 319 279 47 112 0.86480
00024.jpg 625 271 114 169 0.86365
00024.jpg 242 303 63 131 0.86345
00024.jpg 238 310 63 131 0.86252
00024.jpg 296 276 64 114 0.86230
00024.jpg 575 299 66 169 0.86222
00024.jpg 628 267 116 166 0.86128
00024.jpg 531 292 58 121 0.86076
00024.jpg 167 314 75 143 0.86013
00024.jpg 573 306 81 158 0.85745
00024.jpg 303 272 59 128 0.85706
00024.jpg 175 318 70 139 0.85681
00024.jpg 298 277 60 120 0.85636
00024.jpg 573 300 73 164 0.85636
00024.jpg 534 288 54 125 0.85616
00024.jpg 239 311 56 127 0.85606
00024.jpg 619 265 129 170 0.85495
00024.jpg 163 307 85 157 0.85430
00024.jpg 626 262 113 183 0.85339
00024.jpg 531 301 59 109 0.85120
00024.jpg 297 277 65 114 0.84926
00024.jpg 162 314 73 150 0.84679
00024.jpg 612 264 132 163 0.84662
00024.jpg 175 323 66 136 0.84654
00024.jpg 623 268 120 164 0.84616
00024.jpg 240 296 56 145 0.84607
00024.jpg 535 287 54 131 0.84534
00024.jpg 627 270 107 166 0.84430
00024.jpg 528 292 61 119 0.84279
00024.jpg 628 274 111 143 0.84134
00024.jpg 307 273 61 121 0.83898
00024.jpg 162 316 88 140 0.83766
00024.jpg 245 308 58 132 0.83737
00024.jpg 296 275 64 110 0.83736
00024.jpg 618 268 132 168 0.83711
00024.jpg 536 294 49 126 0.83576
00024.jpg 171 321 65 139 0.83567
00024.jpg 170 324 63 132 0.83565
00024.jpg 292 274 48 116 0.83400
00024.jpg 537 293 51 120 0.83059
00024.jpg 293 272 42 101 0.83057
00024.jpg 614 267 135 155 0.82933
00024.jpg 573 312 79 157 0.82916
00024.jpg 624 263 121 160 0.82881
00024.jpg 243 295 57 142 0.82865
00024.jpg 251 303 52 132 0.82853
00024.jpg 622 266 125 179 0.82822
00024.jpg 172 321 61 137 0.82425
00024.jpg 623 272 120 139 0.82358
00024.jpg 247 301 49 133 0.82299
00024.jpg 629 271 112 128 0.82276
00024.jpg 247 296 53 148 0.82149
00024.jpg 252 304 47 132 0.82142
00024.jpg 174 324 75 130 0.82141
00024.jpg 312 274 55 125 0.82028
00024.jpg 613 271 143 159 0.81945
00024.jpg 292 275 62 129 0.81870
00024.jpg 629 275 98 126 0.81808
00024.jpg 577 303 65 160 0.81769
00024.jpg 293 273 43 107 0.81755
00024.jpg 296 273 55 128 0.81655
00024.jpg 241 311 60 129 0.81621
00024.jpg 243 308 53 132 0.81619
00024.jpg 244 305 54 127 0.81460
00024.jpg 356 282 119 170 0.81460
00024.jpg 240 305 55 133 0.81446
00024.jpg 617 264 131 170 0.81280
00024.jpg 296 276 56 113 0.81269
00024.jpg 309 278 60 116 0.81266
00024.jpg 628 268 106 161 0.80930
00024.jpg 620 268 132 156 0.80890
00024.jpg 538 297 49 127 0.80761
00024.jpg 250 306 42 131 0.80564
00024.jpg 627 268 120 158 0.80428
00024.jpg 630 269 117 151 0.80396
00024.jpg 531 293 54 118 0.80104
00024.jpg 294 277 46 119 0.80095
00024.jpg 289 271 63 128 0.79999
00024.jpg 580 306 62 164 0.79901
00024.jpg 624 275 126 141 0.79892
00024.jpg 579 310 68 147 0.79810
00024.jpg 626 269 117 157 0.79787
00024.jpg 252 296 45 142 0.79526
00024.jpg 578 305 71 162 0.79207
00024.jpg 624 274 122 157 0.79175
00024.jpg 533 294 53 123 0.79149
00024.jpg 629 272 118 147 0.79056
00024.jpg 534 295 52 126 0.78968
00024.jpg 293 274 74 120 0.78930
00024.jpg 624 271 122 145 0.78767
00024.jpg 170 322 65 137 0.78759
00024.jpg 527 297 62 121 0.78688
00024.jpg 321 279 38 119 0.78601
00024.jpg 243 304 54 134 0.78499
00024.jpg 358 280 117 169 0.78401
00024.jpg 296 271 41 112 0.78394
00024.jpg 627 270 105 171 0.78311
00024.jpg 534 298 50 113 0.78274
00024.jpg 318 277 45 113 0.78272
00024.jpg 173 325 71 132 0.77782
00024.jpg 170 320 78 136 0.77686
00024.jpg 306 277 46 128 0.77537
00024.jpg 612 268 144 163 0.77073
00024.jpg 576 303 68 162 0.76993
00024.jpg 297 277 49 126 0.76610
00024.jpg 570 303 70 160 0.76232
00024.jpg 289 273 69 133 0.75948
00024.jpg 539 296 52 121 0.75909
00024.jpg 289 273 53 113 0.75598
00024.jpg 532 290 55 125 0.75160
00024.jpg 532 290 57 127 0.75085
00024.jpg 622 264 119 176 0.74918
00024.jpg 312 277 53 119 0.74827
00024.jpg 532 297 54 124 0.74773
00024.jpg 250 299 58 131 0.74673
00024.jpg 315 279 52 120 0.74617
00024.jpg 360 279 112 176 0.74581
00024.jpg 294 281 72 125 0.74552
00024.jpg 362 268 109 180 0.74415
00024.jpg 360 282 111 166 0.74066
00024.jpg 531 296 52 119 0.73922
00024.jpg 316 277 39 118 0.73905
00024.jpg 631 266 101 155 0.73741
00024.jpg 295 276 47 98 0.73737
00024.jpg 288 275 75 135 0.73731
00024.jpg 537 295 53 124 0.73686
00024.jpg 318 272 49 122 0.73620
00024.jpg 309 277 62 122 0.73297
00024.jpg 529 291 55 121 0.73198
00024.jpg 321 277 45 125 0.73178
00024.jpg 288 273 73 120 0.73151
00024.jpg 239 307 63 124 0.73052
00024.jpg 162 321 84 141 0.72694
00024.jpg 313 276 53 119 0.72577
00024.jpg 293 271 68 136 0.72545
00024.jpg 178 319 65 134 0.72206
00024.jpg 535 289 53 131 0.72198
00024.jpg 253 298 48 139 0.72052
00024.jpg 627 269 115 164 0.71924
00024.jpg 615 257 135 187 0.71821
00024.jpg 634 275 88 133 0.71728
00024.jpg 366 284 111 171 0.71648
00024.jpg 307 276 58 122 0.71578
00024.jpg 359 272 117 191 0.71545
00024.jpg 237 303 60 140 0.71319
00024.jpg 236 308 62 135 0.71098
00024.jpg 633 271 91 156 0.70981
00024.jpg 537 299 45 114 0.70914
00024.jpg 292 276 42 87 0.70792
00024.jpg 534 295 54 124 0.70751
00024.jpg 245 296 54 145 0.70414
00024.jpg 302 276 47 118 0.70222
00024.jpg 530 292 55 122 0.70211
00024.jpg 249 307 51 124 0.70191
00024.jpg 241 306 56 136 0.69798
00024.jpg 530 295 54 117 0.69255
00024.jpg 244 308 61 132 0.69222
00024.jpg 570 299 89 168 0.69156
00024.jpg 164 315 71 142 0.69149
00024.jpg 170 323 63 134 0.69142
00024.jpg 252 311 47 133 0.69013
00024.jpg 285 267 61 139 0.68930
00024.jpg 239 298 62 136 0.68827
00024.jpg 578 304 62 161 0.68821
00024.jpg 239 296 58 145 0.68742
00024.jpg 293 275 45 128 0.68285
00024.jpg 580 301 79 162 0.68137
00024.jpg 574 301 68 166 0.68098
00024.jpg 241 295 63 136 0.68007
00024.jpg 612 268 143 169 0.67467
00024.jpg 316 276 50 110 0.67104
00024.jpg 623 264 121 178 0.67062
00024.jpg 632 268 95 142 0.66998
00024.jpg 293 275 46 89 0.66990
00024.jpg 293 274 50 104 0.66267
00024.jpg 290 275 49 98 0.66077
00024.jpg 178 315 68 139 0.66063
00024.jpg 306 274 54 114 0.66017
00024.jpg 577 311 62 150 0.65976
00024.jpg 315 279 53 115 0.65603
00024.jpg 251 306 53 133 0.65142
00024.jpg 366 284 104 168 0.65062
00024.jpg 241 297 55 143 0.64677
00024.jpg 323 274 44 123 0.64545
00024.jpg 626 268 129 153 0.64476
00024.jpg 300 270 70 120 0.64120
00024.jpg 286 274 59 127 0.64100
00024.jpg 568 302 89 165 0.64079
00024.jpg 297 276 73 111 0.63887
00024.jpg 177 318 74 146 0.63682
00024.jpg 528 297 64 113 0.63282
00024.jpg 573 299 82 163 0.63236
00024.jpg 578 304 66 148 0.63059
00024.jpg 579 300 84 162 0.62434
00024.jpg 604 266 141 178 0.62286
00024.jpg 630 271 90 139 0.62246
00024.jpg 619 268 129 177 0.62074
00024.jpg 292 276 55 95 0.61956
00024.jpg 291 274 44 121 0.61732
00024.jpg 249 308 44 127 0.61649
00024.jpg 292 276 47 84 0.61543
00024.jpg 290 272 42 82 0.61495
00024.jpg 617 262 128 160 0.61427
00024.jpg 292 273 63 107 0.61214
00024.jpg 614 260 136 172 0.61116
00024.jpg 155 311 98 147 0.60865
00024.jpg 170 319 58 140 0.60691
00024.jpg 542 299 48 111 0.60528
00024.jpg 285 279 71 125 0.60319
00024.jpg 371 285 100 167 0.60236
00024.jpg 578 303 74 162 0.60186
00024.jpg 366 280 109 172 0.60169
00024.jpg 290 277 77 112 0.59489
00024.jpg 364 283 103 167 0.59415
00024.jpg 287 274 87 133 0.59199
00024.jpg 302 278 71 119 0.59047
00024.jpg 532 297 55 117 0.58961
00024.jpg 630 265 90 146 0.58239
00024.jpg 294 279 60 110 0.57908
00024.jpg 635 277 95 122 0.57841
00024.jpg 287 282 77 103 0.57797
00024.jpg 366 279 108 171 0.57791
00024.jpg 299 275 39 85 0.57784
00024.jpg 632 269 110 124 0.57522
00024.jpg 631 278 89 139 0.57487
00024.jpg 287 270 79 111 0.57482
00024.jpg 578 306 63 153 0.57338
00024.jpg 161 316 71 144 0.57237
00024.jpg 157 312 90 151 0.57212
00024.jpg 573 296 76 154 0.57036
00024.jpg 248 296 54 139 0.56762
00024.jpg 166 309 85 149 0.54996
00024.jpg 159 308 91 157 0.54840
00024.jpg 285 274 74 101 0.54674
00024.jpg 625 269 121 172 0.54187
00024.jpg 255 300 45 132 0.54093
00024.jpg 620 258 116 194 0.53992
00024.jpg 636 276 88 119 0.53629
00024.jpg 629 267 104 163 0.53294
00024.jpg 600 264 153 186 0.52888
00024.jpg 579 304 72 156 0.52880
00024.jpg 161 323 72 138 0.52165
00024.jpg 537 300 45 122 0.51817
00024.jpg 313 278 43 130 0.51666
00024.jpg 300 265 71 138 0.51379
00024.jpg 628 271 86 124 0.51074
00024.jpg 294 275 60 86 0.50998
00024.jpg 246 312 63 117 0.50752
00024.jpg 290 276 43 89 0.50677
00024.jpg 292 275 49 68 0.50026
00024.jpg 359 276 119 180 0.49994
