00029.jpg 659 315 44 99 0.99929
00029.jpg 661 312 40 105 0.99915
00029.jpg 402 323 68 140 0.99915
00029.jpg 243 323 56 118 0.99901
00029.jpg 403 323 66 141 0.99886
00029.jpg 242 323 57 114 0.99871
00029.jpg 241 322 61 115 0.99862
00029.jpg 404 320 61 149 0.99858
00029.jpg 664 315 42 98 0.99841
00029.jpg 170 328 53 128 0.99829
00029.jpg 171 323 58 136 0.99813
00029.jpg 319 304 43 106 0.99807
00029.jpg 242 322 61 115 0.99802
00029.jpg 166 329 59 126 0.99798
00029.jpg 244 325 57 111 0.99768
00029.jpg 168 325 60 130 0.99756
00029.jpg 403 323 68 142 0.99751
00029.jpg 526 317 63 89 0.99749
00029.jpg 655 317 51 97 0.99732
00029.jpg 175 325 53 136 0.99725
00029.jpg 242 323 62 117 0.99707
00029.jpg 239 323 63 117 0.99706
00029.jpg 403 322 66 148 0.99696
00029.jpg 402 316 65 154 0.99692
00029.jpg 168 323 59 133 0.99665
00029.jpg 522 313 63 93 0.99657
00029.jpg 524 319 60 87 0.99622
00029.jpg 241 325 60 115 0.99612
00029.jpg 170 325 55 131 0.99599
00029.jpg 400 321 68 145 0.99598
00029.jpg 403 322 65 145 0.99583
00029.jpg 175 328 46 127 0.99582
00029.jpg 524 314 65 90 0.99562
00029.jpg 241 326 61 117 0.99556
00029.jpg 663 313 41 101 0.99551
00029.jpg 168 328 60 128 0.99536
00029.jpg 315 304 47 105 0.99532
00029.jpg 405 326 58 140 0.99531
00029.jpg 315 303 50 104 0.99491
00029.jpg 240 324 66 111 0.99482
00029.jpg 403 327 64 136 0.99480
00029.jpg 240 326 63 114 0.99438
00029.jpg 316 304 51 103 0.99425
00029.jpg 522 315 68 90 0.99419
00029.jpg 242 327 61 108 0.99389
00029.jpg 171 327 54 126 0.99360
00029.jpg 166 330 61 124 0.99354
00029.jpg 171 328 56 129 0.99344
00029.jpg 405 326 63 138 0.99331
00029.jpg 319 304 47 103 0.99310
00029.jpg 521 316 71 93 0.99309
00029.jpg 524 315 68 92 0.99285
00029.jpg 241 324 63 114 0.99245
00029.jpg 523 317 63 90 0.99243
00029.jpg 404 327 62 137 0.99242
00029.jpg 241 327 60 113 0.99240
00029.jpg 659 317 47 98 0.99231
00029.jpg 239 323 64 113 0.99208
00029.jpg 526 316 64 93 0.99207
00029.jpg 174 327 53 128 0.99200
00029.jpg 313 303 50 105 0.99130
00029.jpg 401 322 69 144 0.99124
00029.jpg 526 317 60 88 0.99109
00029.jpg 527 319 58 87 0.99066
00029.jpg 315 304 45 105 0.99061
00029.jpg 171 327 54 128 0.99048
00029.jpg 170 328 52 127 0.99045
00029.jpg 405 320 61 146 0.99031
00029.jpg 243 325 55 111 0.99017
00029.jpg 242 328 61 106 0.98991
00029.jpg 237 321 67 116 0.98980
00029.jpg 243 326 59 112 0.98916
00029.jpg 243 326 57 110 0.98899
00029.jpg 245 325 54 114 0.98886
00029.jpg 314 302 51 106 0.98880
00029.jpg 402 322 67 145 0.98874
00029.jpg 317 305 42 103 0.98870
00029.jpg 176 327 49 129 0.98842
00029.jpg 406 320 60 147 0.98834
00029.jpg 526 319 55 90 0.98813
00029.jpg 522 316 62 92 0.98771
00029.jpg 399 328 72 137 0.98768
00029.jpg 171 328 56 125 0.98753
00029.jpg 662 316 45 96 0.98742
00029.jpg 525 313 58 98 0.98707
00029.jpg 241 325 63 111 0.98698
00029.jpg 401 327 71 139 0.98685
00029.jpg 172 327 54 130 0.98673
00029.jpg 241 323 61 117 0.98669
00029.jpg 169 328 58 127 0.98629
00029.jpg 242 326 58 114 0.98613
00029.jpg 520 318 70 88 0.98532
00029.jpg 523 313 65 93 0.98527
00029.jpg 313 304 51 103 0.98496
00029.jpg 316 303 45 108 0.98466
00029.jpg 403 326 65 140 0.98457
00029.jpg 400 325 70 138 0.98428
00029.jpg 662 315 46 100 0.98427
00029.jpg 241 326 56 109 0.98414
00029.jpg 661 317 42 98 0.98396
00029.jpg 525 316 62 90 0.98376
00029.jpg 402 322 68 144 0.98339
00029.jpg 240 323 63 117 0.98332
00029.jpg 243 329 56 106 0.98299
00029.jpg 238 321 66 117 0.98243
00029.jpg 171 330 52 126 0.98140
00029.jpg 170 328 54 128 0.98095
00029.jpg 660 318 43 95 0.98080
00029.jpg 526 315 61 92 0.98072
00029.jpg 662 315 43 99 0.98049
00029.jpg 313 300 50 111 0.97954
00029.jpg 659 317 43 97 0.97927
00029.jpg 659 314 41 100 0.97903
00029.jpg 403 324 70 137 0.97879
00029.jpg 526 315 65 92 0.97844
00029.jpg 238 327 69 106 0.97843
00029.jpg 171 329 56 124 0.97841
00029.jpg 404 316 60 151 0.97831
00029.jpg 241 325 63 113 0.97828
00029.jpg 399 325 74 140 0.97816
00029.jpg 403 324 65 141 0.97807
00029.jpg 167 324 60 132 0.97804
00029.jpg 316 304 43 104 0.97801
00029.jpg 313 304 48 103 0.97775
00029.jpg 168 329 57 127 0.97741
00029.jpg 524 313 62 97 0.97613
00029.jpg 405 323 60 145 0.97560
00029.jpg 403 327 64 140 0.97558
00029.jpg 659 314 48 101 0.97552
00029.jpg 404 323 66 144 0.97518
00029.jpg 170 329 58 125 0.97517
00029.jpg 523 316 66 93 0.97499
00029.jpg 523 317 63 91 0.97498
00029.jpg 315 305 47 100 0.97497
00029.jpg 319 309 42 97 0.97472
00029.jpg 404 324 66 143 0.97466
00029.jpg 168 327 58 128 0.97423
00029.jpg 240 325 64 111 0.97404
00029.jpg 660 315 44 97 0.97357
00029.jpg 662 319 40 95 0.97356
00029.jpg 240 325 60 115 0.97354
00029.jpg 315 303 50 106 0.97333
00029.jpg 661 315 41 100 0.97317
00029.jpg 405 325 67 143 0.97277
00029.jpg 658 316 50 96 0.97271
00029.jpg 660 317 42 95 0.97265
00029.jpg 313 301 49 106 0.97242
00029.jpg 314 302 50 109 0.97240
00029.jpg 312 308 50 97 0.97202
00029.jpg 170 327 56 129 0.97177
00029.jpg 314 305 48 105 0.97164
00029.jpg 171 331 48 127 0.97152
00029.jpg 403 327 68 136 0.97147
00029.jpg 407 321 64 143 0.97066
00029.jpg 659 317 46 97 0.97052
00029.jpg 524 315 65 93 0.96980
00029.jpg 522 317 69 91 0.96957
00029.jpg 244 323 57 117 0.96888
00029.jpg 525 319 64 86 0.96873
00029.jpg 523 317 68 89 0.96842
00029.jpg 243 326 57 110 0.96824
00029.jpg 317 305 48 101 0.96819
00029.jpg 171 328 54 125 0.96760
00029.jpg 170 327 60 132 0.96750
00029.jpg 663 318 39 89 0.96748
00029.jpg 660 316 41 93 0.96743
00029.jpg 658 315 44 102 0.96728
00029.jpg 239 325 64 109 0.96630
00029.jpg 527 319 58 90 0.96607
00029.jpg 661 317 44 93 0.96595
00029.jpg 403 320 64 147 0.96547
00029.jpg 523 317 61 91 0.96516
00029.jpg 528 314 58 89 0.96502
00029.jpg 244 326 61 109 0.96467
00029.jpg 524 316 63 94 0.96461
00029.jpg 240 328 63 105 0.96455
00029.jpg 401 322 64 147 0.96439
00029.jpg 167 331 59 123 0.96437
00029.jpg 662 316 42 95 0.96402
00029.jpg 524 316 56 92 0.96320
00029.jpg 315 302 46 105 0.96220
00029.jpg 239 323 61 121 0.96177
00029.jpg 660 314 45 95 0.96157
00029.jpg 403 323 71 147 0.95969
00029.jpg 659 315 44 98 0.95860
00029.jpg 169 328 54 127 0.95692
00029.jpg 521 317 67 89 0.95661
00029.jpg 403 325 63 142 0.95655
00029.jpg 400 324 68 138 0.95634
00029.jpg 315 302 50 107 0.95578
00029.jpg 170 331 54 121 0.95554
00029.jpg 662 316 41 94 0.95475
00029.jpg 246 325 52 111 0.95336
00029.jpg 402 313 67 156 0.95281
00029.jpg 317 302 47 112 0.95217
00029.jpg 528 315 59 91 0.95199
00029.jpg 402 315 64 152 0.95143
00029.jpg 525 317 63 85 0.95088
00029.jpg 658 314 48 96 0.95013
00029.jpg 522 320 71 89 0.95008
00029.jpg 312 303 54 107 0.94962
00029.jpg 314 305 48 102 0.94873
00029.jpg 242 327 59 111 0.94848
00029.jpg 522 314 70 94 0.94828
00029.jpg 525 320 65 86 0.94827
00029.jpg 243 326 57 111 0.94816
00029.jpg 525 316 66 89 0.94811
00029.jpg 659 315 47 98 0.94692
00029.jpg 403 317 66 154 0.94662
00029.jpg 171 331 60 118 0.94615
00029.jpg 658 316 41 99 0.94585
00029.jpg 316 303 46 104 0.94575
00029.jpg 169 332 55 124 0.94485
00029.jpg 239 327 62 106 0.94365
00029.jpg 523 316 64 90 0.94309
00029.jpg 318 301 45 107 0.94300
00029.jpg 318 302 46 108 0.94147
00029.jpg 657 317 48 96 0.94103
00029.jpg 526 316 67 86 0.93994
00029.jpg 660 314 45 100 0.93991
00029.jpg 314 301 52 106 0.93872
00029.jpg 171 331 60 121 0.93850
00029.jpg 401 321 61 148 0.93815
00029.jpg 175 331 47 126 0.93735
00029.jpg 661 318 45 92 0.93644
00029.jpg 404 324 69 139 0.93626
00029.jpg 522 319 66 85 0.93517
00029.jpg 315 301 49 105 0.93348
00029.jpg 238 324 66 118 0.93321
00029.jpg 315 301 48 103 0.93275
00029.jpg 525 319 59 88 0.93169
00029.jpg 169 326 60 127 0.93066
00029.jpg 171 331 52 129 0.93012
00029.jpg 315 302 53 105 0.92937
00029.jpg 314 302 50 105 0.92928
00029.jpg 524 319 58 88 0.92861
00029.jpg 663 316 43 96 0.92773
00029.jpg 169 327 55 128 0.92708
00029.jpg 401 323 62 139 0.92699
00029.jpg 174 329 58 125 0.92687
00029.jpg 399 319 73 146 0.92672
00029.jpg 663 316 43 100 0.92581
00029.jpg 404 327 65 135 0.92435
00029.jpg 238 320 61 122 0.92275
00029.jpg 244 326 54 113 0.92232
00029.jpg 316 300 50 111 0.92155
00029.jpg 171 329 59 129 0.92146
00029.jpg 170 328 49 130 0.92080
00029.jpg 405 325 66 136 0.91851
00029.jpg 309 301 57 109 0.91664
00029.jpg 404 329 67 131 0.91628
00029.jpg 173 323 58 134 0.91473
00029.jpg 239 324 65 112 0.91463
00029.jpg 525 316 62 96 0.91392
00029.jpg 522 317 67 91 0.91309
00029.jpg 239 327 64 109 0.91154
00029.jpg 524 315 67 90 0.90997
00029.jpg 527 316 67 89 0.90975
00029.jpg 174 328 51 127 0.90958
00029.jpg 660 318 47 90 0.90923
00029.jpg 522 316 69 90 0.90744
00029.jpg 310 300 55 107 0.90705
00029.jpg 170 332 46 120 0.90434
00029.jpg 523 314 66 93 0.90324
00029.jpg 402 318 63 152 0.90123
00029.jpg 315 302 47 104 0.90088
00029.jpg 521 315 73 95 0.90006
00029.jpg 532 316 50 90 0.90004
00029.jpg 169 329 56 125 0.90003
00029.jpg 656 317 46 96 0.89829
00029.jpg 167 326 58 138 0.89787
00029.jpg 243 326 62 109 0.89635
00029.jpg 522 318 60 90 0.89475
00029.jpg 167 330 54 125 0.89368
00029.jpg 529 317 57 83 0.89313
00029.jpg 659 314 43 95 0.89240
00029.jpg 403 327 66 137 0.88934
00029.jpg 403 323 65 144 0.88316
00029.jpg 404 318 66 150 0.88237
00029.jpg 657 317 46 93 0.88138
00029.jpg 311 306 54 100 0.88044
00029.jpg 165 328 61 129 0.87997
00029.jpg 665 314 39 98 0.87861
00029.jpg 406 322 65 143 0.87635
00029.jpg 520 319 60 91 0.87266
00029.jpg 531 315 60 88 0.87182
00029.jpg 519 317 66 93 0.87108
00029.jpg 657 316 44 90 0.87078
00029.jpg 314 305 50 103 0.86918
00029.jpg 169 329 63 128 0.86845
00029.jpg 172 327 54 131 0.86599
00029.jpg 519 315 70 90 0.86545
00029.jpg 174 329 58 126 0.86286
00029.jpg 317 303 48 109 0.86227
00029.jpg 406 319 62 148 0.85998
00029.jpg 533 315 52 90 0.85971
00029.jpg 312 301 56 105 0.85701
00029.jpg 409 327 60 139 0.85552
00029.jpg 528 314 60 90 0.85551
00029.jpg 528 321 52 87 0.85477
00029.jpg 664 315 40 91 0.85281
00029.jpg 662 317 45 97 0.85275
00029.jpg 182 323 47 130 0.85253
00029.jpg 519 318 63 91 0.85092
00029.jpg 310 303 54 102 0.84815
00029.jpg 312 303 52 107 0.84782
00029.jpg 175 326 51 128 0.84304
00029.jpg 173 329 58 123 0.84096
00029.jpg 312 306 46 99 0.83858
00029.jpg 656 316 50 92 0.83758
00029.jpg 521 319 72 90 0.83647
00029.jpg 522 316 73 85 0.83229
00029.jpg 312 299 52 108 0.83227
00029.jpg 168 333 45 125 0.82846
00029.jpg 528 314 62 94 0.82563
00029.jpg 170 332 60 127 0.82502
00029.jpg 408 325 65 133 0.82384
00029.jpg 657 314 43 94 0.82324
00029.jpg 521 319 69 91 0.82295
00029.jpg 662 315 43 101 0.82085
00029.jpg 177 328 46 127 0.81923
00029.jpg 399 325 69 136 0.81277
00029.jpg 168 328 57 133 0.81262
00029.jpg 401 329 67 133 0.81252
00029.jpg 244 325 64 106 0.81246
00029.jpg 239 324 69 108 0.80580
00029.jpg 656 324 44 87 0.80479
00029.jpg 659 317 45 101 0.80347
00029.jpg 402 327 64 137 0.80283
00029.jpg 658 312 47 98 0.80220
00029.jpg 170 319 63 137 0.80081
00029.jpg 518 317 69 89 0.80064
00029.jpg 652 314 54 100 0.79977
00029.jpg 243 328 70 104 0.79879
00029.jpg 313 301 52 112 0.79874
00029.jpg 525 318 55 90 0.79706
00029.jpg 527 320 68 82 0.79470
00029.jpg 242 327 68 107 0.79413
00029.jpg 313 299 49 112 0.79273
00029.jpg 233 324 68 122 0.78937
00029.jpg 525 317 68 89 0.78829
00029.jpg 313 299 50 110 0.78165
00029.jpg 247 325 61 117 0.78111
00029.jpg 167 326 61 132 0.78037
00029.jpg 660 318 42 97 0.77963
00029.jpg 408 329 65 130 0.77466
00029.jpg 168 328 52 128 0.77400
00029.jpg 527 318 55 91 0.77362
00029.jpg 238 321 66 108 0.76706
00029.jpg 313 303 51 106 0.76497
00029.jpg 167 318 59 136 0.76343
00029.jpg 404 335 68 119 0.76251
00029.jpg 237 325 66 103 0.76177
00029.jpg 311 306 55 101 0.75751
00029.jpg 658 318 46 91 0.75639
00029.jpg 525 319 68 86 0.75552
00029.jpg 311 308 55 101 0.74622
00029.jpg 169 324 55 130 0.74055
00029.jpg 317 308 46 97 0.74042
00029.jpg 181 329 48 122 0.73546
00029.jpg 174 322 60 134 0.73387
00029.jpg 403 328 62 133 0.73092
00029.jpg 247 326 61 104 0.72983
00029.jpg 171 327 57 126 0.72950
00029.jpg 403 326 58 140 0.72639
00029.jpg 520 317 71 94 0.72598
00029.jpg 185 325 43 130 0.72524
00029.jpg 531 315 62 84 0.72520
00029.jpg 174 332 59 124 0.72163
00029.jpg 169 324 61 135 0.72107
00029.jpg 401 311 69 161 0.71979
00029.jpg 320 299 47 103 0.71873
00029.jpg 524 317 70 86 0.71495
00029.jpg 653 317 53 100 0.71133
00029.jpg 527 315 61 88 0.71025
00029.jpg 313 300 48 105 0.71020
00029.jpg 242 322 53 114 0.71016
00029.jpg 535 316 57 94 0.70764
00029.jpg 311 303 48 108 0.70682
00029.jpg 176 330 54 124 0.70667
00029.jpg 535 312 51 88 0.70623
00029.jpg 246 324 56 113 0.70446
00029.jpg 399 320 69 145 0.70446
00029.jpg 663 316 45 91 0.70418
00029.jpg 665 313 43 98 0.69067
00029.jpg 656 314 44 91 0.68385
00029.jpg 656 316 52 99 0.67765
00029.jpg 654 315 47 95 0.67704
00029.jpg 307 301 62 108 0.67508
00029.jpg 529 314 60 96 0.66913
00029.jpg 238 328 63 107 0.66647
00029.jpg 654 317 45 88 0.66239
00029.jpg 657 314 47 106 0.65895
00029.jpg 242 322 70 115 0.65833
00029.jpg 310 304 48 105 0.65641
00029.jpg 232 326 68 116 0.65210
00029.jpg 322 301 44 105 0.64542
00029.jpg 247 322 57 114 0.64420
00029.jpg 322 302 44 110 0.64263
00029.jpg 521 317 55 91 0.64072
00029.jpg 238 318 67 115 0.63827
00029.jpg 398 320 71 141 0.62991
00029.jpg 660 316 46 95 0.62840
00029.jpg 522 317 49 93 0.62312
00029.jpg 305 304 58 110 0.62178
00029.jpg 182 327 46 120 0.62045
00029.jpg 240 324 71 109 0.61893
00029.jpg 316 304 50 101 0.60609
00029.jpg 535 313 56 86 0.59769
00029.jpg 165 327 54 127 0.59171
00029.jpg 404 328 61 142 0.58194
00029.jpg 310 299 55 112 0.58013
00029.jpg 308 302 51 105 0.56687
00029.jpg 171 329 62 125 0.56485
00029.jpg 167 330 44 126 0.56401
00029.jpg 522 317 75 91 0.56233
00029.jpg 166 329 49 127 0.55516
00029.jpg 530 312 55 90 0.55474
00029.jpg 653 316 54 92 0.55357
00029.jpg 657 313 49 73 0.55165
00029.jpg 401 322 64 142 0.54617
00029.jpg 656 320 46 89 0.54375
00029.jpg 520 315 52 96 0.54283
00029.jpg 169 330 48 125 0.54244
00029.jpg 530 313 66 94 0.54053
00029.jpg 531 316 50 93 0.53747
00029.jpg 620 333 43 61 0.53144
00029.jpg 179 327 52 132 0.52991
00029.jpg 526 318 70 88 0.52959
00029.jpg 191 286 16 18 0.52634
00029.jpg 656 315 49 108 0.52246
00029.jpg 518 316 58 91 0.52244
00029.jpg 663 315 46 97 0.52104
00029.jpg 400 325 66 141 0.51892
00029.jpg 179 330 51 127 0.50983
00029.jpg 402 324 70 137 0.50747
00029.jpg 404 320 68 148 0.50737
00029.jpg 172 336 52 114 0.50112
