00038.jpg 156 279 69 175 0.99864
00038.jpg 383 272 71 187 0.99863
00038.jpg 157 280 72 170 0.99841
00038.jpg 379 270 75 191 0.99822
00038.jpg 384 268 71 200 0.99776
00038.jpg 159 280 70 174 0.99768
00038.jpg 534 264 87 206 0.99754
00038.jpg 154 276 71 182 0.99716
00038.jpg 528 273 104 187 0.99713
00038.jpg 533 272 94 194 0.99676
00038.jpg 526 275 104 191 0.99662
00038.jpg 381 266 74 195 0.99642
00038.jpg 663 315 38 91 0.99614
00038.jpg 313 295 49 109 0.99553
00038.jpg 660 312 39 96 0.99548
00038.jpg 316 301 48 104 0.99477
00038.jpg 377 273 79 193 0.99474
00038.jpg 154 280 73 174 0.99461
00038.jpg 379 272 72 185 0.99445
00038.jpg 160 276 68 180 0.99424
00038.jpg 527 272 98 190 0.99418
00038.jpg 158 277 65 177 0.99397
00038.jpg 156 275 72 185 0.99388
00038.jpg 157 277 67 176 0.99375
00038.jpg 530 272 97 199 0.99362
00038.jpg 157 275 68 183 0.99353
00038.jpg 159 278 66 175 0.99346
00038.jpg 157 277 68 175 0.99308
00038.jpg 526 273 105 187 0.99297
00038.jpg 162 272 63 185 0.99284
00038.jpg 537 276 88 191 0.99271
00038.jpg 160 272 64 186 0.99247
00038.jpg 529 270 100 186 0.99230
00038.jpg 158 276 69 180 0.99216
00038.jpg 318 303 44 100 0.99202
00038.jpg 379 270 77 190 0.99192
00038.jpg 623 326 41 103 0.99170
00038.jpg 533 266 95 196 0.99126
00038.jpg 158 275 67 181 0.99124
00038.jpg 624 324 41 105 0.99111
00038.jpg 156 275 69 179 0.99088
00038.jpg 528 268 99 202 0.99087
00038.jpg 526 273 99 193 0.99066
00038.jpg 380 269 70 192 0.99043
00038.jpg 534 274 98 191 0.99037
00038.jpg 382 270 71 195 0.99009
00038.jpg 663 315 37 87 0.98987
00038.jpg 381 272 67 196 0.98963
00038.jpg 527 271 101 199 0.98955
00038.jpg 380 272 74 190 0.98933
00038.jpg 381 267 74 194 0.98933
00038.jpg 157 282 72 170 0.98867
00038.jpg 619 321 41 110 0.98863
00038.jpg 315 299 48 105 0.98837
00038.jpg 313 300 48 103 0.98806
00038.jpg 661 312 41 94 0.98731
00038.jpg 382 261 72 200 0.98726
00038.jpg 381 271 73 196 0.98712
00038.jpg 155 272 72 186 0.98710
00038.jpg 378 264 76 202 0.98690
00038.jpg 527 279 100 178 0.98675
00038.jpg 381 277 74 184 0.98666
00038.jpg 384 268 68 192 0.98644
00038.jpg 659 313 40 92 0.98636
00038.jpg 317 300 44 104 0.98614
00038.jpg 159 276 70 181 0.98570
00038.jpg 156 280 72 173 0.98543
00038.jpg 316 299 49 104 0.98519
00038.jpg 383 274 70 188 0.98514
00038.jpg 379 269 75 195 0.98495
00038.jpg 156 277 73 182 0.98483
00038.jpg 315 301 47 102 0.98473
00038.jpg 526 266 98 195 0.98442
00038.jpg 380 268 71 191 0.98433
00038.jpg 157 273 67 181 0.98420
00038.jpg 656 312 46 100 0.98397
00038.jpg 314 301 51 100 0.98378
00038.jpg 378 265 78 203 0.98375
00038.jpg 162 274 65 186 0.98366
00038.jpg 527 272 98 194 0.98358
00038.jpg 619 322 43 109 0.98355
00038.jpg 380 274 75 187 0.98348
00038.jpg 155 274 73 179 0.98306
00038.jpg 661 315 38 91 0.98266
00038.jpg 660 315 40 92 0.98242
00038.jpg 158 280 69 173 0.98223
00038.jpg 663 314 37 93 0.98215
00038.jpg 380 273 80 188 0.98202
00038.jpg 380 276 75 186 0.98169
00038.jpg 662 313 35 97 0.98167
00038.jpg 156 280 71 173 0.98090
00038.jpg 379 267 71 200 0.98077
00038.jpg 155 268 74 192 0.98072
00038.jpg 380 268 75 196 0.98015
00038.jpg 157 270 69 184 0.98007
00038.jpg 317 303 44 98 0.97933
00038.jpg 618 321 49 112 0.97892
00038.jpg 156 282 72 167 0.97864
00038.jpg 379 271 75 191 0.97822
00038.jpg 382 275 73 186 0.97782
00038.jpg 379 272 71 188 0.97716
00038.jpg 528 274 104 186 0.97688
00038.jpg 384 269 70 199 0.97677
00038.jpg 521 270 113 185 0.97633
00038.jpg 530 268 93 199 0.97624
00038.jpg 316 299 49 102 0.97566
00038.jpg 528 275 96 180 0.97501
00038.jpg 526 275 102 187 0.97457
00038.jpg 314 298 47 110 0.97330
00038.jpg 525 270 104 190 0.97328
00038.jpg 159 273 62 183 0.97216
00038.jpg 155 282 72 171 0.97215
00038.jpg 621 326 43 104 0.97080
00038.jpg 317 303 42 97 0.97070
00038.jpg 382 271 71 189 0.97025
00038.jpg 380 273 72 188 0.97001
00038.jpg 158 280 68 173 0.96997
00038.jpg 317 305 44 94 0.96989
00038.jpg 317 306 44 94 0.96989
00038.jpg 534 273 97 194 0.96968
00038.jpg 380 273 72 191 0.96954
00038.jpg 317 300 48 104 0.96945
00038.jpg 529 277 103 180 0.96876
00038.jpg 531 283 103 172 0.96828
00038.jpg 157 278 69 172 0.96812
00038.jpg 380 274 76 187 0.96738
00038.jpg 314 300 46 105 0.96703
00038.jpg 659 307 47 101 0.96685
00038.jpg 663 313 37 91 0.96561
00038.jpg 158 274 71 182 0.96523
00038.jpg 529 267 100 196 0.96481
00038.jpg 314 301 49 104 0.96437
00038.jpg 314 302 49 102 0.96382
00038.jpg 379 275 74 186 0.96161
00038.jpg 384 266 68 199 0.96090
00038.jpg 521 277 108 189 0.96075
00038.jpg 621 325 40 110 0.95986
00038.jpg 621 320 46 109 0.95984
00038.jpg 525 273 110 192 0.95983
00038.jpg 526 273 108 189 0.95931
00038.jpg 156 278 71 178 0.95914
00038.jpg 622 328 41 99 0.95901
00038.jpg 540 269 86 192 0.95892
00038.jpg 531 264 99 202 0.95804
00038.jpg 662 315 39 91 0.95752
00038.jpg 383 271 74 189 0.95734
00038.jpg 384 271 70 190 0.95597
00038.jpg 315 299 50 106 0.95325
00038.jpg 622 325 42 100 0.95262
00038.jpg 529 273 104 185 0.95235
00038.jpg 383 274 72 191 0.95206
00038.jpg 381 265 69 200 0.95195
00038.jpg 381 266 71 194 0.95181
00038.jpg 664 315 36 85 0.95175
00038.jpg 316 304 46 96 0.95162
00038.jpg 160 279 64 172 0.95141
00038.jpg 314 302 49 99 0.95140
00038.jpg 159 269 69 187 0.95052
00038.jpg 532 286 94 166 0.95040
00038.jpg 530 266 98 199 0.94956
00038.jpg 315 301 50 103 0.94953
00038.jpg 159 276 63 178 0.94897
00038.jpg 528 275 104 183 0.94802
00038.jpg 535 266 93 199 0.94779
00038.jpg 530 276 98 188 0.94610
00038.jpg 621 324 42 104 0.94578
00038.jpg 157 279 66 175 0.94572
00038.jpg 382 271 70 192 0.94518
00038.jpg 659 314 39 98 0.94516
00038.jpg 315 299 50 101 0.94459
00038.jpg 665 313 37 89 0.94385
00038.jpg 524 271 109 190 0.94326
00038.jpg 661 314 42 94 0.94234
00038.jpg 316 300 50 98 0.94100
00038.jpg 314 301 54 102 0.94045
00038.jpg 527 271 102 194 0.93983
00038.jpg 531 278 102 177 0.93880
00038.jpg 527 269 99 196 0.93859
00038.jpg 315 300 49 106 0.93838
00038.jpg 159 278 64 177 0.93714
00038.jpg 318 303 44 97 0.93579
00038.jpg 316 302 49 98 0.93572
00038.jpg 540 278 83 171 0.93547
00038.jpg 661 320 39 86 0.93487
00038.jpg 620 330 40 97 0.93485
00038.jpg 662 313 40 93 0.93319
00038.jpg 624 324 37 108 0.93269
00038.jpg 620 321 45 108 0.93249
00038.jpg 153 281 67 169 0.93237
00038.jpg 621 327 42 95 0.93215
00038.jpg 156 278 67 178 0.93059
00038.jpg 623 324 41 99 0.93050
00038.jpg 378 271 77 192 0.92874
00038.jpg 662 318 39 87 0.92744
00038.jpg 529 272 97 186 0.92717
00038.jpg 155 270 74 189 0.92508
00038.jpg 317 301 47 99 0.91958
00038.jpg 157 272 73 188 0.91829
00038.jpg 315 299 46 104 0.91816
00038.jpg 661 313 43 89 0.91770
00038.jpg 380 277 77 183 0.91351
00038.jpg 620 323 45 110 0.91202
00038.jpg 524 283 109 178 0.91184
00038.jpg 619 322 44 109 0.91069
00038.jpg 383 266 69 196 0.90975
00038.jpg 622 325 46 102 0.90948
00038.jpg 157 274 73 182 0.90890
00038.jpg 618 325 48 100 0.90889
00038.jpg 534 266 97 199 0.90875
00038.jpg 529 271 100 183 0.90768
00038.jpg 315 300 46 100 0.90711
00038.jpg 529 274 90 180 0.89990
00038.jpg 383 268 71 191 0.89959
00038.jpg 533 266 95 200 0.89917
00038.jpg 525 285 98 171 0.89915
00038.jpg 527 273 98 190 0.89725
00038.jpg 158 273 69 180 0.89725
00038.jpg 522 276 112 184 0.89471
00038.jpg 535 281 89 174 0.89262
00038.jpg 382 273 76 192 0.89093
00038.jpg 620 324 45 108 0.88974
00038.jpg 528 272 100 190 0.88918
00038.jpg 160 277 68 177 0.88915
00038.jpg 533 279 97 186 0.88802
00038.jpg 317 300 44 101 0.88792
00038.jpg 318 303 45 103 0.88770
00038.jpg 314 298 49 109 0.88479
00038.jpg 533 287 97 169 0.88121
00038.jpg 378 272 81 197 0.87935
00038.jpg 658 318 38 88 0.87804
00038.jpg 161 278 66 173 0.87445
00038.jpg 654 311 49 103 0.87409
00038.jpg 660 313 44 94 0.87269
00038.jpg 383 269 79 195 0.87266
00038.jpg 158 279 72 175 0.87037
00038.jpg 152 271 74 183 0.86983
00038.jpg 150 274 78 182 0.86919
00038.jpg 312 304 47 99 0.86908
00038.jpg 524 277 111 175 0.86871
00038.jpg 314 295 49 107 0.86796
00038.jpg 621 321 38 115 0.86665
00038.jpg 627 326 37 95 0.86556
00038.jpg 658 314 44 97 0.86529
00038.jpg 540 269 90 196 0.86435
00038.jpg 623 327 38 102 0.86188
00038.jpg 153 279 73 163 0.86173
00038.jpg 156 281 69 170 0.86142
00038.jpg 316 303 42 102 0.86030
00038.jpg 379 272 72 191 0.85946
00038.jpg 320 303 45 101 0.85773
00038.jpg 373 267 82 196 0.85710
00038.jpg 665 314 39 91 0.85661
00038.jpg 621 323 44 109 0.85492
00038.jpg 240 321 63 112 0.85416
00038.jpg 666 314 38 88 0.85392
00038.jpg 153 270 72 182 0.85198
00038.jpg 155 280 68 171 0.84897
00038.jpg 315 299 46 104 0.84889
00038.jpg 627 325 36 99 0.84829
00038.jpg 313 304 48 94 0.84811
00038.jpg 624 326 41 99 0.84614
00038.jpg 311 294 56 109 0.84182
00038.jpg 318 298 47 109 0.84126
00038.jpg 160 274 63 183 0.83959
00038.jpg 314 298 50 111 0.83766
00038.jpg 153 277 72 175 0.83750
00038.jpg 372 271 84 196 0.83414
00038.jpg 525 265 106 209 0.83409
00038.jpg 658 312 46 96 0.83374
00038.jpg 657 313 41 98 0.83150
00038.jpg 313 302 42 99 0.83047
00038.jpg 549 270 80 184 0.82939
00038.jpg 156 271 74 186 0.82927
00038.jpg 237 320 73 104 0.82901
00038.jpg 317 306 49 91 0.82836
00038.jpg 157 282 68 167 0.82683
00038.jpg 162 279 66 172 0.82637
00038.jpg 623 326 44 96 0.82454
00038.jpg 657 317 39 88 0.81842
00038.jpg 313 295 53 105 0.81776
00038.jpg 655 312 49 90 0.81488
00038.jpg 536 271 94 183 0.81302
00038.jpg 236 317 65 106 0.81302
00038.jpg 311 302 47 99 0.81190
00038.jpg 665 309 40 93 0.80892
00038.jpg 624 319 50 107 0.80867
00038.jpg 655 312 39 97 0.80372
00038.jpg 380 270 72 188 0.80371
00038.jpg 320 298 46 102 0.80253
00038.jpg 314 304 43 99 0.80025
00038.jpg 620 319 43 106 0.79835
00038.jpg 618 323 54 104 0.79283
00038.jpg 314 296 52 107 0.79224
00038.jpg 658 317 38 84 0.78760
00038.jpg 657 316 41 84 0.78760
00038.jpg 657 309 45 101 0.78278
00038.jpg 531 279 93 162 0.78223
00038.jpg 533 277 90 176 0.78104
00038.jpg 389 273 62 179 0.77974
00038.jpg 536 264 96 191 0.77694
00038.jpg 378 272 77 193 0.77673
00038.jpg 620 322 40 107 0.77547
00038.jpg 618 323 43 102 0.77543
00038.jpg 235 318 79 114 0.77411
00038.jpg 536 272 93 173 0.77227
00038.jpg 535 286 103 168 0.77219
00038.jpg 623 324 44 100 0.77167
00038.jpg 617 329 42 96 0.77053
00038.jpg 318 305 49 93 0.76625
00038.jpg 385 275 64 192 0.76514
00038.jpg 161 280 65 170 0.76441
00038.jpg 618 325 51 105 0.76025
00038.jpg 615 321 44 115 0.76000
00038.jpg 384 266 71 198 0.75633
00038.jpg 314 302 51 99 0.75513
00038.jpg 661 315 43 90 0.75388
00038.jpg 665 315 40 83 0.75141
00038.jpg 617 314 53 119 0.74662
00038.jpg 658 310 48 95 0.74605
00038.jpg 232 315 76 113 0.74458
00038.jpg 666 316 32 83 0.73911
00038.jpg 616 318 51 112 0.73780
00038.jpg 381 270 70 188 0.73462
00038.jpg 238 319 66 117 0.73302
00038.jpg 231 318 71 120 0.72935
00038.jpg 526 263 109 201 0.72605
00038.jpg 381 268 71 190 0.72243
00038.jpg 375 262 79 203 0.72219
00038.jpg 527 286 99 162 0.71836
00038.jpg 159 276 67 176 0.71180
00038.jpg 626 328 40 99 0.71043
00038.jpg 521 266 100 203 0.70493
00038.jpg 615 318 49 120 0.70239
00038.jpg 153 275 70 184 0.69817
00038.jpg 237 318 75 115 0.69664
00038.jpg 236 312 75 116 0.69430
00038.jpg 162 270 74 183 0.69342
00038.jpg 230 318 77 116 0.69150
00038.jpg 157 282 69 173 0.69038
00038.jpg 233 317 90 102 0.68931
00038.jpg 238 324 64 106 0.68861
00038.jpg 658 313 39 89 0.68778
00038.jpg 664 312 39 92 0.68730
00038.jpg 237 318 73 106 0.68657
00038.jpg 617 322 43 107 0.67756
00038.jpg 619 318 49 109 0.67516
00038.jpg 320 298 46 100 0.67372
00038.jpg 157 277 73 180 0.67254
00038.jpg 527 279 107 180 0.67121
00038.jpg 671 313 34 82 0.66986
00038.jpg 240 314 66 115 0.66865
00038.jpg 315 302 51 92 0.66381
00038.jpg 239 317 58 122 0.66339
00038.jpg 164 279 62 168 0.66272
00038.jpg 621 322 46 106 0.65663
00038.jpg 658 311 33 93 0.65332
00038.jpg 660 311 42 91 0.64823
00038.jpg 233 314 69 110 0.64728
00038.jpg 233 321 85 111 0.64469
00038.jpg 235 319 64 114 0.64291
00038.jpg 614 324 45 104 0.64026
00038.jpg 381 273 73 191 0.63933
00038.jpg 542 272 82 171 0.63724
00038.jpg 676 311 29 81 0.63548
00038.jpg 310 307 46 96 0.63455
00038.jpg 526 278 104 181 0.63233
00038.jpg 153 282 69 171 0.63031
00038.jpg 318 298 44 102 0.62279
00038.jpg 242 328 62 92 0.62021
00038.jpg 655 316 44 97 0.61413
00038.jpg 525 278 101 176 0.61056
00038.jpg 620 321 53 100 0.60865
00038.jpg 382 278 65 183 0.60701
00038.jpg 240 307 79 111 0.60232
00038.jpg 624 322 40 99 0.60166
00038.jpg 520 280 109 182 0.59756
00038.jpg 307 288 50 121 0.59254
00038.jpg 320 304 46 99 0.59159
00038.jpg 534 280 96 190 0.59081
00038.jpg 389 270 60 191 0.58895
00038.jpg 527 262 109 208 0.58828
00038.jpg 538 286 101 167 0.58798
00038.jpg 525 279 104 183 0.58667
00038.jpg 523 277 103 193 0.58510
00038.jpg 655 308 51 104 0.58503
00038.jpg 537 282 108 169 0.58296
00038.jpg 527 286 94 169 0.58072
00038.jpg 376 276 74 180 0.57855
00038.jpg 622 321 43 97 0.57056
00038.jpg 235 336 75 87 0.56955
00038.jpg 533 266 101 187 0.56922
00038.jpg 666 311 37 99 0.56865
00038.jpg 385 266 70 196 0.56853
00038.jpg 382 266 71 203 0.56501
00038.jpg 620 328 41 104 0.56332
00038.jpg 233 323 66 106 0.56326
00038.jpg 375 275 81 180 0.56247
00038.jpg 524 267 107 193 0.56236
00038.jpg 379 270 70 192 0.56179
00038.jpg 623 319 46 113 0.55707
00038.jpg 235 321 68 97 0.55518
00038.jpg 158 276 69 169 0.54903
00038.jpg 625 320 45 104 0.54687
00038.jpg 618 317 50 113 0.54625
00038.jpg 543 277 90 191 0.53545
00038.jpg 535 272 94 181 0.53273
00038.jpg 238 326 68 94 0.52993
00038.jpg 527 292 93 149 0.52793
00038.jpg 642 314 59 104 0.52283
00038.jpg 622 318 47 112 0.52087
00038.jpg 632 320 43 104 0.52053
00038.jpg 655 313 48 98 0.51881
00038.jpg 233 327 82 90 0.51553
00038.jpg 654 308 51 97 0.51346
00038.jpg 239 312 67 111 0.51154
00038.jpg 238 331 61 94 0.51138
00038.jpg 653 323 43 88 0.51135
00038.jpg 314 305 55 99 0.50462
00038.jpg 229 328 79 108 0.50353
00038.jpg 312 297 56 111 0.50318
00038.jpg 234 327 81 109 0.50307
00038.jpg 545 273 75 165 0.50121
00038.jpg 663 309 40 98 0.50031
00038.jpg 159 278 68 174 0.49987
