00003.jpg 294 46 277 474 0.99985
00003.jpg 293 53 263 472 0.99982
00003.jpg 298 33 272 498 0.99960
00003.jpg 289 39 273 486 0.99949
00003.jpg 594 37 212 475 0.99938
00003.jpg 596 29 217 505 0.99926
00003.jpg 303 42 250 468 0.99921
00003.jpg 600 47 207 471 0.99899
00003.jpg 293 33 261 493 0.99888
00003.jpg 595 33 222 500 0.99877
00003.jpg 594 50 216 473 0.99869
00003.jpg 300 52 259 452 0.99864
00003.jpg 618 38 182 483 0.99854
00003.jpg 611 45 194 481 0.99853
00003.jpg 597 36 218 488 0.99849
00003.jpg 608 31 216 488 0.99849
00003.jpg 605 47 195 482 0.99827
00003.jpg 599 31 209 503 0.99817
00003.jpg 289 49 268 454 0.99813
00003.jpg 295 37 262 493 0.99796
00003.jpg 599 40 214 484 0.99789
00003.jpg 592 35 224 484 0.99778
00003.jpg 297 53 256 440 0.99764
00003.jpg 603 47 204 477 0.99747
00003.jpg 290 38 277 484 0.99741
00003.jpg 304 44 257 474 0.99738
00003.jpg 605 48 203 465 0.99719
00003.jpg 302 41 253 472 0.99712
00003.jpg 278 50 287 463 0.99703
00003.jpg 295 50 265 465 0.99632
00003.jpg 288 42 263 477 0.99624
00003.jpg 295 41 260 498 0.99598
00003.jpg 295 48 273 442 0.99580
00003.jpg 301 36 248 478 0.99567
00003.jpg 306 51 247 475 0.99545
00003.jpg 602 28 205 501 0.99506
00003.jpg 294 27 271 493 0.99506
00003.jpg 606 35 207 499 0.99487
00003.jpg 298 29 255 487 0.99485
00003.jpg 604 31 204 500 0.99484
00003.jpg 596 41 215 488 0.99456
00003.jpg 291 41 275 473 0.99440
00003.jpg 603 34 197 503 0.99402
00003.jpg 298 45 270 476 0.99394
00003.jpg 299 45 256 472 0.99384
00003.jpg 599 42 212 480 0.99319
00003.jpg 297 54 251 471 0.99285
00003.jpg 609 25 208 503 0.99257
00003.jpg 292 50 268 460 0.99154
00003.jpg 289 36 283 498 0.99138
00003.jpg 609 49 190 466 0.99134
00003.jpg 284 46 266 459 0.99082
00003.jpg 606 50 204 472 0.99054
00003.jpg 299 43 266 481 0.98990
00003.jpg 299 32 259 495 0.98983
00003.jpg 299 41 266 481 0.98963
00003.jpg 298 35 268 479 0.98921
00003.jpg 277 49 295 470 0.98851
00003.jpg 601 16 222 518 0.98673
00003.jpg 293 38 271 480 0.98581
00003.jpg 589 7 233 522 0.98163
00003.jpg 605 49 198 475 0.97949
00003.jpg 293 44 268 464 0.97597
00003.jpg 599 44 212 479 0.97548
00003.jpg 294 25 267 498 0.97085
00003.jpg 604 41 195 477 0.97073
00003.jpg 298 34 259 491 0.96848
00003.jpg 614 44 199 480 0.96818
00003.jpg 292 32 253 496 0.96813
00003.jpg 306 49 232 472 0.96593
00003.jpg 306 57 240 458 0.96423
00003.jpg 604 38 209 501 0.96084
00003.jpg 298 53 261 465 0.95736
00003.jpg 300 48 260 465 0.95602
00003.jpg 606 50 196 472 0.95155
00003.jpg 598 44 199 481 0.94658
00003.jpg 602 29 197 478 0.94385
00003.jpg 284 42 279 471 0.93907
00003.jpg 290 35 268 493 0.93590
00003.jpg 291 39 267 484 0.93544
00003.jpg 304 45 261 469 0.93231
00003.jpg 307 49 248 473 0.92644
00003.jpg 298 43 259 482 0.91893
00003.jpg 296 50 253 461 0.91857
00003.jpg 605 57 196 474 0.90820
00003.jpg 276 31 316 467 0.90346
00003.jpg 300 56 264 455 0.89690
00003.jpg 601 27 217 509 0.89682
00003.jpg 592 45 230 484 0.89556
00003.jpg 295 26 265 489 0.88734
00003.jpg 608 41 189 487 0.87827
00003.jpg 608 35 190 490 0.87496
00003.jpg 603 41 200 484 0.87463
00003.jpg 614 28 204 500 0.85516
00003.jpg 603 49 195 461 0.85215
00003.jpg 604 26 197 494 0.84724
00003.jpg 283 44 284 473 0.81869
00003.jpg 608 13 194 520 0.79394
00003.jpg 276 38 293 461 0.79356
00003.jpg 288 29 274 490 0.78809
00003.jpg 293 44 277 475 0.78196
00003.jpg 601 47 206 492 0.77976
00003.jpg 595 39 210 472 0.76714
00003.jpg 608 38 190 487 0.76014
00003.jpg 301 59 248 451 0.75685
00003.jpg 303 46 242 444 0.75672
00003.jpg 292 42 282 466 0.71524
00003.jpg 595 35 206 501 0.68641
00003.jpg 307 38 248 476 0.61179
00003.jpg 303 25 262 487 0.57722
00003.jpg 309 24 276 497 0.57389
00003.jpg 582 40 254 474 0.51981
00003.jpg 301 44 271 477 0.51322
