00004.jpg 283 28 288 511 0.99979
00004.jpg 305 33 250 491 0.99972
00004.jpg 296 28 275 497 0.99968
00004.jpg 281 33 274 496 0.99959
00004.jpg 597 34 189 478 0.99953
00004.jpg 611 30 166 482 0.99934
00004.jpg 591 17 203 512 0.99921
00004.jpg 608 42 173 467 0.99897
00004.jpg 300 31 256 496 0.99889
00004.jpg 289 39 270 485 0.99887
00004.jpg 620 37 157 482 0.99856
00004.jpg 288 34 279 491 0.99846
00004.jpg 600 27 200 496 0.99812
00004.jpg 296 33 257 495 0.99782
00004.jpg 611 23 160 501 0.99766
00004.jpg 303 42 254 480 0.99762
00004.jpg 606 27 176 491 0.99750
00004.jpg 603 37 181 478 0.99748
00004.jpg 600 24 179 508 0.99722
00004.jpg 593 31 186 492 0.99720
00004.jpg 614 23 167 494 0.99712
00004.jpg 617 25 154 495 0.99692
00004.jpg 300 31 253 487 0.99646
00004.jpg 303 41 253 478 0.99642
00004.jpg 288 42 272 474 0.99642
00004.jpg 605 30 177 485 0.99640
00004.jpg 293 32 263 481 0.99590
00004.jpg 284 48 274 462 0.99566
00004.jpg 298 37 266 498 0.99532
00004.jpg 286 42 269 489 0.99498
00004.jpg 289 30 275 493 0.99478
00004.jpg 297 40 272 487 0.99469
00004.jpg 292 57 285 466 0.99463
00004.jpg 296 36 266 482 0.99421
00004.jpg 613 34 164 482 0.99414
00004.jpg 607 35 173 489 0.99409
00004.jpg 299 47 262 461 0.99401
00004.jpg 615 45 156 461 0.99387
00004.jpg 602 31 180 491 0.99382
00004.jpg 303 33 250 497 0.99377
00004.jpg 295 39 267 480 0.99312
00004.jpg 292 40 257 486 0.99255
00004.jpg 604 37 178 501 0.99205
00004.jpg 287 35 275 486 0.99171
00004.jpg 621 37 154 480 0.99163
00004.jpg 302 37 252 485 0.99113
00004.jpg 606 27 169 486 0.99113
00004.jpg 293 37 265 488 0.99033
00004.jpg 608 12 170 523 0.98925
00004.jpg 613 37 159 477 0.98832
00004.jpg 610 24 162 496 0.98814
00004.jpg 611 42 171 477 0.98595
00004.jpg 612 36 155 471 0.98369
00004.jpg 306 38 247 494 0.98345
00004.jpg 292 36 275 472 0.98209
00004.jpg 605 33 176 489 0.98190
00004.jpg 615 33 153 483 0.98103
00004.jpg 604 31 171 488 0.98095
00004.jpg 304 35 245 489 0.98028
00004.jpg 610 24 164 503 0.98006
00004.jpg 601 36 179 488 0.97909
00004.jpg 298 46 266 471 0.97681
00004.jpg 609 21 165 511 0.97669
00004.jpg 606 29 179 499 0.97649
00004.jpg 612 48 166 473 0.97222
00004.jpg 606 30 179 486 0.97152
00004.jpg 300 34 254 491 0.96904
00004.jpg 606 18 175 511 0.96830
00004.jpg 298 44 270 466 0.96774
00004.jpg 291 36 273 478 0.96324
00004.jpg 603 34 182 485 0.95945
00004.jpg 609 53 152 456 0.95889
00004.jpg 296 39 271 489 0.95840
00004.jpg 295 53 259 462 0.95361
00004.jpg 604 42 178 477 0.95183
00004.jpg 606 28 181 505 0.95132
00004.jpg 292 42 268 468 0.95060
00004.jpg 606 30 162 502 0.95033
00004.jpg 609 34 175 483 0.94604
00004.jpg 259 38 296 477 0.94239
00004.jpg 290 30 267 500 0.93806
00004.jpg 613 33 178 477 0.93121
00004.jpg 287 35 271 491 0.91651
00004.jpg 295 44 253 481 0.91419
00004.jpg 298 32 270 496 0.90440
00004.jpg 609 32 161 483 0.88600
00004.jpg 609 35 164 487 0.88313
00004.jpg 615 48 162 463 0.87096
00004.jpg 597 21 195 492 0.86232
00004.jpg 310 37 248 482 0.86182
00004.jpg 301 43 243 464 0.84617
00004.jpg 601 35 177 482 0.84551
00004.jpg 598 36 176 467 0.81656
00004.jpg 605 23 175 503 0.81240
00004.jpg 289 54 269 475 0.75077
00004.jpg 292 34 259 480 0.71485
00004.jpg 296 9 234 530 0.70697
00004.jpg 306 32 244 498 0.67292
00004.jpg 303 33 255 464 0.62654
00004.jpg 300 43 253 479 0.59190
00004.jpg 291 46 255 480 0.58602
00004.jpg 933 310 26 43 0.57687
00004.jpg 310 34 261 479 0.57639
00004.jpg 610 30 158 509 0.57264
00004.jpg 296 37 282 490 0.55197
00004.jpg 605 23 189 484 0.54474
00004.jpg 614 26 177 490 0.53649
00004.jpg 295 43 255 444 0.52368
