00026.jpg 322 64 228 451 0.99984
00026.jpg 529 29 192 427 0.99944
00026.jpg 536 33 179 432 0.99935
00026.jpg 537 27 189 431 0.99935
00026.jpg 337 62 218 439 0.99928
00026.jpg 329 50 224 453 0.99909
00026.jpg 542 28 176 427 0.99908
00026.jpg 322 58 242 447 0.99908
00026.jpg 544 35 177 420 0.99882
00026.jpg 336 55 230 459 0.99872
00026.jpg 341 49 214 470 0.99868
00026.jpg 535 38 181 416 0.99852
00026.jpg 535 37 174 425 0.99821
00026.jpg 528 28 198 433 0.99779
00026.jpg 322 62 233 453 0.99775
00026.jpg 543 23 176 439 0.99729
00026.jpg 543 21 167 443 0.99692
00026.jpg 326 67 229 440 0.99690
00026.jpg 333 48 223 468 0.99678
00026.jpg 537 30 173 425 0.99645
00026.jpg 544 33 164 430 0.99640
00026.jpg 545 18 175 459 0.99638
00026.jpg 340 55 219 450 0.99634
00026.jpg 544 37 171 433 0.99630
00026.jpg 541 26 186 431 0.99615
00026.jpg 534 40 187 419 0.99585
00026.jpg 527 23 195 436 0.99551
00026.jpg 332 66 218 457 0.99545
00026.jpg 539 30 180 423 0.99530
00026.jpg 531 40 196 419 0.99508
00026.jpg 542 33 180 422 0.99499
00026.jpg 341 55 222 460 0.99464
00026.jpg 333 55 230 462 0.99463
00026.jpg 332 64 230 437 0.99456
00026.jpg 336 60 217 449 0.99444
00026.jpg 542 36 176 431 0.99433
00026.jpg 325 55 239 467 0.99383
00026.jpg 340 55 218 447 0.99370
00026.jpg 543 26 173 416 0.99338
00026.jpg 531 23 188 435 0.99275
00026.jpg 343 62 196 442 0.99131
00026.jpg 344 66 216 450 0.99125
00026.jpg 332 56 221 450 0.99109
00026.jpg 343 49 206 459 0.99109
00026.jpg 328 57 231 448 0.99100
00026.jpg 2 64 19 94 0.99087
00026.jpg 336 64 216 425 0.99054
00026.jpg 328 48 226 464 0.99044
00026.jpg 327 66 232 446 0.99031
00026.jpg 533 32 184 425 0.98984
00026.jpg 328 59 216 449 0.98964
00026.jpg 537 34 182 431 0.98917
00026.jpg 321 52 248 445 0.98871
00026.jpg 342 62 219 432 0.98837
00026.jpg 539 33 174 411 0.98803
00026.jpg 335 50 205 461 0.98719
00026.jpg 336 55 216 462 0.98611
00026.jpg 319 58 231 458 0.98559
00026.jpg 331 60 220 456 0.98547
00026.jpg 327 60 238 453 0.98339
00026.jpg 0 65 29 92 0.98098
00026.jpg 329 68 232 444 0.97889
00026.jpg 531 33 188 420 0.97821
00026.jpg 529 38 196 419 0.97548
00026.jpg 539 40 181 422 0.97255
00026.jpg 323 54 228 457 0.97177
00026.jpg 539 36 183 427 0.96970
00026.jpg 317 56 237 440 0.96955
00026.jpg 545 14 179 452 0.96950
00026.jpg 340 66 212 448 0.96772
00026.jpg 540 33 178 438 0.96544
00026.jpg 540 40 167 412 0.96265
00026.jpg 338 62 221 439 0.96218
00026.jpg 544 40 177 421 0.95809
00026.jpg 534 9 178 459 0.95086
00026.jpg 524 39 200 420 0.94855
00026.jpg 540 37 175 428 0.94731
00026.jpg 533 38 182 415 0.94657
00026.jpg 335 44 201 475 0.94622
00026.jpg 323 63 224 443 0.94598
00026.jpg 338 62 201 426 0.93857
00026.jpg 318 68 239 433 0.93561
00026.jpg 3 63 23 94 0.93010
00026.jpg 335 66 217 432 0.93003
00026.jpg 534 25 186 445 0.92623
00026.jpg 545 25 168 432 0.92619
00026.jpg 331 56 220 456 0.92244
00026.jpg 329 52 227 469 0.91644
00026.jpg 324 57 237 447 0.91085
00026.jpg 536 35 181 418 0.89956
00026.jpg 537 25 186 427 0.89733
00026.jpg 337 54 213 466 0.89388
00026.jpg 527 31 196 429 0.89383
00026.jpg 0 65 27 91 0.89002
00026.jpg 2 66 26 92 0.88381
00026.jpg 338 60 218 459 0.88220
00026.jpg 343 63 220 438 0.87967
00026.jpg 330 54 229 449 0.87855
00026.jpg 342 42 219 470 0.87366
00026.jpg 313 73 243 430 0.86730
00026.jpg 1 66 27 88 0.86698
00026.jpg 3 66 19 93 0.86295
00026.jpg 340 57 216 467 0.85495
00026.jpg 1 61 26 96 0.85098
00026.jpg 2 65 25 90 0.84997
00026.jpg 539 30 180 429 0.84926
00026.jpg 529 35 189 422 0.84554
00026.jpg 542 32 177 412 0.84133
00026.jpg 1 65 25 95 0.83509
00026.jpg 539 36 175 414 0.82998
00026.jpg 538 36 187 425 0.82553
00026.jpg 333 63 218 457 0.82485
00026.jpg 334 56 229 460 0.80680
00026.jpg 2 61 25 95 0.78720
00026.jpg 344 58 215 439 0.78167
00026.jpg 535 23 185 436 0.78125
00026.jpg 324 64 228 439 0.78025
00026.jpg 0 65 28 91 0.76674
00026.jpg 537 17 190 434 0.75541
00026.jpg 327 54 225 459 0.74870
00026.jpg 329 50 219 472 0.73616
00026.jpg 0 64 24 96 0.70082
00026.jpg 2 62 18 93 0.68350
00026.jpg 325 49 237 462 0.68315
00026.jpg 317 71 243 437 0.68262
00026.jpg 2 64 28 91 0.68115
00026.jpg 334 47 228 451 0.68098
00026.jpg 349 56 194 459 0.66712
00026.jpg 327 47 211 469 0.65286
00026.jpg 527 29 181 448 0.65133
00026.jpg 1 60 22 99 0.64696
00026.jpg 538 29 182 434 0.64467
00026.jpg 325 59 217 431 0.63973
00026.jpg 320 61 264 444 0.62850
00026.jpg 329 59 210 440 0.60618
00026.jpg 1 65 26 92 0.59839
00026.jpg 341 70 198 434 0.59472
00026.jpg 334 51 245 484 0.58011
00026.jpg 350 72 185 421 0.55731
00026.jpg 0 64 28 91 0.53842
00026.jpg 348 67 169 440 0.53300
00026.jpg 538 28 173 427 0.51783
00026.jpg 346 55 209 457 0.50914
