00025.jpg 327 75 227 447 0.99966
00025.jpg 340 81 224 437 0.99951
00025.jpg 530 33 187 439 0.99925
00025.jpg 544 24 176 456 0.99908
00025.jpg 528 30 194 436 0.99894
00025.jpg 325 60 216 454 0.99850
00025.jpg 309 59 244 445 0.99836
00025.jpg 532 33 190 436 0.99816
00025.jpg 528 36 185 439 0.99814
00025.jpg 338 76 206 455 0.99805
00025.jpg 530 30 196 448 0.99797
00025.jpg 331 57 213 463 0.99778
00025.jpg 340 65 193 455 0.99773
00025.jpg 330 76 217 432 0.99761
00025.jpg 327 72 226 440 0.99701
00025.jpg 535 44 182 435 0.99696
00025.jpg 523 30 195 441 0.99696
00025.jpg 538 32 180 440 0.99695
00025.jpg 540 32 175 444 0.99695
00025.jpg 320 64 236 461 0.99684
00025.jpg 534 33 189 451 0.99675
00025.jpg 525 29 187 451 0.99670
00025.jpg 529 33 193 452 0.99653
00025.jpg 537 41 184 445 0.99653
00025.jpg 536 36 188 435 0.99650
00025.jpg 530 27 194 456 0.99648
00025.jpg 530 24 184 455 0.99605
00025.jpg 530 37 178 427 0.99524
00025.jpg 324 66 216 459 0.99502
00025.jpg 339 68 200 450 0.99463
00025.jpg 535 40 183 422 0.99408
00025.jpg 536 39 182 420 0.99400
00025.jpg 535 29 191 451 0.99374
00025.jpg 530 35 185 427 0.99341
00025.jpg 523 32 195 435 0.99297
00025.jpg 534 43 174 423 0.99278
00025.jpg 534 42 186 433 0.99248
00025.jpg 529 17 188 470 0.99245
00025.jpg 325 64 214 467 0.99239
00025.jpg 327 67 214 445 0.99206
00025.jpg 541 24 178 443 0.99159
00025.jpg 531 49 174 419 0.99148
00025.jpg 522 26 197 459 0.99063
00025.jpg 535 40 192 438 0.99055
00025.jpg 338 74 214 440 0.98952
00025.jpg 329 73 232 450 0.98949
00025.jpg 322 70 217 451 0.98942
00025.jpg 320 66 223 438 0.98794
00025.jpg 331 69 217 448 0.98477
00025.jpg 527 38 176 438 0.98356
00025.jpg 536 48 182 420 0.98355
00025.jpg 315 61 235 458 0.98304
00025.jpg 328 67 223 448 0.98161
00025.jpg 527 30 187 458 0.98031
00025.jpg 332 64 209 458 0.98009
00025.jpg 522 36 211 434 0.97934
00025.jpg 530 34 191 438 0.97796
00025.jpg 325 59 226 466 0.97643
00025.jpg 533 31 187 431 0.97440
00025.jpg 519 37 203 428 0.97404
00025.jpg 325 75 228 460 0.97059
00025.jpg 534 44 189 434 0.96804
00025.jpg 323 62 224 458 0.95925
00025.jpg 537 28 174 442 0.95857
00025.jpg 534 31 181 453 0.95439
00025.jpg 334 65 218 449 0.95211
00025.jpg 327 63 206 453 0.95080
00025.jpg 341 56 202 459 0.95021
00025.jpg 529 27 190 454 0.94889
00025.jpg 535 39 188 434 0.94860
00025.jpg 340 83 203 428 0.94718
00025.jpg 342 64 203 463 0.94370
00025.jpg 526 35 202 431 0.93466
00025.jpg 337 65 214 464 0.93300
00025.jpg 317 78 237 450 0.92999
00025.jpg 326 56 221 471 0.92977
00025.jpg 332 68 215 448 0.92489
00025.jpg 521 36 190 422 0.92388
00025.jpg 324 61 230 454 0.92226
00025.jpg 335 72 214 447 0.91546
00025.jpg 317 66 241 447 0.90732
00025.jpg 321 60 227 463 0.90585
00025.jpg 1 84 15 82 0.90349
00025.jpg 316 63 240 459 0.89735
00025.jpg 322 67 234 462 0.89390
00025.jpg 328 74 237 438 0.89106
00025.jpg 324 97 223 405 0.88322
00025.jpg 526 46 183 421 0.88086
00025.jpg 326 76 224 434 0.87445
00025.jpg 341 65 209 453 0.87060
00025.jpg 327 76 227 442 0.85767
00025.jpg 534 31 179 447 0.85668
00025.jpg 322 56 225 468 0.83046
00025.jpg 531 34 189 441 0.82526
00025.jpg 533 40 182 430 0.82231
00025.jpg 338 121 183 406 0.79497
00025.jpg 525 39 190 441 0.78996
00025.jpg 545 26 173 458 0.78952
00025.jpg 329 69 218 450 0.75407
00025.jpg 340 58 205 470 0.72543
00025.jpg 0 78 17 88 0.71950
00025.jpg 522 34 201 438 0.70206
00025.jpg 322 92 221 390 0.67471
00025.jpg 328 66 206 455 0.67006
00025.jpg 323 76 225 433 0.65902
00025.jpg 1 81 19 82 0.63643
00025.jpg 526 59 190 417 0.63617
00025.jpg 325 57 240 482 0.63523
00025.jpg 342 65 211 459 0.62636
00025.jpg 344 73 213 438 0.62311
00025.jpg 301 62 264 441 0.61529
00025.jpg 350 65 182 445 0.59914
00025.jpg 536 33 176 436 0.59479
00025.jpg 341 67 212 447 0.57510
00025.jpg 289 62 295 422 0.57351
00025.jpg 523 50 190 400 0.57090
00025.jpg 1 87 18 80 0.55953
00025.jpg 524 32 193 458 0.51915
00025.jpg 337 89 197 436 0.51762
00025.jpg 534 25 200 460 0.51582
00025.jpg 327 79 206 440 0.51114
00025.jpg 529 31 178 445 0.50296
