00032.jpg 533 8 169 440 0.99982
00032.jpg 538 12 155 429 0.99957
00032.jpg 536 8 163 450 0.99951
00032.jpg 530 12 172 442 0.99928
00032.jpg 531 19 167 435 0.99914
00032.jpg 349 46 188 423 0.99791
00032.jpg 534 10 168 434 0.99734
00032.jpg 26 50 35 93 0.99711
00032.jpg 349 41 195 428 0.99670
00032.jpg 23 48 34 92 0.99648
00032.jpg 528 11 169 444 0.99622
00032.jpg 528 18 174 434 0.99601
00032.jpg 539 14 156 439 0.99595
00032.jpg 340 41 200 415 0.99560
00032.jpg 529 11 169 440 0.99556
00032.jpg 533 13 163 423 0.99554
00032.jpg 522 5 182 445 0.99537
00032.jpg 340 39 210 430 0.99536
00032.jpg 540 16 156 425 0.99512
00032.jpg 338 36 206 424 0.99489
00032.jpg 532 15 162 431 0.99483
00032.jpg 333 52 215 408 0.99477
00032.jpg 357 42 180 434 0.99469
00032.jpg 536 9 164 431 0.99430
00032.jpg 27 51 34 91 0.99419
00032.jpg 532 8 167 425 0.99396
00032.jpg 330 45 214 420 0.99391
00032.jpg 346 43 200 436 0.99384
00032.jpg 347 35 206 438 0.99383
00032.jpg 22 54 37 88 0.99334
00032.jpg 531 7 174 437 0.99292
00032.jpg 535 9 169 428 0.99196
00032.jpg 334 34 209 442 0.99160
00032.jpg 529 4 172 441 0.99128
00032.jpg 347 50 202 395 0.99053
00032.jpg 530 16 170 427 0.98988
00032.jpg 334 33 222 446 0.98971
00032.jpg 342 36 211 442 0.98929
00032.jpg 348 42 187 431 0.98912
00032.jpg 530 22 181 421 0.98893
00032.jpg 333 53 235 407 0.98893
00032.jpg 539 8 152 440 0.98869
00032.jpg 532 23 170 422 0.98864
00032.jpg 531 10 176 439 0.98778
00032.jpg 532 6 171 445 0.98760
00032.jpg 346 32 195 436 0.98693
00032.jpg 26 53 35 87 0.98659
00032.jpg 337 31 202 445 0.98636
00032.jpg 342 51 211 406 0.98563
00032.jpg 24 49 32 93 0.98502
00032.jpg 350 42 190 422 0.98444
00032.jpg 353 47 182 427 0.98420
00032.jpg 22 50 37 91 0.98403
00032.jpg 529 3 174 439 0.98385
00032.jpg 537 17 170 418 0.98348
00032.jpg 529 17 171 428 0.98348
00032.jpg 338 51 209 384 0.98306
00032.jpg 25 51 35 88 0.98279
00032.jpg 336 37 220 417 0.98266
00032.jpg 344 23 204 463 0.98259
00032.jpg 351 41 191 425 0.98167
00032.jpg 533 6 161 439 0.98137
00032.jpg 348 31 202 439 0.97939
00032.jpg 354 35 190 457 0.97910
00032.jpg 24 50 34 91 0.97807
00032.jpg 538 23 154 420 0.97795
00032.jpg 23 53 36 88 0.97716
00032.jpg 337 39 209 429 0.97688
00032.jpg 28 49 32 94 0.97627
00032.jpg 341 34 210 457 0.97596
00032.jpg 26 49 34 93 0.97403
00032.jpg 354 37 187 446 0.97349
00032.jpg 346 37 203 434 0.97144
00032.jpg 26 50 34 92 0.96782
00032.jpg 345 30 207 456 0.96503
00032.jpg 349 41 197 421 0.96468
00032.jpg 530 6 187 434 0.96368
00032.jpg 24 49 33 92 0.96309
00032.jpg 330 38 212 398 0.96247
00032.jpg 23 50 35 93 0.95567
00032.jpg 540 23 153 417 0.95499
00032.jpg 339 48 200 408 0.95285
00032.jpg 529 13 172 444 0.95020
00032.jpg 540 10 159 432 0.95017
00032.jpg 346 43 210 423 0.94514
00032.jpg 531 15 175 437 0.94393
00032.jpg 529 1 175 459 0.94161
00032.jpg 343 40 185 443 0.94029
00032.jpg 531 9 172 431 0.93357
00032.jpg 26 51 34 88 0.93261
00032.jpg 352 65 183 353 0.93023
00032.jpg 527 14 175 434 0.92795
00032.jpg 354 45 188 419 0.92352
00032.jpg 335 53 203 408 0.91994
00032.jpg 26 51 36 91 0.91835
00032.jpg 22 50 35 94 0.91467
00032.jpg 346 56 195 366 0.91465
00032.jpg 25 48 33 95 0.91355
00032.jpg 22 46 39 98 0.91231
00032.jpg 355 44 179 410 0.90628
00032.jpg 341 38 218 432 0.90543
00032.jpg 534 11 165 448 0.90374
00032.jpg 25 50 35 92 0.90017
00032.jpg 22 49 38 96 0.89829
00032.jpg 26 49 34 90 0.89758
00032.jpg 23 51 37 92 0.89755
00032.jpg 519 24 188 418 0.89252
00032.jpg 339 43 210 416 0.89157
00032.jpg 348 55 190 375 0.88801
00032.jpg 523 4 181 442 0.88558
00032.jpg 544 25 146 411 0.88476
00032.jpg 338 45 198 445 0.88342
00032.jpg 518 11 178 433 0.87620
00032.jpg 25 49 34 94 0.87087
00032.jpg 22 49 35 95 0.86756
00032.jpg 340 31 205 452 0.86526
00032.jpg 22 48 35 94 0.86347
00032.jpg 23 52 32 86 0.86205
00032.jpg 359 37 197 422 0.85659
00032.jpg 334 47 224 433 0.85465
00032.jpg 25 50 37 98 0.85424
00032.jpg 24 49 35 94 0.85419
00032.jpg 333 53 205 405 0.85146
00032.jpg 340 39 199 425 0.84666
00032.jpg 527 23 158 411 0.83726
00032.jpg 359 37 175 437 0.83061
00032.jpg 526 10 156 440 0.82754
00032.jpg 29 52 32 89 0.82136
00032.jpg 522 17 183 427 0.81938
00032.jpg 531 9 157 444 0.79971
00032.jpg 331 43 224 433 0.78736
00032.jpg 23 50 39 91 0.77172
00032.jpg 350 48 186 399 0.75781
00032.jpg 333 34 209 450 0.75223
00032.jpg 25 49 36 94 0.72671
00032.jpg 25 51 38 90 0.71875
00032.jpg 525 10 170 444 0.71489
00032.jpg 22 50 40 94 0.69333
00032.jpg 27 50 34 94 0.67952
00032.jpg 26 49 38 94 0.67827
00032.jpg 527 30 185 415 0.67792
00032.jpg 341 33 219 453 0.67724
00032.jpg 530 6 181 446 0.67650
00032.jpg 348 47 221 441 0.66907
00032.jpg 532 14 158 446 0.66842
00032.jpg 335 41 195 425 0.64410
00032.jpg 27 48 32 98 0.61587
00032.jpg 365 35 169 411 0.60933
00032.jpg 360 42 178 388 0.58647
00032.jpg 334 47 221 410 0.58221
00032.jpg 515 13 175 442 0.58202
00032.jpg 519 21 171 418 0.56408
00032.jpg 355 46 171 408 0.55015
00032.jpg 377 44 160 399 0.54746
00032.jpg 26 50 36 94 0.54430
00032.jpg 332 42 211 424 0.53938
00032.jpg 360 4 197 453 0.52720
00032.jpg 523 19 168 428 0.51912
00032.jpg 368 57 177 375 0.50912
