00039.jpg 525 16 170 411 0.99951
00039.jpg 523 20 156 408 0.99943
00039.jpg 520 15 170 419 0.99923
00039.jpg 66 48 37 93 0.99899
00039.jpg 524 32 171 398 0.99880
00039.jpg 523 20 163 418 0.99869
00039.jpg 68 49 37 94 0.99822
00039.jpg 521 37 175 386 0.99802
00039.jpg 518 23 173 406 0.99779
00039.jpg 530 23 154 396 0.99768
00039.jpg 528 29 152 401 0.99764
00039.jpg 364 38 165 437 0.99714
00039.jpg 359 40 187 410 0.99708
00039.jpg 363 37 167 422 0.99694
00039.jpg 522 29 155 385 0.99621
00039.jpg 350 37 187 438 0.99620
00039.jpg 362 25 187 433 0.99575
00039.jpg 529 30 155 390 0.99565
00039.jpg 66 49 35 90 0.99562
00039.jpg 517 20 165 398 0.99537
00039.jpg 520 21 174 409 0.99533
00039.jpg 352 32 187 439 0.99526
00039.jpg 350 19 202 465 0.99525
00039.jpg 527 26 159 405 0.99519
00039.jpg 358 35 187 414 0.99516
00039.jpg 530 23 159 392 0.99512
00039.jpg 351 30 182 426 0.99504
00039.jpg 364 30 174 441 0.99498
00039.jpg 518 18 167 418 0.99481
00039.jpg 508 15 187 406 0.99448
00039.jpg 365 33 187 430 0.99415
00039.jpg 522 30 165 400 0.99363
00039.jpg 66 48 35 91 0.99348
00039.jpg 363 31 165 431 0.99336
00039.jpg 356 41 191 422 0.99313
00039.jpg 358 34 180 421 0.99307
00039.jpg 526 31 156 394 0.99290
00039.jpg 357 30 189 435 0.99234
00039.jpg 364 33 182 417 0.99224
00039.jpg 521 27 164 400 0.99194
00039.jpg 530 30 153 388 0.99176
00039.jpg 511 30 187 399 0.99124
00039.jpg 523 21 172 416 0.99082
00039.jpg 340 42 212 422 0.99036
00039.jpg 65 47 34 91 0.98899
00039.jpg 360 40 190 413 0.98889
00039.jpg 526 25 155 408 0.98876
00039.jpg 520 28 171 398 0.98866
00039.jpg 515 24 177 414 0.98805
00039.jpg 521 22 174 400 0.98789
00039.jpg 527 26 159 399 0.98788
00039.jpg 534 23 157 409 0.98785
00039.jpg 65 50 37 86 0.98713
00039.jpg 66 48 37 90 0.98689
00039.jpg 65 46 39 96 0.98675
00039.jpg 364 39 182 424 0.98658
00039.jpg 354 32 197 439 0.98513
00039.jpg 67 50 35 88 0.98291
00039.jpg 68 49 34 88 0.98286
00039.jpg 361 36 180 428 0.98204
00039.jpg 363 50 181 403 0.98189
00039.jpg 363 34 167 423 0.98188
00039.jpg 518 26 170 414 0.98123
00039.jpg 357 45 195 411 0.97993
00039.jpg 356 37 187 430 0.97984
00039.jpg 65 49 37 91 0.97927
00039.jpg 65 50 37 89 0.97713
00039.jpg 352 29 188 440 0.97687
00039.jpg 361 35 190 416 0.97517
00039.jpg 66 44 34 96 0.97499
00039.jpg 352 30 186 429 0.97359
00039.jpg 350 30 203 438 0.97338
00039.jpg 65 49 38 89 0.97335
00039.jpg 520 23 174 393 0.97131
00039.jpg 68 46 33 92 0.97113
00039.jpg 514 35 166 390 0.96632
00039.jpg 356 28 177 433 0.96619
00039.jpg 528 20 170 412 0.96489
00039.jpg 524 36 160 397 0.96199
00039.jpg 352 40 208 400 0.95948
00039.jpg 515 14 191 412 0.95916
00039.jpg 368 45 178 417 0.95779
00039.jpg 354 23 200 457 0.95757
00039.jpg 526 20 169 402 0.95727
00039.jpg 349 43 201 422 0.95683
00039.jpg 352 39 195 407 0.95672
00039.jpg 66 48 39 90 0.95649
00039.jpg 521 35 163 392 0.95354
00039.jpg 520 24 168 416 0.95208
00039.jpg 66 51 38 83 0.95019
00039.jpg 64 50 40 87 0.94949
00039.jpg 367 29 172 443 0.94891
00039.jpg 522 26 161 404 0.94602
00039.jpg 522 30 162 395 0.94425
00039.jpg 368 26 175 444 0.94264
00039.jpg 65 48 38 87 0.94092
00039.jpg 65 47 39 92 0.92835
00039.jpg 360 42 188 412 0.92773
00039.jpg 67 49 35 90 0.92708
00039.jpg 318 55 51 38 0.92103
00039.jpg 357 39 182 418 0.91879
00039.jpg 312 55 58 40 0.91262
00039.jpg 523 17 158 412 0.91228
00039.jpg 356 37 189 428 0.91026
00039.jpg 367 35 170 425 0.90805
00039.jpg 64 48 34 90 0.90577
00039.jpg 521 22 161 404 0.90422
00039.jpg 68 49 33 92 0.89835
00039.jpg 365 41 187 416 0.89776
00039.jpg 359 49 196 415 0.89642
00039.jpg 62 48 44 94 0.89592
00039.jpg 68 48 34 89 0.89377
00039.jpg 522 34 165 384 0.89113
00039.jpg 352 41 198 421 0.88399
00039.jpg 67 46 37 93 0.88283
00039.jpg 315 55 52 36 0.88070
00039.jpg 65 50 36 90 0.87942
00039.jpg 531 31 153 403 0.87717
00039.jpg 358 29 200 444 0.86787
00039.jpg 356 40 177 422 0.86672
00039.jpg 317 56 50 37 0.85506
00039.jpg 310 54 62 40 0.84629
00039.jpg 317 54 55 39 0.84566
00039.jpg 65 48 37 92 0.84458
00039.jpg 367 45 173 421 0.84256
00039.jpg 310 57 60 38 0.84255
00039.jpg 367 21 153 452 0.83153
00039.jpg 353 34 207 437 0.83097
00039.jpg 61 48 37 90 0.82697
00039.jpg 509 18 187 411 0.81879
00039.jpg 313 54 60 39 0.81391
00039.jpg 359 53 177 417 0.81131
00039.jpg 520 25 168 407 0.80479
00039.jpg 368 35 184 423 0.80313
00039.jpg 348 37 207 422 0.79605
00039.jpg 511 34 172 389 0.78996
00039.jpg 313 52 57 41 0.78248
00039.jpg 317 56 59 37 0.77451
00039.jpg 352 47 187 392 0.77414
00039.jpg 357 41 167 417 0.77412
00039.jpg 349 14 191 455 0.76818
00039.jpg 349 40 193 396 0.75846
00039.jpg 353 41 185 401 0.75697
00039.jpg 317 58 49 36 0.75048
00039.jpg 64 47 39 92 0.74971
00039.jpg 312 55 59 39 0.74908
00039.jpg 438 19 187 419 0.74876
00039.jpg 315 53 52 42 0.74793
00039.jpg 318 57 53 38 0.74715
00039.jpg 523 28 163 409 0.74412
00039.jpg 310 53 62 40 0.74302
00039.jpg 373 27 154 432 0.73925
00039.jpg 359 44 184 436 0.73769
00039.jpg 364 48 178 378 0.73429
00039.jpg 359 44 186 408 0.72690
00039.jpg 62 49 36 84 0.72668
00039.jpg 312 50 57 43 0.72523
00039.jpg 312 57 62 37 0.72161
00039.jpg 61 49 42 92 0.72121
00039.jpg 310 56 62 40 0.71720
00039.jpg 318 56 55 38 0.70962
00039.jpg 69 53 32 79 0.70910
00039.jpg 312 52 59 41 0.70320
00039.jpg 520 8 174 430 0.69873
00039.jpg 318 52 52 38 0.69443
00039.jpg 316 53 60 38 0.69146
00039.jpg 358 41 184 398 0.68983
00039.jpg 523 33 165 389 0.68414
00039.jpg 64 48 45 92 0.67723
00039.jpg 69 48 36 95 0.66483
00039.jpg 371 34 190 423 0.66441
00039.jpg 322 54 50 38 0.65864
00039.jpg 318 54 53 37 0.65864
00039.jpg 311 57 59 34 0.65531
00039.jpg 68 47 30 85 0.65408
00039.jpg 362 53 173 348 0.64341
00039.jpg 317 51 52 43 0.64276
00039.jpg 513 14 174 409 0.63834
00039.jpg 61 50 39 84 0.63224
00039.jpg 312 57 60 39 0.62227
00039.jpg 62 46 42 95 0.62217
00039.jpg 381 29 158 428 0.61281
00039.jpg 347 50 185 423 0.60989
00039.jpg 67 47 36 91 0.60617
00039.jpg 311 56 55 35 0.60402
00039.jpg 308 51 67 41 0.60400
00039.jpg 369 41 172 380 0.60210
00039.jpg 528 28 159 398 0.59715
00039.jpg 315 52 58 42 0.59714
00039.jpg 317 58 50 36 0.59380
00039.jpg 523 22 164 390 0.59247
00039.jpg 312 52 60 45 0.58834
00039.jpg 315 53 49 37 0.58615
00039.jpg 314 54 62 40 0.57402
00039.jpg 320 56 52 37 0.56577
00039.jpg 376 30 171 435 0.56527
00039.jpg 318 52 57 42 0.56347
00039.jpg 61 47 36 97 0.55730
00039.jpg 376 18 150 451 0.55442
00039.jpg 515 31 174 394 0.54141
00039.jpg 376 45 157 380 0.53825
00039.jpg 354 23 197 444 0.53428
00039.jpg 320 54 48 36 0.53171
00039.jpg 346 38 202 438 0.52899
00039.jpg 370 32 167 424 0.52242
00039.jpg 516 12 173 421 0.51907
00039.jpg 69 46 38 90 0.50478
00039.jpg 318 55 50 38 0.50461
