00004.jpg 434 95 160 314 0.99985
00004.jpg 3 16 109 429 0.99951
00004.jpg 633 129 87 170 0.99907
00004.jpg 634 122 86 173 0.99890
00004.jpg 636 122 82 173 0.99857
00004.jpg 437 88 154 309 0.99845
00004.jpg 438 99 169 310 0.99845
00004.jpg 430 102 159 301 0.99823
00004.jpg 635 121 82 171 0.99822
00004.jpg 639 126 80 171 0.99819
00004.jpg 431 98 161 300 0.99807
00004.jpg 0 3 119 454 0.99788
00004.jpg 424 91 175 313 0.99786
00004.jpg 5 0 101 451 0.99766
00004.jpg 632 129 88 166 0.99751
00004.jpg 632 121 89 175 0.99746
00004.jpg 632 120 84 176 0.99743
00004.jpg 2 11 110 432 0.99740
00004.jpg 432 91 165 304 0.99726
00004.jpg 631 126 90 168 0.99722
00004.jpg 633 128 86 164 0.99720
00004.jpg 429 97 164 308 0.99719
00004.jpg 429 98 158 306 0.99701
00004.jpg 0 6 117 456 0.99701
00004.jpg 638 125 76 171 0.99695
00004.jpg 432 97 162 299 0.99692
00004.jpg 0 1 110 448 0.99686
00004.jpg 430 91 175 318 0.99678
00004.jpg 434 96 161 315 0.99656
00004.jpg 636 122 79 170 0.99647
00004.jpg 426 93 168 301 0.99645
00004.jpg 423 95 172 313 0.99644
00004.jpg 0 0 112 455 0.99638
00004.jpg 554 130 82 174 0.99635
00004.jpg 3 6 109 442 0.99624
00004.jpg 428 96 161 306 0.99615
00004.jpg 631 127 89 166 0.99611
00004.jpg 632 117 85 180 0.99602
00004.jpg 632 122 87 174 0.99599
00004.jpg 638 117 77 184 0.99598
00004.jpg 0 12 118 442 0.99588
00004.jpg 635 126 83 170 0.99581
00004.jpg 429 93 162 310 0.99575
00004.jpg 426 97 169 300 0.99534
00004.jpg 425 104 171 299 0.99522
00004.jpg 638 128 82 165 0.99521
00004.jpg 426 100 166 304 0.99519
00004.jpg 563 129 71 183 0.99518
00004.jpg 638 126 81 166 0.99479
00004.jpg 434 93 149 309 0.99476
00004.jpg 430 97 155 299 0.99462
00004.jpg 634 122 87 172 0.99457
00004.jpg 633 123 82 171 0.99444
00004.jpg 633 120 91 177 0.99404
00004.jpg 2 0 107 457 0.99386
00004.jpg 427 94 180 305 0.99370
00004.jpg 635 119 86 177 0.99369
00004.jpg 425 98 170 303 0.99325
00004.jpg 426 92 164 315 0.99309
00004.jpg 637 120 79 172 0.99306
00004.jpg 638 129 79 164 0.99305
00004.jpg 638 121 82 177 0.99282
00004.jpg 0 10 116 440 0.99280
00004.jpg 4 0 112 446 0.99275
00004.jpg 5 10 110 437 0.99263
00004.jpg 429 95 168 311 0.99262
00004.jpg 630 123 92 169 0.99226
00004.jpg 629 123 95 173 0.99212
00004.jpg 0 11 118 447 0.99207
00004.jpg 555 127 83 180 0.99204
00004.jpg 434 86 165 323 0.99145
00004.jpg 0 0 112 466 0.99115
00004.jpg 553 126 86 188 0.99108
00004.jpg 5 8 107 437 0.99102
00004.jpg 427 95 162 309 0.99100
00004.jpg 558 137 81 166 0.99043
00004.jpg 555 137 83 170 0.98975
00004.jpg 426 93 169 326 0.98951
00004.jpg 427 90 161 307 0.98948
00004.jpg 427 97 170 313 0.98947
00004.jpg 558 129 78 178 0.98917
00004.jpg 426 92 175 308 0.98904
00004.jpg 429 98 156 303 0.98775
00004.jpg 418 96 182 312 0.98746
00004.jpg 636 126 81 167 0.98742
00004.jpg 635 121 84 170 0.98741
00004.jpg 436 94 158 312 0.98661
00004.jpg 632 122 90 171 0.98658
00004.jpg 557 137 83 171 0.98652
00004.jpg 0 1 119 467 0.98510
00004.jpg 635 120 81 175 0.98363
00004.jpg 427 96 157 311 0.98354
00004.jpg 558 132 79 174 0.98309
00004.jpg 427 101 163 288 0.98274
00004.jpg 634 123 86 173 0.98269
00004.jpg 0 0 121 466 0.98263
00004.jpg 426 89 169 326 0.98244
00004.jpg 434 91 158 319 0.98174
00004.jpg 432 95 167 291 0.98153
00004.jpg 0 3 122 441 0.98138
00004.jpg 0 3 118 457 0.98089
00004.jpg 3 11 118 427 0.97984
00004.jpg 426 99 186 303 0.97806
00004.jpg 561 133 72 173 0.97728
00004.jpg 558 134 81 171 0.97624
00004.jpg 553 133 84 175 0.97594
00004.jpg 637 127 83 165 0.97580
00004.jpg 431 105 155 293 0.97458
00004.jpg 0 0 113 454 0.97405
00004.jpg 0 4 117 452 0.97341
00004.jpg 635 122 83 173 0.97338
00004.jpg 640 124 79 172 0.97284
00004.jpg 427 104 169 303 0.97273
00004.jpg 0 4 109 459 0.97197
00004.jpg 558 124 85 183 0.97156
00004.jpg 0 0 113 456 0.97106
00004.jpg 0 12 115 447 0.97006
00004.jpg 633 127 85 158 0.96962
00004.jpg 430 91 159 302 0.96948
00004.jpg 438 101 146 285 0.96915
00004.jpg 557 131 80 174 0.96862
00004.jpg 636 123 84 171 0.96813
00004.jpg 424 98 169 305 0.96773
00004.jpg 433 97 163 309 0.96583
00004.jpg 558 132 78 179 0.96517
00004.jpg 558 133 80 172 0.96393
00004.jpg 0 0 116 443 0.96350
00004.jpg 559 134 76 168 0.96339
00004.jpg 428 97 164 303 0.96185
00004.jpg 560 134 77 178 0.96181
00004.jpg 633 123 82 170 0.96021
00004.jpg 426 100 171 302 0.96014
00004.jpg 0 7 118 446 0.95962
00004.jpg 558 135 84 171 0.95926
00004.jpg 560 127 80 177 0.95848
00004.jpg 559 132 78 175 0.95743
00004.jpg 558 134 80 169 0.95710
00004.jpg 432 105 161 301 0.95695
00004.jpg 560 132 75 172 0.95643
00004.jpg 634 127 85 170 0.95389
00004.jpg 558 129 77 186 0.95351
00004.jpg 427 87 163 334 0.95196
00004.jpg 429 101 162 300 0.95039
00004.jpg 628 122 94 175 0.95002
00004.jpg 562 135 78 167 0.94855
00004.jpg 426 82 172 331 0.94834
00004.jpg 560 134 77 170 0.94655
00004.jpg 561 132 75 176 0.94526
00004.jpg 1 0 118 463 0.94345
00004.jpg 636 126 84 169 0.94285
00004.jpg 636 122 83 169 0.94120
00004.jpg 439 96 165 300 0.93965
00004.jpg 424 94 181 307 0.93844
00004.jpg 0 0 119 470 0.93678
00004.jpg 638 127 78 168 0.93444
00004.jpg 433 97 160 312 0.93098
00004.jpg 637 126 84 169 0.92965
00004.jpg 554 131 76 175 0.92476
00004.jpg 558 132 72 180 0.92444
00004.jpg 559 134 78 172 0.90891
00004.jpg 633 121 86 170 0.90610
00004.jpg 632 118 87 182 0.90595
00004.jpg 632 122 93 167 0.90514
00004.jpg 434 92 151 313 0.90402
00004.jpg 556 133 80 172 0.89945
00004.jpg 0 0 114 466 0.89752
00004.jpg 558 132 80 178 0.89085
00004.jpg 0 1 112 454 0.88627
00004.jpg 634 127 80 161 0.88143
00004.jpg 639 123 82 173 0.87593
00004.jpg 429 92 158 309 0.87539
00004.jpg 427 105 162 292 0.85687
00004.jpg 553 130 85 183 0.85678
00004.jpg 634 121 89 171 0.85536
00004.jpg 563 138 70 170 0.85203
00004.jpg 555 129 81 182 0.85188
00004.jpg 433 99 158 305 0.84706
00004.jpg 636 123 82 168 0.84082
00004.jpg 425 105 163 297 0.83999
00004.jpg 424 85 183 320 0.83955
00004.jpg 558 131 82 178 0.83923
00004.jpg 552 134 83 172 0.83431
00004.jpg 638 121 85 171 0.83352
00004.jpg 434 94 166 313 0.82988
00004.jpg 440 100 146 299 0.82796
00004.jpg 639 124 80 170 0.82478
00004.jpg 555 135 77 169 0.82368
00004.jpg 0 0 112 462 0.81667
00004.jpg 550 128 87 176 0.81092
00004.jpg 428 89 180 320 0.80874
00004.jpg 435 101 176 299 0.80868
00004.jpg 2 0 118 455 0.80705
00004.jpg 557 136 80 166 0.80562
00004.jpg 557 126 81 184 0.80382
00004.jpg 554 140 74 167 0.79855
00004.jpg 635 124 86 169 0.79668
00004.jpg 562 130 78 174 0.79315
00004.jpg 429 96 181 299 0.78841
00004.jpg 551 129 85 179 0.77793
00004.jpg 563 128 76 181 0.77058
00004.jpg 429 101 157 301 0.76507
00004.jpg 0 0 118 462 0.76409
00004.jpg 642 121 78 176 0.75838
00004.jpg 631 124 88 175 0.75134
00004.jpg 564 135 68 171 0.75082
00004.jpg 637 122 82 175 0.74491
00004.jpg 420 108 191 294 0.72321
00004.jpg 561 133 70 174 0.72243
00004.jpg 433 99 160 296 0.72061
00004.jpg 436 99 145 300 0.71751
00004.jpg 559 135 80 167 0.69719
00004.jpg 430 97 162 302 0.69530
00004.jpg 431 85 168 321 0.68969
00004.jpg 6 5 115 445 0.68618
00004.jpg 562 134 73 167 0.67955
00004.jpg 8 5 115 433 0.67897
00004.jpg 550 122 94 190 0.66910
00004.jpg 418 97 191 302 0.66837
00004.jpg 426 99 171 309 0.66127
00004.jpg 426 93 184 319 0.65703
00004.jpg 428 94 178 316 0.64709
00004.jpg 427 93 172 292 0.62740
00004.jpg 631 129 88 161 0.62517
00004.jpg 439 104 144 296 0.62256
00004.jpg 640 125 85 176 0.62249
00004.jpg 6 4 110 447 0.62140
00004.jpg 625 120 92 179 0.60756
00004.jpg 1 0 113 462 0.58583
00004.jpg 627 125 90 166 0.57753
00004.jpg 628 130 87 160 0.57753
00004.jpg 633 126 86 162 0.57082
00004.jpg 560 131 80 173 0.56416
00004.jpg 423 98 187 291 0.56261
00004.jpg 423 138 189 252 0.56182
00004.jpg 436 109 169 273 0.55850
00004.jpg 421 123 189 268 0.55333
00004.jpg 554 128 87 190 0.53379
00004.jpg 2 0 110 452 0.52747
00004.jpg 0 8 106 446 0.52551
00004.jpg 431 97 181 305 0.50578
00004.jpg 449 107 140 292 0.50437
00004.jpg 427 93 161 303 0.50251
