00012.jpg 8 4 145 431 0.99937
00012.jpg 7 7 138 440 0.99909
00012.jpg 656 119 87 176 0.99894
00012.jpg 3 0 146 453 0.99890
00012.jpg 659 119 76 177 0.99872
00012.jpg 437 117 181 277 0.99861
00012.jpg 439 118 170 274 0.99846
00012.jpg 0 7 146 435 0.99840
00012.jpg 3 13 144 426 0.99839
00012.jpg 0 3 143 438 0.99830
00012.jpg 662 122 78 172 0.99814
00012.jpg 446 112 165 291 0.99806
00012.jpg 429 112 187 282 0.99787
00012.jpg 436 106 175 299 0.99767
00012.jpg 0 0 155 441 0.99747
00012.jpg 437 114 171 284 0.99746
00012.jpg 428 108 183 288 0.99745
00012.jpg 442 120 161 270 0.99740
00012.jpg 660 119 81 174 0.99736
00012.jpg 9 0 136 440 0.99723
00012.jpg 433 116 176 278 0.99714
00012.jpg 1 2 142 436 0.99705
00012.jpg 444 118 171 272 0.99650
00012.jpg 661 118 78 179 0.99627
00012.jpg 433 112 178 297 0.99602
00012.jpg 585 129 73 184 0.99602
00012.jpg 441 119 173 285 0.99574
00012.jpg 657 125 86 172 0.99570
00012.jpg 434 114 176 286 0.99569
00012.jpg 438 118 180 283 0.99557
00012.jpg 584 135 77 180 0.99543
00012.jpg 437 117 179 285 0.99525
00012.jpg 431 115 199 284 0.99500
00012.jpg 9 0 141 438 0.99462
00012.jpg 586 127 76 187 0.99435
00012.jpg 439 119 177 288 0.99415
00012.jpg 435 115 184 276 0.99408
00012.jpg 662 118 74 174 0.99382
00012.jpg 662 119 74 171 0.99364
00012.jpg 0 2 142 459 0.99353
00012.jpg 6 4 145 435 0.99351
00012.jpg 664 125 76 169 0.99340
00012.jpg 660 119 71 179 0.99338
00012.jpg 585 133 81 177 0.99317
00012.jpg 1 0 150 446 0.99289
00012.jpg 661 126 77 170 0.99284
00012.jpg 589 131 69 181 0.99279
00012.jpg 7 10 140 418 0.99267
00012.jpg 587 133 74 179 0.99255
00012.jpg 660 125 79 171 0.99227
00012.jpg 0 1 151 449 0.99227
00012.jpg 9 2 137 455 0.99188
00012.jpg 663 118 72 175 0.99181
00012.jpg 663 116 72 184 0.99143
00012.jpg 435 116 180 288 0.99142
00012.jpg 431 116 198 278 0.99142
00012.jpg 660 121 77 172 0.99122
00012.jpg 434 114 179 279 0.99086
00012.jpg 592 129 67 190 0.99080
00012.jpg 432 117 186 280 0.99078
00012.jpg 0 0 152 440 0.99071
00012.jpg 435 117 181 289 0.99031
00012.jpg 582 134 78 176 0.99019
00012.jpg 658 122 85 179 0.99018
00012.jpg 0 0 151 452 0.99010
00012.jpg 426 103 188 289 0.99002
00012.jpg 661 120 82 176 0.98998
00012.jpg 660 116 76 178 0.98981
00012.jpg 431 113 185 292 0.98980
00012.jpg 587 134 74 179 0.98967
00012.jpg 440 125 180 266 0.98951
00012.jpg 660 121 83 177 0.98944
00012.jpg 660 115 77 181 0.98928
00012.jpg 0 0 146 450 0.98867
00012.jpg 660 122 78 172 0.98860
00012.jpg 659 120 78 174 0.98788
00012.jpg 8 0 142 436 0.98775
00012.jpg 660 124 79 171 0.98747
00012.jpg 440 107 175 295 0.98743
00012.jpg 431 111 187 286 0.98737
00012.jpg 436 122 178 281 0.98707
00012.jpg 657 119 82 188 0.98692
00012.jpg 661 117 77 180 0.98686
00012.jpg 589 135 71 184 0.98588
00012.jpg 438 111 183 286 0.98572
00012.jpg 0 0 146 467 0.98570
00012.jpg 430 113 186 285 0.98549
00012.jpg 657 115 82 184 0.98524
00012.jpg 2 13 140 419 0.98368
00012.jpg 662 121 78 175 0.98365
00012.jpg 436 110 180 291 0.98359
00012.jpg 434 116 178 275 0.98349
00012.jpg 439 111 162 281 0.98318
00012.jpg 434 116 174 282 0.98304
00012.jpg 658 124 83 169 0.98239
00012.jpg 661 125 74 169 0.98232
00012.jpg 587 130 73 181 0.98224
00012.jpg 657 125 82 167 0.98181
00012.jpg 438 115 165 282 0.98173
00012.jpg 428 108 191 285 0.98080
00012.jpg 588 131 70 175 0.98068
00012.jpg 663 123 75 173 0.98025
00012.jpg 655 126 84 164 0.98005
00012.jpg 658 121 78 176 0.97986
00012.jpg 586 136 79 171 0.97984
00012.jpg 0 7 151 433 0.97981
00012.jpg 661 122 77 174 0.97932
00012.jpg 435 116 184 283 0.97843
00012.jpg 439 114 172 285 0.97833
00012.jpg 662 124 76 168 0.97681
00012.jpg 586 139 76 171 0.97572
00012.jpg 435 113 186 287 0.97559
00012.jpg 435 120 178 281 0.97478
00012.jpg 440 111 167 289 0.97427
00012.jpg 578 141 88 172 0.97412
00012.jpg 666 119 69 177 0.97354
00012.jpg 435 110 180 301 0.97331
00012.jpg 587 135 75 177 0.97326
00012.jpg 590 133 72 189 0.97322
00012.jpg 654 121 83 175 0.97279
00012.jpg 588 136 73 177 0.97217
00012.jpg 585 134 69 176 0.97111
00012.jpg 434 106 177 302 0.97093
00012.jpg 582 126 78 178 0.97016
00012.jpg 437 119 174 275 0.96990
00012.jpg 586 130 73 183 0.96908
00012.jpg 587 136 70 174 0.96813
00012.jpg 655 121 83 174 0.96744
00012.jpg 423 115 199 282 0.96688
00012.jpg 429 108 194 302 0.96642
00012.jpg 589 137 70 174 0.96625
00012.jpg 430 115 172 275 0.96605
00012.jpg 584 131 75 175 0.96422
00012.jpg 434 118 179 267 0.96373
00012.jpg 430 111 184 294 0.96220
00012.jpg 581 128 76 189 0.96217
00012.jpg 662 117 76 176 0.96200
00012.jpg 660 120 79 172 0.96199
00012.jpg 663 122 78 171 0.96198
00012.jpg 656 123 77 171 0.96128
00012.jpg 429 115 185 284 0.96099
00012.jpg 592 132 64 182 0.96068
00012.jpg 584 133 72 178 0.96033
00012.jpg 436 106 178 299 0.95881
00012.jpg 586 125 78 189 0.95704
00012.jpg 0 12 149 439 0.95539
00012.jpg 585 133 76 174 0.95411
00012.jpg 2 0 149 462 0.95377
00012.jpg 661 123 81 171 0.94981
00012.jpg 4 2 147 444 0.94968
00012.jpg 439 122 177 276 0.94897
00012.jpg 584 136 79 176 0.94849
00012.jpg 586 138 75 171 0.94819
00012.jpg 0 3 150 472 0.94561
00012.jpg 0 1 151 439 0.94345
00012.jpg 662 125 76 171 0.94235
00012.jpg 586 133 74 181 0.93692
00012.jpg 588 133 76 181 0.93668
00012.jpg 589 134 74 176 0.92720
00012.jpg 587 130 74 179 0.92684
00012.jpg 0 5 152 451 0.92656
00012.jpg 0 0 149 452 0.92588
00012.jpg 592 130 64 186 0.92484
00012.jpg 426 117 186 280 0.92120
00012.jpg 430 113 191 277 0.91988
00012.jpg 439 113 184 296 0.91696
00012.jpg 586 139 74 169 0.91604
00012.jpg 422 118 205 269 0.91497
00012.jpg 667 125 70 168 0.90822
00012.jpg 451 113 168 293 0.90132
00012.jpg 586 132 71 180 0.90010
00012.jpg 664 123 71 172 0.89857
00012.jpg 665 113 71 178 0.89704
00012.jpg 660 124 79 167 0.89611
00012.jpg 652 124 86 173 0.89188
00012.jpg 2 4 137 440 0.88803
00012.jpg 7 4 148 425 0.88615
00012.jpg 664 124 77 169 0.88566
00012.jpg 663 117 68 181 0.88095
00012.jpg 658 122 85 167 0.87812
00012.jpg 656 121 83 177 0.87585
00012.jpg 433 108 187 285 0.87545
00012.jpg 4 2 134 446 0.87178
00012.jpg 438 123 175 278 0.87076
00012.jpg 435 118 177 276 0.86605
00012.jpg 437 112 168 281 0.86602
00012.jpg 589 132 72 180 0.86450
00012.jpg 591 135 70 178 0.85777
00012.jpg 586 131 72 186 0.84552
00012.jpg 650 123 89 170 0.83581
00012.jpg 446 107 160 291 0.83137
00012.jpg 659 126 73 164 0.82259
00012.jpg 587 126 81 184 0.81900
00012.jpg 659 118 76 183 0.81558
00012.jpg 428 113 178 279 0.80708
00012.jpg 582 135 71 175 0.80672
00012.jpg 0 8 144 435 0.80359
00012.jpg 0 0 153 453 0.79712
00012.jpg 437 115 171 281 0.79649
00012.jpg 1 1 146 437 0.79428
00012.jpg 430 115 179 282 0.78861
00012.jpg 581 132 79 177 0.78671
00012.jpg 590 132 71 179 0.78644
00012.jpg 580 129 78 187 0.78573
00012.jpg 586 131 70 182 0.78116
00012.jpg 441 122 179 268 0.77978
00012.jpg 443 112 186 290 0.77331
00012.jpg 0 8 155 424 0.75886
00012.jpg 427 115 190 263 0.74562
00012.jpg 651 109 87 189 0.74100
00012.jpg 659 122 81 174 0.73452
00012.jpg 1 0 145 461 0.73424
00012.jpg 424 131 207 246 0.73065
00012.jpg 658 122 80 168 0.72676
00012.jpg 587 134 77 174 0.72334
00012.jpg 0 4 147 439 0.71691
00012.jpg 586 135 74 173 0.71300
00012.jpg 664 129 70 164 0.70454
00012.jpg 457 97 172 299 0.69854
00012.jpg 589 135 71 173 0.69649
00012.jpg 435 113 209 279 0.69523
00012.jpg 0 0 152 458 0.69207
00012.jpg 656 113 84 190 0.69045
00012.jpg 589 132 68 184 0.68897
00012.jpg 592 131 66 180 0.68179
00012.jpg 436 118 184 283 0.67876
00012.jpg 660 125 83 169 0.67666
00012.jpg 591 135 72 179 0.67513
00012.jpg 582 134 69 177 0.67277
00012.jpg 433 135 194 255 0.66440
00012.jpg 652 120 86 163 0.65895
00012.jpg 588 134 71 178 0.65171
00012.jpg 660 125 76 170 0.64067
00012.jpg 444 110 188 283 0.63940
00012.jpg 654 111 79 192 0.63298
00012.jpg 657 126 79 164 0.63083
00012.jpg 650 125 81 168 0.62302
00012.jpg 668 116 63 187 0.61474
00012.jpg 658 116 74 180 0.61032
00012.jpg 7 0 143 445 0.60794
00012.jpg 666 114 75 183 0.60274
00012.jpg 589 134 71 176 0.59671
00012.jpg 438 121 185 274 0.58996
00012.jpg 580 126 88 188 0.58179
00012.jpg 450 104 172 299 0.55858
00012.jpg 431 113 207 302 0.55730
00012.jpg 661 128 70 150 0.55595
00012.jpg 661 110 77 184 0.54049
00012.jpg 585 136 81 184 0.53986
00012.jpg 433 108 194 294 0.53872
00012.jpg 0 10 147 458 0.53732
00012.jpg 664 125 69 166 0.53655
00012.jpg 585 128 72 196 0.53651
00012.jpg 668 119 70 170 0.53226
00012.jpg 653 125 81 164 0.52823
00012.jpg 648 123 95 172 0.52787
00012.jpg 447 117 181 273 0.52676
00012.jpg 0 1 143 435 0.52006
00012.jpg 446 117 160 278 0.50591
00012.jpg 658 115 85 188 0.50392
00012.jpg 580 131 81 188 0.49942
