00023.jpg 45 16 130 429 0.99974
00023.jpg 51 13 122 419 0.99963
00023.jpg 441 104 163 289 0.99963
00023.jpg 690 138 114 160 0.99949
00023.jpg 437 97 158 302 0.99935
00023.jpg 689 133 114 172 0.99930
00023.jpg 442 105 164 295 0.99911
00023.jpg 50 10 130 432 0.99907
00023.jpg 692 135 109 167 0.99886
00023.jpg 687 134 114 167 0.99885
00023.jpg 429 102 174 302 0.99881
00023.jpg 60 3 111 437 0.99878
00023.jpg 440 99 161 300 0.99873
00023.jpg 429 93 171 302 0.99872
00023.jpg 435 104 160 294 0.99864
00023.jpg 434 107 171 294 0.99858
00023.jpg 691 141 110 161 0.99855
00023.jpg 687 142 111 164 0.99850
00023.jpg 441 112 167 279 0.99849
00023.jpg 694 138 112 169 0.99840
00023.jpg 439 110 160 289 0.99834
00023.jpg 693 135 103 167 0.99818
00023.jpg 436 100 166 295 0.99798
00023.jpg 51 6 128 442 0.99797
00023.jpg 441 111 161 284 0.99794
00023.jpg 438 104 161 305 0.99791
00023.jpg 601 139 88 177 0.99790
00023.jpg 600 134 89 182 0.99790
00023.jpg 598 136 102 181 0.99763
00023.jpg 49 12 131 424 0.99762
00023.jpg 595 135 103 181 0.99762
00023.jpg 435 100 167 295 0.99749
00023.jpg 431 107 178 284 0.99745
00023.jpg 692 143 111 157 0.99744
00023.jpg 604 134 91 180 0.99736
00023.jpg 603 128 93 197 0.99736
00023.jpg 603 134 95 179 0.99735
00023.jpg 434 104 166 296 0.99734
00023.jpg 439 98 156 308 0.99732
00023.jpg 441 104 158 293 0.99709
00023.jpg 432 106 169 289 0.99708
00023.jpg 599 137 99 180 0.99701
00023.jpg 54 12 127 425 0.99691
00023.jpg 602 134 91 182 0.99691
00023.jpg 54 18 125 427 0.99685
00023.jpg 443 101 160 293 0.99678
00023.jpg 56 22 118 402 0.99674
00023.jpg 437 97 161 298 0.99663
00023.jpg 431 101 172 298 0.99662
00023.jpg 48 11 128 422 0.99655
00023.jpg 436 89 167 309 0.99619
00023.jpg 51 16 124 421 0.99597
00023.jpg 694 138 106 164 0.99596
00023.jpg 50 22 133 400 0.99585
00023.jpg 49 8 129 442 0.99585
00023.jpg 599 137 95 176 0.99564
00023.jpg 435 101 159 303 0.99529
00023.jpg 442 103 157 301 0.99527
00023.jpg 445 95 147 296 0.99516
00023.jpg 57 8 118 427 0.99488
00023.jpg 690 138 112 163 0.99485
00023.jpg 695 140 105 160 0.99473
00023.jpg 697 132 102 175 0.99471
00023.jpg 694 140 109 155 0.99469
00023.jpg 692 134 106 178 0.99466
00023.jpg 437 105 168 295 0.99446
00023.jpg 432 105 166 287 0.99440
00023.jpg 53 13 120 423 0.99394
00023.jpg 439 101 159 296 0.99371
00023.jpg 691 133 104 170 0.99362
00023.jpg 432 101 165 297 0.99352
00023.jpg 53 10 120 428 0.99345
00023.jpg 694 142 104 155 0.99340
00023.jpg 695 140 106 157 0.99338
00023.jpg 439 103 158 297 0.99313
00023.jpg 697 139 106 161 0.99311
00023.jpg 60 15 113 420 0.99281
00023.jpg 604 141 92 173 0.99265
00023.jpg 49 12 121 427 0.99263
00023.jpg 694 137 105 166 0.99245
00023.jpg 64 13 107 420 0.99226
00023.jpg 686 141 117 155 0.99221
00023.jpg 599 132 98 186 0.99207
00023.jpg 691 138 105 164 0.99187
00023.jpg 599 136 99 180 0.99139
00023.jpg 51 11 127 429 0.99103
00023.jpg 434 98 170 304 0.99091
00023.jpg 436 102 162 295 0.99084
00023.jpg 53 7 127 425 0.99060
00023.jpg 55 18 118 417 0.99044
00023.jpg 433 100 171 302 0.99019
00023.jpg 435 109 171 301 0.98988
00023.jpg 51 22 128 409 0.98937
00023.jpg 440 105 162 285 0.98927
00023.jpg 450 103 140 293 0.98869
00023.jpg 692 134 114 169 0.98821
00023.jpg 598 133 101 182 0.98786
00023.jpg 601 142 93 165 0.98744
00023.jpg 440 111 164 289 0.98710
00023.jpg 604 137 91 182 0.98695
00023.jpg 52 14 119 430 0.98680
00023.jpg 434 101 166 291 0.98598
00023.jpg 690 135 110 166 0.98586
00023.jpg 52 19 132 425 0.98557
00023.jpg 439 104 162 294 0.98544
00023.jpg 594 132 104 187 0.98529
00023.jpg 45 9 136 448 0.98514
00023.jpg 55 25 123 414 0.98504
00023.jpg 438 102 159 305 0.98465
00023.jpg 439 109 167 291 0.98414
00023.jpg 600 144 93 169 0.98363
00023.jpg 596 129 99 185 0.98301
00023.jpg 597 136 101 178 0.98291
00023.jpg 688 131 112 172 0.98291
00023.jpg 51 10 135 424 0.98275
00023.jpg 598 135 105 181 0.98229
00023.jpg 48 9 130 436 0.98210
00023.jpg 599 135 96 179 0.98179
00023.jpg 605 135 91 179 0.98169
00023.jpg 51 13 124 420 0.98117
00023.jpg 441 103 151 288 0.98046
00023.jpg 599 132 97 185 0.98000
00023.jpg 49 10 131 431 0.97907
00023.jpg 53 15 126 411 0.97834
00023.jpg 61 17 111 423 0.97733
00023.jpg 689 132 110 173 0.97717
00023.jpg 599 132 101 181 0.97681
00023.jpg 690 132 105 170 0.97662
00023.jpg 691 139 103 167 0.97605
00023.jpg 693 138 103 167 0.97594
00023.jpg 439 95 160 311 0.97583
00023.jpg 601 132 96 184 0.97439
00023.jpg 58 4 111 438 0.97421
00023.jpg 599 140 98 175 0.97408
00023.jpg 686 136 115 169 0.97380
00023.jpg 49 10 129 434 0.97348
00023.jpg 604 140 92 176 0.97291
00023.jpg 600 133 96 187 0.97159
00023.jpg 696 135 103 168 0.97109
00023.jpg 594 134 99 176 0.97045
00023.jpg 598 138 101 176 0.96925
00023.jpg 600 131 98 187 0.96884
00023.jpg 604 137 86 181 0.96700
00023.jpg 596 141 100 174 0.96615
00023.jpg 437 99 159 303 0.96591
00023.jpg 601 137 96 180 0.96568
00023.jpg 606 141 89 174 0.96325
00023.jpg 695 134 102 160 0.96310
00023.jpg 434 108 166 280 0.96309
00023.jpg 689 136 113 172 0.96219
00023.jpg 602 135 93 177 0.96184
00023.jpg 436 102 166 305 0.96036
00023.jpg 603 145 91 163 0.96034
00023.jpg 692 134 110 170 0.95683
00023.jpg 598 137 97 184 0.95481
00023.jpg 688 144 116 158 0.95135
00023.jpg 437 92 164 313 0.94691
00023.jpg 598 144 94 169 0.94430
00023.jpg 603 136 97 176 0.94390
00023.jpg 600 137 101 179 0.94373
00023.jpg 53 11 121 436 0.94288
00023.jpg 434 107 164 288 0.94033
00023.jpg 604 142 91 172 0.93987
00023.jpg 692 139 110 164 0.93825
00023.jpg 695 142 105 152 0.93770
00023.jpg 698 137 105 164 0.93705
00023.jpg 695 137 108 165 0.93580
00023.jpg 442 108 155 285 0.93541
00023.jpg 692 129 109 178 0.93276
00023.jpg 690 139 110 164 0.93270
00023.jpg 428 107 154 277 0.93243
00023.jpg 604 134 93 182 0.92732
00023.jpg 439 105 165 290 0.92581
00023.jpg 689 136 115 165 0.92263
00023.jpg 48 18 133 432 0.92099
00023.jpg 435 108 166 287 0.92049
00023.jpg 435 108 164 299 0.91971
00023.jpg 435 97 165 305 0.91676
00023.jpg 60 8 117 426 0.91653
00023.jpg 447 108 159 289 0.91367
00023.jpg 596 139 102 175 0.91322
00023.jpg 601 135 94 176 0.90944
00023.jpg 56 25 118 413 0.90914
00023.jpg 57 11 118 423 0.90545
00023.jpg 607 135 88 180 0.89931
00023.jpg 688 127 113 170 0.89713
00023.jpg 57 10 129 428 0.89556
00023.jpg 690 133 113 168 0.89435
00023.jpg 691 127 110 180 0.89182
00023.jpg 438 108 161 280 0.88336
00023.jpg 55 15 126 437 0.88202
00023.jpg 608 141 85 176 0.87933
00023.jpg 601 136 99 184 0.87472
00023.jpg 692 134 111 172 0.86860
00023.jpg 600 136 98 186 0.86820
00023.jpg 52 12 117 424 0.86642
00023.jpg 449 104 139 294 0.85746
00023.jpg 439 106 165 302 0.85556
00023.jpg 690 136 111 162 0.85377
00023.jpg 45 4 131 438 0.85231
00023.jpg 595 134 103 185 0.84901
00023.jpg 697 137 105 165 0.84260
00023.jpg 602 136 99 178 0.84169
00023.jpg 697 140 104 166 0.83282
00023.jpg 689 134 114 168 0.83209
00023.jpg 595 142 105 173 0.83130
00023.jpg 595 131 106 190 0.82686
00023.jpg 692 137 110 158 0.82394
00023.jpg 688 134 113 168 0.81628
00023.jpg 602 139 98 174 0.81372
00023.jpg 605 136 96 178 0.81368
00023.jpg 602 142 94 175 0.80967
00023.jpg 605 138 87 175 0.80780
00023.jpg 691 137 115 162 0.79698
00023.jpg 604 139 91 175 0.79320
00023.jpg 435 104 167 291 0.78613
00023.jpg 50 16 122 414 0.78536
00023.jpg 695 134 108 177 0.78179
00023.jpg 693 140 112 155 0.77880
00023.jpg 602 141 96 175 0.77585
00023.jpg 54 22 122 410 0.77351
00023.jpg 444 86 147 318 0.76687
00023.jpg 55 11 129 410 0.76249
00023.jpg 692 140 111 155 0.75886
00023.jpg 600 134 94 183 0.73727
00023.jpg 699 138 99 164 0.73711
00023.jpg 691 134 110 175 0.73365
00023.jpg 448 106 141 292 0.73278
00023.jpg 694 135 109 166 0.72269
00023.jpg 42 10 134 430 0.71355
00023.jpg 427 102 176 302 0.71325
00023.jpg 701 136 101 168 0.70240
00023.jpg 591 125 113 195 0.69261
00023.jpg 696 133 96 167 0.68814
00023.jpg 596 130 99 185 0.68693
00023.jpg 440 100 173 302 0.68529
00023.jpg 439 103 163 288 0.68340
00023.jpg 690 135 113 167 0.67611
00023.jpg 446 106 145 289 0.67464
00023.jpg 53 15 128 416 0.66353
00023.jpg 603 137 97 185 0.65696
00023.jpg 440 105 157 287 0.65323
00023.jpg 600 132 93 187 0.64957
00023.jpg 441 111 165 285 0.64457
00023.jpg 695 135 108 173 0.64383
00023.jpg 57 18 121 409 0.64034
00023.jpg 600 134 98 190 0.63700
00023.jpg 683 139 121 157 0.62222
00023.jpg 699 137 101 163 0.61864
00023.jpg 443 101 164 294 0.61760
00023.jpg 688 139 111 161 0.61185
00023.jpg 600 136 95 179 0.60671
00023.jpg 606 138 87 175 0.60384
00023.jpg 436 93 163 302 0.58874
00023.jpg 46 8 130 438 0.57555
00023.jpg 42 25 136 408 0.57163
00023.jpg 446 101 147 295 0.56531
00023.jpg 689 140 116 163 0.55687
00023.jpg 55 9 121 430 0.55322
00023.jpg 601 132 92 191 0.54470
00023.jpg 600 130 104 181 0.54238
00023.jpg 600 132 89 191 0.53201
00023.jpg 443 107 160 290 0.53179
00023.jpg 436 111 156 280 0.51918
00023.jpg 218 14 42 46 0.50198
00023.jpg 427 116 177 279 0.50108
