00028.jpg 76 25 134 422 0.99968
00028.jpg 80 33 131 409 0.99964
00028.jpg 634 139 70 168 0.99961
00028.jpg 722 121 86 185 0.99937
00028.jpg 430 97 146 300 0.99926
00028.jpg 719 119 91 187 0.99926
00028.jpg 445 92 121 312 0.99924
00028.jpg 434 103 136 299 0.99912
00028.jpg 439 99 131 306 0.99911
00028.jpg 639 134 61 183 0.99910
00028.jpg 80 23 128 436 0.99906
00028.jpg 438 98 135 303 0.99904
00028.jpg 72 36 139 409 0.99903
00028.jpg 436 99 137 301 0.99900
00028.jpg 440 99 133 298 0.99891
00028.jpg 67 25 154 415 0.99885
00028.jpg 718 117 96 182 0.99882
00028.jpg 434 98 134 301 0.99881
00028.jpg 441 101 131 296 0.99872
00028.jpg 438 101 129 294 0.99844
00028.jpg 87 15 129 431 0.99836
00028.jpg 440 99 127 298 0.99833
00028.jpg 434 97 140 303 0.99831
00028.jpg 436 102 134 290 0.99825
00028.jpg 636 135 68 173 0.99809
00028.jpg 434 92 142 306 0.99802
00028.jpg 441 106 127 298 0.99785
00028.jpg 635 143 71 168 0.99769
00028.jpg 437 106 132 289 0.99763
00028.jpg 69 13 152 441 0.99739
00028.jpg 78 21 134 426 0.99734
00028.jpg 636 135 72 174 0.99730
00028.jpg 717 120 91 180 0.99729
00028.jpg 723 118 86 186 0.99723
00028.jpg 73 24 139 428 0.99718
00028.jpg 720 113 87 192 0.99706
00028.jpg 80 26 132 415 0.99701
00028.jpg 75 37 138 402 0.99696
00028.jpg 713 119 99 181 0.99689
00028.jpg 73 25 142 416 0.99686
00028.jpg 638 142 67 166 0.99682
00028.jpg 430 99 147 303 0.99674
00028.jpg 71 20 142 429 0.99663
00028.jpg 75 28 142 432 0.99653
00028.jpg 438 93 131 306 0.99647
00028.jpg 76 26 138 425 0.99641
00028.jpg 75 20 123 421 0.99624
00028.jpg 442 95 130 310 0.99621
00028.jpg 442 95 128 308 0.99607
00028.jpg 68 29 146 419 0.99602
00028.jpg 434 96 139 305 0.99589
00028.jpg 434 93 133 310 0.99582
00028.jpg 72 28 141 407 0.99565
00028.jpg 71 24 149 419 0.99565
00028.jpg 75 30 135 416 0.99532
00028.jpg 716 121 90 188 0.99513
00028.jpg 634 139 73 177 0.99501
00028.jpg 638 139 65 173 0.99498
00028.jpg 721 118 86 186 0.99494
00028.jpg 448 104 118 291 0.99483
00028.jpg 718 118 87 188 0.99430
00028.jpg 437 95 139 306 0.99430
00028.jpg 635 140 65 169 0.99430
00028.jpg 433 95 137 306 0.99429
00028.jpg 714 116 91 184 0.99427
00028.jpg 718 126 87 171 0.99419
00028.jpg 80 26 127 428 0.99417
00028.jpg 639 139 66 171 0.99404
00028.jpg 76 15 133 441 0.99397
00028.jpg 72 35 146 412 0.99392
00028.jpg 73 38 146 398 0.99353
00028.jpg 433 89 132 304 0.99351
00028.jpg 73 25 140 432 0.99319
00028.jpg 717 122 89 190 0.99318
00028.jpg 436 99 134 297 0.99316
00028.jpg 715 116 91 191 0.99273
00028.jpg 74 27 136 424 0.99269
00028.jpg 441 94 128 315 0.99260
00028.jpg 720 118 85 182 0.99239
00028.jpg 719 122 85 182 0.99230
00028.jpg 78 27 128 444 0.99208
00028.jpg 636 136 69 173 0.99206
00028.jpg 77 27 134 410 0.99197
00028.jpg 438 105 136 304 0.99170
00028.jpg 439 94 133 295 0.99164
00028.jpg 720 123 89 176 0.99114
00028.jpg 634 141 68 171 0.99110
00028.jpg 720 123 93 186 0.99098
00028.jpg 637 138 64 173 0.99095
00028.jpg 437 98 133 308 0.99077
00028.jpg 719 120 90 183 0.99070
00028.jpg 637 142 67 166 0.99069
00028.jpg 717 117 88 185 0.99047
00028.jpg 79 24 121 433 0.99042
00028.jpg 76 23 135 449 0.99010
00028.jpg 719 118 85 189 0.98985
00028.jpg 719 117 89 185 0.98946
00028.jpg 438 98 128 295 0.98923
00028.jpg 723 114 84 189 0.98917
00028.jpg 639 138 64 178 0.98909
00028.jpg 445 99 120 306 0.98867
00028.jpg 639 139 66 171 0.98848
00028.jpg 636 138 66 171 0.98789
00028.jpg 440 97 127 304 0.98763
00028.jpg 718 126 90 176 0.98744
00028.jpg 440 93 127 304 0.98739
00028.jpg 636 138 69 173 0.98723
00028.jpg 638 138 66 172 0.98676
00028.jpg 74 40 140 402 0.98674
00028.jpg 637 135 69 174 0.98670
00028.jpg 433 105 137 288 0.98645
00028.jpg 720 119 91 183 0.98605
00028.jpg 439 97 127 303 0.98601
00028.jpg 440 95 125 300 0.98587
00028.jpg 721 124 85 176 0.98568
00028.jpg 719 121 92 187 0.98554
00028.jpg 436 103 133 295 0.98549
00028.jpg 721 123 87 180 0.98527
00028.jpg 437 101 135 292 0.98476
00028.jpg 438 100 144 293 0.98460
00028.jpg 433 95 137 307 0.98442
00028.jpg 72 26 145 419 0.98432
00028.jpg 720 115 90 184 0.98419
00028.jpg 717 116 85 189 0.98347
00028.jpg 443 85 129 304 0.98273
00028.jpg 641 141 67 171 0.98250
00028.jpg 638 142 61 164 0.98221
00028.jpg 444 95 121 298 0.98191
00028.jpg 640 136 68 179 0.98174
00028.jpg 635 135 72 180 0.98100
00028.jpg 440 91 128 312 0.98041
00028.jpg 635 131 68 186 0.98038
00028.jpg 636 134 66 181 0.98019
00028.jpg 442 96 130 293 0.97934
00028.jpg 635 140 71 170 0.97918
00028.jpg 635 137 70 171 0.97855
00028.jpg 716 124 89 180 0.97851
00028.jpg 719 117 86 194 0.97757
00028.jpg 718 117 86 189 0.97732
00028.jpg 76 24 139 432 0.97690
00028.jpg 73 27 138 427 0.97680
00028.jpg 438 104 130 297 0.97673
00028.jpg 719 120 91 181 0.97666
00028.jpg 77 28 130 409 0.97429
00028.jpg 642 135 64 180 0.97298
00028.jpg 637 141 68 169 0.97262
00028.jpg 719 125 93 175 0.97252
00028.jpg 67 33 148 401 0.97211
00028.jpg 638 141 62 165 0.97122
00028.jpg 635 141 73 171 0.97073
00028.jpg 426 92 152 312 0.97000
00028.jpg 634 138 75 175 0.96994
00028.jpg 78 37 144 403 0.96914
00028.jpg 440 102 125 298 0.96911
00028.jpg 641 139 58 172 0.96905
00028.jpg 447 97 138 292 0.96865
00028.jpg 637 140 67 170 0.96726
00028.jpg 723 123 84 183 0.96707
00028.jpg 70 22 142 437 0.96693
00028.jpg 721 121 86 183 0.96430
00028.jpg 638 140 65 165 0.96208
00028.jpg 717 111 90 196 0.96179
00028.jpg 69 29 143 424 0.96174
00028.jpg 439 98 132 295 0.96071
00028.jpg 441 96 129 309 0.95744
00028.jpg 437 102 136 294 0.95420
00028.jpg 71 30 146 421 0.95404
00028.jpg 432 100 135 295 0.95338
00028.jpg 711 121 96 181 0.95228
00028.jpg 637 141 63 169 0.94963
00028.jpg 634 140 70 172 0.94779
00028.jpg 717 117 87 183 0.94490
00028.jpg 720 115 90 192 0.94459
00028.jpg 634 139 67 169 0.94319
00028.jpg 633 143 73 166 0.94245
00028.jpg 436 105 136 300 0.94076
00028.jpg 69 14 150 429 0.93247
00028.jpg 721 113 86 195 0.93202
00028.jpg 438 96 133 296 0.92850
00028.jpg 639 138 63 172 0.92500
00028.jpg 78 28 126 412 0.92423
00028.jpg 81 27 128 423 0.92184
00028.jpg 722 123 85 181 0.92171
00028.jpg 719 125 87 176 0.91715
00028.jpg 73 28 145 423 0.91556
00028.jpg 637 136 71 176 0.91459
00028.jpg 632 140 72 165 0.91175
00028.jpg 642 137 62 171 0.90623
00028.jpg 435 93 130 303 0.90220
00028.jpg 716 116 91 191 0.90117
00028.jpg 721 121 88 185 0.90000
00028.jpg 719 116 88 183 0.88961
00028.jpg 635 136 69 179 0.88498
00028.jpg 718 124 89 177 0.87999
00028.jpg 431 91 139 307 0.87751
00028.jpg 721 125 87 169 0.87719
00028.jpg 714 120 98 183 0.87540
00028.jpg 715 119 97 184 0.87483
00028.jpg 719 118 89 189 0.86738
00028.jpg 718 115 94 188 0.86717
00028.jpg 629 139 82 168 0.86601
00028.jpg 719 120 90 177 0.86573
00028.jpg 73 24 131 430 0.86527
00028.jpg 634 135 79 177 0.86317
00028.jpg 71 25 145 432 0.86123
00028.jpg 720 118 92 177 0.86050
00028.jpg 68 32 160 415 0.85790
00028.jpg 633 128 74 190 0.85007
00028.jpg 722 127 86 171 0.84955
00028.jpg 630 135 80 177 0.84509
00028.jpg 633 136 73 173 0.84393
00028.jpg 637 140 68 170 0.84069
00028.jpg 437 97 121 303 0.83282
00028.jpg 715 123 96 182 0.82829
00028.jpg 440 99 127 297 0.82351
00028.jpg 74 30 132 412 0.81709
00028.jpg 719 118 91 179 0.81256
00028.jpg 711 112 95 196 0.80199
00028.jpg 73 16 139 437 0.80105
00028.jpg 436 104 126 284 0.78723
00028.jpg 712 121 91 179 0.77941
00028.jpg 444 94 128 313 0.77464
00028.jpg 634 145 72 161 0.77096
00028.jpg 634 138 63 174 0.75884
00028.jpg 633 139 69 175 0.75214
00028.jpg 70 24 133 424 0.74133
00028.jpg 637 139 65 172 0.73664
00028.jpg 743 122 27 40 0.71048
00028.jpg 631 136 67 172 0.70994
00028.jpg 720 115 85 183 0.70190
00028.jpg 433 92 134 304 0.69050
00028.jpg 78 26 133 418 0.68475
00028.jpg 633 133 69 178 0.67841
00028.jpg 637 136 69 169 0.66124
00028.jpg 722 118 91 185 0.65239
00028.jpg 435 104 143 286 0.64480
00028.jpg 631 147 70 162 0.63785
00028.jpg 641 140 60 168 0.63656
00028.jpg 444 100 121 294 0.63580
00028.jpg 724 122 87 178 0.63160
00028.jpg 438 102 129 303 0.62914
00028.jpg 434 93 140 311 0.62794
00028.jpg 639 134 74 176 0.62739
00028.jpg 442 97 116 311 0.61686
00028.jpg 432 94 131 314 0.61628
00028.jpg 722 125 80 175 0.61449
00028.jpg 640 137 69 171 0.61284
00028.jpg 441 85 138 313 0.60528
00028.jpg 743 123 30 41 0.60446
00028.jpg 433 103 143 296 0.58058
00028.jpg 720 120 93 182 0.57967
00028.jpg 627 132 88 180 0.57636
00028.jpg 743 118 26 35 0.56662
00028.jpg 430 109 138 293 0.56011
00028.jpg 744 120 29 37 0.55748
00028.jpg 429 103 143 290 0.55518
00028.jpg 722 125 89 177 0.55499
00028.jpg 429 88 144 318 0.55476
00028.jpg 67 26 145 429 0.54828
00028.jpg 747 128 17 25 0.54530
00028.jpg 741 122 26 37 0.54258
00028.jpg 435 90 139 310 0.54221
00028.jpg 746 122 30 38 0.53482
00028.jpg 72 21 146 418 0.53024
00028.jpg 739 123 27 42 0.52821
00028.jpg 753 129 18 23 0.52289
00028.jpg 80 38 119 401 0.51705
00028.jpg 639 142 73 165 0.51520
00028.jpg 74 37 129 398 0.51428
00028.jpg 740 125 29 42 0.50941
00028.jpg 718 128 85 169 0.50524
00028.jpg 719 119 86 180 0.49904
