00040.jpg 419 92 117 337 0.99975
00040.jpg 71 49 128 395 0.99961
00040.jpg 68 55 129 379 0.99959
00040.jpg 780 132 49 183 0.99951
00040.jpg 777 139 56 168 0.99921
00040.jpg 778 136 48 170 0.99914
00040.jpg 418 97 113 338 0.99900
00040.jpg 69 56 126 390 0.99893
00040.jpg 776 134 56 176 0.99883
00040.jpg 420 86 110 345 0.99882
00040.jpg 71 58 130 386 0.99876
00040.jpg 70 47 121 394 0.99874
00040.jpg 780 135 50 173 0.99864
00040.jpg 61 57 140 389 0.99861
00040.jpg 776 137 54 170 0.99845
00040.jpg 73 47 126 397 0.99844
00040.jpg 772 131 58 178 0.99840
00040.jpg 424 94 112 335 0.99837
00040.jpg 421 96 112 336 0.99836
00040.jpg 416 93 118 325 0.99830
00040.jpg 66 52 134 390 0.99817
00040.jpg 778 134 55 172 0.99810
00040.jpg 417 94 112 336 0.99802
00040.jpg 425 92 109 341 0.99794
00040.jpg 778 130 54 176 0.99790
00040.jpg 69 56 125 384 0.99775
00040.jpg 632 138 78 174 0.99768
00040.jpg 624 139 87 179 0.99761
00040.jpg 631 137 83 174 0.99759
00040.jpg 775 130 56 177 0.99757
00040.jpg 67 39 121 401 0.99743
00040.jpg 420 98 106 328 0.99720
00040.jpg 629 138 78 169 0.99719
00040.jpg 780 128 50 182 0.99711
00040.jpg 422 89 109 339 0.99701
00040.jpg 60 56 132 380 0.99692
00040.jpg 69 43 132 396 0.99692
00040.jpg 418 96 113 333 0.99684
00040.jpg 64 52 129 393 0.99681
00040.jpg 421 96 117 325 0.99675
00040.jpg 779 139 50 170 0.99661
00040.jpg 418 84 117 342 0.99657
00040.jpg 417 91 118 334 0.99642
00040.jpg 629 141 86 169 0.99636
00040.jpg 422 93 104 334 0.99632
00040.jpg 68 52 124 385 0.99622
00040.jpg 72 54 120 391 0.99614
00040.jpg 778 131 52 179 0.99601
00040.jpg 422 111 114 310 0.99596
00040.jpg 626 134 89 181 0.99556
00040.jpg 423 94 111 336 0.99551
00040.jpg 630 139 81 179 0.99533
00040.jpg 419 95 113 329 0.99507
00040.jpg 631 138 81 174 0.99505
00040.jpg 73 49 128 394 0.99499
00040.jpg 72 57 118 378 0.99498
00040.jpg 419 93 111 335 0.99483
00040.jpg 69 44 122 391 0.99478
00040.jpg 778 129 52 178 0.99477
00040.jpg 777 135 50 171 0.99451
00040.jpg 418 94 115 333 0.99415
00040.jpg 415 98 119 331 0.99404
00040.jpg 627 139 85 169 0.99373
00040.jpg 75 50 124 389 0.99367
00040.jpg 631 142 78 175 0.99367
00040.jpg 776 131 56 176 0.99352
00040.jpg 636 140 73 170 0.99318
00040.jpg 633 140 75 173 0.99313
00040.jpg 65 47 133 410 0.99300
00040.jpg 420 92 112 337 0.99264
00040.jpg 420 96 112 335 0.99252
00040.jpg 65 60 129 386 0.99252
00040.jpg 423 86 111 334 0.99250
00040.jpg 628 136 84 171 0.99242
00040.jpg 776 138 54 172 0.99198
00040.jpg 779 136 54 180 0.99194
00040.jpg 631 141 79 168 0.99181
00040.jpg 421 93 110 339 0.99178
00040.jpg 625 142 81 174 0.99136
00040.jpg 779 129 54 181 0.99130
00040.jpg 423 102 113 324 0.99059
00040.jpg 634 137 76 174 0.99037
00040.jpg 774 126 58 181 0.99032
00040.jpg 73 49 118 387 0.98984
00040.jpg 634 139 80 176 0.98976
00040.jpg 421 102 110 331 0.98946
00040.jpg 632 144 81 164 0.98935
00040.jpg 412 94 121 333 0.98933
00040.jpg 67 53 128 398 0.98929
00040.jpg 424 100 109 333 0.98924
00040.jpg 68 48 133 402 0.98910
00040.jpg 417 98 118 331 0.98900
00040.jpg 630 141 82 170 0.98891
00040.jpg 775 134 55 171 0.98837
00040.jpg 71 48 119 404 0.98819
00040.jpg 66 43 130 419 0.98766
00040.jpg 628 141 87 170 0.98726
00040.jpg 631 141 80 166 0.98704
00040.jpg 66 34 122 408 0.98687
00040.jpg 626 148 79 160 0.98672
00040.jpg 628 139 83 168 0.98657
00040.jpg 636 141 74 171 0.98648
00040.jpg 67 53 130 391 0.98631
00040.jpg 781 141 45 164 0.98584
00040.jpg 421 101 107 326 0.98550
00040.jpg 775 132 57 177 0.98533
00040.jpg 416 100 110 322 0.98517
00040.jpg 416 95 119 319 0.98505
00040.jpg 419 91 111 336 0.98464
00040.jpg 626 135 86 174 0.98423
00040.jpg 59 41 143 404 0.98394
00040.jpg 628 136 82 175 0.98379
00040.jpg 423 95 111 335 0.98366
00040.jpg 630 138 83 170 0.98326
00040.jpg 778 135 50 179 0.98296
00040.jpg 778 135 51 174 0.98288
00040.jpg 777 135 56 173 0.98270
00040.jpg 778 135 52 179 0.98269
00040.jpg 71 48 127 396 0.98264
00040.jpg 775 131 59 179 0.98176
00040.jpg 629 138 85 173 0.98093
00040.jpg 426 97 108 323 0.98090
00040.jpg 415 101 118 311 0.98060
00040.jpg 774 135 60 173 0.98056
00040.jpg 419 92 116 344 0.98051
00040.jpg 775 130 56 181 0.97925
00040.jpg 629 144 87 166 0.97882
00040.jpg 629 137 86 176 0.97830
00040.jpg 63 53 133 393 0.97815
00040.jpg 66 44 128 409 0.97676
00040.jpg 631 138 74 175 0.97638
00040.jpg 777 134 54 175 0.97559
00040.jpg 60 56 142 382 0.97512
00040.jpg 770 132 63 174 0.97504
00040.jpg 633 136 79 177 0.97348
00040.jpg 75 42 123 402 0.97314
00040.jpg 632 140 81 173 0.97216
00040.jpg 68 51 130 408 0.97131
00040.jpg 418 91 116 348 0.97019
00040.jpg 775 131 56 174 0.97013
00040.jpg 67 67 134 372 0.96968
00040.jpg 631 139 82 172 0.96918
00040.jpg 776 134 54 177 0.96914
00040.jpg 777 132 52 174 0.96739
00040.jpg 778 131 54 182 0.96656
00040.jpg 629 141 84 167 0.96616
00040.jpg 72 47 122 410 0.96437
00040.jpg 70 57 124 389 0.96423
00040.jpg 778 130 53 175 0.96278
00040.jpg 628 137 86 176 0.96262
00040.jpg 66 52 134 391 0.96218
00040.jpg 424 97 105 333 0.96184
00040.jpg 417 93 114 337 0.96138
00040.jpg 779 129 52 178 0.96106
00040.jpg 72 60 118 381 0.96050
00040.jpg 65 49 129 397 0.95988
00040.jpg 773 135 55 174 0.95905
00040.jpg 774 134 60 180 0.95792
00040.jpg 424 104 115 313 0.95684
00040.jpg 637 136 74 176 0.95584
00040.jpg 65 44 125 401 0.95383
00040.jpg 631 136 80 176 0.95296
00040.jpg 629 139 86 171 0.95250
00040.jpg 631 139 80 172 0.95162
00040.jpg 632 135 80 183 0.95083
00040.jpg 772 136 54 169 0.95069
00040.jpg 630 137 82 166 0.94841
00040.jpg 69 45 112 403 0.94675
00040.jpg 772 135 60 174 0.94473
00040.jpg 427 82 109 339 0.94285
00040.jpg 776 136 56 178 0.94159
00040.jpg 631 140 79 171 0.94067
00040.jpg 776 130 56 181 0.93888
00040.jpg 420 95 113 334 0.93765
00040.jpg 629 136 86 178 0.93665
00040.jpg 775 131 56 173 0.92908
00040.jpg 774 130 53 188 0.92574
00040.jpg 772 133 56 175 0.92185
00040.jpg 629 136 86 173 0.91183
00040.jpg 65 52 133 397 0.91051
00040.jpg 419 97 114 325 0.90594
00040.jpg 632 139 77 169 0.90482
00040.jpg 413 104 131 323 0.90379
00040.jpg 421 91 113 327 0.90060
00040.jpg 625 142 85 165 0.89961
00040.jpg 626 139 84 176 0.89866
00040.jpg 630 138 84 174 0.89557
00040.jpg 416 101 107 328 0.89433
00040.jpg 775 135 53 180 0.89069
00040.jpg 64 49 125 403 0.88896
00040.jpg 418 103 114 316 0.88564
00040.jpg 65 48 134 393 0.88322
00040.jpg 70 45 124 411 0.88205
00040.jpg 633 140 81 173 0.87213
00040.jpg 777 136 52 168 0.87195
00040.jpg 418 96 120 336 0.87069
00040.jpg 776 131 58 177 0.86653
00040.jpg 418 91 111 323 0.86566
00040.jpg 67 42 120 407 0.86196
00040.jpg 627 140 82 166 0.85959
00040.jpg 427 98 108 325 0.85753
00040.jpg 774 132 55 176 0.85483
00040.jpg 66 50 119 389 0.84911
00040.jpg 636 143 74 164 0.84656
00040.jpg 73 52 134 401 0.84084
00040.jpg 629 135 84 176 0.84056
00040.jpg 65 53 126 387 0.84011
00040.jpg 420 95 110 330 0.83950
00040.jpg 626 143 80 159 0.83789
00040.jpg 420 91 115 336 0.83676
00040.jpg 633 145 78 167 0.83019
00040.jpg 410 115 128 301 0.81643
00040.jpg 635 137 80 175 0.81643
00040.jpg 628 140 76 167 0.81636
00040.jpg 419 100 106 327 0.80986
00040.jpg 416 99 112 329 0.80701
00040.jpg 421 97 111 331 0.78984
00040.jpg 776 131 55 176 0.78646
00040.jpg 413 93 120 333 0.78072
00040.jpg 418 99 115 331 0.78051
00040.jpg 775 130 55 181 0.77447
00040.jpg 628 142 83 159 0.75849
00040.jpg 636 142 72 167 0.74094
00040.jpg 779 132 49 182 0.73779
00040.jpg 633 138 83 169 0.73703
00040.jpg 408 106 129 313 0.73295
00040.jpg 418 90 116 330 0.72915
00040.jpg 631 143 80 172 0.71582
00040.jpg 421 93 113 343 0.71313
00040.jpg 779 136 54 167 0.71166
00040.jpg 782 133 49 179 0.70948
00040.jpg 69 47 142 392 0.69368
00040.jpg 54 57 144 391 0.69166
00040.jpg 425 100 103 333 0.69137
00040.jpg 65 57 129 410 0.68762
00040.jpg 636 137 78 167 0.68671
00040.jpg 636 138 74 174 0.68240
00040.jpg 627 142 88 166 0.68230
00040.jpg 780 138 53 166 0.67579
00040.jpg 428 101 110 326 0.67311
00040.jpg 770 131 68 175 0.66403
00040.jpg 64 35 135 424 0.65622
00040.jpg 635 144 73 166 0.65225
00040.jpg 626 133 83 185 0.63370
00040.jpg 773 135 62 175 0.63287
00040.jpg 777 134 47 180 0.61036
00040.jpg 627 134 86 184 0.60632
00040.jpg 60 60 142 373 0.60349
00040.jpg 408 96 133 330 0.60087
00040.jpg 774 138 61 166 0.59599
00040.jpg 622 140 92 178 0.59568
00040.jpg 635 144 75 169 0.58754
00040.jpg 65 60 131 377 0.57440
00040.jpg 417 99 110 313 0.53716
00040.jpg 59 54 144 398 0.53582
00040.jpg 779 130 55 180 0.52744
00040.jpg 622 135 96 185 0.52713
00040.jpg 72 50 129 395 0.51122
00040.jpg 413 103 130 317 0.51022
00040.jpg 637 137 81 178 0.50893
00040.jpg 776 133 59 169 0.50879
00040.jpg 68 64 128 369 0.50203
00040.jpg 406 100 130 321 0.50027
00040.jpg 628 144 78 159 0.49956
