00003.jpg 624 252 153 277 0.99966
00003.jpg 359 126 253 404 0.99937
00003.jpg 359 121 255 406 0.99937
00003.jpg 356 126 267 412 0.99923
00003.jpg 339 128 301 393 0.99899
00003.jpg 369 124 233 406 0.99897
00003.jpg 621 251 149 284 0.99891
00003.jpg 620 253 151 276 0.99887
00003.jpg 620 258 160 273 0.99862
00003.jpg 353 137 274 391 0.99785
00003.jpg 359 136 261 395 0.99784
00003.jpg 351 120 255 412 0.99774
00003.jpg 352 133 258 395 0.99751
00003.jpg 173 238 168 294 0.99724
00003.jpg 366 122 238 410 0.99704
00003.jpg 355 139 260 390 0.99697
00003.jpg 623 258 149 277 0.99691
00003.jpg 635 257 139 276 0.99690
00003.jpg 619 248 162 284 0.99675
00003.jpg 342 137 279 388 0.99675
00003.jpg 362 127 236 392 0.99654
00003.jpg 351 120 267 415 0.99633
00003.jpg 366 134 255 390 0.99622
00003.jpg 619 256 146 265 0.99610
00003.jpg 362 122 259 407 0.99594
00003.jpg 358 133 250 399 0.99573
00003.jpg 169 241 175 288 0.99544
00003.jpg 356 130 271 404 0.99529
00003.jpg 169 242 174 283 0.99528
00003.jpg 872 464 58 70 0.99507
00003.jpg 33 469 76 68 0.99503
00003.jpg 627 249 147 289 0.99492
00003.jpg 875 465 53 73 0.99452
00003.jpg 360 126 265 401 0.99443
00003.jpg 345 124 272 396 0.99437
00003.jpg 173 244 170 290 0.99430
00003.jpg 353 138 259 394 0.99430
00003.jpg 352 128 260 390 0.99423
00003.jpg 162 235 183 292 0.99353
00003.jpg 626 251 153 276 0.99343
00003.jpg 345 117 275 417 0.99338
00003.jpg 622 253 154 274 0.99323
00003.jpg 170 238 174 299 0.99313
00003.jpg 360 120 253 414 0.99302
00003.jpg 36 469 73 66 0.99282
00003.jpg 874 467 58 68 0.99270
00003.jpg 33 471 77 64 0.99223
00003.jpg 878 467 53 67 0.99211
00003.jpg 32 470 75 67 0.99207
00003.jpg 347 134 266 395 0.99206
00003.jpg 619 250 154 284 0.99166
00003.jpg 343 124 271 403 0.99162
00003.jpg 634 258 141 258 0.99160
00003.jpg 622 254 149 283 0.99130
00003.jpg 155 239 192 288 0.99130
00003.jpg 618 257 155 270 0.99121
00003.jpg 174 242 165 293 0.99100
00003.jpg 362 124 256 396 0.99094
00003.jpg 622 251 152 287 0.99074
00003.jpg 177 242 165 297 0.99058
00003.jpg 624 246 147 287 0.99025
00003.jpg 173 236 171 300 0.98996
00003.jpg 175 249 169 268 0.98957
00003.jpg 166 226 168 306 0.98945
00003.jpg 182 240 159 287 0.98935
00003.jpg 624 259 147 271 0.98933
00003.jpg 621 249 158 278 0.98921
00003.jpg 616 253 161 283 0.98914
00003.jpg 615 247 156 283 0.98905
00003.jpg 34 471 70 68 0.98881
00003.jpg 174 239 168 294 0.98872
00003.jpg 875 467 54 69 0.98870
00003.jpg 32 469 75 69 0.98859
00003.jpg 623 251 150 281 0.98815
00003.jpg 173 246 173 286 0.98802
00003.jpg 616 248 157 288 0.98799
00003.jpg 33 470 72 66 0.98797
00003.jpg 618 249 162 273 0.98793
00003.jpg 618 247 156 285 0.98704
00003.jpg 164 243 175 291 0.98657
00003.jpg 175 234 163 302 0.98646
00003.jpg 169 243 178 288 0.98634
00003.jpg 31 470 75 68 0.98618
00003.jpg 622 244 143 283 0.98597
00003.jpg 161 242 194 281 0.98567
00003.jpg 168 247 176 285 0.98551
00003.jpg 344 106 275 426 0.98544
00003.jpg 32 469 73 69 0.98535
00003.jpg 878 463 49 75 0.98515
00003.jpg 174 236 173 303 0.98484
00003.jpg 179 255 161 267 0.98475
00003.jpg 870 465 62 68 0.98463
00003.jpg 170 245 173 284 0.98460
00003.jpg 363 131 252 397 0.98409
00003.jpg 620 249 158 284 0.98338
00003.jpg 166 241 186 284 0.98338
00003.jpg 875 467 53 71 0.98289
00003.jpg 180 241 155 284 0.98270
00003.jpg 172 237 175 289 0.98269
00003.jpg 623 252 152 281 0.98264
00003.jpg 874 467 55 69 0.98261
00003.jpg 619 253 158 274 0.98163
00003.jpg 173 243 168 296 0.98155
00003.jpg 623 252 150 277 0.98153
00003.jpg 874 464 59 75 0.98097
00003.jpg 617 254 155 280 0.98084
00003.jpg 165 242 181 294 0.98082
00003.jpg 171 248 169 286 0.97901
00003.jpg 166 233 177 297 0.97865
00003.jpg 172 249 170 280 0.97838
00003.jpg 627 249 144 281 0.97800
00003.jpg 33 468 76 69 0.97787
00003.jpg 369 126 233 408 0.97686
00003.jpg 355 130 259 398 0.97677
00003.jpg 608 249 175 267 0.97614
00003.jpg 171 249 168 285 0.97604
00003.jpg 30 472 82 65 0.97444
00003.jpg 349 101 269 433 0.97441
00003.jpg 313 471 61 68 0.97267
00003.jpg 176 225 161 312 0.97079
00003.jpg 615 248 163 268 0.97076
00003.jpg 874 464 56 75 0.97042
00003.jpg 31 470 75 65 0.96834
00003.jpg 35 470 72 68 0.96746
00003.jpg 38 471 69 63 0.96719
00003.jpg 874 465 56 69 0.96636
00003.jpg 617 254 154 274 0.96628
00003.jpg 874 468 54 63 0.96537
00003.jpg 178 247 160 289 0.96515
00003.jpg 616 255 162 279 0.96323
00003.jpg 871 464 58 72 0.96284
00003.jpg 620 255 147 268 0.96275
00003.jpg 174 239 168 289 0.96243
00003.jpg 875 465 54 70 0.96237
00003.jpg 317 475 50 63 0.96189
00003.jpg 625 247 148 290 0.96158
00003.jpg 627 252 148 283 0.95998
00003.jpg 627 252 143 277 0.95925
00003.jpg 876 465 54 71 0.95848
00003.jpg 33 471 78 66 0.95783
00003.jpg 35 472 69 62 0.95774
00003.jpg 621 257 161 274 0.95754
00003.jpg 875 460 57 78 0.95731
00003.jpg 0 486 31 48 0.95713
00003.jpg 30 471 77 67 0.95676
00003.jpg 352 129 267 404 0.95534
00003.jpg 358 122 264 409 0.95478
00003.jpg 871 462 59 75 0.95391
00003.jpg 316 472 58 64 0.95386
00003.jpg 349 128 275 378 0.95348
00003.jpg 872 466 61 71 0.95327
00003.jpg 322 472 49 64 0.95158
00003.jpg 315 472 59 65 0.95122
00003.jpg 0 485 35 53 0.94787
00003.jpg 29 470 81 66 0.94766
00003.jpg 180 246 158 288 0.94725
00003.jpg 624 254 150 274 0.94674
00003.jpg 32 470 73 69 0.94640
00003.jpg 1 485 37 54 0.94624
00003.jpg 352 137 264 384 0.94530
00003.jpg 871 466 58 68 0.94527
00003.jpg 157 238 191 289 0.94470
00003.jpg 625 251 156 268 0.94451
00003.jpg 618 257 158 268 0.94251
00003.jpg 35 472 69 64 0.94202
00003.jpg 875 465 57 71 0.93998
00003.jpg 36 471 67 66 0.93835
00003.jpg 29 471 81 67 0.93777
00003.jpg 32 474 76 59 0.93772
00003.jpg 616 252 159 273 0.93696
00003.jpg 165 233 177 286 0.93621
00003.jpg 0 483 33 54 0.93488
00003.jpg 877 464 50 73 0.93441
00003.jpg 319 474 54 63 0.93348
00003.jpg 3 485 36 51 0.93347
00003.jpg 168 237 173 295 0.93016
00003.jpg 874 463 54 73 0.92948
00003.jpg 871 462 60 73 0.92722
00003.jpg 32 470 78 68 0.92573
00003.jpg 181 235 163 294 0.92454
00003.jpg 320 474 47 59 0.92449
00003.jpg 170 242 168 289 0.92397
00003.jpg 614 241 162 296 0.92283
00003.jpg 876 462 55 77 0.92067
00003.jpg 871 469 63 66 0.91836
00003.jpg 179 230 157 289 0.91713
00003.jpg 317 475 53 61 0.91645
00003.jpg 3 487 28 49 0.91491
00003.jpg 33 470 76 64 0.91469
00003.jpg 6 483 26 55 0.91236
00003.jpg 0 483 41 56 0.91214
00003.jpg 873 464 61 70 0.91180
00003.jpg 2 486 33 51 0.91031
00003.jpg 2 486 33 53 0.91031
00003.jpg 175 245 164 291 0.90976
00003.jpg 316 472 56 66 0.90941
00003.jpg 0 487 34 52 0.90890
00003.jpg 618 250 155 281 0.90754
00003.jpg 33 469 76 68 0.90588
00003.jpg 3 486 36 47 0.90479
00003.jpg 876 464 56 73 0.90416
00003.jpg 0 485 36 54 0.90182
00003.jpg 31 473 76 63 0.89964
00003.jpg 0 488 44 50 0.89919
00003.jpg 625 250 160 261 0.89733
00003.jpg 874 462 59 77 0.89703
00003.jpg 873 464 59 75 0.89411
00003.jpg 873 464 56 73 0.89381
00003.jpg 316 473 49 63 0.89179
00003.jpg 0 485 48 53 0.89107
00003.jpg 315 475 57 62 0.88893
00003.jpg 32 466 77 69 0.88733
00003.jpg 311 472 59 64 0.88708
00003.jpg 353 127 261 408 0.88323
00003.jpg 175 248 171 277 0.87744
00003.jpg 624 243 153 285 0.87539
00003.jpg 34 469 76 68 0.87082
00003.jpg 873 462 58 77 0.86913
00003.jpg 621 245 156 291 0.86715
00003.jpg 32 473 76 62 0.86344
00003.jpg 312 475 59 61 0.85928
00003.jpg 30 465 79 71 0.85909
00003.jpg 343 123 279 412 0.85730
00003.jpg 872 466 55 62 0.84872
00003.jpg 159 232 187 280 0.84872
00003.jpg 879 466 50 69 0.84849
00003.jpg 36 471 69 65 0.84816
00003.jpg 312 474 60 61 0.84717
00003.jpg 874 460 59 79 0.84498
00003.jpg 873 465 59 74 0.84481
00003.jpg 578 476 67 63 0.84352
00003.jpg 35 471 70 63 0.84173
00003.jpg 626 249 148 285 0.84163
00003.jpg 619 247 147 280 0.83848
00003.jpg 621 244 152 293 0.83634
00003.jpg 315 471 60 64 0.83494
00003.jpg 32 470 75 68 0.83165
00003.jpg 311 473 62 64 0.83115
00003.jpg 35 471 78 64 0.82612
00003.jpg 351 114 279 416 0.82565
00003.jpg 588 473 51 66 0.82550
00003.jpg 869 466 67 67 0.82526
00003.jpg 583 473 60 64 0.82429
00003.jpg 28 471 77 67 0.82221
00003.jpg 320 472 52 65 0.82111
00003.jpg 0 491 33 47 0.82039
00003.jpg 631 257 143 276 0.82022
00003.jpg 0 484 37 49 0.81954
00003.jpg 170 248 172 275 0.81631
00003.jpg 176 238 170 301 0.81115
00003.jpg 317 472 53 62 0.81111
00003.jpg 0 486 39 50 0.80791
00003.jpg 32 470 76 69 0.80722
00003.jpg 35 469 71 69 0.79387
00003.jpg 313 476 62 60 0.79167
00003.jpg 36 472 71 64 0.78850
00003.jpg 616 254 155 277 0.78378
00003.jpg 0 487 42 51 0.78336
00003.jpg 872 463 60 76 0.78001
00003.jpg 317 472 57 62 0.77792
00003.jpg 182 246 168 287 0.77655
00003.jpg 161 238 178 286 0.77638
00003.jpg 878 466 54 68 0.77445
00003.jpg 165 256 186 258 0.77305
00003.jpg 179 239 157 291 0.77297
00003.jpg 1 486 33 53 0.76679
00003.jpg 28 475 79 59 0.76677
00003.jpg 1 484 38 54 0.76665
00003.jpg 574 473 67 64 0.76069
00003.jpg 34 470 75 66 0.75998
00003.jpg 874 465 59 71 0.75921
00003.jpg 361 125 251 404 0.75761
00003.jpg 619 240 156 291 0.75583
00003.jpg 576 474 62 62 0.75484
00003.jpg 176 243 167 291 0.75393
00003.jpg 313 469 58 70 0.75354
00003.jpg 0 483 31 53 0.75264
00003.jpg 32 473 71 65 0.74977
00003.jpg 0 486 33 51 0.74931
00003.jpg 341 145 268 356 0.74741
00003.jpg 4 492 35 44 0.74649
00003.jpg 39 468 72 70 0.74375
00003.jpg 579 475 57 62 0.74339
00003.jpg 315 474 53 61 0.74259
00003.jpg 876 464 54 74 0.74131
00003.jpg 315 470 60 69 0.74015
00003.jpg 34 470 71 65 0.73884
00003.jpg 32 475 73 62 0.73434
00003.jpg 873 468 58 68 0.73410
00003.jpg 315 471 61 66 0.73176
00003.jpg 878 462 58 71 0.72473
00003.jpg 317 478 50 55 0.72331
00003.jpg 164 246 175 282 0.72133
00003.jpg 176 249 162 290 0.72130
00003.jpg 175 234 160 285 0.72077
00003.jpg 40 466 67 73 0.71953
00003.jpg 178 235 165 297 0.71887
00003.jpg 159 249 174 288 0.71775
00003.jpg 871 466 54 71 0.71337
00003.jpg 0 486 48 49 0.71335
00003.jpg 318 474 50 61 0.70311
00003.jpg 628 239 138 295 0.69940
00003.jpg 319 468 57 68 0.69858
00003.jpg 176 251 156 277 0.69707
00003.jpg 1 484 35 50 0.69631
00003.jpg 35 471 77 68 0.69574
00003.jpg 312 475 58 62 0.69350
00003.jpg 30 468 73 68 0.69273
00003.jpg 317 468 60 71 0.68838
00003.jpg 318 470 55 69 0.68715
00003.jpg 0 488 37 50 0.68529
00003.jpg 616 250 169 283 0.68131
00003.jpg 590 476 46 57 0.67460
00003.jpg 578 478 59 60 0.67245
00003.jpg 321 471 52 66 0.66606
00003.jpg 606 250 169 285 0.66453
00003.jpg 186 244 162 295 0.66352
00003.jpg 314 468 58 68 0.65972
00003.jpg 869 463 64 70 0.65708
00003.jpg 35 470 76 68 0.64831
00003.jpg 589 476 48 61 0.64795
00003.jpg 324 470 48 65 0.64750
00003.jpg 872 460 57 79 0.64516
00003.jpg 0 481 43 56 0.64411
00003.jpg 317 472 54 64 0.64049
00003.jpg 313 474 58 64 0.63940
00003.jpg 309 472 63 63 0.63684
00003.jpg 875 467 58 65 0.63403
00003.jpg 310 471 62 63 0.63361
00003.jpg 874 469 53 64 0.63088
00003.jpg 618 247 152 286 0.63080
00003.jpg 0 488 55 49 0.62887
00003.jpg 3 487 40 47 0.62501
00003.jpg 582 475 61 60 0.62457
00003.jpg 0 491 40 47 0.62421
00003.jpg 571 474 63 61 0.61826
00003.jpg 307 475 62 63 0.61556
00003.jpg 583 477 63 58 0.61502
00003.jpg 321 472 49 63 0.60962
00003.jpg 320 471 49 66 0.60962
00003.jpg 39 467 69 71 0.60861
00003.jpg 869 467 62 71 0.60747
00003.jpg 357 108 256 426 0.60723
00003.jpg 35 469 76 69 0.60643
00003.jpg 574 479 70 57 0.60162
00003.jpg 585 473 57 65 0.60140
00003.jpg 870 467 59 67 0.58793
00003.jpg 333 126 307 402 0.58520
00003.jpg 30 465 73 69 0.58246
00003.jpg 577 476 58 60 0.58211
00003.jpg 876 462 54 75 0.57838
00003.jpg 359 112 290 413 0.57567
00003.jpg 581 471 54 63 0.57413
00003.jpg 626 253 156 271 0.57143
00003.jpg 573 478 63 60 0.56710
00003.jpg 324 476 47 61 0.56694
00003.jpg 620 256 147 268 0.56416
00003.jpg 171 233 165 306 0.55731
00003.jpg 586 476 59 61 0.55583
00003.jpg 577 474 61 60 0.55522
00003.jpg 582 468 58 69 0.55325
00003.jpg 318 471 57 66 0.55258
00003.jpg 24 470 84 67 0.54793
00003.jpg 309 475 64 60 0.54654
00003.jpg 314 468 56 71 0.54472
00003.jpg 28 474 84 62 0.54413
00003.jpg 30 473 72 59 0.54284
00003.jpg 168 224 166 306 0.53855
00003.jpg 306 473 63 66 0.53673
00003.jpg 316 472 68 65 0.53568
00003.jpg 162 235 194 274 0.53485
00003.jpg 32 467 66 68 0.52957
00003.jpg 874 470 60 67 0.52904
00003.jpg 618 247 155 283 0.52891
00003.jpg 18 477 69 62 0.52885
00003.jpg 634 258 131 263 0.52732
00003.jpg 308 471 64 62 0.52637
00003.jpg 0 482 41 54 0.52599
00003.jpg 39 468 69 67 0.52595
00003.jpg 3 484 37 49 0.52144
00003.jpg 612 254 179 255 0.52118
00003.jpg 319 476 51 54 0.51941
00003.jpg 868 465 58 73 0.51661
00003.jpg 171 247 162 264 0.51490
00003.jpg 588 475 58 61 0.51295
00003.jpg 322 474 51 57 0.50874
00003.jpg 307 471 78 68 0.50691
00003.jpg 175 235 176 288 0.50505
00003.jpg 782 496 71 43 0.50398
00003.jpg 580 472 64 62 0.50349
00003.jpg 171 232 193 291 0.50335
