00006.jpg 379 125 265 404 0.99966
00006.jpg 366 148 267 366 0.99965
00006.jpg 371 131 261 399 0.99948
00006.jpg 367 133 283 381 0.99940
00006.jpg 652 248 186 279 0.99902
00006.jpg 360 126 290 402 0.99899
00006.jpg 379 136 258 394 0.99898
00006.jpg 652 238 187 285 0.99894
00006.jpg 169 260 185 265 0.99829
00006.jpg 367 139 278 374 0.99818
00006.jpg 376 134 278 396 0.99816
00006.jpg 363 134 294 395 0.99811
00006.jpg 665 242 170 288 0.99774
00006.jpg 884 450 67 83 0.99771
00006.jpg 177 259 168 265 0.99742
00006.jpg 380 128 251 400 0.99733
00006.jpg 651 242 196 292 0.99725
00006.jpg 649 246 187 282 0.99711
00006.jpg 889 452 66 83 0.99677
00006.jpg 59 471 64 66 0.99636
00006.jpg 171 256 184 268 0.99608
00006.jpg 52 472 76 67 0.99570
00006.jpg 656 238 180 280 0.99548
00006.jpg 367 130 294 393 0.99540
00006.jpg 886 453 66 86 0.99486
00006.jpg 373 128 269 401 0.99480
00006.jpg 652 236 196 283 0.99476
00006.jpg 366 142 276 394 0.99468
00006.jpg 49 471 78 68 0.99459
00006.jpg 173 248 185 285 0.99443
00006.jpg 55 471 71 68 0.99433
00006.jpg 644 246 202 293 0.99427
00006.jpg 366 141 287 377 0.99418
00006.jpg 374 111 266 423 0.99415
00006.jpg 644 249 207 280 0.99413
00006.jpg 162 259 193 259 0.99412
00006.jpg 362 133 290 396 0.99408
00006.jpg 146 256 219 263 0.99408
00006.jpg 658 242 176 281 0.99403
00006.jpg 373 143 280 390 0.99350
00006.jpg 655 247 178 270 0.99334
00006.jpg 161 259 201 280 0.99314
00006.jpg 58 470 72 68 0.99306
00006.jpg 365 137 289 391 0.99301
00006.jpg 887 452 63 86 0.99290
00006.jpg 641 239 202 292 0.99290
00006.jpg 335 468 55 68 0.99270
00006.jpg 369 132 276 393 0.99245
00006.jpg 646 245 194 292 0.99239
00006.jpg 54 469 73 70 0.99221
00006.jpg 164 256 197 283 0.99184
00006.jpg 884 454 71 84 0.99177
00006.jpg 649 244 208 285 0.99173
00006.jpg 656 244 187 284 0.99138
00006.jpg 53 468 74 68 0.99126
00006.jpg 655 227 190 307 0.99121
00006.jpg 647 244 196 295 0.99121
00006.jpg 162 262 203 263 0.99116
00006.jpg 369 142 274 374 0.99111
00006.jpg 167 259 183 272 0.99111
00006.jpg 886 457 67 78 0.99110
00006.jpg 887 457 67 80 0.99110
00006.jpg 645 238 191 286 0.99082
00006.jpg 361 132 295 393 0.99080
00006.jpg 166 262 190 271 0.99071
00006.jpg 54 473 69 64 0.99036
00006.jpg 54 471 72 68 0.99032
00006.jpg 650 247 184 280 0.99009
00006.jpg 58 472 70 65 0.98945
00006.jpg 891 453 63 85 0.98929
00006.jpg 887 451 64 88 0.98895
00006.jpg 164 260 199 258 0.98885
00006.jpg 158 255 205 279 0.98865
00006.jpg 164 262 191 276 0.98863
00006.jpg 645 238 191 288 0.98780
00006.jpg 163 256 205 283 0.98754
00006.jpg 165 256 193 283 0.98751
00006.jpg 653 249 188 282 0.98702
00006.jpg 651 242 199 282 0.98669
00006.jpg 167 254 192 269 0.98623
00006.jpg 654 250 185 285 0.98526
00006.jpg 164 255 191 272 0.98520
00006.jpg 328 471 61 66 0.98517
00006.jpg 889 455 63 83 0.98502
00006.jpg 375 139 271 387 0.98466
00006.jpg 373 137 274 389 0.98404
00006.jpg 649 248 190 276 0.98384
00006.jpg 161 245 187 289 0.98336
00006.jpg 163 258 199 271 0.98302
00006.jpg 170 269 187 246 0.98274
00006.jpg 640 247 209 282 0.98263
00006.jpg 648 243 192 296 0.98260
00006.jpg 885 456 71 82 0.98257
00006.jpg 155 255 209 269 0.98228
00006.jpg 365 135 281 384 0.98138
00006.jpg 334 470 51 68 0.98078
00006.jpg 169 255 190 284 0.97902
00006.jpg 165 263 195 271 0.97869
00006.jpg 659 234 189 296 0.97846
00006.jpg 160 259 190 270 0.97752
00006.jpg 167 259 190 277 0.97748
00006.jpg 161 251 198 288 0.97728
00006.jpg 890 456 61 81 0.97669
00006.jpg 169 257 190 278 0.97632
00006.jpg 163 267 195 256 0.97585
00006.jpg 886 454 67 83 0.97561
00006.jpg 889 451 61 86 0.97464
00006.jpg 655 239 185 288 0.97456
00006.jpg 360 143 291 379 0.97443
00006.jpg 167 256 190 279 0.97437
00006.jpg 887 455 67 82 0.97428
00006.jpg 169 255 189 283 0.97397
00006.jpg 57 467 69 72 0.97397
00006.jpg 164 258 195 272 0.97392
00006.jpg 375 141 270 389 0.97371
00006.jpg 892 454 62 84 0.97362
00006.jpg 644 247 198 287 0.97335
00006.jpg 660 246 169 289 0.97313
00006.jpg 647 246 194 283 0.97236
00006.jpg 653 243 189 296 0.97138
00006.jpg 643 253 204 271 0.97134
00006.jpg 647 241 203 275 0.97128
00006.jpg 55 471 73 67 0.97014
00006.jpg 58 471 68 67 0.96854
00006.jpg 2 484 44 55 0.96850
00006.jpg 648 242 193 296 0.96824
00006.jpg 337 470 43 66 0.96808
00006.jpg 369 139 275 382 0.96788
00006.jpg 159 260 207 272 0.96769
00006.jpg 645 240 196 297 0.96750
00006.jpg 333 471 53 65 0.96611
00006.jpg 651 242 187 297 0.96575
00006.jpg 890 454 62 83 0.96540
00006.jpg 329 468 64 68 0.96520
00006.jpg 57 472 71 65 0.96517
00006.jpg 655 238 190 291 0.96461
00006.jpg 370 132 286 393 0.96309
00006.jpg 657 235 179 301 0.96306
00006.jpg 365 121 281 407 0.96117
00006.jpg 890 455 59 80 0.96104
00006.jpg 53 468 72 71 0.96041
00006.jpg 887 453 64 84 0.96028
00006.jpg 55 470 68 69 0.96009
00006.jpg 54 469 70 70 0.95816
00006.jpg 647 245 191 285 0.95779
00006.jpg 1 485 50 54 0.95715
00006.jpg 366 142 287 380 0.95660
00006.jpg 55 472 70 65 0.95631
00006.jpg 333 469 54 70 0.95559
00006.jpg 887 455 71 81 0.95544
00006.jpg 653 238 183 296 0.95161
00006.jpg 55 471 69 66 0.95082
00006.jpg 53 472 73 66 0.95058
00006.jpg 647 243 192 290 0.95035
00006.jpg 886 459 70 79 0.94990
00006.jpg 52 473 72 64 0.94979
00006.jpg 334 472 50 63 0.94949
00006.jpg 335 466 54 71 0.94769
00006.jpg 366 141 287 392 0.94699
00006.jpg 333 470 53 67 0.94650
00006.jpg 4 484 43 55 0.94330
00006.jpg 335 469 54 70 0.94154
00006.jpg 886 456 67 82 0.94042
00006.jpg 58 471 65 68 0.94024
00006.jpg 169 253 187 284 0.93863
00006.jpg 155 256 214 250 0.93819
00006.jpg 162 265 202 265 0.93654
00006.jpg 162 273 192 261 0.93505
00006.jpg 887 454 65 82 0.93358
00006.jpg 155 255 205 266 0.93199
00006.jpg 331 471 56 67 0.93066
00006.jpg 886 455 66 80 0.93024
00006.jpg 167 257 185 276 0.92919
00006.jpg 333 470 50 67 0.92803
00006.jpg 892 455 60 79 0.92741
00006.jpg 0 486 48 53 0.92674
00006.jpg 165 259 190 273 0.92664
00006.jpg 163 263 194 272 0.92577
00006.jpg 332 469 57 65 0.92545
00006.jpg 651 239 183 285 0.92517
00006.jpg 5 487 43 51 0.92224
00006.jpg 0 484 51 55 0.92122
00006.jpg 57 471 68 68 0.92017
00006.jpg 645 246 192 288 0.91885
00006.jpg 367 140 279 389 0.91794
00006.jpg 55 470 72 67 0.91752
00006.jpg 59 469 66 69 0.91450
00006.jpg 333 473 61 64 0.91329
00006.jpg 330 470 56 68 0.91278
00006.jpg 887 457 69 78 0.91210
00006.jpg 55 470 68 69 0.91062
00006.jpg 6 487 34 51 0.91046
00006.jpg 51 471 74 67 0.91034
00006.jpg 640 257 199 260 0.90975
00006.jpg 57 474 70 63 0.90657
00006.jpg 379 138 260 379 0.90327
00006.jpg 337 469 51 68 0.90012
00006.jpg 58 474 67 61 0.89955
00006.jpg 888 450 60 87 0.89371
00006.jpg 53 469 68 65 0.89369
00006.jpg 650 249 189 287 0.89241
00006.jpg 54 473 71 64 0.89202
00006.jpg 156 269 200 249 0.89119
00006.jpg 54 472 73 66 0.89032
00006.jpg 3 487 50 50 0.88857
00006.jpg 58 470 68 69 0.88787
00006.jpg 888 456 65 81 0.88778
00006.jpg 2 488 43 51 0.88647
00006.jpg 334 471 55 68 0.88471
00006.jpg 58 471 65 67 0.88461
00006.jpg 54 474 71 64 0.88164
00006.jpg 336 470 51 65 0.87966
00006.jpg 162 267 199 257 0.87958
00006.jpg 377 124 276 411 0.87320
00006.jpg 889 453 61 86 0.87140
00006.jpg 332 471 52 64 0.87106
00006.jpg 2 484 54 54 0.87051
00006.jpg 2 487 45 52 0.87009
00006.jpg 338 471 48 65 0.86805
00006.jpg 1 487 45 48 0.86688
00006.jpg 157 260 197 269 0.86343
00006.jpg 3 487 49 52 0.85894
00006.jpg 325 473 66 61 0.85303
00006.jpg 55 467 72 70 0.84914
00006.jpg 4 483 47 53 0.84600
00006.jpg 887 453 64 83 0.84582
00006.jpg 163 261 196 273 0.84512
00006.jpg 890 453 58 85 0.84447
00006.jpg 886 454 66 79 0.84018
00006.jpg 58 474 70 64 0.84009
00006.jpg 53 475 73 61 0.83561
00006.jpg 3 484 49 55 0.83518
00006.jpg 651 250 178 281 0.83398
00006.jpg 163 254 191 269 0.83323
00006.jpg 58 472 67 67 0.82297
00006.jpg 159 263 201 271 0.82048
00006.jpg 55 468 74 71 0.81976
00006.jpg 895 457 59 76 0.81817
00006.jpg 338 471 52 64 0.81430
00006.jpg 338 468 48 68 0.81060
00006.jpg 337 473 53 66 0.80551
00006.jpg 336 468 54 66 0.80380
00006.jpg 3 489 46 49 0.80166
00006.jpg 336 471 53 59 0.80008
00006.jpg 329 469 60 69 0.79888
00006.jpg 3 488 40 51 0.79853
00006.jpg 156 266 195 260 0.79607
00006.jpg 651 255 196 264 0.79498
00006.jpg 333 469 55 69 0.79482
00006.jpg 3 485 42 54 0.79332
00006.jpg 383 148 254 373 0.79129
00006.jpg 334 468 56 67 0.78755
00006.jpg 334 470 50 65 0.78585
00006.jpg 334 475 50 59 0.78583
00006.jpg 889 452 59 86 0.78422
00006.jpg 54 472 70 61 0.78401
00006.jpg 170 267 187 239 0.77831
00006.jpg 661 242 173 291 0.77705
00006.jpg 653 245 185 294 0.77599
00006.jpg 389 139 251 384 0.77456
00006.jpg 6 93 19 48 0.77429
00006.jpg 649 247 194 280 0.77370
00006.jpg 342 469 47 67 0.77356
00006.jpg 52 469 71 68 0.76873
00006.jpg 162 252 186 267 0.76842
00006.jpg 52 474 76 64 0.76494
00006.jpg 358 143 287 364 0.76327
00006.jpg 58 469 71 66 0.76232
00006.jpg 157 251 193 262 0.75885
00006.jpg 652 240 184 283 0.75686
00006.jpg 2 482 53 57 0.75653
00006.jpg 2 485 51 52 0.74875
00006.jpg 4 483 45 56 0.74634
00006.jpg 156 255 204 275 0.74601
00006.jpg 55 471 73 68 0.74572
00006.jpg 335 471 52 66 0.74222
00006.jpg 1 487 43 52 0.74041
00006.jpg 3 486 48 53 0.73990
00006.jpg 332 465 56 70 0.73989
00006.jpg 644 240 207 274 0.73793
00006.jpg 324 474 59 63 0.73768
00006.jpg 329 472 56 65 0.73233
00006.jpg 890 457 58 80 0.73228
00006.jpg 1 488 42 51 0.72829
00006.jpg 371 122 262 410 0.72426
00006.jpg 652 252 185 279 0.72401
00006.jpg 54 469 75 62 0.72278
00006.jpg 891 457 62 79 0.71933
00006.jpg 332 465 56 73 0.71759
00006.jpg 2 486 57 51 0.71581
00006.jpg 885 453 67 81 0.71425
00006.jpg 57 471 70 67 0.71189
00006.jpg 336 471 50 63 0.71168
00006.jpg 2 487 44 52 0.71150
00006.jpg 168 257 196 267 0.71111
00006.jpg 1 488 43 51 0.70409
00006.jpg 159 259 200 274 0.70371
00006.jpg 339 469 52 67 0.69921
00006.jpg 7 95 19 44 0.69841
00006.jpg 334 470 57 64 0.69742
00006.jpg 335 466 59 70 0.69720
00006.jpg 371 127 277 404 0.69519
00006.jpg 59 468 66 71 0.69310
00006.jpg 53 468 70 69 0.68892
00006.jpg 652 253 180 286 0.68694
00006.jpg 884 454 66 84 0.68076
00006.jpg 893 457 53 81 0.67938
00006.jpg 330 472 56 60 0.67922
00006.jpg 2 488 44 51 0.67562
00006.jpg 337 476 47 56 0.67519
00006.jpg 886 456 68 79 0.67331
00006.jpg 335 466 57 73 0.67238
00006.jpg 364 136 289 379 0.66782
00006.jpg 6 95 20 41 0.65925
00006.jpg 171 251 184 287 0.65772
00006.jpg 4 485 49 53 0.65662
00006.jpg 329 470 59 65 0.65423
00006.jpg 887 452 61 85 0.65003
00006.jpg 324 472 65 62 0.64906
00006.jpg 58 471 71 67 0.64703
00006.jpg 894 457 58 79 0.64251
00006.jpg 884 449 66 87 0.64075
00006.jpg 59 467 66 72 0.63952
00006.jpg 326 469 72 70 0.63752
00006.jpg 4 484 47 55 0.62466
00006.jpg 3 486 48 52 0.62356
00006.jpg 59 471 69 66 0.62093
00006.jpg 3 488 44 51 0.61770
00006.jpg 329 469 61 65 0.61740
00006.jpg 158 262 207 257 0.61123
00006.jpg 156 262 194 256 0.60316
00006.jpg 165 255 190 273 0.60116
00006.jpg 336 468 56 65 0.60000
00006.jpg 7 91 22 49 0.59823
00006.jpg 6 483 50 56 0.59810
00006.jpg 3 489 43 50 0.59430
00006.jpg 651 249 194 279 0.59114
00006.jpg 884 453 64 84 0.59002
00006.jpg 337 473 49 58 0.58696
00006.jpg 327 474 58 65 0.58591
00006.jpg 60 470 64 68 0.58078
00006.jpg 169 261 185 266 0.57241
00006.jpg 338 469 44 67 0.57066
00006.jpg 339 473 46 62 0.56627
00006.jpg 342 472 47 59 0.56558
00006.jpg 890 455 61 77 0.56163
00006.jpg 165 256 189 267 0.55523
00006.jpg 62 471 59 63 0.55094
00006.jpg 666 245 163 285 0.54925
00006.jpg 157 258 215 262 0.54852
00006.jpg 878 444 75 92 0.53868
00006.jpg 345 464 42 72 0.53246
00006.jpg 888 450 64 89 0.52460
00006.jpg 172 264 183 261 0.52406
00006.jpg 654 247 184 280 0.52309
00006.jpg 3 486 46 53 0.51980
00006.jpg 324 475 64 61 0.51896
00006.jpg 365 143 267 383 0.50998
00006.jpg 338 470 46 63 0.50939
00006.jpg 641 240 202 286 0.50896
00006.jpg 338 466 51 72 0.50536
00006.jpg 884 450 68 89 0.50515
00006.jpg 889 456 65 83 0.50116
