00008.jpg 371 114 238 405 0.99957
00008.jpg 375 117 240 413 0.99943
00008.jpg 380 128 248 406 0.99940
00008.jpg 369 119 255 406 0.99877
00008.jpg 329 460 64 79 0.99862
00008.jpg 670 219 166 316 0.99857
00008.jpg 656 227 180 295 0.99835
00008.jpg 371 122 250 406 0.99821
00008.jpg 166 258 176 267 0.99820
00008.jpg 891 445 68 91 0.99782
00008.jpg 366 104 256 427 0.99771
00008.jpg 373 122 245 399 0.99765
00008.jpg 63 465 72 68 0.99764
00008.jpg 385 110 227 423 0.99764
00008.jpg 373 117 249 419 0.99746
00008.jpg 660 227 189 302 0.99744
00008.jpg 889 445 70 88 0.99742
00008.jpg 895 446 60 92 0.99734
00008.jpg 366 105 252 423 0.99731
00008.jpg 657 229 188 291 0.99731
00008.jpg 385 116 240 423 0.99704
00008.jpg 370 128 243 397 0.99702
00008.jpg 891 449 66 88 0.99700
00008.jpg 657 236 179 288 0.99698
00008.jpg 371 117 244 417 0.99695
00008.jpg 384 126 235 404 0.99693
00008.jpg 153 243 203 279 0.99692
00008.jpg 657 235 173 294 0.99637
00008.jpg 368 118 253 412 0.99634
00008.jpg 57 463 77 75 0.99628
00008.jpg 891 448 67 86 0.99621
00008.jpg 158 257 192 270 0.99585
00008.jpg 167 254 179 274 0.99580
00008.jpg 60 464 75 71 0.99570
00008.jpg 890 445 69 94 0.99545
00008.jpg 891 447 68 92 0.99532
00008.jpg 647 216 202 305 0.99515
00008.jpg 165 254 177 282 0.99499
00008.jpg 330 459 62 79 0.99486
00008.jpg 370 103 268 423 0.99467
00008.jpg 896 447 63 90 0.99395
00008.jpg 361 101 256 430 0.99387
00008.jpg 58 465 79 72 0.99369
00008.jpg 168 242 177 290 0.99367
00008.jpg 649 223 196 289 0.99363
00008.jpg 889 445 69 93 0.99336
00008.jpg 371 124 252 406 0.99322
00008.jpg 652 224 186 303 0.99308
00008.jpg 646 223 211 312 0.99301
00008.jpg 61 467 72 70 0.99298
00008.jpg 372 122 251 403 0.99290
00008.jpg 890 445 69 93 0.99286
00008.jpg 653 232 190 294 0.99276
00008.jpg 665 226 175 294 0.99261
00008.jpg 892 445 67 90 0.99259
00008.jpg 638 230 219 295 0.99258
00008.jpg 160 245 198 281 0.99242
00008.jpg 891 448 66 90 0.99238
00008.jpg 155 254 196 264 0.99155
00008.jpg 604 464 60 72 0.99148
00008.jpg 331 460 64 74 0.99144
00008.jpg 165 257 186 278 0.99144
00008.jpg 331 459 63 79 0.99138
00008.jpg 368 125 251 405 0.99126
00008.jpg 888 445 66 91 0.99109
00008.jpg 647 234 195 299 0.99105
00008.jpg 891 442 67 97 0.99092
00008.jpg 329 465 61 72 0.99055
00008.jpg 5 478 53 61 0.99049
00008.jpg 166 254 177 281 0.99038
00008.jpg 656 236 187 296 0.99015
00008.jpg 651 226 190 306 0.99001
00008.jpg 166 252 181 282 0.98983
00008.jpg 160 262 189 268 0.98980
00008.jpg 373 123 254 390 0.98970
00008.jpg 161 252 202 286 0.98959
00008.jpg 160 254 194 268 0.98951
00008.jpg 893 446 63 89 0.98919
00008.jpg 165 257 182 270 0.98821
00008.jpg 168 252 182 276 0.98805
00008.jpg 379 108 225 421 0.98788
00008.jpg 650 234 198 301 0.98754
00008.jpg 164 245 186 277 0.98747
00008.jpg 167 256 184 278 0.98740
00008.jpg 333 461 53 78 0.98734
00008.jpg 335 462 53 76 0.98726
00008.jpg 652 230 191 288 0.98694
00008.jpg 651 227 189 310 0.98694
00008.jpg 601 465 64 72 0.98689
00008.jpg 156 254 194 273 0.98672
00008.jpg 161 267 185 265 0.98659
00008.jpg 653 234 188 290 0.98637
00008.jpg 59 464 76 73 0.98563
00008.jpg 169 252 182 279 0.98547
00008.jpg 377 110 233 420 0.98494
00008.jpg 165 248 181 288 0.98486
00008.jpg 328 465 64 73 0.98478
00008.jpg 57 463 77 76 0.98477
00008.jpg 170 257 172 275 0.98467
00008.jpg 159 260 191 270 0.98398
00008.jpg 170 261 169 253 0.98394
00008.jpg 60 464 74 71 0.98380
00008.jpg 158 254 190 274 0.98380
00008.jpg 157 258 194 279 0.98374
00008.jpg 61 465 70 72 0.98359
00008.jpg 380 125 233 410 0.98354
00008.jpg 60 463 72 70 0.98353
00008.jpg 327 464 66 74 0.98345
00008.jpg 374 128 248 399 0.98315
00008.jpg 1 478 63 60 0.98272
00008.jpg 651 233 186 297 0.98217
00008.jpg 3 480 62 57 0.98127
00008.jpg 161 256 190 271 0.98093
00008.jpg 164 252 182 285 0.98091
00008.jpg 604 462 62 77 0.98014
00008.jpg 61 465 70 72 0.97974
00008.jpg 371 91 238 446 0.97924
00008.jpg 164 263 180 262 0.97815
00008.jpg 604 467 64 72 0.97764
00008.jpg 370 96 252 433 0.97731
00008.jpg 162 248 181 287 0.97724
00008.jpg 652 235 197 294 0.97677
00008.jpg 604 465 60 71 0.97617
00008.jpg 0 480 56 57 0.97610
00008.jpg 649 232 198 294 0.97586
00008.jpg 327 461 66 77 0.97500
00008.jpg 605 460 57 76 0.97472
00008.jpg 602 464 60 73 0.97406
00008.jpg 651 228 195 302 0.97339
00008.jpg 602 468 66 68 0.97338
00008.jpg 165 257 182 279 0.97215
00008.jpg 331 462 61 77 0.97203
00008.jpg 331 461 64 75 0.97161
00008.jpg 650 230 192 305 0.97151
00008.jpg 654 224 188 308 0.97087
00008.jpg 894 446 60 92 0.97082
00008.jpg 890 444 69 92 0.96995
00008.jpg 171 252 174 284 0.96982
00008.jpg 889 446 68 91 0.96862
00008.jpg 62 465 69 70 0.96832
00008.jpg 166 256 181 269 0.96791
00008.jpg 650 228 186 308 0.96685
00008.jpg 332 464 56 73 0.96660
00008.jpg 604 463 57 76 0.96640
00008.jpg 890 446 67 91 0.96634
00008.jpg 601 466 67 73 0.96633
00008.jpg 383 120 238 411 0.96536
00008.jpg 606 467 57 71 0.96462
00008.jpg 59 466 75 69 0.96438
00008.jpg 5 482 57 54 0.96420
00008.jpg 63 465 69 71 0.96397
00008.jpg 641 234 216 289 0.96366
00008.jpg 601 464 66 75 0.96335
00008.jpg 394 108 228 421 0.96304
00008.jpg 330 461 61 78 0.96263
00008.jpg 6 478 51 61 0.96234
00008.jpg 607 463 57 76 0.96216
00008.jpg 604 465 60 71 0.96181
00008.jpg 1 482 60 56 0.96125
00008.jpg 362 122 277 402 0.96100
00008.jpg 162 250 189 274 0.96043
00008.jpg 605 467 55 72 0.95916
00008.jpg 385 119 233 413 0.95886
00008.jpg 61 464 74 73 0.95809
00008.jpg 62 463 73 74 0.95775
00008.jpg 332 460 60 78 0.95757
00008.jpg 154 250 204 254 0.95732
00008.jpg 4 478 59 59 0.95718
00008.jpg 368 114 263 422 0.95717
00008.jpg 604 466 60 72 0.95618
00008.jpg 160 255 193 265 0.95543
00008.jpg 609 467 52 68 0.95502
00008.jpg 891 447 67 91 0.95483
00008.jpg 376 121 239 398 0.95445
00008.jpg 647 236 202 272 0.95396
00008.jpg 332 463 59 70 0.95354
00008.jpg 650 243 195 269 0.95334
00008.jpg 394 127 223 407 0.95309
00008.jpg 648 230 189 297 0.95207
00008.jpg 328 462 65 76 0.95138
00008.jpg 895 445 60 94 0.95067
00008.jpg 59 466 75 70 0.95024
00008.jpg 651 231 200 297 0.94873
00008.jpg 896 447 62 92 0.94688
00008.jpg 654 233 189 305 0.94683
00008.jpg 602 466 64 69 0.94568
00008.jpg 330 463 59 74 0.94429
00008.jpg 61 467 74 69 0.94338
00008.jpg 60 463 72 75 0.94335
00008.jpg 606 468 58 71 0.94208
00008.jpg 161 258 193 274 0.94161
00008.jpg 888 446 71 91 0.94154
00008.jpg 60 463 69 74 0.94144
00008.jpg 170 256 168 267 0.94137
00008.jpg 169 249 175 288 0.94100
00008.jpg 607 465 52 74 0.93999
00008.jpg 890 445 63 90 0.93961
00008.jpg 62 463 72 75 0.93941
00008.jpg 330 463 59 74 0.93883
00008.jpg 62 464 67 72 0.93866
00008.jpg 607 462 58 77 0.93857
00008.jpg 61 464 73 70 0.93832
00008.jpg 2 482 54 57 0.93714
00008.jpg 61 466 73 72 0.93713
00008.jpg 650 236 190 303 0.93188
00008.jpg 58 462 72 71 0.93091
00008.jpg 57 465 76 70 0.93090
00008.jpg 57 464 74 74 0.93048
00008.jpg 332 463 60 74 0.92982
00008.jpg 2 480 59 59 0.92957
00008.jpg 602 461 67 78 0.92952
00008.jpg 607 463 48 76 0.92936
00008.jpg 330 460 63 78 0.92783
00008.jpg 328 466 65 69 0.92551
00008.jpg 163 252 191 281 0.92482
00008.jpg 58 467 75 68 0.92436
00008.jpg 603 465 60 71 0.92430
00008.jpg 61 465 73 72 0.92420
00008.jpg 328 459 60 80 0.92360
00008.jpg 603 462 61 77 0.92062
00008.jpg 4 478 56 61 0.92056
00008.jpg 3 480 55 57 0.91934
00008.jpg 163 248 182 290 0.91850
00008.jpg 371 120 255 411 0.91538
00008.jpg 329 461 58 78 0.91517
00008.jpg 605 469 57 70 0.91497
00008.jpg 0 481 64 57 0.91468
00008.jpg 892 443 64 96 0.90712
00008.jpg 610 465 50 73 0.90659
00008.jpg 160 243 189 289 0.90606
00008.jpg 331 461 62 76 0.90363
00008.jpg 380 116 249 415 0.90316
00008.jpg 652 231 190 291 0.90232
00008.jpg 608 462 54 77 0.90177
00008.jpg 58 465 76 71 0.90171
00008.jpg 327 464 62 70 0.89924
00008.jpg 605 461 59 78 0.89903
00008.jpg 168 249 174 282 0.89867
00008.jpg 0 483 57 56 0.89811
00008.jpg 4 483 50 56 0.89798
00008.jpg 607 466 56 70 0.89767
00008.jpg 604 467 64 69 0.89743
00008.jpg 890 444 69 94 0.89513
00008.jpg 332 461 60 77 0.89482
00008.jpg 60 460 73 79 0.89442
00008.jpg 329 463 67 71 0.89240
00008.jpg 603 467 63 72 0.88972
00008.jpg 890 448 67 89 0.88915
00008.jpg 890 443 69 95 0.88460
00008.jpg 333 460 60 77 0.88282
00008.jpg 328 463 69 73 0.88241
00008.jpg 607 462 58 77 0.87691
00008.jpg 605 465 61 72 0.87645
00008.jpg 652 236 188 294 0.87312
00008.jpg 3 480 60 59 0.87277
00008.jpg 2 481 62 57 0.87138
00008.jpg 2 479 58 60 0.86785
00008.jpg 603 463 59 76 0.86405
00008.jpg 58 468 75 62 0.86373
00008.jpg 371 108 259 422 0.86318
00008.jpg 330 462 65 72 0.86061
00008.jpg 328 462 62 76 0.85949
00008.jpg 164 257 185 270 0.85806
00008.jpg 657 238 181 296 0.85486
00008.jpg 895 446 60 93 0.85456
00008.jpg 58 465 79 70 0.85455
00008.jpg 642 230 202 283 0.85001
00008.jpg 160 256 182 274 0.84872
00008.jpg 62 463 71 74 0.84822
00008.jpg 887 443 71 93 0.84770
00008.jpg 1 482 62 57 0.84767
00008.jpg 1 480 61 59 0.84693
00008.jpg 330 463 64 76 0.84436
00008.jpg 162 252 186 264 0.84239
00008.jpg 162 260 192 256 0.84228
00008.jpg 60 463 76 74 0.84187
00008.jpg 162 249 186 261 0.83803
00008.jpg 7 479 54 58 0.83607
00008.jpg 604 464 62 75 0.83590
00008.jpg 608 464 58 75 0.83329
00008.jpg 609 466 52 72 0.83284
00008.jpg 334 460 62 76 0.83183
00008.jpg 5 482 61 57 0.83037
00008.jpg 5 479 56 60 0.82739
00008.jpg 63 466 72 69 0.82366
00008.jpg 598 472 70 62 0.82359
00008.jpg 890 445 68 91 0.82304
00008.jpg 650 235 178 303 0.82016
00008.jpg 171 251 173 288 0.80918
00008.jpg 154 275 201 244 0.80368
00008.jpg 389 116 225 408 0.80022
00008.jpg 56 462 75 77 0.79900
00008.jpg 891 441 68 97 0.79892
00008.jpg 604 467 58 69 0.79550
00008.jpg 1 484 58 55 0.79313
00008.jpg 166 252 188 265 0.78782
00008.jpg 327 461 59 76 0.78763
00008.jpg 645 238 196 295 0.78614
00008.jpg 894 443 65 94 0.78392
00008.jpg 331 464 70 75 0.78371
00008.jpg 329 462 61 73 0.78347
00008.jpg 605 470 64 68 0.78208
00008.jpg 5 478 61 61 0.78188
00008.jpg 898 446 56 88 0.78030
00008.jpg 59 464 77 71 0.77715
00008.jpg 58 470 72 63 0.77596
00008.jpg 895 446 63 92 0.77577
00008.jpg 604 463 59 76 0.77544
00008.jpg 361 109 281 401 0.77333
00008.jpg 654 245 204 265 0.77235
00008.jpg 58 473 75 62 0.76997
00008.jpg 892 436 66 102 0.76462
00008.jpg 656 232 186 302 0.75937
00008.jpg 5 478 60 61 0.75667
00008.jpg 4 478 56 61 0.75613
00008.jpg 895 447 63 92 0.75347
00008.jpg 2 477 60 62 0.75319
00008.jpg 379 123 246 392 0.75189
00008.jpg 168 264 191 259 0.74671
00008.jpg 652 225 189 302 0.74669
00008.jpg 607 465 60 70 0.74486
00008.jpg 653 240 196 277 0.74441
00008.jpg 596 469 79 70 0.74146
00008.jpg 605 465 51 74 0.74019
00008.jpg 655 502 20 32 0.73963
00008.jpg 663 220 176 317 0.73903
00008.jpg 369 121 255 411 0.73465
00008.jpg 6 479 53 59 0.72575
00008.jpg 7 476 58 63 0.72279
00008.jpg 153 263 192 264 0.72233
00008.jpg 3 482 54 55 0.72195
00008.jpg 328 465 63 71 0.71790
00008.jpg 895 446 64 93 0.71710
00008.jpg 650 231 190 298 0.71526
00008.jpg 332 460 62 78 0.71387
00008.jpg 326 459 69 79 0.70710
00008.jpg 327 458 61 76 0.69921
00008.jpg 889 445 68 89 0.69892
00008.jpg 657 498 18 35 0.69796
00008.jpg 3 483 59 55 0.69363
00008.jpg 0 479 66 60 0.69266
00008.jpg 605 466 64 73 0.69012
00008.jpg 604 463 67 76 0.68515
00008.jpg 607 464 59 75 0.68355
00008.jpg 56 469 78 65 0.68301
00008.jpg 890 446 66 90 0.67979
00008.jpg 603 462 59 77 0.67951
00008.jpg 654 236 183 278 0.67658
00008.jpg 11 479 50 60 0.67365
00008.jpg 58 463 80 75 0.67363
00008.jpg 61 463 74 73 0.67310
00008.jpg 56 468 77 69 0.67304
00008.jpg 167 258 185 274 0.67105
00008.jpg 642 234 190 296 0.67056
00008.jpg 63 468 73 64 0.66904
00008.jpg 54 466 77 67 0.66441
00008.jpg 897 448 61 91 0.65943
00008.jpg 612 465 51 74 0.65894
00008.jpg 645 230 189 282 0.65860
00008.jpg 605 467 53 69 0.65478
00008.jpg 899 447 59 90 0.65434
00008.jpg 654 233 189 285 0.65321
00008.jpg 161 263 193 260 0.65062
00008.jpg 602 463 66 76 0.64899
00008.jpg 6 483 51 52 0.64809
00008.jpg 334 461 61 78 0.64363
00008.jpg 660 232 173 297 0.64339
00008.jpg 5 484 58 55 0.63480
00008.jpg 604 465 63 74 0.63474
00008.jpg 163 256 181 274 0.62961
00008.jpg 4 479 50 57 0.62585
00008.jpg 1 479 54 60 0.62574
00008.jpg 63 464 75 73 0.62349
00008.jpg 333 461 61 70 0.62271
00008.jpg 647 218 200 311 0.62212
00008.jpg 643 238 194 279 0.62091
00008.jpg 374 114 243 418 0.61664
00008.jpg 4 474 58 65 0.61590
00008.jpg 65 462 72 74 0.59875
00008.jpg 51 463 75 76 0.59205
00008.jpg 65 463 68 68 0.59124
00008.jpg 649 500 31 34 0.59088
00008.jpg 12 478 53 60 0.58432
00008.jpg 336 463 57 73 0.58258
00008.jpg 168 263 178 258 0.58251
00008.jpg 331 459 63 76 0.58092
00008.jpg 337 463 59 72 0.57865
00008.jpg 61 465 77 74 0.57622
00008.jpg 383 104 219 424 0.57586
00008.jpg 387 129 233 375 0.57564
00008.jpg 325 462 63 69 0.57508
00008.jpg 644 210 206 329 0.56406
00008.jpg 599 465 68 74 0.56049
00008.jpg 603 461 62 76 0.54939
00008.jpg 332 458 61 79 0.54926
00008.jpg 332 460 65 75 0.54433
00008.jpg 1 477 65 54 0.54269
00008.jpg 6 480 51 59 0.54227
00008.jpg 639 244 213 271 0.54036
00008.jpg 658 502 19 32 0.53682
00008.jpg 604 467 69 72 0.53407
00008.jpg 5 478 51 61 0.52884
00008.jpg 325 460 66 77 0.52692
00008.jpg 53 463 81 76 0.52339
00008.jpg 354 113 314 397 0.51988
00008.jpg 60 459 77 78 0.51783
00008.jpg 654 233 197 292 0.51676
00008.jpg 0 476 62 63 0.51622
00008.jpg 3 485 50 51 0.51419
00008.jpg 6 482 52 52 0.50985
00008.jpg 6 483 57 52 0.50552
00008.jpg 611 467 48 65 0.50435
