00019.jpg 345 61 276 469 0.99910
00019.jpg 874 427 82 110 0.99867
00019.jpg 350 53 277 472 0.99859
00019.jpg 335 61 295 458 0.99854
00019.jpg 84 200 181 328 0.99850
00019.jpg 870 425 87 110 0.99844
00019.jpg 340 58 277 470 0.99837
00019.jpg 347 61 281 468 0.99784
00019.jpg 336 65 285 460 0.99732
00019.jpg 346 64 276 471 0.99700
00019.jpg 871 425 87 109 0.99700
00019.jpg 348 67 264 459 0.99697
00019.jpg 878 427 76 110 0.99674
00019.jpg 52 430 67 107 0.99645
00019.jpg 345 61 277 474 0.99642
00019.jpg 71 207 186 316 0.99599
00019.jpg 348 45 264 494 0.99594
00019.jpg 349 67 266 449 0.99555
00019.jpg 570 188 295 336 0.99536
00019.jpg 870 418 84 121 0.99530
00019.jpg 877 420 78 116 0.99525
00019.jpg 606 189 255 347 0.99516
00019.jpg 92 198 169 333 0.99473
00019.jpg 344 54 274 475 0.99468
00019.jpg 340 50 273 488 0.99439
00019.jpg 52 430 66 105 0.99414
00019.jpg 49 431 72 102 0.99390
00019.jpg 51 424 66 111 0.99390
00019.jpg 51 425 69 108 0.99381
00019.jpg 52 425 66 108 0.99322
00019.jpg 336 67 290 464 0.99314
00019.jpg 81 191 180 348 0.99304
00019.jpg 343 64 291 470 0.99302
00019.jpg 1 444 47 94 0.99286
00019.jpg 875 425 79 114 0.99268
00019.jpg 330 62 299 470 0.99229
00019.jpg 52 428 62 105 0.99216
00019.jpg 343 75 277 459 0.99206
00019.jpg 65 190 215 336 0.99200
00019.jpg 875 425 81 111 0.99164
00019.jpg 84 198 177 320 0.99159
00019.jpg 337 53 295 481 0.99152
00019.jpg 83 198 179 322 0.99135
00019.jpg 340 76 270 451 0.99125
00019.jpg 49 428 67 108 0.99094
00019.jpg 349 64 257 456 0.99092
00019.jpg 347 59 265 470 0.99057
00019.jpg 346 75 292 446 0.99052
00019.jpg 324 438 64 99 0.98972
00019.jpg 52 430 67 99 0.98950
00019.jpg 870 427 88 109 0.98948
00019.jpg 875 424 84 110 0.98938
00019.jpg 324 436 59 100 0.98905
00019.jpg 592 188 276 339 0.98892
00019.jpg 80 196 180 342 0.98844
00019.jpg 54 427 62 109 0.98819
00019.jpg 57 427 58 109 0.98803
00019.jpg 94 200 171 333 0.98758
00019.jpg 93 199 173 325 0.98717
00019.jpg 54 430 65 104 0.98659
00019.jpg 597 190 273 340 0.98651
00019.jpg 0 445 53 89 0.98616
00019.jpg 584 200 279 329 0.98574
00019.jpg 876 427 82 110 0.98536
00019.jpg 870 419 85 118 0.98514
00019.jpg 51 426 68 104 0.98480
00019.jpg 872 426 86 109 0.98471
00019.jpg 874 425 79 113 0.98429
00019.jpg 52 428 65 104 0.98277
00019.jpg 51 426 66 107 0.98266
00019.jpg 335 60 295 466 0.98248
00019.jpg 1 443 52 92 0.98233
00019.jpg 81 198 188 341 0.98194
00019.jpg 583 178 286 349 0.98163
00019.jpg 81 195 183 344 0.98149
00019.jpg 581 192 296 343 0.98138
00019.jpg 875 424 77 115 0.98128
00019.jpg 331 433 57 102 0.98063
00019.jpg 580 181 289 355 0.98051
00019.jpg 873 424 81 115 0.98018
00019.jpg 326 434 61 100 0.97840
00019.jpg 574 180 305 356 0.97701
00019.jpg 576 185 304 353 0.97674
00019.jpg 51 430 69 105 0.97655
00019.jpg 329 440 52 98 0.97648
00019.jpg 601 171 268 360 0.97604
00019.jpg 873 424 83 115 0.97596
00019.jpg 80 192 184 336 0.97549
00019.jpg 872 422 82 117 0.97538
00019.jpg 86 201 175 338 0.97529
00019.jpg 51 427 66 108 0.97515
00019.jpg 53 426 64 110 0.97488
00019.jpg 596 192 269 334 0.97468
00019.jpg 82 187 183 352 0.97463
00019.jpg 0 444 49 93 0.97336
00019.jpg 335 61 295 467 0.97330
00019.jpg 240 457 41 78 0.97303
00019.jpg 875 426 82 110 0.97205
00019.jpg 0 446 50 89 0.97007
00019.jpg 82 205 183 309 0.96971
00019.jpg 242 455 37 84 0.96961
00019.jpg 50 423 68 112 0.96836
00019.jpg 87 197 174 342 0.96817
00019.jpg 590 428 67 105 0.96719
00019.jpg 873 421 81 118 0.96714
00019.jpg 0 446 52 90 0.96706
00019.jpg 589 433 75 96 0.96691
00019.jpg 0 446 50 87 0.96645
00019.jpg 0 445 52 91 0.96645
00019.jpg 589 191 281 334 0.96625
00019.jpg 589 445 74 84 0.96587
00019.jpg 80 201 195 338 0.96568
00019.jpg 328 431 57 106 0.96555
00019.jpg 1 445 46 92 0.96533
00019.jpg 588 187 295 347 0.96389
00019.jpg 0 444 51 93 0.96384
00019.jpg 591 189 273 346 0.96383
00019.jpg 335 60 293 472 0.96381
00019.jpg 241 459 34 80 0.96381
00019.jpg 870 425 86 114 0.96329
00019.jpg 50 426 68 106 0.96183
00019.jpg 589 432 72 101 0.96130
00019.jpg 73 207 189 295 0.96125
00019.jpg 600 193 264 342 0.96106
00019.jpg 348 76 274 454 0.96096
00019.jpg 85 193 180 345 0.96072
00019.jpg 337 67 298 469 0.96026
00019.jpg 593 433 66 101 0.95976
00019.jpg 329 433 60 102 0.95969
00019.jpg 2 445 51 92 0.95964
00019.jpg 50 423 68 112 0.95881
00019.jpg 593 434 67 100 0.95856
00019.jpg 594 169 261 370 0.95841
00019.jpg 350 58 274 474 0.95800
00019.jpg 78 203 192 304 0.95798
00019.jpg 49 426 70 110 0.95674
00019.jpg 581 190 288 330 0.95449
00019.jpg 241 451 37 88 0.95425
00019.jpg 589 436 76 100 0.95401
00019.jpg 871 424 88 109 0.95330
00019.jpg 327 435 55 103 0.95287
00019.jpg 338 66 270 446 0.95185
00019.jpg 0 447 51 87 0.95098
00019.jpg 3 445 46 93 0.95069
00019.jpg 0 445 49 93 0.94970
00019.jpg 590 444 72 88 0.94965
00019.jpg 54 427 59 111 0.94925
00019.jpg 0 446 54 91 0.94849
00019.jpg 52 427 64 105 0.94804
00019.jpg 1 447 51 89 0.94794
00019.jpg 327 436 62 100 0.94526
00019.jpg 53 429 64 103 0.94523
00019.jpg 580 184 283 349 0.94332
00019.jpg 593 443 66 87 0.94297
00019.jpg 328 438 53 97 0.94287
00019.jpg 591 430 71 105 0.94205
00019.jpg 875 429 78 105 0.94179
00019.jpg 51 428 67 101 0.94035
00019.jpg 869 424 90 110 0.93900
00019.jpg 327 435 62 104 0.93705
00019.jpg 240 456 41 80 0.93654
00019.jpg 337 71 283 468 0.93635
00019.jpg 81 203 186 323 0.93442
00019.jpg 327 436 61 102 0.93441
00019.jpg 1 444 52 88 0.93387
00019.jpg 51 427 65 110 0.93339
00019.jpg 583 202 273 334 0.93331
00019.jpg 327 436 59 102 0.93226
00019.jpg 77 201 186 329 0.93194
00019.jpg 587 424 72 113 0.92942
00019.jpg 348 55 268 470 0.92938
00019.jpg 589 432 75 103 0.92907
00019.jpg 1 447 49 88 0.92861
00019.jpg 326 437 63 99 0.92685
00019.jpg 52 428 65 111 0.92439
00019.jpg 594 427 63 111 0.92382
00019.jpg 326 437 61 95 0.92261
00019.jpg 50 428 69 106 0.92250
00019.jpg 601 180 262 356 0.92242
00019.jpg 77 207 193 305 0.92212
00019.jpg 329 429 57 110 0.92141
00019.jpg 242 461 37 76 0.92091
00019.jpg 607 182 256 357 0.92009
00019.jpg 76 215 185 312 0.91950
00019.jpg 53 426 64 108 0.91881
00019.jpg 338 80 288 436 0.91821
00019.jpg 53 427 63 109 0.91734
00019.jpg 587 436 72 101 0.91621
00019.jpg 242 452 34 85 0.91587
00019.jpg 53 429 66 101 0.91507
00019.jpg 344 51 285 488 0.91398
00019.jpg 52 427 61 108 0.91297
00019.jpg 70 199 191 333 0.91286
00019.jpg 590 189 271 350 0.91145
00019.jpg 336 73 280 456 0.91135
00019.jpg 71 209 197 309 0.91088
00019.jpg 869 425 86 112 0.91044
00019.jpg 331 437 55 99 0.91037
00019.jpg 328 439 58 98 0.91027
00019.jpg 2 444 50 92 0.90757
00019.jpg 81 200 188 330 0.90721
00019.jpg 2 446 51 88 0.90287
00019.jpg 332 60 311 453 0.90245
00019.jpg 329 437 53 102 0.90084
00019.jpg 240 453 35 86 0.89913
00019.jpg 876 422 79 112 0.89897
00019.jpg 51 431 69 99 0.89844
00019.jpg 586 439 77 92 0.89600
00019.jpg 590 445 73 90 0.89421
00019.jpg 349 55 258 477 0.89412
00019.jpg 687 434 36 103 0.89373
00019.jpg 581 198 288 310 0.89323
00019.jpg 328 432 58 107 0.89291
00019.jpg 324 435 65 102 0.89166
00019.jpg 240 458 37 81 0.89160
00019.jpg 243 459 38 78 0.89097
00019.jpg 0 445 54 89 0.89095
00019.jpg 589 432 66 102 0.89083
00019.jpg 868 427 90 109 0.88932
00019.jpg 241 454 42 85 0.88920
00019.jpg 873 420 79 119 0.88910
00019.jpg 589 429 72 105 0.88883
00019.jpg 240 462 38 75 0.88854
00019.jpg 872 423 87 104 0.88781
00019.jpg 591 434 68 102 0.88686
00019.jpg 326 439 60 98 0.88517
00019.jpg 245 453 32 81 0.88364
00019.jpg 325 440 61 95 0.88349
00019.jpg 872 421 84 118 0.88209
00019.jpg 51 430 65 109 0.88202
00019.jpg 877 426 78 112 0.88105
00019.jpg 87 193 173 346 0.87945
00019.jpg 337 66 278 464 0.87737
00019.jpg 339 60 278 468 0.87651
00019.jpg 589 429 66 107 0.87577
00019.jpg 330 439 59 98 0.87172
00019.jpg 586 183 283 336 0.87146
00019.jpg 328 437 61 98 0.87143
00019.jpg 591 441 69 91 0.87106
00019.jpg 241 457 38 82 0.87097
00019.jpg 872 423 82 116 0.86962
00019.jpg 871 433 86 106 0.86806
00019.jpg 55 428 58 108 0.86748
00019.jpg 592 442 73 91 0.86693
00019.jpg 47 428 67 105 0.86510
00019.jpg 591 427 72 105 0.86304
00019.jpg 96 210 165 328 0.86200
00019.jpg 1 447 47 88 0.86198
00019.jpg 587 426 74 105 0.86151
00019.jpg 330 439 58 98 0.86102
00019.jpg 589 443 73 89 0.86043
00019.jpg 239 454 43 85 0.85955
00019.jpg 0 442 50 95 0.85814
00019.jpg 590 442 72 94 0.85493
00019.jpg 240 455 36 84 0.84978
00019.jpg 591 426 70 104 0.84930
00019.jpg 327 437 55 99 0.84895
00019.jpg 591 429 64 105 0.84656
00019.jpg 326 438 64 98 0.84611
00019.jpg 590 440 67 93 0.84595
00019.jpg 585 424 78 110 0.84551
00019.jpg 242 456 40 82 0.84403
00019.jpg 684 437 40 100 0.84374
00019.jpg 243 458 37 79 0.84364
00019.jpg 87 207 178 315 0.84045
00019.jpg 866 420 87 114 0.84040
00019.jpg 874 426 81 109 0.84035
00019.jpg 591 188 289 335 0.83917
00019.jpg 873 422 78 114 0.83578
00019.jpg 873 426 82 110 0.83421
00019.jpg 326 434 61 101 0.83317
00019.jpg 326 432 58 105 0.83285
00019.jpg 243 454 39 85 0.82986
00019.jpg 588 194 280 338 0.82961
00019.jpg 324 438 63 95 0.82950
00019.jpg 594 182 278 331 0.82847
00019.jpg 687 438 36 101 0.82714
00019.jpg 243 453 37 83 0.82256
00019.jpg 609 189 237 344 0.82156
00019.jpg 50 425 62 110 0.81561
00019.jpg 328 430 58 107 0.81257
00019.jpg 593 193 273 340 0.81246
00019.jpg 0 445 52 91 0.81028
00019.jpg 243 456 34 78 0.80751
00019.jpg 329 437 52 99 0.80718
00019.jpg 52 425 63 110 0.80643
00019.jpg 601 189 259 316 0.80441
00019.jpg 345 72 263 456 0.79982
00019.jpg 687 427 40 112 0.79687
00019.jpg 326 434 63 102 0.79669
00019.jpg 48 430 69 98 0.79564
00019.jpg 687 434 37 103 0.79524
00019.jpg 589 439 70 92 0.79513
00019.jpg 50 428 64 107 0.79377
00019.jpg 613 176 242 363 0.79234
00019.jpg 590 446 69 85 0.79040
00019.jpg 49 426 65 110 0.78423
00019.jpg 684 433 41 106 0.78348
00019.jpg 327 439 58 94 0.78033
00019.jpg 327 432 52 107 0.77971
00019.jpg 337 55 292 482 0.77928
00019.jpg 0 445 58 89 0.77882
00019.jpg 346 50 282 482 0.77876
00019.jpg 687 435 39 104 0.77649
00019.jpg 354 55 256 480 0.77564
00019.jpg 74 207 192 317 0.77538
00019.jpg 586 437 74 90 0.77530
00019.jpg 592 430 62 103 0.77336
00019.jpg 598 176 269 347 0.77324
00019.jpg 327 435 60 103 0.77238
00019.jpg 589 417 68 122 0.77150
00019.jpg 48 427 72 106 0.76850
00019.jpg 1 446 48 89 0.76636
00019.jpg 324 438 58 100 0.76611
00019.jpg 238 455 37 79 0.76319
00019.jpg 685 432 40 104 0.76073
00019.jpg 238 454 34 84 0.76061
00019.jpg 871 422 82 116 0.75646
00019.jpg 588 421 78 116 0.75400
00019.jpg 595 421 63 112 0.74993
00019.jpg 326 437 61 102 0.74596
00019.jpg 594 194 274 333 0.74393
00019.jpg 326 435 59 104 0.73809
00019.jpg 0 448 48 88 0.73548
00019.jpg 594 433 64 95 0.73507
00019.jpg 576 186 296 343 0.73414
00019.jpg 324 436 64 103 0.73362
00019.jpg 590 437 74 97 0.73104
00019.jpg 1 443 48 95 0.72801
00019.jpg 687 439 40 100 0.72794
00019.jpg 684 436 38 100 0.72531
00019.jpg 240 455 45 82 0.72142
00019.jpg 85 186 175 353 0.72074
00019.jpg 242 450 42 88 0.72013
00019.jpg 870 425 89 109 0.71814
00019.jpg 80 188 187 322 0.71696
00019.jpg 52 428 68 110 0.71407
00019.jpg 590 450 76 80 0.71285
00019.jpg 588 425 67 113 0.71211
00019.jpg 872 429 86 103 0.71126
00019.jpg 587 433 76 101 0.70955
00019.jpg 869 425 82 109 0.70945
00019.jpg 586 440 73 95 0.70819
00019.jpg 48 428 69 103 0.70703
00019.jpg 584 427 74 107 0.70699
00019.jpg 50 426 67 106 0.70585
00019.jpg 2 449 56 84 0.70553
00019.jpg 325 437 64 102 0.70250
00019.jpg 588 404 71 132 0.70149
00019.jpg 873 417 83 122 0.69795
00019.jpg 345 64 265 468 0.68735
00019.jpg 0 444 53 92 0.68591
00019.jpg 328 434 58 105 0.68466
00019.jpg 590 391 79 144 0.68393
00019.jpg 684 436 38 102 0.67723
00019.jpg 55 425 64 111 0.67700
00019.jpg 607 202 254 329 0.67638
00019.jpg 687 432 42 107 0.67625
00019.jpg 243 461 41 78 0.67540
00019.jpg 687 438 41 98 0.67382
00019.jpg 869 423 87 113 0.67248
00019.jpg 588 441 76 92 0.67189
00019.jpg 47 427 64 107 0.66982
00019.jpg 684 438 38 100 0.66680
00019.jpg 88 197 173 331 0.66292
00019.jpg 865 422 90 111 0.65926
00019.jpg 84 201 182 316 0.65412
00019.jpg 359 72 239 459 0.64694
00019.jpg 359 67 257 465 0.64193
00019.jpg 680 435 47 103 0.63955
00019.jpg 327 436 58 101 0.63868
00019.jpg 590 432 64 100 0.63585
00019.jpg 591 425 76 103 0.63109
00019.jpg 54 430 58 105 0.62882
00019.jpg 325 439 60 94 0.62760
00019.jpg 332 434 57 104 0.62319
00019.jpg 3 443 48 94 0.62215
00019.jpg 327 44 298 468 0.61750
00019.jpg 329 437 59 95 0.61218
00019.jpg 324 437 59 96 0.61060
00019.jpg 329 65 284 464 0.60753
00019.jpg 326 430 56 109 0.60715
00019.jpg 594 427 67 102 0.60474
00019.jpg 76 203 196 319 0.60237
00019.jpg 595 419 71 115 0.60133
00019.jpg 2 450 58 81 0.60099
00019.jpg 90 198 164 341 0.59966
00019.jpg 53 430 69 98 0.59677
00019.jpg 593 450 75 84 0.59075
00019.jpg 97 181 162 358 0.58769
00019.jpg 594 438 71 91 0.58328
00019.jpg 586 430 69 102 0.58150
00019.jpg 242 460 37 76 0.57539
00019.jpg 245 451 40 87 0.56995
00019.jpg 595 436 60 93 0.56738
00019.jpg 587 434 64 96 0.56719
00019.jpg 871 427 87 104 0.56585
00019.jpg 686 438 37 94 0.56431
00019.jpg 50 427 68 102 0.56207
00019.jpg 333 439 47 95 0.55973
00019.jpg 55 429 56 105 0.55963
00019.jpg 682 434 46 105 0.55740
00019.jpg 690 433 33 103 0.55488
00019.jpg 590 427 64 101 0.55291
00019.jpg 593 444 70 87 0.55273
00019.jpg 597 251 262 263 0.55263
00019.jpg 325 438 66 98 0.55258
00019.jpg 868 428 83 107 0.55176
00019.jpg 684 432 44 107 0.55116
00019.jpg 239 459 35 77 0.54913
00019.jpg 585 452 79 78 0.54611
00019.jpg 238 448 39 88 0.54571
00019.jpg 588 430 60 102 0.54441
00019.jpg 323 441 66 89 0.54267
00019.jpg 0 444 50 92 0.54042
00019.jpg 873 427 86 109 0.53952
00019.jpg 688 436 45 103 0.53598
00019.jpg 589 450 73 82 0.53515
00019.jpg 329 433 59 99 0.53120
00019.jpg 593 425 64 102 0.53015
00019.jpg 870 431 82 97 0.52669
00019.jpg 688 433 43 106 0.52486
00019.jpg 593 194 258 330 0.52481
00019.jpg 594 447 70 88 0.52227
00019.jpg 587 441 71 90 0.52027
00019.jpg 71 201 198 332 0.51557
00019.jpg 567 200 293 331 0.51088
00019.jpg 691 433 39 106 0.50470
00019.jpg 73 186 180 341 0.50391
00019.jpg 583 394 89 144 0.50051
00019.jpg 684 439 48 100 0.50037
