00025.jpg 277 85 341 444 0.99972
00025.jpg 274 89 347 439 0.99906
00025.jpg 272 79 329 439 0.99883
00025.jpg 279 92 331 432 0.99863
00025.jpg 266 81 345 457 0.99810
00025.jpg 672 178 254 360 0.99750
00025.jpg 277 80 341 443 0.99736
00025.jpg 286 98 323 429 0.99715
00025.jpg 667 182 259 340 0.99714
00025.jpg 252 70 389 453 0.99710
00025.jpg 668 191 259 344 0.99688
00025.jpg 669 182 263 343 0.99677
00025.jpg 673 183 253 351 0.99645
00025.jpg 52 219 190 300 0.99640
00025.jpg 248 80 389 437 0.99636
00025.jpg 253 86 377 437 0.99629
00025.jpg 250 84 383 434 0.99598
00025.jpg 327 435 46 101 0.99567
00025.jpg 285 76 323 456 0.99554
00025.jpg 667 182 257 351 0.99550
00025.jpg 271 77 340 452 0.99504
00025.jpg 270 88 349 445 0.99496
00025.jpg 329 439 40 97 0.99458
00025.jpg 667 186 263 328 0.99432
00025.jpg 266 62 353 463 0.99389
00025.jpg 53 204 192 325 0.99387
00025.jpg 263 77 352 448 0.99384
00025.jpg 675 186 254 337 0.99339
00025.jpg 40 202 210 325 0.99313
00025.jpg 667 182 261 352 0.99231
00025.jpg 679 190 249 345 0.99224
00025.jpg 228 449 47 88 0.99221
00025.jpg 278 75 334 464 0.99141
00025.jpg 229 449 48 87 0.99132
00025.jpg 256 84 365 445 0.99121
00025.jpg 667 174 258 356 0.99119
00025.jpg 229 449 45 84 0.99107
00025.jpg 60 213 181 321 0.99085
00025.jpg 263 94 338 435 0.99065
00025.jpg 687 182 218 350 0.99013
00025.jpg 266 92 373 428 0.98946
00025.jpg 229 448 45 91 0.98898
00025.jpg 280 89 322 437 0.98896
00025.jpg 282 92 329 439 0.98850
00025.jpg 867 430 72 98 0.98823
00025.jpg 58 199 195 317 0.98812
00025.jpg 50 216 208 304 0.98792
00025.jpg 278 86 352 422 0.98786
00025.jpg 54 200 196 339 0.98763
00025.jpg 55 210 190 324 0.98722
00025.jpg 56 208 187 311 0.98722
00025.jpg 226 454 50 85 0.98712
00025.jpg 277 72 335 460 0.98692
00025.jpg 261 84 344 434 0.98654
00025.jpg 875 426 72 108 0.98637
00025.jpg 661 185 275 352 0.98618
00025.jpg 227 450 52 87 0.98610
00025.jpg 225 448 50 88 0.98601
00025.jpg 680 192 235 328 0.98590
00025.jpg 46 202 206 321 0.98582
00025.jpg 681 179 234 354 0.98556
00025.jpg 40 436 60 92 0.98455
00025.jpg 282 73 327 463 0.98430
00025.jpg 263 94 349 435 0.98308
00025.jpg 596 439 44 94 0.98270
00025.jpg 866 427 79 105 0.98175
00025.jpg 46 207 207 309 0.98159
00025.jpg 664 179 249 346 0.98130
00025.jpg 867 425 75 105 0.98064
00025.jpg 275 83 337 445 0.98060
00025.jpg 41 442 51 91 0.98049
00025.jpg 672 184 244 344 0.98031
00025.jpg 328 441 47 96 0.98027
00025.jpg 689 181 226 350 0.97968
00025.jpg 48 203 202 336 0.97939
00025.jpg 224 452 52 84 0.97915
00025.jpg 333 436 42 99 0.97891
00025.jpg 46 440 53 88 0.97872
00025.jpg 675 185 240 323 0.97783
00025.jpg 329 438 44 101 0.97655
00025.jpg 588 434 57 99 0.97602
00025.jpg 227 454 48 83 0.97530
00025.jpg 327 438 48 98 0.97527
00025.jpg 326 438 49 100 0.97485
00025.jpg 330 440 46 96 0.97438
00025.jpg 861 424 87 110 0.97416
00025.jpg 274 90 325 438 0.97360
00025.jpg 673 180 254 345 0.97358
00025.jpg 654 185 280 333 0.97335
00025.jpg 591 435 50 100 0.97327
00025.jpg 862 423 74 106 0.97319
00025.jpg 871 429 68 102 0.97318
00025.jpg 863 423 78 109 0.97313
00025.jpg 225 450 50 89 0.97247
00025.jpg 228 447 47 91 0.97227
00025.jpg 44 442 47 85 0.97214
00025.jpg 325 443 44 91 0.97213
00025.jpg 865 419 83 120 0.97173
00025.jpg 262 97 352 431 0.97172
00025.jpg 41 439 57 86 0.97148
00025.jpg 39 437 57 93 0.97126
00025.jpg 595 435 51 101 0.97001
00025.jpg 586 431 61 104 0.96941
00025.jpg 589 436 62 101 0.96906
00025.jpg 229 452 51 86 0.96842
00025.jpg 682 190 235 342 0.96833
00025.jpg 44 437 54 92 0.96829
00025.jpg 248 95 391 429 0.96775
00025.jpg 46 207 205 332 0.96676
00025.jpg 863 420 77 113 0.96607
00025.jpg 50 206 201 333 0.96532
00025.jpg 48 436 48 91 0.96430
00025.jpg 325 437 50 102 0.96428
00025.jpg 228 452 48 87 0.96370
00025.jpg 227 449 50 89 0.96333
00025.jpg 861 427 75 103 0.96316
00025.jpg 599 440 45 96 0.96283
00025.jpg 326 438 44 99 0.96282
00025.jpg 878 428 63 104 0.96258
00025.jpg 49 437 48 95 0.96249
00025.jpg 47 440 44 86 0.96197
00025.jpg 692 194 224 324 0.96193
00025.jpg 44 224 215 275 0.96044
00025.jpg 329 438 44 99 0.96006
00025.jpg 584 437 67 98 0.95930
00025.jpg 42 194 216 335 0.95898
00025.jpg 586 437 62 95 0.95821
00025.jpg 668 177 249 353 0.95806
00025.jpg 864 422 76 110 0.95790
00025.jpg 330 437 43 98 0.95746
00025.jpg 44 214 206 320 0.95732
00025.jpg 328 439 45 95 0.95660
00025.jpg 47 213 206 326 0.95582
00025.jpg 864 432 75 97 0.95487
00025.jpg 330 435 44 102 0.95449
00025.jpg 682 195 236 320 0.95389
00025.jpg 222 450 54 89 0.95367
00025.jpg 862 425 75 104 0.95324
00025.jpg 1 453 42 72 0.95303
00025.jpg 329 440 44 95 0.95270
00025.jpg 880 424 58 105 0.95256
00025.jpg 327 441 46 93 0.95162
00025.jpg 229 451 47 88 0.94992
00025.jpg 669 181 267 336 0.94957
00025.jpg 865 427 78 104 0.94938
00025.jpg 223 451 56 85 0.94895
00025.jpg 1 453 43 77 0.94839
00025.jpg 42 444 58 86 0.94821
00025.jpg 326 438 48 98 0.94791
00025.jpg 866 425 81 108 0.94773
00025.jpg 862 423 92 111 0.94718
00025.jpg 224 450 54 84 0.94689
00025.jpg 3 450 42 74 0.94673
00025.jpg 228 455 51 84 0.94631
00025.jpg 225 450 52 89 0.94511
00025.jpg 865 423 75 109 0.94467
00025.jpg 47 438 48 90 0.94456
00025.jpg 2 448 44 82 0.94428
00025.jpg 50 440 44 88 0.94324
00025.jpg 864 429 81 103 0.94264
00025.jpg 328 436 42 103 0.94255
00025.jpg 589 433 58 106 0.94191
00025.jpg 865 427 75 105 0.94129
00025.jpg 328 439 50 99 0.94086
00025.jpg 42 437 53 91 0.93984
00025.jpg 48 442 47 83 0.93928
00025.jpg 585 440 57 96 0.93895
00025.jpg 872 427 69 104 0.93842
00025.jpg 283 80 318 448 0.93656
00025.jpg 228 449 45 90 0.93527
00025.jpg 227 452 51 85 0.93457
00025.jpg 330 440 47 94 0.93358
00025.jpg 582 434 69 104 0.93288
00025.jpg 2 451 38 73 0.93284
00025.jpg 632 459 29 77 0.93217
00025.jpg 53 207 195 332 0.93138
00025.jpg 591 436 44 96 0.93030
00025.jpg 862 424 52 102 0.93021
00025.jpg 863 425 81 109 0.92996
00025.jpg 49 198 197 336 0.92988
00025.jpg 589 436 66 102 0.92958
00025.jpg 249 95 386 422 0.92889
00025.jpg 43 439 51 85 0.92888
00025.jpg 583 434 67 104 0.92746
00025.jpg 30 440 65 91 0.92572
00025.jpg 586 434 60 105 0.92527
00025.jpg 227 449 49 90 0.92520
00025.jpg 680 184 256 350 0.92476
00025.jpg 327 439 47 100 0.92433
00025.jpg 41 437 53 92 0.92080
00025.jpg 2 451 46 79 0.92058
00025.jpg 223 450 54 89 0.91972
00025.jpg 225 452 53 87 0.91935
00025.jpg 864 436 80 99 0.91761
00025.jpg 32 441 67 90 0.91649
00025.jpg 333 440 37 94 0.91643
00025.jpg 48 439 46 89 0.91564
00025.jpg 45 215 205 324 0.91470
00025.jpg 864 423 87 110 0.91346
00025.jpg 326 438 51 99 0.91296
00025.jpg 631 465 29 74 0.90982
00025.jpg 875 422 69 110 0.90792
00025.jpg 3 450 43 76 0.90693
00025.jpg 44 440 53 87 0.90655
00025.jpg 4 448 37 81 0.90622
00025.jpg 585 434 61 105 0.90614
00025.jpg 222 447 54 91 0.90542
00025.jpg 42 207 213 332 0.90535
00025.jpg 227 450 52 87 0.90531
00025.jpg 59 210 189 329 0.90507
00025.jpg 668 192 268 342 0.90477
00025.jpg 586 435 52 98 0.90476
00025.jpg 584 438 61 96 0.90336
00025.jpg 44 434 53 97 0.90312
00025.jpg 228 451 53 85 0.90253
00025.jpg 327 440 49 94 0.90178
00025.jpg 39 444 56 85 0.90127
00025.jpg 228 450 53 88 0.90117
00025.jpg 862 422 84 108 0.90009
00025.jpg 587 437 58 97 0.89906
00025.jpg 224 448 50 86 0.89683
00025.jpg 55 216 186 312 0.89502
00025.jpg 49 206 207 306 0.89446
00025.jpg 226 450 54 87 0.89311
00025.jpg 226 451 49 88 0.89296
00025.jpg 868 418 62 110 0.89217
00025.jpg 676 172 258 361 0.89202
00025.jpg 51 209 193 330 0.88909
00025.jpg 250 89 362 425 0.88881
00025.jpg 224 449 47 90 0.88828
00025.jpg 870 426 73 106 0.88816
00025.jpg 860 429 72 97 0.88631
00025.jpg 330 440 43 92 0.88605
00025.jpg 331 438 44 96 0.88548
00025.jpg 25 440 74 89 0.88485
00025.jpg 265 102 370 412 0.88440
00025.jpg 44 211 206 316 0.88398
00025.jpg 2 451 40 79 0.88397
00025.jpg 581 438 63 95 0.88279
00025.jpg 226 445 48 94 0.88245
00025.jpg 882 426 64 110 0.88215
00025.jpg 3 452 39 66 0.88200
00025.jpg 584 436 68 100 0.88114
00025.jpg 231 450 46 84 0.87827
00025.jpg 325 439 46 97 0.87702
00025.jpg 226 449 49 88 0.87649
00025.jpg 47 211 207 312 0.87566
00025.jpg 0 450 43 71 0.87419
00025.jpg 36 214 215 303 0.87377
00025.jpg 43 438 53 90 0.87364
00025.jpg 34 438 65 92 0.87336
00025.jpg 687 184 226 353 0.87332
00025.jpg 866 422 74 110 0.87218
00025.jpg 39 436 52 92 0.87168
00025.jpg 584 438 57 94 0.87128
00025.jpg 47 437 54 93 0.87074
00025.jpg 47 436 49 88 0.86910
00025.jpg 880 424 65 112 0.86909
00025.jpg 876 427 69 107 0.86903
00025.jpg 229 453 52 86 0.86211
00025.jpg 854 422 96 106 0.86138
00025.jpg 292 92 307 447 0.86118
00025.jpg 25 444 65 86 0.86087
00025.jpg 3 451 47 71 0.86021
00025.jpg 629 465 33 70 0.85971
00025.jpg 4 450 41 75 0.85887
00025.jpg 39 437 54 91 0.85801
00025.jpg 336 440 37 91 0.85737
00025.jpg 630 460 31 76 0.85722
00025.jpg 671 183 255 346 0.85520
00025.jpg 864 424 81 107 0.85357
00025.jpg 226 453 47 80 0.85206
00025.jpg 225 451 54 87 0.85079
00025.jpg 583 436 69 99 0.85070
00025.jpg 1 452 40 71 0.85058
00025.jpg 874 422 69 111 0.84920
00025.jpg 45 439 53 85 0.84837
00025.jpg 227 452 47 85 0.84830
00025.jpg 629 456 31 79 0.84804
00025.jpg 2 451 46 82 0.84727
00025.jpg 867 425 79 109 0.84697
00025.jpg 583 438 60 97 0.84672
00025.jpg 3 447 46 79 0.84570
00025.jpg 859 425 53 105 0.84538
00025.jpg 49 438 46 86 0.84496
00025.jpg 5 449 40 75 0.84426
00025.jpg 592 440 60 94 0.84316
00025.jpg 634 460 30 78 0.84176
00025.jpg 48 438 48 92 0.84127
00025.jpg 582 434 57 101 0.84115
00025.jpg 593 436 50 98 0.84053
00025.jpg 1 450 39 69 0.83803
00025.jpg 632 457 28 80 0.83598
00025.jpg 873 427 71 105 0.83590
00025.jpg 226 451 48 85 0.83527
00025.jpg 226 452 50 84 0.83097
00025.jpg 252 96 361 436 0.82750
00025.jpg 41 442 53 83 0.82699
00025.jpg 666 192 236 315 0.82684
00025.jpg 226 449 47 87 0.82540
00025.jpg 43 437 56 86 0.82111
00025.jpg 586 438 70 96 0.81749
00025.jpg 591 435 53 104 0.81747
00025.jpg 869 424 80 108 0.81690
00025.jpg 1 449 51 79 0.81549
00025.jpg 264 66 325 466 0.81408
00025.jpg 6 450 52 85 0.81325
00025.jpg 1 449 43 75 0.81324
00025.jpg 52 219 203 319 0.81298
00025.jpg 862 425 70 109 0.81076
00025.jpg 664 185 265 323 0.80969
00025.jpg 583 436 59 103 0.80751
00025.jpg 579 434 64 103 0.80726
00025.jpg 593 439 59 98 0.80508
00025.jpg 858 426 94 104 0.80447
00025.jpg 600 438 49 99 0.80409
00025.jpg 623 453 37 83 0.80274
00025.jpg 324 440 43 96 0.80245
00025.jpg 596 439 50 98 0.80104
00025.jpg 326 445 37 93 0.79972
00025.jpg 636 465 27 70 0.79966
00025.jpg 47 440 47 86 0.79875
00025.jpg 858 428 82 102 0.79870
00025.jpg 866 427 86 99 0.79790
00025.jpg 877 429 61 103 0.79434
00025.jpg 584 437 60 100 0.79404
00025.jpg 327 437 52 98 0.79366
00025.jpg 255 104 396 427 0.79223
00025.jpg 582 437 69 96 0.79003
00025.jpg 866 424 80 105 0.78949
00025.jpg 8 449 74 86 0.78846
00025.jpg 689 182 241 355 0.78616
00025.jpg 882 421 67 114 0.78599
00025.jpg 674 189 229 338 0.78402
00025.jpg 630 465 34 72 0.78359
00025.jpg 36 439 60 91 0.78037
00025.jpg 636 465 28 72 0.77970
00025.jpg 638 464 28 71 0.77950
00025.jpg 53 208 191 313 0.77898
00025.jpg 50 438 47 87 0.77635
00025.jpg 876 426 65 108 0.77595
00025.jpg 330 435 38 101 0.77537
00025.jpg 877 422 74 112 0.77173
00025.jpg 857 426 82 101 0.77148
00025.jpg 2 447 30 74 0.77080
00025.jpg 626 465 36 73 0.77031
00025.jpg 856 428 68 99 0.77015
00025.jpg 49 216 199 315 0.76813
00025.jpg 32 241 223 271 0.76808
00025.jpg 338 437 39 96 0.76774
00025.jpg 6 447 40 85 0.76323
00025.jpg 586 435 66 100 0.76274
00025.jpg 336 441 40 91 0.76043
00025.jpg 43 442 43 86 0.76006
00025.jpg 1 455 38 76 0.76002
00025.jpg 3 447 45 76 0.75958
00025.jpg 590 439 61 94 0.75956
00025.jpg 879 424 71 111 0.75885
00025.jpg 292 101 308 412 0.75874
00025.jpg 873 424 78 107 0.75845
00025.jpg 3 450 46 72 0.75731
00025.jpg 603 442 44 93 0.75242
00025.jpg 9 450 39 76 0.75220
00025.jpg 586 433 60 99 0.74959
00025.jpg 903 431 48 107 0.74847
00025.jpg 34 441 57 88 0.74512
00025.jpg 666 183 249 347 0.74280
00025.jpg 883 427 62 104 0.74176
00025.jpg 860 429 88 100 0.73695
00025.jpg 245 108 389 398 0.73666
00025.jpg 1 449 39 71 0.73579
00025.jpg 879 427 69 101 0.73389
00025.jpg 845 427 108 102 0.73382
00025.jpg 54 201 192 338 0.73086
00025.jpg 32 446 63 85 0.73050
00025.jpg 39 441 58 82 0.72807
00025.jpg 47 209 203 325 0.72605
00025.jpg 40 439 62 88 0.72441
00025.jpg 325 445 46 90 0.72279
00025.jpg 52 438 42 93 0.72211
00025.jpg 325 443 45 90 0.72150
00025.jpg 3 449 40 71 0.71944
00025.jpg 327 441 43 93 0.71917
00025.jpg 865 424 88 107 0.71808
00025.jpg 2 453 40 62 0.71666
00025.jpg 588 440 48 91 0.71637
00025.jpg 31 214 242 286 0.71534
00025.jpg 9 451 39 77 0.71394
00025.jpg 598 438 48 97 0.71043
00025.jpg 865 426 76 108 0.70412
00025.jpg 6 457 38 77 0.70296
00025.jpg 1 450 62 86 0.70266
00025.jpg 226 453 55 82 0.70183
00025.jpg 335 437 44 97 0.69929
00025.jpg 50 435 48 95 0.69924
00025.jpg 332 441 48 92 0.69701
00025.jpg 8 447 39 75 0.69511
00025.jpg 629 461 36 71 0.69477
00025.jpg 48 436 49 93 0.69364
00025.jpg 582 439 71 99 0.69267
00025.jpg 594 444 63 93 0.69045
00025.jpg 3 453 41 68 0.68992
00025.jpg 329 449 50 88 0.68782
00025.jpg 2 450 49 72 0.68590
00025.jpg 39 221 204 300 0.68582
00025.jpg 8 441 71 96 0.68255
00025.jpg 857 423 95 109 0.68171
00025.jpg 868 431 64 94 0.68033
00025.jpg 593 439 56 89 0.67974
00025.jpg 599 435 40 102 0.67598
00025.jpg 2 455 31 74 0.67485
00025.jpg 595 444 66 93 0.67371
00025.jpg 660 201 261 274 0.67224
00025.jpg 628 458 34 77 0.66847
00025.jpg 588 445 66 91 0.66840
00025.jpg 577 439 62 91 0.66806
00025.jpg 851 417 102 114 0.66592
00025.jpg 857 418 91 104 0.66220
00025.jpg 578 436 64 101 0.66089
00025.jpg 4 449 87 84 0.65622
00025.jpg 43 437 61 96 0.65613
00025.jpg 586 442 79 97 0.65609
00025.jpg 885 428 57 101 0.65288
00025.jpg 35 439 62 92 0.65258
00025.jpg 581 439 70 92 0.65079
00025.jpg 44 433 54 92 0.64909
00025.jpg 283 95 310 427 0.64707
00025.jpg 2 449 39 77 0.64678
00025.jpg 264 78 352 446 0.64531
00025.jpg 225 442 45 97 0.64167
00025.jpg 859 429 59 100 0.64159
00025.jpg 927 470 30 64 0.64146
00025.jpg 854 421 100 113 0.64029
00025.jpg 220 453 56 77 0.63918
00025.jpg 863 428 50 96 0.63892
00025.jpg 857 432 77 100 0.63449
00025.jpg 633 462 34 73 0.62935
00025.jpg 0 447 53 76 0.62924
00025.jpg 579 433 64 101 0.62855
00025.jpg 633 460 29 69 0.62707
00025.jpg 636 468 33 68 0.62565
00025.jpg 16 445 67 85 0.62411
00025.jpg 56 222 199 308 0.62267
00025.jpg 884 425 67 111 0.62244
00025.jpg 849 411 106 127 0.62023
00025.jpg 2 451 43 69 0.61994
00025.jpg 866 428 93 108 0.61878
00025.jpg 582 439 62 93 0.61844
00025.jpg 282 100 395 419 0.61822
00025.jpg 42 439 58 90 0.61819
00025.jpg 322 436 51 103 0.61555
00025.jpg 584 439 75 95 0.60936
00025.jpg 577 440 71 97 0.60890
00025.jpg 868 412 84 125 0.59821
00025.jpg 58 436 39 96 0.59515
00025.jpg 324 437 56 95 0.59093
00025.jpg 595 438 49 91 0.58846
00025.jpg 844 420 109 114 0.58820
00025.jpg 38 204 231 313 0.58714
00025.jpg 50 209 210 314 0.58615
00025.jpg 227 451 49 86 0.58218
00025.jpg 4 452 42 62 0.58137
00025.jpg 322 443 44 90 0.57602
00025.jpg 46 436 55 91 0.57393
00025.jpg 857 430 72 100 0.57211
00025.jpg 854 427 65 94 0.56952
00025.jpg 592 438 46 86 0.56764
00025.jpg 230 449 49 85 0.55858
00025.jpg 584 433 50 101 0.55697
00025.jpg 664 189 271 325 0.55603
00025.jpg 6 452 39 67 0.55481
00025.jpg 16 445 74 86 0.55443
00025.jpg 14 441 77 97 0.55081
00025.jpg 37 436 56 88 0.54824
00025.jpg 631 464 34 67 0.54806
00025.jpg 622 460 39 75 0.54662
00025.jpg 332 437 43 99 0.54640
00025.jpg 851 416 89 111 0.54501
00025.jpg 342 438 36 94 0.54500
00025.jpg 9 452 50 76 0.54275
00025.jpg 50 434 49 92 0.54237
00025.jpg 5 452 32 66 0.53853
00025.jpg 0 444 57 86 0.53770
00025.jpg 857 428 61 98 0.53752
00025.jpg 863 430 39 92 0.53567
00025.jpg 584 437 74 92 0.53532
00025.jpg 339 438 35 88 0.53319
00025.jpg 226 453 53 83 0.53161
00025.jpg 278 86 293 439 0.52895
00025.jpg 31 210 209 286 0.52841
00025.jpg 579 440 68 88 0.52823
00025.jpg 59 209 186 330 0.52639
00025.jpg 224 450 49 86 0.52618
00025.jpg 52 200 210 319 0.52474
00025.jpg 0 449 68 79 0.52319
00025.jpg 33 443 45 84 0.52250
00025.jpg 863 428 47 94 0.52034
00025.jpg 857 428 52 96 0.51996
00025.jpg 679 191 255 298 0.51852
00025.jpg 10 444 81 91 0.51743
00025.jpg 676 502 17 32 0.51722
00025.jpg 36 441 61 89 0.51459
00025.jpg 31 432 69 99 0.51432
00025.jpg 53 441 47 88 0.51407
00025.jpg 15 443 70 87 0.51115
00025.jpg 626 457 34 75 0.50980
00025.jpg 875 417 80 118 0.50923
00025.jpg 50 434 51 97 0.50752
00025.jpg 674 172 268 360 0.50692
00025.jpg 605 443 49 92 0.50441
00025.jpg 582 438 51 90 0.49927
