00035.jpg 270 88 386 448 0.99960
00035.jpg 682 128 261 411 0.99897
00035.jpg 302 88 353 431 0.99894
00035.jpg 42 201 211 328 0.99893
00035.jpg 35 208 226 317 0.99885
00035.jpg 289 94 353 421 0.99884
00035.jpg 285 89 358 440 0.99875
00035.jpg 691 158 251 380 0.99848
00035.jpg 270 89 378 431 0.99840
00035.jpg 680 143 265 384 0.99835
00035.jpg 676 150 283 382 0.99823
00035.jpg 284 96 375 421 0.99821
00035.jpg 48 200 208 319 0.99802
00035.jpg 686 155 254 373 0.99793
00035.jpg 34 206 226 319 0.99779
00035.jpg 290 105 348 416 0.99774
00035.jpg 684 154 255 378 0.99754
00035.jpg 41 205 219 329 0.99742
00035.jpg 673 143 286 391 0.99723
00035.jpg 681 145 272 393 0.99713
00035.jpg 701 149 235 383 0.99696
00035.jpg 298 95 340 438 0.99676
00035.jpg 286 87 359 438 0.99657
00035.jpg 51 206 206 319 0.99617
00035.jpg 43 202 214 326 0.99616
00035.jpg 284 105 379 427 0.99611
00035.jpg 675 148 281 364 0.99550
00035.jpg 277 86 373 425 0.99548
00035.jpg 285 92 358 429 0.99521
00035.jpg 34 203 223 319 0.99470
00035.jpg 45 195 211 323 0.99465
00035.jpg 284 88 363 437 0.99460
00035.jpg 40 209 217 306 0.99427
00035.jpg 701 143 243 389 0.99417
00035.jpg 289 87 358 442 0.99417
00035.jpg 688 140 261 388 0.99407
00035.jpg 694 146 238 372 0.99402
00035.jpg 32 194 217 337 0.99393
00035.jpg 693 134 255 402 0.99393
00035.jpg 40 201 217 319 0.99348
00035.jpg 687 141 264 393 0.99336
00035.jpg 33 214 223 308 0.99317
00035.jpg 289 84 358 444 0.99309
00035.jpg 289 97 353 432 0.99293
00035.jpg 311 80 356 440 0.99290
00035.jpg 686 159 255 369 0.99251
00035.jpg 30 201 226 322 0.99210
00035.jpg 681 143 276 382 0.99181
00035.jpg 699 150 239 378 0.99139
00035.jpg 39 204 220 321 0.99064
00035.jpg 285 80 366 452 0.99058
00035.jpg 45 206 203 316 0.99056
00035.jpg 288 92 355 429 0.99028
00035.jpg 300 101 354 431 0.99011
00035.jpg 671 143 286 389 0.98994
00035.jpg 679 125 264 409 0.98926
00035.jpg 29 199 233 329 0.98907
00035.jpg 291 99 345 430 0.98883
00035.jpg 699 151 239 375 0.98759
00035.jpg 26 205 226 304 0.98596
00035.jpg 37 193 213 332 0.98590
00035.jpg 220 457 60 79 0.98535
00035.jpg 687 137 260 389 0.98530
00035.jpg 694 157 247 362 0.98529
00035.jpg 297 79 341 454 0.98513
00035.jpg 34 199 224 327 0.98489
00035.jpg 283 82 362 450 0.98461
00035.jpg 286 83 370 450 0.98416
00035.jpg 45 207 204 331 0.98246
00035.jpg 0 457 48 82 0.98102
00035.jpg 295 84 343 447 0.97990
00035.jpg 40 216 208 298 0.97933
00035.jpg 681 140 277 389 0.97752
00035.jpg 46 207 210 332 0.97622
00035.jpg 40 204 210 330 0.97400
00035.jpg 4 458 46 78 0.97363
00035.jpg 220 459 58 80 0.97114
00035.jpg 287 97 356 427 0.97097
00035.jpg 293 71 342 455 0.97073
00035.jpg 0 456 53 80 0.97048
00035.jpg 716 141 240 390 0.97028
00035.jpg 22 215 240 293 0.96882
00035.jpg 220 459 59 79 0.96791
00035.jpg 216 457 63 77 0.96791
00035.jpg 269 79 378 444 0.96590
00035.jpg 222 456 49 80 0.96589
00035.jpg 223 459 53 79 0.96581
00035.jpg 0 460 49 78 0.96512
00035.jpg 30 209 233 320 0.96458
00035.jpg 303 99 330 423 0.96347
00035.jpg 219 457 58 80 0.95956
00035.jpg 326 441 43 92 0.95907
00035.jpg 220 461 60 73 0.95901
00035.jpg 218 457 60 79 0.95530
00035.jpg 0 458 52 81 0.95398
00035.jpg 0 458 51 76 0.95034
00035.jpg 218 459 59 75 0.95020
00035.jpg 703 133 239 398 0.94694
00035.jpg 38 208 225 331 0.94653
00035.jpg 3 457 44 79 0.94464
00035.jpg 294 93 341 434 0.94374
00035.jpg 216 460 60 79 0.94257
00035.jpg 327 439 38 93 0.94083
00035.jpg 2 456 47 81 0.94001
00035.jpg 222 458 52 80 0.93982
00035.jpg 32 212 225 310 0.93977
00035.jpg 287 86 362 449 0.93585
00035.jpg 696 133 249 399 0.93562
00035.jpg 0 456 53 82 0.93509
00035.jpg 219 456 56 79 0.93489
00035.jpg 218 457 62 82 0.93344
00035.jpg 0 460 50 79 0.93211
00035.jpg 260 104 400 427 0.93191
00035.jpg 693 152 233 363 0.93150
00035.jpg 702 134 242 398 0.92629
00035.jpg 303 82 328 447 0.92456
00035.jpg 691 149 260 359 0.92440
00035.jpg 56 212 199 316 0.92404
00035.jpg 39 202 214 337 0.92398
00035.jpg 3 451 48 84 0.92354
00035.jpg 327 444 42 89 0.92212
00035.jpg 219 459 54 74 0.91903
00035.jpg 216 454 63 85 0.91804
00035.jpg 689 154 260 367 0.91737
00035.jpg 2 453 49 84 0.91721
00035.jpg 324 448 45 84 0.91066
00035.jpg 2 452 49 85 0.91048
00035.jpg 277 126 342 401 0.90886
00035.jpg 215 458 62 79 0.90765
00035.jpg 0 457 51 79 0.90633
00035.jpg 328 443 43 91 0.90560
00035.jpg 689 144 249 394 0.90142
00035.jpg 324 445 46 89 0.89911
00035.jpg 694 142 244 386 0.89817
00035.jpg 287 93 364 427 0.89808
00035.jpg 685 154 256 379 0.89505
00035.jpg 283 99 378 429 0.89489
00035.jpg 220 460 56 75 0.89482
00035.jpg 285 82 381 432 0.89397
00035.jpg 275 116 363 400 0.88926
00035.jpg 37 241 223 272 0.88912
00035.jpg 219 461 59 74 0.88881
00035.jpg 288 93 362 428 0.88523
00035.jpg 270 107 407 372 0.88394
00035.jpg 698 138 246 391 0.88041
00035.jpg 327 441 41 94 0.87906
00035.jpg 220 456 61 82 0.87860
00035.jpg 327 442 42 92 0.87843
00035.jpg 699 133 251 406 0.87744
00035.jpg 0 459 52 78 0.87713
00035.jpg 0 459 52 78 0.87122
00035.jpg 0 457 52 82 0.87037
00035.jpg 273 88 361 440 0.86996
00035.jpg 0 459 53 77 0.86946
00035.jpg 46 202 207 319 0.86874
00035.jpg 218 458 60 78 0.86848
00035.jpg 697 140 242 388 0.86442
00035.jpg 322 441 43 93 0.86390
00035.jpg 322 444 46 86 0.86254
00035.jpg 216 460 64 77 0.86234
00035.jpg 689 148 266 389 0.86179
00035.jpg 0 457 49 82 0.86070
00035.jpg 215 456 69 78 0.86000
00035.jpg 687 452 71 83 0.85897
00035.jpg 324 442 46 92 0.85891
00035.jpg 0 456 51 83 0.85784
00035.jpg 216 456 61 82 0.85559
00035.jpg 44 202 208 330 0.85325
00035.jpg 217 453 63 81 0.84706
00035.jpg 0 458 52 81 0.84549
00035.jpg 46 204 210 330 0.84504
00035.jpg 327 441 41 87 0.84331
00035.jpg 304 80 331 440 0.84323
00035.jpg 219 461 58 75 0.84273
00035.jpg 218 454 61 85 0.84034
00035.jpg 225 458 53 79 0.83912
00035.jpg 220 456 58 80 0.82915
00035.jpg 324 441 46 91 0.82886
00035.jpg 680 143 262 388 0.82683
00035.jpg 328 447 40 85 0.82621
00035.jpg 219 457 56 81 0.82113
00035.jpg 217 459 57 76 0.81583
00035.jpg 221 457 61 81 0.81369
00035.jpg 303 84 346 454 0.81321
00035.jpg 697 143 243 378 0.80594
00035.jpg 328 446 43 84 0.80584
00035.jpg 1 456 51 79 0.80569
00035.jpg 4 461 45 73 0.80420
00035.jpg 328 443 42 93 0.79225
00035.jpg 299 89 366 446 0.78945
00035.jpg 218 456 64 82 0.78868
00035.jpg 1 457 51 77 0.77947
00035.jpg 684 451 79 81 0.77773
00035.jpg 683 136 265 403 0.77602
00035.jpg 690 453 72 83 0.77593
00035.jpg 217 459 63 76 0.77448
00035.jpg 213 459 64 79 0.77218
00035.jpg 333 447 38 85 0.77046
00035.jpg 298 92 350 435 0.77003
00035.jpg 323 445 51 89 0.76635
00035.jpg 321 446 50 89 0.76542
00035.jpg 1 461 52 70 0.76471
00035.jpg 325 441 39 92 0.76359
00035.jpg 324 443 48 93 0.76246
00035.jpg 38 215 218 304 0.75573
00035.jpg 261 93 372 432 0.74876
00035.jpg 0 461 53 77 0.74021
00035.jpg 329 442 43 92 0.73375
00035.jpg 604 469 59 65 0.73317
00035.jpg 293 89 370 433 0.73180
00035.jpg 4 458 47 81 0.73001
00035.jpg 599 472 66 65 0.72479
00035.jpg 214 459 62 75 0.72430
00035.jpg 216 457 56 78 0.72425
00035.jpg 601 465 70 69 0.72176
00035.jpg 45 207 210 325 0.71989
00035.jpg 32 184 232 337 0.71018
00035.jpg 685 455 76 81 0.70449
00035.jpg 216 457 62 82 0.70392
00035.jpg 1 458 53 78 0.70314
00035.jpg 220 459 59 78 0.70244
00035.jpg 218 455 56 84 0.69470
00035.jpg 294 70 351 466 0.69336
00035.jpg 219 453 60 86 0.69214
00035.jpg 322 443 45 90 0.68507
00035.jpg 43 205 230 291 0.67256
00035.jpg 319 444 53 93 0.67012
00035.jpg 682 160 268 345 0.66825
00035.jpg 42 209 210 310 0.66674
00035.jpg 687 453 72 78 0.66292
00035.jpg 326 440 45 93 0.66000
00035.jpg 323 442 51 90 0.65919
00035.jpg 216 454 65 85 0.65510
00035.jpg 696 454 69 83 0.64935
00035.jpg 328 443 44 88 0.64387
00035.jpg 688 446 68 91 0.64359
00035.jpg 33 196 222 337 0.64325
00035.jpg 602 470 58 66 0.63536
00035.jpg 2 459 46 76 0.63493
00035.jpg 677 118 269 421 0.63170
00035.jpg 688 154 257 368 0.63068
00035.jpg 685 451 78 88 0.61880
00035.jpg 327 442 46 91 0.61798
00035.jpg 36 205 225 325 0.61237
00035.jpg 320 442 47 90 0.61161
00035.jpg 325 440 52 88 0.60553
00035.jpg 331 441 40 93 0.60513
00035.jpg 25 185 211 344 0.60307
00035.jpg 600 476 66 55 0.60202
00035.jpg 324 443 45 86 0.60117
00035.jpg 2 459 50 78 0.60021
00035.jpg 223 459 57 76 0.59155
00035.jpg 320 445 47 84 0.58484
00035.jpg 323 440 49 92 0.58301
00035.jpg 330 444 40 83 0.58238
00035.jpg 43 210 204 324 0.58044
00035.jpg 605 474 66 59 0.57380
00035.jpg 322 439 51 89 0.57356
00035.jpg 316 440 51 95 0.57182
00035.jpg 295 386 36 69 0.57157
00035.jpg 324 441 52 93 0.56579
00035.jpg 691 458 73 79 0.56383
00035.jpg 694 127 261 408 0.56212
00035.jpg 291 393 39 71 0.55946
00035.jpg 3 456 47 83 0.55529
00035.jpg 222 454 62 79 0.54468
00035.jpg 291 390 40 65 0.54216
00035.jpg 693 448 65 91 0.54000
00035.jpg 304 101 343 426 0.53748
00035.jpg 296 95 349 421 0.53585
00035.jpg 222 455 54 80 0.53585
00035.jpg 903 469 51 67 0.53436
00035.jpg 48 219 205 283 0.53389
00035.jpg 309 92 334 446 0.53265
00035.jpg 603 467 54 71 0.52747
00035.jpg 3 463 49 68 0.52589
00035.jpg 222 459 57 75 0.52091
00035.jpg 597 466 71 68 0.52068
00035.jpg 222 460 54 75 0.51617
00035.jpg 52 199 219 322 0.51196
00035.jpg 332 443 42 89 0.50773
00035.jpg 595 477 73 57 0.50629
00035.jpg 43 232 202 304 0.50629
00035.jpg 318 436 53 100 0.50486
00035.jpg 331 442 43 91 0.50374
00035.jpg 702 451 64 88 0.50229
00035.jpg 293 389 42 75 0.50115
00035.jpg 0 458 62 81 0.49994
