00034.jpg 688 165 262 363 0.99964
00034.jpg 59 196 200 335 0.99952
00034.jpg 688 157 242 369 0.99935
00034.jpg 690 158 251 380 0.99932
00034.jpg 273 73 365 444 0.99931
00034.jpg 275 61 375 475 0.99919
00034.jpg 278 55 371 481 0.99919
00034.jpg 682 155 248 370 0.99917
00034.jpg 688 149 252 387 0.99907
00034.jpg 276 70 366 448 0.99895
00034.jpg 256 75 389 437 0.99872
00034.jpg 693 155 237 373 0.99866
00034.jpg 266 71 380 466 0.99856
00034.jpg 48 205 223 327 0.99834
00034.jpg 57 206 200 309 0.99818
00034.jpg 280 51 373 479 0.99813
00034.jpg 270 74 373 460 0.99772
00034.jpg 53 201 213 321 0.99731
00034.jpg 693 153 245 366 0.99697
00034.jpg 56 197 216 334 0.99672
00034.jpg 283 70 365 453 0.99666
00034.jpg 56 208 195 316 0.99660
00034.jpg 280 86 374 446 0.99582
00034.jpg 686 157 246 372 0.99578
00034.jpg 233 97 460 409 0.99541
00034.jpg 683 159 242 366 0.99524
00034.jpg 48 193 215 330 0.99524
00034.jpg 42 189 228 341 0.99513
00034.jpg 53 197 194 327 0.99512
00034.jpg 261 68 368 451 0.99502
00034.jpg 269 69 371 470 0.99467
00034.jpg 682 162 264 354 0.99464
00034.jpg 280 78 356 447 0.99457
00034.jpg 683 166 262 350 0.99365
00034.jpg 270 83 379 444 0.99337
00034.jpg 678 153 258 379 0.99326
00034.jpg 681 159 262 367 0.99271
00034.jpg 46 197 206 333 0.99260
00034.jpg 284 67 352 472 0.99258
00034.jpg 699 147 228 387 0.99258
00034.jpg 694 153 246 377 0.99251
00034.jpg 260 90 380 428 0.99250
00034.jpg 683 152 248 371 0.99249
00034.jpg 278 82 366 457 0.99172
00034.jpg 287 72 357 460 0.99158
00034.jpg 44 192 233 334 0.99148
00034.jpg 698 149 237 383 0.99142
00034.jpg 49 191 208 330 0.99134
00034.jpg 274 64 360 472 0.99097
00034.jpg 0 457 76 78 0.99039
00034.jpg 261 82 425 422 0.99020
00034.jpg 277 66 357 469 0.98991
00034.jpg 595 442 63 92 0.98985
00034.jpg 266 72 379 458 0.98980
00034.jpg 250 93 394 420 0.98965
00034.jpg 695 160 231 372 0.98923
00034.jpg 68 199 189 334 0.98908
00034.jpg 47 200 223 329 0.98876
00034.jpg 692 156 238 367 0.98862
00034.jpg 55 204 205 316 0.98854
00034.jpg 681 152 249 386 0.98814
00034.jpg 272 70 367 450 0.98799
00034.jpg 259 72 404 446 0.98774
00034.jpg 285 84 356 446 0.98671
00034.jpg 683 149 260 376 0.98657
00034.jpg 43 192 222 337 0.98647
00034.jpg 700 154 235 369 0.98634
00034.jpg 326 446 43 87 0.98593
00034.jpg 286 74 356 457 0.98524
00034.jpg 681 145 257 382 0.98509
00034.jpg 260 74 385 447 0.98416
00034.jpg 282 76 347 448 0.98415
00034.jpg 3 454 78 85 0.98362
00034.jpg 591 447 72 89 0.98238
00034.jpg 55 198 207 322 0.98211
00034.jpg 56 199 210 337 0.98153
00034.jpg 277 71 363 457 0.98085
00034.jpg 273 57 373 454 0.98038
00034.jpg 595 446 64 88 0.97992
00034.jpg 596 446 69 91 0.97936
00034.jpg 595 448 64 85 0.97915
00034.jpg 53 195 206 341 0.97891
00034.jpg 276 67 390 460 0.97770
00034.jpg 594 446 67 91 0.97725
00034.jpg 49 203 213 329 0.97722
00034.jpg 328 450 42 83 0.97653
00034.jpg 269 71 368 465 0.97621
00034.jpg 50 199 216 340 0.97578
00034.jpg 688 145 247 379 0.97547
00034.jpg 44 189 214 340 0.97540
00034.jpg 593 450 71 82 0.97534
00034.jpg 593 449 70 82 0.97512
00034.jpg 687 454 76 85 0.97493
00034.jpg 691 146 241 383 0.97463
00034.jpg 597 445 63 90 0.97322
00034.jpg 44 217 213 305 0.97319
00034.jpg 59 201 196 338 0.97204
00034.jpg 41 199 229 311 0.97169
00034.jpg 717 143 228 385 0.97023
00034.jpg 595 448 64 87 0.96860
00034.jpg 0 453 73 86 0.96854
00034.jpg 690 455 70 83 0.96831
00034.jpg 47 207 225 325 0.96820
00034.jpg 253 66 398 468 0.96764
00034.jpg 54 205 203 313 0.96610
00034.jpg 323 447 44 87 0.96373
00034.jpg 697 457 65 82 0.96303
00034.jpg 324 447 45 85 0.96172
00034.jpg 595 444 65 89 0.96034
00034.jpg 596 442 64 95 0.95981
00034.jpg 592 443 73 90 0.95862
00034.jpg 275 80 365 457 0.95606
00034.jpg 593 445 69 85 0.95496
00034.jpg 328 447 40 87 0.95364
00034.jpg 596 449 70 85 0.95039
00034.jpg 54 202 203 335 0.95037
00034.jpg 55 206 208 333 0.95032
00034.jpg 3 456 72 83 0.95011
00034.jpg 0 455 77 82 0.94980
00034.jpg 323 451 47 80 0.94969
00034.jpg 689 140 230 397 0.94818
00034.jpg 56 203 206 326 0.94788
00034.jpg 595 450 70 84 0.94738
00034.jpg 683 162 260 344 0.94716
00034.jpg 681 156 264 374 0.94210
00034.jpg 296 90 389 442 0.94170
00034.jpg 594 441 69 95 0.93947
00034.jpg 324 447 47 86 0.93927
00034.jpg 697 151 226 385 0.93864
00034.jpg 321 451 48 84 0.93849
00034.jpg 692 149 248 388 0.93723
00034.jpg 598 447 65 87 0.93513
00034.jpg 691 457 70 82 0.93444
00034.jpg 691 453 66 86 0.93378
00034.jpg 595 441 71 96 0.93212
00034.jpg 690 453 65 83 0.92984
00034.jpg 596 447 67 88 0.92947
00034.jpg 216 467 58 66 0.92551
00034.jpg 692 457 71 79 0.92511
00034.jpg 595 444 69 89 0.92363
00034.jpg 597 451 64 84 0.92296
00034.jpg 320 452 45 83 0.92202
00034.jpg 692 454 67 83 0.92149
00034.jpg 686 452 74 86 0.92118
00034.jpg 263 75 404 460 0.92107
00034.jpg 0 453 83 85 0.92056
00034.jpg 269 78 381 440 0.91812
00034.jpg 591 448 68 83 0.91789
00034.jpg 322 447 48 90 0.91773
00034.jpg 693 451 71 86 0.91622
00034.jpg 323 449 49 89 0.91390
00034.jpg 2 453 69 85 0.91068
00034.jpg 1 455 83 84 0.90965
00034.jpg 594 444 68 92 0.90931
00034.jpg 0 454 81 85 0.90848
00034.jpg 322 451 46 83 0.90788
00034.jpg 327 448 40 85 0.90670
00034.jpg 696 455 64 83 0.90520
00034.jpg 325 449 45 82 0.90513
00034.jpg 326 452 45 84 0.90430
00034.jpg 0 452 86 87 0.90141
00034.jpg 218 458 61 78 0.90121
00034.jpg 55 201 204 326 0.90086
00034.jpg 323 446 50 88 0.90019
00034.jpg 0 457 87 81 0.89974
00034.jpg 598 447 68 88 0.89925
00034.jpg 595 447 64 88 0.89835
00034.jpg 596 449 69 83 0.89804
00034.jpg 593 445 70 91 0.89658
00034.jpg 685 158 251 374 0.89528
00034.jpg 2 458 77 81 0.89449
00034.jpg 49 206 213 328 0.89408
00034.jpg 326 449 41 86 0.89402
00034.jpg 292 74 347 453 0.88716
00034.jpg 217 463 60 73 0.88687
00034.jpg 45 210 209 315 0.88649
00034.jpg 53 199 205 340 0.88640
00034.jpg 686 454 74 83 0.88614
00034.jpg 40 194 246 318 0.88500
00034.jpg 902 461 50 77 0.88335
00034.jpg 598 448 65 89 0.88314
00034.jpg 691 454 69 82 0.88196
00034.jpg 595 447 69 86 0.88108
00034.jpg 329 450 42 86 0.88097
00034.jpg 691 159 246 371 0.87771
00034.jpg 689 162 247 367 0.87700
00034.jpg 265 75 406 446 0.87520
00034.jpg 321 446 51 88 0.87358
00034.jpg 593 446 66 88 0.87281
00034.jpg 220 463 58 73 0.86404
00034.jpg 593 449 72 83 0.86298
00034.jpg 2 458 64 81 0.86252
00034.jpg 591 443 69 90 0.86131
00034.jpg 593 441 68 93 0.85978
00034.jpg 321 451 47 83 0.85863
00034.jpg 592 450 68 85 0.85790
00034.jpg 900 458 54 78 0.85665
00034.jpg 220 458 63 79 0.85626
00034.jpg 3 453 73 86 0.85286
00034.jpg 596 445 59 87 0.85131
00034.jpg 684 153 252 385 0.85103
00034.jpg 692 450 71 89 0.84861
00034.jpg 321 448 49 85 0.84833
00034.jpg 0 456 82 83 0.84796
00034.jpg 694 149 239 375 0.84519
00034.jpg 690 452 67 87 0.84445
00034.jpg 325 447 48 87 0.84218
00034.jpg 217 461 63 73 0.83937
00034.jpg 4 454 63 85 0.83700
00034.jpg 591 446 74 81 0.83694
00034.jpg 220 461 55 74 0.83597
00034.jpg 901 462 56 71 0.83511
00034.jpg 0 455 75 84 0.83510
00034.jpg 52 199 211 340 0.83416
00034.jpg 590 442 71 94 0.83348
00034.jpg 0 458 72 79 0.83248
00034.jpg 217 462 63 76 0.83112
00034.jpg 213 462 68 75 0.83030
00034.jpg 60 194 210 331 0.82549
00034.jpg 52 228 220 287 0.82412
00034.jpg 321 450 48 85 0.82196
00034.jpg 3 457 74 82 0.82009
00034.jpg 595 444 64 89 0.81872
00034.jpg 219 463 60 73 0.81826
00034.jpg 692 457 67 82 0.81825
00034.jpg 688 455 69 84 0.81557
00034.jpg 692 455 73 84 0.81467
00034.jpg 216 465 66 72 0.81346
00034.jpg 690 456 70 82 0.81281
00034.jpg 326 449 45 83 0.80461
00034.jpg 597 449 64 85 0.80437
00034.jpg 900 457 50 82 0.80244
00034.jpg 901 456 55 79 0.79907
00034.jpg 693 458 69 81 0.79558
00034.jpg 596 452 67 84 0.79479
00034.jpg 218 463 59 72 0.79282
00034.jpg 0 458 83 81 0.79235
00034.jpg 592 447 70 90 0.78733
00034.jpg 277 84 359 445 0.78562
00034.jpg 694 457 73 78 0.78429
00034.jpg 692 456 66 83 0.78325
00034.jpg 692 453 64 85 0.77963
00034.jpg 218 463 62 74 0.77914
00034.jpg 902 466 52 71 0.77738
00034.jpg 599 438 64 95 0.77299
00034.jpg 687 450 75 86 0.77166
00034.jpg 692 454 75 85 0.76972
00034.jpg 319 446 51 91 0.76925
00034.jpg 47 201 218 327 0.76550
00034.jpg 679 164 260 358 0.76068
00034.jpg 602 448 56 84 0.75976
00034.jpg 327 446 44 90 0.75710
00034.jpg 688 146 256 392 0.75660
00034.jpg 328 450 41 81 0.75326
00034.jpg 595 449 66 88 0.75267
00034.jpg 597 448 63 86 0.75096
00034.jpg 327 451 39 81 0.75096
00034.jpg 0 453 90 86 0.75074
00034.jpg 590 451 66 81 0.74049
00034.jpg 899 465 55 72 0.73862
00034.jpg 598 443 65 95 0.73752
00034.jpg 215 463 58 74 0.73375
00034.jpg 0 454 70 84 0.73235
00034.jpg 217 465 64 73 0.72919
00034.jpg 216 460 66 79 0.72717
00034.jpg 326 450 46 86 0.72620
00034.jpg 327 448 45 87 0.72607
00034.jpg 287 92 348 428 0.72599
00034.jpg 0 456 83 83 0.72596
00034.jpg 328 443 43 95 0.72595
00034.jpg 318 452 58 83 0.72493
00034.jpg 219 461 58 76 0.72461
00034.jpg 282 91 331 436 0.72075
00034.jpg 321 449 45 85 0.71883
00034.jpg 676 146 252 370 0.71619
00034.jpg 2 458 89 80 0.71503
00034.jpg 2 452 90 85 0.71290
00034.jpg 903 461 50 76 0.71218
00034.jpg 691 453 70 82 0.70840
00034.jpg 690 454 71 79 0.70803
00034.jpg 597 448 67 86 0.70722
00034.jpg 590 439 66 93 0.70706
00034.jpg 0 450 76 89 0.70664
00034.jpg 688 453 71 86 0.70635
00034.jpg 683 454 74 85 0.70615
00034.jpg 696 458 65 79 0.70429
00034.jpg 897 459 59 78 0.70377
00034.jpg 906 464 48 74 0.70095
00034.jpg 37 195 226 333 0.69859
00034.jpg 898 464 56 72 0.69745
00034.jpg 331 451 43 82 0.69664
00034.jpg 325 448 48 88 0.69569
00034.jpg 221 462 56 72 0.69200
00034.jpg 599 446 57 87 0.69140
00034.jpg 695 454 66 84 0.68924
00034.jpg 678 149 242 374 0.68356
00034.jpg 597 439 63 95 0.68340
00034.jpg 698 453 60 85 0.67935
00034.jpg 0 456 85 83 0.67894
00034.jpg 1 462 79 75 0.67836
00034.jpg 318 444 53 93 0.67785
00034.jpg 265 67 401 455 0.67738
00034.jpg 908 466 46 72 0.67357
00034.jpg 218 462 63 77 0.67087
00034.jpg 292 72 335 458 0.67040
00034.jpg 587 435 74 100 0.66947
00034.jpg 690 461 74 74 0.66684
00034.jpg 218 462 61 74 0.66632
00034.jpg 693 455 69 83 0.66331
00034.jpg 216 463 67 74 0.66200
00034.jpg 898 456 58 81 0.65971
00034.jpg 903 449 52 90 0.65962
00034.jpg 316 448 52 85 0.65840
00034.jpg 329 447 42 87 0.65701
00034.jpg 222 462 57 71 0.65445
00034.jpg 322 448 49 84 0.65261
00034.jpg 592 443 65 86 0.64936
00034.jpg 678 139 262 389 0.64631
00034.jpg 684 453 76 82 0.64570
00034.jpg 324 449 49 85 0.64541
00034.jpg 36 189 225 344 0.64463
00034.jpg 218 464 62 70 0.64429
00034.jpg 33 189 249 324 0.63756
00034.jpg 602 444 63 85 0.63741
00034.jpg 597 456 69 78 0.63562
00034.jpg 691 456 69 83 0.63175
00034.jpg 695 459 61 79 0.63167
00034.jpg 893 456 63 82 0.63099
00034.jpg 901 461 52 77 0.62834
00034.jpg 13 453 60 84 0.62391
00034.jpg 220 461 56 73 0.62387
00034.jpg 701 146 231 392 0.62305
00034.jpg 899 458 52 80 0.61783
00034.jpg 213 466 65 69 0.61750
00034.jpg 221 459 65 73 0.61622
00034.jpg 218 459 66 75 0.61622
00034.jpg 597 443 74 87 0.61598
00034.jpg 2 450 84 89 0.61455
00034.jpg 219 465 62 73 0.61138
00034.jpg 899 464 57 75 0.60819
00034.jpg 323 448 49 86 0.60549
00034.jpg 721 166 199 373 0.60130
00034.jpg 697 458 66 75 0.59954
00034.jpg 216 465 61 74 0.59844
00034.jpg 8 457 70 79 0.59835
00034.jpg 71 194 180 345 0.59668
00034.jpg 0 454 68 85 0.59514
00034.jpg 598 439 69 93 0.59266
00034.jpg 314 452 52 79 0.59113
00034.jpg 599 453 70 78 0.58428
00034.jpg 692 459 74 79 0.58275
00034.jpg 322 449 52 86 0.58250
00034.jpg 594 447 65 88 0.58102
00034.jpg 902 461 55 77 0.58088
00034.jpg 684 454 81 81 0.57834
00034.jpg 1 456 87 83 0.57822
00034.jpg 332 451 38 82 0.57808
00034.jpg 217 461 58 78 0.57768
00034.jpg 698 147 228 388 0.57583
00034.jpg 215 467 69 70 0.57531
00034.jpg 596 443 67 87 0.57168
00034.jpg 269 90 365 435 0.57166
00034.jpg 12 459 69 77 0.56971
00034.jpg 2 457 76 81 0.56945
00034.jpg 694 456 60 81 0.56944
00034.jpg 601 446 69 86 0.56598
00034.jpg 1 458 85 81 0.56564
00034.jpg 695 457 70 82 0.56184
00034.jpg 216 462 60 76 0.55913
00034.jpg 3 455 87 81 0.55896
00034.jpg 49 207 206 318 0.55746
00034.jpg 911 466 45 73 0.55190
00034.jpg 592 450 67 80 0.54628
00034.jpg 3 453 77 86 0.54374
00034.jpg 0 457 92 82 0.54350
00034.jpg 216 464 67 74 0.54102
00034.jpg 222 463 55 70 0.53794
00034.jpg 681 164 241 343 0.53760
00034.jpg 689 453 66 85 0.53590
00034.jpg 221 461 53 76 0.53579
00034.jpg 49 206 215 315 0.53534
00034.jpg 0 456 87 83 0.53422
00034.jpg 4 453 78 86 0.52593
00034.jpg 3 456 66 82 0.52360
00034.jpg 216 461 60 75 0.52059
00034.jpg 597 440 71 93 0.51942
00034.jpg 909 459 47 80 0.51862
00034.jpg 588 449 76 74 0.51662
00034.jpg 893 459 60 80 0.51653
00034.jpg 697 457 59 78 0.51511
00034.jpg 587 442 71 92 0.51384
00034.jpg 687 454 73 81 0.51335
00034.jpg 677 159 274 340 0.51231
00034.jpg 674 176 254 332 0.51146
00034.jpg 596 438 73 93 0.51048
00034.jpg 214 461 64 72 0.50878
00034.jpg 599 454 60 79 0.50858
00034.jpg 318 450 48 86 0.50234
00034.jpg 676 155 269 371 0.50039
