00004.jpg 132 70 583 371 0.99629
00004.jpg 120 57 649 348 0.97426
00004.jpg 123 65 596 365 0.96772
00004.jpg 126 54 600 346 0.96688
00004.jpg 132 63 578 345 0.96499
00004.jpg 192 71 457 384 0.95848
00004.jpg 167 57 500 373 0.95744
00004.jpg 105 77 618 354 0.95608
00004.jpg 143 71 610 364 0.95301
00004.jpg 406 82 282 329 0.93972
00004.jpg 452 88 234 301 0.92928
00004.jpg 125 115 587 311 0.92896
00004.jpg 300 67 406 364 0.92808
00004.jpg 429 101 269 294 0.92789
00004.jpg 176 76 526 372 0.92509
00004.jpg 152 70 522 346 0.92429
00004.jpg 152 68 511 349 0.91971
00004.jpg 164 71 535 335 0.91865
00004.jpg 304 88 400 310 0.91603
00004.jpg 135 62 523 352 0.91104
00004.jpg 141 71 553 336 0.91005
00004.jpg 166 76 485 343 0.90883
00004.jpg 442 82 205 302 0.90460
00004.jpg 426 85 245 301 0.90136
00004.jpg 356 79 366 337 0.89927
00004.jpg 377 94 305 321 0.89447
00004.jpg 152 63 524 359 0.89263
00004.jpg 465 99 190 276 0.88996
00004.jpg 146 53 495 355 0.88578
00004.jpg 131 75 476 320 0.88470
00004.jpg 144 78 568 354 0.88409
00004.jpg 440 111 242 280 0.87839
00004.jpg 131 75 405 291 0.87514
00004.jpg 107 76 638 311 0.86790
00004.jpg 401 70 295 348 0.86516
00004.jpg 417 91 245 337 0.85780
00004.jpg 388 96 296 305 0.85726
00004.jpg 394 106 274 300 0.84974
00004.jpg 418 80 246 309 0.84947
00004.jpg 148 64 315 304 0.84778
00004.jpg 427 98 238 332 0.83932
00004.jpg 415 82 239 350 0.83570
00004.jpg 152 61 520 385 0.83467
00004.jpg 442 100 275 292 0.82454
00004.jpg 118 60 659 386 0.82382
00004.jpg 427 98 254 342 0.81611
00004.jpg 152 70 496 364 0.80800
00004.jpg 151 84 393 309 0.80578
00004.jpg 424 108 296 303 0.79905
00004.jpg 313 82 362 343 0.78550
00004.jpg 140 70 363 292 0.78134
00004.jpg 447 98 178 274 0.77119
00004.jpg 380 86 345 341 0.77000
00004.jpg 292 76 420 354 0.76626
00004.jpg 141 43 362 341 0.76151
00004.jpg 455 87 218 259 0.76109
00004.jpg 225 71 538 361 0.76041
00004.jpg 147 72 356 301 0.75889
00004.jpg 470 119 183 259 0.75453
00004.jpg 476 90 133 144 0.75403
00004.jpg 438 121 197 293 0.75372
00004.jpg 137 70 500 341 0.75359
00004.jpg 401 99 317 322 0.75193
00004.jpg 410 89 257 290 0.75083
00004.jpg 463 118 222 232 0.74757
00004.jpg 465 97 233 251 0.74142
00004.jpg 149 73 456 304 0.73763
00004.jpg 160 58 495 387 0.73324
00004.jpg 472 128 202 237 0.72169
00004.jpg 486 85 123 140 0.72140
00004.jpg 153 63 407 311 0.72089
00004.jpg 473 92 130 148 0.71632
00004.jpg 489 106 92 112 0.71164
00004.jpg 148 89 404 290 0.71119
00004.jpg 161 86 596 377 0.71110
00004.jpg 434 86 284 259 0.70988
00004.jpg 492 91 202 266 0.69979
00004.jpg 485 101 112 129 0.69705
00004.jpg 347 86 328 336 0.69663
00004.jpg 458 94 199 228 0.69524
00004.jpg 326 98 342 329 0.69209
00004.jpg 172 83 370 300 0.69189
00004.jpg 472 91 137 146 0.68927
00004.jpg 480 94 118 133 0.68893
00004.jpg 372 97 323 328 0.68576
00004.jpg 488 117 93 95 0.68284
00004.jpg 220 65 420 383 0.68235
00004.jpg 225 51 492 404 0.67919
00004.jpg 472 84 167 255 0.67741
00004.jpg 145 82 318 263 0.67601
00004.jpg 482 95 101 141 0.67338
00004.jpg 431 102 229 331 0.67291
00004.jpg 418 78 213 348 0.67017
00004.jpg 470 88 191 208 0.66958
00004.jpg 152 79 401 355 0.66815
00004.jpg 482 90 151 171 0.66431
00004.jpg 203 62 541 390 0.65965
00004.jpg 165 71 294 286 0.65680
00004.jpg 479 97 119 125 0.65644
00004.jpg 478 95 136 153 0.65473
00004.jpg 144 77 419 292 0.65343
00004.jpg 145 67 385 308 0.65166
00004.jpg 473 99 128 130 0.64741
00004.jpg 112 64 571 314 0.64686
00004.jpg 138 76 353 313 0.64610
00004.jpg 403 92 325 334 0.64146
00004.jpg 468 95 159 187 0.63922
00004.jpg 426 98 275 335 0.63533
00004.jpg 496 113 78 98 0.63455
00004.jpg 454 117 224 307 0.63284
00004.jpg 135 84 371 314 0.62630
00004.jpg 481 89 148 174 0.62403
00004.jpg 476 96 115 132 0.62309
00004.jpg 481 94 141 137 0.62161
00004.jpg 488 92 101 143 0.61935
00004.jpg 470 94 149 141 0.61440
00004.jpg 330 96 339 330 0.61255
00004.jpg 394 83 304 297 0.60925
00004.jpg 474 93 171 226 0.60908
00004.jpg 403 83 280 369 0.60713
00004.jpg 451 110 190 292 0.60663
00004.jpg 466 87 153 142 0.60615
00004.jpg 210 48 489 370 0.60068
00004.jpg 153 67 337 285 0.60047
00004.jpg 153 56 544 359 0.59890
00004.jpg 487 110 214 209 0.59700
00004.jpg 478 95 109 143 0.59550
00004.jpg 143 71 472 311 0.59517
00004.jpg 320 83 344 320 0.59461
00004.jpg 492 101 89 106 0.59405
00004.jpg 386 105 283 338 0.59374
00004.jpg 482 90 124 124 0.59299
00004.jpg 479 87 124 136 0.59223
00004.jpg 439 89 183 312 0.59045
00004.jpg 339 87 378 312 0.58722
00004.jpg 467 94 148 135 0.58557
00004.jpg 406 100 249 320 0.58218
00004.jpg 434 92 298 280 0.58195
00004.jpg 491 100 97 136 0.58016
00004.jpg 480 101 110 140 0.57952
00004.jpg 474 92 126 131 0.57573
00004.jpg 476 95 117 121 0.57208
00004.jpg 480 85 127 160 0.57032
00004.jpg 165 71 259 254 0.56902
00004.jpg 183 65 265 299 0.56689
00004.jpg 490 91 109 150 0.56681
00004.jpg 486 130 97 84 0.56494
00004.jpg 473 100 129 140 0.56386
00004.jpg 481 87 135 172 0.56187
00004.jpg 467 99 150 134 0.55354
00004.jpg 472 92 135 132 0.54998
00004.jpg 349 82 385 350 0.54808
00004.jpg 471 98 130 138 0.54560
00004.jpg 383 81 269 349 0.54554
00004.jpg 470 94 128 153 0.54483
00004.jpg 147 62 296 316 0.54481
00004.jpg 461 90 164 153 0.54357
00004.jpg 170 91 362 284 0.54202
00004.jpg 154 70 259 275 0.54136
00004.jpg 516 113 170 264 0.53595
00004.jpg 470 91 131 137 0.53454
00004.jpg 461 95 148 133 0.53413
00004.jpg 139 50 634 380 0.53341
00004.jpg 412 98 323 341 0.52727
00004.jpg 322 90 344 343 0.52608
00004.jpg 149 77 283 290 0.52288
00004.jpg 462 89 164 136 0.51759
00004.jpg 173 87 411 323 0.51372
00004.jpg 485 90 141 140 0.50633
00004.jpg 499 117 82 98 0.50318
00004.jpg 156 63 396 343 0.50040
00004.jpg 468 88 171 147 0.49954
00004.jpg 162 68 396 343 0.49931
