00006.jpg 134 52 554 356 0.99625
00006.jpg 170 86 486 314 0.98960
00006.jpg 165 65 538 340 0.98270
00006.jpg 132 107 506 295 0.98135
00006.jpg 146 85 486 275 0.97598
00006.jpg 170 79 505 352 0.97241
00006.jpg 196 71 432 352 0.96028
00006.jpg 153 88 489 324 0.95933
00006.jpg 168 67 466 359 0.95066
00006.jpg 157 87 402 258 0.94676
00006.jpg 195 59 440 376 0.94107
00006.jpg 159 72 453 337 0.93891
00006.jpg 151 90 488 313 0.93336
00006.jpg 136 66 584 344 0.93153
00006.jpg 135 68 575 354 0.92647
00006.jpg 149 87 500 335 0.92270
00006.jpg 134 85 534 331 0.91559
00006.jpg 125 73 580 332 0.91410
00006.jpg 147 77 463 299 0.91127
00006.jpg 181 55 456 352 0.90564
00006.jpg 157 109 513 310 0.89516
00006.jpg 162 66 483 361 0.89123
00006.jpg 130 83 551 336 0.88454
00006.jpg 470 71 164 374 0.88383
00006.jpg 159 86 479 307 0.86724
00006.jpg 491 82 130 337 0.86599
00006.jpg 155 83 405 268 0.86106
00006.jpg 166 79 458 340 0.84696
00006.jpg 475 88 139 144 0.83729
00006.jpg 471 96 142 136 0.82771
00006.jpg 482 92 131 136 0.82754
00006.jpg 485 88 126 137 0.82631
00006.jpg 165 105 376 248 0.82590
00006.jpg 479 82 141 149 0.82080
00006.jpg 476 92 143 134 0.82036
00006.jpg 157 87 339 259 0.81788
00006.jpg 481 89 132 143 0.81566
00006.jpg 470 88 143 132 0.81297
00006.jpg 465 86 147 139 0.81247
00006.jpg 475 92 135 135 0.81106
00006.jpg 120 77 640 368 0.79832
00006.jpg 158 83 324 263 0.79120
00006.jpg 482 88 135 134 0.78429
00006.jpg 485 94 121 133 0.78355
00006.jpg 474 92 143 124 0.77903
00006.jpg 481 92 130 127 0.77008
00006.jpg 490 93 145 346 0.76899
00006.jpg 159 77 557 341 0.76717
00006.jpg 480 92 137 361 0.76332
00006.jpg 471 88 139 146 0.75657
00006.jpg 470 98 192 342 0.75438
00006.jpg 473 83 131 147 0.75401
00006.jpg 473 86 134 142 0.74905
00006.jpg 491 87 145 330 0.74264
00006.jpg 482 88 133 143 0.74147
00006.jpg 164 60 542 391 0.73903
00006.jpg 456 90 201 331 0.73460
00006.jpg 479 88 129 131 0.73090
00006.jpg 137 77 484 304 0.73061
00006.jpg 458 83 192 355 0.72754
00006.jpg 470 89 146 138 0.72665
00006.jpg 182 87 457 351 0.72612
00006.jpg 147 83 417 279 0.72563
00006.jpg 478 91 138 141 0.72315
00006.jpg 474 96 190 330 0.72056
00006.jpg 464 89 145 139 0.71798
00006.jpg 475 83 145 141 0.71750
00006.jpg 480 87 141 156 0.71470
00006.jpg 637 165 56 121 0.70818
00006.jpg 163 94 403 261 0.70671
00006.jpg 198 67 491 384 0.70644
00006.jpg 112 133 669 287 0.70455
00006.jpg 467 86 153 145 0.70359
00006.jpg 450 81 206 363 0.70025
00006.jpg 478 93 135 133 0.69878
00006.jpg 471 90 135 128 0.69739
00006.jpg 156 72 405 295 0.69718
00006.jpg 135 72 450 283 0.69295
00006.jpg 111 72 549 290 0.69141
00006.jpg 336 84 316 360 0.69051
00006.jpg 461 93 154 126 0.68972
00006.jpg 152 84 415 272 0.68447
00006.jpg 481 79 139 328 0.68201
00006.jpg 473 81 147 140 0.68190
00006.jpg 483 88 127 132 0.68021
00006.jpg 480 88 137 134 0.67749
00006.jpg 473 92 130 128 0.67548
00006.jpg 467 90 157 148 0.67438
00006.jpg 465 80 151 375 0.67338
00006.jpg 483 85 126 147 0.67056
00006.jpg 149 62 507 355 0.66926
00006.jpg 502 103 178 340 0.66776
00006.jpg 484 92 132 137 0.66664
00006.jpg 485 97 162 329 0.66552
00006.jpg 500 92 142 360 0.66502
00006.jpg 595 157 126 153 0.66471
00006.jpg 446 80 182 373 0.66429
00006.jpg 217 60 424 389 0.66407
00006.jpg 625 167 62 124 0.66390
00006.jpg 478 89 133 132 0.66361
00006.jpg 148 76 391 281 0.66152
00006.jpg 555 128 142 260 0.65736
00006.jpg 466 87 146 129 0.65262
00006.jpg 539 123 168 270 0.65201
00006.jpg 514 112 157 308 0.64767
00006.jpg 495 111 184 294 0.64639
00006.jpg 507 123 173 280 0.64636
00006.jpg 162 96 324 239 0.64199
00006.jpg 213 57 418 407 0.64083
00006.jpg 468 89 148 125 0.63946
00006.jpg 554 161 165 166 0.63360
00006.jpg 171 89 477 341 0.63333
00006.jpg 416 84 224 367 0.63161
00006.jpg 482 91 139 145 0.63071
00006.jpg 478 93 127 132 0.63046
00006.jpg 473 83 154 376 0.62885
00006.jpg 468 105 157 318 0.62718
00006.jpg 481 91 139 131 0.62518
00006.jpg 537 139 172 266 0.61964
00006.jpg 154 77 374 249 0.61899
00006.jpg 476 90 132 138 0.61520
00006.jpg 174 83 398 302 0.61466
00006.jpg 599 150 118 156 0.61376
00006.jpg 592 164 115 152 0.61014
00006.jpg 593 161 123 141 0.60775
00006.jpg 157 68 395 271 0.60082
00006.jpg 482 88 137 136 0.60045
00006.jpg 482 90 125 160 0.59499
00006.jpg 166 91 453 321 0.59276
00006.jpg 482 86 164 306 0.59182
00006.jpg 481 89 133 129 0.58880
00006.jpg 608 163 106 136 0.58836
00006.jpg 235 65 408 389 0.58443
00006.jpg 494 120 220 301 0.58359
00006.jpg 465 82 146 327 0.58286
00006.jpg 484 88 128 139 0.58120
00006.jpg 578 163 138 148 0.58066
00006.jpg 563 137 148 246 0.57987
00006.jpg 162 76 443 310 0.57216
00006.jpg 146 87 328 246 0.56857
00006.jpg 488 96 113 136 0.56673
00006.jpg 141 71 417 277 0.56313
00006.jpg 607 165 102 134 0.56170
00006.jpg 167 72 430 309 0.56141
00006.jpg 486 88 139 128 0.55169
00006.jpg 165 82 469 349 0.55104
00006.jpg 471 89 133 135 0.54655
00006.jpg 408 86 242 367 0.54306
00006.jpg 606 168 110 147 0.54176
00006.jpg 580 159 136 169 0.54116
00006.jpg 207 63 406 398 0.53950
00006.jpg 477 84 131 128 0.53876
00006.jpg 311 93 394 320 0.53807
00006.jpg 481 93 148 185 0.53374
00006.jpg 166 71 502 336 0.52952
00006.jpg 477 94 148 152 0.52856
00006.jpg 601 162 102 132 0.52815
00006.jpg 152 53 442 318 0.52810
00006.jpg 503 143 199 237 0.52536
00006.jpg 473 93 148 146 0.52320
00006.jpg 140 86 348 267 0.52239
00006.jpg 161 107 294 214 0.52147
00006.jpg 460 99 241 345 0.51998
00006.jpg 604 162 109 141 0.51813
00006.jpg 464 103 261 305 0.51657
00006.jpg 474 79 143 158 0.51512
00006.jpg 555 144 160 228 0.51256
00006.jpg 481 88 144 138 0.51251
00006.jpg 146 72 505 351 0.51128
00006.jpg 442 75 195 339 0.50667
00006.jpg 175 78 380 319 0.50648
00006.jpg 482 90 138 136 0.50634
00006.jpg 486 124 219 319 0.50083
00006.jpg 626 165 72 107 0.49933
00006.jpg 592 162 118 161 0.49921
