00003.jpg 152 58 539 354 0.99289
00003.jpg 136 60 578 382 0.99088
00003.jpg 137 74 552 343 0.98474
00003.jpg 145 89 534 332 0.97567
00003.jpg 156 65 543 372 0.97539
00003.jpg 160 64 538 365 0.97272
00003.jpg 143 53 588 355 0.97208
00003.jpg 135 96 557 350 0.97137
00003.jpg 157 56 488 364 0.96327
00003.jpg 163 68 505 365 0.96325
00003.jpg 155 63 516 347 0.96092
00003.jpg 156 75 536 345 0.96050
00003.jpg 153 57 604 395 0.95872
00003.jpg 148 68 502 366 0.95236
00003.jpg 172 82 542 332 0.95023
00003.jpg 142 53 527 383 0.93401
00003.jpg 145 83 373 282 0.93025
00003.jpg 257 79 441 353 0.92351
00003.jpg 177 69 488 384 0.92304
00003.jpg 160 68 496 367 0.91486
00003.jpg 122 65 621 362 0.90274
00003.jpg 479 87 144 143 0.90033
00003.jpg 457 87 205 271 0.89903
00003.jpg 221 41 386 404 0.89798
00003.jpg 213 46 490 403 0.87932
00003.jpg 490 101 160 243 0.87896
00003.jpg 475 90 150 137 0.86879
00003.jpg 283 88 419 318 0.85465
00003.jpg 434 98 259 294 0.85444
00003.jpg 175 80 454 371 0.84760
00003.jpg 150 62 511 346 0.84437
00003.jpg 183 57 493 387 0.84020
00003.jpg 478 88 143 133 0.84009
00003.jpg 144 62 458 323 0.82540
00003.jpg 376 87 316 329 0.82297
00003.jpg 411 82 246 338 0.81285
00003.jpg 453 99 239 291 0.80953
00003.jpg 150 60 607 391 0.80513
00003.jpg 378 73 321 334 0.80423
00003.jpg 477 92 148 136 0.80393
00003.jpg 478 92 139 135 0.80313
00003.jpg 432 93 252 309 0.80160
00003.jpg 258 73 420 354 0.79514
00003.jpg 479 80 144 149 0.79429
00003.jpg 469 94 157 144 0.79010
00003.jpg 475 91 141 122 0.78986
00003.jpg 373 78 299 345 0.78173
00003.jpg 473 91 155 133 0.78121
00003.jpg 146 86 430 306 0.77843
00003.jpg 471 84 156 149 0.77404
00003.jpg 164 85 403 352 0.77332
00003.jpg 475 82 149 149 0.77315
00003.jpg 476 85 142 147 0.77042
00003.jpg 465 92 160 141 0.76753
00003.jpg 473 86 145 134 0.76661
00003.jpg 477 86 149 144 0.76503
00003.jpg 440 102 214 310 0.75817
00003.jpg 141 69 440 299 0.75740
00003.jpg 482 88 133 144 0.75737
00003.jpg 128 70 526 361 0.75638
00003.jpg 474 88 138 138 0.75282
00003.jpg 466 91 158 140 0.74983
00003.jpg 478 125 179 259 0.74393
00003.jpg 481 84 148 153 0.74343
00003.jpg 462 95 240 301 0.73344
00003.jpg 465 86 168 149 0.73063
00003.jpg 466 91 170 137 0.73037
00003.jpg 461 132 221 192 0.72611
00003.jpg 151 68 348 316 0.72500
00003.jpg 480 88 143 149 0.72354
00003.jpg 470 114 182 257 0.72349
00003.jpg 170 69 350 328 0.72233
00003.jpg 173 79 479 380 0.72229
00003.jpg 443 99 218 345 0.71859
00003.jpg 467 87 152 131 0.70996
00003.jpg 269 67 419 378 0.70513
00003.jpg 479 90 143 133 0.70059
00003.jpg 476 89 155 137 0.70048
00003.jpg 284 87 371 355 0.69860
00003.jpg 462 90 156 142 0.69857
00003.jpg 182 50 564 388 0.69390
00003.jpg 160 104 600 313 0.68566
00003.jpg 469 122 217 246 0.68285
00003.jpg 474 90 150 143 0.68159
00003.jpg 469 84 152 144 0.67682
00003.jpg 126 69 568 341 0.67441
00003.jpg 158 88 403 301 0.67336
00003.jpg 478 90 133 137 0.67219
00003.jpg 475 94 147 144 0.66793
00003.jpg 147 79 366 275 0.66567
00003.jpg 474 83 156 163 0.66560
00003.jpg 236 83 419 364 0.66468
00003.jpg 136 51 369 330 0.66199
00003.jpg 470 89 159 158 0.66122
00003.jpg 483 113 193 213 0.65747
00003.jpg 142 62 546 325 0.65672
00003.jpg 352 81 372 352 0.65656
00003.jpg 152 57 342 324 0.65631
00003.jpg 484 90 129 136 0.65263
00003.jpg 470 89 163 149 0.65161
00003.jpg 471 91 161 130 0.64693
00003.jpg 180 69 437 385 0.64378
00003.jpg 164 85 299 280 0.64276
00003.jpg 458 84 171 141 0.64222
00003.jpg 99 88 686 341 0.63572
00003.jpg 469 95 165 150 0.62982
00003.jpg 160 70 253 263 0.62564
00003.jpg 151 74 316 298 0.62368
00003.jpg 475 84 153 140 0.62301
00003.jpg 384 102 328 349 0.62280
00003.jpg 403 91 247 358 0.62066
00003.jpg 147 74 327 303 0.61514
00003.jpg 188 82 349 318 0.60972
00003.jpg 160 64 283 329 0.60351
00003.jpg 479 93 158 158 0.60087
00003.jpg 482 93 144 118 0.59767
00003.jpg 451 79 205 245 0.59690
00003.jpg 163 98 355 281 0.59238
00003.jpg 475 86 159 156 0.59097
00003.jpg 448 130 203 301 0.58829
00003.jpg 394 77 259 364 0.58743
00003.jpg 331 98 391 348 0.58321
00003.jpg 455 96 241 264 0.57887
00003.jpg 178 74 432 387 0.57870
00003.jpg 455 93 174 141 0.57682
00003.jpg 170 77 245 233 0.57596
00003.jpg 485 98 187 243 0.57366
00003.jpg 456 91 167 126 0.57133
00003.jpg 477 87 142 146 0.56681
00003.jpg 466 93 154 121 0.56634
00003.jpg 470 94 149 131 0.56625
00003.jpg 163 76 266 272 0.56545
00003.jpg 204 64 596 375 0.56463
00003.jpg 164 57 415 355 0.56177
00003.jpg 414 105 313 323 0.56021
00003.jpg 470 89 162 144 0.55896
00003.jpg 473 94 136 135 0.55812
00003.jpg 480 89 143 149 0.55134
00003.jpg 406 104 335 313 0.54469
00003.jpg 483 84 145 136 0.53997
00003.jpg 192 72 412 326 0.53313
00003.jpg 471 107 200 332 0.53223
00003.jpg 471 91 146 142 0.53034
00003.jpg 457 103 271 271 0.52836
00003.jpg 422 75 319 364 0.52636
00003.jpg 324 65 317 377 0.52477
00003.jpg 240 108 487 349 0.52273
00003.jpg 208 79 442 348 0.52120
00003.jpg 274 70 369 332 0.51954
00003.jpg 487 90 129 132 0.51788
00003.jpg 151 87 295 253 0.51642
00003.jpg 406 77 227 376 0.51438
00003.jpg 161 112 596 308 0.51425
00003.jpg 151 78 248 259 0.50901
00003.jpg 187 80 374 313 0.50859
00003.jpg 233 62 389 395 0.50479
00003.jpg 460 129 181 279 0.50177
