00012.jpg 144 84 425 240 0.98749
00012.jpg 137 87 511 251 0.98634
00012.jpg 152 75 372 237 0.97377
00012.jpg 141 72 517 320 0.93981
00012.jpg 144 90 523 268 0.93652
00012.jpg 169 84 376 226 0.93361
00012.jpg 143 64 498 285 0.93287
00012.jpg 424 72 217 377 0.91951
00012.jpg 143 55 578 369 0.91596
00012.jpg 432 78 211 366 0.90847
00012.jpg 144 76 400 245 0.90640
00012.jpg 153 73 394 251 0.90524
00012.jpg 450 91 172 343 0.90277
00012.jpg 153 82 549 328 0.89551
00012.jpg 146 94 371 221 0.89259
00012.jpg 164 57 476 362 0.89011
00012.jpg 416 83 220 360 0.87900
00012.jpg 135 76 383 247 0.87875
00012.jpg 161 86 553 307 0.87395
00012.jpg 169 83 402 245 0.86586
00012.jpg 414 82 227 347 0.86304
00012.jpg 124 79 410 239 0.86055
00012.jpg 452 83 179 347 0.85609
00012.jpg 167 74 572 351 0.85347
00012.jpg 134 56 528 303 0.85218
00012.jpg 513 101 173 348 0.83889
00012.jpg 478 80 143 346 0.83882
00012.jpg 132 85 561 318 0.83862
00012.jpg 462 80 212 379 0.83826
00012.jpg 108 65 540 299 0.83333
00012.jpg 435 84 229 374 0.82996
00012.jpg 387 83 262 361 0.82984
00012.jpg 463 75 194 375 0.82465
00012.jpg 147 70 405 249 0.81692
00012.jpg 161 69 558 334 0.81529
00012.jpg 438 76 238 364 0.80925
00012.jpg 457 88 165 305 0.80336
00012.jpg 155 72 560 338 0.80059
00012.jpg 455 94 166 305 0.79549
00012.jpg 145 96 347 214 0.79216
00012.jpg 455 76 174 359 0.78846
00012.jpg 152 90 426 221 0.78704
00012.jpg 458 87 184 344 0.78298
00012.jpg 451 69 213 383 0.77931
00012.jpg 485 86 156 347 0.77485
00012.jpg 173 69 502 339 0.77273
00012.jpg 553 108 148 329 0.76372
00012.jpg 471 102 238 358 0.75704
00012.jpg 138 82 575 329 0.75416
00012.jpg 469 81 231 372 0.75071
00012.jpg 321 80 327 360 0.74690
00012.jpg 187 94 311 218 0.74306
00012.jpg 177 62 445 308 0.73945
00012.jpg 545 128 162 321 0.72898
00012.jpg 437 88 225 365 0.72674
00012.jpg 434 92 196 330 0.72344
00012.jpg 466 77 179 382 0.72261
00012.jpg 468 94 154 320 0.72226
00012.jpg 138 74 397 225 0.71995
00012.jpg 492 92 226 342 0.71763
00012.jpg 133 64 626 349 0.71580
00012.jpg 179 74 510 344 0.71260
00012.jpg 525 104 160 338 0.70819
00012.jpg 477 84 172 368 0.70533
00012.jpg 156 93 319 215 0.70179
00012.jpg 471 93 142 325 0.70028
00012.jpg 210 80 468 346 0.69769
00012.jpg 450 88 203 366 0.69723
00012.jpg 160 81 462 270 0.69143
00012.jpg 133 76 643 387 0.69062
00012.jpg 150 77 363 238 0.68798
00012.jpg 471 82 185 369 0.68634
00012.jpg 134 75 514 315 0.68075
00012.jpg 444 86 205 340 0.68044
00012.jpg 550 115 154 321 0.67892
00012.jpg 131 87 467 232 0.67412
00012.jpg 180 86 286 218 0.67188
00012.jpg 210 88 462 335 0.66838
00012.jpg 150 86 318 208 0.66836
00012.jpg 459 77 155 332 0.66701
00012.jpg 569 113 126 322 0.66443
00012.jpg 562 126 146 302 0.66252
00012.jpg 510 85 172 366 0.66052
00012.jpg 171 88 359 222 0.64958
00012.jpg 146 92 343 210 0.64635
00012.jpg 430 104 223 325 0.64052
00012.jpg 155 71 299 231 0.63731
00012.jpg 133 86 371 230 0.62827
00012.jpg 152 101 267 168 0.62206
00012.jpg 524 107 187 352 0.61842
00012.jpg 558 125 131 312 0.61720
00012.jpg 164 81 417 255 0.61603
00012.jpg 459 77 157 335 0.61453
00012.jpg 560 96 136 349 0.59458
00012.jpg 444 90 181 330 0.58900
00012.jpg 135 69 438 276 0.58378
00012.jpg 475 80 184 387 0.58375
00012.jpg 388 87 281 361 0.57914
00012.jpg 483 92 132 301 0.57103
00012.jpg 463 89 218 346 0.56621
00012.jpg 170 82 433 258 0.56619
00012.jpg 444 80 181 331 0.56291
00012.jpg 431 49 218 419 0.56131
00012.jpg 151 103 314 196 0.56093
00012.jpg 155 53 545 395 0.55073
00012.jpg 201 85 424 276 0.54545
00012.jpg 134 63 574 295 0.54540
00012.jpg 480 93 137 318 0.54252
00012.jpg 156 107 296 192 0.54176
00012.jpg 165 75 368 246 0.53722
00012.jpg 238 92 312 240 0.53611
00012.jpg 227 73 314 278 0.52821
00012.jpg 156 91 313 217 0.51696
00012.jpg 189 86 261 220 0.51506
00012.jpg 492 83 164 338 0.51199
00012.jpg 457 101 156 306 0.50995
00012.jpg 557 112 153 307 0.50770
00012.jpg 464 102 156 326 0.50320
00012.jpg 456 88 141 332 0.50238
