00031.jpg 99 42 605 339 0.97991
00031.jpg 126 49 539 329 0.97987
00031.jpg 143 55 353 256 0.95996
00031.jpg 136 55 445 291 0.94887
00031.jpg 143 57 500 314 0.94547
00031.jpg 135 61 566 366 0.93991
00031.jpg 138 56 481 271 0.93380
00031.jpg 165 70 472 297 0.93323
00031.jpg 146 59 502 324 0.92530
00031.jpg 430 74 175 351 0.92105
00031.jpg 149 74 357 243 0.91920
00031.jpg 163 48 476 352 0.91584
00031.jpg 428 71 181 362 0.90289
00031.jpg 140 72 413 249 0.89908
00031.jpg 146 57 480 331 0.88173
00031.jpg 452 81 193 341 0.88055
00031.jpg 453 89 138 329 0.87370
00031.jpg 417 90 257 314 0.86778
00031.jpg 164 37 490 345 0.85901
00031.jpg 458 85 155 335 0.85639
00031.jpg 446 85 204 335 0.84772
00031.jpg 144 67 351 245 0.84005
00031.jpg 454 75 134 331 0.83999
00031.jpg 139 40 377 283 0.83669
00031.jpg 528 134 162 225 0.83337
00031.jpg 184 45 466 396 0.82795
00031.jpg 134 50 396 276 0.82042
00031.jpg 156 59 512 344 0.81653
00031.jpg 136 58 341 256 0.81553
00031.jpg 462 91 165 327 0.80493
00031.jpg 526 122 158 258 0.80344
00031.jpg 139 61 390 245 0.80284
00031.jpg 151 67 327 246 0.79632
00031.jpg 131 66 355 254 0.79631
00031.jpg 514 115 165 266 0.78101
00031.jpg 443 80 161 336 0.77853
00031.jpg 175 43 465 346 0.77712
00031.jpg 514 113 151 268 0.77674
00031.jpg 125 43 462 342 0.77541
00031.jpg 139 73 385 250 0.75847
00031.jpg 149 77 451 274 0.74154
00031.jpg 113 63 611 377 0.73565
00031.jpg 502 119 183 253 0.73377
00031.jpg 125 40 556 321 0.72917
00031.jpg 127 49 411 273 0.72762
00031.jpg 149 66 343 254 0.72487
00031.jpg 146 54 319 257 0.72274
00031.jpg 142 88 502 332 0.72175
00031.jpg 148 52 428 307 0.72114
00031.jpg 423 71 174 352 0.71965
00031.jpg 483 107 158 302 0.71947
00031.jpg 514 104 155 285 0.71304
00031.jpg 401 80 277 332 0.70678
00031.jpg 556 147 123 145 0.70304
00031.jpg 495 120 151 286 0.69916
00031.jpg 135 69 514 323 0.69729
00031.jpg 523 128 153 279 0.69244
00031.jpg 186 69 449 344 0.68743
00031.jpg 151 41 448 308 0.68663
00031.jpg 171 54 374 299 0.68619
00031.jpg 410 106 296 291 0.68594
00031.jpg 109 50 617 355 0.68592
00031.jpg 495 122 188 291 0.67942
00031.jpg 552 156 122 159 0.67874
00031.jpg 462 81 150 326 0.67653
00031.jpg 168 70 362 263 0.67580
00031.jpg 268 70 430 351 0.67418
00031.jpg 455 85 168 342 0.67203
00031.jpg 457 72 128 341 0.66628
00031.jpg 511 137 158 279 0.66552
00031.jpg 530 111 150 259 0.66338
00031.jpg 440 80 161 347 0.66077
00031.jpg 524 133 163 252 0.66076
00031.jpg 141 69 333 249 0.65738
00031.jpg 489 126 172 274 0.65651
00031.jpg 140 52 449 282 0.65543
00031.jpg 514 103 170 260 0.64002
00031.jpg 443 107 182 312 0.63971
00031.jpg 271 76 356 346 0.63813
00031.jpg 124 56 530 273 0.63776
00031.jpg 547 146 133 186 0.63636
00031.jpg 153 73 334 247 0.62751
00031.jpg 472 109 143 310 0.62587
00031.jpg 547 143 142 156 0.62176
00031.jpg 144 75 325 238 0.61974
00031.jpg 449 85 139 340 0.61944
00031.jpg 489 94 170 333 0.61057
00031.jpg 153 78 282 216 0.60581
00031.jpg 396 71 205 363 0.60477
00031.jpg 533 109 144 247 0.60193
00031.jpg 457 81 231 325 0.60188
00031.jpg 554 150 139 163 0.60055
00031.jpg 465 87 143 306 0.59494
00031.jpg 350 69 296 351 0.59380
00031.jpg 536 150 141 149 0.58916
00031.jpg 556 145 118 177 0.58508
00031.jpg 474 143 238 239 0.58507
00031.jpg 396 73 208 356 0.58390
00031.jpg 500 133 203 270 0.57933
00031.jpg 169 62 370 289 0.57598
00031.jpg 552 144 128 148 0.57367
00031.jpg 99 71 586 324 0.57015
00031.jpg 535 143 154 180 0.56328
00031.jpg 555 147 138 158 0.56105
00031.jpg 546 136 144 230 0.55909
00031.jpg 567 143 95 131 0.55177
00031.jpg 489 113 172 313 0.54577
00031.jpg 202 64 261 245 0.54088
00031.jpg 559 146 122 162 0.54038
00031.jpg 229 61 368 359 0.53941
00031.jpg 558 155 130 153 0.53099
00031.jpg 543 146 135 172 0.53084
00031.jpg 551 136 131 156 0.52156
00031.jpg 535 149 148 211 0.52027
00031.jpg 103 47 614 382 0.51933
00031.jpg 443 71 149 326 0.51892
00031.jpg 175 46 442 374 0.51850
00031.jpg 227 62 352 351 0.51675
00031.jpg 478 95 217 325 0.51317
00031.jpg 582 146 64 78 0.51170
00031.jpg 130 59 308 241 0.50852
00031.jpg 556 148 112 132 0.50709
00031.jpg 172 60 484 346 0.50632
00031.jpg 176 60 363 324 0.50442
00031.jpg 317 63 307 343 0.50314
00031.jpg 588 146 48 55 0.50029
00031.jpg 584 145 59 61 0.49940
