00003.jpg 413 255 304 260 0.99921
00003.jpg 415 259 300 268 0.99892
00003.jpg 413 259 304 266 0.99883
00003.jpg 394 269 328 245 0.99874
00003.jpg 427 262 274 257 0.99724
00003.jpg 420 262 291 261 0.99634
00003.jpg 407 267 306 257 0.99565
00003.jpg 416 269 309 254 0.99550
00003.jpg 409 270 310 256 0.99545
00003.jpg 428 279 296 251 0.99537
00003.jpg 412 264 302 255 0.99505
00003.jpg 419 261 301 266 0.99479
00003.jpg 422 270 289 254 0.99448
00003.jpg 437 272 278 264 0.99318
00003.jpg 426 259 277 269 0.99273
00003.jpg 420 261 286 261 0.99266
00003.jpg 430 8 139 358 0.99252
00003.jpg 434 8 129 349 0.99246
00003.jpg 430 9 130 352 0.99242
00003.jpg 406 254 309 273 0.99233
00003.jpg 416 260 305 256 0.99183
00003.jpg 413 263 313 253 0.99183
00003.jpg 433 4 132 363 0.99014
00003.jpg 430 1 134 354 0.98970
00003.jpg 400 260 330 275 0.98969
00003.jpg 436 3 132 358 0.98845
00003.jpg 415 272 305 252 0.98773
00003.jpg 403 261 309 258 0.98760
00003.jpg 416 254 304 265 0.98715
00003.jpg 424 5 147 341 0.98701
00003.jpg 433 6 138 345 0.98692
00003.jpg 420 263 292 270 0.98621
00003.jpg 430 19 132 345 0.98567
00003.jpg 442 256 268 281 0.98559
00003.jpg 424 262 284 268 0.98506
00003.jpg 432 1 134 359 0.98379
00003.jpg 432 0 135 365 0.98362
00003.jpg 432 9 136 347 0.98294
00003.jpg 405 254 307 277 0.98094
00003.jpg 433 5 134 361 0.97980
00003.jpg 414 264 302 261 0.97675
00003.jpg 421 260 297 267 0.97613
00003.jpg 415 269 288 249 0.97485
00003.jpg 424 0 150 358 0.97453
00003.jpg 427 266 279 254 0.97424
00003.jpg 437 0 131 375 0.97409
00003.jpg 421 8 146 345 0.97346
00003.jpg 433 258 277 276 0.97238
00003.jpg 430 19 134 356 0.97236
00003.jpg 433 1 136 356 0.97176
00003.jpg 428 13 152 355 0.97129
00003.jpg 433 13 137 337 0.96895
00003.jpg 432 5 130 356 0.96836
00003.jpg 425 278 292 253 0.96707
00003.jpg 412 271 309 256 0.96606
00003.jpg 431 257 277 268 0.96593
00003.jpg 432 2 136 358 0.96555
00003.jpg 436 11 133 343 0.96520
00003.jpg 404 267 316 252 0.96475
00003.jpg 403 257 319 271 0.96470
00003.jpg 427 0 139 361 0.96409
00003.jpg 428 0 148 365 0.96374
00003.jpg 411 272 309 246 0.96129
00003.jpg 424 0 146 365 0.96055
00003.jpg 434 12 130 352 0.96009
00003.jpg 438 0 126 378 0.95346
00003.jpg 413 259 303 268 0.95113
00003.jpg 435 12 132 353 0.94564
00003.jpg 430 10 133 352 0.94454
00003.jpg 430 5 153 346 0.94419
00003.jpg 411 277 306 249 0.94398
00003.jpg 439 2 122 351 0.94370
00003.jpg 434 3 129 369 0.94142
00003.jpg 435 1 133 362 0.93924
00003.jpg 407 261 307 260 0.93690
00003.jpg 396 267 318 252 0.93483
00003.jpg 427 13 141 345 0.93432
00003.jpg 431 1 129 360 0.93041
00003.jpg 430 1 134 361 0.93018
00003.jpg 433 0 136 362 0.92590
00003.jpg 403 255 323 275 0.91129
00003.jpg 426 6 152 350 0.89558
00003.jpg 393 254 340 257 0.89446
00003.jpg 417 269 303 257 0.89384
00003.jpg 410 266 311 271 0.89331
00003.jpg 421 253 306 265 0.89195
00003.jpg 401 268 334 247 0.88376
00003.jpg 424 266 292 265 0.88035
00003.jpg 428 0 146 360 0.88000
00003.jpg 434 10 141 345 0.87834
00003.jpg 435 3 136 351 0.87736
00003.jpg 435 0 130 362 0.87732
00003.jpg 419 267 297 260 0.86262
00003.jpg 429 252 280 278 0.85532
00003.jpg 436 9 134 343 0.85471
00003.jpg 408 245 319 290 0.85196
00003.jpg 433 12 135 354 0.83943
00003.jpg 430 278 291 259 0.83429
00003.jpg 433 11 134 351 0.83374
00003.jpg 444 2 138 358 0.82935
00003.jpg 397 266 329 264 0.81675
00003.jpg 420 267 289 270 0.81202
00003.jpg 421 267 314 257 0.81112
00003.jpg 417 269 310 268 0.77487
00003.jpg 440 8 125 354 0.75078
00003.jpg 429 1 136 359 0.74050
00003.jpg 410 274 330 251 0.73684
00003.jpg 439 0 125 369 0.72285
00003.jpg 407 267 324 244 0.72116
00003.jpg 430 269 284 269 0.71554
00003.jpg 412 251 316 283 0.68124
00003.jpg 428 270 252 257 0.67876
00003.jpg 442 0 154 357 0.67381
00003.jpg 425 249 304 269 0.66812
00003.jpg 437 2 120 356 0.66189
00003.jpg 430 5 140 346 0.65858
00003.jpg 438 0 120 355 0.65540
00003.jpg 437 11 148 322 0.65396
00003.jpg 439 3 125 357 0.64369
00003.jpg 417 266 279 255 0.63884
00003.jpg 402 254 309 269 0.63578
00003.jpg 434 13 139 341 0.62391
00003.jpg 433 0 129 374 0.60487
00003.jpg 432 1 172 380 0.58568
00003.jpg 427 20 153 320 0.57469
00003.jpg 435 4 130 347 0.57250
00003.jpg 410 1 170 377 0.51849
