00011.jpg 407 300 296 211 0.99606
00011.jpg 446 26 141 411 0.99592
00011.jpg 415 306 305 207 0.99308
00011.jpg 404 304 304 228 0.99281
00011.jpg 403 301 317 225 0.99039
00011.jpg 409 306 292 207 0.99007
00011.jpg 411 310 298 209 0.98958
00011.jpg 435 24 166 414 0.98899
00011.jpg 409 304 302 217 0.98742
00011.jpg 406 302 300 223 0.98470
00011.jpg 408 301 305 220 0.98358
00011.jpg 452 23 141 425 0.98280
00011.jpg 411 301 304 214 0.98279
00011.jpg 400 307 308 214 0.98246
00011.jpg 401 299 313 225 0.98142
00011.jpg 420 296 284 236 0.98120
00011.jpg 412 298 306 231 0.98119
00011.jpg 418 300 289 218 0.98083
00011.jpg 408 309 302 223 0.97529
00011.jpg 401 300 324 226 0.97469
00011.jpg 412 312 304 207 0.97307
00011.jpg 409 304 307 223 0.97302
00011.jpg 422 312 286 200 0.97064
00011.jpg 410 292 304 224 0.96738
00011.jpg 448 27 139 382 0.96518
00011.jpg 453 25 132 405 0.96379
00011.jpg 401 304 305 207 0.96272
00011.jpg 429 26 161 415 0.96221
00011.jpg 418 302 292 212 0.96193
00011.jpg 450 8 135 433 0.95775
00011.jpg 446 23 138 404 0.95727
00011.jpg 432 22 166 447 0.95612
00011.jpg 443 28 145 379 0.95302
00011.jpg 424 295 274 230 0.95201
00011.jpg 402 308 324 223 0.94948
00011.jpg 450 17 140 408 0.94728
00011.jpg 452 31 128 401 0.94268
00011.jpg 400 308 311 221 0.94030
00011.jpg 397 312 307 211 0.94030
00011.jpg 454 18 133 418 0.93980
00011.jpg 447 17 137 410 0.93557
00011.jpg 447 19 145 400 0.92984
00011.jpg 392 305 336 218 0.92819
00011.jpg 446 21 140 399 0.92752
00011.jpg 408 287 302 225 0.92662
00011.jpg 412 300 293 223 0.92224
00011.jpg 418 230 282 271 0.91824
00011.jpg 448 22 142 399 0.91332
00011.jpg 417 168 254 321 0.90990
00011.jpg 454 16 130 413 0.90210
00011.jpg 399 304 324 219 0.90197
00011.jpg 401 303 323 214 0.89295
00011.jpg 404 301 284 222 0.89144
00011.jpg 396 296 320 221 0.88953
00011.jpg 396 299 327 213 0.88850
00011.jpg 404 308 313 215 0.88778
00011.jpg 401 313 308 218 0.88636
00011.jpg 452 22 145 418 0.88355
00011.jpg 412 89 246 393 0.88284
00011.jpg 383 294 341 228 0.87823
00011.jpg 454 19 134 404 0.87567
00011.jpg 452 29 130 393 0.87057
00011.jpg 391 264 317 253 0.86972
00011.jpg 392 311 329 222 0.86177
00011.jpg 431 0 188 494 0.85560
00011.jpg 402 305 318 222 0.84906
00011.jpg 405 306 300 210 0.84645
00011.jpg 441 47 150 370 0.84346
00011.jpg 451 33 133 383 0.84155
00011.jpg 454 16 133 413 0.83598
00011.jpg 411 311 274 223 0.83506
00011.jpg 449 31 129 388 0.83447
00011.jpg 400 308 329 229 0.83437
00011.jpg 446 25 134 379 0.82868
00011.jpg 400 304 318 214 0.82701
00011.jpg 444 22 145 405 0.82635
00011.jpg 417 0 211 526 0.82526
00011.jpg 457 23 124 384 0.82380
00011.jpg 411 306 309 217 0.82377
00011.jpg 448 27 130 388 0.81535
00011.jpg 411 306 275 228 0.81004
00011.jpg 461 49 134 343 0.80503
00011.jpg 419 7 194 479 0.78613
00011.jpg 422 11 170 462 0.78544
00011.jpg 437 27 181 436 0.78300
00011.jpg 424 34 198 448 0.78276
00011.jpg 429 67 163 330 0.77817
00011.jpg 406 309 308 218 0.76618
00011.jpg 448 32 130 386 0.75714
00011.jpg 418 44 189 415 0.75093
00011.jpg 401 320 322 202 0.73186
00011.jpg 409 297 311 232 0.73011
00011.jpg 442 20 136 428 0.71963
00011.jpg 419 141 270 356 0.70098
00011.jpg 410 300 305 207 0.68767
00011.jpg 415 296 304 234 0.67904
00011.jpg 402 313 306 203 0.67851
00011.jpg 388 287 342 218 0.66966
00011.jpg 422 314 290 218 0.66876
00011.jpg 446 32 134 387 0.66009
00011.jpg 399 314 315 224 0.65977
00011.jpg 428 25 162 394 0.65949
00011.jpg 433 17 153 431 0.65548
00011.jpg 432 42 234 456 0.65070
00011.jpg 446 28 128 371 0.64101
00011.jpg 432 57 158 367 0.63994
00011.jpg 456 29 129 390 0.63183
00011.jpg 455 20 129 398 0.62904
00011.jpg 389 241 300 266 0.60097
00011.jpg 406 317 266 217 0.60068
00011.jpg 407 298 311 234 0.59578
00011.jpg 404 311 318 217 0.58993
00011.jpg 451 31 132 373 0.58366
00011.jpg 441 55 146 366 0.55825
00011.jpg 413 299 280 226 0.55175
00011.jpg 414 314 306 222 0.54942
00011.jpg 402 322 311 205 0.54557
00011.jpg 455 14 125 400 0.54551
00011.jpg 451 23 141 382 0.53959
00011.jpg 449 23 133 389 0.53735
00011.jpg 444 0 205 476 0.53475
00011.jpg 406 313 291 213 0.53451
00011.jpg 422 314 302 204 0.52712
00011.jpg 459 22 128 399 0.51814
00011.jpg 408 315 306 213 0.50889
00011.jpg 386 305 304 205 0.50738
00011.jpg 430 18 205 405 0.50424
00011.jpg 416 309 292 211 0.50239
