00029.jpg 454 39 221 483 0.99966
00029.jpg 454 38 224 478 0.99929
00029.jpg 466 39 214 482 0.99905
00029.jpg 450 26 232 504 0.99895
00029.jpg 452 15 232 522 0.99894
00029.jpg 449 41 218 487 0.99890
00029.jpg 445 35 220 493 0.99881
00029.jpg 463 23 212 505 0.99867
00029.jpg 447 36 233 495 0.99840
00029.jpg 459 45 204 473 0.99832
00029.jpg 451 33 227 503 0.99829
00029.jpg 451 25 229 514 0.99826
00029.jpg 450 30 221 495 0.99805
00029.jpg 456 40 208 483 0.99791
00029.jpg 448 25 228 498 0.99790
00029.jpg 455 28 214 511 0.99789
00029.jpg 458 39 215 492 0.99771
00029.jpg 446 36 229 486 0.99738
00029.jpg 454 21 222 509 0.99715
00029.jpg 458 31 215 501 0.99710
00029.jpg 458 32 224 491 0.99706
00029.jpg 455 32 209 487 0.99595
00029.jpg 457 31 220 500 0.99520
00029.jpg 440 42 234 482 0.99497
00029.jpg 453 27 229 497 0.99406
00029.jpg 454 25 231 508 0.99378
00029.jpg 441 48 232 474 0.99362
00029.jpg 458 24 215 501 0.99169
00029.jpg 440 26 241 507 0.99086
00029.jpg 447 28 215 498 0.99069
00029.jpg 456 38 218 479 0.98929
00029.jpg 458 31 213 499 0.98812
00029.jpg 457 28 218 506 0.97951
00029.jpg 443 31 236 498 0.97786
00029.jpg 454 40 219 478 0.97694
00029.jpg 461 43 205 485 0.97694
00029.jpg 466 44 202 487 0.97497
00029.jpg 446 38 228 493 0.97418
00029.jpg 462 24 198 506 0.97124
00029.jpg 450 29 228 494 0.97084
00029.jpg 452 4 216 528 0.96789
00029.jpg 448 25 218 506 0.96180
00029.jpg 460 30 217 497 0.96088
00029.jpg 458 20 207 518 0.95821
00029.jpg 446 27 221 512 0.93242
00029.jpg 453 25 224 495 0.91557
00029.jpg 451 43 223 481 0.90158
00029.jpg 451 53 226 463 0.89084
00029.jpg 464 39 211 480 0.87272
00029.jpg 450 35 227 484 0.84445
00029.jpg 450 28 213 502 0.82471
00029.jpg 469 34 208 493 0.82330
00029.jpg 445 37 232 482 0.79894
00029.jpg 440 39 239 497 0.78910
00029.jpg 452 34 218 502 0.78878
00029.jpg 447 34 215 497 0.78323
00029.jpg 455 29 212 510 0.74819
00029.jpg 467 34 199 488 0.71314
00029.jpg 461 41 204 480 0.66459
00029.jpg 465 47 201 474 0.62826
00029.jpg 456 47 203 480 0.54774
00029.jpg 457 43 217 473 0.54603
00029.jpg 451 43 212 486 0.53205
00029.jpg 434 38 244 480 0.50442
