00021.jpg 434 216 269 312 0.99734
00021.jpg 430 199 280 325 0.99210
00021.jpg 457 36 237 310 0.98374
00021.jpg 434 210 278 317 0.98265
00021.jpg 479 34 189 288 0.98062
00021.jpg 433 213 285 303 0.98027
00021.jpg 447 216 257 311 0.97975
00021.jpg 423 207 291 311 0.97708
00021.jpg 449 217 259 299 0.97526
00021.jpg 441 222 273 304 0.97491
00021.jpg 430 203 275 307 0.97471
00021.jpg 445 210 258 306 0.97416
00021.jpg 461 34 213 292 0.97368
00021.jpg 442 207 263 320 0.97166
00021.jpg 471 36 195 271 0.97066
00021.jpg 431 204 281 329 0.96944
00021.jpg 447 210 266 310 0.96738
00021.jpg 475 29 189 278 0.96707
00021.jpg 434 215 275 307 0.96539
00021.jpg 439 198 270 338 0.96474
00021.jpg 429 211 289 308 0.96287
00021.jpg 470 35 202 286 0.96269
00021.jpg 446 215 273 312 0.95978
00021.jpg 450 209 273 325 0.95873
00021.jpg 442 205 276 321 0.95617
00021.jpg 434 212 279 304 0.95278
00021.jpg 452 210 255 304 0.95252
00021.jpg 430 222 292 300 0.95185
00021.jpg 471 26 186 291 0.95002
00021.jpg 467 30 201 296 0.94942
00021.jpg 422 216 300 305 0.94522
00021.jpg 448 215 274 296 0.94344
00021.jpg 451 25 231 368 0.94152
00021.jpg 469 36 195 287 0.94025
00021.jpg 447 209 268 317 0.93968
00021.jpg 475 27 202 330 0.93713
00021.jpg 425 64 276 431 0.93709
00021.jpg 450 205 259 324 0.93702
00021.jpg 457 214 256 315 0.93565
00021.jpg 476 26 194 293 0.92807
00021.jpg 430 189 267 327 0.92778
00021.jpg 476 32 187 278 0.92170
00021.jpg 466 36 194 263 0.91552
00021.jpg 424 207 298 318 0.91532
00021.jpg 409 136 297 392 0.91395
00021.jpg 433 209 271 319 0.91346
00021.jpg 438 228 276 304 0.91246
00021.jpg 450 209 249 306 0.90014
00021.jpg 427 185 293 350 0.89799
00021.jpg 459 21 207 318 0.89781
00021.jpg 480 31 195 288 0.89751
00021.jpg 472 37 194 280 0.89749
00021.jpg 443 52 240 455 0.89241
00021.jpg 437 197 285 331 0.89142
00021.jpg 459 203 243 327 0.88748
00021.jpg 477 23 196 286 0.88374
00021.jpg 428 109 291 364 0.88301
00021.jpg 476 56 181 247 0.87902
00021.jpg 470 35 196 267 0.87855
00021.jpg 472 25 193 290 0.87654
00021.jpg 475 37 186 285 0.87429
00021.jpg 475 36 189 279 0.87258
00021.jpg 467 43 197 252 0.86713
00021.jpg 440 38 231 312 0.86575
00021.jpg 474 31 194 299 0.86149
00021.jpg 435 60 257 308 0.86095
00021.jpg 469 40 193 275 0.85398
00021.jpg 443 212 263 301 0.84634
00021.jpg 471 39 186 272 0.84429
00021.jpg 451 34 218 281 0.84281
00021.jpg 434 212 293 311 0.84216
00021.jpg 468 29 206 324 0.84102
00021.jpg 423 80 278 446 0.84017
00021.jpg 456 28 217 290 0.83903
00021.jpg 451 44 234 313 0.83746
00021.jpg 475 42 189 261 0.83620
00021.jpg 394 156 322 372 0.82474
00021.jpg 465 22 198 320 0.82223
00021.jpg 442 226 262 266 0.82052
00021.jpg 427 85 268 284 0.80852
00021.jpg 466 28 193 299 0.80442
00021.jpg 471 36 192 259 0.80232
00021.jpg 473 30 195 267 0.79822
00021.jpg 477 32 179 299 0.79515
00021.jpg 420 197 298 332 0.79160
00021.jpg 426 189 280 336 0.78866
00021.jpg 410 113 314 394 0.78820
00021.jpg 423 65 264 443 0.78513
00021.jpg 466 32 195 285 0.78340
00021.jpg 474 106 235 433 0.75510
00021.jpg 474 30 191 289 0.75366
00021.jpg 465 212 245 326 0.74756
00021.jpg 475 33 191 293 0.73977
00021.jpg 419 183 280 334 0.73449
00021.jpg 437 51 240 279 0.71726
00021.jpg 399 94 313 352 0.71646
00021.jpg 467 34 185 291 0.70036
00021.jpg 482 30 183 273 0.69749
00021.jpg 453 216 259 316 0.69484
00021.jpg 453 207 255 321 0.69347
00021.jpg 464 224 242 303 0.69310
00021.jpg 489 31 179 275 0.68554
00021.jpg 451 28 209 310 0.67922
00021.jpg 486 35 173 268 0.67590
00021.jpg 462 31 205 267 0.66991
00021.jpg 428 27 260 464 0.66434
00021.jpg 450 207 261 299 0.66368
00021.jpg 466 225 250 312 0.66309
00021.jpg 458 19 204 323 0.65378
00021.jpg 439 227 271 288 0.65078
00021.jpg 457 237 254 282 0.65038
00021.jpg 408 94 294 436 0.64882
00021.jpg 482 38 178 264 0.64054
00021.jpg 446 46 227 265 0.61725
00021.jpg 477 18 177 306 0.61406
00021.jpg 442 32 270 471 0.60185
00021.jpg 469 212 242 325 0.59763
00021.jpg 421 147 279 379 0.59042
00021.jpg 408 208 294 301 0.58051
00021.jpg 477 35 191 303 0.57832
00021.jpg 472 66 216 226 0.57546
00021.jpg 472 32 191 282 0.57347
00021.jpg 476 44 188 245 0.57290
00021.jpg 475 221 241 318 0.56814
00021.jpg 419 25 244 436 0.55881
00021.jpg 443 219 266 304 0.55399
00021.jpg 472 14 221 321 0.54342
00021.jpg 421 78 252 456 0.50761
