00033.jpg 422 0 239 538 0.99982
00033.jpg 407 0 248 538 0.99970
00033.jpg 401 0 269 522 0.99942
00033.jpg 411 0 241 525 0.99913
00033.jpg 416 5 243 526 0.99904
00033.jpg 414 0 254 520 0.99891
00033.jpg 423 0 247 533 0.99889
00033.jpg 408 0 246 535 0.99846
00033.jpg 424 2 221 513 0.99832
00033.jpg 418 0 230 524 0.99820
00033.jpg 410 11 247 520 0.99766
00033.jpg 406 7 253 513 0.99764
00033.jpg 414 5 238 513 0.99724
00033.jpg 410 0 237 521 0.99718
00033.jpg 424 0 230 521 0.99692
00033.jpg 416 0 248 528 0.99651
00033.jpg 423 0 235 521 0.99649
00033.jpg 426 0 219 532 0.99648
00033.jpg 425 0 225 526 0.99647
00033.jpg 416 1 240 522 0.99619
00033.jpg 424 9 229 515 0.99558
00033.jpg 410 0 252 530 0.99480
00033.jpg 415 9 248 497 0.99442
00033.jpg 412 0 248 539 0.99388
00033.jpg 419 0 222 521 0.99255
00033.jpg 417 2 234 537 0.99246
00033.jpg 406 3 255 518 0.99111
00033.jpg 418 0 229 524 0.99069
00033.jpg 411 0 243 522 0.99032
00033.jpg 411 3 241 516 0.99023
00033.jpg 417 2 238 517 0.99014
00033.jpg 425 0 225 520 0.99000
00033.jpg 423 0 225 531 0.98496
00033.jpg 419 2 218 512 0.98348
00033.jpg 412 0 242 524 0.98249
00033.jpg 406 15 264 503 0.98090
00033.jpg 410 2 253 529 0.97827
00033.jpg 410 5 258 507 0.97732
00033.jpg 419 0 228 531 0.97594
00033.jpg 422 0 223 531 0.97280
00033.jpg 413 6 243 519 0.96654
00033.jpg 418 6 260 506 0.95269
00033.jpg 413 6 234 516 0.95253
00033.jpg 423 8 230 518 0.94696
00033.jpg 416 3 239 520 0.92908
00033.jpg 414 0 245 520 0.91914
00033.jpg 409 12 253 499 0.91396
00033.jpg 412 0 244 528 0.90499
00033.jpg 414 2 247 505 0.88369
00033.jpg 419 0 230 531 0.87911
00033.jpg 424 1 230 523 0.86163
00033.jpg 413 4 238 514 0.86011
00033.jpg 417 0 232 524 0.84895
00033.jpg 433 0 218 532 0.83543
00033.jpg 425 0 220 517 0.70024
00033.jpg 415 0 243 512 0.68242
00033.jpg 410 3 239 513 0.65146
00033.jpg 422 0 224 532 0.62801
00033.jpg 404 11 242 491 0.54070
00033.jpg 421 0 234 514 0.52108
00033.jpg 434 0 215 483 0.51617
00033.jpg 432 2 218 507 0.50204
