00008.jpg 596 154 206 326 0.99969
00008.jpg 584 164 220 297 0.99964
00008.jpg 589 171 216 302 0.99956
00008.jpg 578 168 212 307 0.99954
00008.jpg 587 162 216 318 0.99935
00008.jpg 580 160 225 309 0.99905
00008.jpg 586 168 215 286 0.99897
00008.jpg 586 151 223 327 0.99891
00008.jpg 591 162 208 309 0.99884
00008.jpg 580 163 241 302 0.99869
00008.jpg 592 153 208 318 0.99775
00008.jpg 312 183 134 165 0.99765
00008.jpg 583 165 216 300 0.99742
00008.jpg 596 159 206 310 0.99714
00008.jpg 310 190 144 152 0.99714
00008.jpg 591 149 211 332 0.99703
00008.jpg 293 159 63 155 0.99675
00008.jpg 884 214 56 119 0.99648
00008.jpg 574 160 236 320 0.99646
00008.jpg 776 299 79 100 0.99587
00008.jpg 882 214 55 112 0.99577
00008.jpg 316 183 132 167 0.99547
00008.jpg 596 157 201 330 0.99540
00008.jpg 884 216 51 110 0.99483
00008.jpg 317 187 131 162 0.99472
00008.jpg 318 187 132 155 0.99417
00008.jpg 583 165 229 314 0.99388
00008.jpg 581 159 228 312 0.99376
00008.jpg 586 160 210 318 0.99358
00008.jpg 578 159 221 322 0.99352
00008.jpg 580 168 226 312 0.99328
00008.jpg 318 191 136 154 0.99325
00008.jpg 589 160 200 312 0.99323
00008.jpg 599 168 201 307 0.99314
00008.jpg 581 173 218 302 0.99305
00008.jpg 885 218 53 112 0.99257
00008.jpg 595 170 201 301 0.99244
00008.jpg 577 167 226 305 0.99241
00008.jpg 584 169 215 303 0.99238
00008.jpg 576 164 224 314 0.99234
00008.jpg 597 166 189 316 0.99221
00008.jpg 589 157 226 320 0.99214
00008.jpg 585 169 212 305 0.99208
00008.jpg 884 214 56 111 0.99206
00008.jpg 775 306 87 88 0.99205
00008.jpg 882 218 55 111 0.99122
00008.jpg 315 178 139 165 0.99108
00008.jpg 880 216 55 112 0.99039
00008.jpg 307 185 144 158 0.99027
00008.jpg 585 154 221 331 0.98995
00008.jpg 882 216 57 114 0.98978
00008.jpg 296 157 58 160 0.98972
00008.jpg 883 215 54 110 0.98971
00008.jpg 590 168 211 314 0.98936
00008.jpg 881 213 54 115 0.98936
00008.jpg 883 213 52 118 0.98920
00008.jpg 882 214 59 115 0.98909
00008.jpg 293 158 63 161 0.98873
00008.jpg 578 174 218 291 0.98872
00008.jpg 292 156 67 159 0.98858
00008.jpg 312 188 143 155 0.98802
00008.jpg 777 297 81 101 0.98760
00008.jpg 581 158 224 317 0.98694
00008.jpg 884 212 50 119 0.98634
00008.jpg 570 173 228 291 0.98625
00008.jpg 582 167 216 304 0.98620
00008.jpg 884 214 53 115 0.98605
00008.jpg 297 161 57 162 0.98516
00008.jpg 319 186 138 160 0.98515
00008.jpg 775 301 88 96 0.98431
00008.jpg 885 214 53 121 0.98421
00008.jpg 296 156 58 160 0.98373
00008.jpg 290 158 70 163 0.98355
00008.jpg 312 188 145 156 0.98339
00008.jpg 296 159 53 158 0.98335
00008.jpg 883 215 55 111 0.98291
00008.jpg 881 214 54 116 0.98149
00008.jpg 591 162 207 316 0.98084
00008.jpg 314 186 137 161 0.98040
00008.jpg 883 215 54 108 0.98039
00008.jpg 317 181 131 166 0.98027
00008.jpg 318 190 134 155 0.97986
00008.jpg 882 214 55 115 0.97941
00008.jpg 775 190 56 144 0.97932
00008.jpg 296 155 63 169 0.97917
00008.jpg 293 154 67 165 0.97882
00008.jpg 314 188 137 151 0.97839
00008.jpg 293 159 64 162 0.97729
00008.jpg 882 219 56 107 0.97689
00008.jpg 882 214 56 114 0.97670
00008.jpg 292 158 65 160 0.97657
00008.jpg 320 182 133 161 0.97609
00008.jpg 310 182 148 160 0.97609
00008.jpg 313 189 142 160 0.97562
00008.jpg 294 159 63 158 0.97516
00008.jpg 303 185 150 153 0.97408
00008.jpg 315 185 134 162 0.97316
00008.jpg 296 155 60 167 0.97189
00008.jpg 292 156 67 166 0.97136
00008.jpg 884 216 49 110 0.97124
00008.jpg 290 155 73 162 0.96949
00008.jpg 294 157 62 159 0.96795
00008.jpg 312 184 139 161 0.96771
00008.jpg 778 302 82 94 0.96768
00008.jpg 881 216 55 110 0.96637
00008.jpg 291 158 64 162 0.96442
00008.jpg 294 159 64 160 0.96413
00008.jpg 295 160 62 158 0.96355
00008.jpg 293 152 63 172 0.96279
00008.jpg 316 189 134 159 0.96276
00008.jpg 880 217 58 111 0.96156
00008.jpg 317 190 131 155 0.96154
00008.jpg 780 299 79 101 0.96038
00008.jpg 291 161 65 157 0.96027
00008.jpg 775 302 81 100 0.96011
00008.jpg 311 191 139 152 0.95873
00008.jpg 291 162 68 156 0.95871
00008.jpg 777 191 53 140 0.95858
00008.jpg 881 213 57 118 0.95853
00008.jpg 881 215 56 117 0.95805
00008.jpg 316 191 138 155 0.95721
00008.jpg 582 148 224 337 0.95705
00008.jpg 885 222 55 105 0.95656
00008.jpg 776 292 85 106 0.95578
00008.jpg 885 218 53 110 0.95454
00008.jpg 598 159 193 316 0.95344
00008.jpg 776 294 84 111 0.95301
00008.jpg 882 217 52 109 0.95280
00008.jpg 313 191 143 151 0.95262
00008.jpg 588 164 208 313 0.95128
00008.jpg 307 187 143 161 0.95112
00008.jpg 581 158 228 316 0.94999
00008.jpg 586 168 203 303 0.94952
00008.jpg 322 185 130 160 0.94948
00008.jpg 583 159 225 312 0.94713
00008.jpg 881 214 54 113 0.94676
00008.jpg 292 161 68 150 0.94633
00008.jpg 880 215 58 117 0.94611
00008.jpg 293 158 63 156 0.94417
00008.jpg 884 216 52 107 0.94289
00008.jpg 292 158 67 159 0.94263
00008.jpg 294 158 61 161 0.94237
00008.jpg 315 185 138 157 0.94214
00008.jpg 585 183 224 281 0.94133
00008.jpg 309 185 138 158 0.94095
00008.jpg 320 188 132 156 0.93702
00008.jpg 313 193 138 154 0.93634
00008.jpg 776 297 84 106 0.93619
00008.jpg 885 217 53 113 0.93602
00008.jpg 578 163 221 324 0.93414
00008.jpg 591 167 210 310 0.93407
00008.jpg 582 161 223 302 0.93362
00008.jpg 321 191 126 152 0.93231
00008.jpg 778 191 60 153 0.93229
00008.jpg 777 302 78 96 0.93102
00008.jpg 776 298 77 98 0.93025
00008.jpg 323 191 123 150 0.92963
00008.jpg 297 159 56 156 0.92948
00008.jpg 881 214 59 114 0.92720
00008.jpg 294 160 60 157 0.92695
00008.jpg 777 189 52 138 0.92651
00008.jpg 297 162 56 158 0.92430
00008.jpg 291 162 68 151 0.92191
00008.jpg 776 193 61 148 0.92172
00008.jpg 294 161 60 160 0.91832
00008.jpg 587 167 211 308 0.91573
00008.jpg 312 181 132 159 0.91529
00008.jpg 825 205 34 105 0.91495
00008.jpg 883 215 55 108 0.91483
00008.jpg 310 190 137 151 0.91408
00008.jpg 299 181 157 166 0.91376
00008.jpg 308 187 142 161 0.91353
00008.jpg 584 166 220 311 0.91305
00008.jpg 778 196 58 126 0.91143
00008.jpg 774 297 85 100 0.91045
00008.jpg 778 290 75 105 0.90924
00008.jpg 292 157 66 169 0.90846
00008.jpg 292 154 62 164 0.90758
00008.jpg 776 299 81 103 0.90702
00008.jpg 777 288 80 112 0.90572
00008.jpg 292 163 64 149 0.90484
00008.jpg 882 210 50 121 0.90471
00008.jpg 881 220 57 110 0.90439
00008.jpg 778 195 62 130 0.90305
00008.jpg 775 300 87 101 0.90245
00008.jpg 292 155 62 169 0.90219
00008.jpg 779 294 76 109 0.90185
00008.jpg 775 301 83 100 0.90088
00008.jpg 306 178 149 166 0.90009
00008.jpg 778 300 83 93 0.89851
00008.jpg 310 191 143 152 0.89774
00008.jpg 823 205 33 95 0.89718
00008.jpg 314 185 134 159 0.89680
00008.jpg 774 287 83 107 0.89671
00008.jpg 327 192 120 150 0.89641
00008.jpg 292 161 63 155 0.89603
00008.jpg 588 170 203 304 0.89575
00008.jpg 291 152 63 169 0.89546
00008.jpg 825 204 30 74 0.89440
00008.jpg 887 219 51 112 0.89406
00008.jpg 774 297 82 101 0.89099
00008.jpg 778 302 83 94 0.88904
00008.jpg 774 301 90 103 0.88785
00008.jpg 778 192 57 132 0.88712
00008.jpg 886 221 53 113 0.88477
00008.jpg 594 169 207 311 0.88452
00008.jpg 882 219 56 107 0.88230
00008.jpg 778 304 80 95 0.88145
00008.jpg 887 219 53 108 0.87512
00008.jpg 584 164 209 315 0.87357
00008.jpg 823 204 30 80 0.87288
00008.jpg 884 219 50 106 0.87223
00008.jpg 292 155 61 167 0.86974
00008.jpg 326 192 124 151 0.86900
00008.jpg 824 206 32 85 0.86489
00008.jpg 779 193 59 138 0.86362
00008.jpg 880 215 58 117 0.86356
00008.jpg 884 218 56 116 0.86240
00008.jpg 882 217 56 110 0.86196
00008.jpg 591 171 222 309 0.86161
00008.jpg 780 304 83 93 0.86144
00008.jpg 881 213 57 120 0.86132
00008.jpg 775 185 56 166 0.85882
00008.jpg 879 218 61 115 0.85501
00008.jpg 291 162 75 156 0.85282
00008.jpg 574 157 211 323 0.85268
00008.jpg 327 194 121 147 0.85103
00008.jpg 821 204 36 121 0.84995
00008.jpg 324 191 128 155 0.84959
00008.jpg 772 299 93 105 0.84906
00008.jpg 778 190 56 139 0.84787
00008.jpg 782 296 72 100 0.84659
00008.jpg 306 181 128 153 0.84180
00008.jpg 328 195 113 145 0.84064
00008.jpg 293 156 62 160 0.83935
00008.jpg 331 190 100 155 0.83897
00008.jpg 314 191 134 155 0.83556
00008.jpg 775 298 79 104 0.83367
00008.jpg 770 269 82 130 0.83343
00008.jpg 318 192 129 149 0.83102
00008.jpg 878 216 54 117 0.83043
00008.jpg 773 300 92 96 0.82872
00008.jpg 590 166 206 318 0.82835
00008.jpg 586 167 206 302 0.82733
00008.jpg 295 160 56 153 0.82633
00008.jpg 885 219 55 118 0.82496
00008.jpg 779 292 71 103 0.82448
00008.jpg 824 206 34 71 0.82328
00008.jpg 322 189 116 152 0.82301
00008.jpg 289 157 70 161 0.82195
00008.jpg 880 211 51 116 0.82146
00008.jpg 306 184 140 158 0.82054
00008.jpg 778 189 47 138 0.81420
00008.jpg 289 147 76 181 0.81239
00008.jpg 774 188 57 133 0.81219
00008.jpg 771 267 88 126 0.81067
00008.jpg 822 207 33 66 0.81062
00008.jpg 821 205 33 77 0.80837
00008.jpg 778 308 80 91 0.80821
00008.jpg 779 192 52 138 0.80668
00008.jpg 883 218 57 107 0.80543
00008.jpg 776 199 58 119 0.80413
00008.jpg 777 190 53 135 0.80381
00008.jpg 822 203 35 82 0.80377
00008.jpg 300 179 152 163 0.80316
00008.jpg 304 176 114 161 0.79276
00008.jpg 294 159 63 164 0.79218
00008.jpg 293 165 62 146 0.78577
00008.jpg 883 222 52 107 0.78553
00008.jpg 824 207 36 76 0.78023
00008.jpg 778 302 85 94 0.77984
00008.jpg 312 177 137 170 0.77918
00008.jpg 772 287 89 88 0.77894
00008.jpg 578 170 233 298 0.77364
00008.jpg 292 156 64 164 0.76839
00008.jpg 778 192 57 156 0.76681
00008.jpg 318 186 137 153 0.76576
00008.jpg 825 205 29 73 0.76192
00008.jpg 826 204 28 70 0.76118
00008.jpg 777 196 56 134 0.76014
00008.jpg 583 161 221 325 0.75879
00008.jpg 772 191 73 147 0.75623
00008.jpg 328 191 117 145 0.75526
00008.jpg 319 186 135 158 0.75447
00008.jpg 823 203 33 75 0.75427
00008.jpg 784 290 76 111 0.74972
00008.jpg 778 196 79 148 0.74654
00008.jpg 776 309 79 90 0.74647
00008.jpg 778 189 49 167 0.74496
00008.jpg 586 173 225 286 0.74183
00008.jpg 883 213 55 116 0.73903
00008.jpg 776 291 80 109 0.73793
00008.jpg 777 299 85 103 0.73595
00008.jpg 774 199 61 125 0.73305
00008.jpg 772 301 91 105 0.73003
00008.jpg 774 211 72 165 0.72986
00008.jpg 774 291 77 110 0.72654
00008.jpg 781 193 53 131 0.72288
00008.jpg 773 190 60 144 0.72269
00008.jpg 291 159 64 168 0.71916
00008.jpg 825 205 34 77 0.71906
00008.jpg 778 299 79 108 0.71649
00008.jpg 296 182 156 168 0.71611
00008.jpg 825 205 36 76 0.71191
00008.jpg 295 156 60 165 0.71002
00008.jpg 778 293 75 114 0.70764
00008.jpg 293 157 59 160 0.70481
00008.jpg 776 297 85 89 0.70456
00008.jpg 292 158 67 164 0.70365
00008.jpg 819 208 37 82 0.70328
00008.jpg 829 203 31 127 0.69945
00008.jpg 885 212 57 114 0.69839
00008.jpg 300 184 154 157 0.69751
00008.jpg 825 209 33 63 0.69600
00008.jpg 309 181 141 162 0.69330
00008.jpg 777 292 83 115 0.69012
00008.jpg 884 220 54 115 0.68970
00008.jpg 778 292 82 101 0.68604
00008.jpg 826 203 34 93 0.68571
00008.jpg 885 215 51 107 0.68516
00008.jpg 775 193 58 151 0.68511
00008.jpg 773 186 69 147 0.68179
00008.jpg 292 157 69 165 0.68042
00008.jpg 580 168 223 296 0.67799
00008.jpg 823 205 28 71 0.67766
00008.jpg 822 203 38 100 0.67219
00008.jpg 879 217 62 113 0.67169
00008.jpg 310 193 141 151 0.67079
00008.jpg 300 180 152 158 0.66951
00008.jpg 769 193 66 166 0.66881
00008.jpg 328 190 111 148 0.66800
00008.jpg 828 204 39 120 0.66501
00008.jpg 586 164 222 327 0.66330
00008.jpg 311 205 133 140 0.66065
00008.jpg 778 192 53 126 0.65947
00008.jpg 825 208 28 64 0.65474
00008.jpg 821 207 32 92 0.65470
00008.jpg 594 159 212 320 0.65263
00008.jpg 584 167 240 302 0.64998
00008.jpg 574 159 222 326 0.64756
00008.jpg 293 159 68 163 0.64732
00008.jpg 777 288 81 95 0.63881
00008.jpg 586 176 226 311 0.63830
00008.jpg 826 201 26 67 0.63684
00008.jpg 780 199 81 147 0.63345
00008.jpg 315 189 137 163 0.63008
00008.jpg 877 218 59 118 0.62957
00008.jpg 336 192 102 145 0.62836
00008.jpg 776 188 56 158 0.62716
00008.jpg 781 313 83 88 0.62635
00008.jpg 327 186 122 161 0.62515
00008.jpg 822 208 33 97 0.62477
00008.jpg 880 206 60 121 0.61545
00008.jpg 772 197 72 173 0.61460
00008.jpg 583 166 217 305 0.61354
00008.jpg 297 160 114 177 0.61199
00008.jpg 772 295 82 106 0.61002
00008.jpg 321 186 130 160 0.60829
00008.jpg 779 307 84 91 0.60664
00008.jpg 583 166 206 308 0.60471
00008.jpg 774 189 76 229 0.60325
00008.jpg 295 179 101 159 0.60131
00008.jpg 775 298 83 107 0.60018
00008.jpg 291 157 71 155 0.59820
00008.jpg 830 203 32 114 0.59789
00008.jpg 774 268 90 132 0.58989
00008.jpg 776 193 50 135 0.58936
00008.jpg 777 188 53 129 0.58854
00008.jpg 828 205 33 87 0.58795
00008.jpg 822 203 38 85 0.58744
00008.jpg 772 201 65 116 0.58713
00008.jpg 774 197 56 117 0.58696
00008.jpg 331 193 108 150 0.58693
00008.jpg 587 172 198 286 0.58668
00008.jpg 295 158 53 158 0.58288
00008.jpg 827 200 30 69 0.58228
00008.jpg 824 205 31 53 0.58057
00008.jpg 827 207 36 100 0.57913
00008.jpg 297 169 87 151 0.57806
00008.jpg 813 202 51 140 0.57199
00008.jpg 298 159 63 162 0.57166
00008.jpg 777 298 88 94 0.57107
00008.jpg 778 305 80 97 0.56827
00008.jpg 594 166 196 304 0.56651
00008.jpg 879 222 63 109 0.56426
00008.jpg 297 158 62 160 0.56351
00008.jpg 876 219 64 116 0.56307
00008.jpg 827 205 29 49 0.56105
00008.jpg 779 305 88 92 0.56105
00008.jpg 776 188 59 168 0.55668
00008.jpg 809 195 51 131 0.55289
00008.jpg 781 219 76 165 0.55266
00008.jpg 591 165 211 308 0.54889
00008.jpg 294 163 63 148 0.54471
00008.jpg 823 203 39 156 0.53951
00008.jpg 829 207 33 120 0.53852
00008.jpg 777 292 93 107 0.53768
00008.jpg 886 222 57 106 0.53560
00008.jpg 823 209 43 101 0.53445
00008.jpg 772 194 59 137 0.53363
00008.jpg 826 203 31 69 0.53186
00008.jpg 879 225 65 96 0.52712
00008.jpg 877 214 59 115 0.52583
00008.jpg 304 160 108 163 0.52229
00008.jpg 775 197 55 134 0.52088
00008.jpg 334 193 115 155 0.51791
00008.jpg 592 156 217 320 0.51772
00008.jpg 775 288 94 112 0.51645
00008.jpg 309 193 136 158 0.51607
00008.jpg 826 200 27 62 0.51351
00008.jpg 829 213 31 60 0.50702
00008.jpg 828 202 31 75 0.50258
00008.jpg 878 216 60 108 0.49949
00008.jpg 809 205 57 157 0.49908
