00001.jpg 564 167 221 310 0.99982
00001.jpg 586 159 197 321 0.99981
00001.jpg 583 145 198 331 0.99977
00001.jpg 585 156 196 333 0.99940
00001.jpg 581 153 186 322 0.99936
00001.jpg 579 158 208 320 0.99922
00001.jpg 591 165 184 314 0.99919
00001.jpg 572 160 218 315 0.99901
00001.jpg 589 162 202 308 0.99900
00001.jpg 315 183 112 159 0.99883
00001.jpg 585 163 200 315 0.99850
00001.jpg 309 182 122 168 0.99826
00001.jpg 582 159 207 321 0.99819
00001.jpg 582 154 208 313 0.99818
00001.jpg 587 154 191 314 0.99816
00001.jpg 573 153 207 323 0.99813
00001.jpg 582 163 205 317 0.99810
00001.jpg 583 164 197 316 0.99804
00001.jpg 290 155 62 155 0.99766
00001.jpg 582 157 205 325 0.99763
00001.jpg 581 159 198 324 0.99742
00001.jpg 580 146 211 327 0.99706
00001.jpg 317 186 105 158 0.99639
00001.jpg 584 162 199 318 0.99624
00001.jpg 586 168 199 311 0.99591
00001.jpg 595 162 180 316 0.99589
00001.jpg 310 180 116 165 0.99589
00001.jpg 588 147 201 339 0.99566
00001.jpg 582 159 200 320 0.99539
00001.jpg 306 182 125 161 0.99534
00001.jpg 590 163 189 313 0.99509
00001.jpg 307 180 122 164 0.99504
00001.jpg 312 184 119 156 0.99500
00001.jpg 584 169 197 304 0.99470
00001.jpg 579 156 209 327 0.99394
00001.jpg 576 164 211 317 0.99391
00001.jpg 311 176 111 165 0.99383
00001.jpg 573 151 215 319 0.99339
00001.jpg 573 151 224 332 0.99330
00001.jpg 308 182 123 163 0.99294
00001.jpg 306 184 130 151 0.99264
00001.jpg 586 155 194 327 0.99249
00001.jpg 803 210 112 215 0.99233
00001.jpg 309 178 122 170 0.99227
00001.jpg 582 164 201 316 0.99221
00001.jpg 580 170 205 305 0.99211
00001.jpg 806 212 117 231 0.99146
00001.jpg 806 204 115 235 0.99134
00001.jpg 310 175 119 170 0.99116
00001.jpg 805 209 117 232 0.99114
00001.jpg 804 210 108 227 0.99079
00001.jpg 579 163 203 298 0.98999
00001.jpg 587 162 201 309 0.98984
00001.jpg 311 174 111 170 0.98924
00001.jpg 305 184 128 163 0.98909
00001.jpg 805 212 106 217 0.98879
00001.jpg 308 177 120 164 0.98863
00001.jpg 802 208 110 237 0.98787
00001.jpg 289 160 65 152 0.98770
00001.jpg 320 184 102 166 0.98767
00001.jpg 316 180 109 165 0.98760
00001.jpg 314 178 110 167 0.98757
00001.jpg 807 216 107 222 0.98734
00001.jpg 580 161 201 319 0.98704
00001.jpg 311 183 120 159 0.98655
00001.jpg 291 159 59 149 0.98652
00001.jpg 582 165 209 325 0.98631
00001.jpg 579 174 209 303 0.98527
00001.jpg 587 165 202 313 0.98440
00001.jpg 582 170 192 310 0.98405
00001.jpg 290 158 61 152 0.98386
00001.jpg 307 172 124 168 0.98357
00001.jpg 804 209 108 228 0.98280
00001.jpg 314 183 104 158 0.98261
00001.jpg 306 185 122 155 0.98173
00001.jpg 317 182 110 164 0.98069
00001.jpg 801 212 113 232 0.97986
00001.jpg 317 183 106 163 0.97961
00001.jpg 807 211 104 227 0.97940
00001.jpg 316 186 112 160 0.97840
00001.jpg 305 177 121 171 0.97832
00001.jpg 806 212 106 223 0.97746
00001.jpg 580 161 199 311 0.97703
00001.jpg 578 157 208 319 0.97650
00001.jpg 581 168 209 308 0.97615
00001.jpg 799 209 116 230 0.97574
00001.jpg 585 162 205 320 0.97506
00001.jpg 311 184 118 161 0.97502
00001.jpg 808 210 105 226 0.97487
00001.jpg 590 163 180 310 0.97383
00001.jpg 808 205 104 234 0.97372
00001.jpg 287 159 67 152 0.97319
00001.jpg 799 208 119 235 0.97269
00001.jpg 313 182 114 161 0.97246
00001.jpg 811 204 108 236 0.97241
00001.jpg 307 177 123 170 0.97214
00001.jpg 587 161 197 325 0.97205
00001.jpg 586 163 189 310 0.97131
00001.jpg 580 171 212 284 0.97006
00001.jpg 319 178 108 169 0.96970
00001.jpg 306 182 120 158 0.96925
00001.jpg 806 210 115 232 0.96912
00001.jpg 305 187 123 156 0.96773
00001.jpg 310 180 119 166 0.96646
00001.jpg 315 185 114 157 0.96608
00001.jpg 800 212 117 218 0.96567
00001.jpg 807 208 109 238 0.96565
00001.jpg 807 214 100 214 0.96562
00001.jpg 571 158 218 316 0.96557
00001.jpg 587 169 187 310 0.96513
00001.jpg 585 158 200 315 0.96451
00001.jpg 308 180 116 164 0.96192
00001.jpg 292 149 59 164 0.96134
00001.jpg 310 189 118 151 0.95876
00001.jpg 578 162 203 323 0.95855
00001.jpg 801 209 124 226 0.95844
00001.jpg 807 207 111 236 0.95705
00001.jpg 292 164 57 151 0.95701
00001.jpg 312 186 118 157 0.95478
00001.jpg 581 169 198 308 0.95403
00001.jpg 292 160 60 152 0.95284
00001.jpg 291 158 59 151 0.95260
00001.jpg 289 158 66 154 0.94992
00001.jpg 318 182 108 162 0.94915
00001.jpg 290 160 61 152 0.94848
00001.jpg 800 212 115 221 0.94744
00001.jpg 313 187 113 156 0.94626
00001.jpg 294 160 52 156 0.94626
00001.jpg 801 208 110 231 0.94515
00001.jpg 303 178 118 167 0.94365
00001.jpg 308 182 121 158 0.94276
00001.jpg 800 200 116 242 0.94271
00001.jpg 302 181 123 155 0.94018
00001.jpg 808 207 107 229 0.93900
00001.jpg 303 177 128 169 0.93570
00001.jpg 317 191 110 152 0.93558
00001.jpg 807 204 108 233 0.93533
00001.jpg 805 209 114 239 0.93528
00001.jpg 589 149 193 334 0.93382
00001.jpg 290 161 63 151 0.93294
00001.jpg 290 156 60 161 0.93231
00001.jpg 797 215 117 225 0.93104
00001.jpg 802 212 119 223 0.92750
00001.jpg 590 156 187 337 0.92580
00001.jpg 586 162 194 313 0.92446
00001.jpg 309 178 114 165 0.92379
00001.jpg 809 211 107 231 0.92355
00001.jpg 587 153 201 330 0.92294
00001.jpg 808 210 110 228 0.91841
00001.jpg 806 205 113 240 0.91615
00001.jpg 289 163 63 141 0.91599
00001.jpg 287 162 64 148 0.91582
00001.jpg 800 212 125 233 0.91411
00001.jpg 795 206 120 225 0.91393
00001.jpg 288 158 61 155 0.91368
00001.jpg 805 207 108 232 0.91118
00001.jpg 297 160 52 162 0.90976
00001.jpg 290 157 63 158 0.90910
00001.jpg 291 157 64 151 0.90548
00001.jpg 289 162 62 145 0.90379
00001.jpg 314 182 116 168 0.90098
00001.jpg 801 212 113 232 0.90053
00001.jpg 807 208 105 234 0.89870
00001.jpg 588 156 191 331 0.89739
00001.jpg 806 208 100 225 0.89536
00001.jpg 289 159 61 149 0.89453
00001.jpg 294 154 56 164 0.89369
00001.jpg 802 211 116 220 0.89284
00001.jpg 288 157 63 153 0.89175
00001.jpg 307 183 120 160 0.88779
00001.jpg 806 207 112 222 0.88531
00001.jpg 584 150 199 335 0.88299
00001.jpg 579 169 206 312 0.88111
00001.jpg 580 149 198 328 0.87969
00001.jpg 306 189 126 157 0.87318
00001.jpg 306 181 120 154 0.87290
00001.jpg 581 167 195 311 0.87218
00001.jpg 290 157 62 150 0.86690
00001.jpg 582 174 202 294 0.86314
00001.jpg 800 206 114 224 0.85978
00001.jpg 801 209 103 228 0.85719
00001.jpg 799 217 120 213 0.85711
00001.jpg 297 182 134 163 0.85532
00001.jpg 801 212 110 230 0.85511
00001.jpg 289 161 63 149 0.85415
00001.jpg 808 212 94 225 0.85391
00001.jpg 796 203 133 233 0.84960
00001.jpg 583 173 199 292 0.84680
00001.jpg 289 159 65 152 0.84551
00001.jpg 317 184 106 161 0.83755
00001.jpg 294 169 59 130 0.83121
00001.jpg 310 178 117 166 0.82829
00001.jpg 799 212 119 226 0.82790
00001.jpg 289 160 63 145 0.81990
00001.jpg 319 191 105 145 0.81890
00001.jpg 288 162 66 147 0.81814
00001.jpg 590 161 190 309 0.81634
00001.jpg 291 160 60 150 0.81277
00001.jpg 810 211 112 230 0.81272
00001.jpg 313 185 117 162 0.81179
00001.jpg 801 213 122 226 0.81019
00001.jpg 297 170 99 163 0.80769
00001.jpg 290 168 63 145 0.80637
00001.jpg 797 215 116 224 0.80637
00001.jpg 587 166 187 302 0.80634
00001.jpg 807 220 111 222 0.80528
00001.jpg 807 214 109 225 0.80329
00001.jpg 801 213 122 216 0.79599
00001.jpg 584 165 191 314 0.79345
00001.jpg 808 202 102 241 0.79174
00001.jpg 289 161 61 150 0.78871
00001.jpg 799 208 125 220 0.78661
00001.jpg 291 162 66 161 0.78490
00001.jpg 289 159 65 149 0.78453
00001.jpg 294 178 137 158 0.78047
00001.jpg 286 162 62 145 0.77870
00001.jpg 293 159 56 156 0.77817
00001.jpg 797 209 118 223 0.77817
00001.jpg 288 156 70 168 0.77523
00001.jpg 302 181 124 161 0.76999
00001.jpg 290 156 62 156 0.76657
00001.jpg 302 181 124 164 0.76381
00001.jpg 289 161 66 152 0.75157
00001.jpg 304 174 124 174 0.75100
00001.jpg 293 164 62 142 0.74566
00001.jpg 311 185 119 157 0.74364
00001.jpg 805 200 118 244 0.74345
00001.jpg 317 181 108 167 0.74167
00001.jpg 813 214 109 229 0.73894
00001.jpg 581 169 195 309 0.73564
00001.jpg 291 166 54 140 0.73059
00001.jpg 793 215 122 226 0.72779
00001.jpg 321 182 110 158 0.72495
00001.jpg 598 167 168 306 0.72344
00001.jpg 591 160 188 322 0.71731
00001.jpg 886 236 45 103 0.71156
00001.jpg 579 166 208 312 0.71075
00001.jpg 289 157 65 153 0.71012
00001.jpg 800 205 109 221 0.70502
00001.jpg 797 214 127 216 0.70190
00001.jpg 286 162 69 145 0.69994
00001.jpg 797 219 118 185 0.69643
00001.jpg 288 175 141 171 0.68760
00001.jpg 812 213 111 224 0.68534
00001.jpg 810 216 97 221 0.68515
00001.jpg 287 159 65 154 0.68420
00001.jpg 287 160 57 157 0.68296
00001.jpg 800 216 123 223 0.67526
00001.jpg 291 162 57 142 0.67122
00001.jpg 801 211 121 223 0.66690
00001.jpg 799 214 112 205 0.66630
00001.jpg 303 185 112 163 0.66522
00001.jpg 571 185 211 281 0.65321
00001.jpg 564 155 233 336 0.64998
00001.jpg 293 187 135 158 0.64788
00001.jpg 805 212 116 228 0.64204
00001.jpg 290 160 62 142 0.63911
00001.jpg 807 214 89 160 0.62992
00001.jpg 887 236 45 97 0.62871
00001.jpg 805 215 107 204 0.62789
00001.jpg 295 170 131 171 0.62096
00001.jpg 292 159 61 149 0.61821
00001.jpg 297 174 128 162 0.59210
00001.jpg 288 156 71 152 0.58814
00001.jpg 889 240 43 112 0.58434
00001.jpg 319 189 103 152 0.58320
00001.jpg 292 162 55 157 0.58156
00001.jpg 577 171 199 304 0.57487
00001.jpg 295 171 121 161 0.57084
00001.jpg 321 184 110 154 0.57043
00001.jpg 885 239 44 107 0.56945
00001.jpg 894 241 40 104 0.56857
00001.jpg 294 177 138 165 0.56602
00001.jpg 884 238 45 85 0.56542
00001.jpg 309 190 126 150 0.55775
00001.jpg 294 163 60 148 0.55613
00001.jpg 592 155 183 326 0.55479
00001.jpg 817 222 106 218 0.54999
00001.jpg 287 169 57 134 0.54945
00001.jpg 287 165 64 135 0.54851
00001.jpg 292 163 65 134 0.54732
00001.jpg 794 211 134 230 0.54595
00001.jpg 581 175 192 309 0.54574
00001.jpg 884 235 45 91 0.54160
00001.jpg 814 209 109 222 0.53397
00001.jpg 882 241 52 106 0.53253
00001.jpg 798 210 114 185 0.52713
00001.jpg 574 162 215 326 0.52621
00001.jpg 804 209 98 200 0.51443
00001.jpg 286 160 72 157 0.51433
00001.jpg 320 185 107 158 0.51255
00001.jpg 295 150 63 171 0.50149
