00010.jpg 595 169 207 298 0.99903
00010.jpg 590 167 211 309 0.99903
00010.jpg 307 184 177 172 0.99903
00010.jpg 576 156 233 322 0.99903
00010.jpg 590 160 219 299 0.99871
00010.jpg 565 167 256 307 0.99849
00010.jpg 589 154 223 322 0.99826
00010.jpg 578 155 217 328 0.99812
00010.jpg 325 187 147 163 0.99806
00010.jpg 591 167 215 311 0.99772
00010.jpg 588 162 212 317 0.99772
00010.jpg 315 186 161 164 0.99761
00010.jpg 573 157 229 321 0.99757
00010.jpg 879 206 59 130 0.99747
00010.jpg 586 155 226 311 0.99719
00010.jpg 317 189 156 160 0.99719
00010.jpg 885 206 49 126 0.99718
00010.jpg 589 160 230 314 0.99674
00010.jpg 309 179 163 178 0.99656
00010.jpg 575 164 232 294 0.99630
00010.jpg 319 188 155 162 0.99630
00010.jpg 580 158 241 311 0.99625
00010.jpg 292 157 63 160 0.99606
00010.jpg 585 154 232 319 0.99603
00010.jpg 590 161 222 308 0.99603
00010.jpg 292 161 63 151 0.99599
00010.jpg 577 170 228 287 0.99590
00010.jpg 881 210 49 124 0.99589
00010.jpg 295 155 57 164 0.99530
00010.jpg 883 210 49 120 0.99528
00010.jpg 586 154 208 322 0.99508
00010.jpg 292 158 65 158 0.99413
00010.jpg 572 164 252 306 0.99402
00010.jpg 596 178 206 290 0.99394
00010.jpg 311 190 164 159 0.99387
00010.jpg 881 211 54 116 0.99379
00010.jpg 575 159 243 310 0.99346
00010.jpg 293 158 61 158 0.99342
00010.jpg 580 159 226 305 0.99295
00010.jpg 292 158 61 157 0.99288
00010.jpg 582 170 235 300 0.99248
00010.jpg 321 182 159 173 0.99193
00010.jpg 881 210 54 117 0.99182
00010.jpg 313 184 164 167 0.99164
00010.jpg 323 190 148 161 0.99100
00010.jpg 883 208 49 122 0.99099
00010.jpg 822 204 36 94 0.99073
00010.jpg 569 162 248 312 0.99065
00010.jpg 590 157 223 309 0.99041
00010.jpg 322 187 150 162 0.99018
00010.jpg 882 208 52 121 0.99007
00010.jpg 317 183 150 162 0.99002
00010.jpg 295 157 58 161 0.99001
00010.jpg 878 213 55 114 0.98951
00010.jpg 293 153 63 165 0.98944
00010.jpg 308 182 168 168 0.98943
00010.jpg 587 162 213 303 0.98908
00010.jpg 582 163 223 304 0.98858
00010.jpg 321 185 150 165 0.98851
00010.jpg 291 161 65 161 0.98764
00010.jpg 881 210 53 116 0.98762
00010.jpg 880 213 54 113 0.98719
00010.jpg 883 210 48 120 0.98694
00010.jpg 587 160 223 314 0.98686
00010.jpg 320 188 157 150 0.98644
00010.jpg 289 159 68 162 0.98640
00010.jpg 310 189 173 162 0.98621
00010.jpg 588 170 216 301 0.98494
00010.jpg 323 189 154 163 0.98469
00010.jpg 294 159 62 164 0.98467
00010.jpg 321 185 146 168 0.98465
00010.jpg 880 208 53 118 0.98449
00010.jpg 585 162 218 303 0.98352
00010.jpg 884 214 48 115 0.98350
00010.jpg 578 151 226 317 0.98325
00010.jpg 881 209 54 120 0.98246
00010.jpg 289 151 65 174 0.98245
00010.jpg 313 180 164 172 0.98218
00010.jpg 576 164 231 307 0.98216
00010.jpg 586 164 230 320 0.98207
00010.jpg 823 204 38 101 0.98181
00010.jpg 316 188 158 156 0.98158
00010.jpg 883 209 50 121 0.98154
00010.jpg 294 160 62 156 0.98151
00010.jpg 294 161 61 158 0.98139
00010.jpg 880 208 54 119 0.98137
00010.jpg 290 158 66 162 0.98114
00010.jpg 295 161 57 159 0.98046
00010.jpg 820 203 34 100 0.97825
00010.jpg 308 180 165 176 0.97813
00010.jpg 579 166 221 306 0.97690
00010.jpg 879 209 57 119 0.97621
00010.jpg 591 169 221 297 0.97606
00010.jpg 326 187 148 162 0.97513
00010.jpg 294 157 60 169 0.97505
00010.jpg 291 160 64 156 0.97457
00010.jpg 762 186 59 196 0.97345
00010.jpg 763 183 68 186 0.97318
00010.jpg 885 210 43 119 0.97309
00010.jpg 820 204 38 98 0.97232
00010.jpg 330 184 122 167 0.97215
00010.jpg 314 182 163 170 0.97092
00010.jpg 296 160 56 158 0.97012
00010.jpg 579 165 223 299 0.96980
00010.jpg 820 202 39 99 0.96959
00010.jpg 297 157 53 163 0.96696
00010.jpg 292 158 62 169 0.96664
00010.jpg 761 190 64 187 0.96662
00010.jpg 322 181 155 174 0.96658
00010.jpg 329 181 141 172 0.96504
00010.jpg 322 183 153 168 0.96504
00010.jpg 586 179 215 278 0.96492
00010.jpg 884 211 50 122 0.96475
00010.jpg 291 155 62 167 0.96459
00010.jpg 295 159 58 160 0.96413
00010.jpg 587 156 223 307 0.96384
00010.jpg 883 209 49 121 0.96380
00010.jpg 762 183 70 183 0.96374
00010.jpg 315 178 162 178 0.96300
00010.jpg 820 207 41 92 0.96265
00010.jpg 297 159 59 161 0.96256
00010.jpg 311 185 167 168 0.96247
00010.jpg 763 185 67 194 0.96234
00010.jpg 819 207 40 96 0.96219
00010.jpg 322 189 157 162 0.96181
00010.jpg 294 160 60 156 0.96147
00010.jpg 581 157 230 311 0.96044
00010.jpg 293 159 60 157 0.96036
00010.jpg 818 203 40 99 0.95978
00010.jpg 879 210 52 123 0.95774
00010.jpg 294 158 65 160 0.95724
00010.jpg 292 156 63 160 0.95651
00010.jpg 883 208 52 119 0.95553
00010.jpg 313 177 169 174 0.95514
00010.jpg 297 165 62 154 0.95300
00010.jpg 313 181 160 171 0.95226
00010.jpg 585 154 228 323 0.95200
00010.jpg 293 164 59 157 0.95183
00010.jpg 292 154 58 166 0.95130
00010.jpg 319 185 141 159 0.95097
00010.jpg 761 182 63 200 0.95033
00010.jpg 291 150 63 169 0.94825
00010.jpg 314 187 159 171 0.94816
00010.jpg 581 172 225 295 0.94792
00010.jpg 769 186 59 192 0.94778
00010.jpg 760 191 64 186 0.94751
00010.jpg 764 188 67 189 0.94656
00010.jpg 819 204 37 98 0.94650
00010.jpg 881 211 51 116 0.94643
00010.jpg 884 208 50 123 0.94614
00010.jpg 761 182 70 189 0.94592
00010.jpg 595 159 212 310 0.94527
00010.jpg 322 188 137 167 0.94522
00010.jpg 819 206 40 94 0.94431
00010.jpg 762 187 68 187 0.94325
00010.jpg 320 184 154 169 0.94314
00010.jpg 293 163 63 150 0.94286
00010.jpg 293 155 62 161 0.94177
00010.jpg 577 165 236 302 0.94136
00010.jpg 306 187 173 161 0.94118
00010.jpg 583 160 227 309 0.94071
00010.jpg 881 208 46 124 0.94044
00010.jpg 762 182 65 196 0.94031
00010.jpg 324 181 152 178 0.93987
00010.jpg 292 156 60 163 0.93964
00010.jpg 820 204 39 101 0.93927
00010.jpg 762 182 65 191 0.93911
00010.jpg 292 155 66 162 0.93897
00010.jpg 820 206 39 96 0.93816
00010.jpg 765 178 58 198 0.93749
00010.jpg 765 184 59 190 0.93740
00010.jpg 818 206 40 93 0.93609
00010.jpg 313 186 161 168 0.93492
00010.jpg 881 211 55 121 0.93473
00010.jpg 882 210 48 122 0.93314
00010.jpg 294 163 61 150 0.93305
00010.jpg 293 159 60 161 0.93185
00010.jpg 881 209 55 120 0.93117
00010.jpg 758 190 69 191 0.92944
00010.jpg 310 188 167 160 0.92922
00010.jpg 766 186 61 183 0.92881
00010.jpg 324 182 151 179 0.92774
00010.jpg 819 207 38 99 0.92589
00010.jpg 885 212 48 117 0.92563
00010.jpg 822 208 36 94 0.92530
00010.jpg 289 154 69 169 0.92378
00010.jpg 318 192 157 158 0.92299
00010.jpg 821 205 39 96 0.92180
00010.jpg 577 158 238 306 0.92141
00010.jpg 292 157 59 163 0.92138
00010.jpg 293 162 70 153 0.91707
00010.jpg 878 207 58 125 0.91621
00010.jpg 766 188 61 181 0.91588
00010.jpg 596 160 219 309 0.91338
00010.jpg 763 184 65 189 0.91202
00010.jpg 822 207 38 95 0.90845
00010.jpg 764 187 71 176 0.90530
00010.jpg 399 191 66 151 0.90524
00010.jpg 584 169 233 296 0.90454
00010.jpg 764 186 65 187 0.90278
00010.jpg 319 182 156 174 0.90264
00010.jpg 880 208 51 122 0.90114
00010.jpg 287 158 72 166 0.90083
00010.jpg 882 213 50 118 0.89821
00010.jpg 763 186 64 179 0.89642
00010.jpg 762 185 67 187 0.89330
00010.jpg 312 186 162 166 0.89234
00010.jpg 762 189 63 187 0.89058
00010.jpg 603 165 201 307 0.88900
00010.jpg 765 183 62 191 0.88706
00010.jpg 317 193 156 153 0.88380
00010.jpg 760 182 72 201 0.88341
00010.jpg 291 160 65 158 0.88220
00010.jpg 321 189 149 155 0.88200
00010.jpg 322 189 151 165 0.88170
00010.jpg 294 158 56 158 0.88133
00010.jpg 820 205 39 101 0.87866
00010.jpg 766 184 60 178 0.87842
00010.jpg 591 159 204 305 0.87635
00010.jpg 878 210 56 121 0.87581
00010.jpg 761 194 64 181 0.87528
00010.jpg 880 212 56 120 0.87407
00010.jpg 595 158 209 320 0.87260
00010.jpg 762 184 66 193 0.87160
00010.jpg 882 213 57 121 0.87061
00010.jpg 292 159 63 158 0.87023
00010.jpg 586 156 229 318 0.86945
00010.jpg 295 156 55 159 0.86866
00010.jpg 877 212 55 119 0.86726
00010.jpg 882 208 51 121 0.86616
00010.jpg 320 191 148 153 0.86199
00010.jpg 577 156 230 316 0.86123
00010.jpg 824 208 36 96 0.86090
00010.jpg 319 184 158 168 0.86050
00010.jpg 573 166 245 292 0.85761
00010.jpg 314 182 146 169 0.85541
00010.jpg 823 205 36 94 0.85367
00010.jpg 581 165 223 302 0.85261
00010.jpg 580 153 236 310 0.84656
00010.jpg 579 153 199 310 0.84365
00010.jpg 879 210 52 126 0.84124
00010.jpg 411 189 56 154 0.84057
00010.jpg 878 211 52 122 0.83986
00010.jpg 764 183 58 191 0.83368
00010.jpg 880 211 57 127 0.83098
00010.jpg 752 190 83 193 0.82990
00010.jpg 883 212 51 109 0.82892
00010.jpg 316 177 161 180 0.82667
00010.jpg 880 212 52 117 0.82527
00010.jpg 579 154 227 312 0.82391
00010.jpg 882 204 53 131 0.82269
00010.jpg 819 205 34 105 0.82203
00010.jpg 765 182 62 195 0.82084
00010.jpg 592 167 201 301 0.81936
00010.jpg 585 169 207 290 0.81877
00010.jpg 764 185 57 181 0.81075
00010.jpg 879 209 57 117 0.80858
00010.jpg 760 185 61 190 0.80583
00010.jpg 322 184 155 170 0.80301
00010.jpg 822 206 39 92 0.80241
00010.jpg 589 168 230 311 0.79955
00010.jpg 285 149 77 178 0.79807
00010.jpg 755 186 76 207 0.79775
00010.jpg 573 159 255 315 0.79731
00010.jpg 330 181 146 177 0.79683
00010.jpg 881 207 54 122 0.79651
00010.jpg 763 188 58 187 0.79473
00010.jpg 762 182 63 197 0.78720
00010.jpg 881 218 57 113 0.78719
00010.jpg 818 207 38 97 0.78664
00010.jpg 823 209 37 93 0.78547
00010.jpg 328 178 148 170 0.78207
00010.jpg 408 193 54 141 0.78191
00010.jpg 295 151 61 178 0.78081
00010.jpg 882 209 53 118 0.78069
00010.jpg 330 184 146 171 0.77679
00010.jpg 766 183 63 203 0.77194
00010.jpg 319 182 146 166 0.76903
00010.jpg 409 201 64 134 0.76703
00010.jpg 769 189 60 185 0.76700
00010.jpg 292 162 63 154 0.76355
00010.jpg 820 207 35 92 0.76304
00010.jpg 324 186 150 161 0.75559
00010.jpg 884 208 47 117 0.75436
00010.jpg 418 193 52 136 0.74835
00010.jpg 289 160 64 158 0.74653
00010.jpg 818 201 41 114 0.74482
00010.jpg 601 145 200 322 0.74261
00010.jpg 880 206 52 120 0.73606
00010.jpg 879 205 58 127 0.72858
00010.jpg 820 204 42 108 0.72729
00010.jpg 824 209 36 92 0.72561
00010.jpg 822 203 38 103 0.71952
00010.jpg 878 211 61 119 0.71941
00010.jpg 406 193 64 153 0.71675
00010.jpg 296 163 62 158 0.71469
00010.jpg 762 173 62 218 0.71167
00010.jpg 878 208 47 125 0.71141
00010.jpg 293 158 58 159 0.71113
00010.jpg 762 185 64 175 0.70975
00010.jpg 406 195 66 140 0.70858
00010.jpg 762 187 56 185 0.70763
00010.jpg 823 207 38 97 0.70595
00010.jpg 818 207 34 92 0.70570
00010.jpg 411 199 54 141 0.70182
00010.jpg 879 206 52 122 0.70099
00010.jpg 815 209 45 100 0.69883
00010.jpg 761 186 60 184 0.69606
00010.jpg 308 183 166 171 0.68663
00010.jpg 770 189 53 193 0.68531
00010.jpg 762 194 66 183 0.68065
00010.jpg 403 195 72 145 0.68017
00010.jpg 767 187 52 170 0.67941
00010.jpg 757 186 75 205 0.67933
00010.jpg 878 212 58 119 0.67914
00010.jpg 312 176 155 171 0.67645
00010.jpg 757 188 70 199 0.67571
00010.jpg 754 189 66 195 0.67359
00010.jpg 293 159 64 163 0.66797
00010.jpg 315 161 167 184 0.66463
00010.jpg 881 213 45 114 0.66353
00010.jpg 415 187 52 150 0.65768
00010.jpg 408 193 52 143 0.65528
00010.jpg 761 195 76 165 0.65461
00010.jpg 574 158 229 320 0.65225
00010.jpg 768 187 60 162 0.64814
00010.jpg 770 189 56 161 0.64031
00010.jpg 817 210 39 94 0.63722
00010.jpg 419 194 57 136 0.63284
00010.jpg 753 183 80 199 0.62967
00010.jpg 414 196 50 139 0.62846
00010.jpg 820 201 39 100 0.62595
00010.jpg 414 198 52 145 0.62102
00010.jpg 597 154 211 316 0.61694
00010.jpg 815 201 45 110 0.61545
00010.jpg 756 180 80 210 0.61453
00010.jpg 877 209 58 127 0.61397
00010.jpg 762 184 60 176 0.60907
00010.jpg 305 190 168 158 0.60887
00010.jpg 578 152 231 326 0.60449
00010.jpg 416 202 48 148 0.60347
00010.jpg 582 156 237 317 0.59590
00010.jpg 881 219 56 105 0.59445
00010.jpg 599 150 193 325 0.59375
00010.jpg 353 191 127 153 0.59072
00010.jpg 879 207 61 121 0.58825
00010.jpg 882 206 53 117 0.58604
00010.jpg 883 209 53 121 0.58577
00010.jpg 761 181 75 211 0.58003
00010.jpg 420 207 52 142 0.57612
00010.jpg 817 200 43 115 0.57573
00010.jpg 296 161 62 151 0.57548
00010.jpg 292 163 81 166 0.57441
00010.jpg 813 204 46 124 0.57168
00010.jpg 825 203 32 88 0.56925
00010.jpg 752 179 76 208 0.56861
00010.jpg 298 162 58 154 0.56748
00010.jpg 882 206 57 121 0.56305
00010.jpg 322 186 156 166 0.56239
00010.jpg 881 213 55 120 0.55706
00010.jpg 765 186 70 174 0.55451
00010.jpg 823 202 41 97 0.54788
00010.jpg 818 205 38 89 0.54580
00010.jpg 819 207 41 115 0.54470
00010.jpg 762 194 78 169 0.54420
00010.jpg 769 186 55 169 0.54305
00010.jpg 300 163 118 179 0.54218
00010.jpg 583 176 219 286 0.54106
00010.jpg 820 211 42 102 0.54074
00010.jpg 812 205 48 111 0.53959
00010.jpg 328 183 114 166 0.53795
00010.jpg 573 150 222 328 0.53551
00010.jpg 881 210 57 118 0.53360
00010.jpg 823 208 42 97 0.52962
00010.jpg 826 209 38 91 0.52934
00010.jpg 582 153 241 299 0.52293
00010.jpg 590 163 223 313 0.52190
00010.jpg 930 239 29 85 0.51964
00010.jpg 820 203 43 103 0.51948
00010.jpg 599 146 213 321 0.51825
00010.jpg 297 174 161 158 0.51495
00010.jpg 407 198 69 150 0.51396
00010.jpg 584 159 228 326 0.50485
00010.jpg 762 182 61 187 0.50444
00010.jpg 579 166 254 300 0.50239
00010.jpg 822 201 38 94 0.50205
