00025.jpg 457 191 153 164 0.99946
00025.jpg 306 154 52 169 0.99917
00025.jpg 466 187 149 163 0.99916
00025.jpg 783 121 176 381 0.99914
00025.jpg 463 195 144 157 0.99899
00025.jpg 788 128 169 359 0.99882
00025.jpg 303 148 60 176 0.99878
00025.jpg 462 190 145 158 0.99875
00025.jpg 303 152 57 171 0.99846
00025.jpg 784 122 175 384 0.99835
00025.jpg 791 129 158 357 0.99829
00025.jpg 462 196 145 152 0.99810
00025.jpg 788 121 168 378 0.99801
00025.jpg 301 153 62 163 0.99793
00025.jpg 705 198 86 205 0.99792
00025.jpg 305 152 59 164 0.99779
00025.jpg 463 191 141 162 0.99761
00025.jpg 303 154 61 165 0.99747
00025.jpg 782 131 177 355 0.99727
00025.jpg 779 123 180 372 0.99725
00025.jpg 469 195 139 155 0.99717
00025.jpg 709 194 74 217 0.99712
00025.jpg 304 154 62 165 0.99661
00025.jpg 464 189 140 163 0.99658
00025.jpg 707 201 77 209 0.99658
00025.jpg 306 155 57 165 0.99644
00025.jpg 781 135 178 362 0.99637
00025.jpg 457 196 150 155 0.99634
00025.jpg 464 195 145 155 0.99628
00025.jpg 463 194 145 157 0.99622
00025.jpg 792 135 167 357 0.99597
00025.jpg 461 190 147 157 0.99588
00025.jpg 706 203 79 201 0.99575
00025.jpg 785 116 168 379 0.99568
00025.jpg 708 201 78 211 0.99551
00025.jpg 461 196 148 158 0.99534
00025.jpg 791 130 168 347 0.99488
00025.jpg 303 159 60 157 0.99466
00025.jpg 301 154 65 164 0.99465
00025.jpg 790 131 159 359 0.99444
00025.jpg 302 144 62 177 0.99441
00025.jpg 786 127 171 366 0.99404
00025.jpg 459 192 155 151 0.99390
00025.jpg 306 155 59 167 0.99386
00025.jpg 707 192 78 221 0.99376
00025.jpg 788 119 171 386 0.99370
00025.jpg 458 194 148 153 0.99359
00025.jpg 783 137 174 346 0.99358
00025.jpg 307 155 55 167 0.99356
00025.jpg 303 154 59 164 0.99354
00025.jpg 303 157 61 159 0.99338
00025.jpg 709 198 78 208 0.99334
00025.jpg 306 158 59 162 0.99301
00025.jpg 460 190 152 158 0.99282
00025.jpg 307 146 56 182 0.99210
00025.jpg 781 128 178 364 0.99207
00025.jpg 464 188 144 162 0.99188
00025.jpg 301 156 62 165 0.99161
00025.jpg 460 193 149 156 0.99135
00025.jpg 467 186 141 160 0.99133
00025.jpg 790 119 169 383 0.99131
00025.jpg 305 150 58 174 0.99127
00025.jpg 705 196 84 221 0.99127
00025.jpg 797 142 158 352 0.99062
00025.jpg 704 203 84 202 0.99059
00025.jpg 458 186 145 164 0.99051
00025.jpg 303 155 61 164 0.99034
00025.jpg 709 202 79 209 0.99021
00025.jpg 783 124 175 372 0.99021
00025.jpg 707 202 84 202 0.99008
00025.jpg 463 186 149 163 0.98994
00025.jpg 788 124 171 379 0.98969
00025.jpg 705 195 85 214 0.98969
00025.jpg 303 157 57 163 0.98968
00025.jpg 712 196 74 213 0.98944
00025.jpg 302 152 64 167 0.98943
00025.jpg 305 152 60 171 0.98935
00025.jpg 464 193 149 153 0.98929
00025.jpg 462 187 147 165 0.98896
00025.jpg 466 192 145 155 0.98889
00025.jpg 705 196 81 209 0.98884
00025.jpg 459 191 146 159 0.98861
00025.jpg 304 155 63 161 0.98800
00025.jpg 466 191 137 160 0.98744
00025.jpg 784 126 169 368 0.98743
00025.jpg 468 190 143 153 0.98686
00025.jpg 303 157 63 163 0.98656
00025.jpg 703 201 82 205 0.98627
00025.jpg 710 199 79 215 0.98600
00025.jpg 452 194 162 155 0.98584
00025.jpg 704 204 80 206 0.98525
00025.jpg 464 194 145 157 0.98472
00025.jpg 708 193 80 215 0.98454
00025.jpg 710 202 75 206 0.98443
00025.jpg 306 151 57 167 0.98429
00025.jpg 792 131 163 364 0.98394
00025.jpg 304 156 60 167 0.98357
00025.jpg 707 197 82 207 0.98284
00025.jpg 786 131 173 353 0.98239
00025.jpg 462 189 149 161 0.98197
00025.jpg 790 136 169 343 0.98183
00025.jpg 459 190 151 158 0.98169
00025.jpg 303 158 61 161 0.98123
00025.jpg 786 142 173 337 0.98101
00025.jpg 703 200 83 206 0.98041
00025.jpg 465 192 135 160 0.97997
00025.jpg 793 119 166 378 0.97933
00025.jpg 789 126 169 364 0.97926
00025.jpg 470 189 137 161 0.97880
00025.jpg 703 202 84 203 0.97805
00025.jpg 304 157 59 163 0.97730
00025.jpg 306 152 56 169 0.97702
00025.jpg 302 151 64 173 0.97676
00025.jpg 707 193 77 219 0.97661
00025.jpg 460 186 148 165 0.97595
00025.jpg 304 154 61 170 0.97585
00025.jpg 468 193 139 154 0.97552
00025.jpg 462 186 147 164 0.97478
00025.jpg 703 199 90 210 0.97370
00025.jpg 801 131 150 355 0.97348
00025.jpg 703 196 85 219 0.97258
00025.jpg 462 189 146 164 0.97228
00025.jpg 709 198 78 210 0.97220
00025.jpg 702 193 84 215 0.97165
00025.jpg 702 198 88 215 0.97048
00025.jpg 706 198 81 207 0.97016
00025.jpg 783 129 176 369 0.96836
00025.jpg 462 187 142 161 0.96789
00025.jpg 304 154 60 163 0.96682
00025.jpg 461 189 146 158 0.96630
00025.jpg 789 129 169 355 0.96566
00025.jpg 702 201 91 212 0.96527
00025.jpg 306 156 57 166 0.96503
00025.jpg 306 157 56 164 0.96477
00025.jpg 303 155 59 165 0.96442
00025.jpg 703 197 82 214 0.96386
00025.jpg 704 197 87 215 0.96315
00025.jpg 464 198 142 151 0.96276
00025.jpg 469 194 129 154 0.96148
00025.jpg 302 156 61 163 0.96106
00025.jpg 303 153 58 168 0.95910
00025.jpg 790 134 169 354 0.95833
00025.jpg 703 196 90 217 0.95583
00025.jpg 707 192 79 219 0.95556
00025.jpg 790 117 161 390 0.95179
00025.jpg 297 157 66 162 0.95067
00025.jpg 791 135 158 349 0.94967
00025.jpg 792 130 159 353 0.94666
00025.jpg 303 155 61 168 0.94660
00025.jpg 703 199 86 213 0.94574
00025.jpg 304 153 62 172 0.94446
00025.jpg 306 154 56 171 0.94284
00025.jpg 304 156 64 164 0.93981
00025.jpg 707 202 77 199 0.93816
00025.jpg 300 156 64 161 0.93632
00025.jpg 303 153 58 169 0.93236
00025.jpg 707 197 84 219 0.92984
00025.jpg 460 193 156 152 0.92677
00025.jpg 302 153 62 172 0.92602
00025.jpg 713 200 73 208 0.92365
00025.jpg 710 201 79 203 0.92323
00025.jpg 793 126 159 356 0.92033
00025.jpg 796 136 158 350 0.91917
00025.jpg 461 188 150 161 0.91881
00025.jpg 704 199 85 211 0.91663
00025.jpg 704 192 86 225 0.91641
00025.jpg 788 126 167 378 0.91480
00025.jpg 787 128 172 370 0.91400
00025.jpg 707 200 81 206 0.91207
00025.jpg 789 126 166 371 0.91162
00025.jpg 302 157 59 163 0.91132
00025.jpg 784 136 175 359 0.90940
00025.jpg 457 194 141 153 0.90632
00025.jpg 791 131 159 352 0.90583
00025.jpg 791 130 165 358 0.90482
00025.jpg 794 139 165 343 0.90436
00025.jpg 786 126 167 366 0.90374
00025.jpg 305 151 60 172 0.90162
00025.jpg 791 132 168 371 0.89919
00025.jpg 455 187 157 162 0.89792
00025.jpg 457 190 161 157 0.89787
00025.jpg 304 149 62 177 0.89076
00025.jpg 705 196 82 210 0.89024
00025.jpg 795 116 157 377 0.88590
00025.jpg 455 187 157 156 0.88212
00025.jpg 712 196 77 215 0.87868
00025.jpg 702 202 90 207 0.87741
00025.jpg 305 157 54 161 0.87144
00025.jpg 299 159 62 161 0.86382
00025.jpg 459 192 151 162 0.86241
00025.jpg 463 188 147 162 0.85902
00025.jpg 704 194 83 219 0.85543
00025.jpg 464 189 139 161 0.85365
00025.jpg 714 201 70 206 0.85222
00025.jpg 303 155 57 167 0.84684
00025.jpg 300 161 67 159 0.84399
00025.jpg 700 196 89 212 0.84294
00025.jpg 700 190 92 213 0.84188
00025.jpg 459 186 144 160 0.83383
00025.jpg 467 189 137 158 0.83279
00025.jpg 456 176 160 172 0.83193
00025.jpg 468 189 143 168 0.83088
00025.jpg 789 134 170 349 0.82959
00025.jpg 458 187 154 169 0.82884
00025.jpg 306 150 58 173 0.82796
00025.jpg 465 192 148 161 0.82626
00025.jpg 467 188 143 164 0.82290
00025.jpg 797 126 161 348 0.82123
00025.jpg 306 154 57 170 0.81859
00025.jpg 464 185 147 171 0.81690
00025.jpg 299 154 72 165 0.81672
00025.jpg 464 186 145 159 0.80350
00025.jpg 705 201 84 200 0.79699
00025.jpg 703 199 86 211 0.79343
00025.jpg 710 197 78 215 0.79271
00025.jpg 461 199 128 148 0.78609
00025.jpg 706 197 82 217 0.77948
00025.jpg 792 133 158 342 0.77947
00025.jpg 709 202 78 205 0.77225
00025.jpg 303 161 58 153 0.76804
00025.jpg 710 201 79 198 0.75001
00025.jpg 784 136 166 353 0.74343
00025.jpg 711 188 73 228 0.74216
00025.jpg 461 190 135 158 0.73290
00025.jpg 709 204 81 198 0.73225
00025.jpg 710 188 81 227 0.72684
00025.jpg 799 126 157 352 0.72562
00025.jpg 702 199 87 209 0.72421
00025.jpg 708 197 82 221 0.72299
00025.jpg 803 141 142 326 0.71831
00025.jpg 708 197 86 209 0.71080
00025.jpg 468 189 147 167 0.70944
00025.jpg 709 200 72 205 0.70767
00025.jpg 702 195 92 201 0.69104
00025.jpg 702 196 84 214 0.68893
00025.jpg 783 130 176 349 0.68289
00025.jpg 456 189 156 162 0.67914
00025.jpg 795 133 150 352 0.67379
00025.jpg 788 133 167 369 0.64469
00025.jpg 298 157 64 158 0.63268
00025.jpg 778 127 178 362 0.62879
00025.jpg 460 186 148 157 0.62357
00025.jpg 706 192 89 217 0.62094
00025.jpg 302 156 57 158 0.61669
00025.jpg 460 196 162 148 0.61643
00025.jpg 308 156 62 164 0.60443
00025.jpg 713 201 82 214 0.59311
00025.jpg 712 193 79 225 0.58855
00025.jpg 779 142 178 334 0.58804
00025.jpg 452 185 169 162 0.58801
00025.jpg 716 195 79 204 0.58536
00025.jpg 465 190 145 151 0.58151
00025.jpg 473 192 116 150 0.56904
00025.jpg 473 196 118 155 0.56771
00025.jpg 469 193 126 159 0.55594
00025.jpg 783 123 176 378 0.53824
00025.jpg 472 192 141 151 0.53792
00025.jpg 806 124 147 338 0.53529
00025.jpg 786 118 170 392 0.52148
00025.jpg 714 199 77 205 0.51877
00025.jpg 463 194 152 155 0.51690
00025.jpg 306 150 53 180 0.50712
00025.jpg 706 200 76 207 0.50396
00025.jpg 798 132 148 332 0.50033
