00005.jpg 114 162 263 363 0.99929
00005.jpg 89 157 290 374 0.99913
00005.jpg 112 153 249 365 0.99868
00005.jpg 507 123 310 400 0.99854
00005.jpg 113 142 256 376 0.99827
00005.jpg 112 155 255 375 0.99783
00005.jpg 113 152 260 366 0.99782
00005.jpg 117 141 251 390 0.99774
00005.jpg 506 113 312 412 0.99751
00005.jpg 103 140 267 391 0.99737
00005.jpg 515 102 296 431 0.99728
00005.jpg 99 148 270 381 0.99707
00005.jpg 113 153 262 374 0.99640
00005.jpg 114 148 257 383 0.99566
00005.jpg 102 153 261 371 0.99553
00005.jpg 110 167 261 358 0.99399
00005.jpg 507 110 292 416 0.99320
00005.jpg 110 149 264 371 0.99317
00005.jpg 103 142 258 386 0.99302
00005.jpg 119 149 242 381 0.99151
00005.jpg 109 145 263 372 0.99128
00005.jpg 504 100 312 431 0.98931
00005.jpg 509 79 307 453 0.98885
00005.jpg 112 151 256 379 0.98803
00005.jpg 98 141 278 383 0.98745
00005.jpg 493 111 326 419 0.98720
00005.jpg 266 184 106 206 0.98649
00005.jpg 261 182 105 210 0.98526
00005.jpg 448 156 76 246 0.98504
00005.jpg 507 101 300 431 0.98393
00005.jpg 266 178 102 208 0.98330
00005.jpg 504 119 318 394 0.98232
00005.jpg 260 185 106 200 0.98154
00005.jpg 102 144 260 372 0.98130
00005.jpg 262 185 110 210 0.98081
00005.jpg 261 183 108 208 0.98019
00005.jpg 272 185 95 212 0.97902
00005.jpg 491 112 337 413 0.97815
00005.jpg 443 159 81 242 0.97800
00005.jpg 100 151 276 370 0.97750
00005.jpg 261 185 109 203 0.97635
00005.jpg 270 182 98 208 0.97623
00005.jpg 260 188 111 209 0.97467
00005.jpg 263 183 105 203 0.97311
00005.jpg 109 158 283 357 0.96982
00005.jpg 264 188 108 203 0.96941
00005.jpg 261 193 113 197 0.96771
00005.jpg 449 157 79 242 0.96764
00005.jpg 266 189 104 202 0.96717
00005.jpg 260 193 114 200 0.96707
00005.jpg 551 108 87 130 0.96703
00005.jpg 511 112 295 402 0.96603
00005.jpg 502 114 300 405 0.96531
00005.jpg 451 70 355 456 0.96526
00005.jpg 266 186 101 207 0.96510
00005.jpg 268 186 97 211 0.96430
00005.jpg 547 106 93 134 0.96343
00005.jpg 263 181 104 211 0.96323
00005.jpg 484 57 339 482 0.96185
00005.jpg 139 149 227 377 0.96170
00005.jpg 496 106 325 430 0.96059
00005.jpg 552 102 85 139 0.96030
00005.jpg 503 99 319 420 0.96006
00005.jpg 445 162 80 237 0.95677
00005.jpg 499 123 326 403 0.95624
00005.jpg 99 141 267 386 0.95315
00005.jpg 511 99 297 428 0.95055
00005.jpg 511 115 311 413 0.95040
00005.jpg 448 153 72 251 0.94998
00005.jpg 552 98 85 146 0.94983
00005.jpg 544 99 99 142 0.94896
00005.jpg 444 167 81 238 0.94885
00005.jpg 257 183 113 211 0.94884
00005.jpg 98 133 272 404 0.94827
00005.jpg 448 162 83 236 0.94622
00005.jpg 550 103 86 134 0.94423
00005.jpg 263 185 112 209 0.94361
00005.jpg 498 118 305 401 0.94338
00005.jpg 110 165 259 355 0.94237
00005.jpg 553 97 86 146 0.94198
00005.jpg 104 161 265 362 0.94012
00005.jpg 547 101 91 144 0.93795
00005.jpg 446 155 83 248 0.93729
00005.jpg 494 113 324 391 0.93717
00005.jpg 262 190 106 203 0.93681
00005.jpg 267 183 102 206 0.93612
00005.jpg 512 111 306 416 0.93442
00005.jpg 553 101 85 141 0.93346
00005.jpg 263 185 108 207 0.93096
00005.jpg 519 109 304 385 0.93075
00005.jpg 544 108 94 132 0.93046
00005.jpg 264 180 108 214 0.93006
00005.jpg 257 183 115 212 0.92981
00005.jpg 450 163 65 232 0.92901
00005.jpg 268 190 104 199 0.92811
00005.jpg 491 117 319 410 0.92738
00005.jpg 541 94 96 148 0.92722
00005.jpg 514 108 284 402 0.92594
00005.jpg 441 157 91 238 0.92586
00005.jpg 548 104 95 142 0.92534
00005.jpg 511 93 303 441 0.92534
00005.jpg 556 104 81 136 0.92385
00005.jpg 664 138 43 70 0.92294
00005.jpg 549 98 92 143 0.92087
00005.jpg 551 100 87 142 0.92036
00005.jpg 551 107 84 133 0.92008
00005.jpg 503 80 332 447 0.92000
00005.jpg 260 186 109 208 0.91990
00005.jpg 103 147 261 391 0.91936
00005.jpg 257 187 113 205 0.91896
00005.jpg 445 167 81 231 0.91780
00005.jpg 552 107 84 131 0.91689
00005.jpg 545 92 100 155 0.91529
00005.jpg 260 189 113 208 0.91283
00005.jpg 100 151 268 371 0.91240
00005.jpg 443 156 81 247 0.91106
00005.jpg 449 158 73 240 0.91065
00005.jpg 114 152 254 357 0.91065
00005.jpg 261 183 107 216 0.90966
00005.jpg 506 104 308 427 0.90766
00005.jpg 449 157 72 235 0.90728
00005.jpg 260 188 112 200 0.90604
00005.jpg 497 103 325 416 0.90582
00005.jpg 544 104 98 134 0.90411
00005.jpg 110 147 262 380 0.90310
00005.jpg 551 105 86 133 0.90202
00005.jpg 664 144 41 68 0.90058
00005.jpg 664 140 59 71 0.90009
00005.jpg 485 100 340 417 0.89826
00005.jpg 103 150 273 362 0.89810
00005.jpg 270 189 98 203 0.89601
00005.jpg 547 106 97 134 0.89594
00005.jpg 545 104 100 140 0.89563
00005.jpg 113 146 251 377 0.89562
00005.jpg 256 180 115 215 0.89425
00005.jpg 447 166 71 224 0.89388
00005.jpg 511 101 297 427 0.89296
00005.jpg 447 161 72 236 0.89121
00005.jpg 450 163 78 243 0.89043
00005.jpg 549 101 102 142 0.88893
00005.jpg 668 145 50 65 0.88845
00005.jpg 259 180 111 212 0.88740
00005.jpg 266 176 98 218 0.88677
00005.jpg 550 105 88 135 0.88589
00005.jpg 450 161 69 234 0.88574
00005.jpg 447 152 95 259 0.88529
00005.jpg 261 181 105 217 0.88455
00005.jpg 548 106 90 136 0.88196
00005.jpg 449 157 68 240 0.88130
00005.jpg 444 154 84 247 0.88003
00005.jpg 258 183 108 200 0.87823
00005.jpg 445 159 84 250 0.87766
00005.jpg 491 97 332 432 0.87718
00005.jpg 522 103 288 417 0.87483
00005.jpg 665 140 49 65 0.87455
00005.jpg 551 109 86 130 0.87417
00005.jpg 106 165 255 348 0.87308
00005.jpg 552 106 90 134 0.87139
00005.jpg 265 186 100 210 0.86802
00005.jpg 449 150 79 261 0.86072
00005.jpg 552 110 87 131 0.86032
00005.jpg 671 143 42 67 0.85558
00005.jpg 660 138 54 74 0.85437
00005.jpg 549 102 87 142 0.85404
00005.jpg 105 166 266 370 0.85389
00005.jpg 668 139 40 68 0.85362
00005.jpg 664 141 47 71 0.85349
00005.jpg 448 165 82 240 0.85324
00005.jpg 448 155 79 250 0.85284
00005.jpg 500 121 300 402 0.85207
00005.jpg 441 158 94 259 0.85144
00005.jpg 446 162 81 233 0.85119
00005.jpg 268 186 104 206 0.85110
00005.jpg 265 190 110 202 0.85044
00005.jpg 443 157 91 251 0.85009
00005.jpg 273 188 93 198 0.84873
00005.jpg 545 94 97 152 0.84790
00005.jpg 665 144 45 67 0.84390
00005.jpg 551 104 87 138 0.83995
00005.jpg 552 103 86 136 0.83634
00005.jpg 443 157 87 253 0.83602
00005.jpg 441 156 96 261 0.83541
00005.jpg 443 173 74 210 0.83213
00005.jpg 664 141 54 66 0.83040
00005.jpg 553 108 82 130 0.82731
00005.jpg 554 105 84 135 0.82690
00005.jpg 549 105 83 132 0.82683
00005.jpg 523 94 287 445 0.82638
00005.jpg 546 104 94 141 0.82234
00005.jpg 548 99 96 151 0.81379
00005.jpg 258 187 113 202 0.80941
00005.jpg 551 105 89 136 0.80844
00005.jpg 108 166 248 323 0.80805
00005.jpg 451 152 79 256 0.80774
00005.jpg 552 106 82 134 0.80690
00005.jpg 472 117 398 394 0.80455
00005.jpg 261 184 107 212 0.80415
00005.jpg 447 164 61 234 0.80139
00005.jpg 545 105 91 138 0.79972
00005.jpg 666 137 50 79 0.79775
00005.jpg 660 142 54 70 0.79631
00005.jpg 662 142 54 76 0.79557
00005.jpg 509 105 285 417 0.79166
00005.jpg 499 95 302 429 0.78671
00005.jpg 544 96 109 150 0.78591
00005.jpg 447 156 92 247 0.78331
00005.jpg 531 99 255 411 0.78198
00005.jpg 665 137 52 80 0.77720
00005.jpg 259 181 111 213 0.77706
00005.jpg 447 156 89 251 0.77685
00005.jpg 664 142 54 75 0.77653
00005.jpg 523 92 295 435 0.77542
00005.jpg 548 110 83 123 0.77424
00005.jpg 545 109 89 138 0.77400
00005.jpg 261 186 111 206 0.77378
00005.jpg 666 135 47 72 0.77217
00005.jpg 264 187 103 207 0.77174
00005.jpg 260 182 108 216 0.77037
00005.jpg 555 103 83 135 0.76954
00005.jpg 265 187 99 205 0.76634
00005.jpg 549 110 83 127 0.76547
00005.jpg 660 144 50 65 0.76350
00005.jpg 557 106 81 134 0.76316
00005.jpg 442 151 90 256 0.76273
00005.jpg 553 103 87 133 0.75660
00005.jpg 662 140 42 70 0.75544
00005.jpg 446 156 94 259 0.75099
00005.jpg 549 101 94 140 0.74663
00005.jpg 554 102 81 135 0.74256
00005.jpg 542 105 104 139 0.74055
00005.jpg 663 134 47 72 0.73991
00005.jpg 446 153 89 256 0.73265
00005.jpg 87 131 281 399 0.73216
00005.jpg 476 97 352 439 0.73103
00005.jpg 547 109 95 136 0.72956
00005.jpg 445 167 80 225 0.71045
00005.jpg 664 141 57 76 0.70425
00005.jpg 111 153 257 375 0.70284
00005.jpg 449 165 62 226 0.70126
00005.jpg 508 111 305 400 0.69782
00005.jpg 450 156 82 251 0.69677
00005.jpg 444 163 78 234 0.69534
00005.jpg 662 133 56 84 0.69181
00005.jpg 444 157 73 235 0.68758
00005.jpg 445 162 72 231 0.68470
00005.jpg 553 99 88 141 0.68418
00005.jpg 442 163 88 241 0.68362
00005.jpg 448 140 87 279 0.67859
00005.jpg 550 104 79 136 0.67704
00005.jpg 660 137 54 66 0.67647
00005.jpg 551 105 91 147 0.67553
00005.jpg 545 100 106 143 0.67443
00005.jpg 441 171 72 223 0.67081
00005.jpg 447 163 70 225 0.66957
00005.jpg 663 136 54 76 0.66814
00005.jpg 452 169 64 220 0.66704
00005.jpg 448 161 77 252 0.66442
00005.jpg 664 146 54 71 0.66180
00005.jpg 661 134 56 71 0.66156
00005.jpg 664 145 50 67 0.65794
00005.jpg 544 100 103 155 0.65419
00005.jpg 260 181 108 222 0.65326
00005.jpg 668 137 49 69 0.65235
00005.jpg 110 155 259 370 0.64800
00005.jpg 543 104 106 137 0.64710
00005.jpg 548 98 95 135 0.64601
00005.jpg 260 179 108 215 0.63794
00005.jpg 545 112 96 124 0.62938
00005.jpg 667 140 41 63 0.62562
00005.jpg 551 94 93 157 0.62061
00005.jpg 261 185 100 209 0.61992
00005.jpg 669 145 51 68 0.61946
00005.jpg 255 182 117 208 0.61777
00005.jpg 665 139 59 81 0.61072
00005.jpg 167 155 206 335 0.61069
00005.jpg 443 161 71 221 0.60709
00005.jpg 662 144 47 54 0.60367
00005.jpg 544 93 113 153 0.59929
00005.jpg 662 136 42 79 0.59753
00005.jpg 548 97 94 145 0.59744
00005.jpg 511 81 323 419 0.59729
00005.jpg 261 190 111 199 0.59504
00005.jpg 668 137 52 70 0.59493
00005.jpg 497 89 294 438 0.58758
00005.jpg 99 151 278 367 0.58007
00005.jpg 667 147 62 66 0.57875
00005.jpg 552 105 93 146 0.57817
00005.jpg 507 108 258 417 0.57660
00005.jpg 533 113 264 400 0.57403
00005.jpg 671 138 42 64 0.57087
00005.jpg 478 82 320 413 0.57038
00005.jpg 662 130 56 86 0.56761
00005.jpg 545 114 85 130 0.56645
00005.jpg 660 140 59 73 0.56633
00005.jpg 667 143 55 65 0.56586
00005.jpg 555 106 84 126 0.56288
00005.jpg 547 98 96 129 0.56039
00005.jpg 665 141 45 65 0.55917
00005.jpg 268 189 100 197 0.55646
00005.jpg 451 171 59 223 0.55527
00005.jpg 553 109 76 125 0.55522
00005.jpg 432 160 122 242 0.55231
00005.jpg 104 149 249 377 0.55171
00005.jpg 520 100 261 424 0.55146
00005.jpg 665 134 50 70 0.54809
00005.jpg 448 170 68 214 0.54280
00005.jpg 662 144 59 69 0.53799
00005.jpg 263 177 114 206 0.53714
00005.jpg 262 181 105 214 0.53604
00005.jpg 443 161 123 279 0.53393
00005.jpg 444 170 102 261 0.53366
00005.jpg 99 150 249 379 0.53145
00005.jpg 510 94 243 433 0.52079
00005.jpg 481 119 323 416 0.52009
00005.jpg 659 142 50 73 0.52005
00005.jpg 268 187 106 193 0.51646
00005.jpg 145 159 240 359 0.51574
00005.jpg 555 104 76 133 0.50742
00005.jpg 664 141 59 82 0.50654
00005.jpg 666 144 59 71 0.50317
