00012.jpg 509 111 323 421 0.99873
00012.jpg 527 105 290 417 0.99853
00012.jpg 524 113 301 408 0.99846
00012.jpg 551 103 87 132 0.99816
00012.jpg 137 153 220 369 0.99761
00012.jpg 526 95 288 427 0.99702
00012.jpg 524 114 295 416 0.99694
00012.jpg 531 109 269 410 0.99654
00012.jpg 511 110 312 412 0.99522
00012.jpg 265 180 106 211 0.99513
00012.jpg 526 120 294 402 0.99481
00012.jpg 433 157 80 238 0.99462
00012.jpg 532 108 266 426 0.99443
00012.jpg 135 150 218 363 0.99430
00012.jpg 500 97 334 426 0.99285
00012.jpg 438 162 75 239 0.99267
00012.jpg 513 100 301 431 0.99249
00012.jpg 524 108 294 415 0.99249
00012.jpg 532 103 274 420 0.99211
00012.jpg 438 163 72 225 0.99201
00012.jpg 132 146 219 387 0.99164
00012.jpg 525 108 291 422 0.99161
00012.jpg 268 183 102 201 0.99160
00012.jpg 431 155 89 240 0.99115
00012.jpg 440 161 77 236 0.99082
00012.jpg 272 184 97 208 0.99058
00012.jpg 125 140 234 394 0.99055
00012.jpg 266 183 101 209 0.98914
00012.jpg 144 146 224 378 0.98822
00012.jpg 525 122 300 389 0.98800
00012.jpg 268 181 105 208 0.98744
00012.jpg 518 102 305 423 0.98727
00012.jpg 267 183 102 208 0.98704
00012.jpg 521 100 295 430 0.98669
00012.jpg 267 187 106 200 0.98664
00012.jpg 270 182 96 205 0.98662
00012.jpg 136 157 240 365 0.98616
00012.jpg 267 187 97 201 0.98614
00012.jpg 134 145 238 392 0.98596
00012.jpg 427 163 87 232 0.98560
00012.jpg 549 99 89 133 0.98541
00012.jpg 533 118 284 404 0.98521
00012.jpg 433 156 85 241 0.98513
00012.jpg 434 154 78 240 0.98440
00012.jpg 530 115 293 398 0.98431
00012.jpg 131 150 234 380 0.98326
00012.jpg 546 95 93 143 0.98294
00012.jpg 546 96 96 143 0.98196
00012.jpg 522 106 289 426 0.98185
00012.jpg 268 185 102 203 0.98151
00012.jpg 260 187 111 201 0.98086
00012.jpg 553 96 85 148 0.98067
00012.jpg 436 164 79 226 0.97995
00012.jpg 435 160 79 235 0.97974
00012.jpg 515 98 301 432 0.97974
00012.jpg 133 140 221 387 0.97967
00012.jpg 135 141 229 388 0.97932
00012.jpg 528 119 283 390 0.97873
00012.jpg 149 125 188 403 0.97866
00012.jpg 435 160 76 245 0.97824
00012.jpg 552 103 87 134 0.97816
00012.jpg 269 185 99 206 0.97796
00012.jpg 264 178 102 212 0.97773
00012.jpg 544 101 99 133 0.97754
00012.jpg 267 178 94 216 0.97727
00012.jpg 549 98 88 138 0.97705
00012.jpg 431 157 90 249 0.97695
00012.jpg 526 119 291 401 0.97673
00012.jpg 260 182 107 206 0.97643
00012.jpg 268 187 101 194 0.97617
00012.jpg 551 101 86 134 0.97605
00012.jpg 269 180 96 217 0.97587
00012.jpg 269 182 94 207 0.97554
00012.jpg 437 159 75 236 0.97491
00012.jpg 434 155 82 238 0.97473
00012.jpg 264 184 103 204 0.97469
00012.jpg 519 94 302 435 0.97463
00012.jpg 146 144 219 382 0.97459
00012.jpg 436 157 79 247 0.97458
00012.jpg 545 98 95 140 0.97358
00012.jpg 133 149 196 382 0.97276
00012.jpg 554 96 78 139 0.97042
00012.jpg 549 100 87 135 0.97010
00012.jpg 552 107 86 124 0.96997
00012.jpg 549 95 89 142 0.96984
00012.jpg 437 153 75 248 0.96964
00012.jpg 553 97 76 140 0.96916
00012.jpg 542 102 102 134 0.96890
00012.jpg 518 108 296 419 0.96884
00012.jpg 516 98 296 430 0.96763
00012.jpg 125 133 230 399 0.96757
00012.jpg 551 93 89 146 0.96641
00012.jpg 433 160 87 233 0.96619
00012.jpg 130 152 203 369 0.96611
00012.jpg 265 185 101 208 0.96553
00012.jpg 547 99 97 137 0.96542
00012.jpg 434 160 84 237 0.96510
00012.jpg 265 181 99 209 0.96466
00012.jpg 512 104 308 428 0.96352
00012.jpg 439 157 75 242 0.96232
00012.jpg 536 104 261 434 0.96162
00012.jpg 547 99 88 133 0.96161
00012.jpg 544 102 95 133 0.96150
00012.jpg 546 93 95 151 0.96117
00012.jpg 545 102 94 137 0.96035
00012.jpg 266 186 104 209 0.95987
00012.jpg 268 185 99 210 0.95976
00012.jpg 550 100 90 137 0.95961
00012.jpg 436 154 78 242 0.95960
00012.jpg 145 136 199 368 0.95915
00012.jpg 432 151 80 244 0.95826
00012.jpg 432 157 83 241 0.95777
00012.jpg 129 139 218 385 0.95742
00012.jpg 263 182 107 198 0.95484
00012.jpg 433 163 79 235 0.95467
00012.jpg 141 139 190 385 0.95466
00012.jpg 265 181 104 200 0.95395
00012.jpg 526 101 296 425 0.95304
00012.jpg 550 97 85 138 0.95230
00012.jpg 547 98 90 140 0.95213
00012.jpg 266 182 99 207 0.95167
00012.jpg 431 155 92 238 0.95151
00012.jpg 537 97 282 436 0.95136
00012.jpg 547 104 90 129 0.95097
00012.jpg 265 182 107 209 0.95084
00012.jpg 440 158 73 249 0.95012
00012.jpg 260 182 105 208 0.94712
00012.jpg 549 96 91 145 0.94317
00012.jpg 548 101 90 136 0.94285
00012.jpg 273 181 91 210 0.94256
00012.jpg 129 147 243 391 0.94199
00012.jpg 550 102 87 133 0.94108
00012.jpg 552 92 82 149 0.94061
00012.jpg 266 187 104 198 0.93923
00012.jpg 429 165 82 233 0.93794
00012.jpg 550 99 88 145 0.93756
00012.jpg 553 93 81 149 0.93650
00012.jpg 438 164 75 231 0.93563
00012.jpg 441 157 76 241 0.93493
00012.jpg 435 157 77 235 0.93491
00012.jpg 270 188 100 202 0.93240
00012.jpg 437 158 76 242 0.93058
00012.jpg 522 109 281 411 0.93016
00012.jpg 435 153 76 241 0.92833
00012.jpg 441 154 77 242 0.92678
00012.jpg 549 99 90 137 0.92591
00012.jpg 537 101 244 429 0.92563
00012.jpg 260 177 111 218 0.92299
00012.jpg 544 102 97 129 0.92267
00012.jpg 435 154 83 246 0.92236
00012.jpg 263 178 103 216 0.91985
00012.jpg 519 103 277 421 0.91792
00012.jpg 514 96 314 426 0.91777
00012.jpg 275 186 90 198 0.91672
00012.jpg 552 104 82 131 0.91626
00012.jpg 431 161 89 231 0.91487
00012.jpg 436 159 79 233 0.91347
00012.jpg 144 148 214 384 0.91195
00012.jpg 438 162 79 240 0.90498
00012.jpg 263 185 108 207 0.90315
00012.jpg 548 98 85 139 0.90282
00012.jpg 474 105 368 406 0.90174
00012.jpg 437 155 81 246 0.90093
00012.jpg 496 98 337 423 0.89718
00012.jpg 268 189 103 190 0.89609
00012.jpg 133 155 160 371 0.89338
00012.jpg 435 148 85 260 0.89200
00012.jpg 262 185 106 203 0.89144
00012.jpg 437 159 78 237 0.88705
00012.jpg 432 159 88 233 0.88701
00012.jpg 550 94 91 148 0.88588
00012.jpg 263 178 104 211 0.88152
00012.jpg 545 97 92 151 0.88061
00012.jpg 540 102 259 432 0.87868
00012.jpg 549 102 91 131 0.87706
00012.jpg 526 120 281 406 0.87605
00012.jpg 549 100 90 137 0.87154
00012.jpg 435 158 84 239 0.86853
00012.jpg 529 96 293 432 0.86725
00012.jpg 268 185 106 207 0.86657
00012.jpg 434 156 90 241 0.86492
00012.jpg 545 109 280 412 0.86484
00012.jpg 263 183 108 201 0.86400
00012.jpg 554 96 84 145 0.86271
00012.jpg 262 180 104 209 0.86144
00012.jpg 435 157 81 240 0.86101
00012.jpg 131 143 240 395 0.85981
00012.jpg 261 179 116 218 0.85867
00012.jpg 134 147 191 357 0.85700
00012.jpg 525 93 298 437 0.85698
00012.jpg 262 181 100 209 0.85439
00012.jpg 143 158 183 368 0.84814
00012.jpg 547 100 88 139 0.84730
00012.jpg 263 184 103 209 0.84639
00012.jpg 438 162 74 229 0.84556
00012.jpg 269 185 99 202 0.84522
00012.jpg 538 106 266 415 0.84038
00012.jpg 548 99 94 136 0.83528
00012.jpg 506 108 320 425 0.83420
00012.jpg 138 142 157 386 0.83352
00012.jpg 131 158 251 361 0.83290
00012.jpg 534 125 266 397 0.83149
00012.jpg 430 153 90 253 0.83145
00012.jpg 276 178 90 214 0.83001
00012.jpg 137 140 199 394 0.82431
00012.jpg 180 175 186 334 0.82101
00012.jpg 548 99 88 139 0.81920
00012.jpg 548 100 89 133 0.80518
00012.jpg 549 99 93 133 0.80027
00012.jpg 435 160 90 248 0.79893
00012.jpg 142 166 235 348 0.79623
00012.jpg 257 175 112 216 0.79532
00012.jpg 429 159 83 234 0.79249
00012.jpg 139 146 144 348 0.79145
00012.jpg 439 151 89 253 0.79143
00012.jpg 549 98 91 136 0.79012
00012.jpg 515 113 305 409 0.78626
00012.jpg 547 101 96 131 0.78545
00012.jpg 551 101 80 134 0.78482
00012.jpg 545 99 96 138 0.78383
00012.jpg 147 141 234 378 0.78132
00012.jpg 264 183 109 201 0.77972
00012.jpg 550 101 91 138 0.77016
00012.jpg 544 100 97 139 0.76067
00012.jpg 427 171 93 223 0.76022
00012.jpg 172 162 199 338 0.75486
00012.jpg 545 109 250 406 0.75448
00012.jpg 138 158 167 381 0.74385
00012.jpg 433 157 85 233 0.74308
00012.jpg 137 146 167 393 0.74237
00012.jpg 265 181 102 216 0.74134
00012.jpg 549 99 85 136 0.74023
00012.jpg 549 95 85 149 0.73984
00012.jpg 435 161 73 233 0.73311
00012.jpg 479 86 375 416 0.73172
00012.jpg 264 179 98 217 0.72883
00012.jpg 539 92 287 446 0.72593
00012.jpg 551 98 87 137 0.72563
00012.jpg 537 111 224 408 0.72113
00012.jpg 135 159 162 380 0.71541
00012.jpg 438 159 73 232 0.71306
00012.jpg 437 158 73 237 0.70955
00012.jpg 550 96 86 157 0.70931
00012.jpg 553 103 86 130 0.70301
00012.jpg 144 153 149 337 0.69185
00012.jpg 261 184 103 202 0.69114
00012.jpg 549 98 94 150 0.69046
00012.jpg 177 165 201 342 0.68849
00012.jpg 132 134 229 405 0.68726
00012.jpg 127 156 266 376 0.68092
00012.jpg 550 98 89 135 0.67605
00012.jpg 552 96 95 143 0.65704
00012.jpg 548 98 90 149 0.65609
00012.jpg 430 152 81 246 0.64183
00012.jpg 142 158 233 370 0.63772
00012.jpg 440 155 79 233 0.63519
00012.jpg 546 102 95 133 0.63502
00012.jpg 546 96 96 141 0.63414
00012.jpg 267 180 100 214 0.63307
00012.jpg 441 164 75 211 0.63181
00012.jpg 483 158 91 381 0.63121
00012.jpg 558 109 250 387 0.63086
00012.jpg 553 102 88 130 0.62975
00012.jpg 526 106 255 423 0.61882
00012.jpg 547 98 84 133 0.61837
00012.jpg 443 151 83 272 0.60937
00012.jpg 547 98 85 152 0.60924
00012.jpg 550 97 86 152 0.60165
00012.jpg 545 94 100 140 0.60093
00012.jpg 441 160 73 236 0.59928
00012.jpg 137 159 231 374 0.59712
00012.jpg 554 98 88 148 0.59165
00012.jpg 261 177 116 213 0.59063
00012.jpg 550 90 90 162 0.58994
00012.jpg 548 98 90 134 0.58746
00012.jpg 479 158 88 361 0.58691
00012.jpg 447 170 107 273 0.58379
00012.jpg 477 179 101 360 0.58139
00012.jpg 435 161 90 234 0.57706
00012.jpg 141 151 227 380 0.57427
00012.jpg 440 160 84 231 0.57236
00012.jpg 266 190 95 196 0.56932
00012.jpg 259 178 105 210 0.56642
00012.jpg 544 103 96 128 0.56066
00012.jpg 442 160 68 237 0.55842
00012.jpg 434 153 96 240 0.55823
00012.jpg 436 160 107 241 0.55748
00012.jpg 436 158 76 239 0.54855
00012.jpg 438 153 78 236 0.54380
00012.jpg 436 170 98 254 0.54201
00012.jpg 549 106 89 141 0.53981
00012.jpg 445 166 69 201 0.53950
00012.jpg 275 182 93 208 0.52617
00012.jpg 260 178 116 210 0.52229
00012.jpg 553 103 82 126 0.52206
00012.jpg 264 187 111 208 0.51663
00012.jpg 439 153 94 264 0.51594
00012.jpg 547 101 90 135 0.51110
00012.jpg 454 158 115 350 0.51075
00012.jpg 118 156 259 373 0.50705
00012.jpg 169 200 208 307 0.50328
00012.jpg 539 119 268 389 0.50288
00012.jpg 269 190 105 201 0.50250
00012.jpg 275 184 104 204 0.50016
