00035.jpg 532 97 299 434 0.99931
00035.jpg 128 133 228 392 0.99895
00035.jpg 131 135 214 380 0.99836
00035.jpg 132 119 228 402 0.99832
00035.jpg 125 133 225 396 0.99809
00035.jpg 533 104 308 416 0.99725
00035.jpg 427 153 100 244 0.99669
00035.jpg 417 158 110 240 0.99634
00035.jpg 134 134 220 394 0.99589
00035.jpg 531 104 289 425 0.99588
00035.jpg 127 127 225 402 0.99558
00035.jpg 132 135 217 387 0.99508
00035.jpg 120 126 236 391 0.99444
00035.jpg 136 133 211 389 0.99367
00035.jpg 121 100 232 432 0.99361
00035.jpg 127 140 213 392 0.99323
00035.jpg 121 138 240 395 0.99320
00035.jpg 543 125 288 385 0.99299
00035.jpg 112 135 271 378 0.99291
00035.jpg 533 114 301 411 0.99275
00035.jpg 512 122 329 394 0.99207
00035.jpg 533 108 305 406 0.99206
00035.jpg 265 191 97 194 0.99173
00035.jpg 143 132 202 393 0.99171
00035.jpg 426 152 101 244 0.99157
00035.jpg 421 155 109 243 0.99100
00035.jpg 421 148 108 252 0.99043
00035.jpg 533 116 297 401 0.99032
00035.jpg 130 141 206 373 0.99003
00035.jpg 428 154 99 253 0.98980
00035.jpg 538 96 287 428 0.98959
00035.jpg 424 148 106 248 0.98959
00035.jpg 539 115 294 403 0.98730
00035.jpg 428 141 99 264 0.98698
00035.jpg 143 136 215 390 0.98689
00035.jpg 426 154 97 252 0.98648
00035.jpg 536 102 307 415 0.98643
00035.jpg 121 136 242 376 0.98609
00035.jpg 565 95 94 133 0.98566
00035.jpg 428 147 94 255 0.98557
00035.jpg 422 152 105 247 0.98554
00035.jpg 424 151 108 252 0.98550
00035.jpg 129 113 227 418 0.98544
00035.jpg 536 77 297 454 0.98544
00035.jpg 560 94 101 136 0.98510
00035.jpg 128 137 229 386 0.98442
00035.jpg 426 159 104 244 0.98417
00035.jpg 429 159 93 242 0.98412
00035.jpg 565 96 95 134 0.98349
00035.jpg 264 190 95 197 0.98301
00035.jpg 536 94 304 424 0.98289
00035.jpg 123 136 231 385 0.98268
00035.jpg 562 91 92 147 0.98255
00035.jpg 420 148 109 253 0.98202
00035.jpg 563 89 97 145 0.98182
00035.jpg 266 195 91 200 0.97891
00035.jpg 563 94 100 133 0.97724
00035.jpg 534 120 281 409 0.97639
00035.jpg 561 92 98 140 0.97620
00035.jpg 557 105 276 423 0.97620
00035.jpg 260 198 100 183 0.97593
00035.jpg 263 188 99 209 0.97584
00035.jpg 421 151 107 247 0.97429
00035.jpg 264 194 100 202 0.97409
00035.jpg 423 156 100 247 0.97391
00035.jpg 265 191 90 200 0.97346
00035.jpg 563 94 99 142 0.97227
00035.jpg 265 190 99 202 0.97220
00035.jpg 564 84 93 152 0.97215
00035.jpg 568 97 86 134 0.96973
00035.jpg 269 187 91 206 0.96878
00035.jpg 429 155 101 248 0.96835
00035.jpg 272 195 89 195 0.96823
00035.jpg 419 152 109 251 0.96816
00035.jpg 539 88 292 436 0.96773
00035.jpg 263 193 95 192 0.96724
00035.jpg 539 107 307 422 0.96690
00035.jpg 264 190 95 201 0.96542
00035.jpg 422 155 105 250 0.96484
00035.jpg 422 158 106 239 0.96451
00035.jpg 426 153 102 248 0.96448
00035.jpg 424 145 103 262 0.96363
00035.jpg 564 97 97 132 0.96352
00035.jpg 560 95 103 136 0.96350
00035.jpg 130 129 229 386 0.96322
00035.jpg 420 153 106 233 0.96300
00035.jpg 421 153 108 241 0.96275
00035.jpg 267 189 94 203 0.95992
00035.jpg 562 93 99 140 0.95981
00035.jpg 566 89 90 151 0.95961
00035.jpg 421 157 106 245 0.95950
00035.jpg 522 109 307 417 0.95941
00035.jpg 562 93 96 137 0.95740
00035.jpg 266 192 95 194 0.95729
00035.jpg 269 189 88 207 0.95574
00035.jpg 422 157 108 240 0.95565
00035.jpg 564 91 89 137 0.95559
00035.jpg 562 95 98 137 0.95386
00035.jpg 126 128 218 397 0.95300
00035.jpg 138 134 217 389 0.95268
00035.jpg 547 105 295 407 0.95237
00035.jpg 264 192 97 196 0.95192
00035.jpg 565 93 92 141 0.95168
00035.jpg 264 192 97 192 0.95078
00035.jpg 559 97 106 141 0.94926
00035.jpg 138 140 203 384 0.94824
00035.jpg 268 188 92 200 0.94797
00035.jpg 552 111 275 414 0.94777
00035.jpg 564 96 93 139 0.94710
00035.jpg 547 92 296 428 0.94697
00035.jpg 428 149 101 242 0.94674
00035.jpg 264 196 101 193 0.94642
00035.jpg 544 111 258 419 0.94447
00035.jpg 563 92 96 146 0.94312
00035.jpg 536 119 315 395 0.94168
00035.jpg 267 185 91 206 0.94102
00035.jpg 265 193 92 198 0.94049
00035.jpg 266 188 93 203 0.93981
00035.jpg 562 90 97 150 0.93977
00035.jpg 270 188 86 210 0.93960
00035.jpg 530 110 312 416 0.93891
00035.jpg 115 145 238 362 0.93744
00035.jpg 269 184 95 213 0.93668
00035.jpg 568 93 86 143 0.93617
00035.jpg 113 131 248 400 0.93573
00035.jpg 265 198 100 196 0.93380
00035.jpg 270 187 90 202 0.93315
00035.jpg 421 159 104 237 0.93152
00035.jpg 548 108 282 413 0.93099
00035.jpg 544 89 308 438 0.93086
00035.jpg 418 150 108 253 0.92870
00035.jpg 124 134 236 387 0.92726
00035.jpg 268 197 89 192 0.92603
00035.jpg 564 92 92 138 0.92589
00035.jpg 421 145 103 252 0.92576
00035.jpg 265 186 99 202 0.92473
00035.jpg 566 96 89 136 0.92466
00035.jpg 276 184 85 206 0.92457
00035.jpg 263 196 98 194 0.92421
00035.jpg 422 155 105 249 0.92384
00035.jpg 529 99 293 416 0.92364
00035.jpg 528 115 288 407 0.91873
00035.jpg 543 111 274 406 0.91701
00035.jpg 559 95 104 136 0.91696
00035.jpg 269 193 92 198 0.91632
00035.jpg 535 76 312 460 0.91521
00035.jpg 422 146 105 263 0.91447
00035.jpg 261 188 97 201 0.91216
00035.jpg 562 97 96 132 0.91172
00035.jpg 568 95 88 141 0.91099
00035.jpg 565 94 90 140 0.91052
00035.jpg 266 187 88 203 0.90593
00035.jpg 418 139 116 257 0.90462
00035.jpg 423 151 103 245 0.90411
00035.jpg 429 163 100 233 0.90262
00035.jpg 572 88 258 424 0.90230
00035.jpg 560 93 100 139 0.89628
00035.jpg 131 142 229 372 0.89476
00035.jpg 266 184 97 215 0.88931
00035.jpg 264 189 99 202 0.88623
00035.jpg 267 193 91 192 0.88288
00035.jpg 562 95 93 146 0.88225
00035.jpg 415 151 122 240 0.87702
00035.jpg 534 101 299 428 0.87555
00035.jpg 477 87 385 414 0.87158
00035.jpg 565 93 94 143 0.86868
00035.jpg 558 99 100 138 0.86837
00035.jpg 541 99 265 421 0.85782
00035.jpg 425 146 105 254 0.85782
00035.jpg 567 96 95 134 0.85644
00035.jpg 126 123 220 411 0.85273
00035.jpg 535 112 296 377 0.85060
00035.jpg 534 106 295 417 0.84613
00035.jpg 548 110 274 412 0.84558
00035.jpg 563 92 89 143 0.84373
00035.jpg 522 87 333 439 0.84308
00035.jpg 267 192 91 197 0.83766
00035.jpg 422 150 106 244 0.83492
00035.jpg 564 93 91 150 0.83444
00035.jpg 554 111 287 401 0.82883
00035.jpg 425 173 102 222 0.82853
00035.jpg 419 155 110 251 0.81780
00035.jpg 418 153 114 251 0.81457
00035.jpg 562 95 100 138 0.81449
00035.jpg 554 96 109 138 0.81309
00035.jpg 428 151 94 247 0.81228
00035.jpg 566 98 89 140 0.81020
00035.jpg 495 175 93 236 0.81011
00035.jpg 558 92 103 137 0.80616
00035.jpg 537 123 271 386 0.79850
00035.jpg 487 181 93 237 0.79522
00035.jpg 489 172 85 230 0.79397
00035.jpg 493 176 88 226 0.78379
00035.jpg 262 184 100 207 0.78301
00035.jpg 562 97 100 142 0.78152
00035.jpg 496 176 77 231 0.77284
00035.jpg 128 127 191 412 0.76869
00035.jpg 563 97 91 136 0.76723
00035.jpg 263 187 95 208 0.76554
00035.jpg 418 150 105 245 0.76553
00035.jpg 428 139 114 266 0.76062
00035.jpg 503 172 76 227 0.74905
00035.jpg 564 93 102 139 0.74879
00035.jpg 133 140 229 397 0.74680
00035.jpg 496 179 84 220 0.74533
00035.jpg 418 152 107 251 0.74386
00035.jpg 546 104 301 426 0.74105
00035.jpg 560 93 96 134 0.73755
00035.jpg 124 130 223 403 0.73602
00035.jpg 496 178 84 227 0.73441
00035.jpg 416 153 104 250 0.73360
00035.jpg 491 176 88 224 0.73322
00035.jpg 561 89 98 148 0.72736
00035.jpg 501 181 82 213 0.72706
00035.jpg 128 143 206 380 0.72641
00035.jpg 420 154 107 259 0.72590
00035.jpg 269 192 95 196 0.72262
00035.jpg 562 93 98 142 0.72134
00035.jpg 421 156 101 243 0.72127
00035.jpg 497 173 84 228 0.71679
00035.jpg 265 190 95 183 0.71650
00035.jpg 419 140 107 267 0.71610
00035.jpg 566 91 91 147 0.71229
00035.jpg 125 139 228 389 0.70837
00035.jpg 553 92 107 140 0.70589
00035.jpg 269 182 78 210 0.70413
00035.jpg 559 96 96 130 0.70003
00035.jpg 560 97 100 136 0.69994
00035.jpg 499 123 356 400 0.69913
00035.jpg 267 190 98 192 0.68717
00035.jpg 266 193 95 196 0.68628
00035.jpg 558 94 96 132 0.68155
00035.jpg 556 98 102 142 0.67936
00035.jpg 426 148 105 256 0.67908
00035.jpg 563 95 91 137 0.67676
00035.jpg 459 158 94 238 0.67437
00035.jpg 423 139 107 266 0.67387
00035.jpg 125 140 209 378 0.67329
00035.jpg 510 69 323 445 0.67222
00035.jpg 259 185 102 206 0.67162
00035.jpg 153 170 210 331 0.67113
00035.jpg 131 151 230 371 0.66843
00035.jpg 428 138 108 271 0.66773
00035.jpg 130 138 180 382 0.66340
00035.jpg 500 178 81 224 0.66229
00035.jpg 266 189 96 194 0.66078
00035.jpg 430 148 105 253 0.65709
00035.jpg 563 97 100 132 0.65183
00035.jpg 430 150 107 256 0.65146
00035.jpg 491 188 90 219 0.64970
00035.jpg 261 192 102 208 0.64626
00035.jpg 528 111 299 418 0.64217
00035.jpg 555 109 254 419 0.63260
00035.jpg 259 191 103 190 0.63155
00035.jpg 430 154 108 259 0.63122
00035.jpg 505 181 73 225 0.62797
00035.jpg 540 106 261 422 0.62546
00035.jpg 562 94 103 156 0.61964
00035.jpg 525 121 291 400 0.61859
00035.jpg 438 148 114 261 0.61683
00035.jpg 496 175 90 225 0.61252
00035.jpg 509 179 75 244 0.60951
00035.jpg 422 163 115 236 0.60727
00035.jpg 568 95 85 137 0.60526
00035.jpg 775 138 61 67 0.59809
00035.jpg 532 104 265 408 0.59763
00035.jpg 124 134 179 368 0.59762
00035.jpg 414 151 120 241 0.59316
00035.jpg 507 177 68 246 0.59235
00035.jpg 503 177 82 237 0.58403
00035.jpg 414 135 111 274 0.58235
00035.jpg 259 188 97 202 0.58037
00035.jpg 270 190 93 203 0.57970
00035.jpg 269 191 89 207 0.57690
00035.jpg 484 179 101 233 0.57405
00035.jpg 264 183 94 215 0.56827
00035.jpg 451 172 125 234 0.56622
00035.jpg 495 186 79 215 0.56574
00035.jpg 568 94 99 133 0.56411
00035.jpg 485 184 94 228 0.56106
00035.jpg 495 170 86 243 0.55598
00035.jpg 263 186 103 197 0.55030
00035.jpg 421 127 117 312 0.55018
00035.jpg 569 94 87 133 0.55003
00035.jpg 138 136 178 395 0.54582
00035.jpg 128 136 177 379 0.54226
00035.jpg 555 94 110 131 0.54136
00035.jpg 557 125 263 369 0.53752
00035.jpg 777 142 62 66 0.53388
00035.jpg 777 142 67 69 0.52911
00035.jpg 768 138 78 68 0.52275
00035.jpg 406 116 42 123 0.52238
00035.jpg 564 110 246 371 0.52228
00035.jpg 517 111 278 411 0.52035
00035.jpg 556 84 102 144 0.51134
00035.jpg 540 114 245 398 0.50529
00035.jpg 448 111 403 365 0.50404
00035.jpg 133 130 226 397 0.50239
00035.jpg 773 136 80 70 0.49964
