00005.jpg 613 142 89 116 0.99875
00005.jpg 612 144 94 116 0.99790
00005.jpg 607 139 96 122 0.99753
00005.jpg 608 138 96 123 0.99743
00005.jpg 612 140 93 118 0.99693
00005.jpg 799 175 160 354 0.99659
00005.jpg 612 140 90 119 0.99640
00005.jpg 609 139 97 124 0.99543
00005.jpg 613 140 89 119 0.99457
00005.jpg 611 144 93 115 0.99455
00005.jpg 609 143 95 114 0.99433
00005.jpg 608 140 99 121 0.99358
00005.jpg 792 192 167 320 0.99351
00005.jpg 617 144 86 115 0.99314
00005.jpg 800 169 159 358 0.99288
00005.jpg 614 139 92 126 0.99285
00005.jpg 803 182 156 334 0.99252
00005.jpg 798 168 161 364 0.99165
00005.jpg 608 142 100 120 0.99107
00005.jpg 612 143 95 117 0.99045
00005.jpg 611 140 95 119 0.99004
00005.jpg 715 212 56 55 0.98991
00005.jpg 799 188 160 344 0.98960
00005.jpg 615 139 88 120 0.98950
00005.jpg 792 182 167 346 0.98929
00005.jpg 612 144 92 113 0.98876
00005.jpg 605 141 103 119 0.98864
00005.jpg 718 215 57 52 0.98820
00005.jpg 351 44 185 281 0.98641
00005.jpg 611 141 90 118 0.98576
00005.jpg 617 138 83 124 0.98531
00005.jpg 720 217 52 46 0.98497
00005.jpg 353 42 191 283 0.98454
00005.jpg 807 190 152 335 0.98450
00005.jpg 614 139 90 123 0.98420
00005.jpg 356 40 196 295 0.98343
00005.jpg 609 141 96 118 0.98337
00005.jpg 72 267 505 217 0.98299
00005.jpg 612 138 86 123 0.98288
00005.jpg 359 44 192 284 0.98227
00005.jpg 612 142 95 117 0.98170
00005.jpg 793 186 166 335 0.98166
00005.jpg 610 142 96 118 0.98163
00005.jpg 801 191 151 330 0.98138
00005.jpg 892 180 65 175 0.97990
00005.jpg 803 191 156 336 0.97957
00005.jpg 611 144 92 113 0.97929
00005.jpg 720 214 55 48 0.97806
00005.jpg 719 216 55 47 0.97751
00005.jpg 611 140 94 121 0.97722
00005.jpg 718 213 56 51 0.97629
00005.jpg 614 141 90 118 0.97438
00005.jpg 610 142 98 118 0.97194
00005.jpg 720 214 50 53 0.97180
00005.jpg 610 141 90 118 0.97161
00005.jpg 607 137 93 116 0.97129
00005.jpg 889 176 67 177 0.97068
00005.jpg 891 179 68 170 0.97059
00005.jpg 721 214 53 49 0.97052
00005.jpg 793 169 166 355 0.97017
00005.jpg 801 188 158 346 0.97014
00005.jpg 801 195 157 337 0.96948
00005.jpg 721 217 56 46 0.96801
00005.jpg 614 137 84 121 0.96643
00005.jpg 359 37 185 298 0.96638
00005.jpg 717 213 56 48 0.96634
00005.jpg 343 30 216 320 0.96596
00005.jpg 612 141 90 116 0.96588
00005.jpg 796 170 163 359 0.96498
00005.jpg 889 181 70 180 0.96487
00005.jpg 718 213 56 50 0.96452
00005.jpg 720 214 50 49 0.96390
00005.jpg 352 47 187 272 0.96356
00005.jpg 609 140 98 120 0.96298
00005.jpg 719 213 54 52 0.96286
00005.jpg 608 140 99 118 0.96144
00005.jpg 609 143 96 119 0.96087
00005.jpg 613 146 87 109 0.96052
00005.jpg 716 214 56 52 0.95917
00005.jpg 609 138 94 120 0.95794
00005.jpg 718 210 53 57 0.95789
00005.jpg 893 170 63 194 0.95780
00005.jpg 327 52 260 290 0.95578
00005.jpg 354 51 190 279 0.95563
00005.jpg 791 171 168 354 0.95453
00005.jpg 714 211 60 53 0.95443
00005.jpg 719 213 54 53 0.95442
00005.jpg 891 179 67 181 0.95350
00005.jpg 798 189 160 337 0.95146
00005.jpg 718 214 56 51 0.95145
00005.jpg 612 144 93 107 0.95136
00005.jpg 612 142 92 118 0.95023
00005.jpg 719 212 55 55 0.94841
00005.jpg 615 135 84 128 0.94754
00005.jpg 716 210 60 52 0.94699
00005.jpg 718 212 56 51 0.94687
00005.jpg 800 188 159 345 0.94520
00005.jpg 609 139 93 122 0.94407
00005.jpg 806 198 153 326 0.94334
00005.jpg 795 173 164 366 0.94215
00005.jpg 610 143 93 116 0.94204
00005.jpg 614 140 89 119 0.94191
00005.jpg 345 42 195 299 0.94171
00005.jpg 613 142 89 116 0.94084
00005.jpg 890 181 65 166 0.93932
00005.jpg 355 33 188 300 0.93816
00005.jpg 798 193 161 346 0.93740
00005.jpg 615 138 86 122 0.93701
00005.jpg 607 142 99 119 0.93634
00005.jpg 798 200 161 330 0.93324
00005.jpg 341 46 227 306 0.93166
00005.jpg 613 144 87 119 0.93129
00005.jpg 894 172 60 184 0.92971
00005.jpg 716 217 59 47 0.92623
00005.jpg 889 181 65 169 0.92466
00005.jpg 722 215 49 51 0.92455
00005.jpg 608 142 97 118 0.92163
00005.jpg 336 37 255 335 0.92072
00005.jpg 800 182 159 357 0.91968
00005.jpg 352 33 196 309 0.91761
00005.jpg 298 45 282 355 0.91674
00005.jpg 891 179 64 173 0.91430
00005.jpg 714 214 62 51 0.91423
00005.jpg 715 216 58 47 0.91409
00005.jpg 720 212 55 54 0.91237
00005.jpg 612 135 89 129 0.91111
00005.jpg 810 178 149 361 0.90543
00005.jpg 890 177 66 177 0.90379
00005.jpg 794 209 165 319 0.90065
00005.jpg 347 51 205 267 0.90057
00005.jpg 797 179 162 358 0.89916
00005.jpg 718 211 55 55 0.89844
00005.jpg 352 39 195 299 0.89580
00005.jpg 292 43 303 382 0.89522
00005.jpg 355 46 188 300 0.89495
00005.jpg 612 143 88 113 0.89413
00005.jpg 717 210 61 56 0.89408
00005.jpg 887 180 71 177 0.89332
00005.jpg 719 214 55 50 0.89288
00005.jpg 83 274 501 221 0.89202
00005.jpg 609 141 90 121 0.88895
00005.jpg 890 176 69 173 0.88674
00005.jpg 609 143 96 122 0.88496
00005.jpg 812 173 127 350 0.88424
00005.jpg 81 273 509 220 0.88189
00005.jpg 717 216 58 46 0.88148
00005.jpg 717 213 55 51 0.88136
00005.jpg 801 174 158 349 0.87544
00005.jpg 720 213 51 48 0.87439
00005.jpg 611 139 92 118 0.87193
00005.jpg 800 199 158 329 0.87094
00005.jpg 350 43 197 292 0.87057
00005.jpg 612 140 88 115 0.86984
00005.jpg 82 290 208 239 0.86848
00005.jpg 897 177 60 183 0.86422
00005.jpg 885 176 70 201 0.86293
00005.jpg 718 216 56 52 0.86163
00005.jpg 893 182 66 166 0.86084
00005.jpg 718 211 59 52 0.85851
00005.jpg 605 137 102 117 0.85769
00005.jpg 358 47 179 303 0.85640
00005.jpg 884 187 72 158 0.85259
00005.jpg 892 174 65 182 0.85121
00005.jpg 354 40 197 283 0.85119
00005.jpg 891 179 66 175 0.85106
00005.jpg 721 215 54 48 0.85034
00005.jpg 721 216 54 49 0.85034
00005.jpg 612 137 94 123 0.84956
00005.jpg 800 198 159 337 0.84909
00005.jpg 53 261 553 243 0.84823
00005.jpg 349 37 215 295 0.84580
00005.jpg 612 137 92 122 0.84466
00005.jpg 154 59 455 438 0.84292
00005.jpg 718 213 55 54 0.84284
00005.jpg 884 185 75 189 0.84273
00005.jpg 618 136 95 121 0.84057
00005.jpg 894 181 65 167 0.83882
00005.jpg 616 143 83 118 0.83720
00005.jpg 91 270 520 226 0.83694
00005.jpg 355 43 174 277 0.83276
00005.jpg 349 38 196 308 0.82921
00005.jpg 356 46 174 275 0.82826
00005.jpg 717 211 58 52 0.82740
00005.jpg 721 213 52 50 0.82509
00005.jpg 338 43 234 313 0.82428
00005.jpg 887 181 71 179 0.82264
00005.jpg 318 38 271 330 0.82252
00005.jpg 352 42 185 281 0.81783
00005.jpg 799 186 160 353 0.81739
00005.jpg 802 206 157 324 0.81452
00005.jpg 611 138 91 117 0.81107
00005.jpg 720 216 58 46 0.80972
00005.jpg 358 50 181 296 0.80861
00005.jpg 85 277 259 254 0.80607
00005.jpg 883 183 76 197 0.80441
00005.jpg 719 214 54 48 0.80379
00005.jpg 798 193 160 337 0.80203
00005.jpg 43 200 643 306 0.79605
00005.jpg 340 49 205 288 0.79282
00005.jpg 887 178 65 171 0.79156
00005.jpg 613 144 87 119 0.78985
00005.jpg 718 211 59 53 0.78977
00005.jpg 896 177 58 174 0.78754
00005.jpg 890 185 69 166 0.78749
00005.jpg 75 285 227 247 0.77990
00005.jpg 80 79 511 439 0.77961
00005.jpg 880 177 76 210 0.77957
00005.jpg 34 270 590 246 0.77463
00005.jpg 890 176 64 185 0.77450
00005.jpg 884 176 73 238 0.77417
00005.jpg 47 263 562 243 0.77382
00005.jpg 339 44 229 304 0.77360
00005.jpg 351 46 187 304 0.77245
00005.jpg 86 288 218 246 0.77153
00005.jpg 88 53 487 443 0.77077
00005.jpg 613 142 79 119 0.76698
00005.jpg 889 180 68 172 0.76464
00005.jpg 155 39 422 458 0.76400
00005.jpg 160 63 467 421 0.76321
00005.jpg 342 40 239 340 0.76026
00005.jpg 243 42 343 382 0.75731
00005.jpg 718 208 59 55 0.75673
00005.jpg 84 284 229 244 0.75448
00005.jpg 719 216 55 51 0.75261
00005.jpg 877 170 79 235 0.75247
00005.jpg 720 213 54 51 0.75163
00005.jpg 82 283 454 226 0.75016
00005.jpg 801 203 158 326 0.74725
00005.jpg 616 140 88 123 0.74719
00005.jpg 616 141 85 111 0.74695
00005.jpg 716 212 59 40 0.74439
00005.jpg 887 174 70 192 0.74327
00005.jpg 717 218 55 46 0.74055
00005.jpg 81 277 230 255 0.73754
00005.jpg 876 176 83 260 0.73597
00005.jpg 87 280 228 251 0.73385
00005.jpg 175 78 412 414 0.73352
00005.jpg 96 270 197 260 0.73037
00005.jpg 888 181 67 171 0.72620
00005.jpg 351 42 195 306 0.72614
00005.jpg 316 46 283 326 0.72428
00005.jpg 714 215 61 54 0.72296
00005.jpg 799 185 160 353 0.72290
00005.jpg 608 142 96 117 0.72253
00005.jpg 893 174 60 191 0.72105
00005.jpg 289 41 302 430 0.72097
00005.jpg 884 176 73 194 0.71842
00005.jpg 883 177 70 174 0.71531
00005.jpg 611 144 91 108 0.71433
00005.jpg 54 258 557 245 0.71225
00005.jpg 143 268 430 221 0.70819
00005.jpg 38 269 572 200 0.70792
00005.jpg 853 159 99 332 0.70673
00005.jpg 824 185 131 333 0.70507
00005.jpg 331 35 279 370 0.70190
00005.jpg 86 264 507 229 0.69928
00005.jpg 718 214 55 53 0.69502
00005.jpg 611 146 92 114 0.69406
00005.jpg 617 140 79 116 0.69382
00005.jpg 204 46 428 409 0.69355
00005.jpg 714 212 64 50 0.69292
00005.jpg 888 181 67 171 0.69082
00005.jpg 894 176 55 186 0.68852
00005.jpg 612 147 88 117 0.68409
00005.jpg 319 45 257 294 0.68173
00005.jpg 66 275 519 229 0.68140
00005.jpg 829 194 126 327 0.67615
00005.jpg 801 217 158 312 0.67568
00005.jpg 613 145 86 109 0.67150
00005.jpg 722 216 51 46 0.66387
00005.jpg 337 26 272 443 0.66363
00005.jpg 886 193 69 163 0.65963
00005.jpg 357 29 227 307 0.65881
00005.jpg 882 176 76 227 0.65871
00005.jpg 90 278 199 253 0.65198
00005.jpg 896 171 62 186 0.64830
00005.jpg 170 57 453 426 0.64507
00005.jpg 76 266 528 243 0.64403
00005.jpg 809 186 150 332 0.64241
00005.jpg 236 33 350 444 0.64176
00005.jpg 87 284 201 246 0.64135
00005.jpg 358 52 188 275 0.64005
00005.jpg 127 80 473 411 0.63859
00005.jpg 92 276 266 243 0.63730
00005.jpg 79 280 250 248 0.63688
00005.jpg 721 212 52 49 0.63580
00005.jpg 143 26 498 430 0.63201
00005.jpg 610 140 94 116 0.63155
00005.jpg 892 181 59 173 0.63000
00005.jpg 63 265 469 252 0.62951
00005.jpg 803 226 156 308 0.62719
00005.jpg 90 283 269 241 0.62662
00005.jpg 718 212 55 46 0.62511
00005.jpg 158 68 478 446 0.62246
00005.jpg 93 274 262 243 0.62002
00005.jpg 792 172 162 356 0.61907
00005.jpg 113 74 530 425 0.61380
00005.jpg 302 44 278 422 0.61269
00005.jpg 612 138 88 118 0.61170
00005.jpg 889 179 70 170 0.61014
00005.jpg 720 211 56 52 0.60838
00005.jpg 317 52 275 296 0.60663
00005.jpg 123 50 493 454 0.60632
00005.jpg 890 181 69 179 0.60468
00005.jpg 326 68 241 247 0.60416
00005.jpg 795 184 164 348 0.60393
00005.jpg 4 295 36 124 0.60056
00005.jpg 880 182 75 154 0.59892
00005.jpg 322 32 252 352 0.59885
00005.jpg 265 43 335 431 0.59879
00005.jpg 892 182 67 177 0.59615
00005.jpg 850 191 102 327 0.59255
00005.jpg 347 60 199 286 0.59040
00005.jpg 717 208 57 55 0.58894
00005.jpg 41 271 555 226 0.58876
00005.jpg 784 220 175 315 0.58578
00005.jpg 899 182 57 177 0.58470
00005.jpg 805 210 154 324 0.58352
00005.jpg 90 282 232 247 0.58348
00005.jpg 883 182 74 157 0.58088
00005.jpg 89 270 316 251 0.58036
00005.jpg 615 148 85 116 0.57872
00005.jpg 218 45 388 418 0.57769
00005.jpg 340 46 207 274 0.57683
00005.jpg 614 141 91 122 0.57287
00005.jpg 317 17 270 440 0.57191
00005.jpg 879 179 74 172 0.57155
00005.jpg 889 178 66 193 0.57114
00005.jpg 154 287 427 181 0.56811
00005.jpg 891 184 64 173 0.56626
00005.jpg 816 165 142 374 0.56518
00005.jpg 62 273 464 237 0.55994
00005.jpg 88 296 443 163 0.55619
00005.jpg 797 217 162 314 0.55519
00005.jpg 866 168 92 334 0.55518
00005.jpg 359 31 176 322 0.55209
00005.jpg 351 40 187 297 0.55030
00005.jpg 896 188 63 169 0.55002
00005.jpg 85 269 247 242 0.54870
00005.jpg 719 216 59 52 0.54837
00005.jpg 79 288 239 240 0.54460
00005.jpg 355 52 186 262 0.54133
00005.jpg 804 211 153 309 0.54119
00005.jpg 352 50 197 254 0.54094
00005.jpg 350 44 199 273 0.54040
00005.jpg 83 283 214 234 0.53966
00005.jpg 720 214 57 47 0.53921
00005.jpg 802 203 155 321 0.53885
00005.jpg 83 276 226 262 0.53809
00005.jpg 83 46 563 352 0.53279
00005.jpg 884 178 73 248 0.52938
00005.jpg 78 270 272 254 0.52832
00005.jpg 715 213 58 55 0.52822
00005.jpg 615 137 90 120 0.52691
00005.jpg 199 115 395 366 0.52438
00005.jpg 90 290 173 235 0.52200
00005.jpg 90 60 537 437 0.52101
00005.jpg 93 275 198 250 0.51651
00005.jpg 138 254 450 234 0.51638
00005.jpg 807 213 149 308 0.51613
00005.jpg 789 178 170 340 0.51516
00005.jpg 7 310 34 102 0.51113
00005.jpg 617 142 82 127 0.50997
00005.jpg 212 27 399 454 0.50896
00005.jpg 893 180 60 171 0.50866
00005.jpg 799 210 160 328 0.50850
00005.jpg 833 209 120 290 0.50717
00005.jpg 891 183 65 152 0.50495
00005.jpg 89 279 222 252 0.50445
