00015.jpg 602 143 100 119 0.99767
00015.jpg 605 141 91 121 0.99740
00015.jpg 609 141 86 124 0.99684
00015.jpg 602 144 97 115 0.99668
00015.jpg 605 143 92 118 0.99641
00015.jpg 604 141 93 121 0.99640
00015.jpg 603 144 97 116 0.99510
00015.jpg 608 138 86 124 0.99486
00015.jpg 606 141 92 120 0.99472
00015.jpg 602 142 98 117 0.99378
00015.jpg 606 142 91 119 0.99361
00015.jpg 604 142 97 118 0.99271
00015.jpg 608 143 86 119 0.99264
00015.jpg 602 141 98 118 0.99107
00015.jpg 795 172 164 356 0.99100
00015.jpg 791 176 168 355 0.99004
00015.jpg 601 142 98 119 0.98936
00015.jpg 605 139 92 121 0.98935
00015.jpg 605 139 93 124 0.98799
00015.jpg 712 217 56 48 0.98708
00015.jpg 789 189 170 319 0.98706
00015.jpg 605 141 87 120 0.98663
00015.jpg 801 174 158 350 0.98646
00015.jpg 603 145 96 119 0.98620
00015.jpg 711 214 60 55 0.98561
00015.jpg 788 175 171 346 0.98555
00015.jpg 711 216 60 51 0.98531
00015.jpg 604 142 93 117 0.98433
00015.jpg 604 143 94 119 0.98421
00015.jpg 606 138 91 126 0.98250
00015.jpg 605 139 92 123 0.98180
00015.jpg 603 143 96 118 0.98150
00015.jpg 599 139 95 118 0.98026
00015.jpg 603 146 91 116 0.98021
00015.jpg 606 140 90 120 0.97958
00015.jpg 607 139 91 122 0.97936
00015.jpg 606 142 94 120 0.97912
00015.jpg 799 185 160 333 0.97856
00015.jpg 604 141 94 120 0.97829
00015.jpg 604 141 93 120 0.97668
00015.jpg 713 218 53 49 0.97496
00015.jpg 791 158 168 370 0.97418
00015.jpg 890 170 64 198 0.97316
00015.jpg 713 216 53 49 0.97185
00015.jpg 712 214 58 52 0.97172
00015.jpg 711 216 56 49 0.97170
00015.jpg 786 163 173 353 0.97119
00015.jpg 604 139 97 123 0.97107
00015.jpg 603 140 95 118 0.97064
00015.jpg 712 214 52 53 0.96887
00015.jpg 793 170 166 348 0.96787
00015.jpg 791 176 165 342 0.96781
00015.jpg 713 215 54 48 0.96554
00015.jpg 715 216 50 49 0.96532
00015.jpg 602 135 91 126 0.96519
00015.jpg 601 138 94 127 0.96458
00015.jpg 789 180 170 352 0.96427
00015.jpg 711 214 55 52 0.96272
00015.jpg 790 162 169 357 0.96147
00015.jpg 787 173 172 348 0.96052
00015.jpg 606 142 89 120 0.95874
00015.jpg 600 139 95 121 0.95856
00015.jpg 601 137 96 124 0.95844
00015.jpg 604 142 92 117 0.95765
00015.jpg 65 254 502 260 0.95316
00015.jpg 332 54 240 332 0.95292
00015.jpg 711 214 56 50 0.95258
00015.jpg 708 217 59 47 0.95174
00015.jpg 713 214 55 54 0.95103
00015.jpg 798 208 161 324 0.94994
00015.jpg 710 220 56 46 0.94653
00015.jpg 712 214 54 51 0.94507
00015.jpg 714 216 58 49 0.94293
00015.jpg 607 146 90 115 0.93906
00015.jpg 711 213 56 51 0.93851
00015.jpg 708 212 60 52 0.93785
00015.jpg 353 48 201 319 0.93774
00015.jpg 606 140 91 121 0.93773
00015.jpg 886 171 69 188 0.93733
00015.jpg 605 144 93 114 0.93613
00015.jpg 894 173 57 186 0.93539
00015.jpg 2 305 88 40 0.93130
00015.jpg 804 162 155 365 0.93014
00015.jpg 711 217 57 46 0.92855
00015.jpg 886 173 73 194 0.92804
00015.jpg 73 288 224 237 0.92784
00015.jpg 795 189 164 340 0.92007
00015.jpg 608 145 89 118 0.91970
00015.jpg 789 175 170 347 0.91924
00015.jpg 609 145 88 116 0.91809
00015.jpg 605 140 89 121 0.91742
00015.jpg 886 180 69 173 0.91699
00015.jpg 711 218 57 49 0.91678
00015.jpg 884 175 73 184 0.91549
00015.jpg 604 143 96 119 0.91455
00015.jpg 310 54 264 346 0.91375
00015.jpg 798 172 161 354 0.91059
00015.jpg 708 215 61 50 0.90893
00015.jpg 83 277 225 256 0.90811
00015.jpg 360 54 190 278 0.90685
00015.jpg 785 199 174 330 0.90295
00015.jpg 609 136 94 125 0.90014
00015.jpg 246 52 329 411 0.89731
00015.jpg 881 173 77 207 0.89717
00015.jpg 888 172 66 187 0.89641
00015.jpg 602 139 98 125 0.89628
00015.jpg 607 140 94 122 0.89623
00015.jpg 334 47 216 329 0.89599
00015.jpg 795 175 164 353 0.89546
00015.jpg 1 305 91 44 0.89252
00015.jpg 609 144 88 117 0.89182
00015.jpg 710 219 58 47 0.88942
00015.jpg 784 207 175 319 0.88552
00015.jpg 795 199 163 327 0.88519
00015.jpg 878 173 79 199 0.88428
00015.jpg 347 60 210 277 0.88409
00015.jpg 709 214 59 50 0.88282
00015.jpg 713 215 56 52 0.88248
00015.jpg 352 53 204 280 0.88004
00015.jpg 800 181 159 354 0.87897
00015.jpg 887 173 67 192 0.87825
00015.jpg 712 216 56 49 0.87601
00015.jpg 794 195 165 328 0.87519
00015.jpg 712 219 56 43 0.87062
00015.jpg 820 178 129 333 0.86936
00015.jpg 888 192 70 162 0.86727
00015.jpg 715 216 55 49 0.86540
00015.jpg 608 142 90 120 0.86407
00015.jpg 346 50 197 291 0.86392
00015.jpg 348 60 194 260 0.86323
00015.jpg 604 144 89 112 0.86303
00015.jpg 602 142 90 113 0.86249
00015.jpg 788 208 171 318 0.86215
00015.jpg 887 182 72 175 0.86030
00015.jpg 603 142 93 123 0.85948
00015.jpg 336 43 221 338 0.85656
00015.jpg 4 304 79 41 0.85509
00015.jpg 794 172 165 359 0.85355
00015.jpg 885 179 72 172 0.85348
00015.jpg 875 174 81 187 0.85235
00015.jpg 884 181 75 164 0.85081
00015.jpg 355 48 192 298 0.84989
00015.jpg 605 140 92 121 0.84906
00015.jpg 4 303 83 47 0.84859
00015.jpg 1 307 87 41 0.84850
00015.jpg 711 213 56 54 0.84437
00015.jpg 713 214 55 54 0.84222
00015.jpg 713 215 55 52 0.84210
00015.jpg 604 145 91 113 0.84076
00015.jpg 789 197 170 338 0.83966
00015.jpg 606 146 87 113 0.83761
00015.jpg 712 215 56 54 0.83708
00015.jpg 714 214 52 49 0.83523
00015.jpg 889 173 68 179 0.83514
00015.jpg 54 81 552 424 0.83497
00015.jpg 63 67 512 459 0.83123
00015.jpg 790 200 169 325 0.83084
00015.jpg 706 215 67 52 0.83050
00015.jpg 602 141 98 120 0.83046
00015.jpg 815 162 144 363 0.82824
00015.jpg 81 279 236 248 0.82709
00015.jpg 357 50 182 306 0.82018
00015.jpg 605 133 92 125 0.81756
00015.jpg 2 308 89 41 0.81695
00015.jpg 892 170 62 185 0.81686
00015.jpg 232 52 337 403 0.81553
00015.jpg 888 167 71 184 0.81514
00015.jpg 715 220 52 46 0.81121
00015.jpg 88 286 205 248 0.80893
00015.jpg 888 164 63 204 0.80250
00015.jpg 75 287 212 245 0.80147
00015.jpg 885 173 70 188 0.80097
00015.jpg 115 51 459 434 0.79671
00015.jpg 610 137 83 127 0.79634
00015.jpg 67 281 246 248 0.79365
00015.jpg 70 58 574 414 0.78850
00015.jpg 603 139 97 120 0.78810
00015.jpg 357 59 192 289 0.78675
00015.jpg 797 187 162 339 0.78673
00015.jpg 336 48 245 339 0.78523
00015.jpg 258 51 323 406 0.78337
00015.jpg 885 186 72 175 0.78039
00015.jpg 602 143 96 110 0.77996
00015.jpg 890 168 65 177 0.77954
00015.jpg 882 182 73 173 0.77772
00015.jpg 65 289 256 231 0.77032
00015.jpg 75 270 464 239 0.76847
00015.jpg 79 276 251 246 0.76782
00015.jpg 788 197 169 326 0.76760
00015.jpg 151 56 445 413 0.76687
00015.jpg 601 143 93 113 0.76490
00015.jpg 882 170 76 219 0.76485
00015.jpg 2 302 90 44 0.76485
00015.jpg 712 219 58 46 0.76248
00015.jpg 343 42 230 376 0.75990
00015.jpg 137 61 456 417 0.75841
00015.jpg 2 306 87 44 0.75662
00015.jpg 796 200 160 328 0.75362
00015.jpg 347 53 207 266 0.75019
00015.jpg 878 173 81 267 0.74671
00015.jpg 595 142 108 117 0.74495
00015.jpg 123 23 535 462 0.74403
00015.jpg 799 185 160 348 0.74382
00015.jpg 877 170 76 220 0.74278
00015.jpg 876 167 79 240 0.74197
00015.jpg 715 220 56 46 0.74195
00015.jpg 344 49 240 400 0.74001
00015.jpg 711 213 62 48 0.73854
00015.jpg 709 215 58 49 0.73654
00015.jpg 142 37 448 448 0.73622
00015.jpg 711 212 57 55 0.73389
00015.jpg 365 65 177 283 0.73360
00015.jpg 599 137 100 124 0.73112
00015.jpg 141 42 483 459 0.73069
00015.jpg 608 144 97 118 0.73045
00015.jpg 800 191 155 333 0.73028
00015.jpg 709 215 56 44 0.72866
00015.jpg 718 216 49 51 0.72674
00015.jpg 134 71 462 418 0.72672
00015.jpg 3 306 86 46 0.72600
00015.jpg 882 175 76 199 0.72536
00015.jpg 3 302 85 46 0.72289
00015.jpg 789 210 170 308 0.72273
00015.jpg 0 300 98 50 0.72149
00015.jpg 878 170 78 227 0.72125
00015.jpg 600 143 87 120 0.71916
00015.jpg 878 174 76 192 0.71821
00015.jpg 342 58 224 340 0.71790
00015.jpg 5 302 85 49 0.71754
00015.jpg 606 144 87 118 0.71513
00015.jpg 719 213 49 52 0.71342
00015.jpg 713 217 58 52 0.71222
00015.jpg 852 150 104 357 0.71199
00015.jpg 796 186 163 351 0.71118
00015.jpg 603 140 94 123 0.71112
00015.jpg 71 285 230 251 0.71054
00015.jpg 0 307 96 39 0.71044
00015.jpg 604 144 92 111 0.70895
00015.jpg 715 214 57 52 0.70838
00015.jpg 0 302 99 51 0.70817
00015.jpg 363 65 186 276 0.70609
00015.jpg 3 311 84 36 0.70531
00015.jpg 877 168 82 241 0.70041
00015.jpg 2 305 82 41 0.69932
00015.jpg 3 300 92 43 0.69784
00015.jpg 882 177 71 192 0.69360
00015.jpg 351 63 208 248 0.69114
00015.jpg 794 163 165 356 0.69058
00015.jpg 881 172 69 192 0.68674
00015.jpg 344 61 223 278 0.68505
00015.jpg 78 279 188 253 0.68172
00015.jpg 146 82 467 417 0.67966
00015.jpg 296 52 268 362 0.67935
00015.jpg 73 283 218 244 0.67848
00015.jpg 711 219 55 44 0.67773
00015.jpg 103 93 498 425 0.67537
00015.jpg 712 214 52 50 0.67347
00015.jpg 349 67 202 266 0.67258
00015.jpg 151 37 474 425 0.67176
00015.jpg 712 213 59 56 0.67071
00015.jpg 359 56 196 266 0.66912
00015.jpg 1 308 89 45 0.66868
00015.jpg 87 282 202 251 0.66766
00015.jpg 295 67 284 347 0.66754
00015.jpg 783 224 176 308 0.66747
00015.jpg 1 304 93 47 0.66670
00015.jpg 596 144 102 118 0.66530
00015.jpg 0 301 95 50 0.66451
00015.jpg 83 284 207 253 0.66374
00015.jpg 243 64 322 408 0.66235
00015.jpg 78 250 500 255 0.66102
00015.jpg 714 214 51 48 0.66100
00015.jpg 3 299 88 49 0.65976
00015.jpg 891 195 68 163 0.65956
00015.jpg 877 186 79 229 0.65948
00015.jpg 795 191 161 340 0.65840
00015.jpg 47 263 523 250 0.65627
00015.jpg 367 69 176 269 0.65340
00015.jpg 892 172 60 197 0.65308
00015.jpg 6 298 88 51 0.64649
00015.jpg 713 215 56 47 0.64435
00015.jpg 69 266 351 250 0.64427
00015.jpg 787 186 172 337 0.64393
00015.jpg 77 284 204 243 0.64283
00015.jpg 249 52 317 373 0.63963
00015.jpg 790 219 166 304 0.63959
00015.jpg 76 286 261 231 0.63885
00015.jpg 357 51 207 320 0.63371
00015.jpg 708 213 59 37 0.63196
00015.jpg 790 187 169 336 0.63087
00015.jpg 70 284 222 240 0.62967
00015.jpg 78 289 191 240 0.62751
00015.jpg 150 43 424 403 0.62726
00015.jpg 795 168 164 354 0.62384
00015.jpg 313 39 244 326 0.62257
00015.jpg 720 216 51 48 0.61922
00015.jpg 890 178 59 179 0.61866
00015.jpg 714 216 56 47 0.61811
00015.jpg 822 194 137 283 0.61787
00015.jpg 360 54 198 304 0.61689
00015.jpg 1 295 83 54 0.61641
00015.jpg 10 300 80 51 0.61481
00015.jpg 603 138 89 119 0.61062
00015.jpg 886 179 61 174 0.60784
00015.jpg 80 280 271 236 0.60761
00015.jpg 884 178 75 215 0.60640
00015.jpg 25 266 565 250 0.60631
00015.jpg 608 147 91 118 0.60440
00015.jpg 5 297 82 49 0.60380
00015.jpg 80 272 242 258 0.60315
00015.jpg 888 177 65 172 0.60237
00015.jpg 354 53 208 298 0.60100
00015.jpg 891 184 63 186 0.59997
00015.jpg 265 37 304 432 0.59880
00015.jpg 151 57 420 425 0.59635
00015.jpg 609 146 85 103 0.59532
00015.jpg 887 181 65 195 0.59489
00015.jpg 57 264 459 259 0.59400
00015.jpg 899 176 55 187 0.59243
00015.jpg 349 61 203 244 0.59026
00015.jpg 363 63 176 263 0.58944
00015.jpg 867 189 87 291 0.58927
00015.jpg 871 176 85 286 0.58769
00015.jpg 80 273 264 252 0.58619
00015.jpg 794 204 165 329 0.58501
00015.jpg 343 60 217 303 0.58405
00015.jpg 815 169 144 361 0.58344
00015.jpg 891 186 62 156 0.58125
00015.jpg 51 91 558 405 0.58044
00015.jpg 318 39 271 421 0.58039
00015.jpg 226 31 357 431 0.57758
00015.jpg 61 223 501 262 0.57734
00015.jpg 328 35 246 421 0.57595
00015.jpg 794 223 164 288 0.57021
00015.jpg 52 64 486 452 0.56817
00015.jpg 162 59 460 444 0.56576
00015.jpg 884 183 70 261 0.56567
00015.jpg 331 44 250 390 0.56330
00015.jpg 73 282 210 245 0.56161
00015.jpg 328 41 261 375 0.56121
00015.jpg 66 279 390 245 0.55936
00015.jpg 886 179 61 182 0.55265
00015.jpg 710 214 55 50 0.55183
00015.jpg 793 199 166 323 0.55105
00015.jpg 607 137 94 133 0.54846
00015.jpg 603 142 96 120 0.54718
00015.jpg 346 51 192 290 0.54158
00015.jpg 358 55 183 294 0.54119
00015.jpg 712 213 58 54 0.53888
00015.jpg 597 138 101 129 0.53584
00015.jpg 0 306 89 45 0.53354
00015.jpg 350 55 239 393 0.53177
00015.jpg 869 183 84 291 0.53170
00015.jpg 357 49 189 264 0.52775
00015.jpg 79 273 250 254 0.52631
00015.jpg 796 183 163 356 0.52600
00015.jpg 0 307 97 48 0.52240
00015.jpg 718 216 54 50 0.52209
00015.jpg 185 53 413 409 0.51952
00015.jpg 2 307 87 47 0.51716
00015.jpg 888 175 63 185 0.51654
00015.jpg 81 284 274 233 0.51628
00015.jpg 75 284 215 236 0.51587
00015.jpg 1 302 87 50 0.51496
00015.jpg 53 279 500 238 0.51399
00015.jpg 245 62 311 339 0.51322
00015.jpg 96 273 222 243 0.51281
00015.jpg 64 291 482 212 0.51259
00015.jpg 57 111 580 411 0.51112
00015.jpg 609 146 82 120 0.51087
00015.jpg 784 217 175 295 0.50971
00015.jpg 75 288 215 226 0.50967
00015.jpg 5 304 84 47 0.50967
00015.jpg 889 188 66 170 0.50570
00015.jpg 352 51 188 280 0.50556
00015.jpg 717 216 53 52 0.50519
00015.jpg 55 107 648 364 0.50479
00015.jpg 603 145 89 109 0.50222
00015.jpg 805 167 128 348 0.49938
