00016.jpg 600 143 97 119 0.99912
00016.jpg 601 143 90 115 0.99865
00016.jpg 791 177 168 350 0.99739
00016.jpg 601 145 95 114 0.99681
00016.jpg 598 142 100 120 0.99668
00016.jpg 809 169 149 361 0.99597
00016.jpg 605 145 89 116 0.99518
00016.jpg 709 212 61 54 0.99405
00016.jpg 601 143 97 114 0.99362
00016.jpg 601 145 98 109 0.99271
00016.jpg 789 176 170 344 0.99222
00016.jpg 603 144 91 118 0.99056
00016.jpg 791 176 168 352 0.99049
00016.jpg 604 142 94 121 0.99032
00016.jpg 798 183 161 334 0.99014
00016.jpg 793 172 166 350 0.99008
00016.jpg 602 145 93 115 0.98997
00016.jpg 601 146 99 113 0.98926
00016.jpg 601 142 98 117 0.98896
00016.jpg 799 174 160 346 0.98864
00016.jpg 788 175 165 346 0.98860
00016.jpg 602 141 93 117 0.98850
00016.jpg 599 146 97 115 0.98771
00016.jpg 795 168 164 358 0.98539
00016.jpg 712 216 59 50 0.98481
00016.jpg 600 144 99 116 0.98435
00016.jpg 348 55 202 263 0.98400
00016.jpg 602 141 95 120 0.98326
00016.jpg 792 173 160 344 0.98218
00016.jpg 706 212 65 53 0.98216
00016.jpg 707 212 61 51 0.98207
00016.jpg 600 136 93 127 0.98146
00016.jpg 602 147 94 114 0.98038
00016.jpg 780 166 179 355 0.98009
00016.jpg 601 143 92 114 0.98002
00016.jpg 602 143 96 120 0.97928
00016.jpg 801 184 158 339 0.97714
00016.jpg 806 166 153 352 0.97648
00016.jpg 711 216 57 47 0.97397
00016.jpg 602 142 94 120 0.97365
00016.jpg 603 143 95 116 0.97212
00016.jpg 815 167 144 360 0.97111
00016.jpg 597 139 97 116 0.97088
00016.jpg 603 141 94 118 0.97050
00016.jpg 603 142 89 120 0.97042
00016.jpg 602 142 90 118 0.96953
00016.jpg 601 144 96 115 0.96940
00016.jpg 599 137 95 126 0.96869
00016.jpg 712 215 58 48 0.96865
00016.jpg 798 177 161 346 0.96861
00016.jpg 598 145 103 112 0.96848
00016.jpg 597 142 101 119 0.96845
00016.jpg 76 278 232 260 0.96770
00016.jpg 603 143 95 120 0.96747
00016.jpg 604 146 97 114 0.96600
00016.jpg 605 138 89 123 0.96574
00016.jpg 353 54 195 269 0.96512
00016.jpg 712 216 59 46 0.96384
00016.jpg 712 216 55 49 0.96331
00016.jpg 710 212 60 52 0.96329
00016.jpg 603 141 94 117 0.96327
00016.jpg 714 215 51 47 0.96323
00016.jpg 76 282 225 255 0.96273
00016.jpg 601 145 92 113 0.96108
00016.jpg 710 214 61 48 0.96058
00016.jpg 714 213 51 52 0.95733
00016.jpg 338 49 235 310 0.95671
00016.jpg 356 55 191 271 0.95650
00016.jpg 603 145 95 115 0.95558
00016.jpg 787 182 172 352 0.95381
00016.jpg 100 58 473 411 0.95128
00016.jpg 604 145 93 113 0.95109
00016.jpg 708 214 61 48 0.94989
00016.jpg 717 217 51 47 0.94916
00016.jpg 602 139 96 115 0.94904
00016.jpg 600 147 90 110 0.94897
00016.jpg 709 217 58 49 0.94835
00016.jpg 52 271 527 205 0.94683
00016.jpg 793 172 166 354 0.94660
00016.jpg 601 136 95 130 0.94318
00016.jpg 603 147 94 110 0.94306
00016.jpg 790 168 169 346 0.94269
00016.jpg 358 49 190 307 0.94265
00016.jpg 712 215 56 50 0.94102
00016.jpg 355 48 196 291 0.94053
00016.jpg 314 57 244 322 0.93969
00016.jpg 712 214 59 52 0.93892
00016.jpg 709 211 59 56 0.93811
00016.jpg 794 192 165 333 0.93725
00016.jpg 792 180 167 341 0.93637
00016.jpg 602 143 95 115 0.93485
00016.jpg 708 214 60 52 0.93388
00016.jpg 351 54 194 278 0.93249
00016.jpg 351 63 191 264 0.93051
00016.jpg 800 172 155 365 0.92784
00016.jpg 600 145 97 117 0.92772
00016.jpg 600 144 99 117 0.92631
00016.jpg 602 141 96 119 0.92599
00016.jpg 315 58 241 318 0.92454
00016.jpg 336 54 231 313 0.92109
00016.jpg 605 147 96 117 0.91790
00016.jpg 606 142 86 119 0.91757
00016.jpg 710 216 57 49 0.91653
00016.jpg 708 218 63 44 0.91618
00016.jpg 355 57 196 290 0.91589
00016.jpg 795 170 164 351 0.91318
00016.jpg 606 141 85 112 0.91292
00016.jpg 604 140 95 124 0.91236
00016.jpg 71 282 206 249 0.91155
00016.jpg 786 196 173 331 0.91115
00016.jpg 711 212 54 54 0.91093
00016.jpg 714 215 55 49 0.91035
00016.jpg 354 52 190 302 0.91022
00016.jpg 352 63 188 260 0.90869
00016.jpg 352 57 196 258 0.90842
00016.jpg 73 286 215 246 0.90761
00016.jpg 715 214 55 50 0.90738
00016.jpg 602 141 92 120 0.90690
00016.jpg 602 142 94 122 0.90648
00016.jpg 710 214 62 49 0.90639
00016.jpg 64 282 244 243 0.90523
00016.jpg 70 281 239 245 0.90247
00016.jpg 605 139 96 119 0.90226
00016.jpg 790 187 169 336 0.90039
00016.jpg 600 138 99 125 0.90017
00016.jpg 336 50 204 308 0.89840
00016.jpg 350 56 197 268 0.89632
00016.jpg 710 209 60 54 0.89105
00016.jpg 607 145 88 117 0.89050
00016.jpg 73 274 217 259 0.88603
00016.jpg 714 214 57 51 0.88480
00016.jpg 710 217 59 47 0.88440
00016.jpg 711 215 57 50 0.88387
00016.jpg 713 216 56 47 0.88248
00016.jpg 707 214 62 47 0.88101
00016.jpg 602 142 90 115 0.87931
00016.jpg 888 174 59 183 0.87929
00016.jpg 711 213 57 47 0.87773
00016.jpg 885 178 74 190 0.87624
00016.jpg 711 216 59 46 0.87077
00016.jpg 609 141 87 120 0.87058
00016.jpg 886 182 68 169 0.87015
00016.jpg 710 214 61 54 0.86857
00016.jpg 711 214 58 46 0.86713
00016.jpg 604 141 92 116 0.86696
00016.jpg 885 169 69 185 0.86626
00016.jpg 63 288 246 233 0.86499
00016.jpg 890 176 66 174 0.86230
00016.jpg 299 55 280 318 0.85971
00016.jpg 797 180 158 347 0.85930
00016.jpg 74 288 221 241 0.85780
00016.jpg 713 213 57 52 0.85774
00016.jpg 70 280 227 255 0.85683
00016.jpg 803 165 156 364 0.85504
00016.jpg 68 274 232 255 0.85290
00016.jpg 69 282 262 255 0.85139
00016.jpg 605 148 92 109 0.85090
00016.jpg 77 284 195 245 0.85003
00016.jpg 333 52 222 353 0.84880
00016.jpg 76 282 205 245 0.84694
00016.jpg 47 262 523 233 0.84574
00016.jpg 888 171 67 201 0.84515
00016.jpg 787 202 172 320 0.84341
00016.jpg 887 184 70 168 0.84319
00016.jpg 84 283 204 245 0.84265
00016.jpg 885 176 70 181 0.84143
00016.jpg 340 47 205 298 0.84088
00016.jpg 354 79 191 247 0.83919
00016.jpg 794 158 165 377 0.83873
00016.jpg 273 50 301 379 0.83459
00016.jpg 828 153 131 354 0.83329
00016.jpg 290 59 294 344 0.83123
00016.jpg 794 185 165 350 0.83116
00016.jpg 600 144 97 111 0.82979
00016.jpg 791 191 168 342 0.82735
00016.jpg 794 186 165 348 0.82466
00016.jpg 799 188 160 349 0.82289
00016.jpg 80 275 269 247 0.82263
00016.jpg 811 152 148 364 0.82175
00016.jpg 715 212 49 48 0.82076
00016.jpg 705 214 67 48 0.81277
00016.jpg 334 54 222 295 0.81267
00016.jpg 711 214 58 51 0.81241
00016.jpg 72 272 227 266 0.81108
00016.jpg 85 277 211 250 0.81024
00016.jpg 356 57 209 316 0.80766
00016.jpg 712 211 61 52 0.80369
00016.jpg 354 65 198 282 0.80282
00016.jpg 360 57 181 271 0.80228
00016.jpg 71 277 236 250 0.80202
00016.jpg 714 213 56 52 0.80144
00016.jpg 710 212 60 56 0.79961
00016.jpg 80 275 207 261 0.79838
00016.jpg 601 138 93 121 0.79750
00016.jpg 799 188 160 334 0.79682
00016.jpg 879 174 75 199 0.79609
00016.jpg 301 45 273 381 0.79418
00016.jpg 603 147 90 113 0.79105
00016.jpg 884 170 73 200 0.79057
00016.jpg 893 176 61 191 0.79046
00016.jpg 302 43 261 384 0.78753
00016.jpg 713 215 55 46 0.78662
00016.jpg 878 179 79 192 0.78510
00016.jpg 356 51 198 283 0.78485
00016.jpg 357 60 186 278 0.78456
00016.jpg 73 266 222 267 0.78208
00016.jpg 353 63 198 247 0.78142
00016.jpg 601 144 90 116 0.77874
00016.jpg 709 219 60 48 0.77839
00016.jpg 72 278 238 258 0.77817
00016.jpg 302 53 249 353 0.77778
00016.jpg 794 175 165 350 0.77490
00016.jpg 363 56 188 276 0.77486
00016.jpg 715 217 51 46 0.77425
00016.jpg 793 183 166 349 0.77332
00016.jpg 885 177 65 174 0.77304
00016.jpg 79 271 215 266 0.77261
00016.jpg 713 214 53 50 0.77248
00016.jpg 605 142 91 112 0.77021
00016.jpg 795 170 164 368 0.76993
00016.jpg 878 173 81 219 0.76989
00016.jpg 602 145 97 114 0.76971
00016.jpg 317 49 249 386 0.76750
00016.jpg 708 212 59 51 0.76662
00016.jpg 710 216 58 49 0.76352
00016.jpg 89 287 458 198 0.76333
00016.jpg 874 174 85 264 0.76293
00016.jpg 70 273 221 254 0.76259
00016.jpg 67 273 239 263 0.76151
00016.jpg 75 280 218 243 0.76070
00016.jpg 879 177 79 218 0.76059
00016.jpg 882 178 67 172 0.75967
00016.jpg 711 214 55 50 0.75820
00016.jpg 63 274 386 251 0.75709
00016.jpg 802 178 152 328 0.75677
00016.jpg 843 181 115 313 0.75650
00016.jpg 341 55 203 285 0.75456
00016.jpg 887 176 59 187 0.75259
00016.jpg 794 199 165 331 0.74697
00016.jpg 311 54 245 312 0.74172
00016.jpg 882 180 75 160 0.73928
00016.jpg 115 48 477 428 0.73860
00016.jpg 878 170 81 244 0.73520
00016.jpg 708 214 61 54 0.73162
00016.jpg 347 60 203 291 0.73063
00016.jpg 893 177 58 179 0.72868
00016.jpg 881 174 77 237 0.72837
00016.jpg 884 185 70 165 0.72747
00016.jpg 58 262 510 246 0.72399
00016.jpg 352 67 189 248 0.72352
00016.jpg 76 291 201 238 0.72300
00016.jpg 802 186 157 334 0.71874
00016.jpg 883 172 73 210 0.71824
00016.jpg 234 43 330 434 0.71647
00016.jpg 90 267 208 268 0.71477
00016.jpg 75 282 202 243 0.71287
00016.jpg 607 148 87 114 0.71176
00016.jpg 595 138 97 116 0.71175
00016.jpg 78 277 251 250 0.71144
00016.jpg 714 214 54 44 0.71027
00016.jpg 166 65 405 402 0.70890
00016.jpg 791 191 166 335 0.70143
00016.jpg 298 58 287 312 0.69908
00016.jpg 96 30 605 455 0.69485
00016.jpg 710 215 59 51 0.69232
00016.jpg 75 287 203 246 0.69139
00016.jpg 334 61 225 314 0.68836
00016.jpg 892 174 58 181 0.68711
00016.jpg 178 50 476 423 0.68624
00016.jpg 707 213 63 39 0.68570
00016.jpg 347 60 203 274 0.68503
00016.jpg 710 210 56 54 0.68465
00016.jpg 214 44 358 402 0.68415
00016.jpg 887 164 71 183 0.68316
00016.jpg 711 219 57 43 0.68211
00016.jpg 886 188 64 214 0.67397
00016.jpg 77 275 329 242 0.67348
00016.jpg 78 285 215 241 0.67345
00016.jpg 885 192 71 166 0.67218
00016.jpg 84 76 475 429 0.67093
00016.jpg 73 290 195 249 0.66868
00016.jpg 364 69 176 251 0.66804
00016.jpg 887 177 66 170 0.66554
00016.jpg 83 117 532 350 0.66360
00016.jpg 75 291 285 223 0.65915
00016.jpg 348 52 228 403 0.65810
00016.jpg 892 193 65 163 0.65609
00016.jpg 715 213 55 49 0.65077
00016.jpg 871 179 87 291 0.65071
00016.jpg 41 262 530 250 0.64683
00016.jpg 75 278 243 248 0.64575
00016.jpg 714 209 57 52 0.64355
00016.jpg 846 179 108 324 0.64118
00016.jpg 891 184 60 180 0.64001
00016.jpg 140 297 416 132 0.63986
00016.jpg 716 216 55 49 0.63925
00016.jpg 348 61 201 291 0.63893
00016.jpg 338 69 222 261 0.63834
00016.jpg 41 274 530 225 0.63799
00016.jpg 84 277 202 251 0.63674
00016.jpg 129 52 462 413 0.62744
00016.jpg 85 273 184 259 0.62708
00016.jpg 874 191 85 255 0.62673
00016.jpg 70 283 205 252 0.61902
00016.jpg 177 85 407 377 0.61790
00016.jpg 191 65 377 366 0.61325
00016.jpg 708 213 60 52 0.61020
00016.jpg 176 36 463 390 0.60972
00016.jpg 83 271 484 242 0.60966
00016.jpg 889 174 63 182 0.60584
00016.jpg 877 174 77 193 0.60563
00016.jpg 240 61 346 350 0.60349
00016.jpg 882 179 74 173 0.60341
00016.jpg 64 284 225 242 0.60287
00016.jpg 781 211 177 321 0.60283
00016.jpg 35 273 563 223 0.60149
00016.jpg 335 54 245 353 0.59943
00016.jpg 884 180 69 273 0.59630
00016.jpg 360 68 181 276 0.59588
00016.jpg 78 279 220 247 0.59547
00016.jpg 127 61 465 422 0.59352
00016.jpg 117 72 494 376 0.59316
00016.jpg 354 53 184 299 0.59214
00016.jpg 350 54 206 260 0.59103
00016.jpg 359 60 190 295 0.59056
00016.jpg 70 250 293 287 0.59031
00016.jpg 876 186 74 188 0.58971
00016.jpg 357 56 194 267 0.58916
00016.jpg 190 69 380 362 0.58914
00016.jpg 94 120 491 391 0.58906
00016.jpg 337 49 244 397 0.58646
00016.jpg 868 177 88 279 0.58080
00016.jpg 74 281 358 242 0.57849
00016.jpg 152 69 464 428 0.57816
00016.jpg 880 174 75 191 0.57803
00016.jpg 714 219 56 45 0.57715
00016.jpg 607 140 92 117 0.57500
00016.jpg 789 201 170 323 0.57491
00016.jpg 710 214 56 49 0.57325
00016.jpg 883 185 69 245 0.57163
00016.jpg 872 179 85 169 0.56790
00016.jpg 173 46 424 415 0.56725
00016.jpg 79 303 213 233 0.56576
00016.jpg 786 192 159 325 0.56478
00016.jpg 880 181 71 203 0.56438
00016.jpg 349 57 209 316 0.55989
00016.jpg 604 141 102 117 0.55868
00016.jpg 592 142 106 115 0.55565
00016.jpg 71 288 205 241 0.55475
00016.jpg 706 211 64 47 0.55236
00016.jpg 869 184 83 298 0.55134
00016.jpg 834 197 122 297 0.54789
00016.jpg 74 276 288 246 0.54551
00016.jpg 868 177 91 250 0.54247
00016.jpg 293 75 261 264 0.54127
00016.jpg 802 199 153 322 0.53920
00016.jpg 890 187 69 168 0.53918
00016.jpg 887 179 63 160 0.53805
00016.jpg 74 267 223 270 0.53358
00016.jpg 160 52 418 393 0.53255
00016.jpg 219 51 346 412 0.53024
00016.jpg 62 262 408 267 0.52890
00016.jpg 359 52 193 291 0.52780
00016.jpg 67 95 540 381 0.52621
00016.jpg 870 165 87 338 0.52609
00016.jpg 799 182 154 339 0.52346
00016.jpg 888 179 65 216 0.52342
00016.jpg 80 275 232 231 0.52076
00016.jpg 0 308 28 30 0.51834
00016.jpg 76 288 218 229 0.51713
00016.jpg 62 287 231 210 0.51636
00016.jpg 883 182 76 218 0.51306
00016.jpg 328 46 258 422 0.51225
00016.jpg 339 43 250 410 0.51208
00016.jpg 890 176 62 173 0.50806
00016.jpg 68 287 211 240 0.50387
00016.jpg 199 59 402 334 0.50288
00016.jpg 774 184 179 345 0.50134
00016.jpg 168 54 474 440 0.49959
