00028.jpg 598 139 92 121 0.99917
00028.jpg 708 211 62 52 0.99732
00028.jpg 596 139 101 118 0.99600
00028.jpg 602 137 95 121 0.99562
00028.jpg 601 136 95 123 0.99538
00028.jpg 710 213 56 50 0.99517
00028.jpg 604 141 87 116 0.99467
00028.jpg 598 140 100 120 0.99418
00028.jpg 796 165 163 357 0.99409
00028.jpg 710 212 60 51 0.99407
00028.jpg 713 214 53 49 0.99403
00028.jpg 711 213 56 49 0.99376
00028.jpg 598 138 97 118 0.99357
00028.jpg 597 139 98 121 0.99256
00028.jpg 710 212 59 50 0.99230
00028.jpg 599 139 99 117 0.99177
00028.jpg 798 167 161 355 0.99073
00028.jpg 602 132 91 131 0.99035
00028.jpg 597 135 101 132 0.99005
00028.jpg 795 186 164 335 0.98969
00028.jpg 601 141 96 120 0.98932
00028.jpg 603 139 87 119 0.98887
00028.jpg 602 139 89 119 0.98747
00028.jpg 600 133 92 124 0.98736
00028.jpg 597 142 98 118 0.98601
00028.jpg 786 166 173 349 0.98517
00028.jpg 601 139 91 120 0.98477
00028.jpg 785 173 174 363 0.98451
00028.jpg 790 167 169 346 0.98368
00028.jpg 709 213 59 48 0.98342
00028.jpg 595 137 104 122 0.98327
00028.jpg 601 135 94 122 0.98303
00028.jpg 786 170 173 351 0.98150
00028.jpg 707 212 62 51 0.98069
00028.jpg 793 174 166 348 0.98050
00028.jpg 603 136 84 123 0.98047
00028.jpg 601 139 94 121 0.97999
00028.jpg 599 140 98 117 0.97956
00028.jpg 602 135 90 126 0.97799
00028.jpg 600 140 99 117 0.97443
00028.jpg 599 141 95 119 0.97407
00028.jpg 599 138 98 125 0.97361
00028.jpg 788 178 171 344 0.97258
00028.jpg 794 173 165 345 0.97221
00028.jpg 599 137 95 127 0.97209
00028.jpg 712 213 56 52 0.97024
00028.jpg 713 211 52 49 0.97024
00028.jpg 596 141 102 115 0.96960
00028.jpg 712 212 58 49 0.96921
00028.jpg 599 137 96 124 0.96838
00028.jpg 713 212 53 53 0.96820
00028.jpg 709 213 57 50 0.96751
00028.jpg 604 137 88 122 0.96747
00028.jpg 603 138 87 122 0.96734
00028.jpg 601 140 94 116 0.96688
00028.jpg 605 137 88 121 0.96670
00028.jpg 600 139 88 121 0.96430
00028.jpg 605 141 87 118 0.96398
00028.jpg 710 211 61 49 0.96269
00028.jpg 712 212 59 48 0.96192
00028.jpg 362 40 194 291 0.96191
00028.jpg 711 211 61 51 0.96011
00028.jpg 355 39 213 279 0.95974
00028.jpg 786 163 173 356 0.95950
00028.jpg 887 168 70 183 0.95917
00028.jpg 362 44 192 280 0.95896
00028.jpg 791 164 157 359 0.95750
00028.jpg 593 139 102 121 0.95609
00028.jpg 59 265 541 245 0.95562
00028.jpg 599 144 95 115 0.95497
00028.jpg 360 48 201 256 0.95377
00028.jpg 604 138 92 120 0.95249
00028.jpg 889 179 66 167 0.95182
00028.jpg 710 214 56 44 0.95027
00028.jpg 713 212 56 49 0.94979
00028.jpg 603 137 95 123 0.94661
00028.jpg 603 138 87 120 0.94654
00028.jpg 710 212 59 53 0.94444
00028.jpg 595 141 102 121 0.94436
00028.jpg 792 180 167 345 0.94356
00028.jpg 357 47 208 278 0.94304
00028.jpg 712 212 59 53 0.94300
00028.jpg 707 212 67 50 0.94265
00028.jpg 602 134 93 129 0.94194
00028.jpg 887 174 71 180 0.94007
00028.jpg 362 41 191 295 0.93813
00028.jpg 599 138 99 124 0.93575
00028.jpg 351 48 201 275 0.93508
00028.jpg 708 211 59 50 0.93497
00028.jpg 885 169 71 173 0.93447
00028.jpg 710 210 63 51 0.93430
00028.jpg 886 174 70 179 0.93369
00028.jpg 601 135 91 126 0.93204
00028.jpg 603 141 89 119 0.93020
00028.jpg 598 140 95 113 0.92917
00028.jpg 715 216 52 46 0.92902
00028.jpg 714 213 55 49 0.92868
00028.jpg 793 167 166 372 0.92760
00028.jpg 73 276 243 259 0.92729
00028.jpg 708 215 66 45 0.92635
00028.jpg 598 132 97 126 0.92244
00028.jpg 52 240 513 271 0.92192
00028.jpg 600 136 89 125 0.92132
00028.jpg 886 171 70 176 0.91867
00028.jpg 355 48 209 285 0.91705
00028.jpg 885 171 64 185 0.91583
00028.jpg 354 43 204 279 0.91267
00028.jpg 791 172 168 364 0.91246
00028.jpg 348 35 203 309 0.91190
00028.jpg 792 171 167 362 0.90914
00028.jpg 713 212 55 49 0.90859
00028.jpg 352 40 227 306 0.90775
00028.jpg 706 215 61 44 0.90734
00028.jpg 605 140 86 126 0.90688
00028.jpg 363 57 188 254 0.90642
00028.jpg 792 165 167 357 0.90583
00028.jpg 712 214 54 47 0.90325
00028.jpg 712 216 57 46 0.90167
00028.jpg 325 44 236 302 0.90053
00028.jpg 78 267 225 268 0.89947
00028.jpg 73 265 228 267 0.89947
00028.jpg 706 207 66 55 0.89943
00028.jpg 361 48 194 262 0.89912
00028.jpg 885 176 68 168 0.89839
00028.jpg 707 216 63 49 0.89511
00028.jpg 365 57 185 269 0.89388
00028.jpg 355 56 217 287 0.89357
00028.jpg 887 171 72 170 0.89294
00028.jpg 597 134 95 122 0.89216
00028.jpg 366 44 179 280 0.89132
00028.jpg 179 40 414 428 0.89036
00028.jpg 707 211 64 51 0.88863
00028.jpg 884 163 72 194 0.88862
00028.jpg 351 45 208 283 0.88563
00028.jpg 785 172 174 348 0.88477
00028.jpg 361 50 192 278 0.88398
00028.jpg 602 140 91 116 0.88247
00028.jpg 600 141 100 118 0.88103
00028.jpg 81 280 189 248 0.87792
00028.jpg 717 214 50 50 0.87790
00028.jpg 709 217 62 42 0.87276
00028.jpg 71 284 214 248 0.86718
00028.jpg 367 49 184 285 0.86668
00028.jpg 890 170 62 178 0.86653
00028.jpg 886 174 66 170 0.86375
00028.jpg 602 137 88 122 0.86257
00028.jpg 361 45 194 288 0.86002
00028.jpg 604 138 90 119 0.85924
00028.jpg 879 171 74 180 0.85756
00028.jpg 64 283 240 243 0.85714
00028.jpg 74 280 226 252 0.85631
00028.jpg 884 176 74 170 0.85345
00028.jpg 709 212 58 52 0.85239
00028.jpg 887 161 66 193 0.85235
00028.jpg 80 275 216 260 0.85152
00028.jpg 710 212 60 55 0.85106
00028.jpg 75 280 199 246 0.85098
00028.jpg 889 178 69 163 0.84978
00028.jpg 710 212 58 48 0.84923
00028.jpg 368 45 198 292 0.84716
00028.jpg 333 50 230 308 0.84625
00028.jpg 882 170 75 196 0.84574
00028.jpg 883 180 74 172 0.84554
00028.jpg 889 171 58 180 0.84535
00028.jpg 323 47 242 314 0.84516
00028.jpg 602 137 87 120 0.84241
00028.jpg 73 277 226 254 0.83689
00028.jpg 886 167 69 184 0.83673
00028.jpg 358 51 199 259 0.83560
00028.jpg 878 167 79 188 0.83498
00028.jpg 893 172 58 173 0.83407
00028.jpg 347 49 216 274 0.83003
00028.jpg 332 49 237 287 0.82955
00028.jpg 891 168 65 179 0.82953
00028.jpg 350 47 199 263 0.82924
00028.jpg 798 183 156 347 0.82648
00028.jpg 885 170 65 184 0.82451
00028.jpg 709 212 60 49 0.82374
00028.jpg 707 206 65 54 0.82101
00028.jpg 68 278 236 250 0.81947
00028.jpg 711 211 59 48 0.81774
00028.jpg 355 49 203 262 0.81757
00028.jpg 711 210 60 56 0.81720
00028.jpg 600 132 89 125 0.81560
00028.jpg 361 47 193 290 0.81423
00028.jpg 873 172 79 255 0.81389
00028.jpg 603 136 90 123 0.81246
00028.jpg 75 276 214 263 0.80973
00028.jpg 890 173 65 177 0.80650
00028.jpg 802 168 157 371 0.80494
00028.jpg 605 137 89 123 0.80375
00028.jpg 68 283 223 256 0.80228
00028.jpg 72 277 219 252 0.80115
00028.jpg 62 268 498 247 0.79788
00028.jpg 227 55 347 329 0.79743
00028.jpg 67 269 253 258 0.79730
00028.jpg 590 134 107 129 0.79631
00028.jpg 336 42 241 305 0.79265
00028.jpg 78 278 213 257 0.79142
00028.jpg 287 40 281 359 0.78832
00028.jpg 359 54 184 273 0.78794
00028.jpg 786 217 173 314 0.78785
00028.jpg 792 180 167 339 0.78676
00028.jpg 175 41 453 405 0.78631
00028.jpg 73 273 209 265 0.78451
00028.jpg 145 62 474 438 0.78285
00028.jpg 82 276 198 256 0.78207
00028.jpg 343 46 228 359 0.77945
00028.jpg 86 272 212 254 0.77804
00028.jpg 709 212 61 54 0.77689
00028.jpg 81 104 516 379 0.77419
00028.jpg 299 61 269 336 0.77354
00028.jpg 885 177 71 176 0.77244
00028.jpg 77 275 278 250 0.77132
00028.jpg 353 64 214 256 0.77062
00028.jpg 49 262 541 220 0.77046
00028.jpg 357 48 191 287 0.76837
00028.jpg 603 141 85 110 0.76730
00028.jpg 883 165 74 224 0.76534
00028.jpg 713 209 61 52 0.76442
00028.jpg 364 58 194 278 0.76430
00028.jpg 604 138 90 123 0.76405
00028.jpg 891 169 68 168 0.76209
00028.jpg 883 172 75 203 0.75739
00028.jpg 50 84 516 423 0.75734
00028.jpg 355 49 202 261 0.75469
00028.jpg 877 170 74 191 0.75093
00028.jpg 284 62 302 339 0.74677
00028.jpg 876 165 83 277 0.74393
00028.jpg 600 134 94 119 0.74260
00028.jpg 357 46 200 285 0.74094
00028.jpg 602 141 102 122 0.74024
00028.jpg 707 212 63 49 0.73976
00028.jpg 357 53 193 260 0.73925
00028.jpg 707 212 66 47 0.73716
00028.jpg 878 167 79 200 0.73645
00028.jpg 875 167 81 228 0.73377
00028.jpg 881 169 77 211 0.72933
00028.jpg 106 79 511 402 0.72907
00028.jpg 363 47 195 306 0.72825
00028.jpg 69 283 206 249 0.72341
00028.jpg 75 280 202 243 0.72004
00028.jpg 795 205 164 324 0.71827
00028.jpg 70 278 220 257 0.71165
00028.jpg 363 45 188 287 0.71127
00028.jpg 40 265 541 234 0.71116
00028.jpg 142 88 458 383 0.69990
00028.jpg 132 62 464 394 0.69924
00028.jpg 67 262 416 255 0.69810
00028.jpg 73 279 216 245 0.69452
00028.jpg 350 43 219 304 0.69332
00028.jpg 805 178 154 329 0.69293
00028.jpg 363 56 186 255 0.69245
00028.jpg 789 186 168 345 0.69150
00028.jpg 79 280 195 249 0.69103
00028.jpg 74 273 293 253 0.68743
00028.jpg 73 241 523 250 0.68476
00028.jpg 375 50 187 269 0.68434
00028.jpg 804 183 155 328 0.68418
00028.jpg 306 51 281 317 0.68335
00028.jpg 890 171 68 183 0.68183
00028.jpg 793 208 166 315 0.68132
00028.jpg 105 41 458 462 0.68081
00028.jpg 791 186 168 346 0.67366
00028.jpg 46 233 523 249 0.67156
00028.jpg 152 69 438 395 0.66877
00028.jpg 881 165 71 179 0.66452
00028.jpg 76 285 186 248 0.66290
00028.jpg 343 45 217 282 0.66113
00028.jpg 84 280 204 249 0.65694
00028.jpg 886 174 70 155 0.65540
00028.jpg 606 132 94 132 0.65463
00028.jpg 711 209 61 49 0.65411
00028.jpg 887 173 69 170 0.65220
00028.jpg 65 275 273 253 0.64926
00028.jpg 603 141 83 117 0.64900
00028.jpg 135 67 439 410 0.64770
00028.jpg 786 207 173 325 0.64578
00028.jpg 709 209 56 48 0.64519
00028.jpg 336 73 226 246 0.64506
00028.jpg 884 186 67 174 0.64468
00028.jpg 599 141 95 119 0.64042
00028.jpg 896 182 57 176 0.63958
00028.jpg 795 187 162 346 0.63942
00028.jpg 604 140 98 124 0.63813
00028.jpg 863 184 96 254 0.63760
00028.jpg 260 49 317 376 0.63714
00028.jpg 708 213 60 51 0.63551
00028.jpg 600 138 95 121 0.63404
00028.jpg 895 181 57 174 0.63234
00028.jpg 596 131 96 127 0.63132
00028.jpg 370 54 198 263 0.63069
00028.jpg 349 47 222 261 0.63005
00028.jpg 359 56 195 264 0.62945
00028.jpg 161 48 425 415 0.62570
00028.jpg 887 179 70 168 0.62500
00028.jpg 880 175 70 213 0.62436
00028.jpg 61 277 235 254 0.62239
00028.jpg 364 50 198 295 0.62122
00028.jpg 136 50 483 449 0.61980
00028.jpg 322 51 238 287 0.61729
00028.jpg 319 30 252 413 0.61603
00028.jpg 113 63 506 410 0.61315
00028.jpg 712 212 58 48 0.61227
00028.jpg 315 60 258 292 0.61144
00028.jpg 867 164 88 283 0.60941
00028.jpg 710 214 59 48 0.60884
00028.jpg 88 262 204 274 0.60750
00028.jpg 244 46 319 371 0.60665
00028.jpg 82 135 518 380 0.60663
00028.jpg 788 171 162 349 0.60070
00028.jpg 137 82 442 402 0.60040
00028.jpg 803 210 150 303 0.60032
00028.jpg 832 184 127 311 0.59834
00028.jpg 368 50 199 242 0.58817
00028.jpg 65 67 475 446 0.58655
00028.jpg 892 174 62 171 0.58572
00028.jpg 42 246 534 270 0.58222
00028.jpg 713 216 57 46 0.58189
00028.jpg 166 286 390 137 0.58070
00028.jpg 707 208 63 51 0.57755
00028.jpg 132 71 472 426 0.57721
00028.jpg 131 26 455 446 0.57660
00028.jpg 71 276 200 253 0.57582
00028.jpg 69 270 249 243 0.57145
00028.jpg 358 61 214 261 0.57110
00028.jpg 85 275 209 259 0.56381
00028.jpg 66 282 302 242 0.56365
00028.jpg 314 43 255 385 0.56250
00028.jpg 790 211 169 318 0.56118
00028.jpg 102 36 569 444 0.56058
00028.jpg 606 140 84 105 0.55842
00028.jpg 711 211 57 57 0.55548
00028.jpg 256 52 330 330 0.55406
00028.jpg 788 199 171 319 0.55249
00028.jpg 885 178 61 157 0.55244
00028.jpg 341 37 210 289 0.55205
00028.jpg 306 71 267 258 0.54969
00028.jpg 601 144 83 107 0.54940
00028.jpg 101 281 184 254 0.54417
00028.jpg 791 181 168 358 0.54364
00028.jpg 712 216 57 45 0.54030
00028.jpg 886 178 69 176 0.53442
00028.jpg 796 198 163 325 0.53166
00028.jpg 72 286 211 240 0.52916
00028.jpg 76 263 301 265 0.52813
00028.jpg 152 94 426 378 0.52731
00028.jpg 877 174 79 182 0.52522
00028.jpg 193 73 372 372 0.52059
00028.jpg 0 307 28 22 0.52008
00028.jpg 45 271 534 245 0.52006
00028.jpg 84 296 456 149 0.52001
00028.jpg 0 305 28 31 0.51792
00028.jpg 705 207 68 54 0.51464
00028.jpg 708 210 64 54 0.51462
00028.jpg 293 46 268 344 0.51437
00028.jpg 595 142 91 101 0.51050
00028.jpg 780 176 179 338 0.50446
00028.jpg 594 135 97 113 0.49995
00028.jpg 346 42 232 273 0.49923
