00024.jpg 602 138 91 121 0.99901
00024.jpg 594 136 103 122 0.99675
00024.jpg 603 140 90 119 0.99667
00024.jpg 600 142 94 118 0.99618
00024.jpg 788 171 171 360 0.99562
00024.jpg 710 213 60 50 0.99547
00024.jpg 708 210 63 55 0.99547
00024.jpg 597 134 94 124 0.99539
00024.jpg 599 140 94 118 0.99513
00024.jpg 714 211 58 50 0.99468
00024.jpg 795 170 164 361 0.99434
00024.jpg 597 138 101 119 0.99419
00024.jpg 598 140 99 117 0.99404
00024.jpg 713 211 53 52 0.99313
00024.jpg 788 167 170 351 0.99305
00024.jpg 600 138 91 121 0.99277
00024.jpg 600 135 92 126 0.99227
00024.jpg 597 133 94 122 0.99222
00024.jpg 599 137 98 117 0.99156
00024.jpg 710 212 58 48 0.99152
00024.jpg 788 182 168 334 0.99081
00024.jpg 597 131 93 133 0.99031
00024.jpg 597 131 91 130 0.99019
00024.jpg 786 166 167 350 0.98995
00024.jpg 600 137 97 117 0.98966
00024.jpg 798 167 158 354 0.98933
00024.jpg 788 172 171 348 0.98932
00024.jpg 792 173 167 339 0.98905
00024.jpg 799 168 160 352 0.98843
00024.jpg 789 171 160 349 0.98826
00024.jpg 600 137 95 119 0.98715
00024.jpg 362 47 190 271 0.98467
00024.jpg 594 137 102 120 0.98267
00024.jpg 712 214 57 48 0.98224
00024.jpg 709 213 60 47 0.98157
00024.jpg 595 141 95 120 0.98067
00024.jpg 601 135 95 125 0.98013
00024.jpg 599 134 96 126 0.98007
00024.jpg 794 158 165 366 0.97994
00024.jpg 785 177 169 333 0.97928
00024.jpg 82 282 223 250 0.97804
00024.jpg 711 211 57 51 0.97793
00024.jpg 712 213 56 47 0.97736
00024.jpg 362 39 187 301 0.97625
00024.jpg 596 137 102 124 0.97528
00024.jpg 710 215 59 45 0.97484
00024.jpg 363 41 183 286 0.97467
00024.jpg 596 134 101 123 0.97451
00024.jpg 597 135 98 124 0.97400
00024.jpg 891 171 62 177 0.97392
00024.jpg 344 31 217 306 0.97386
00024.jpg 800 169 144 362 0.97345
00024.jpg 804 156 155 372 0.97324
00024.jpg 714 212 56 47 0.97197
00024.jpg 600 137 93 124 0.97171
00024.jpg 366 47 184 280 0.97153
00024.jpg 889 167 64 185 0.97123
00024.jpg 712 214 54 51 0.97118
00024.jpg 596 139 97 115 0.96995
00024.jpg 886 176 69 169 0.96888
00024.jpg 597 138 99 120 0.96873
00024.jpg 710 215 59 44 0.96856
00024.jpg 712 211 53 52 0.96838
00024.jpg 599 134 95 127 0.96458
00024.jpg 596 136 101 124 0.96345
00024.jpg 597 140 97 119 0.96323
00024.jpg 598 134 97 122 0.96293
00024.jpg 593 134 100 121 0.96271
00024.jpg 795 174 161 348 0.96110
00024.jpg 358 35 196 308 0.96089
00024.jpg 712 213 59 47 0.96066
00024.jpg 601 136 90 122 0.96066
00024.jpg 711 211 62 49 0.95980
00024.jpg 360 48 193 272 0.95711
00024.jpg 73 278 229 259 0.95664
00024.jpg 711 212 60 49 0.95649
00024.jpg 356 43 197 276 0.95430
00024.jpg 602 136 92 124 0.95267
00024.jpg 713 212 52 50 0.95108
00024.jpg 781 159 178 364 0.94942
00024.jpg 708 213 65 49 0.94858
00024.jpg 888 177 71 167 0.94809
00024.jpg 595 131 101 132 0.94794
00024.jpg 887 178 71 174 0.94761
00024.jpg 365 62 186 261 0.94759
00024.jpg 600 137 95 122 0.94600
00024.jpg 710 213 55 49 0.94509
00024.jpg 711 215 63 49 0.94435
00024.jpg 603 139 89 112 0.94206
00024.jpg 711 207 59 54 0.94156
00024.jpg 890 172 58 182 0.94117
00024.jpg 887 174 70 166 0.94075
00024.jpg 889 179 65 162 0.93998
00024.jpg 365 47 183 288 0.93952
00024.jpg 708 213 59 46 0.93770
00024.jpg 788 188 170 344 0.93725
00024.jpg 791 176 168 352 0.93695
00024.jpg 709 210 63 49 0.93637
00024.jpg 370 58 171 272 0.93583
00024.jpg 708 216 65 45 0.93447
00024.jpg 598 129 92 130 0.93404
00024.jpg 593 137 104 121 0.93274
00024.jpg 601 136 92 119 0.93269
00024.jpg 326 39 233 319 0.93223
00024.jpg 888 173 69 167 0.93172
00024.jpg 599 137 98 123 0.93069
00024.jpg 599 139 101 121 0.92915
00024.jpg 348 38 192 325 0.92836
00024.jpg 710 210 63 50 0.92714
00024.jpg 601 135 89 124 0.92509
00024.jpg 710 212 60 47 0.92438
00024.jpg 709 212 60 47 0.92329
00024.jpg 886 173 68 177 0.92197
00024.jpg 598 135 94 125 0.91899
00024.jpg 713 213 54 48 0.91843
00024.jpg 705 213 63 49 0.91781
00024.jpg 789 173 170 361 0.91678
00024.jpg 710 214 62 49 0.91587
00024.jpg 710 213 61 49 0.91543
00024.jpg 597 139 99 119 0.91384
00024.jpg 359 50 192 277 0.91357
00024.jpg 709 212 60 51 0.91269
00024.jpg 713 215 53 47 0.91185
00024.jpg 794 182 165 345 0.91150
00024.jpg 713 212 53 48 0.91100
00024.jpg 77 281 229 251 0.91022
00024.jpg 595 140 102 123 0.90968
00024.jpg 73 283 212 251 0.90734
00024.jpg 75 281 222 253 0.90638
00024.jpg 60 268 539 205 0.90491
00024.jpg 600 139 94 120 0.90397
00024.jpg 598 138 100 123 0.90324
00024.jpg 354 51 196 263 0.90169
00024.jpg 331 43 219 296 0.90163
00024.jpg 76 277 226 262 0.90041
00024.jpg 71 286 243 241 0.89992
00024.jpg 354 58 194 282 0.89985
00024.jpg 893 175 58 174 0.89912
00024.jpg 364 61 183 252 0.89548
00024.jpg 81 279 201 258 0.89500
00024.jpg 0 270 593 229 0.89421
00024.jpg 710 212 60 50 0.89419
00024.jpg 75 280 219 254 0.89338
00024.jpg 81 280 249 240 0.88829
00024.jpg 886 172 70 187 0.88577
00024.jpg 361 43 191 295 0.88510
00024.jpg 713 212 58 48 0.88393
00024.jpg 342 53 220 303 0.88244
00024.jpg 712 216 58 46 0.88241
00024.jpg 790 158 169 364 0.88125
00024.jpg 711 213 57 52 0.87885
00024.jpg 592 134 108 123 0.87845
00024.jpg 884 179 71 176 0.87722
00024.jpg 798 179 161 347 0.87673
00024.jpg 812 163 147 364 0.87586
00024.jpg 357 52 198 270 0.87490
00024.jpg 356 47 184 284 0.87459
00024.jpg 884 179 72 179 0.87450
00024.jpg 885 180 69 154 0.87238
00024.jpg 594 140 106 115 0.87081
00024.jpg 595 133 103 130 0.87070
00024.jpg 83 274 216 259 0.87056
00024.jpg 817 166 138 345 0.87014
00024.jpg 892 177 60 165 0.86883
00024.jpg 81 284 193 249 0.86747
00024.jpg 602 139 92 122 0.86268
00024.jpg 72 289 245 237 0.86232
00024.jpg 363 43 184 264 0.86085
00024.jpg 796 167 161 372 0.85774
00024.jpg 886 177 64 161 0.85713
00024.jpg 362 48 188 278 0.85500
00024.jpg 879 169 76 186 0.85249
00024.jpg 87 280 195 248 0.85156
00024.jpg 894 183 58 172 0.84945
00024.jpg 791 207 168 316 0.84878
00024.jpg 598 135 90 127 0.84868
00024.jpg 886 174 71 171 0.84754
00024.jpg 887 176 66 172 0.84410
00024.jpg 51 247 519 255 0.84214
00024.jpg 350 39 232 319 0.84155
00024.jpg 708 209 67 53 0.83961
00024.jpg 81 280 210 259 0.83868
00024.jpg 886 181 68 165 0.83295
00024.jpg 712 217 56 45 0.83134
00024.jpg 787 176 172 339 0.82982
00024.jpg 791 179 167 352 0.82891
00024.jpg 78 280 258 251 0.82865
00024.jpg 365 48 181 285 0.82699
00024.jpg 791 205 167 321 0.82538
00024.jpg 79 281 216 239 0.82488
00024.jpg 79 280 266 239 0.82451
00024.jpg 80 280 196 255 0.82407
00024.jpg 784 207 175 325 0.82397
00024.jpg 711 211 56 52 0.82339
00024.jpg 709 212 60 52 0.82153
00024.jpg 880 173 76 176 0.82123
00024.jpg 349 41 200 284 0.82052
00024.jpg 715 214 51 47 0.81931
00024.jpg 780 183 179 341 0.81609
00024.jpg 370 51 186 273 0.81531
00024.jpg 350 36 204 302 0.81218
00024.jpg 792 195 167 328 0.81169
00024.jpg 76 268 389 252 0.81114
00024.jpg 365 57 193 289 0.81076
00024.jpg 296 47 279 356 0.80908
00024.jpg 795 175 164 360 0.80854
00024.jpg 101 64 519 387 0.80204
00024.jpg 879 170 76 190 0.79894
00024.jpg 353 42 211 329 0.79872
00024.jpg 878 183 77 165 0.79470
00024.jpg 80 279 214 252 0.79286
00024.jpg 312 44 252 345 0.79271
00024.jpg 789 182 169 344 0.79156
00024.jpg 363 68 184 228 0.79115
00024.jpg 597 137 93 120 0.78898
00024.jpg 890 179 65 181 0.78896
00024.jpg 343 46 234 326 0.78754
00024.jpg 94 277 225 254 0.78687
00024.jpg 800 180 159 337 0.78675
00024.jpg 596 135 91 115 0.78651
00024.jpg 792 192 167 335 0.78639
00024.jpg 364 47 184 279 0.78324
00024.jpg 294 50 292 353 0.78303
00024.jpg 171 58 425 416 0.77920
00024.jpg 88 280 203 246 0.77908
00024.jpg 259 31 324 400 0.77814
00024.jpg 710 212 57 50 0.77515
00024.jpg 82 287 210 233 0.77349
00024.jpg 793 181 165 358 0.77207
00024.jpg 788 210 171 325 0.76967
00024.jpg 598 138 98 121 0.76789
00024.jpg 708 213 56 49 0.76740
00024.jpg 880 177 77 192 0.76695
00024.jpg 340 40 206 290 0.76617
00024.jpg 877 175 82 227 0.76560
00024.jpg 709 214 61 47 0.76554
00024.jpg 85 273 182 252 0.76523
00024.jpg 599 134 93 124 0.76375
00024.jpg 346 41 219 312 0.76354
00024.jpg 77 270 312 249 0.76197
00024.jpg 707 212 64 46 0.76050
00024.jpg 714 217 55 43 0.75989
00024.jpg 601 138 93 122 0.75978
00024.jpg 886 178 65 162 0.75825
00024.jpg 887 180 65 161 0.75825
00024.jpg 792 177 167 358 0.75786
00024.jpg 793 193 164 328 0.75780
00024.jpg 199 53 373 391 0.75754
00024.jpg 72 76 504 436 0.75318
00024.jpg 73 261 261 274 0.74811
00024.jpg 894 177 59 170 0.74756
00024.jpg 88 263 202 257 0.74484
00024.jpg 708 211 62 52 0.74325
00024.jpg 87 278 224 258 0.73853
00024.jpg 597 138 104 124 0.73524
00024.jpg 796 196 163 328 0.73489
00024.jpg 79 284 204 248 0.73475
00024.jpg 794 175 165 363 0.73371
00024.jpg 105 58 479 431 0.73362
00024.jpg 707 212 62 49 0.72784
00024.jpg 709 215 62 52 0.72764
00024.jpg 352 47 193 290 0.72504
00024.jpg 322 48 262 393 0.72338
00024.jpg 71 275 236 254 0.72331
00024.jpg 128 40 436 450 0.72266
00024.jpg 152 121 445 352 0.72219
00024.jpg 709 210 58 52 0.71696
00024.jpg 887 174 65 178 0.71570
00024.jpg 885 176 71 209 0.71181
00024.jpg 50 236 535 243 0.71147
00024.jpg 598 141 87 115 0.71132
00024.jpg 80 280 217 254 0.70820
00024.jpg 170 294 392 136 0.70810
00024.jpg 888 171 66 161 0.70664
00024.jpg 711 209 61 53 0.70641
00024.jpg 890 172 64 160 0.70504
00024.jpg 155 57 466 441 0.70475
00024.jpg 889 176 64 156 0.70276
00024.jpg 588 133 110 123 0.70238
00024.jpg 596 135 106 121 0.70126
00024.jpg 361 55 203 269 0.70018
00024.jpg 879 177 69 180 0.69948
00024.jpg 341 78 217 253 0.69848
00024.jpg 891 175 56 171 0.69781
00024.jpg 361 38 188 297 0.69459
00024.jpg 267 38 307 382 0.69404
00024.jpg 67 265 234 269 0.69231
00024.jpg 166 40 442 427 0.69220
00024.jpg 362 50 185 263 0.69202
00024.jpg 338 59 219 263 0.69129
00024.jpg 881 173 77 221 0.69041
00024.jpg 713 213 58 49 0.68883
00024.jpg 601 141 87 117 0.68718
00024.jpg 710 209 59 51 0.68521
00024.jpg 155 58 435 436 0.68442
00024.jpg 711 214 57 47 0.68369
00024.jpg 63 247 529 239 0.68345
00024.jpg 74 272 262 259 0.68337
00024.jpg 709 213 62 49 0.68257
00024.jpg 255 55 304 357 0.67919
00024.jpg 892 186 59 152 0.67837
00024.jpg 84 290 286 226 0.67473
00024.jpg 795 200 164 334 0.67182
00024.jpg 892 176 60 163 0.67142
00024.jpg 366 58 185 274 0.67097
00024.jpg 884 175 71 168 0.67004
00024.jpg 26 262 560 241 0.66612
00024.jpg 90 285 185 247 0.66404
00024.jpg 82 274 226 238 0.66237
00024.jpg 72 285 212 228 0.66089
00024.jpg 713 213 56 47 0.65820
00024.jpg 601 140 90 109 0.65413
00024.jpg 798 159 137 367 0.64954
00024.jpg 708 213 57 51 0.64565
00024.jpg 82 278 268 245 0.64387
00024.jpg 342 27 249 412 0.64382
00024.jpg 31 255 558 262 0.64177
00024.jpg 80 282 205 237 0.63964
00024.jpg 271 44 294 392 0.63945
00024.jpg 893 183 59 173 0.63475
00024.jpg 791 166 168 354 0.63441
00024.jpg 182 35 468 382 0.63404
00024.jpg 74 285 236 246 0.63196
00024.jpg 40 265 539 242 0.62958
00024.jpg 83 271 479 224 0.62724
00024.jpg 599 141 107 123 0.62521
00024.jpg 876 175 77 206 0.62391
00024.jpg 890 178 69 167 0.62240
00024.jpg 601 135 100 121 0.62228
00024.jpg 111 50 481 443 0.61911
00024.jpg 712 210 59 49 0.61891
00024.jpg 809 202 150 305 0.61363
00024.jpg 355 56 210 286 0.60872
00024.jpg 360 48 193 267 0.60775
00024.jpg 894 180 59 173 0.60591
00024.jpg 284 54 297 320 0.60149
00024.jpg 364 43 179 292 0.60131
00024.jpg 888 179 61 162 0.60126
00024.jpg 326 46 253 378 0.59523
00024.jpg 875 170 79 243 0.59428
00024.jpg 602 136 90 123 0.59217
00024.jpg 171 43 392 384 0.59113
00024.jpg 779 175 180 337 0.58927
00024.jpg 706 207 64 54 0.58086
00024.jpg 175 48 440 448 0.58014
00024.jpg 354 41 190 270 0.57938
00024.jpg 78 293 213 214 0.57853
00024.jpg 286 41 257 313 0.57717
00024.jpg 887 179 68 163 0.57487
00024.jpg 78 280 302 248 0.57322
00024.jpg 152 27 453 413 0.57108
00024.jpg 362 40 174 316 0.56991
00024.jpg 76 267 268 237 0.56371
00024.jpg 287 26 291 428 0.56328
00024.jpg 100 274 242 250 0.56025
00024.jpg 600 138 81 120 0.55834
00024.jpg 370 49 185 272 0.55775
00024.jpg 707 213 63 51 0.55483
00024.jpg 876 175 80 157 0.55395
00024.jpg 879 181 77 180 0.55341
00024.jpg 62 282 293 228 0.55341
00024.jpg 359 41 219 424 0.55316
00024.jpg 358 49 204 312 0.55108
00024.jpg 893 179 66 162 0.54596
00024.jpg 331 20 241 442 0.54449
00024.jpg 279 47 299 411 0.54098
00024.jpg 368 47 219 309 0.54047
00024.jpg 590 134 106 126 0.53659
00024.jpg 791 185 155 343 0.53451
00024.jpg 57 232 543 280 0.52859
00024.jpg 60 286 530 225 0.52827
00024.jpg 283 45 288 416 0.52489
00024.jpg 795 189 164 338 0.52419
00024.jpg 206 69 364 385 0.52156
00024.jpg 66 255 448 269 0.52083
00024.jpg 78 278 192 245 0.51768
00024.jpg 601 139 92 110 0.51672
00024.jpg 787 191 172 347 0.51542
00024.jpg 881 177 71 252 0.51536
00024.jpg 888 185 60 177 0.51469
00024.jpg 149 87 459 406 0.51076
00024.jpg 63 267 327 266 0.50706
00024.jpg 70 283 231 218 0.50576
00024.jpg 867 166 88 275 0.50526
00024.jpg 879 177 70 185 0.50009
00024.jpg 85 283 196 243 0.49996
