00010.jpg 362 75 228 318 0.99859
00010.jpg 372 75 223 319 0.99783
00010.jpg 356 77 235 314 0.99779
00010.jpg 353 72 236 323 0.99643
00010.jpg 362 84 237 298 0.99643
00010.jpg 592 64 107 291 0.99633
00010.jpg 361 85 230 301 0.99617
00010.jpg 579 56 135 298 0.99588
00010.jpg 70 94 291 352 0.99525
00010.jpg 359 75 230 308 0.99488
00010.jpg 547 31 82 272 0.99488
00010.jpg 2 1 39 54 0.99318
00010.jpg 371 69 216 311 0.99301
00010.jpg 799 54 77 240 0.99285
00010.jpg 5 2 36 51 0.99263
00010.jpg 803 44 70 246 0.99261
00010.jpg 80 104 277 312 0.99251
00010.jpg 585 60 114 296 0.99233
00010.jpg 72 99 291 335 0.99229
00010.jpg 63 108 293 328 0.99214
00010.jpg 363 74 226 318 0.99160
00010.jpg 5 2 37 54 0.99107
00010.jpg 360 77 242 309 0.99041
00010.jpg 76 102 291 332 0.98964
00010.jpg 3 0 35 57 0.98952
00010.jpg 82 99 276 340 0.98885
00010.jpg 716 38 91 301 0.98824
00010.jpg 908 58 51 198 0.98818
00010.jpg 354 84 251 297 0.98736
00010.jpg 68 102 303 319 0.98719
00010.jpg 360 85 228 290 0.98709
00010.jpg 587 62 115 287 0.98694
00010.jpg 582 47 127 322 0.98626
00010.jpg 367 91 207 292 0.98557
00010.jpg 364 83 225 298 0.98538
00010.jpg 89 100 272 317 0.98486
00010.jpg 85 111 278 324 0.98394
00010.jpg 796 47 81 246 0.98362
00010.jpg 4 1 37 50 0.98337
00010.jpg 801 49 75 245 0.98277
00010.jpg 365 84 221 297 0.98255
00010.jpg 580 51 132 307 0.98173
00010.jpg 364 77 226 310 0.98099
00010.jpg 349 80 232 309 0.98092
00010.jpg 0 156 98 262 0.98080
00010.jpg 547 37 89 267 0.98038
00010.jpg 586 64 112 283 0.98017
00010.jpg 801 56 69 236 0.97973
00010.jpg 910 61 49 193 0.97944
00010.jpg 806 48 66 240 0.97935
00010.jpg 362 77 221 312 0.97837
00010.jpg 39 126 309 298 0.97760
00010.jpg 808 53 66 227 0.97747
00010.jpg 582 50 120 303 0.97704
00010.jpg 591 61 115 292 0.97683
00010.jpg 802 52 70 248 0.97668
00010.jpg 75 110 295 319 0.97562
00010.jpg 545 34 90 265 0.97535
00010.jpg 72 95 304 345 0.97492
00010.jpg 362 66 220 318 0.97461
00010.jpg 542 30 94 278 0.97440
00010.jpg 0 170 102 250 0.97351
00010.jpg 77 101 281 324 0.97350
00010.jpg 541 32 99 280 0.97318
00010.jpg 548 32 84 279 0.97287
00010.jpg 589 64 117 291 0.97276
00010.jpg 589 65 118 287 0.97248
00010.jpg 809 50 63 231 0.97245
00010.jpg 803 47 71 237 0.97126
00010.jpg 806 46 64 250 0.97043
00010.jpg 718 43 90 281 0.96982
00010.jpg 3 0 39 54 0.96928
00010.jpg 660 34 86 206 0.96919
00010.jpg 125 1 45 69 0.96877
00010.jpg 359 81 230 309 0.96805
00010.jpg 583 62 124 282 0.96805
00010.jpg 658 32 86 196 0.96752
00010.jpg 658 35 84 195 0.96752
00010.jpg 357 74 238 303 0.96726
00010.jpg 586 56 125 293 0.96676
00010.jpg 2 0 37 53 0.96617
00010.jpg 803 55 68 228 0.96564
00010.jpg 595 67 108 282 0.96449
00010.jpg 803 45 69 242 0.96427
00010.jpg 913 52 46 207 0.96414
00010.jpg 807 49 71 236 0.96411
00010.jpg 88 90 278 336 0.96394
00010.jpg 352 81 238 303 0.96382
00010.jpg 0 155 95 267 0.96330
00010.jpg 667 37 74 219 0.96302
00010.jpg 0 167 104 247 0.96296
00010.jpg 84 94 275 342 0.96296
00010.jpg 120 1 52 72 0.96287
00010.jpg 660 35 87 190 0.96199
00010.jpg 362 79 222 315 0.96159
00010.jpg 124 0 49 74 0.96072
00010.jpg 91 0 36 55 0.96028
00010.jpg 916 55 43 210 0.96013
00010.jpg 665 34 82 214 0.95965
00010.jpg 360 73 222 310 0.95961
00010.jpg 0 172 105 231 0.95951
00010.jpg 547 27 83 282 0.95940
00010.jpg 344 79 249 290 0.95934
00010.jpg 669 30 74 197 0.95837
00010.jpg 802 47 71 243 0.95820
00010.jpg 585 55 127 295 0.95816
00010.jpg 906 36 45 229 0.95770
00010.jpg 348 74 255 320 0.95626
00010.jpg 81 111 284 315 0.95591
00010.jpg 0 162 101 246 0.95591
00010.jpg 806 44 66 246 0.95530
00010.jpg 806 50 75 236 0.95508
00010.jpg 904 51 55 208 0.95506
00010.jpg 585 54 129 307 0.95474
00010.jpg 82 99 291 333 0.95439
00010.jpg 123 0 46 70 0.95404
00010.jpg 667 33 76 190 0.95402
00010.jpg 121 2 61 72 0.95371
00010.jpg 4 1 33 55 0.95359
00010.jpg 124 2 53 69 0.95324
00010.jpg 805 49 67 241 0.95276
00010.jpg 594 72 109 275 0.95260
00010.jpg 590 64 124 288 0.95255
00010.jpg 916 55 43 207 0.95252
00010.jpg 666 44 77 185 0.95096
00010.jpg 719 34 96 292 0.94974
00010.jpg 0 174 96 243 0.94926
00010.jpg 713 42 96 295 0.94756
00010.jpg 3 1 37 50 0.94640
00010.jpg 662 38 79 209 0.94566
00010.jpg 803 47 72 245 0.94554
00010.jpg 912 54 47 208 0.94551
00010.jpg 803 50 72 242 0.94474
00010.jpg 583 56 120 295 0.94461
00010.jpg 589 54 121 305 0.94409
00010.jpg 66 107 297 330 0.94389
00010.jpg 3 1 35 51 0.94381
00010.jpg 89 0 40 54 0.94295
00010.jpg 125 0 46 72 0.94216
00010.jpg 665 34 84 203 0.94205
00010.jpg 663 28 76 182 0.94186
00010.jpg 663 39 82 184 0.94088
00010.jpg 89 0 41 52 0.94001
00010.jpg 368 84 215 302 0.93881
00010.jpg 544 44 85 265 0.93849
00010.jpg 0 169 106 243 0.93835
00010.jpg 665 35 82 208 0.93834
00010.jpg 71 103 307 329 0.93817
00010.jpg 904 44 50 212 0.93757
00010.jpg 0 174 100 230 0.93730
00010.jpg 670 22 71 194 0.93712
00010.jpg 595 70 103 266 0.93665
00010.jpg 168 3 32 66 0.93617
00010.jpg 723 31 87 303 0.93606
00010.jpg 657 37 87 176 0.93591
00010.jpg 0 169 105 251 0.93543
00010.jpg 666 40 81 209 0.93404
00010.jpg 575 39 155 326 0.93356
00010.jpg 587 62 128 299 0.93353
00010.jpg 90 1 36 52 0.93197
00010.jpg 86 0 42 51 0.93192
00010.jpg 580 58 133 298 0.93185
00010.jpg 89 0 36 53 0.93151
00010.jpg 900 61 56 186 0.93123
00010.jpg 714 52 101 277 0.93031
00010.jpg 580 56 125 295 0.92984
00010.jpg 724 40 86 287 0.92833
00010.jpg 77 99 282 337 0.92778
00010.jpg 802 58 70 232 0.92740
00010.jpg 123 0 53 72 0.92722
00010.jpg 71 115 292 311 0.92538
00010.jpg 701 17 31 55 0.92435
00010.jpg 806 52 70 227 0.92424
00010.jpg 807 53 67 235 0.92343
00010.jpg 541 37 96 266 0.92309
00010.jpg 80 121 278 304 0.92155
00010.jpg 800 45 76 249 0.92119
00010.jpg 123 1 47 69 0.92070
00010.jpg 88 1 41 48 0.92050
00010.jpg 573 48 138 311 0.91990
00010.jpg 86 0 40 55 0.91979
00010.jpg 713 47 93 274 0.91948
00010.jpg 716 48 85 277 0.91885
00010.jpg 0 158 96 263 0.91783
00010.jpg 662 45 87 186 0.91713
00010.jpg 0 167 99 256 0.91690
00010.jpg 732 42 84 268 0.91681
00010.jpg 121 0 57 73 0.91499
00010.jpg 721 20 44 70 0.91365
00010.jpg 0 170 102 239 0.91319
00010.jpg 595 67 111 278 0.91259
00010.jpg 72 107 298 326 0.91250
00010.jpg 544 32 85 267 0.91243
00010.jpg 888 30 50 214 0.91201
00010.jpg 802 48 68 249 0.91178
00010.jpg 0 175 102 229 0.91118
00010.jpg 808 51 63 241 0.91070
00010.jpg 543 24 90 286 0.91032
00010.jpg 717 51 99 271 0.91002
00010.jpg 725 48 85 280 0.90982
00010.jpg 124 0 49 71 0.90968
00010.jpg 125 1 49 73 0.90911
00010.jpg 365 75 217 316 0.90905
00010.jpg 805 51 70 243 0.90863
00010.jpg 63 70 189 98 0.90759
00010.jpg 549 39 82 264 0.90640
00010.jpg 123 0 53 75 0.90606
00010.jpg 657 28 96 263 0.90556
00010.jpg 593 70 114 270 0.90430
00010.jpg 70 93 307 345 0.90410
00010.jpg 720 47 95 272 0.90383
00010.jpg 545 28 89 282 0.90288
00010.jpg 718 49 91 275 0.90125
00010.jpg 163 0 40 66 0.90046
00010.jpg 361 91 226 297 0.90028
00010.jpg 90 0 36 51 0.89958
00010.jpg 7 166 92 255 0.89942
00010.jpg 65 100 320 335 0.89753
00010.jpg 124 0 45 71 0.89675
00010.jpg 364 80 225 303 0.89618
00010.jpg 546 37 84 268 0.89479
00010.jpg 0 171 101 247 0.89451
00010.jpg 723 18 40 59 0.89418
00010.jpg 661 38 80 217 0.89414
00010.jpg 537 34 92 269 0.89363
00010.jpg 58 101 308 329 0.89207
00010.jpg 95 84 262 345 0.89182
00010.jpg 666 44 81 158 0.89169
00010.jpg 665 36 73 212 0.89154
00010.jpg 718 21 48 64 0.89118
00010.jpg 164 0 40 61 0.89106
00010.jpg 543 43 90 245 0.89061
00010.jpg 164 1 37 65 0.88959
00010.jpg 570 51 113 289 0.88803
00010.jpg 6 0 36 58 0.88707
00010.jpg 665 29 77 254 0.88678
00010.jpg 805 45 68 244 0.88627
00010.jpg 892 23 49 228 0.88493
00010.jpg 75 76 174 91 0.88482
00010.jpg 917 54 42 211 0.88448
00010.jpg 594 64 112 294 0.88424
00010.jpg 666 33 80 186 0.88380
00010.jpg 699 15 30 54 0.88270
00010.jpg 908 53 50 214 0.88176
00010.jpg 126 0 46 75 0.88162
00010.jpg 62 71 193 99 0.88152
00010.jpg 123 0 55 77 0.88137
00010.jpg 543 34 86 270 0.87959
00010.jpg 904 56 55 205 0.87920
00010.jpg 660 38 88 181 0.87810
00010.jpg 700 16 30 49 0.87777
00010.jpg 588 54 133 291 0.87660
00010.jpg 540 27 95 283 0.87642
00010.jpg 537 30 99 273 0.87627
00010.jpg 94 109 277 326 0.87585
00010.jpg 699 17 30 50 0.87465
00010.jpg 718 41 96 287 0.87370
00010.jpg 118 2 59 71 0.87337
00010.jpg 663 34 79 204 0.87332
00010.jpg 699 14 31 55 0.87319
00010.jpg 92 0 36 56 0.87302
00010.jpg 802 44 73 251 0.87241
00010.jpg 62 70 190 109 0.87240
00010.jpg 714 32 94 297 0.87223
00010.jpg 5 0 37 55 0.87126
00010.jpg 809 53 63 234 0.86964
00010.jpg 594 2 28 52 0.86866
00010.jpg 666 34 78 218 0.86829
00010.jpg 715 61 88 266 0.86794
00010.jpg 719 18 43 89 0.86740
00010.jpg 894 48 50 203 0.86608
00010.jpg 4 0 39 57 0.86586
00010.jpg 580 33 124 319 0.86513
00010.jpg 0 168 99 250 0.86425
00010.jpg 0 166 94 247 0.86393
00010.jpg 903 53 53 210 0.86378
00010.jpg 549 47 77 256 0.86243
00010.jpg 722 19 46 73 0.86128
00010.jpg 804 43 71 251 0.86105
00010.jpg 726 47 92 272 0.86043
00010.jpg 810 43 62 243 0.86004
00010.jpg 0 168 95 254 0.85965
00010.jpg 75 69 175 110 0.85926
00010.jpg 50 64 211 106 0.85925
00010.jpg 719 21 45 60 0.85913
00010.jpg 546 32 84 279 0.85906
00010.jpg 62 74 190 101 0.85880
00010.jpg 661 40 80 191 0.85859
00010.jpg 889 36 46 221 0.85513
00010.jpg 889 42 44 198 0.85457
00010.jpg 802 46 81 245 0.85445
00010.jpg 85 0 49 52 0.85365
00010.jpg 3 3 38 53 0.85341
00010.jpg 573 67 140 266 0.85336
00010.jpg 581 64 118 285 0.85332
00010.jpg 908 52 51 212 0.85245
00010.jpg 125 0 54 74 0.85112
00010.jpg 124 3 53 70 0.84979
00010.jpg 797 50 75 237 0.84914
00010.jpg 888 47 55 199 0.84854
00010.jpg 125 0 48 74 0.84808
00010.jpg 91 0 41 58 0.84788
00010.jpg 591 62 108 289 0.84786
00010.jpg 1 161 107 249 0.84743
00010.jpg 657 36 90 179 0.84609
00010.jpg 60 109 299 314 0.84376
00010.jpg 52 105 311 336 0.84328
00010.jpg 62 68 202 101 0.84308
00010.jpg 90 1 39 49 0.84257
00010.jpg 55 78 199 96 0.84252
00010.jpg 88 0 40 55 0.84236
00010.jpg 549 39 83 264 0.84225
00010.jpg 596 68 122 276 0.84203
00010.jpg 666 38 77 196 0.84182
00010.jpg 700 14 31 55 0.84152
00010.jpg 61 68 189 112 0.84107
00010.jpg 713 57 93 263 0.84091
00010.jpg 723 20 48 61 0.84086
00010.jpg 56 66 206 120 0.84052
00010.jpg 660 35 89 166 0.84026
00010.jpg 0 166 102 255 0.83972
00010.jpg 722 22 41 56 0.83864
00010.jpg 591 45 109 310 0.83856
00010.jpg 591 66 113 275 0.83837
00010.jpg 0 165 102 242 0.83751
00010.jpg 90 2 39 50 0.83638
00010.jpg 54 73 197 105 0.83577
00010.jpg 542 24 102 288 0.83563
00010.jpg 699 14 35 60 0.83355
00010.jpg 723 22 44 84 0.83291
00010.jpg 166 0 40 65 0.83286
00010.jpg 89 0 38 48 0.83198
00010.jpg 119 0 56 79 0.83189
00010.jpg 55 75 196 85 0.83144
00010.jpg 75 68 167 108 0.83123
00010.jpg 0 175 106 239 0.83093
00010.jpg 365 89 239 300 0.83065
00010.jpg 656 32 94 221 0.83049
00010.jpg 545 45 86 253 0.82976
00010.jpg 72 68 181 114 0.82674
00010.jpg 655 38 101 225 0.82524
00010.jpg 561 42 143 304 0.82501
00010.jpg 115 94 252 330 0.82440
00010.jpg 550 34 83 270 0.82420
00010.jpg 0 167 98 249 0.82354
00010.jpg 123 0 44 60 0.82260
00010.jpg 906 57 50 209 0.82130
00010.jpg 88 2 39 52 0.82007
00010.jpg 125 1 54 76 0.81810
00010.jpg 87 115 280 322 0.81760
00010.jpg 59 84 190 77 0.81720
00010.jpg 799 45 74 244 0.81707
00010.jpg 167 0 38 67 0.81599
00010.jpg 657 36 17 38 0.81536
00010.jpg 905 55 44 200 0.81480
00010.jpg 66 92 309 376 0.81448
00010.jpg 0 170 91 256 0.81335
00010.jpg 729 39 86 276 0.81149
00010.jpg 169 0 31 59 0.80719
00010.jpg 573 66 143 281 0.80689
00010.jpg 354 71 227 315 0.80680
00010.jpg 669 33 71 182 0.80669
00010.jpg 698 15 37 59 0.80589
00010.jpg 586 58 119 295 0.80498
00010.jpg 723 38 93 288 0.80334
00010.jpg 546 29 125 305 0.80253
00010.jpg 68 74 189 105 0.80117
00010.jpg 654 35 23 44 0.80066
00010.jpg 890 38 46 188 0.80019
00010.jpg 805 45 71 245 0.80009
00010.jpg 58 62 204 119 0.79982
00010.jpg 658 44 87 231 0.79942
00010.jpg 919 55 40 211 0.79934
00010.jpg 55 70 209 112 0.79764
00010.jpg 540 27 89 283 0.79757
00010.jpg 654 42 91 162 0.79731
00010.jpg 915 53 44 215 0.79604
00010.jpg 747 38 73 248 0.79595
00010.jpg 122 2 66 69 0.79570
00010.jpg 0 173 104 232 0.79566
00010.jpg 578 34 40 36 0.79538
00010.jpg 546 35 89 262 0.79502
00010.jpg 70 69 191 114 0.79436
00010.jpg 126 0 46 73 0.79429
00010.jpg 898 37 39 69 0.79411
00010.jpg 90 0 39 51 0.79331
00010.jpg 676 44 111 281 0.79259
00010.jpg 696 13 33 64 0.79254
00010.jpg 891 41 41 208 0.79148
00010.jpg 66 64 194 111 0.79063
00010.jpg 727 33 79 284 0.78981
00010.jpg 898 49 49 208 0.78842
00010.jpg 702 15 32 48 0.78805
00010.jpg 365 74 217 301 0.78671
00010.jpg 68 119 302 304 0.78668
00010.jpg 88 0 42 56 0.78642
00010.jpg 550 39 85 270 0.78539
00010.jpg 718 47 89 270 0.78509
00010.jpg 730 40 92 275 0.78478
00010.jpg 0 172 105 234 0.78337
00010.jpg 356 82 229 305 0.78322
00010.jpg 663 42 84 189 0.78259
00010.jpg 122 5 51 64 0.78026
00010.jpg 549 36 94 294 0.78008
00010.jpg 0 174 106 239 0.77815
00010.jpg 580 25 32 42 0.77719
00010.jpg 585 79 123 258 0.77690
00010.jpg 88 126 264 301 0.77662
00010.jpg 0 172 100 254 0.77647
00010.jpg 718 19 46 56 0.77635
00010.jpg 376 60 227 341 0.77616
00010.jpg 583 37 39 32 0.77546
00010.jpg 913 56 44 213 0.77533
00010.jpg 119 2 55 69 0.77532
00010.jpg 665 36 84 182 0.77494
00010.jpg 591 72 112 278 0.77468
00010.jpg 890 40 45 168 0.77400
00010.jpg 91 90 287 337 0.77348
00010.jpg 544 30 85 274 0.77312
00010.jpg 666 29 80 247 0.77064
00010.jpg 65 73 177 100 0.77041
00010.jpg 534 36 106 265 0.77012
00010.jpg 713 45 103 271 0.76974
00010.jpg 56 83 194 94 0.76803
00010.jpg 0 172 105 224 0.76800
00010.jpg 155 2 45 67 0.76742
00010.jpg 548 38 86 275 0.76687
00010.jpg 796 50 81 235 0.76550
00010.jpg 165 0 31 64 0.76434
00010.jpg 699 15 35 57 0.76394
00010.jpg 547 40 84 265 0.76227
00010.jpg 812 45 67 237 0.76148
00010.jpg 729 37 82 278 0.75900
00010.jpg 663 24 85 170 0.75787
00010.jpg 542 32 83 272 0.75725
00010.jpg 653 56 103 175 0.75707
00010.jpg 721 15 50 59 0.75684
00010.jpg 57 65 199 109 0.75645
00010.jpg 367 71 229 313 0.75614
00010.jpg 3 169 96 244 0.75555
00010.jpg 3 178 92 74 0.75339
00010.jpg 67 73 185 110 0.75290
00010.jpg 726 22 40 59 0.75181
00010.jpg 807 34 75 261 0.75130
00010.jpg 86 0 37 49 0.75051
00010.jpg 694 23 81 51 0.74655
00010.jpg 659 35 17 40 0.74617
00010.jpg 127 0 44 67 0.74473
00010.jpg 662 35 81 175 0.74468
00010.jpg 735 41 76 269 0.74462
00010.jpg 892 49 47 48 0.74453
00010.jpg 658 30 85 239 0.74442
00010.jpg 723 65 77 253 0.74436
00010.jpg 575 59 145 283 0.74321
00010.jpg 894 43 47 54 0.74260
00010.jpg 90 3 35 44 0.74160
00010.jpg 121 0 47 74 0.74152
00010.jpg 890 52 48 180 0.74087
00010.jpg 882 39 55 209 0.74053
00010.jpg 695 15 37 44 0.73645
00010.jpg 171 1 29 52 0.73592
00010.jpg 169 0 32 62 0.73481
00010.jpg 86 67 159 109 0.73304
00010.jpg 647 38 109 182 0.73288
00010.jpg 898 43 43 55 0.73267
00010.jpg 658 41 84 195 0.73239
00010.jpg 896 37 44 58 0.73172
00010.jpg 899 53 56 209 0.73099
00010.jpg 544 19 94 303 0.73045
00010.jpg 64 77 176 98 0.72879
00010.jpg 48 74 200 103 0.72626
00010.jpg 664 27 79 267 0.72322
00010.jpg 716 21 52 72 0.72321
00010.jpg 889 55 61 188 0.72224
00010.jpg 655 36 97 219 0.72168
00010.jpg 56 82 331 354 0.71962
00010.jpg 69 66 187 111 0.71879
00010.jpg 720 23 47 51 0.71821
00010.jpg 354 76 237 314 0.71790
00010.jpg 72 75 166 99 0.71685
00010.jpg 52 76 208 104 0.71621
00010.jpg 584 13 32 43 0.71555
00010.jpg 722 21 45 85 0.71515
00010.jpg 587 45 113 318 0.71487
00010.jpg 124 3 57 73 0.71100
00010.jpg 598 5 26 45 0.71063
00010.jpg 892 38 42 86 0.71022
00010.jpg 90 0 39 50 0.70928
00010.jpg 895 51 59 213 0.70923
00010.jpg 0 172 101 241 0.70771
00010.jpg 360 67 205 336 0.70428
00010.jpg 90 2 40 48 0.70415
00010.jpg 801 48 70 245 0.70398
00010.jpg 54 64 208 115 0.70366
00010.jpg 124 1 47 72 0.70188
00010.jpg 86 0 42 50 0.70180
00010.jpg 551 55 79 238 0.70157
00010.jpg 86 0 45 50 0.69856
00010.jpg 545 35 88 282 0.69822
00010.jpg 701 15 36 61 0.69670
00010.jpg 902 54 37 210 0.69653
00010.jpg 93 0 38 53 0.69583
00010.jpg 576 28 39 38 0.69490
00010.jpg 594 4 31 55 0.69413
00010.jpg 893 41 42 55 0.69348
00010.jpg 590 72 119 270 0.69324
00010.jpg 714 46 82 288 0.69268
00010.jpg 542 30 130 320 0.69156
00010.jpg 712 29 110 307 0.69071
00010.jpg 102 101 289 333 0.69047
00010.jpg 166 2 38 71 0.69036
00010.jpg 579 15 33 51 0.68845
00010.jpg 598 63 121 289 0.68830
00010.jpg 734 44 87 241 0.68829
00010.jpg 581 69 138 282 0.68813
00010.jpg 697 16 35 55 0.68632
00010.jpg 539 32 188 307 0.68526
00010.jpg 549 57 170 286 0.68510
00010.jpg 3 175 94 230 0.68357
00010.jpg 577 75 136 272 0.68199
00010.jpg 64 87 174 87 0.67884
00010.jpg 898 38 41 57 0.67754
00010.jpg 368 77 234 302 0.67734
00010.jpg 731 34 92 286 0.67640
00010.jpg 656 37 16 34 0.67589
00010.jpg 55 69 207 106 0.67544
00010.jpg 83 87 284 357 0.67532
00010.jpg 89 109 263 325 0.67479
00010.jpg 801 46 76 243 0.67416
00010.jpg 896 43 43 57 0.67347
00010.jpg 5 181 91 70 0.67234
00010.jpg 650 44 99 210 0.67014
00010.jpg 549 44 79 258 0.66850
00010.jpg 533 34 104 282 0.66818
00010.jpg 587 40 145 306 0.66778
00010.jpg 751 45 72 217 0.66755
00010.jpg 596 5 25 41 0.66715
00010.jpg 548 45 93 258 0.66669
00010.jpg 653 35 24 46 0.66638
00010.jpg 157 3 43 67 0.66523
00010.jpg 71 98 302 361 0.66501
00010.jpg 890 40 47 54 0.66432
00010.jpg 80 121 282 305 0.66405
00010.jpg 657 38 102 233 0.66380
00010.jpg 893 65 61 192 0.66311
00010.jpg 56 59 213 125 0.65859
00010.jpg 121 1 68 77 0.65830
00010.jpg 90 0 41 48 0.65810
00010.jpg 4 1 39 57 0.65724
00010.jpg 52 82 192 93 0.65676
00010.jpg 721 51 98 273 0.65151
00010.jpg 90 0 38 55 0.65105
00010.jpg 360 83 229 311 0.65084
00010.jpg 122 0 87 78 0.64967
00010.jpg 588 9 33 48 0.64854
00010.jpg 59 82 181 93 0.64735
00010.jpg 128 2 46 73 0.64702
00010.jpg 540 28 101 264 0.64698
00010.jpg 634 45 107 273 0.64675
00010.jpg 887 59 41 178 0.64553
00010.jpg 800 37 77 264 0.64514
00010.jpg 891 37 47 85 0.64274
00010.jpg 674 42 61 197 0.64175
00010.jpg 669 33 85 193 0.64089
00010.jpg 896 45 42 47 0.64011
00010.jpg 129 2 41 61 0.63897
00010.jpg 59 65 191 111 0.63872
00010.jpg 90 69 147 106 0.63773
00010.jpg 763 36 60 229 0.63751
00010.jpg 578 20 38 53 0.63650
00010.jpg 586 2 33 61 0.63515
00010.jpg 663 38 88 274 0.63433
00010.jpg 543 53 77 246 0.63377
00010.jpg 0 175 102 232 0.63278
00010.jpg 599 5 22 48 0.63230
00010.jpg 653 40 97 249 0.63210
00010.jpg 578 14 38 49 0.62858
00010.jpg 594 10 29 43 0.62831
00010.jpg 85 73 172 102 0.62825
00010.jpg 658 34 98 206 0.62780
00010.jpg 579 23 34 41 0.62659
00010.jpg 349 97 239 285 0.62654
00010.jpg 86 0 46 53 0.62594
00010.jpg 659 30 88 142 0.62590
00010.jpg 123 0 54 81 0.62544
00010.jpg 662 23 77 180 0.62410
00010.jpg 762 32 53 51 0.62363
00010.jpg 543 34 82 265 0.62325
00010.jpg 120 0 69 83 0.62169
00010.jpg 541 43 80 257 0.62108
00010.jpg 581 19 33 41 0.62024
00010.jpg 694 18 74 49 0.61981
00010.jpg 0 162 109 245 0.61827
00010.jpg 714 22 49 64 0.61808
00010.jpg 674 38 94 235 0.61750
00010.jpg 796 44 80 244 0.61653
00010.jpg 542 41 87 253 0.61644
00010.jpg 701 14 32 53 0.61578
00010.jpg 531 60 229 271 0.61571
00010.jpg 40 85 363 359 0.61568
00010.jpg 543 55 197 298 0.61544
00010.jpg 124 0 55 80 0.61411
00010.jpg 655 35 22 47 0.61168
00010.jpg 576 20 35 38 0.61100
00010.jpg 732 42 85 259 0.61054
00010.jpg 724 19 45 57 0.61044
00010.jpg 891 55 39 198 0.60895
00010.jpg 569 53 127 296 0.60732
00010.jpg 583 10 35 56 0.60532
00010.jpg 358 70 245 313 0.60366
00010.jpg 121 0 65 73 0.60281
00010.jpg 907 54 49 205 0.60261
00010.jpg 889 32 45 58 0.60012
00010.jpg 703 18 69 55 0.59937
00010.jpg 603 36 123 309 0.59789
00010.jpg 887 43 49 107 0.59652
00010.jpg 710 38 97 283 0.59625
00010.jpg 798 46 78 242 0.59250
00010.jpg 586 15 32 39 0.59226
00010.jpg 725 24 39 63 0.59221
00010.jpg 724 23 40 50 0.59214
00010.jpg 910 56 45 207 0.58469
00010.jpg 586 19 33 40 0.58390
00010.jpg 702 14 38 57 0.58349
00010.jpg 722 20 49 71 0.58199
00010.jpg 531 31 110 268 0.58192
00010.jpg 654 36 23 37 0.58117
00010.jpg 93 0 38 60 0.58055
00010.jpg 2 170 101 244 0.57966
00010.jpg 122 0 75 79 0.57912
00010.jpg 891 39 46 71 0.57869
00010.jpg 645 45 107 126 0.57799
00010.jpg 719 26 47 53 0.57656
00010.jpg 163 0 37 79 0.57384
00010.jpg 719 53 85 261 0.56995
00010.jpg 899 44 42 43 0.56984
00010.jpg 40 102 344 339 0.56818
00010.jpg 603 60 98 280 0.56755
00010.jpg 64 111 291 316 0.56748
00010.jpg 600 8 24 45 0.56690
00010.jpg 75 77 171 106 0.56596
00010.jpg 655 36 25 39 0.56585
00010.jpg 356 75 240 324 0.56482
00010.jpg 732 48 84 270 0.56454
00010.jpg 62 87 187 95 0.56374
00010.jpg 651 20 108 292 0.56372
00010.jpg 664 19 80 265 0.56341
00010.jpg 543 37 162 307 0.56290
00010.jpg 79 69 182 117 0.56286
00010.jpg 602 3 26 53 0.56233
00010.jpg 2 173 98 245 0.56130
00010.jpg 39 65 224 123 0.56125
00010.jpg 813 2 44 69 0.56083
00010.jpg 799 47 70 240 0.55800
00010.jpg 576 24 47 59 0.55726
00010.jpg 577 17 37 51 0.55402
00010.jpg 898 47 42 49 0.55400
00010.jpg 85 0 38 54 0.55323
00010.jpg 724 21 45 40 0.55295
00010.jpg 903 36 36 53 0.55186
00010.jpg 662 30 85 240 0.55026
00010.jpg 1 171 100 104 0.54870
00010.jpg 373 65 230 308 0.54813
00010.jpg 536 35 93 270 0.54734
00010.jpg 883 60 56 167 0.54646
00010.jpg 638 46 95 261 0.54612
00010.jpg 159 1 37 62 0.54582
00010.jpg 701 19 36 43 0.54394
00010.jpg 898 45 40 42 0.54261
00010.jpg 725 23 40 46 0.54152
00010.jpg 887 31 54 67 0.54061
00010.jpg 657 40 83 153 0.53943
00010.jpg 110 1 66 62 0.53836
00010.jpg 125 0 41 52 0.53630
00010.jpg 606 47 94 313 0.53616
00010.jpg 61 67 205 122 0.53569
00010.jpg 595 5 27 45 0.53561
00010.jpg 895 50 41 46 0.53327
00010.jpg 70 75 188 115 0.53294
00010.jpg 910 55 49 193 0.53246
00010.jpg 889 52 45 37 0.53225
00010.jpg 458 0 50 58 0.53220
00010.jpg 47 63 222 118 0.53188
00010.jpg 711 19 47 60 0.53114
00010.jpg 553 51 79 264 0.53034
00010.jpg 754 50 65 223 0.52723
00010.jpg 731 42 81 248 0.52688
00010.jpg 897 46 40 48 0.52576
00010.jpg 808 48 74 231 0.52384
00010.jpg 165 2 38 78 0.52374
00010.jpg 653 32 29 50 0.51961
00010.jpg 532 39 101 261 0.51939
00010.jpg 546 22 142 337 0.51921
00010.jpg 123 0 40 70 0.51749
00010.jpg 57 81 330 363 0.51613
00010.jpg 589 4 31 52 0.51609
00010.jpg 81 92 258 337 0.51601
00010.jpg 141 3 68 68 0.51598
00010.jpg 123 1 83 76 0.51569
00010.jpg 667 30 86 178 0.51542
00010.jpg 132 4 56 69 0.51387
00010.jpg 888 34 44 64 0.51212
00010.jpg 371 81 217 295 0.51210
00010.jpg 582 22 36 42 0.51077
00010.jpg 895 47 44 46 0.51073
00010.jpg 887 42 50 53 0.51054
00010.jpg 125 6 49 68 0.51050
00010.jpg 92 0 38 49 0.51028
00010.jpg 688 22 44 56 0.50996
00010.jpg 185 63 33 32 0.50845
00010.jpg 578 12 47 81 0.50741
00010.jpg 126 0 47 68 0.50716
00010.jpg 0 170 97 250 0.50679
00010.jpg 121 0 72 83 0.50670
00010.jpg 816 2 46 85 0.50626
00010.jpg 652 35 28 48 0.50566
00010.jpg 56 71 194 116 0.50533
00010.jpg 707 24 67 57 0.50489
00010.jpg 792 46 91 250 0.50471
00010.jpg 94 68 148 104 0.50303
00010.jpg 590 3 38 52 0.50246
00010.jpg 650 36 28 52 0.50187
00010.jpg 582 5 41 56 0.50112
00010.jpg 661 47 79 240 0.50038
00010.jpg 884 36 59 50 0.49955
