00012.jpg 362 53 221 341 0.99904
00012.jpg 359 62 223 324 0.99877
00012.jpg 349 59 239 322 0.99786
00012.jpg 356 74 222 304 0.99786
00012.jpg 355 61 228 321 0.99770
00012.jpg 41 105 303 327 0.99727
00012.jpg 356 66 226 316 0.99718
00012.jpg 795 51 71 242 0.99618
00012.jpg 649 34 80 193 0.99594
00012.jpg 51 100 300 336 0.99571
00012.jpg 347 63 245 322 0.99560
00012.jpg 648 30 83 200 0.99438
00012.jpg 352 64 231 315 0.99428
00012.jpg 797 44 64 245 0.99402
00012.jpg 344 73 249 303 0.99386
00012.jpg 798 52 66 234 0.99325
00012.jpg 361 56 211 325 0.99323
00012.jpg 348 62 239 314 0.99294
00012.jpg 351 65 225 319 0.99290
00012.jpg 892 46 61 219 0.99283
00012.jpg 649 38 82 187 0.99202
00012.jpg 535 29 90 282 0.99162
00012.jpg 896 52 60 216 0.99123
00012.jpg 715 49 77 276 0.99097
00012.jpg 54 114 302 313 0.99085
00012.jpg 645 34 86 194 0.99082
00012.jpg 354 61 217 309 0.99034
00012.jpg 55 118 307 315 0.98994
00012.jpg 580 69 120 282 0.98960
00012.jpg 37 111 320 325 0.98934
00012.jpg 350 56 237 337 0.98839
00012.jpg 649 30 81 206 0.98811
00012.jpg 644 29 87 198 0.98766
00012.jpg 343 63 237 318 0.98747
00012.jpg 582 54 122 312 0.98742
00012.jpg 530 32 99 272 0.98723
00012.jpg 702 44 98 286 0.98704
00012.jpg 0 0 33 57 0.98688
00012.jpg 796 47 65 245 0.98677
00012.jpg 649 32 88 199 0.98643
00012.jpg 564 61 149 307 0.98636
00012.jpg 0 0 31 56 0.98628
00012.jpg 902 50 55 215 0.98624
00012.jpg 706 44 90 283 0.98594
00012.jpg 573 52 131 309 0.98527
00012.jpg 362 69 219 305 0.98484
00012.jpg 351 63 222 329 0.98428
00012.jpg 343 66 266 327 0.98422
00012.jpg 66 89 285 351 0.98362
00012.jpg 798 48 71 243 0.98223
00012.jpg 587 72 101 284 0.98202
00012.jpg 346 56 255 320 0.98159
00012.jpg 591 80 97 267 0.98134
00012.jpg 708 48 91 279 0.98097
00012.jpg 653 32 75 206 0.98086
00012.jpg 524 28 109 276 0.98030
00012.jpg 796 45 72 237 0.98022
00012.jpg 794 45 75 242 0.98002
00012.jpg 541 40 88 266 0.97982
00012.jpg 43 103 314 327 0.97962
00012.jpg 584 75 110 278 0.97949
00012.jpg 896 54 59 209 0.97896
00012.jpg 586 59 115 303 0.97740
00012.jpg 43 99 315 337 0.97614
00012.jpg 59 109 287 320 0.97574
00012.jpg 2 0 29 56 0.97546
00012.jpg 794 45 69 242 0.97513
00012.jpg 891 49 60 208 0.97474
00012.jpg 795 33 66 259 0.97458
00012.jpg 800 42 66 244 0.97453
00012.jpg 896 45 59 225 0.97425
00012.jpg 36 113 335 318 0.97403
00012.jpg 38 92 317 336 0.97375
00012.jpg 349 60 237 315 0.97374
00012.jpg 899 49 57 213 0.97341
00012.jpg 795 34 76 258 0.97327
00012.jpg 1 0 22 55 0.97285
00012.jpg 357 69 219 323 0.97284
00012.jpg 650 43 86 188 0.97205
00012.jpg 706 35 102 292 0.97191
00012.jpg 587 69 109 282 0.97180
00012.jpg 1 0 30 53 0.97164
00012.jpg 577 61 123 292 0.97142
00012.jpg 69 105 269 318 0.97141
00012.jpg 709 51 86 277 0.97130
00012.jpg 894 50 65 211 0.97114
00012.jpg 642 41 91 184 0.97092
00012.jpg 797 47 73 243 0.97086
00012.jpg 884 41 59 217 0.97061
00012.jpg 797 45 66 243 0.97022
00012.jpg 538 33 91 276 0.96979
00012.jpg 707 48 94 274 0.96964
00012.jpg 583 73 116 278 0.96930
00012.jpg 578 76 112 288 0.96895
00012.jpg 799 42 68 245 0.96869
00012.jpg 357 67 225 317 0.96711
00012.jpg 650 39 80 197 0.96709
00012.jpg 539 34 88 271 0.96699
00012.jpg 0 0 33 53 0.96688
00012.jpg 796 36 70 256 0.96652
00012.jpg 571 58 122 310 0.96608
00012.jpg 895 54 64 207 0.96498
00012.jpg 800 44 68 241 0.96423
00012.jpg 535 24 100 297 0.96395
00012.jpg 538 42 89 274 0.96338
00012.jpg 649 33 75 190 0.96258
00012.jpg 537 34 89 289 0.96254
00012.jpg 350 73 248 306 0.96236
00012.jpg 894 56 64 211 0.96215
00012.jpg 582 77 117 274 0.96211
00012.jpg 115 2 42 69 0.96195
00012.jpg 529 26 105 283 0.96154
00012.jpg 894 44 62 227 0.96067
00012.jpg 800 41 69 249 0.95923
00012.jpg 702 50 102 274 0.95912
00012.jpg 712 48 84 272 0.95855
00012.jpg 531 32 98 284 0.95791
00012.jpg 709 53 85 272 0.95708
00012.jpg 652 33 87 219 0.95703
00012.jpg 537 34 92 281 0.95702
00012.jpg 802 43 62 246 0.95610
00012.jpg 361 71 223 295 0.95363
00012.jpg 894 53 62 211 0.95192
00012.jpg 651 38 79 182 0.95123
00012.jpg 82 0 32 51 0.95017
00012.jpg 794 46 68 235 0.94950
00012.jpg 82 0 35 53 0.94915
00012.jpg 710 41 87 293 0.94914
00012.jpg 792 41 79 243 0.94894
00012.jpg 704 57 94 268 0.94863
00012.jpg 531 42 104 271 0.94826
00012.jpg 53 92 298 338 0.94822
00012.jpg 114 0 42 74 0.94778
00012.jpg 538 37 93 272 0.94741
00012.jpg 352 67 241 326 0.94736
00012.jpg 586 87 111 257 0.94711
00012.jpg 714 52 82 266 0.94656
00012.jpg 38 103 322 342 0.94606
00012.jpg 888 54 70 210 0.94576
00012.jpg 646 24 91 213 0.94571
00012.jpg 793 41 73 252 0.94547
00012.jpg 1 1 34 49 0.94517
00012.jpg 55 91 308 342 0.94466
00012.jpg 534 23 93 288 0.94390
00012.jpg 352 61 226 320 0.94378
00012.jpg 539 34 108 296 0.94240
00012.jpg 155 0 35 81 0.94109
00012.jpg 1 0 33 56 0.94099
00012.jpg 716 43 87 281 0.94009
00012.jpg 62 96 293 329 0.93992
00012.jpg 49 78 188 102 0.93943
00012.jpg 649 26 86 198 0.93860
00012.jpg 582 79 117 269 0.93840
00012.jpg 572 65 127 289 0.93829
00012.jpg 359 62 223 325 0.93823
00012.jpg 71 118 273 309 0.93579
00012.jpg 652 33 79 201 0.93555
00012.jpg 534 48 138 290 0.93541
00012.jpg 529 41 104 261 0.93526
00012.jpg 708 47 89 280 0.93505
00012.jpg 898 49 61 215 0.93497
00012.jpg 116 0 39 72 0.93459
00012.jpg 60 96 297 334 0.93411
00012.jpg 529 36 101 280 0.93313
00012.jpg 794 42 67 245 0.93305
00012.jpg 81 0 33 50 0.93174
00012.jpg 646 34 90 194 0.93046
00012.jpg 801 44 66 241 0.93044
00012.jpg 801 39 67 260 0.92946
00012.jpg 51 97 297 342 0.92935
00012.jpg 893 52 59 215 0.92855
00012.jpg 801 50 68 241 0.92854
00012.jpg 895 61 64 196 0.92833
00012.jpg 44 75 195 109 0.92805
00012.jpg 1 174 92 241 0.92759
00012.jpg 714 47 81 276 0.92751
00012.jpg 0 159 97 280 0.92735
00012.jpg 113 0 43 70 0.92528
00012.jpg 704 57 100 260 0.92483
00012.jpg 795 47 68 237 0.92424
00012.jpg 2 1 32 52 0.92418
00012.jpg 900 58 58 200 0.92106
00012.jpg 538 44 91 262 0.92056
00012.jpg 358 66 218 322 0.92038
00012.jpg 583 76 107 268 0.91951
00012.jpg 84 2 30 45 0.91869
00012.jpg 69 97 279 325 0.91798
00012.jpg 648 33 78 195 0.91681
00012.jpg 797 40 67 252 0.91642
00012.jpg 41 113 331 311 0.91610
00012.jpg 689 14 34 51 0.91585
00012.jpg 58 108 282 328 0.91584
00012.jpg 595 82 100 264 0.91480
00012.jpg 768 33 41 169 0.91181
00012.jpg 82 1 32 50 0.91147
00012.jpg 154 0 35 79 0.91117
00012.jpg 706 34 96 298 0.91100
00012.jpg 650 32 78 206 0.91030
00012.jpg 712 43 89 282 0.90915
00012.jpg 600 60 105 281 0.90815
00012.jpg 793 34 76 256 0.90810
00012.jpg 643 33 91 193 0.90798
00012.jpg 81 0 37 50 0.90783
00012.jpg 891 53 59 212 0.90763
00012.jpg 577 4 37 58 0.90715
00012.jpg 531 35 100 273 0.90589
00012.jpg 798 45 68 239 0.90552
00012.jpg 539 38 91 275 0.90543
00012.jpg 96 93 242 338 0.90505
00012.jpg 708 45 96 283 0.90378
00012.jpg 154 0 37 73 0.90222
00012.jpg 2 172 85 269 0.90209
00012.jpg 691 14 32 45 0.90167
00012.jpg 115 0 42 67 0.90146
00012.jpg 53 73 194 105 0.90144
00012.jpg 878 36 47 206 0.90114
00012.jpg 545 40 102 285 0.90051
00012.jpg 346 66 245 315 0.90027
00012.jpg 706 37 104 291 0.89952
00012.jpg 51 79 185 104 0.89860
00012.jpg 802 36 66 250 0.89846
00012.jpg 76 124 254 301 0.89674
00012.jpg 86 1 32 50 0.89538
00012.jpg 689 13 32 50 0.89355
00012.jpg 713 41 88 281 0.89159
00012.jpg 795 43 67 239 0.89115
00012.jpg 714 56 80 262 0.89055
00012.jpg 364 57 242 313 0.89055
00012.jpg 768 35 37 191 0.88947
00012.jpg 649 35 84 189 0.88939
00012.jpg 891 50 58 209 0.88887
00012.jpg 83 0 33 50 0.88883
00012.jpg 52 64 193 119 0.88772
00012.jpg 69 88 288 343 0.88760
00012.jpg 900 49 56 219 0.88607
00012.jpg 525 44 104 265 0.88549
00012.jpg 0 0 33 56 0.88540
00012.jpg 646 32 84 191 0.88343
00012.jpg 544 37 106 306 0.88334
00012.jpg 527 28 110 305 0.88307
00012.jpg 877 27 41 215 0.88270
00012.jpg 647 38 88 182 0.88237
00012.jpg 65 101 269 334 0.88153
00012.jpg 895 51 59 208 0.88103
00012.jpg 85 1 34 49 0.88021
00012.jpg 686 17 37 49 0.87984
00012.jpg 81 1 38 47 0.87941
00012.jpg 652 33 79 192 0.87838
00012.jpg 32 95 327 353 0.87803
00012.jpg 882 35 50 86 0.87751
00012.jpg 644 27 87 215 0.87748
00012.jpg 54 97 286 327 0.87722
00012.jpg 115 0 43 70 0.87676
00012.jpg 0 0 32 53 0.87499
00012.jpg 766 29 42 191 0.87477
00012.jpg 707 57 90 265 0.87341
00012.jpg 0 166 93 272 0.87161
00012.jpg 797 33 72 260 0.87157
00012.jpg 715 40 81 284 0.87067
00012.jpg 646 37 87 182 0.87043
00012.jpg 762 35 54 166 0.87032
00012.jpg 655 32 73 191 0.86974
00012.jpg 581 75 117 272 0.86900
00012.jpg 532 37 98 274 0.86884
00012.jpg 691 16 36 59 0.86882
00012.jpg 79 0 35 52 0.86828
00012.jpg 799 49 64 240 0.86807
00012.jpg 648 39 84 181 0.86668
00012.jpg 41 71 227 125 0.86662
00012.jpg 649 27 85 196 0.86630
00012.jpg 533 35 143 310 0.86610
00012.jpg 891 49 65 217 0.86585
00012.jpg 115 0 43 76 0.86545
00012.jpg 578 69 114 285 0.86403
00012.jpg 890 51 66 218 0.86390
00012.jpg 690 14 35 52 0.86263
00012.jpg 534 41 94 262 0.86208
00012.jpg 81 0 38 50 0.86193
00012.jpg 644 34 90 197 0.86190
00012.jpg 692 13 32 54 0.86096
00012.jpg 653 32 78 193 0.86088
00012.jpg 353 66 244 321 0.86047
00012.jpg 155 0 35 74 0.86018
00012.jpg 690 16 31 42 0.85948
00012.jpg 112 2 46 68 0.85755
00012.jpg 1 0 32 55 0.85682
00012.jpg 887 34 46 69 0.85658
00012.jpg 0 174 93 91 0.85527
00012.jpg 642 26 99 248 0.85502
00012.jpg 49 68 208 109 0.85492
00012.jpg 884 45 67 214 0.85441
00012.jpg 0 164 94 274 0.85322
00012.jpg 156 0 35 80 0.85189
00012.jpg 576 5 38 55 0.85122
00012.jpg 0 172 95 257 0.85100
00012.jpg 716 48 86 277 0.85070
00012.jpg 113 0 40 73 0.85012
00012.jpg 559 50 146 313 0.84956
00012.jpg 154 0 38 76 0.84916
00012.jpg 84 0 34 48 0.84841
00012.jpg 0 171 100 252 0.84787
00012.jpg 0 0 34 53 0.84758
00012.jpg 568 78 133 272 0.84640
00012.jpg 537 32 89 289 0.84395
00012.jpg 540 30 88 283 0.84395
00012.jpg 53 81 190 98 0.84377
00012.jpg 799 41 67 250 0.84377
00012.jpg 762 36 53 161 0.84230
00012.jpg 601 75 94 267 0.84229
00012.jpg 880 29 41 216 0.84199
00012.jpg 358 56 231 313 0.84111
00012.jpg 767 34 45 191 0.84102
00012.jpg 57 95 307 340 0.84008
00012.jpg 0 169 94 111 0.83916
00012.jpg 708 50 93 272 0.83899
00012.jpg 882 41 48 63 0.83884
00012.jpg 532 42 96 266 0.83881
00012.jpg 154 0 37 80 0.83817
00012.jpg 652 31 78 190 0.83736
00012.jpg 693 15 31 44 0.83734
00012.jpg 116 0 39 57 0.83723
00012.jpg 794 47 76 231 0.83672
00012.jpg 531 39 98 268 0.83641
00012.jpg 51 117 284 311 0.83609
00012.jpg 884 36 55 218 0.83449
00012.jpg 582 71 117 282 0.83448
00012.jpg 350 59 223 341 0.83362
00012.jpg 155 0 34 79 0.83217
00012.jpg 691 16 33 51 0.83135
00012.jpg 334 71 265 327 0.82845
00012.jpg 798 55 65 234 0.82744
00012.jpg 84 0 36 48 0.82655
00012.jpg 904 58 52 209 0.82516
00012.jpg 764 30 52 187 0.82354
00012.jpg 795 45 67 234 0.82337
00012.jpg 887 39 46 55 0.82330
00012.jpg 159 0 32 81 0.82300
00012.jpg 639 32 101 213 0.82266
00012.jpg 0 165 100 266 0.82245
00012.jpg 716 20 37 77 0.82122
00012.jpg 647 22 86 210 0.82102
00012.jpg 647 28 83 228 0.82078
00012.jpg 59 79 176 106 0.82032
00012.jpg 647 18 88 257 0.81934
00012.jpg 580 3 36 55 0.81928
00012.jpg 531 31 101 287 0.81893
00012.jpg 50 71 199 118 0.81580
00012.jpg 34 103 298 328 0.81508
00012.jpg 881 41 54 57 0.81421
00012.jpg 650 29 81 222 0.81315
00012.jpg 526 23 108 294 0.81189
00012.jpg 877 24 50 211 0.81114
00012.jpg 49 75 206 115 0.81031
00012.jpg 882 37 44 74 0.81021
00012.jpg 1 0 33 55 0.81013
00012.jpg 3 170 87 277 0.80828
00012.jpg 885 48 60 209 0.80590
00012.jpg 884 38 46 59 0.80370
00012.jpg 893 42 60 227 0.80343
00012.jpg 81 0 35 53 0.80323
00012.jpg 534 36 99 276 0.80276
00012.jpg 764 38 53 175 0.80252
00012.jpg 888 37 41 80 0.80223
00012.jpg 646 33 18 41 0.80195
00012.jpg 155 0 36 73 0.80184
00012.jpg 158 1 34 73 0.80152
00012.jpg 579 8 35 47 0.79856
00012.jpg 528 41 160 300 0.79798
00012.jpg 690 12 34 61 0.79783
00012.jpg 881 39 49 56 0.79770
00012.jpg 0 165 104 278 0.79709
00012.jpg 715 38 93 287 0.79648
00012.jpg 61 114 285 315 0.79634
00012.jpg 157 0 33 72 0.79603
00012.jpg 529 36 103 267 0.79570
00012.jpg 710 20 45 59 0.79533
00012.jpg 0 163 104 279 0.79348
00012.jpg 881 28 55 226 0.79299
00012.jpg 55 70 193 105 0.79298
00012.jpg 572 62 102 289 0.79128
00012.jpg 114 0 45 68 0.79083
00012.jpg 39 99 277 326 0.79059
00012.jpg 369 64 222 322 0.79056
00012.jpg 84 1 37 45 0.78989
00012.jpg 690 15 39 58 0.78919
00012.jpg 0 176 99 95 0.78879
00012.jpg 575 3 41 54 0.78594
00012.jpg 900 58 55 205 0.78583
00012.jpg 154 0 36 74 0.78549
00012.jpg 545 48 103 285 0.78511
00012.jpg 650 36 82 188 0.78438
00012.jpg 889 37 39 60 0.78334
00012.jpg 885 42 45 58 0.78321
00012.jpg 616 24 109 301 0.78318
00012.jpg 539 21 99 289 0.78266
00012.jpg 60 72 179 105 0.78252
00012.jpg 115 0 40 59 0.78228
00012.jpg 45 69 217 117 0.78039
00012.jpg 51 68 199 117 0.77910
00012.jpg 115 1 40 72 0.77768
00012.jpg 690 10 38 52 0.77757
00012.jpg 559 66 130 274 0.77519
00012.jpg 44 72 200 100 0.77518
00012.jpg 50 74 188 105 0.77505
00012.jpg 54 74 183 115 0.77505
00012.jpg 113 0 39 68 0.77468
00012.jpg 884 43 46 56 0.77413
00012.jpg 646 41 88 163 0.77395
00012.jpg 83 0 33 54 0.77392
00012.jpg 647 31 19 50 0.77293
00012.jpg 0 159 90 285 0.77262
00012.jpg 152 0 43 76 0.77227
00012.jpg 115 2 45 70 0.77149
00012.jpg 57 61 210 133 0.77036
00012.jpg 157 2 31 65 0.77008
00012.jpg 0 177 98 153 0.76995
00012.jpg 537 28 94 302 0.76961
00012.jpg 57 75 171 107 0.76958
00012.jpg 881 36 41 136 0.76950
00012.jpg 582 76 107 276 0.76888
00012.jpg 79 0 33 46 0.76837
00012.jpg 709 20 45 57 0.76778
00012.jpg 516 23 121 290 0.76678
00012.jpg 719 40 80 273 0.76597
00012.jpg 880 26 41 219 0.76590
00012.jpg 114 2 44 71 0.76486
00012.jpg 55 73 191 112 0.76371
00012.jpg 647 32 21 52 0.76355
00012.jpg 61 68 174 118 0.76225
00012.jpg 643 27 91 200 0.76142
00012.jpg 691 15 31 40 0.76104
00012.jpg 886 56 60 205 0.76055
00012.jpg 54 63 205 121 0.75980
00012.jpg 0 159 102 282 0.75976
00012.jpg 17 108 343 332 0.75960
00012.jpg 563 51 154 291 0.75759
00012.jpg 361 65 215 317 0.75677
00012.jpg 533 34 94 277 0.75488
00012.jpg 60 78 173 106 0.75442
00012.jpg 111 0 41 70 0.75440
00012.jpg 879 36 49 211 0.75282
00012.jpg 1 158 86 282 0.75222
00012.jpg 878 40 41 192 0.75222
00012.jpg 648 34 18 39 0.75145
00012.jpg 584 4 30 52 0.75074
00012.jpg 878 35 47 181 0.75051
00012.jpg 153 0 39 91 0.75043
00012.jpg 648 29 20 52 0.74929
00012.jpg 694 16 31 49 0.74871
00012.jpg 31 104 319 328 0.74833
00012.jpg 643 31 25 51 0.74811
00012.jpg 693 19 31 51 0.74810
00012.jpg 879 37 57 56 0.74803
00012.jpg 86 1 32 51 0.74792
00012.jpg 558 79 145 274 0.74756
00012.jpg 0 177 105 97 0.74557
00012.jpg 888 33 41 59 0.74521
00012.jpg 759 42 53 194 0.74388
00012.jpg 0 160 96 288 0.74309
00012.jpg 91 122 219 307 0.74173
00012.jpg 527 48 135 283 0.74119
00012.jpg 85 94 272 345 0.74100
00012.jpg 157 1 33 69 0.74005
00012.jpg 3 177 91 80 0.73979
00012.jpg 643 32 25 41 0.73978
00012.jpg 655 31 78 195 0.73935
00012.jpg 112 2 43 63 0.73866
00012.jpg 44 71 203 119 0.73606
00012.jpg 337 50 250 339 0.73534
00012.jpg 2 172 95 101 0.73526
00012.jpg 113 1 44 64 0.73500
00012.jpg 644 33 27 41 0.73497
00012.jpg 77 69 162 110 0.73378
00012.jpg 115 5 42 70 0.73346
00012.jpg 0 151 104 285 0.73340
00012.jpg 0 157 94 287 0.73147
00012.jpg 645 32 85 213 0.73110
00012.jpg 19 100 321 334 0.73053
00012.jpg 85 0 37 46 0.72956
00012.jpg 60 114 270 320 0.72917
00012.jpg 60 70 182 110 0.72878
00012.jpg 648 37 82 201 0.72870
00012.jpg 529 32 101 284 0.72867
00012.jpg 0 168 100 104 0.72633
00012.jpg 532 39 90 266 0.71966
00012.jpg 580 7 35 50 0.71443
00012.jpg 0 167 100 269 0.71426
00012.jpg 652 24 80 222 0.71321
00012.jpg 579 5 34 49 0.71315
00012.jpg 81 3 40 46 0.71235
00012.jpg 53 77 183 96 0.71183
00012.jpg 80 1 44 55 0.71143
00012.jpg 153 0 35 84 0.71139
00012.jpg 706 19 47 70 0.70673
00012.jpg 791 38 70 248 0.70635
00012.jpg 52 85 185 95 0.70611
00012.jpg 0 157 99 295 0.70578
00012.jpg 81 68 154 106 0.70516
00012.jpg 2 166 87 246 0.70357
00012.jpg 42 82 195 99 0.70344
00012.jpg 81 2 40 47 0.70245
00012.jpg 115 1 37 51 0.70236
00012.jpg 655 37 70 192 0.69966
00012.jpg 801 46 62 232 0.69956
00012.jpg 48 78 183 100 0.69705
00012.jpg 887 39 46 59 0.69644
00012.jpg 56 93 273 337 0.69615
00012.jpg 148 3 42 73 0.69387
00012.jpg 888 42 41 50 0.69359
00012.jpg 806 41 58 242 0.69229
00012.jpg 886 39 45 56 0.69222
00012.jpg 798 29 67 273 0.69143
00012.jpg 0 176 99 114 0.69073
00012.jpg 584 2 33 59 0.69056
00012.jpg 65 71 158 108 0.68930
00012.jpg 0 175 99 257 0.68924
00012.jpg 718 19 41 72 0.68900
00012.jpg 688 18 77 50 0.68814
00012.jpg 115 0 35 46 0.68752
00012.jpg 443 1 49 59 0.68648
00012.jpg 762 30 50 219 0.68647
00012.jpg 583 5 30 42 0.68426
00012.jpg 886 38 42 64 0.68400
00012.jpg 112 0 40 66 0.68283
00012.jpg 41 65 229 127 0.68255
00012.jpg 88 112 244 315 0.68168
00012.jpg 157 3 36 74 0.68133
00012.jpg 0 169 103 236 0.68109
00012.jpg 880 44 79 191 0.68015
00012.jpg 588 66 100 280 0.67928
00012.jpg 587 5 31 46 0.67892
00012.jpg 579 9 33 58 0.67836
00012.jpg 114 1 36 61 0.67680
00012.jpg 694 12 37 54 0.67481
00012.jpg 895 41 43 206 0.67199
00012.jpg 693 21 77 58 0.67190
00012.jpg 526 32 111 278 0.66992
00012.jpg 82 1 34 50 0.66943
00012.jpg 76 68 152 113 0.66700
00012.jpg 687 12 37 49 0.66664
00012.jpg 120 0 34 42 0.66566
00012.jpg 157 2 37 79 0.66522
00012.jpg 369 42 302 335 0.66499
00012.jpg 648 29 82 197 0.66346
00012.jpg 0 174 85 275 0.66297
00012.jpg 39 85 206 103 0.66020
00012.jpg 38 101 319 361 0.66017
00012.jpg 46 71 193 119 0.65992
00012.jpg 362 70 215 292 0.65974
00012.jpg 333 62 247 324 0.65937
00012.jpg 884 41 51 62 0.65907
00012.jpg 0 176 94 100 0.65888
00012.jpg 566 54 143 296 0.65653
00012.jpg 882 38 42 189 0.65653
00012.jpg 0 156 88 288 0.65642
00012.jpg 707 49 98 274 0.65538
00012.jpg 60 63 212 112 0.65535
00012.jpg 879 47 35 185 0.65534
00012.jpg 874 38 57 194 0.65360
00012.jpg 638 42 86 259 0.65162
00012.jpg 589 70 97 280 0.65149
00012.jpg 116 0 38 40 0.65040
00012.jpg 5 169 89 104 0.64979
00012.jpg 797 39 73 248 0.64901
00012.jpg 150 0 37 78 0.64869
00012.jpg 110 12 47 55 0.64810
00012.jpg 580 5 34 63 0.64768
00012.jpg 52 85 181 91 0.64636
00012.jpg 51 78 182 102 0.64412
00012.jpg 645 25 92 157 0.64380
00012.jpg 875 44 58 59 0.64237
00012.jpg 156 0 37 87 0.64159
00012.jpg 888 38 42 53 0.64125
00012.jpg 700 18 50 55 0.64114
00012.jpg 798 46 74 232 0.64079
00012.jpg 644 37 88 206 0.64036
00012.jpg 877 35 55 54 0.63957
00012.jpg 760 39 54 176 0.63943
00012.jpg 885 47 70 207 0.63701
00012.jpg 1 178 92 103 0.63691
00012.jpg 0 175 93 93 0.63495
00012.jpg 0 182 92 91 0.63483
00012.jpg 644 39 94 194 0.63397
00012.jpg 0 174 110 134 0.63149
00012.jpg 654 32 75 196 0.63099
00012.jpg 42 74 193 122 0.63042
00012.jpg 0 173 92 109 0.62962
00012.jpg 114 5 44 67 0.62893
00012.jpg 527 38 97 268 0.62849
00012.jpg 76 94 279 335 0.62791
00012.jpg 443 2 44 68 0.62611
00012.jpg 529 38 109 294 0.62603
00012.jpg 644 34 97 185 0.62535
00012.jpg 791 54 71 218 0.62493
00012.jpg 576 76 122 282 0.62408
00012.jpg 542 32 88 275 0.62260
00012.jpg 682 22 79 52 0.62097
00012.jpg 725 35 84 260 0.62085
00012.jpg 94 94 255 346 0.62032
00012.jpg 4 176 90 96 0.61929
00012.jpg 884 39 44 57 0.61875
00012.jpg 763 36 47 208 0.61752
00012.jpg 875 37 53 159 0.61730
00012.jpg 882 41 45 53 0.61676
00012.jpg 1 148 101 295 0.61665
00012.jpg 713 20 45 71 0.61564
00012.jpg 642 33 26 57 0.61495
00012.jpg 801 0 45 78 0.61467
00012.jpg 576 5 34 52 0.61412
00012.jpg 769 41 39 193 0.61388
00012.jpg 881 34 54 66 0.61359
00012.jpg 796 0 53 62 0.61352
00012.jpg 882 38 44 65 0.61316
00012.jpg 796 45 64 235 0.61268
00012.jpg 535 43 94 261 0.60950
00012.jpg 757 32 48 219 0.60848
00012.jpg 884 37 43 57 0.60776
00012.jpg 684 11 40 68 0.60675
00012.jpg 730 0 44 48 0.60671
00012.jpg 875 39 52 80 0.60615
00012.jpg 61 73 218 117 0.60607
00012.jpg 879 41 51 51 0.60553
00012.jpg 698 50 113 286 0.60496
00012.jpg 37 64 222 124 0.60327
00012.jpg 876 40 46 181 0.60213
00012.jpg 690 13 31 47 0.60190
00012.jpg 724 20 32 59 0.60152
00012.jpg 51 73 192 104 0.60069
00012.jpg 111 0 45 68 0.59979
00012.jpg 690 18 37 42 0.59965
00012.jpg 2 179 92 98 0.59925
00012.jpg 43 77 193 115 0.59760
00012.jpg 81 1 40 52 0.59645
00012.jpg 704 66 85 248 0.59488
00012.jpg 764 27 52 181 0.59436
00012.jpg 541 37 79 283 0.59368
00012.jpg 503 31 159 304 0.59357
00012.jpg 691 14 36 41 0.59333
00012.jpg 694 16 34 45 0.59284
00012.jpg 68 74 158 112 0.59222
00012.jpg 112 2 44 47 0.58699
00012.jpg 888 38 40 52 0.58663
00012.jpg 875 32 57 65 0.58601
00012.jpg 879 46 47 47 0.58526
00012.jpg 75 1 39 44 0.58525
00012.jpg 76 140 283 277 0.58460
00012.jpg 578 6 33 42 0.58428
00012.jpg 0 172 93 92 0.58377
00012.jpg 572 5 38 56 0.58226
00012.jpg 700 52 90 272 0.58043
00012.jpg 0 179 87 125 0.57914
00012.jpg 645 33 16 41 0.57865
00012.jpg 558 50 161 303 0.57722
00012.jpg 876 36 52 73 0.57644
00012.jpg 108 4 53 71 0.57616
00012.jpg 0 175 92 98 0.57531
00012.jpg 143 64 74 101 0.57524
00012.jpg 43 87 288 347 0.57430
00012.jpg 883 37 44 55 0.57313
00012.jpg 446 0 40 64 0.57047
00012.jpg 693 19 38 40 0.56988
00012.jpg 1 172 96 94 0.56876
00012.jpg 802 0 48 88 0.56850
00012.jpg 693 15 38 61 0.56655
00012.jpg 694 14 36 39 0.56609
00012.jpg 530 46 133 293 0.56601
00012.jpg 883 36 49 58 0.56562
00012.jpg 0 178 91 88 0.56528
00012.jpg 2 170 90 95 0.56513
00012.jpg 763 39 51 162 0.56370
00012.jpg 736 0 33 50 0.56331
00012.jpg 641 37 101 187 0.56161
00012.jpg 150 0 36 84 0.56119
00012.jpg 41 97 305 362 0.56064
00012.jpg 114 16 44 55 0.56045
00012.jpg 887 51 64 208 0.55985
00012.jpg 582 5 37 59 0.55951
00012.jpg 569 9 45 52 0.55942
00012.jpg 51 80 211 116 0.55917
00012.jpg 0 161 89 279 0.55887
00012.jpg 878 44 37 189 0.55861
00012.jpg 329 51 332 326 0.55814
00012.jpg 0 171 101 103 0.55778
00012.jpg 718 17 43 59 0.55655
00012.jpg 891 40 38 49 0.55641
00012.jpg 883 42 45 56 0.55630
00012.jpg 571 57 121 302 0.55373
00012.jpg 877 41 50 55 0.55358
00012.jpg 444 0 50 66 0.55357
00012.jpg 871 34 78 219 0.55193
00012.jpg 443 2 41 59 0.55029
00012.jpg 111 1 42 68 0.54956
00012.jpg 877 40 52 55 0.54946
00012.jpg 686 15 67 48 0.54881
00012.jpg 789 29 81 263 0.54825
00012.jpg 683 16 39 56 0.54597
00012.jpg 119 0 38 60 0.54529
00012.jpg 899 53 59 211 0.54428
00012.jpg 443 2 37 66 0.54354
00012.jpg 540 51 119 288 0.54314
00012.jpg 59 72 170 114 0.54297
00012.jpg 521 15 117 330 0.54281
00012.jpg 84 0 38 45 0.54015
00012.jpg 0 168 102 94 0.53969
00012.jpg 4 171 95 247 0.53906
00012.jpg 885 40 41 48 0.53866
00012.jpg 687 15 35 41 0.53832
00012.jpg 700 39 113 289 0.53587
00012.jpg 772 35 40 185 0.53565
00012.jpg 875 36 51 59 0.53404
00012.jpg 157 0 33 78 0.53382
00012.jpg 763 44 54 207 0.53349
00012.jpg 745 40 64 249 0.53344
00012.jpg 438 1 49 70 0.53334
00012.jpg 1 167 93 98 0.53330
00012.jpg 111 0 49 80 0.53320
00012.jpg 871 55 53 163 0.53264
00012.jpg 577 11 39 61 0.53252
00012.jpg 573 8 41 62 0.53115
00012.jpg 609 71 111 275 0.52959
00012.jpg 110 1 48 71 0.52667
00012.jpg 638 42 86 164 0.52640
00012.jpg 355 65 246 306 0.52639
00012.jpg 3 170 89 93 0.52562
00012.jpg 646 34 85 222 0.52507
00012.jpg 342 74 221 314 0.52466
00012.jpg 890 52 66 219 0.52366
00012.jpg 646 32 85 273 0.52304
00012.jpg 575 10 35 44 0.52265
00012.jpg 737 0 34 47 0.52169
00012.jpg 447 0 43 76 0.52121
00012.jpg 685 17 37 39 0.51961
00012.jpg 692 23 78 55 0.51879
00012.jpg 697 43 108 288 0.51757
00012.jpg 719 24 37 43 0.51701
00012.jpg 503 51 222 300 0.51649
00012.jpg 767 33 89 263 0.51644
00012.jpg 80 80 275 341 0.51486
00012.jpg 544 54 98 265 0.51419
00012.jpg 788 25 75 278 0.51404
00012.jpg 874 43 62 220 0.51401
00012.jpg 880 42 47 47 0.51370
00012.jpg 692 17 44 46 0.51341
00012.jpg 66 164 252 253 0.51325
00012.jpg 644 28 30 49 0.51319
00012.jpg 877 40 53 76 0.51238
00012.jpg 0 177 93 81 0.51202
00012.jpg 1 171 89 80 0.51101
00012.jpg 118 0 33 34 0.50871
00012.jpg 522 24 110 289 0.50774
00012.jpg 562 57 115 294 0.50740
00012.jpg 802 0 48 70 0.50624
00012.jpg 731 1 35 51 0.50624
00012.jpg 38 66 233 116 0.50593
00012.jpg 117 5 42 69 0.50565
00012.jpg 646 29 26 55 0.50304
00012.jpg 5 175 87 256 0.50278
00012.jpg 66 61 202 123 0.50100
00012.jpg 54 71 197 123 0.50050
00012.jpg 524 36 116 258 0.49934
