00018.jpg 328 95 220 288 0.99885
00018.jpg 327 80 222 306 0.99859
00018.jpg 35 99 288 342 0.99735
00018.jpg 321 87 230 293 0.99730
00018.jpg 759 45 88 245 0.99681
00018.jpg 37 104 287 329 0.99659
00018.jpg 22 111 298 321 0.99626
00018.jpg 764 44 83 242 0.99585
00018.jpg 327 89 229 297 0.99533
00018.jpg 554 74 113 270 0.99453
00018.jpg 34 104 294 325 0.99431
00018.jpg 326 93 222 284 0.99410
00018.jpg 34 96 298 337 0.99407
00018.jpg 546 65 125 284 0.99372
00018.jpg 36 107 292 323 0.99369
00018.jpg 23 95 322 335 0.99333
00018.jpg 38 102 288 331 0.99322
00018.jpg 768 42 76 249 0.99321
00018.jpg 331 92 204 291 0.99305
00018.jpg 37 101 295 322 0.99276
00018.jpg 332 99 223 273 0.99274
00018.jpg 681 41 93 281 0.99256
00018.jpg 320 91 228 295 0.99255
00018.jpg 762 46 79 246 0.99241
00018.jpg 38 106 286 331 0.99237
00018.jpg 47 100 275 340 0.99235
00018.jpg 764 37 81 256 0.99197
00018.jpg 765 41 80 241 0.99197
00018.jpg 24 94 300 347 0.99169
00018.jpg 773 49 69 243 0.98984
00018.jpg 546 69 120 290 0.98873
00018.jpg 31 106 319 319 0.98868
00018.jpg 862 48 66 217 0.98802
00018.jpg 684 42 89 274 0.98727
00018.jpg 336 96 211 281 0.98643
00018.jpg 682 45 92 277 0.98632
00018.jpg 544 63 119 294 0.98628
00018.jpg 23 107 306 313 0.98621
00018.jpg 866 52 70 205 0.98611
00018.jpg 684 36 87 279 0.98602
00018.jpg 28 98 309 331 0.98596
00018.jpg 687 47 78 265 0.98540
00018.jpg 551 56 123 292 0.98491
00018.jpg 681 35 91 286 0.98481
00018.jpg 765 42 84 244 0.98414
00018.jpg 327 86 226 294 0.98238
00018.jpg 312 91 261 293 0.98207
00018.jpg 874 50 63 204 0.98200
00018.jpg 25 98 303 330 0.98189
00018.jpg 36 99 302 326 0.98189
00018.jpg 688 44 75 273 0.98175
00018.jpg 870 49 62 215 0.98172
00018.jpg 767 46 72 244 0.98136
00018.jpg 689 37 75 282 0.98062
00018.jpg 332 107 207 272 0.98027
00018.jpg 769 43 77 243 0.98013
00018.jpg 684 39 86 281 0.97998
00018.jpg 867 54 66 201 0.97961
00018.jpg 762 45 82 249 0.97954
00018.jpg 477 33 131 272 0.97950
00018.jpg 29 110 295 305 0.97914
00018.jpg 763 39 85 249 0.97852
00018.jpg 834 28 60 194 0.97823
00018.jpg 763 50 75 239 0.97811
00018.jpg 477 24 132 281 0.97795
00018.jpg 870 48 61 208 0.97762
00018.jpg 684 30 89 297 0.97729
00018.jpg 755 43 89 243 0.97705
00018.jpg 540 42 137 312 0.97668
00018.jpg 624 39 79 188 0.97650
00018.jpg 766 40 79 243 0.97631
00018.jpg 561 70 110 281 0.97628
00018.jpg 758 45 88 248 0.97620
00018.jpg 755 36 99 251 0.97616
00018.jpg 321 103 227 278 0.97610
00018.jpg 863 52 75 214 0.97592
00018.jpg 479 19 147 304 0.97554
00018.jpg 463 27 173 302 0.97513
00018.jpg 690 47 85 266 0.97507
00018.jpg 557 84 106 258 0.97495
00018.jpg 328 84 217 297 0.97478
00018.jpg 762 48 78 236 0.97466
00018.jpg 685 29 87 293 0.97349
00018.jpg 622 28 78 216 0.97337
00018.jpg 688 37 86 276 0.97318
00018.jpg 761 46 86 242 0.97262
00018.jpg 621 29 83 213 0.97255
00018.jpg 16 74 180 118 0.97164
00018.jpg 622 28 78 180 0.97113
00018.jpg 869 44 61 220 0.97017
00018.jpg 551 66 114 280 0.96979
00018.jpg 689 37 82 284 0.96917
00018.jpg 836 32 59 183 0.96912
00018.jpg 324 86 221 286 0.96851
00018.jpg 466 26 153 299 0.96820
00018.jpg 329 93 231 287 0.96779
00018.jpg 625 23 73 204 0.96746
00018.jpg 28 108 303 329 0.96726
00018.jpg 555 62 120 281 0.96676
00018.jpg 763 47 82 246 0.96619
00018.jpg 626 22 74 204 0.96599
00018.jpg 546 62 133 300 0.96561
00018.jpg 323 94 219 292 0.96543
00018.jpg 686 42 82 270 0.96524
00018.jpg 327 87 232 300 0.96502
00018.jpg 547 67 134 285 0.96485
00018.jpg 544 62 122 301 0.96459
00018.jpg 622 25 70 211 0.96442
00018.jpg 626 37 71 187 0.96404
00018.jpg 772 42 71 248 0.96395
00018.jpg 687 43 78 282 0.96203
00018.jpg 865 49 68 206 0.96193
00018.jpg 476 24 135 284 0.96169
00018.jpg 625 37 71 212 0.96139
00018.jpg 81 0 47 72 0.96084
00018.jpg 628 30 74 211 0.95997
00018.jpg 477 28 132 278 0.95991
00018.jpg 18 106 309 326 0.95959
00018.jpg 874 45 56 219 0.95794
00018.jpg 626 39 76 193 0.95761
00018.jpg 476 35 131 256 0.95656
00018.jpg 772 38 75 251 0.95605
00018.jpg 472 25 135 269 0.95599
00018.jpg 838 27 63 206 0.95585
00018.jpg 687 42 82 273 0.95556
00018.jpg 539 50 137 307 0.95344
00018.jpg 15 69 186 123 0.95237
00018.jpg 317 82 244 289 0.95221
00018.jpg 24 71 176 127 0.95199
00018.jpg 457 30 219 300 0.95197
00018.jpg 842 33 59 192 0.95145
00018.jpg 621 26 74 205 0.95088
00018.jpg 617 30 83 204 0.94980
00018.jpg 868 55 70 207 0.94946
00018.jpg 694 35 74 280 0.94940
00018.jpg 25 60 175 145 0.94890
00018.jpg 482 19 141 312 0.94847
00018.jpg 682 40 87 273 0.94809
00018.jpg 553 61 113 288 0.94769
00018.jpg 765 35 80 258 0.94750
00018.jpg 764 41 87 246 0.94714
00018.jpg 40 109 285 316 0.94704
00018.jpg 563 74 105 265 0.94679
00018.jpg 689 40 81 274 0.94534
00018.jpg 699 36 71 282 0.94527
00018.jpg 20 68 180 131 0.94510
00018.jpg 475 37 135 258 0.94462
00018.jpg 469 37 161 295 0.94453
00018.jpg 763 43 80 255 0.94450
00018.jpg 76 1 57 72 0.94437
00018.jpg 869 50 69 206 0.94150
00018.jpg 869 53 61 204 0.94063
00018.jpg 477 38 126 265 0.93980
00018.jpg 471 29 135 282 0.93965
00018.jpg 863 43 76 221 0.93893
00018.jpg 471 29 142 272 0.93714
00018.jpg 756 45 91 244 0.93562
00018.jpg 48 115 260 305 0.93468
00018.jpg 619 34 80 183 0.93467
00018.jpg 478 33 135 289 0.93419
00018.jpg 469 28 156 271 0.93366
00018.jpg 28 104 311 326 0.93338
00018.jpg 316 83 232 305 0.93329
00018.jpg 476 40 133 259 0.93317
00018.jpg 663 9 33 58 0.93309
00018.jpg 834 32 63 197 0.93220
00018.jpg 764 42 87 251 0.93212
00018.jpg 839 28 59 194 0.93208
00018.jpg 840 36 58 146 0.93199
00018.jpg 767 46 75 242 0.93182
00018.jpg 541 63 130 302 0.93164
00018.jpg 548 64 126 277 0.93146
00018.jpg 24 58 176 144 0.93123
00018.jpg 763 43 83 242 0.93093
00018.jpg 475 26 139 292 0.93084
00018.jpg 325 91 220 285 0.93064
00018.jpg 690 45 84 272 0.93055
00018.jpg 17 61 186 139 0.93023
00018.jpg 476 29 136 283 0.92925
00018.jpg 626 28 74 210 0.92893
00018.jpg 661 10 36 62 0.92730
00018.jpg 764 43 84 250 0.92717
00018.jpg 627 32 71 189 0.92710
00018.jpg 20 72 176 128 0.92700
00018.jpg 17 68 179 130 0.92592
00018.jpg 1 214 54 76 0.92510
00018.jpg 624 30 78 197 0.92468
00018.jpg 764 32 84 261 0.92461
00018.jpg 506 46 180 306 0.92345
00018.jpg 29 71 162 133 0.92339
00018.jpg 625 37 73 203 0.92305
00018.jpg 620 36 77 188 0.92260
00018.jpg 82 0 45 70 0.92251
00018.jpg 331 85 212 308 0.92237
00018.jpg 329 88 242 297 0.92202
00018.jpg 686 45 91 266 0.92136
00018.jpg 480 41 140 271 0.92135
00018.jpg 763 42 83 246 0.92010
00018.jpg 485 11 145 329 0.91967
00018.jpg 686 47 84 270 0.91913
00018.jpg 867 49 69 207 0.91831
00018.jpg 867 51 62 202 0.91807
00018.jpg 527 46 126 307 0.91787
00018.jpg 547 68 115 283 0.91760
00018.jpg 628 34 63 196 0.91716
00018.jpg 328 104 216 281 0.91707
00018.jpg 772 30 78 261 0.91500
00018.jpg 624 35 74 204 0.91478
00018.jpg 871 57 67 198 0.91419
00018.jpg 32 62 162 135 0.91397
00018.jpg 480 21 136 306 0.91372
00018.jpg 45 0 50 54 0.91305
00018.jpg 841 33 65 212 0.91303
00018.jpg 83 0 46 70 0.91104
00018.jpg 658 10 36 56 0.91066
00018.jpg 623 34 75 196 0.91059
00018.jpg 29 65 164 134 0.91053
00018.jpg 683 38 86 283 0.91046
00018.jpg 322 109 230 270 0.91041
00018.jpg 662 7 35 73 0.91029
00018.jpg 29 64 165 141 0.90999
00018.jpg 81 0 46 67 0.90930
00018.jpg 683 51 92 257 0.90927
00018.jpg 660 11 36 65 0.90926
00018.jpg 874 49 60 208 0.90862
00018.jpg 477 28 130 281 0.90778
00018.jpg 629 27 68 198 0.90758
00018.jpg 474 19 140 288 0.90734
00018.jpg 623 31 80 211 0.90666
00018.jpg 623 30 73 227 0.90517
00018.jpg 661 9 32 60 0.90493
00018.jpg 761 42 90 247 0.90385
00018.jpg 472 30 138 263 0.90347
00018.jpg 623 35 77 199 0.90299
00018.jpg 663 9 33 59 0.90261
00018.jpg 623 25 68 219 0.90235
00018.jpg 621 30 86 217 0.90211
00018.jpg 839 27 61 192 0.90202
00018.jpg 337 75 221 324 0.90197
00018.jpg 472 33 145 272 0.90181
00018.jpg 618 29 74 217 0.90061
00018.jpg 686 43 92 266 0.90052
00018.jpg 470 41 135 266 0.90042
00018.jpg 21 64 180 136 0.90038
00018.jpg 29 110 284 313 0.90012
00018.jpg 557 67 116 285 0.89998
00018.jpg 22 105 303 320 0.89991
00018.jpg 679 48 87 267 0.89900
00018.jpg 873 54 62 199 0.89855
00018.jpg 29 61 165 146 0.89812
00018.jpg 690 46 83 263 0.89780
00018.jpg 479 27 127 279 0.89714
00018.jpg 622 35 72 209 0.89713
00018.jpg 46 0 42 50 0.89705
00018.jpg 839 31 59 190 0.89688
00018.jpg 692 36 81 288 0.89645
00018.jpg 45 0 43 52 0.89544
00018.jpg 26 71 161 123 0.89504
00018.jpg 664 11 31 65 0.89442
00018.jpg 25 59 168 140 0.89322
00018.jpg 504 42 162 305 0.89269
00018.jpg 21 113 306 311 0.89264
00018.jpg 327 112 223 268 0.89262
00018.jpg 848 42 62 196 0.89236
00018.jpg 48 2 38 46 0.89221
00018.jpg 25 64 171 127 0.89177
00018.jpg 686 35 91 284 0.89048
00018.jpg 22 63 175 126 0.88938
00018.jpg 555 3 29 52 0.88755
00018.jpg 471 32 149 275 0.88715
00018.jpg 687 43 88 274 0.88713
00018.jpg 77 0 48 76 0.88690
00018.jpg 622 28 78 169 0.88625
00018.jpg 27 67 170 127 0.88609
00018.jpg 869 47 65 210 0.88569
00018.jpg 663 13 32 57 0.88559
00018.jpg 838 16 58 228 0.88502
00018.jpg 326 106 224 278 0.88499
00018.jpg 878 55 60 200 0.88325
00018.jpg 14 71 176 132 0.88320
00018.jpg 333 78 215 301 0.88268
00018.jpg 568 59 106 291 0.88180
00018.jpg 843 29 55 193 0.88100
00018.jpg 49 0 37 46 0.88077
00018.jpg 835 27 59 201 0.88046
00018.jpg 51 0 38 52 0.88024
00018.jpg 27 66 167 130 0.87808
00018.jpg 475 37 145 253 0.87794
00018.jpg 47 95 286 333 0.87777
00018.jpg 473 28 159 285 0.87694
00018.jpg 866 40 72 227 0.87636
00018.jpg 480 27 136 290 0.87626
00018.jpg 838 29 55 203 0.87513
00018.jpg 28 61 173 137 0.87491
00018.jpg 661 10 33 50 0.87480
00018.jpg 845 34 58 199 0.87362
00018.jpg 626 32 76 190 0.87330
00018.jpg 873 46 65 214 0.87326
00018.jpg 834 36 65 183 0.87316
00018.jpg 432 16 263 333 0.87306
00018.jpg 20 63 184 132 0.87271
00018.jpg 836 29 61 194 0.87264
00018.jpg 622 26 82 254 0.87117
00018.jpg 679 16 43 70 0.86986
00018.jpg 628 24 69 178 0.86919
00018.jpg 59 123 260 306 0.86877
00018.jpg 625 18 75 202 0.86864
00018.jpg 123 0 38 55 0.86806
00018.jpg 620 23 86 253 0.86768
00018.jpg 869 59 66 187 0.86669
00018.jpg 76 0 57 77 0.86533
00018.jpg 625 31 68 190 0.86518
00018.jpg 548 61 119 290 0.86474
00018.jpg 764 39 86 253 0.86473
00018.jpg 554 51 113 319 0.86466
00018.jpg 835 34 61 183 0.86272
00018.jpg 683 37 93 271 0.86238
00018.jpg 864 49 69 217 0.86090
00018.jpg 617 30 81 128 0.86033
00018.jpg 686 37 85 276 0.86030
00018.jpg 28 66 158 130 0.85927
00018.jpg 30 96 313 324 0.85918
00018.jpg 35 109 303 321 0.85917
00018.jpg 82 0 44 70 0.85851
00018.jpg 841 26 57 212 0.85788
00018.jpg 24 66 175 134 0.85736
00018.jpg 873 50 63 206 0.85523
00018.jpg 689 45 79 272 0.85496
00018.jpg 473 28 139 276 0.85362
00018.jpg 663 11 36 59 0.85352
00018.jpg 839 36 62 76 0.85222
00018.jpg 624 35 73 156 0.85163
00018.jpg 842 25 54 203 0.85136
00018.jpg 621 33 83 186 0.85129
00018.jpg 46 1 44 47 0.85086
00018.jpg 2 211 60 75 0.85035
00018.jpg 27 60 170 137 0.84871
00018.jpg 1 210 59 78 0.84844
00018.jpg 26 66 176 130 0.84796
00018.jpg 479 42 131 260 0.84786
00018.jpg 83 1 45 68 0.84568
00018.jpg 126 1 32 45 0.84466
00018.jpg 840 22 59 214 0.84452
00018.jpg 119 0 41 62 0.84407
00018.jpg 43 0 41 51 0.84309
00018.jpg 120 2 41 60 0.84257
00018.jpg 664 9 37 68 0.84256
00018.jpg 553 64 109 287 0.84140
00018.jpg 835 27 60 206 0.84125
00018.jpg 552 5 31 49 0.84112
00018.jpg 484 34 121 273 0.83991
00018.jpg 479 37 132 264 0.83941
00018.jpg 0 213 57 71 0.83922
00018.jpg 17 67 185 133 0.83896
00018.jpg 16 68 185 137 0.83875
00018.jpg 44 120 290 305 0.83871
00018.jpg 550 57 130 294 0.83861
00018.jpg 25 120 317 312 0.83791
00018.jpg 831 32 73 202 0.83674
00018.jpg 877 51 55 210 0.83645
00018.jpg 72 112 249 314 0.83555
00018.jpg 856 41 64 216 0.83540
00018.jpg 760 36 89 259 0.83314
00018.jpg 339 81 222 277 0.83287
00018.jpg 62 99 273 342 0.83287
00018.jpg 1 224 56 61 0.83275
00018.jpg 1 228 55 53 0.83087
00018.jpg 836 27 64 190 0.83015
00018.jpg 124 0 41 65 0.82943
00018.jpg 18 71 168 127 0.82889
00018.jpg 77 1 50 75 0.82794
00018.jpg 481 28 121 283 0.82778
00018.jpg 614 34 93 201 0.82773
00018.jpg 48 0 38 54 0.82738
00018.jpg 13 67 171 138 0.82540
00018.jpg 55 108 251 332 0.82487
00018.jpg 662 12 29 52 0.82478
00018.jpg 80 0 49 70 0.82402
00018.jpg 565 61 109 278 0.82160
00018.jpg 23 77 172 122 0.81996
00018.jpg 867 54 68 202 0.81943
00018.jpg 539 70 129 277 0.81778
00018.jpg 72 0 60 73 0.81753
00018.jpg 473 40 138 250 0.81702
00018.jpg 685 41 87 281 0.81632
00018.jpg 486 42 145 287 0.81559
00018.jpg 0 204 61 88 0.81535
00018.jpg 868 54 68 202 0.81460
00018.jpg 609 20 81 281 0.81423
00018.jpg 317 99 249 280 0.81393
00018.jpg 623 29 85 212 0.81349
00018.jpg 548 62 114 290 0.81284
00018.jpg 648 11 57 77 0.81238
00018.jpg 354 66 229 307 0.81163
00018.jpg 1 218 59 67 0.80932
00018.jpg 621 35 79 185 0.80883
00018.jpg 320 89 265 284 0.80779
00018.jpg 621 26 81 231 0.80629
00018.jpg 629 28 64 203 0.80452
00018.jpg 842 30 58 84 0.80451
00018.jpg 547 34 144 314 0.80218
00018.jpg 443 54 228 274 0.80189
00018.jpg 0 214 55 71 0.80102
00018.jpg 327 100 211 284 0.80083
00018.jpg 22 66 177 111 0.80055
00018.jpg 771 50 73 216 0.80001
00018.jpg 322 95 229 297 0.79976
00018.jpg 45 0 40 50 0.79947
00018.jpg 683 39 82 283 0.79903
00018.jpg 856 38 66 225 0.79842
00018.jpg 482 31 126 280 0.79824
00018.jpg 25 66 166 142 0.79803
00018.jpg 833 29 64 195 0.79768
00018.jpg 664 10 37 72 0.79725
00018.jpg 48 0 38 45 0.79713
00018.jpg 687 37 83 281 0.79619
00018.jpg 20 90 328 356 0.79576
00018.jpg 469 25 134 279 0.79448
00018.jpg 465 23 146 285 0.79445
00018.jpg 77 0 58 74 0.79317
00018.jpg 550 4 32 51 0.79087
00018.jpg 479 25 120 284 0.78985
00018.jpg 27 73 166 120 0.78755
00018.jpg 33 60 167 131 0.78678
00018.jpg 328 66 163 109 0.78465
00018.jpg 686 19 37 69 0.78445
00018.jpg 458 29 224 320 0.78422
00018.jpg 680 17 43 66 0.78364
00018.jpg 79 0 46 68 0.78328
00018.jpg 45 0 51 46 0.78282
00018.jpg 46 0 47 48 0.78276
00018.jpg 333 77 155 106 0.78261
00018.jpg 0 215 63 69 0.78226
00018.jpg 663 10 36 61 0.78161
00018.jpg 488 32 130 309 0.78011
00018.jpg 680 46 87 268 0.77977
00018.jpg 17 64 188 143 0.77892
00018.jpg 557 61 112 289 0.77885
00018.jpg 631 29 68 194 0.77795
00018.jpg 411 0 52 69 0.77712
00018.jpg 626 23 79 243 0.77675
00018.jpg 47 0 42 44 0.77670
00018.jpg 85 0 41 60 0.77667
00018.jpg 122 1 41 67 0.77567
00018.jpg 22 74 176 123 0.77544
00018.jpg 0 204 58 87 0.77518
00018.jpg 518 57 170 296 0.77496
00018.jpg 323 72 166 93 0.77449
00018.jpg 542 60 117 290 0.77449
00018.jpg 25 66 166 137 0.77404
00018.jpg 570 27 119 302 0.77296
00018.jpg 122 0 44 56 0.77227
00018.jpg 326 64 157 96 0.77157
00018.jpg 869 56 66 201 0.77043
00018.jpg 846 30 65 222 0.77040
00018.jpg 692 32 83 271 0.76983
00018.jpg 25 64 178 128 0.76977
00018.jpg 411 0 48 63 0.76867
00018.jpg 21 78 168 116 0.76851
00018.jpg 468 32 151 270 0.76846
00018.jpg 73 5 56 64 0.76825
00018.jpg 767 40 84 243 0.76726
00018.jpg 22 69 176 127 0.76683
00018.jpg 548 73 116 266 0.76636
00018.jpg 80 0 53 75 0.76616
00018.jpg 661 9 36 58 0.76595
00018.jpg 74 0 52 74 0.76581
00018.jpg 117 0 43 74 0.76538
00018.jpg 78 0 51 71 0.76500
00018.jpg 659 10 33 52 0.76488
00018.jpg 664 18 68 61 0.76457
00018.jpg 413 0 51 63 0.76353
00018.jpg 554 3 27 45 0.76255
00018.jpg 467 23 190 319 0.76162
00018.jpg 42 0 46 49 0.76150
00018.jpg 476 28 127 291 0.76036
00018.jpg 659 11 30 48 0.76016
00018.jpg 329 110 214 273 0.75891
00018.jpg 549 68 112 272 0.75808
00018.jpg 341 101 225 278 0.75758
00018.jpg 664 12 31 47 0.75687
00018.jpg 84 0 43 55 0.75322
00018.jpg 553 1 34 53 0.75215
00018.jpg 521 52 161 308 0.75199
00018.jpg 478 37 123 272 0.75124
00018.jpg 763 38 78 255 0.75094
00018.jpg 858 46 78 220 0.75068
00018.jpg 620 30 71 133 0.75034
00018.jpg 482 27 117 275 0.74962
00018.jpg 79 1 48 70 0.74815
00018.jpg 348 67 130 91 0.74798
00018.jpg 769 44 81 246 0.74724
00018.jpg 622 35 70 202 0.74434
00018.jpg 839 32 59 191 0.74410
00018.jpg 12 56 185 141 0.74142
00018.jpg 323 70 166 88 0.74060
00018.jpg 556 1 32 54 0.73969
00018.jpg 128 0 33 47 0.73931
00018.jpg 839 23 74 227 0.73713
00018.jpg 319 93 218 293 0.73584
00018.jpg 684 19 42 71 0.73558
00018.jpg 47 2 47 50 0.73365
00018.jpg 879 54 57 197 0.73331
00018.jpg 866 49 73 213 0.73226
00018.jpg 629 25 74 221 0.73185
00018.jpg 414 0 50 66 0.73037
00018.jpg 38 66 152 125 0.72746
00018.jpg 666 12 46 74 0.72615
00018.jpg 836 37 70 98 0.72535
00018.jpg 555 1 30 58 0.72486
00018.jpg 29 65 162 139 0.72456
00018.jpg 841 33 50 191 0.72357
00018.jpg 688 43 90 270 0.72338
00018.jpg 26 61 179 151 0.72311
00018.jpg 657 14 36 55 0.72201
00018.jpg 684 42 83 279 0.72108
00018.jpg 549 3 33 57 0.72065
00018.jpg 78 0 54 74 0.71957
00018.jpg 624 21 66 111 0.71859
00018.jpg 766 42 75 242 0.71841
00018.jpg 460 52 145 249 0.71743
00018.jpg 550 4 37 51 0.71604
00018.jpg 83 5 44 61 0.71501
00018.jpg 419 48 177 305 0.71494
00018.jpg 0 226 61 53 0.71483
00018.jpg 46 0 56 59 0.71481
00018.jpg 21 73 171 130 0.71218
00018.jpg 688 17 39 72 0.70895
00018.jpg 569 44 92 304 0.70869
00018.jpg 25 75 168 129 0.70859
00018.jpg 674 17 48 71 0.70813
00018.jpg 478 29 127 292 0.70753
00018.jpg 761 43 80 244 0.70673
00018.jpg 592 23 97 292 0.70623
00018.jpg 475 28 139 307 0.70518
00018.jpg 50 93 260 312 0.70478
00018.jpg 841 20 59 162 0.70464
00018.jpg 482 34 122 285 0.70293
00018.jpg 1 215 60 70 0.70118
00018.jpg 46 0 37 46 0.70101
00018.jpg 599 46 100 258 0.69742
00018.jpg 835 30 66 190 0.69689
00018.jpg 50 0 42 52 0.69447
00018.jpg 329 72 161 93 0.69436
00018.jpg 612 40 88 216 0.69434
00018.jpg 328 69 157 87 0.69414
00018.jpg 861 42 77 216 0.69384
00018.jpg 42 0 59 54 0.69380
00018.jpg 2 213 56 70 0.69337
00018.jpg 49 1 48 59 0.69333
00018.jpg 3 224 58 61 0.69241
00018.jpg 665 11 33 52 0.69170
00018.jpg 843 23 55 211 0.68875
00018.jpg 476 34 123 267 0.68710
00018.jpg 552 2 30 51 0.68685
00018.jpg 0 224 60 60 0.68296
00018.jpg 51 0 39 56 0.68245
00018.jpg 46 2 36 41 0.68196
00018.jpg 320 114 218 281 0.68191
00018.jpg 556 68 118 272 0.68013
00018.jpg 327 74 161 84 0.67921
00018.jpg 861 43 61 215 0.67890
00018.jpg 28 64 161 151 0.67831
00018.jpg 680 15 43 79 0.67712
00018.jpg 84 0 38 62 0.67686
00018.jpg 412 0 51 73 0.67673
00018.jpg 622 33 71 197 0.67606
00018.jpg 318 86 226 300 0.67449
00018.jpg 597 42 85 268 0.67331
00018.jpg 476 23 134 267 0.67271
00018.jpg 16 62 190 134 0.67187
00018.jpg 653 9 39 67 0.67186
00018.jpg 550 5 31 51 0.67044
00018.jpg 47 101 277 328 0.66919
00018.jpg 840 27 60 105 0.66873
00018.jpg 412 0 48 65 0.66850
00018.jpg 74 0 51 70 0.66835
00018.jpg 124 2 37 67 0.66743
00018.jpg 614 17 91 281 0.66638
00018.jpg 26 68 168 128 0.66566
00018.jpg 45 3 52 49 0.66494
00018.jpg 325 77 201 306 0.66346
00018.jpg 516 49 145 293 0.66267
00018.jpg 323 68 155 103 0.66235
00018.jpg 49 2 45 48 0.66182
00018.jpg 864 47 61 213 0.66180
00018.jpg 756 43 82 241 0.66098
00018.jpg 124 1 36 53 0.66096
00018.jpg 81 2 51 74 0.66084
00018.jpg 23 61 178 124 0.66060
00018.jpg 623 30 73 218 0.65967
00018.jpg 676 18 42 65 0.65910
00018.jpg 607 35 96 208 0.65708
00018.jpg 122 0 41 77 0.65698
00018.jpg 620 31 87 211 0.65692
00018.jpg 410 0 48 62 0.65674
00018.jpg 49 2 38 44 0.65532
00018.jpg 659 11 37 49 0.65266
00018.jpg 121 2 40 43 0.65222
00018.jpg 626 15 77 248 0.64978
00018.jpg 322 112 226 274 0.64944
00018.jpg 345 68 134 106 0.64745
00018.jpg 4 215 54 73 0.64665
00018.jpg 41 0 52 46 0.64456
00018.jpg 469 37 141 267 0.64346
00018.jpg 0 218 66 68 0.64181
00018.jpg 78 0 56 81 0.64167
00018.jpg 631 20 63 174 0.63940
00018.jpg 39 108 300 330 0.63861
00018.jpg 839 39 94 214 0.63838
00018.jpg 834 35 69 208 0.63380
00018.jpg 128 2 35 45 0.63288
00018.jpg 321 67 169 83 0.63261
00018.jpg 472 30 132 269 0.63165
00018.jpg 80 3 55 69 0.63002
00018.jpg 569 74 99 276 0.62952
00018.jpg 663 12 38 45 0.62835
00018.jpg 79 1 53 78 0.62778
00018.jpg 0 205 59 80 0.62765
00018.jpg 0 207 67 82 0.62665
00018.jpg 756 38 79 248 0.62659
00018.jpg 110 2 56 60 0.62560
00018.jpg 835 40 69 155 0.62506
00018.jpg 680 15 40 78 0.62469
00018.jpg 58 5 76 62 0.62421
00018.jpg 837 34 66 75 0.62229
00018.jpg 352 68 119 102 0.62136
00018.jpg 0 206 55 78 0.62045
00018.jpg 829 26 73 214 0.61980
00018.jpg 414 0 46 70 0.61864
00018.jpg 766 44 85 255 0.61855
00018.jpg 305 76 262 313 0.61828
00018.jpg 486 44 126 263 0.61814
00018.jpg 419 0 46 68 0.61777
00018.jpg 468 40 144 274 0.61751
00018.jpg 334 77 153 96 0.61670
00018.jpg 86 0 36 38 0.61664
00018.jpg 875 55 64 202 0.61632
00018.jpg 39 102 307 316 0.61391
00018.jpg 758 43 76 240 0.61390
00018.jpg 651 12 64 54 0.61251
00018.jpg 559 2 27 53 0.61250
00018.jpg 664 18 67 63 0.61205
00018.jpg 557 1 29 47 0.61189
00018.jpg 347 66 132 111 0.61109
00018.jpg 74 0 53 74 0.61104
00018.jpg 47 0 49 51 0.61061
00018.jpg 652 6 51 91 0.60969
00018.jpg 78 0 51 66 0.60951
00018.jpg 52 149 268 278 0.60818
00018.jpg 71 0 79 80 0.60647
00018.jpg 415 0 40 64 0.60618
00018.jpg 842 24 60 107 0.60583
00018.jpg 869 48 70 201 0.60415
00018.jpg 838 34 64 64 0.59932
00018.jpg 611 35 29 53 0.59795
00018.jpg 836 25 63 97 0.59719
00018.jpg 473 48 125 238 0.59688
00018.jpg 5 212 52 70 0.59634
00018.jpg 841 30 58 151 0.59464
00018.jpg 686 17 35 86 0.59391
00018.jpg 325 71 272 328 0.59328
00018.jpg 353 72 122 95 0.59216
00018.jpg 683 21 43 70 0.59192
00018.jpg 659 9 33 44 0.59181
00018.jpg 665 13 41 72 0.59098
00018.jpg 551 2 33 57 0.59066
00018.jpg 3 218 55 69 0.59046
00018.jpg 472 33 137 250 0.59004
00018.jpg 608 60 30 37 0.58925
00018.jpg 839 33 59 175 0.58920
00018.jpg 552 60 111 300 0.58879
00018.jpg 39 58 159 126 0.58870
00018.jpg 0 206 54 79 0.58669
00018.jpg 604 49 35 54 0.58479
00018.jpg 833 34 75 213 0.58370
00018.jpg 632 34 64 201 0.58179
00018.jpg 35 60 170 137 0.58065
00018.jpg 85 0 48 63 0.57975
00018.jpg 325 75 201 295 0.57905
00018.jpg 657 17 74 55 0.57854
00018.jpg 465 25 143 264 0.57772
00018.jpg 758 46 82 238 0.57741
00018.jpg 74 3 67 69 0.57740
00018.jpg 834 24 61 197 0.57727
00018.jpg 695 36 88 278 0.57675
00018.jpg 328 74 149 85 0.57550
00018.jpg 13 70 188 155 0.57511
00018.jpg 685 24 36 54 0.57413
00018.jpg 615 33 71 183 0.57290
00018.jpg 411 0 42 67 0.57287
00018.jpg 688 36 92 281 0.57208
00018.jpg 757 41 86 254 0.57126
00018.jpg 667 10 33 63 0.57105
00018.jpg 332 70 145 97 0.56987
00018.jpg 463 30 137 270 0.56935
00018.jpg 833 30 71 82 0.56867
00018.jpg 0 204 60 80 0.56684
00018.jpg 497 45 118 267 0.56354
00018.jpg 346 74 129 86 0.56277
00018.jpg 661 11 30 44 0.56265
00018.jpg 841 29 57 140 0.56232
00018.jpg 50 0 42 44 0.56182
00018.jpg 840 29 61 218 0.56168
00018.jpg 560 3 29 56 0.56038
00018.jpg 75 1 90 78 0.55979
00018.jpg 44 0 57 61 0.55913
00018.jpg 28 71 159 138 0.55879
00018.jpg 32 90 312 330 0.55827
00018.jpg 843 26 56 80 0.55769
00018.jpg 548 1 35 52 0.55668
00018.jpg 550 2 33 54 0.55645
00018.jpg 337 69 156 125 0.55644
00018.jpg 329 95 211 271 0.55631
00018.jpg 409 0 59 64 0.55398
00018.jpg 555 2 33 64 0.55353
00018.jpg 772 45 77 237 0.55176
00018.jpg 471 39 171 249 0.55170
00018.jpg 471 33 138 243 0.55167
00018.jpg 544 59 142 289 0.55031
00018.jpg 679 12 47 65 0.55011
00018.jpg 122 2 34 42 0.54975
00018.jpg 633 23 63 130 0.54896
00018.jpg 766 59 73 226 0.54893
00018.jpg 628 33 76 167 0.54876
00018.jpg 414 0 48 66 0.54830
00018.jpg 686 15 42 64 0.54670
00018.jpg 31 76 162 129 0.54632
00018.jpg 332 89 239 297 0.54622
00018.jpg 317 68 179 125 0.54595
00018.jpg 81 0 48 75 0.54552
00018.jpg 477 33 133 272 0.54539
00018.jpg 693 21 31 50 0.54517
00018.jpg 323 70 162 87 0.54466
00018.jpg 611 40 27 49 0.54109
00018.jpg 547 44 144 293 0.53972
00018.jpg 632 20 72 185 0.53921
00018.jpg 124 0 43 72 0.53898
00018.jpg 19 65 176 126 0.53875
00018.jpg 415 0 43 60 0.53852
00018.jpg 82 1 41 47 0.53832
00018.jpg 328 72 150 86 0.53802
00018.jpg 70 3 66 77 0.53708
00018.jpg 125 0 41 74 0.53490
00018.jpg 120 3 41 48 0.53471
00018.jpg 78 0 64 68 0.53275
00018.jpg 476 40 134 256 0.53055
00018.jpg 349 63 128 90 0.53006
00018.jpg 692 36 81 270 0.52989
00018.jpg 835 37 70 52 0.52983
00018.jpg 46 3 34 43 0.52977
00018.jpg 417 0 44 79 0.52814
00018.jpg 43 2 54 53 0.52690
00018.jpg 0 224 63 63 0.52653
00018.jpg 623 32 68 143 0.52613
00018.jpg 120 1 39 67 0.52591
00018.jpg 0 199 57 87 0.52564
00018.jpg 683 15 37 63 0.52528
00018.jpg 839 36 62 92 0.52480
00018.jpg 669 12 50 64 0.52361
00018.jpg 641 16 70 52 0.52312
00018.jpg 616 34 25 33 0.52280
00018.jpg 47 3 88 66 0.52064
00018.jpg 670 13 40 78 0.51588
00018.jpg 837 26 58 170 0.51571
00018.jpg 88 2 38 39 0.51382
00018.jpg 616 29 76 193 0.51315
00018.jpg 324 74 192 278 0.51277
00018.jpg 686 15 44 65 0.51260
00018.jpg 315 73 237 317 0.51246
00018.jpg 612 32 31 60 0.51141
00018.jpg 473 36 135 261 0.51081
00018.jpg 684 13 43 93 0.51034
00018.jpg 692 36 91 273 0.50924
00018.jpg 835 26 67 95 0.50853
00018.jpg 33 59 165 153 0.50826
00018.jpg 557 40 108 313 0.50802
00018.jpg 625 16 77 95 0.50745
00018.jpg 337 118 197 261 0.50745
00018.jpg 461 34 148 269 0.50682
00018.jpg 668 10 35 65 0.50546
00018.jpg 458 21 229 326 0.50482
00018.jpg 662 17 71 69 0.50476
00018.jpg 77 3 77 70 0.50458
00018.jpg 686 13 39 65 0.50368
00018.jpg 409 0 49 73 0.50356
00018.jpg 10 90 382 349 0.50260
00018.jpg 627 27 76 181 0.50163
00018.jpg 49 1 41 46 0.50159
00018.jpg 584 56 116 231 0.50152
00018.jpg 675 23 46 66 0.50143
00018.jpg 357 59 266 305 0.50058
00018.jpg 330 69 153 137 0.50022
00018.jpg 695 15 32 55 0.50021
00018.jpg 78 0 64 86 0.50016
00018.jpg 661 11 41 78 0.49936
