00021.jpg 303 83 228 293 0.99873
00021.jpg 310 82 227 293 0.99740
00021.jpg 17 94 299 341 0.99738
00021.jpg 612 29 68 174 0.99737
00021.jpg 316 84 222 305 0.99734
00021.jpg 751 38 72 246 0.99716
00021.jpg 745 45 75 241 0.99708
00021.jpg 746 47 79 237 0.99705
00021.jpg 16 93 309 332 0.99685
00021.jpg 41 101 263 334 0.99654
00021.jpg 25 106 288 329 0.99642
00021.jpg 302 75 223 312 0.99613
00021.jpg 320 88 199 299 0.99596
00021.jpg 316 78 205 313 0.99596
00021.jpg 747 41 74 241 0.99578
00021.jpg 33 102 273 326 0.99452
00021.jpg 310 74 220 315 0.99445
00021.jpg 21 103 306 314 0.99444
00021.jpg 32 89 282 340 0.99326
00021.jpg 857 53 63 201 0.99296
00021.jpg 749 32 74 254 0.99290
00021.jpg 302 87 230 295 0.99233
00021.jpg 672 32 72 285 0.99164
00021.jpg 610 40 76 162 0.99146
00021.jpg 38 90 279 344 0.99110
00021.jpg 852 40 62 221 0.99045
00021.jpg 750 43 75 238 0.99045
00021.jpg 860 47 59 216 0.99036
00021.jpg 665 35 81 281 0.98992
00021.jpg 610 34 71 171 0.98906
00021.jpg 669 37 75 273 0.98904
00021.jpg 752 37 77 254 0.98899
00021.jpg 613 41 64 157 0.98890
00021.jpg 23 91 284 342 0.98884
00021.jpg 609 38 74 167 0.98881
00021.jpg 858 50 58 205 0.98828
00021.jpg 308 80 229 308 0.98763
00021.jpg 666 33 88 289 0.98738
00021.jpg 307 94 233 287 0.98726
00021.jpg 663 45 88 274 0.98692
00021.jpg 305 92 233 293 0.98682
00021.jpg 609 36 72 162 0.98656
00021.jpg 465 28 127 265 0.98642
00021.jpg 10 65 174 133 0.98635
00021.jpg 613 29 66 174 0.98622
00021.jpg 314 67 216 319 0.98579
00021.jpg 307 76 234 315 0.98537
00021.jpg 463 33 128 256 0.98426
00021.jpg 617 30 61 178 0.98417
00021.jpg 513 57 145 299 0.98390
00021.jpg 749 42 76 232 0.98336
00021.jpg 855 53 62 202 0.98317
00021.jpg 11 58 172 134 0.98313
00021.jpg 22 108 293 314 0.98299
00021.jpg 613 29 67 174 0.98257
00021.jpg 856 48 63 208 0.98246
00021.jpg 752 44 67 230 0.98190
00021.jpg 668 39 84 280 0.98169
00021.jpg 849 45 73 209 0.98132
00021.jpg 745 32 79 252 0.98106
00021.jpg 310 80 220 290 0.98054
00021.jpg 543 55 95 297 0.98011
00021.jpg 819 29 59 198 0.97975
00021.jpg 745 37 80 249 0.97932
00021.jpg 616 39 67 169 0.97900
00021.jpg 612 29 68 178 0.97897
00021.jpg 669 39 76 280 0.97894
00021.jpg 668 39 76 289 0.97782
00021.jpg 610 27 75 174 0.97769
00021.jpg 15 105 309 323 0.97762
00021.jpg 19 112 302 317 0.97729
00021.jpg 12 65 175 128 0.97683
00021.jpg 308 84 217 298 0.97675
00021.jpg 612 29 67 171 0.97643
00021.jpg 26 85 283 335 0.97609
00021.jpg 855 44 61 223 0.97606
00021.jpg 608 35 64 164 0.97581
00021.jpg 11 70 163 128 0.97573
00021.jpg 667 45 79 272 0.97524
00021.jpg 611 41 68 159 0.97518
00021.jpg 747 45 74 234 0.97505
00021.jpg 300 81 236 304 0.97450
00021.jpg 612 31 71 170 0.97420
00021.jpg 862 59 54 195 0.97407
00021.jpg 852 52 71 206 0.97304
00021.jpg 306 83 226 295 0.97286
00021.jpg 819 32 57 195 0.97264
00021.jpg 541 70 105 280 0.97237
00021.jpg 541 69 95 287 0.97206
00021.jpg 315 80 213 290 0.97170
00021.jpg 309 74 220 305 0.97107
00021.jpg 853 50 63 212 0.97056
00021.jpg 663 38 89 278 0.96945
00021.jpg 312 67 203 321 0.96861
00021.jpg 611 32 71 169 0.96852
00021.jpg 854 53 68 208 0.96745
00021.jpg 20 116 292 302 0.96708
00021.jpg 616 25 61 181 0.96669
00021.jpg 670 36 75 283 0.96609
00021.jpg 11 73 168 122 0.96594
00021.jpg 847 42 71 220 0.96493
00021.jpg 314 71 214 325 0.96361
00021.jpg 13 103 307 315 0.96356
00021.jpg 608 29 73 181 0.96315
00021.jpg 611 29 70 175 0.96261
00021.jpg 547 58 93 287 0.96255
00021.jpg 819 30 62 189 0.96213
00021.jpg 851 41 67 216 0.96168
00021.jpg 610 29 73 172 0.96143
00021.jpg 66 1 48 72 0.96133
00021.jpg 818 32 63 198 0.96107
00021.jpg 23 108 289 322 0.96066
00021.jpg 755 37 70 242 0.96065
00021.jpg 612 34 64 169 0.96059
00021.jpg 18 73 159 126 0.96003
00021.jpg 64 0 50 73 0.95792
00021.jpg 469 33 135 284 0.95767
00021.jpg 14 99 313 327 0.95743
00021.jpg 854 50 68 206 0.95693
00021.jpg 459 34 129 263 0.95673
00021.jpg 753 39 70 243 0.95601
00021.jpg 20 117 286 294 0.95594
00021.jpg 469 33 121 271 0.95585
00021.jpg 670 39 78 283 0.95535
00021.jpg 18 67 162 126 0.95529
00021.jpg 672 40 73 274 0.95503
00021.jpg 854 47 65 207 0.95484
00021.jpg 34 95 275 318 0.95473
00021.jpg 25 85 292 351 0.95452
00021.jpg 531 60 109 293 0.95413
00021.jpg 13 74 167 137 0.95379
00021.jpg 312 87 221 299 0.95281
00021.jpg 309 74 208 310 0.95281
00021.jpg 455 29 151 275 0.95226
00021.jpg 473 37 117 260 0.94995
00021.jpg 750 39 72 241 0.94975
00021.jpg 859 53 57 201 0.94958
00021.jpg 754 43 62 236 0.94877
00021.jpg 468 21 124 277 0.94853
00021.jpg 470 28 124 271 0.94792
00021.jpg 853 38 66 214 0.94734
00021.jpg 845 43 69 214 0.94731
00021.jpg 611 22 71 180 0.94710
00021.jpg 750 41 77 233 0.94697
00021.jpg 816 30 66 186 0.94643
00021.jpg 466 34 125 265 0.94641
00021.jpg 614 34 70 181 0.94600
00021.jpg 614 29 71 178 0.94479
00021.jpg 755 38 74 245 0.94444
00021.jpg 67 0 46 71 0.94417
00021.jpg 34 99 269 326 0.94304
00021.jpg 546 55 89 301 0.94298
00021.jpg 297 79 255 300 0.94279
00021.jpg 614 30 61 173 0.94272
00021.jpg 467 30 120 267 0.94203
00021.jpg 608 39 72 164 0.94202
00021.jpg 676 40 67 279 0.94170
00021.jpg 14 61 166 130 0.94080
00021.jpg 11 62 170 134 0.93998
00021.jpg 295 77 251 304 0.93836
00021.jpg 857 44 62 210 0.93748
00021.jpg 820 37 62 194 0.93735
00021.jpg 644 9 35 54 0.93692
00021.jpg 753 36 75 250 0.93563
00021.jpg 616 41 66 162 0.93563
00021.jpg 468 31 124 274 0.93442
00021.jpg 852 47 61 212 0.93425
00021.jpg 464 30 121 266 0.93413
00021.jpg 748 36 70 241 0.93410
00021.jpg 464 26 128 266 0.93377
00021.jpg 865 46 56 212 0.93361
00021.jpg 13 65 171 136 0.93360
00021.jpg 67 0 43 71 0.93355
00021.jpg 612 34 71 169 0.93339
00021.jpg 16 56 165 141 0.93290
00021.jpg 59 97 252 338 0.93244
00021.jpg 466 37 125 254 0.93215
00021.jpg 672 38 80 273 0.93191
00021.jpg 722 39 34 184 0.93094
00021.jpg 826 32 49 193 0.93064
00021.jpg 34 0 34 50 0.93034
00021.jpg 32 0 39 49 0.92944
00021.jpg 859 46 63 204 0.92791
00021.jpg 533 58 118 291 0.92788
00021.jpg 818 37 60 190 0.92775
00021.jpg 16 64 167 134 0.92754
00021.jpg 467 31 124 272 0.92743
00021.jpg 753 44 68 230 0.92729
00021.jpg 751 42 76 238 0.92715
00021.jpg 668 42 79 278 0.92626
00021.jpg 541 52 103 301 0.92594
00021.jpg 539 68 102 279 0.92437
00021.jpg 823 27 59 195 0.92377
00021.jpg 311 105 222 269 0.92305
00021.jpg 105 1 42 68 0.92273
00021.jpg 475 19 128 296 0.92252
00021.jpg 553 71 85 269 0.92243
00021.jpg 609 27 71 177 0.92153
00021.jpg 748 41 69 245 0.92133
00021.jpg 15 83 299 334 0.92122
00021.jpg 614 28 62 175 0.92078
00021.jpg 645 9 35 62 0.92026
00021.jpg 67 0 51 73 0.92010
00021.jpg 311 93 211 292 0.91984
00021.jpg 723 27 34 197 0.91972
00021.jpg 16 62 162 134 0.91893
00021.jpg 819 24 70 215 0.91880
00021.jpg 646 8 32 57 0.91867
00021.jpg 612 33 75 163 0.91836
00021.jpg 459 20 157 311 0.91818
00021.jpg 15 56 165 142 0.91814
00021.jpg 676 34 75 284 0.91771
00021.jpg 648 10 31 58 0.91743
00021.jpg 305 94 227 291 0.91743
00021.jpg 534 60 107 286 0.91706
00021.jpg 753 32 76 250 0.91624
00021.jpg 31 0 40 51 0.91503
00021.jpg 462 33 159 303 0.91495
00021.jpg 459 34 129 266 0.91250
00021.jpg 858 48 64 209 0.91245
00021.jpg 52 116 246 314 0.91205
00021.jpg 465 24 136 291 0.91199
00021.jpg 667 42 83 273 0.91197
00021.jpg 544 68 91 280 0.91132
00021.jpg 14 69 163 123 0.91088
00021.jpg 32 1 43 45 0.91058
00021.jpg 524 58 116 296 0.90925
00021.jpg 10 68 168 127 0.90912
00021.jpg 614 25 66 171 0.90836
00021.jpg 20 61 159 132 0.90832
00021.jpg 720 29 40 202 0.90783
00021.jpg 461 39 136 246 0.90739
00021.jpg 823 31 67 207 0.90674
00021.jpg 824 36 64 208 0.90662
00021.jpg 819 30 67 203 0.90642
00021.jpg 32 99 275 332 0.90634
00021.jpg 13 64 178 131 0.90502
00021.jpg 857 53 65 199 0.90413
00021.jpg 302 78 227 311 0.90411
00021.jpg 613 26 70 174 0.90333
00021.jpg 9 63 174 132 0.90332
00021.jpg 615 25 62 189 0.90319
00021.jpg 476 39 150 300 0.90310
00021.jpg 65 0 56 76 0.90268
00021.jpg 297 90 243 293 0.90253
00021.jpg 314 67 226 308 0.90251
00021.jpg 454 32 156 274 0.90203
00021.jpg 457 39 154 250 0.90178
00021.jpg 393 0 53 63 0.90151
00021.jpg 668 37 78 282 0.90125
00021.jpg 861 49 57 205 0.90123
00021.jpg 722 25 38 203 0.90102
00021.jpg 65 0 48 72 0.90084
00021.jpg 463 26 134 276 0.90050
00021.jpg 750 37 71 241 0.90010
00021.jpg 468 42 128 249 0.89954
00021.jpg 14 68 164 130 0.89946
00021.jpg 749 41 71 243 0.89890
00021.jpg 749 49 74 237 0.89832
00021.jpg 723 32 37 193 0.89812
00021.jpg 530 50 101 308 0.89810
00021.jpg 501 51 129 294 0.89683
00021.jpg 41 108 260 328 0.89571
00021.jpg 29 1 40 44 0.89499
00021.jpg 464 29 135 269 0.89497
00021.jpg 557 64 81 275 0.89471
00021.jpg 108 1 38 62 0.89369
00021.jpg 470 36 121 264 0.89330
00021.jpg 610 33 68 175 0.89316
00021.jpg 19 64 155 136 0.89239
00021.jpg 821 34 57 192 0.89237
00021.jpg 822 31 61 162 0.89227
00021.jpg 614 31 61 175 0.89104
00021.jpg 818 37 59 183 0.89074
00021.jpg 107 1 40 70 0.88955
00021.jpg 535 56 98 299 0.88850
00021.jpg 63 0 53 71 0.88822
00021.jpg 717 31 45 191 0.88636
00021.jpg 548 66 91 287 0.88596
00021.jpg 461 39 137 258 0.88510
00021.jpg 551 61 90 285 0.88426
00021.jpg 106 0 41 62 0.88417
00021.jpg 469 23 125 294 0.88363
00021.jpg 466 31 141 280 0.88333
00021.jpg 106 0 38 61 0.88328
00021.jpg 531 49 123 304 0.88291
00021.jpg 924 57 35 176 0.88284
00021.jpg 716 38 46 191 0.88196
00021.jpg 823 25 59 201 0.88194
00021.jpg 316 92 216 287 0.88164
00021.jpg 852 44 61 216 0.88161
00021.jpg 4 72 163 124 0.88114
00021.jpg 669 35 84 278 0.87991
00021.jpg 753 26 70 265 0.87988
00021.jpg 816 29 64 194 0.87965
00021.jpg 30 0 44 49 0.87796
00021.jpg 102 0 45 74 0.87619
00021.jpg 647 11 32 58 0.87616
00021.jpg 825 28 63 185 0.87573
00021.jpg 544 52 94 314 0.87556
00021.jpg 836 45 57 197 0.87519
00021.jpg 13 67 159 129 0.87457
00021.jpg 821 25 58 213 0.87405
00021.jpg 11 69 163 133 0.87255
00021.jpg 65 0 51 72 0.87224
00021.jpg 815 30 63 196 0.87222
00021.jpg 646 9 31 58 0.87214
00021.jpg 391 0 56 70 0.87058
00021.jpg 29 0 37 48 0.87024
00021.jpg 845 44 63 194 0.86946
00021.jpg 827 32 58 92 0.86920
00021.jpg 461 41 135 254 0.86878
00021.jpg 669 49 81 267 0.86708
00021.jpg 110 2 35 55 0.86670
00021.jpg 755 46 65 228 0.86403
00021.jpg 549 65 93 292 0.86323
00021.jpg 532 10 31 46 0.86322
00021.jpg 924 60 35 180 0.86222
00021.jpg 608 31 72 162 0.86203
00021.jpg 666 36 86 281 0.86085
00021.jpg 746 38 71 247 0.86001
00021.jpg 642 11 36 56 0.85906
00021.jpg 825 32 57 194 0.85890
00021.jpg 754 38 72 238 0.85848
00021.jpg 42 90 266 318 0.85732
00021.jpg 906 24 35 80 0.85693
00021.jpg 65 0 46 69 0.85564
00021.jpg 826 36 64 204 0.85506
00021.jpg 545 70 90 276 0.85499
00021.jpg 112 0 34 57 0.85435
00021.jpg 10 71 166 136 0.85208
00021.jpg 18 106 291 316 0.85193
00021.jpg 460 28 130 266 0.85187
00021.jpg 291 84 254 304 0.85156
00021.jpg 606 32 81 164 0.85148
00021.jpg 647 8 35 67 0.84977
00021.jpg 462 39 148 252 0.84885
00021.jpg 466 31 121 269 0.84870
00021.jpg 644 9 35 72 0.84835
00021.jpg 667 46 81 271 0.84756
00021.jpg 463 33 130 263 0.84709
00021.jpg 754 41 65 251 0.84689
00021.jpg 646 9 33 69 0.84644
00021.jpg 858 52 59 197 0.84594
00021.jpg 816 28 59 200 0.84590
00021.jpg 68 0 45 62 0.84575
00021.jpg 464 32 134 269 0.84513
00021.jpg 466 39 123 253 0.84424
00021.jpg 721 30 44 182 0.84233
00021.jpg 828 29 56 181 0.84027
00021.jpg 464 48 137 243 0.83918
00021.jpg 615 34 67 173 0.83911
00021.jpg 390 0 52 70 0.83909
00021.jpg 68 0 44 70 0.83890
00021.jpg 465 39 120 252 0.83880
00021.jpg 818 30 61 192 0.83870
00021.jpg 547 71 90 261 0.83858
00021.jpg 462 39 126 258 0.83759
00021.jpg 465 34 127 258 0.83741
00021.jpg 555 76 81 264 0.83706
00021.jpg 386 1 61 65 0.83638
00021.jpg 36 98 273 331 0.83569
00021.jpg 65 0 56 77 0.83517
00021.jpg 301 101 236 287 0.83317
00021.jpg 9 66 165 134 0.83193
00021.jpg 906 24 38 83 0.83148
00021.jpg 744 37 75 235 0.83093
00021.jpg 466 41 146 269 0.83005
00021.jpg 606 42 80 169 0.82992
00021.jpg 747 34 81 249 0.82971
00021.jpg 1 109 344 320 0.82969
00021.jpg 818 31 68 202 0.82956
00021.jpg 643 7 37 67 0.82720
00021.jpg 645 9 33 50 0.82634
00021.jpg 16 63 165 139 0.82586
00021.jpg 80 0 66 74 0.82537
00021.jpg 28 0 46 51 0.82528
00021.jpg 677 35 67 280 0.82473
00021.jpg 467 22 137 294 0.82415
00021.jpg 641 8 38 52 0.82332
00021.jpg 545 60 92 292 0.82323
00021.jpg 905 22 37 80 0.82304
00021.jpg 588 65 34 37 0.82275
00021.jpg 646 11 36 50 0.82245
00021.jpg 670 46 83 263 0.82206
00021.jpg 822 31 62 189 0.82189
00021.jpg 30 0 43 45 0.82187
00021.jpg 555 67 85 282 0.82172
00021.jpg 10 63 166 131 0.82100
00021.jpg 921 61 38 184 0.81821
00021.jpg 821 34 59 178 0.81708
00021.jpg 646 10 29 50 0.81407
00021.jpg 647 9 37 70 0.81323
00021.jpg 724 36 38 184 0.81270
00021.jpg 69 0 42 55 0.81221
00021.jpg 614 22 65 175 0.81159
00021.jpg 67 2 46 66 0.81138
00021.jpg 718 30 44 181 0.80947
00021.jpg 717 34 40 189 0.80817
00021.jpg 463 41 134 268 0.80746
00021.jpg 106 0 35 65 0.80673
00021.jpg 29 0 41 48 0.80395
00021.jpg 107 0 38 67 0.80358
00021.jpg 14 69 166 120 0.80295
00021.jpg 825 30 58 201 0.80281
00021.jpg 750 47 71 230 0.80183
00021.jpg 721 31 41 182 0.80093
00021.jpg 453 33 144 291 0.80052
00021.jpg 918 45 41 193 0.79983
00021.jpg 15 60 163 142 0.79688
00021.jpg 830 47 96 198 0.79579
00021.jpg 464 32 133 267 0.79423
00021.jpg 678 40 68 266 0.79391
00021.jpg 833 39 69 217 0.79302
00021.jpg 31 0 39 46 0.79206
00021.jpg 646 8 34 57 0.79193
00021.jpg 12 68 167 125 0.78989
00021.jpg 389 0 57 65 0.78928
00021.jpg 391 0 55 68 0.78834
00021.jpg 717 45 50 171 0.78773
00021.jpg 8 64 174 143 0.78652
00021.jpg 865 46 54 205 0.78620
00021.jpg 750 37 70 239 0.78476
00021.jpg 9 66 179 135 0.78387
00021.jpg 525 60 106 292 0.78254
00021.jpg 532 7 32 45 0.78241
00021.jpg 905 23 39 75 0.78218
00021.jpg 753 41 71 229 0.78174
00021.jpg 104 0 39 72 0.78087
00021.jpg 302 105 224 292 0.78003
00021.jpg 820 33 64 189 0.77864
00021.jpg 457 39 138 251 0.77737
00021.jpg 470 26 120 293 0.77500
00021.jpg 859 49 64 203 0.77489
00021.jpg 64 0 45 72 0.77479
00021.jpg 301 111 229 266 0.77467
00021.jpg 745 37 69 248 0.77318
00021.jpg 534 4 32 51 0.77252
00021.jpg 107 0 40 62 0.77195
00021.jpg 834 43 84 212 0.77118
00021.jpg 647 9 32 49 0.77048
00021.jpg 674 35 83 283 0.76939
00021.jpg 676 34 69 287 0.76930
00021.jpg 529 8 33 42 0.76913
00021.jpg 532 8 35 44 0.76901
00021.jpg 396 0 48 67 0.76875
00021.jpg 823 36 63 67 0.76762
00021.jpg 440 31 181 308 0.76743
00021.jpg 17 62 166 130 0.76670
00021.jpg 64 2 53 71 0.76665
00021.jpg 830 38 63 201 0.76662
00021.jpg 469 44 122 241 0.76554
00021.jpg 854 51 68 196 0.76528
00021.jpg 66 1 45 68 0.76483
00021.jpg 610 23 66 180 0.76404
00021.jpg 857 41 68 225 0.76219
00021.jpg 852 44 72 219 0.76212
00021.jpg 748 40 71 237 0.76156
00021.jpg 867 49 48 207 0.76076
00021.jpg 470 28 117 284 0.75971
00021.jpg 856 39 64 216 0.75955
00021.jpg 11 71 162 122 0.75791
00021.jpg 387 0 61 68 0.75786
00021.jpg 614 27 77 177 0.75709
00021.jpg 383 0 65 63 0.75699
00021.jpg 645 6 38 75 0.75646
00021.jpg 109 0 38 61 0.75631
00021.jpg 71 0 45 71 0.75619
00021.jpg 389 4 59 61 0.75600
00021.jpg 611 28 65 156 0.75517
00021.jpg 529 5 37 54 0.75506
00021.jpg 31 0 48 54 0.75480
00021.jpg 392 2 55 60 0.75445
00021.jpg 717 34 51 184 0.75398
00021.jpg 7 107 321 329 0.75349
00021.jpg 827 30 57 182 0.75091
00021.jpg 673 31 77 293 0.74979
00021.jpg 67 1 52 74 0.74759
00021.jpg 824 31 60 75 0.74742
00021.jpg 308 71 217 315 0.74740
00021.jpg 106 0 45 65 0.74731
00021.jpg 675 32 82 273 0.74680
00021.jpg 32 0 39 52 0.74655
00021.jpg 111 1 35 76 0.74620
00021.jpg 918 48 41 201 0.74553
00021.jpg 717 33 45 207 0.74445
00021.jpg 541 53 97 310 0.74377
00021.jpg 391 1 52 69 0.74156
00021.jpg 668 38 76 274 0.73946
00021.jpg 678 33 69 285 0.73941
00021.jpg 859 47 63 210 0.73905
00021.jpg 679 13 31 59 0.73877
00021.jpg 474 24 166 326 0.73829
00021.jpg 640 11 40 39 0.73823
00021.jpg 65 0 47 77 0.73652
00021.jpg 610 15 72 215 0.73622
00021.jpg 816 29 71 199 0.73592
00021.jpg 905 24 36 91 0.73424
00021.jpg 505 52 133 289 0.73345
00021.jpg 7 70 181 124 0.73169
00021.jpg 668 14 43 69 0.73043
00021.jpg 110 0 40 61 0.73042
00021.jpg 814 33 75 211 0.72986
00021.jpg 30 0 50 46 0.72953
00021.jpg 922 64 33 174 0.72916
00021.jpg 69 0 49 71 0.72783
00021.jpg 844 55 74 208 0.72642
00021.jpg 823 29 70 199 0.72574
00021.jpg 647 11 34 51 0.72415
00021.jpg 469 31 118 271 0.72297
00021.jpg 920 54 39 173 0.72283
00021.jpg 62 1 90 79 0.72277
00021.jpg 528 3 40 53 0.72244
00021.jpg 103 0 46 64 0.72219
00021.jpg 671 29 78 296 0.72207
00021.jpg 106 2 41 49 0.71914
00021.jpg 328 111 191 266 0.71845
00021.jpg 53 92 274 343 0.71505
00021.jpg 387 0 60 69 0.71439
00021.jpg 547 78 92 247 0.71433
00021.jpg 25 77 281 371 0.71398
00021.jpg 50 97 250 334 0.71373
00021.jpg 466 38 125 249 0.71358
00021.jpg 611 28 72 186 0.71254
00021.jpg 111 0 40 66 0.71244
00021.jpg 19 62 162 127 0.71234
00021.jpg 328 75 195 329 0.71174
00021.jpg 51 105 262 309 0.71153
00021.jpg 649 12 36 60 0.71147
00021.jpg 719 37 35 220 0.71094
00021.jpg 15 57 163 150 0.71013
00021.jpg 385 0 62 70 0.70889
00021.jpg 638 8 40 68 0.70771
00021.jpg 30 0 44 45 0.70645
00021.jpg 305 77 257 296 0.70611
00021.jpg 393 0 56 72 0.70588
00021.jpg 301 102 216 284 0.70441
00021.jpg 107 0 41 90 0.70432
00021.jpg 66 0 54 77 0.70429
00021.jpg 92 1 49 70 0.70368
00021.jpg 64 0 50 70 0.70320
00021.jpg 674 41 76 276 0.70136
00021.jpg 456 33 137 257 0.70135
00021.jpg 48 94 251 300 0.70132
00021.jpg 9 67 173 137 0.70069
00021.jpg 724 42 36 189 0.69986
00021.jpg 926 55 33 173 0.69865
00021.jpg 84 5 69 67 0.69768
00021.jpg 18 55 171 131 0.69763
00021.jpg 464 44 132 249 0.69760
00021.jpg 550 56 96 274 0.69756
00021.jpg 65 0 55 81 0.69327
00021.jpg 746 29 80 261 0.69253
00021.jpg 314 72 175 94 0.69245
00021.jpg 906 24 41 76 0.69228
00021.jpg 610 28 80 193 0.68847
00021.jpg 903 24 40 71 0.68503
00021.jpg 457 24 173 311 0.68419
00021.jpg 747 36 76 258 0.68372
00021.jpg 64 1 47 71 0.68336
00021.jpg 111 0 37 49 0.68332
00021.jpg 29 0 37 44 0.68307
00021.jpg 536 2 34 54 0.68285
00021.jpg 828 30 54 85 0.68230
00021.jpg 69 2 48 69 0.68176
00021.jpg 108 0 38 78 0.68016
00021.jpg 457 34 141 264 0.67825
00021.jpg 718 31 36 180 0.67738
00021.jpg 559 60 88 282 0.67700
00021.jpg 301 70 225 316 0.67654
00021.jpg 30 0 44 52 0.67601
00021.jpg 643 13 36 48 0.67500
00021.jpg 314 69 207 271 0.67452
00021.jpg 863 47 61 202 0.67435
00021.jpg 861 51 63 202 0.67376
00021.jpg 66 0 49 74 0.67303
00021.jpg 69 0 41 47 0.67280
00021.jpg 69 0 50 67 0.67276
00021.jpg 108 0 39 76 0.67122
00021.jpg 532 12 32 47 0.66967
00021.jpg 828 37 54 123 0.66963
00021.jpg 721 29 45 202 0.66839
00021.jpg 687 31 73 249 0.66762
00021.jpg 664 55 83 263 0.66682
00021.jpg 824 24 57 193 0.66662
00021.jpg 303 74 253 311 0.66636
00021.jpg 16 69 165 140 0.66547
00021.jpg 11 67 164 115 0.66518
00021.jpg 814 35 77 194 0.66473
00021.jpg 900 20 43 71 0.66459
00021.jpg 821 34 62 181 0.66427
00021.jpg 61 2 58 69 0.66424
00021.jpg 616 27 58 170 0.66391
00021.jpg 518 53 100 271 0.66353
00021.jpg 905 21 35 77 0.66237
00021.jpg 395 0 55 67 0.66234
00021.jpg 69 2 48 68 0.66183
00021.jpg 901 20 40 72 0.66165
00021.jpg 607 33 70 159 0.66091
00021.jpg 828 40 65 215 0.66051
00021.jpg 854 55 60 191 0.65883
00021.jpg 909 20 42 84 0.65852
00021.jpg 612 31 73 182 0.65852
00021.jpg 644 4 38 87 0.65812
00021.jpg 101 2 47 67 0.65786
00021.jpg 62 1 79 70 0.65706
00021.jpg 26 102 300 323 0.65703
00021.jpg 664 15 41 72 0.65698
00021.jpg 8 65 178 136 0.65674
00021.jpg 63 3 52 69 0.65527
00021.jpg 755 35 66 238 0.65477
00021.jpg 111 1 36 67 0.65328
00021.jpg 404 41 198 301 0.65129
00021.jpg 861 45 61 209 0.65033
00021.jpg 826 24 57 148 0.64928
00021.jpg 543 66 101 296 0.64880
00021.jpg 70 0 48 68 0.64776
00021.jpg 613 27 67 217 0.64684
00021.jpg 11 66 189 127 0.64594
00021.jpg 496 57 125 279 0.64578
00021.jpg 673 11 39 73 0.64477
00021.jpg 320 56 237 317 0.64407
00021.jpg 615 21 72 208 0.64398
00021.jpg 718 28 45 182 0.64371
00021.jpg 528 8 34 52 0.64272
00021.jpg 538 4 30 49 0.64213
00021.jpg 827 33 60 60 0.64131
00021.jpg 530 13 32 46 0.64121
00021.jpg 103 0 49 66 0.63970
00021.jpg 27 0 49 48 0.63940
00021.jpg 531 6 32 43 0.63643
00021.jpg 30 0 45 47 0.63575
00021.jpg 666 35 88 285 0.63410
00021.jpg 10 63 176 123 0.63401
00021.jpg 718 37 46 174 0.63376
00021.jpg 413 40 235 303 0.63252
00021.jpg 388 0 54 64 0.63113
00021.jpg 756 31 79 246 0.63021
00021.jpg 9 109 303 305 0.62958
00021.jpg 63 6 49 61 0.62618
00021.jpg 591 58 32 51 0.62457
00021.jpg 919 56 40 170 0.62442
00021.jpg 20 71 133 119 0.62261
00021.jpg 726 27 36 152 0.62257
00021.jpg 22 62 165 128 0.62159
00021.jpg 745 32 83 258 0.62132
00021.jpg 908 16 35 82 0.61921
00021.jpg 111 0 37 51 0.61859
00021.jpg 914 62 45 175 0.61832
00021.jpg 531 5 34 54 0.61642
00021.jpg 526 8 38 51 0.61606
00021.jpg 714 24 45 185 0.61603
00021.jpg 65 1 73 81 0.61428
00021.jpg 682 11 34 46 0.61129
00021.jpg 678 16 35 45 0.61025
00021.jpg 859 43 63 205 0.61021
00021.jpg 91 0 59 77 0.60950
00021.jpg 20 64 180 127 0.60874
00021.jpg 814 28 68 196 0.60645
00021.jpg 616 32 62 182 0.60592
00021.jpg 395 0 53 69 0.60380
00021.jpg 63 1 54 76 0.60375
00021.jpg 21 70 286 374 0.60242
00021.jpg 619 38 58 175 0.60121
00021.jpg 552 65 81 285 0.59870
00021.jpg 666 19 42 68 0.59739
00021.jpg 902 20 44 74 0.59684
00021.jpg 473 26 141 296 0.59658
00021.jpg 17 68 168 133 0.59585
00021.jpg 529 6 32 48 0.59576
00021.jpg 597 33 29 52 0.59422
00021.jpg 609 15 64 193 0.59265
00021.jpg 30 1 46 47 0.59088
00021.jpg 21 73 305 365 0.59068
00021.jpg 457 38 136 261 0.59021
00021.jpg 532 11 31 55 0.58883
00021.jpg 826 28 56 187 0.58843
00021.jpg 858 54 60 203 0.58752
00021.jpg 716 25 49 181 0.58639
00021.jpg 71 0 36 39 0.58588
00021.jpg 670 16 35 85 0.58546
00021.jpg 433 33 209 287 0.58521
00021.jpg 607 22 87 247 0.58466
00021.jpg 111 1 44 80 0.58327
00021.jpg 105 3 39 57 0.58122
00021.jpg 28 1 51 45 0.58113
00021.jpg 466 38 155 261 0.58072
00021.jpg 396 0 55 66 0.58059
00021.jpg 908 23 44 75 0.57981
00021.jpg 679 16 31 40 0.57969
00021.jpg 665 12 45 64 0.57879
00021.jpg 103 3 42 74 0.57832
00021.jpg 61 0 49 79 0.57827
00021.jpg 634 9 63 53 0.57817
00021.jpg 74 0 89 96 0.57769
00021.jpg 586 60 37 50 0.57706
00021.jpg 527 63 98 262 0.57704
00021.jpg 907 23 42 70 0.57618
00021.jpg 905 19 41 69 0.57535
00021.jpg 551 64 82 271 0.57517
00021.jpg 397 1 52 65 0.57496
00021.jpg 670 27 90 283 0.57321
00021.jpg 529 7 36 62 0.57296
00021.jpg 426 39 221 303 0.57148
00021.jpg 394 2 55 68 0.57087
00021.jpg 61 0 59 86 0.56836
00021.jpg 65 0 50 73 0.56759
00021.jpg 667 35 79 283 0.56688
00021.jpg 474 40 142 269 0.56631
00021.jpg 827 50 107 194 0.56545
00021.jpg 644 7 30 55 0.56541
00021.jpg 392 0 59 68 0.56522
00021.jpg 642 15 75 63 0.56514
00021.jpg 318 62 215 329 0.56513
00021.jpg 837 36 88 226 0.56426
00021.jpg 644 9 33 48 0.56421
00021.jpg 314 70 174 87 0.56212
00021.jpg 908 22 42 79 0.56008
00021.jpg 33 3 38 42 0.55586
00021.jpg 720 26 40 94 0.55570
00021.jpg 35 102 262 298 0.55522
00021.jpg 718 26 36 193 0.55456
00021.jpg 460 51 120 231 0.55427
00021.jpg 667 36 77 275 0.55384
00021.jpg 28 158 286 255 0.55373
00021.jpg 312 66 194 126 0.55304
00021.jpg 312 74 188 94 0.55286
00021.jpg 652 8 31 64 0.55283
00021.jpg 715 30 44 213 0.55216
00021.jpg 527 10 40 43 0.55204
00021.jpg 66 2 45 45 0.55162
00021.jpg 818 27 59 184 0.54685
00021.jpg 907 23 40 88 0.54639
00021.jpg 33 0 42 44 0.54600
00021.jpg 463 70 165 239 0.54589
00021.jpg 13 61 181 152 0.54533
00021.jpg 930 74 29 167 0.54378
00021.jpg 76 5 57 66 0.54369
00021.jpg 717 31 40 175 0.54338
00021.jpg 396 0 51 71 0.54307
00021.jpg 394 1 45 61 0.54133
00021.jpg 673 16 42 42 0.54107
00021.jpg 825 33 54 199 0.53956
00021.jpg 719 27 51 191 0.53881
00021.jpg 309 62 257 328 0.53817
00021.jpg 819 34 69 106 0.53695
00021.jpg 295 71 233 331 0.53649
00021.jpg 308 87 218 270 0.53575
00021.jpg 310 73 186 109 0.53556
00021.jpg 815 37 66 209 0.53462
00021.jpg 98 2 44 72 0.53460
00021.jpg 530 7 36 56 0.53431
00021.jpg 666 14 42 62 0.53419
00021.jpg 721 28 39 115 0.53373
00021.jpg 100 0 50 75 0.53327
00021.jpg 457 34 121 244 0.53202
00021.jpg 667 14 41 81 0.52663
00021.jpg 599 31 24 47 0.52528
00021.jpg 41 106 295 322 0.52410
00021.jpg 29 0 45 44 0.52397
00021.jpg 918 60 41 165 0.52365
00021.jpg 755 42 79 241 0.52248
00021.jpg 899 27 40 69 0.52247
00021.jpg 674 9 38 62 0.52120
00021.jpg 68 2 48 72 0.52118
00021.jpg 100 0 46 88 0.51985
00021.jpg 106 2 36 77 0.51984
00021.jpg 321 72 168 81 0.51678
00021.jpg 655 10 48 63 0.51293
00021.jpg 353 53 232 334 0.51254
00021.jpg 640 9 38 51 0.51201
00021.jpg 905 30 46 78 0.51047
00021.jpg 306 89 208 283 0.50983
00021.jpg 713 34 51 220 0.50963
00021.jpg 451 31 154 229 0.50708
00021.jpg 310 113 211 266 0.50680
00021.jpg 674 13 41 47 0.50496
00021.jpg 97 0 56 71 0.50450
00021.jpg 536 7 32 57 0.50419
00021.jpg 589 59 35 49 0.50181
00021.jpg 455 41 134 209 0.50119
00021.jpg 591 60 33 40 0.50042
