00033.jpg 253 81 203 297 0.99953
00033.jpg 265 72 204 318 0.99857
00033.jpg 261 94 209 290 0.99775
00033.jpg 3 94 220 348 0.99758
00033.jpg 0 91 229 342 0.99704
00033.jpg 254 93 198 290 0.99696
00033.jpg 256 78 192 311 0.99641
00033.jpg 680 34 94 243 0.99613
00033.jpg 6 86 225 363 0.99607
00033.jpg 855 19 88 214 0.99556
00033.jpg 600 22 74 295 0.99518
00033.jpg 594 33 83 282 0.99516
00033.jpg 686 33 91 241 0.99512
00033.jpg 3 89 228 345 0.99505
00033.jpg 399 23 126 261 0.99445
00033.jpg 9 99 214 338 0.99401
00033.jpg 856 20 82 206 0.99394
00033.jpg 853 21 84 205 0.99394
00033.jpg 679 28 91 249 0.99371
00033.jpg 255 71 205 313 0.99271
00033.jpg 14 97 201 337 0.99194
00033.jpg 0 91 235 335 0.99192
00033.jpg 856 24 84 205 0.99174
00033.jpg 247 91 216 288 0.99135
00033.jpg 8 102 221 328 0.99076
00033.jpg 251 94 208 298 0.98962
00033.jpg 595 30 77 285 0.98951
00033.jpg 3 96 226 334 0.98923
00033.jpg 597 41 77 267 0.98892
00033.jpg 247 82 223 301 0.98889
00033.jpg 852 16 86 224 0.98858
00033.jpg 1 113 230 318 0.98822
00033.jpg 450 61 132 289 0.98795
00033.jpg 254 75 206 319 0.98759
00033.jpg 681 35 87 233 0.98681
00033.jpg 256 87 200 289 0.98625
00033.jpg 457 56 122 297 0.98611
00033.jpg 855 19 83 212 0.98594
00033.jpg 788 34 52 215 0.98570
00033.jpg 247 97 218 286 0.98566
00033.jpg 0 92 233 345 0.98559
00033.jpg 601 42 67 267 0.98388
00033.jpg 686 36 81 240 0.98369
00033.jpg 860 24 77 209 0.98324
00033.jpg 393 28 130 250 0.98322
00033.jpg 789 52 49 188 0.98216
00033.jpg 8 95 214 340 0.98208
00033.jpg 678 33 94 244 0.98192
00033.jpg 245 85 217 296 0.98190
00033.jpg 856 23 83 211 0.98155
00033.jpg 859 22 80 209 0.98036
00033.jpg 852 23 87 201 0.98009
00033.jpg 9 91 226 328 0.97965
00033.jpg 857 19 80 213 0.97919
00033.jpg 853 16 89 222 0.97886
00033.jpg 541 17 71 245 0.97882
00033.jpg 858 19 82 216 0.97864
00033.jpg 15 96 212 330 0.97849
00033.jpg 685 32 87 239 0.97818
00033.jpg 680 34 88 246 0.97816
00033.jpg 254 94 197 282 0.97784
00033.jpg 0 98 228 331 0.97780
00033.jpg 596 30 77 290 0.97753
00033.jpg 781 38 62 209 0.97703
00033.jpg 683 33 91 239 0.97682
00033.jpg 858 20 81 204 0.97682
00033.jpg 396 31 130 253 0.97606
00033.jpg 251 82 205 291 0.97557
00033.jpg 388 30 133 246 0.97548
00033.jpg 677 32 101 242 0.97504
00033.jpg 681 25 88 248 0.97499
00033.jpg 243 74 214 314 0.97476
00033.jpg 394 25 135 265 0.97420
00033.jpg 258 78 215 312 0.97394
00033.jpg 258 68 203 322 0.97336
00033.jpg 857 21 85 208 0.97284
00033.jpg 684 37 93 240 0.97277
00033.jpg 393 13 132 260 0.97270
00033.jpg 253 102 210 263 0.97269
00033.jpg 683 30 92 246 0.97226
00033.jpg 8 81 212 361 0.97215
00033.jpg 1 98 241 332 0.97182
00033.jpg 540 27 78 228 0.97160
00033.jpg 462 68 117 271 0.97128
00033.jpg 857 21 87 214 0.97068
00033.jpg 453 60 123 298 0.97055
00033.jpg 597 37 73 260 0.96978
00033.jpg 542 29 71 231 0.96973
00033.jpg 3 96 222 345 0.96942
00033.jpg 252 64 207 315 0.96924
00033.jpg 681 36 96 234 0.96924
00033.jpg 462 61 118 281 0.96918
00033.jpg 791 36 54 202 0.96896
00033.jpg 462 62 117 284 0.96891
00033.jpg 604 28 67 289 0.96802
00033.jpg 542 23 82 239 0.96795
00033.jpg 256 92 205 287 0.96724
00033.jpg 850 18 87 222 0.96703
00033.jpg 855 16 86 220 0.96675
00033.jpg 597 41 76 268 0.96649
00033.jpg 852 19 88 209 0.96634
00033.jpg 249 82 218 296 0.96603
00033.jpg 402 27 137 275 0.96580
00033.jpg 457 65 116 269 0.96552
00033.jpg 785 39 56 214 0.96461
00033.jpg 681 29 91 244 0.96433
00033.jpg 541 34 77 218 0.96359
00033.jpg 856 21 83 207 0.96327
00033.jpg 788 35 59 211 0.96236
00033.jpg 256 71 207 308 0.96215
00033.jpg 598 36 72 277 0.96129
00033.jpg 397 19 132 263 0.96075
00033.jpg 0 107 241 332 0.96060
00033.jpg 431 45 148 293 0.95936
00033.jpg 252 76 201 306 0.95861
00033.jpg 448 47 143 297 0.95839
00033.jpg 248 86 207 288 0.95761
00033.jpg 437 53 136 283 0.95731
00033.jpg 419 37 159 278 0.95725
00033.jpg 854 20 84 208 0.95725
00033.jpg 4 106 231 322 0.95725
00033.jpg 399 19 125 276 0.95692
00033.jpg 792 38 52 206 0.95615
00033.jpg 685 33 94 241 0.95510
00033.jpg 545 26 65 233 0.95418
00033.jpg 400 25 125 254 0.95392
00033.jpg 856 22 81 211 0.95354
00033.jpg 245 113 213 270 0.95329
00033.jpg 790 38 57 203 0.95233
00033.jpg 682 38 92 232 0.95201
00033.jpg 469 57 110 286 0.95185
00033.jpg 425 34 153 288 0.95158
00033.jpg 398 25 125 263 0.95104
00033.jpg 12 61 90 128 0.95102
00033.jpg 537 28 79 222 0.95089
00033.jpg 462 52 113 293 0.95080
00033.jpg 415 33 153 293 0.95039
00033.jpg 855 16 85 220 0.95027
00033.jpg 680 31 95 238 0.94932
00033.jpg 539 17 82 273 0.94896
00033.jpg 654 20 39 205 0.94872
00033.jpg 407 28 177 308 0.94863
00033.jpg 857 19 85 210 0.94727
00033.jpg 783 38 65 197 0.94709
00033.jpg 542 24 69 234 0.94661
00033.jpg 681 39 92 239 0.94658
00033.jpg 754 13 60 223 0.94601
00033.jpg 856 19 75 214 0.94558
00033.jpg 549 19 61 229 0.94463
00033.jpg 852 20 89 210 0.94414
00033.jpg 542 27 77 216 0.94406
00033.jpg 551 39 63 214 0.94358
00033.jpg 601 36 73 279 0.94288
00033.jpg 548 29 68 222 0.94232
00033.jpg 398 21 123 270 0.94221
00033.jpg 4 86 236 358 0.94009
00033.jpg 682 36 92 244 0.93984
00033.jpg 244 65 230 327 0.93970
00033.jpg 792 40 58 195 0.93957
00033.jpg 548 31 68 232 0.93902
00033.jpg 428 34 131 290 0.93896
00033.jpg 429 36 147 313 0.93846
00033.jpg 391 26 134 262 0.93810
00033.jpg 597 37 75 264 0.93808
00033.jpg 685 29 87 241 0.93778
00033.jpg 540 15 80 249 0.93752
00033.jpg 781 36 66 204 0.93679
00033.jpg 247 77 210 307 0.93660
00033.jpg 454 56 122 296 0.93613
00033.jpg 596 26 74 285 0.93558
00033.jpg 447 53 133 283 0.93544
00033.jpg 599 40 76 262 0.93541
00033.jpg 788 35 56 211 0.93476
00033.jpg 549 19 66 244 0.93309
00033.jpg 685 26 88 249 0.93181
00033.jpg 852 8 88 232 0.93156
00033.jpg 776 29 60 209 0.92984
00033.jpg 9 60 107 124 0.92924
00033.jpg 684 34 96 228 0.92850
00033.jpg 545 20 67 224 0.92800
00033.jpg 402 16 123 268 0.92795
00033.jpg 458 57 118 286 0.92737
00033.jpg 758 21 60 205 0.92727
00033.jpg 858 17 79 218 0.92698
00033.jpg 6 92 225 345 0.92692
00033.jpg 458 54 128 282 0.92669
00033.jpg 751 30 65 67 0.92659
00033.jpg 752 21 57 206 0.92646
00033.jpg 242 82 235 307 0.92644
00033.jpg 249 110 211 273 0.92571
00033.jpg 834 15 39 75 0.92505
00033.jpg 676 31 105 241 0.92366
00033.jpg 248 116 210 267 0.92353
00033.jpg 684 33 83 240 0.92332
00033.jpg 681 34 85 239 0.92308
00033.jpg 543 29 75 213 0.92251
00033.jpg 461 59 108 282 0.92249
00033.jpg 2 56 111 141 0.92224
00033.jpg 255 97 205 289 0.92219
00033.jpg 600 36 70 279 0.92017
00033.jpg 399 27 133 263 0.91946
00033.jpg 597 35 76 274 0.91861
00033.jpg 2 97 226 323 0.91807
00033.jpg 4 59 107 144 0.91770
00033.jpg 788 42 63 194 0.91769
00033.jpg 542 17 71 239 0.91656
00033.jpg 541 17 79 232 0.91639
00033.jpg 599 31 66 289 0.91618
00033.jpg 544 22 75 235 0.91615
00033.jpg 598 33 71 265 0.91608
00033.jpg 788 42 59 198 0.91570
00033.jpg 758 29 53 202 0.91553
00033.jpg 595 43 76 266 0.91524
00033.jpg 404 16 126 273 0.91508
00033.jpg 691 37 88 228 0.91255
00033.jpg 393 16 155 280 0.91147
00033.jpg 753 33 61 70 0.91123
00033.jpg 787 38 57 201 0.90977
00033.jpg 35 0 30 50 0.90913
00033.jpg 548 23 72 229 0.90763
00033.jpg 684 35 84 240 0.90656
00033.jpg 6 58 111 118 0.90579
00033.jpg 755 27 55 86 0.90538
00033.jpg 543 29 67 209 0.90496
00033.jpg 688 22 92 254 0.90487
00033.jpg 540 14 87 261 0.90479
00033.jpg 536 22 79 236 0.90453
00033.jpg 33 0 35 56 0.90378
00033.jpg 787 42 53 194 0.90338
00033.jpg 784 42 58 202 0.90299
00033.jpg 247 117 218 264 0.90253
00033.jpg 600 42 70 246 0.90172
00033.jpg 398 32 121 253 0.89933
00033.jpg 593 43 73 269 0.89913
00033.jpg 546 18 72 240 0.89893
00033.jpg 394 33 128 252 0.89883
00033.jpg 682 37 94 245 0.89867
00033.jpg 753 14 61 222 0.89858
00033.jpg 754 29 51 198 0.89752
00033.jpg 592 27 91 292 0.89643
00033.jpg 462 56 118 277 0.89604
00033.jpg 793 45 55 199 0.89571
00033.jpg 396 17 129 296 0.89567
00033.jpg 401 29 123 254 0.89505
00033.jpg 850 18 94 215 0.89330
00033.jpg 408 40 175 289 0.89274
00033.jpg 755 29 54 187 0.89270
00033.jpg 35 1 32 56 0.89218
00033.jpg 752 24 62 189 0.89177
00033.jpg 3 60 106 125 0.89146
00033.jpg 540 37 81 211 0.89099
00033.jpg 758 18 52 203 0.89083
00033.jpg 249 113 216 251 0.89045
00033.jpg 651 24 36 195 0.89041
00033.jpg 791 38 56 189 0.88934
00033.jpg 259 89 194 284 0.88887
00033.jpg 684 29 92 246 0.88876
00033.jpg 748 30 65 195 0.88692
00033.jpg 755 33 54 198 0.88654
00033.jpg 590 6 54 87 0.88560
00033.jpg 781 38 65 204 0.88346
00033.jpg 1 0 37 62 0.88340
00033.jpg 545 13 74 255 0.88318
00033.jpg 758 29 57 211 0.88298
00033.jpg 593 7 44 83 0.88251
00033.jpg 459 61 129 284 0.88144
00033.jpg 415 46 120 233 0.88031
00033.jpg 859 24 80 211 0.88029
00033.jpg 9 58 98 134 0.88010
00033.jpg 576 3 32 59 0.87890
00033.jpg 855 23 83 211 0.87840
00033.jpg 457 41 117 302 0.87794
00033.jpg 654 29 39 190 0.87788
00033.jpg 401 30 152 292 0.87635
00033.jpg 404 24 137 277 0.87565
00033.jpg 547 20 66 239 0.87415
00033.jpg 650 20 42 209 0.87322
00033.jpg 543 22 72 229 0.87289
00033.jpg 659 21 35 205 0.87223
00033.jpg 247 97 220 289 0.87144
00033.jpg 33 0 37 51 0.87087
00033.jpg 441 39 146 306 0.87029
00033.jpg 2 66 109 114 0.86927
00033.jpg 591 38 91 267 0.86761
00033.jpg 7 59 115 122 0.86700
00033.jpg 6 56 110 139 0.86479
00033.jpg 541 24 76 249 0.86269
00033.jpg 32 1 35 63 0.86267
00033.jpg 448 51 129 296 0.86024
00033.jpg 648 24 44 194 0.85996
00033.jpg 397 27 123 255 0.85993
00033.jpg 755 23 58 173 0.85955
00033.jpg 395 26 193 311 0.85953
00033.jpg 548 21 64 225 0.85918
00033.jpg 413 49 138 270 0.85768
00033.jpg 4 63 101 131 0.85573
00033.jpg 0 53 118 141 0.85558
00033.jpg 788 41 56 205 0.85427
00033.jpg 449 72 133 264 0.85351
00033.jpg 647 19 46 192 0.85319
00033.jpg 251 100 199 284 0.85146
00033.jpg 253 84 206 301 0.85132
00033.jpg 583 6 60 89 0.85114
00033.jpg 0 56 114 124 0.85014
00033.jpg 241 114 217 272 0.84937
00033.jpg 437 38 139 319 0.84928
00033.jpg 3 86 209 340 0.84884
00033.jpg 651 16 46 209 0.84833
00033.jpg 244 108 215 270 0.84803
00033.jpg 549 26 66 222 0.84593
00033.jpg 676 34 109 235 0.84562
00033.jpg 542 25 65 218 0.84540
00033.jpg 245 108 215 265 0.84434
00033.jpg 243 100 212 275 0.84426
00033.jpg 386 30 143 253 0.84412
00033.jpg 756 14 54 214 0.84304
00033.jpg 780 41 60 209 0.84247
00033.jpg 790 33 61 208 0.84171
00033.jpg 0 115 78 86 0.84156
00033.jpg 401 29 119 253 0.84133
00033.jpg 544 33 73 238 0.84118
00033.jpg 0 119 90 75 0.84108
00033.jpg 543 30 73 218 0.84069
00033.jpg 596 29 80 276 0.83982
00033.jpg 397 33 141 247 0.83922
00033.jpg 796 44 49 194 0.83790
00033.jpg 653 19 38 192 0.83781
00033.jpg 390 38 146 258 0.83754
00033.jpg 465 62 111 268 0.83671
00033.jpg 601 35 78 273 0.83634
00033.jpg 854 18 82 216 0.83628
00033.jpg 5 57 116 146 0.83465
00033.jpg 598 30 78 290 0.83327
00033.jpg 33 1 35 63 0.83320
00033.jpg 397 26 130 252 0.83295
00033.jpg 0 58 116 150 0.83137
00033.jpg 454 62 137 280 0.83033
00033.jpg 785 28 55 220 0.82995
00033.jpg 683 30 87 242 0.82713
00033.jpg 33 0 34 55 0.82691
00033.jpg 754 28 63 199 0.82674
00033.jpg 753 21 64 212 0.82669
00033.jpg 550 27 57 214 0.82492
00033.jpg 398 31 123 247 0.82454
00033.jpg 753 30 61 62 0.82446
00033.jpg 264 68 251 304 0.82284
00033.jpg 472 59 101 283 0.82269
00033.jpg 578 5 30 45 0.82140
00033.jpg 33 1 33 51 0.82048
00033.jpg 253 81 217 296 0.81954
00033.jpg 652 20 41 193 0.81869
00033.jpg 576 4 28 52 0.81456
00033.jpg 835 13 41 84 0.81423
00033.jpg 772 33 80 215 0.81325
00033.jpg 754 24 56 174 0.81314
00033.jpg 0 61 106 116 0.81193
00033.jpg 394 24 136 267 0.81136
00033.jpg 411 41 162 289 0.81117
00033.jpg 863 17 72 215 0.81068
00033.jpg 394 33 135 261 0.81022
00033.jpg 241 61 194 142 0.81001
00033.jpg 252 55 170 150 0.80920
00033.jpg 255 74 214 305 0.80761
00033.jpg 244 110 215 271 0.80652
00033.jpg 577 3 31 70 0.80605
00033.jpg 542 23 76 237 0.80602
00033.jpg 754 32 60 201 0.80411
00033.jpg 0 4 38 61 0.80275
00033.jpg 34 0 38 57 0.80144
00033.jpg 0 0 33 65 0.80025
00033.jpg 4 62 96 137 0.79789
00033.jpg 0 0 37 62 0.79577
00033.jpg 675 28 102 244 0.79570
00033.jpg 749 20 64 197 0.79526
00033.jpg 756 21 51 203 0.79479
00033.jpg 596 7 45 88 0.79366
00033.jpg 31 0 39 61 0.79267
00033.jpg 550 7 72 296 0.79259
00033.jpg 464 63 116 262 0.79187
00033.jpg 249 86 205 269 0.79146
00033.jpg 261 91 199 293 0.79138
00033.jpg 596 4 50 84 0.78992
00033.jpg 8 60 109 125 0.78903
00033.jpg 0 116 86 90 0.78830
00033.jpg 536 26 76 223 0.78651
00033.jpg 754 24 60 193 0.78600
00033.jpg 693 28 90 245 0.78536
00033.jpg 683 31 92 237 0.78489
00033.jpg 599 44 73 254 0.78399
00033.jpg 0 47 114 178 0.78343
00033.jpg 550 31 54 218 0.78279
00033.jpg 0 3 35 64 0.78199
00033.jpg 854 17 84 205 0.78130
00033.jpg 833 15 45 70 0.78081
00033.jpg 425 44 160 287 0.77866
00033.jpg 674 32 116 241 0.77823
00033.jpg 2 61 117 124 0.77809
00033.jpg 239 62 189 118 0.77800
00033.jpg 787 34 56 206 0.77631
00033.jpg 784 42 60 203 0.77566
00033.jpg 1 60 109 150 0.77510
00033.jpg 272 119 186 256 0.77491
00033.jpg 390 33 136 245 0.77478
00033.jpg 611 32 67 258 0.77466
00033.jpg 0 62 98 123 0.77456
00033.jpg 7 55 100 123 0.77399
00033.jpg 0 92 247 341 0.77378
00033.jpg 37 0 34 51 0.77342
00033.jpg 4 60 112 120 0.77161
00033.jpg 396 38 125 238 0.77043
00033.jpg 439 54 158 283 0.76984
00033.jpg 0 1 38 62 0.76968
00033.jpg 681 29 82 251 0.76859
00033.jpg 259 82 209 303 0.76814
00033.jpg 258 71 208 315 0.76814
00033.jpg 750 27 67 138 0.76783
00033.jpg 11 56 97 150 0.76729
00033.jpg 591 1 51 107 0.76624
00033.jpg 603 31 73 271 0.76556
00033.jpg 741 25 87 209 0.76539
00033.jpg 0 0 39 66 0.76276
00033.jpg 464 44 124 299 0.76221
00033.jpg 754 24 59 64 0.76172
00033.jpg 2 61 113 145 0.76026
00033.jpg 745 43 62 175 0.75963
00033.jpg 13 60 92 120 0.75792
00033.jpg 770 39 54 200 0.75649
00033.jpg 240 56 193 124 0.75611
00033.jpg 746 33 60 190 0.75593
00033.jpg 596 7 53 96 0.75506
00033.jpg 32 1 31 52 0.75468
00033.jpg 474 63 108 272 0.75415
00033.jpg 647 21 52 177 0.75367
00033.jpg 541 15 68 209 0.75307
00033.jpg 600 37 66 273 0.75209
00033.jpg 572 7 37 58 0.75100
00033.jpg 754 28 52 185 0.75064
00033.jpg 590 5 53 78 0.74845
00033.jpg 5 55 103 119 0.74784
00033.jpg 756 29 59 81 0.74764
00033.jpg 0 92 237 342 0.74745
00033.jpg 575 4 36 58 0.74730
00033.jpg 400 21 120 270 0.74558
00033.jpg 590 28 92 269 0.74512
00033.jpg 575 4 37 69 0.74414
00033.jpg 1 53 112 131 0.74412
00033.jpg 539 23 83 255 0.74349
00033.jpg 5 62 109 116 0.74075
00033.jpg 750 30 67 96 0.74046
00033.jpg 242 56 193 127 0.73983
00033.jpg 553 31 57 221 0.73963
00033.jpg 240 65 201 127 0.73949
00033.jpg 255 120 203 243 0.73931
00033.jpg 388 40 163 269 0.73896
00033.jpg 644 18 47 215 0.73609
00033.jpg 591 6 45 76 0.73585
00033.jpg 757 18 51 197 0.73575
00033.jpg 863 17 83 212 0.73541
00033.jpg 587 7 51 79 0.73487
00033.jpg 850 14 94 219 0.73486
00033.jpg 0 127 90 76 0.73480
00033.jpg 648 37 45 189 0.73420
00033.jpg 649 12 51 200 0.73245
00033.jpg 393 32 133 248 0.72982
00033.jpg 684 33 85 248 0.72875
00033.jpg 388 16 134 271 0.72809
00033.jpg 240 79 226 295 0.72756
00033.jpg 270 61 194 311 0.72650
00033.jpg 589 9 47 78 0.72624
00033.jpg 232 62 217 315 0.72529
00033.jpg 785 43 56 194 0.72417
00033.jpg 791 40 55 198 0.72403
00033.jpg 757 24 63 202 0.72383
00033.jpg 550 21 66 199 0.72370
00033.jpg 650 16 40 214 0.72251
00033.jpg 576 3 31 44 0.72204
00033.jpg 418 46 187 275 0.72096
00033.jpg 27 1 43 56 0.72003
00033.jpg 251 65 178 126 0.71966
00033.jpg 244 54 187 190 0.71670
00033.jpg 795 38 49 201 0.71567
00033.jpg 574 17 86 62 0.71531
00033.jpg 0 0 35 55 0.71431
00033.jpg 387 34 143 252 0.71371
00033.jpg 767 34 81 211 0.71239
00033.jpg 748 33 67 38 0.71148
00033.jpg 1 95 231 351 0.71133
00033.jpg 784 30 56 218 0.70967
00033.jpg 835 19 36 81 0.70959
00033.jpg 394 44 169 228 0.70723
00033.jpg 652 14 46 213 0.70678
00033.jpg 859 10 82 231 0.70644
00033.jpg 445 64 142 275 0.70458
00033.jpg 856 24 85 209 0.70369
00033.jpg 543 25 81 271 0.70311
00033.jpg 462 0 35 50 0.70288
00033.jpg 556 4 100 73 0.70278
00033.jpg 464 0 33 44 0.69818
00033.jpg 679 36 87 226 0.69512
00033.jpg 4 63 119 124 0.69335
00033.jpg 923 2 36 113 0.69153
00033.jpg 851 28 93 189 0.69141
00033.jpg 238 61 195 134 0.69136
00033.jpg 547 19 67 257 0.68980
00033.jpg 462 0 36 46 0.68822
00033.jpg 32 1 33 65 0.68822
00033.jpg 7 63 92 108 0.68709
00033.jpg 648 28 42 191 0.68642
00033.jpg 755 10 55 213 0.68520
00033.jpg 835 14 38 72 0.68478
00033.jpg 2 67 102 131 0.68386
00033.jpg 676 34 113 239 0.68376
00033.jpg 463 0 33 41 0.68333
00033.jpg 749 24 61 206 0.68290
00033.jpg 244 56 192 145 0.68274
00033.jpg 654 29 41 197 0.68017
00033.jpg 686 32 90 239 0.67987
00033.jpg 831 18 35 78 0.67986
00033.jpg 593 29 87 286 0.67950
00033.jpg 254 106 199 278 0.67902
00033.jpg 590 5 44 89 0.67838
00033.jpg 402 36 119 236 0.67650
00033.jpg 646 15 46 135 0.67637
00033.jpg 8 58 107 113 0.67555
00033.jpg 3 74 106 154 0.67542
00033.jpg 759 27 57 178 0.67496
00033.jpg 580 2 31 56 0.67472
00033.jpg 834 16 43 71 0.67402
00033.jpg 751 27 70 71 0.67326
00033.jpg 690 30 88 241 0.67254
00033.jpg 449 60 114 259 0.67204
00033.jpg 749 20 59 221 0.67185
00033.jpg 382 16 143 271 0.66713
00033.jpg 601 29 77 281 0.66694
00033.jpg 545 27 74 232 0.66585
00033.jpg 468 0 30 42 0.66560
00033.jpg 838 18 33 71 0.66389
00033.jpg 247 58 210 275 0.66314
00033.jpg 238 109 202 273 0.66300
00033.jpg 35 0 37 71 0.66291
00033.jpg 748 21 68 97 0.66249
00033.jpg 599 12 38 76 0.66240
00033.jpg 1 0 35 47 0.66213
00033.jpg 458 70 110 251 0.66135
00033.jpg 0 50 105 137 0.65973
00033.jpg 655 21 37 172 0.65869
00033.jpg 830 18 43 72 0.65862
00033.jpg 674 22 142 238 0.65844
00033.jpg 9 60 103 119 0.65825
00033.jpg 488 59 102 281 0.65787
00033.jpg 1 118 83 77 0.65603
00033.jpg 683 36 108 228 0.65528
00033.jpg 0 64 98 131 0.65506
00033.jpg 458 71 138 250 0.65460
00033.jpg 0 1 38 61 0.65380
00033.jpg 674 25 114 252 0.65314
00033.jpg 548 13 69 203 0.65151
00033.jpg 587 4 51 70 0.65084
00033.jpg 648 30 53 188 0.65081
00033.jpg 0 76 117 131 0.65021
00033.jpg 0 73 114 140 0.65021
00033.jpg 10 62 92 114 0.64980
00033.jpg 1 115 76 86 0.64975
00033.jpg 796 42 51 187 0.64957
00033.jpg 460 0 38 46 0.64949
00033.jpg 680 44 120 234 0.64802
00033.jpg 12 99 211 323 0.64668
00033.jpg 404 30 116 252 0.64566
00033.jpg 13 69 235 362 0.64548
00033.jpg 35 0 34 64 0.64387
00033.jpg 650 29 37 201 0.64113
00033.jpg 10 64 91 115 0.64069
00033.jpg 3 61 105 114 0.63998
00033.jpg 833 15 36 83 0.63881
00033.jpg 835 16 42 80 0.63778
00033.jpg 750 26 65 87 0.63635
00033.jpg 14 51 90 129 0.63558
00033.jpg 0 0 37 72 0.63492
00033.jpg 32 2 37 52 0.63474
00033.jpg 471 55 100 293 0.63236
00033.jpg 250 55 186 116 0.63123
00033.jpg 38 0 32 44 0.62927
00033.jpg 674 32 117 234 0.62885
00033.jpg 551 7 73 304 0.62857
00033.jpg 649 22 41 142 0.62845
00033.jpg 13 57 99 121 0.62799
00033.jpg 538 28 79 242 0.62798
00033.jpg 779 31 63 219 0.62788
00033.jpg 724 26 78 223 0.62716
00033.jpg 245 55 196 131 0.62630
00033.jpg 244 61 196 119 0.62610
00033.jpg 0 77 91 146 0.62609
00033.jpg 741 29 69 196 0.62518
00033.jpg 397 47 211 295 0.62458
00033.jpg 2 75 96 132 0.62400
00033.jpg 581 41 92 271 0.62369
00033.jpg 32 1 35 51 0.62296
00033.jpg 12 55 92 136 0.62097
00033.jpg 602 29 73 284 0.61946
00033.jpg 599 33 86 264 0.61870
00033.jpg 231 62 237 334 0.61830
00033.jpg 7 65 100 161 0.61828
00033.jpg 33 2 34 44 0.61795
00033.jpg 594 5 49 78 0.61795
00033.jpg 429 58 117 270 0.61772
00033.jpg 0 9 35 56 0.61691
00033.jpg 0 4 40 64 0.61682
00033.jpg 402 28 145 297 0.61579
00033.jpg 793 39 56 207 0.61574
00033.jpg 755 28 58 172 0.61573
00033.jpg 244 64 200 129 0.61511
00033.jpg 376 20 162 303 0.61413
00033.jpg 246 84 231 287 0.61328
00033.jpg 686 28 125 234 0.61313
00033.jpg 390 27 151 240 0.61304
00033.jpg 244 63 196 120 0.61290
00033.jpg 747 32 68 56 0.61170
00033.jpg 761 20 47 209 0.61069
00033.jpg 828 21 40 69 0.60952
00033.jpg 850 19 96 228 0.60916
00033.jpg 398 25 128 263 0.60915
00033.jpg 239 82 205 307 0.60879
00033.jpg 676 32 105 247 0.60863
00033.jpg 597 6 43 70 0.60374
00033.jpg 544 22 70 204 0.60266
00033.jpg 847 10 98 230 0.60215
00033.jpg 0 0 40 53 0.60149
00033.jpg 2 49 102 187 0.60126
00033.jpg 546 29 68 193 0.60120
00033.jpg 756 24 61 57 0.60069
00033.jpg 0 0 33 34 0.60056
00033.jpg 862 15 82 202 0.59996
00033.jpg 34 0 39 57 0.59785
00033.jpg 573 3 34 76 0.59639
00033.jpg 32 1 41 62 0.59603
00033.jpg 828 13 47 70 0.59589
00033.jpg 752 15 62 104 0.59467
00033.jpg 688 0 49 52 0.59442
00033.jpg 248 62 182 124 0.59418
00033.jpg 746 38 71 208 0.59400
00033.jpg 833 16 37 72 0.59339
00033.jpg 238 55 199 118 0.59227
00033.jpg 38 0 34 46 0.59202
00033.jpg 787 31 58 195 0.59113
00033.jpg 238 62 198 134 0.58942
00033.jpg 28 0 43 67 0.58937
00033.jpg 376 23 172 306 0.58818
00033.jpg 572 2 35 55 0.58809
00033.jpg 756 16 68 99 0.58711
00033.jpg 609 35 67 250 0.58639
00033.jpg 585 0 73 123 0.58622
00033.jpg 797 43 52 181 0.58557
00033.jpg 595 5 42 102 0.58444
00033.jpg 460 1 35 42 0.58411
00033.jpg 574 2 29 55 0.58359
00033.jpg 648 35 49 184 0.58142
00033.jpg 531 26 17 37 0.58084
00033.jpg 533 27 19 35 0.58084
00033.jpg 643 37 48 212 0.57733
00033.jpg 680 36 81 241 0.57675
00033.jpg 244 52 224 186 0.57672
00033.jpg 0 58 122 170 0.57658
00033.jpg 530 22 23 47 0.57638
00033.jpg 372 21 223 330 0.57586
00033.jpg 759 28 57 65 0.57395
00033.jpg 684 0 45 58 0.57384
00033.jpg 4 100 228 336 0.57208
00033.jpg 758 21 74 54 0.57112
00033.jpg 10 74 235 364 0.56965
00033.jpg 752 32 59 212 0.56813
00033.jpg 752 18 60 179 0.56808
00033.jpg 853 13 82 222 0.56697
00033.jpg 914 0 43 98 0.56656
00033.jpg 767 16 48 222 0.56641
00033.jpg 378 24 143 285 0.56634
00033.jpg 456 55 111 281 0.56573
00033.jpg 862 6 77 226 0.56505
00033.jpg 8 68 85 120 0.56485
00033.jpg 795 37 57 198 0.56471
00033.jpg 456 0 36 50 0.56383
00033.jpg 790 36 57 202 0.56281
00033.jpg 0 121 89 83 0.56045
00033.jpg 8 64 122 126 0.56007
00033.jpg 577 6 79 73 0.55990
00033.jpg 837 14 45 67 0.55935
00033.jpg 759 24 53 185 0.55875
00033.jpg 644 21 52 113 0.55856
00033.jpg 677 37 115 250 0.55813
00033.jpg 640 21 57 213 0.55759
00033.jpg 598 29 73 275 0.55589
00033.jpg 567 3 71 99 0.55403
00033.jpg 906 0 53 59 0.55366
00033.jpg 4 114 78 94 0.55130
00033.jpg 0 122 89 83 0.54877
00033.jpg 547 21 87 263 0.54855
00033.jpg 14 108 221 326 0.54786
00033.jpg 35 0 34 72 0.54784
00033.jpg 0 7 38 64 0.54770
00033.jpg 0 57 114 183 0.54639
00033.jpg 694 33 117 235 0.54584
00033.jpg 548 12 59 218 0.54567
00033.jpg 427 45 140 263 0.54533
00033.jpg 831 12 41 74 0.54209
00033.jpg 530 24 26 51 0.54036
00033.jpg 527 21 25 52 0.53960
00033.jpg 597 4 50 90 0.53958
00033.jpg 7 67 92 108 0.53920
00033.jpg 577 11 80 75 0.53788
00033.jpg 916 4 43 69 0.53716
00033.jpg 1 62 101 117 0.53713
00033.jpg 755 22 58 49 0.53659
00033.jpg 529 17 89 282 0.53634
00033.jpg 554 38 55 217 0.53614
00033.jpg 456 62 115 270 0.53613
00033.jpg 574 3 38 81 0.53530
00033.jpg 0 60 128 112 0.53530
00033.jpg 0 0 34 57 0.53526
00033.jpg 670 33 112 230 0.53431
00033.jpg 475 65 108 261 0.53251
00033.jpg 530 25 28 38 0.53249
00033.jpg 751 21 62 133 0.53169
00033.jpg 907 0 52 106 0.52899
00033.jpg 599 9 38 71 0.52869
00033.jpg 598 3 52 64 0.52759
00033.jpg 907 0 52 57 0.52681
00033.jpg 758 17 53 61 0.52620
00033.jpg 568 12 83 62 0.52535
00033.jpg 0 51 132 181 0.52445
00033.jpg 543 19 78 277 0.52423
00033.jpg 757 29 61 44 0.52398
00033.jpg 8 47 96 129 0.52359
00033.jpg 460 68 118 258 0.52357
00033.jpg 30 0 36 76 0.52225
00033.jpg 38 0 33 53 0.52186
00033.jpg 10 58 110 114 0.52124
00033.jpg 863 19 79 205 0.52104
00033.jpg 591 12 60 68 0.52023
00033.jpg 714 25 115 223 0.51988
00033.jpg 684 0 47 50 0.51896
00033.jpg 747 20 60 200 0.51733
00033.jpg 484 58 103 278 0.51643
00033.jpg 918 2 37 118 0.51595
00033.jpg 659 18 35 203 0.51552
00033.jpg 571 7 83 87 0.51550
00033.jpg 0 85 122 124 0.51523
00033.jpg 752 7 59 242 0.51493
00033.jpg 688 0 37 56 0.51455
00033.jpg 591 9 55 80 0.51455
00033.jpg 239 55 203 239 0.51412
00033.jpg 543 5 66 309 0.51369
00033.jpg 765 32 57 180 0.51321
00033.jpg 251 49 204 125 0.51302
00033.jpg 606 32 75 269 0.51281
00033.jpg 393 22 125 260 0.51191
00033.jpg 641 23 48 223 0.51125
00033.jpg 598 8 69 273 0.51069
00033.jpg 921 2 38 92 0.51066
00033.jpg 4 0 28 39 0.50935
00033.jpg 759 23 47 210 0.50909
00033.jpg 569 3 82 61 0.50855
00033.jpg 912 2 42 77 0.50840
00033.jpg 761 32 62 220 0.50689
00033.jpg 775 29 77 211 0.50654
00033.jpg 600 2 45 114 0.50582
00033.jpg 760 34 57 44 0.50521
00033.jpg 408 29 102 252 0.50485
00033.jpg 746 28 63 97 0.50426
00033.jpg 635 23 51 218 0.50420
00033.jpg 790 35 54 213 0.50406
00033.jpg 731 33 82 211 0.50293
00033.jpg 757 25 73 221 0.50126
00033.jpg 650 18 46 118 0.50120
00033.jpg 686 0 46 55 0.50116
00033.jpg 648 12 51 187 0.50061
00033.jpg 600 56 69 256 0.50021
00033.jpg 539 8 98 304 0.49975
