00034.jpg 249 83 201 294 0.99837
00034.jpg 238 105 207 257 0.99779
00034.jpg 249 96 191 280 0.99777
00034.jpg 1 100 223 342 0.99775
00034.jpg 1 99 224 335 0.99746
00034.jpg 4 113 210 328 0.99736
00034.jpg 3 94 215 335 0.99683
00034.jpg 588 41 80 263 0.99641
00034.jpg 6 95 214 330 0.99631
00034.jpg 251 86 198 294 0.99613
00034.jpg 587 28 84 289 0.99543
00034.jpg 452 54 120 294 0.99537
00034.jpg 849 30 85 194 0.99533
00034.jpg 259 91 184 283 0.99531
00034.jpg 454 54 115 279 0.99516
00034.jpg 6 115 204 319 0.99463
00034.jpg 244 82 206 307 0.99448
00034.jpg 0 96 222 334 0.99385
00034.jpg 447 62 126 273 0.99371
00034.jpg 248 85 203 302 0.99367
00034.jpg 10 104 208 323 0.99359
00034.jpg 232 86 216 281 0.99353
00034.jpg 851 33 77 192 0.99306
00034.jpg 850 33 83 190 0.99273
00034.jpg 4 101 217 328 0.99163
00034.jpg 403 19 109 273 0.99161
00034.jpg 596 35 69 275 0.99147
00034.jpg 773 34 63 217 0.99126
00034.jpg 680 38 82 236 0.99075
00034.jpg 392 30 117 250 0.99059
00034.jpg 850 31 81 195 0.99033
00034.jpg 677 34 86 245 0.98987
00034.jpg 770 40 64 206 0.98955
00034.jpg 595 32 73 272 0.98885
00034.jpg 13 104 204 321 0.98878
00034.jpg 591 41 80 268 0.98850
00034.jpg 245 107 215 256 0.98837
00034.jpg 851 39 84 188 0.98811
00034.jpg 242 78 202 293 0.98794
00034.jpg 0 97 218 335 0.98790
00034.jpg 462 59 105 282 0.98766
00034.jpg 0 60 102 125 0.98709
00034.jpg 850 32 82 197 0.98671
00034.jpg 5 130 214 299 0.98671
00034.jpg 453 73 119 271 0.98624
00034.jpg 851 35 82 186 0.98601
00034.jpg 2 98 224 320 0.98598
00034.jpg 778 43 63 206 0.98583
00034.jpg 776 38 60 206 0.98575
00034.jpg 679 40 90 236 0.98560
00034.jpg 851 28 81 204 0.98544
00034.jpg 775 41 60 205 0.98528
00034.jpg 854 36 79 188 0.98489
00034.jpg 6 87 210 345 0.98471
00034.jpg 852 40 78 188 0.98465
00034.jpg 5 94 218 347 0.98427
00034.jpg 592 41 78 269 0.98375
00034.jpg 243 75 199 300 0.98342
00034.jpg 451 53 120 285 0.98326
00034.jpg 851 39 83 193 0.98313
00034.jpg 672 32 91 243 0.98289
00034.jpg 857 38 78 189 0.98222
00034.jpg 589 47 79 260 0.98190
00034.jpg 853 33 81 192 0.98174
00034.jpg 678 34 87 244 0.98155
00034.jpg 400 23 113 265 0.98154
00034.jpg 673 41 93 229 0.98121
00034.jpg 540 28 71 221 0.98120
00034.jpg 854 37 72 191 0.98090
00034.jpg 679 38 75 231 0.98021
00034.jpg 680 38 79 243 0.98014
00034.jpg 456 45 118 305 0.97997
00034.jpg 672 32 93 248 0.97971
00034.jpg 459 57 109 279 0.97965
00034.jpg 1 60 108 125 0.97892
00034.jpg 0 61 115 128 0.97874
00034.jpg 444 49 138 300 0.97847
00034.jpg 233 85 237 294 0.97832
00034.jpg 673 34 89 251 0.97825
00034.jpg 854 37 78 186 0.97793
00034.jpg 537 20 72 223 0.97767
00034.jpg 600 30 68 287 0.97747
00034.jpg 776 34 64 219 0.97713
00034.jpg 0 61 110 129 0.97709
00034.jpg 461 61 110 280 0.97703
00034.jpg 243 92 212 273 0.97682
00034.jpg 5 102 215 324 0.97638
00034.jpg 772 44 64 207 0.97609
00034.jpg 459 66 104 271 0.97513
00034.jpg 676 26 81 257 0.97474
00034.jpg 850 30 82 200 0.97469
00034.jpg 542 16 67 247 0.97464
00034.jpg 451 50 128 292 0.97413
00034.jpg 776 35 63 208 0.97397
00034.jpg 455 62 124 273 0.97394
00034.jpg 454 52 125 285 0.97350
00034.jpg 237 78 220 306 0.97303
00034.jpg 646 16 37 219 0.97285
00034.jpg 402 23 107 259 0.97253
00034.jpg 541 21 71 227 0.97252
00034.jpg 241 82 204 291 0.97167
00034.jpg 674 35 84 233 0.97148
00034.jpg 593 37 72 270 0.97083
00034.jpg 240 74 223 307 0.97078
00034.jpg 14 106 204 326 0.97030
00034.jpg 776 38 64 204 0.96949
00034.jpg 538 25 72 226 0.96887
00034.jpg 777 43 63 208 0.96859
00034.jpg 853 41 82 178 0.96797
00034.jpg 676 45 86 228 0.96741
00034.jpg 853 28 82 198 0.96716
00034.jpg 852 33 76 193 0.96715
00034.jpg 677 31 90 240 0.96714
00034.jpg 539 25 68 221 0.96685
00034.jpg 245 90 192 284 0.96670
00034.jpg 774 36 63 208 0.96662
00034.jpg 399 24 117 257 0.96640
00034.jpg 540 22 72 229 0.96622
00034.jpg 535 21 70 226 0.96590
00034.jpg 394 13 125 273 0.96551
00034.jpg 848 36 84 191 0.96524
00034.jpg 251 72 191 286 0.96484
00034.jpg 242 94 217 283 0.96456
00034.jpg 461 51 103 299 0.96453
00034.jpg 401 26 111 260 0.96432
00034.jpg 5 97 223 342 0.96389
00034.jpg 854 32 76 195 0.96379
00034.jpg 854 29 81 194 0.96349
00034.jpg 679 32 80 244 0.96319
00034.jpg 675 27 89 253 0.96248
00034.jpg 462 50 102 298 0.96201
00034.jpg 589 37 74 270 0.96152
00034.jpg 676 40 83 231 0.96111
00034.jpg 3 94 227 323 0.96106
00034.jpg 0 60 112 129 0.96105
00034.jpg 593 28 71 282 0.96036
00034.jpg 541 28 67 215 0.96032
00034.jpg 401 31 112 259 0.95999
00034.jpg 591 36 77 269 0.95962
00034.jpg 677 29 86 239 0.95893
00034.jpg 590 38 79 273 0.95821
00034.jpg 0 57 116 128 0.95747
00034.jpg 849 28 89 202 0.95614
00034.jpg 676 27 88 245 0.95569
00034.jpg 0 61 109 128 0.95552
00034.jpg 400 18 120 277 0.95473
00034.jpg 400 36 104 253 0.95463
00034.jpg 400 28 125 271 0.95424
00034.jpg 852 32 80 192 0.95414
00034.jpg 539 23 71 224 0.95346
00034.jpg 771 38 67 208 0.95287
00034.jpg 539 29 69 218 0.95207
00034.jpg 591 43 79 257 0.95164
00034.jpg 0 63 118 130 0.95142
00034.jpg 452 62 118 279 0.95130
00034.jpg 778 42 64 204 0.95112
00034.jpg 773 36 63 216 0.95069
00034.jpg 593 39 73 262 0.95064
00034.jpg 675 36 83 237 0.95036
00034.jpg 596 34 75 272 0.95022
00034.jpg 540 21 74 230 0.95004
00034.jpg 460 67 112 277 0.95001
00034.jpg 463 55 108 291 0.94984
00034.jpg 462 65 113 278 0.94933
00034.jpg 0 96 228 329 0.94913
00034.jpg 473 64 95 273 0.94909
00034.jpg 648 22 34 201 0.94887
00034.jpg 852 32 82 191 0.94857
00034.jpg 589 38 74 269 0.94809
00034.jpg 543 23 67 220 0.94745
00034.jpg 0 59 106 130 0.94670
00034.jpg 588 27 82 282 0.94664
00034.jpg 244 109 209 274 0.94510
00034.jpg 460 58 119 290 0.94504
00034.jpg 775 32 61 214 0.94487
00034.jpg 852 36 80 182 0.94454
00034.jpg 534 26 77 217 0.94449
00034.jpg 239 91 203 278 0.94446
00034.jpg 674 32 96 241 0.94358
00034.jpg 401 24 110 266 0.94344
00034.jpg 747 16 60 79 0.94319
00034.jpg 391 33 117 253 0.94295
00034.jpg 457 63 106 272 0.94221
00034.jpg 538 32 68 222 0.94103
00034.jpg 775 34 61 214 0.94052
00034.jpg 748 22 58 81 0.93984
00034.jpg 3 70 108 129 0.93899
00034.jpg 592 37 83 281 0.93846
00034.jpg 456 57 113 283 0.93819
00034.jpg 643 10 40 221 0.93805
00034.jpg 6 112 201 314 0.93768
00034.jpg 3 55 113 141 0.93755
00034.jpg 405 20 105 275 0.93691
00034.jpg 3 55 113 133 0.93687
00034.jpg 538 23 67 211 0.93635
00034.jpg 406 38 112 247 0.93613
00034.jpg 783 40 57 205 0.93590
00034.jpg 447 49 117 286 0.93588
00034.jpg 239 105 218 269 0.93568
00034.jpg 673 30 92 241 0.93473
00034.jpg 596 36 68 268 0.93440
00034.jpg 537 21 73 215 0.93428
00034.jpg 246 64 207 310 0.93381
00034.jpg 677 35 81 245 0.93370
00034.jpg 682 35 82 239 0.93284
00034.jpg 650 35 33 189 0.93259
00034.jpg 677 31 86 249 0.93157
00034.jpg 443 44 129 294 0.93109
00034.jpg 588 9 46 81 0.93041
00034.jpg 537 17 69 240 0.92994
00034.jpg 745 13 61 194 0.92907
00034.jpg 244 61 214 329 0.92852
00034.jpg 847 30 89 192 0.92826
00034.jpg 768 35 70 216 0.92757
00034.jpg 589 34 76 280 0.92691
00034.jpg 542 4 66 250 0.92670
00034.jpg 545 16 58 231 0.92655
00034.jpg 402 16 111 277 0.92602
00034.jpg 399 25 112 253 0.92564
00034.jpg 747 14 59 215 0.92557
00034.jpg 541 18 66 232 0.92491
00034.jpg 245 112 208 269 0.92430
00034.jpg 246 80 206 302 0.92429
00034.jpg 777 37 64 210 0.92425
00034.jpg 534 19 77 242 0.92404
00034.jpg 0 118 235 315 0.92318
00034.jpg 749 24 59 63 0.92187
00034.jpg 778 40 57 206 0.92170
00034.jpg 540 16 66 228 0.92110
00034.jpg 772 32 61 216 0.92049
00034.jpg 571 3 35 67 0.92001
00034.jpg 250 118 200 251 0.91844
00034.jpg 748 17 55 189 0.91783
00034.jpg 780 37 58 208 0.91769
00034.jpg 3 62 103 129 0.91748
00034.jpg 242 110 210 270 0.91590
00034.jpg 591 31 71 281 0.91535
00034.jpg 0 59 104 135 0.91504
00034.jpg 394 15 118 270 0.91492
00034.jpg 854 25 77 204 0.91441
00034.jpg 646 16 42 208 0.91417
00034.jpg 848 28 85 202 0.91365
00034.jpg 542 21 64 214 0.91302
00034.jpg 647 25 38 200 0.91291
00034.jpg 1 58 109 138 0.91195
00034.jpg 2 59 109 140 0.91191
00034.jpg 750 19 57 115 0.91114
00034.jpg 589 32 76 278 0.90926
00034.jpg 588 48 79 253 0.90747
00034.jpg 1 58 99 130 0.90534
00034.jpg 0 63 110 129 0.90507
00034.jpg 594 46 75 261 0.90458
00034.jpg 785 36 55 212 0.90399
00034.jpg 0 55 118 141 0.90340
00034.jpg 585 9 53 88 0.90340
00034.jpg 674 30 83 245 0.90176
00034.jpg 400 25 118 271 0.90147
00034.jpg 396 25 132 253 0.90116
00034.jpg 7 105 218 334 0.90116
00034.jpg 586 32 82 280 0.90012
00034.jpg 235 88 219 276 0.89934
00034.jpg 571 3 33 55 0.89884
00034.jpg 586 35 79 274 0.89852
00034.jpg 453 58 111 272 0.89767
00034.jpg 643 16 43 213 0.89758
00034.jpg 850 34 89 196 0.89672
00034.jpg 456 61 111 265 0.89635
00034.jpg 672 30 93 248 0.89618
00034.jpg 243 103 213 279 0.89583
00034.jpg 240 58 220 317 0.89444
00034.jpg 421 32 161 290 0.89295
00034.jpg 681 35 84 229 0.89279
00034.jpg 677 32 91 244 0.89269
00034.jpg 767 33 69 210 0.89201
00034.jpg 5 60 106 135 0.89188
00034.jpg 465 59 104 277 0.89107
00034.jpg 545 7 65 264 0.89096
00034.jpg 750 18 53 196 0.89072
00034.jpg 676 23 89 249 0.88969
00034.jpg 6 98 214 334 0.88927
00034.jpg 538 23 76 261 0.88784
00034.jpg 393 21 126 270 0.88771
00034.jpg 568 4 37 68 0.88716
00034.jpg 535 24 76 228 0.88662
00034.jpg 402 21 110 274 0.88661
00034.jpg 764 36 67 209 0.88612
00034.jpg 755 27 50 195 0.88356
00034.jpg 1 52 118 149 0.88111
00034.jpg 453 59 119 274 0.88092
00034.jpg 462 61 116 286 0.88001
00034.jpg 445 40 138 300 0.87976
00034.jpg 678 26 89 257 0.87956
00034.jpg 394 24 116 255 0.87945
00034.jpg 0 50 102 138 0.87941
00034.jpg 586 10 58 79 0.87879
00034.jpg 443 52 136 298 0.87860
00034.jpg 241 111 213 267 0.87563
00034.jpg 776 40 65 211 0.87540
00034.jpg 390 15 178 301 0.87473
00034.jpg 571 2 31 50 0.87456
00034.jpg 536 22 69 240 0.87416
00034.jpg 432 54 148 278 0.87360
00034.jpg 672 29 92 241 0.87235
00034.jpg 677 35 95 237 0.87162
00034.jpg 771 37 74 216 0.87087
00034.jpg 535 19 75 238 0.87009
00034.jpg 750 21 52 120 0.86999
00034.jpg 1 60 107 130 0.86931
00034.jpg 246 101 202 272 0.86900
00034.jpg 537 24 66 214 0.86820
00034.jpg 749 24 60 67 0.86814
00034.jpg 2 55 111 138 0.86653
00034.jpg 1 60 107 139 0.86577
00034.jpg 535 13 78 245 0.86574
00034.jpg 250 95 206 275 0.86513
00034.jpg 5 58 110 133 0.86404
00034.jpg 847 33 92 190 0.86141
00034.jpg 536 21 74 223 0.86083
00034.jpg 775 33 58 216 0.85824
00034.jpg 246 58 172 149 0.85797
00034.jpg 447 53 134 285 0.85620
00034.jpg 539 27 66 214 0.85439
00034.jpg 566 6 37 50 0.85328
00034.jpg 591 9 42 91 0.85239
00034.jpg 648 20 37 197 0.85011
00034.jpg 646 17 40 208 0.84957
00034.jpg 458 49 106 296 0.84785
00034.jpg 232 60 225 259 0.84657
00034.jpg 848 37 89 186 0.84508
00034.jpg 450 62 122 267 0.84503
00034.jpg 1 112 222 317 0.84491
00034.jpg 854 19 78 218 0.84378
00034.jpg 569 4 32 51 0.84305
00034.jpg 569 5 32 49 0.84305
00034.jpg 846 36 80 194 0.84282
00034.jpg 425 42 110 273 0.84265
00034.jpg 0 55 121 140 0.84260
00034.jpg 666 37 109 243 0.84218
00034.jpg 0 57 115 125 0.84176
00034.jpg 680 40 84 241 0.84109
00034.jpg 675 32 92 244 0.84021
00034.jpg 250 102 188 262 0.83956
00034.jpg 756 29 52 204 0.83928
00034.jpg 571 3 31 52 0.83814
00034.jpg 856 34 72 188 0.83735
00034.jpg 856 32 79 186 0.83672
00034.jpg 774 37 66 220 0.83664
00034.jpg 244 86 201 294 0.83608
00034.jpg 674 35 101 234 0.83543
00034.jpg 244 80 196 299 0.83526
00034.jpg 587 8 48 74 0.83345
00034.jpg 537 22 72 223 0.83291
00034.jpg 750 20 46 195 0.83285
00034.jpg 405 23 106 276 0.83186
00034.jpg 589 37 84 269 0.83072
00034.jpg 3 100 205 340 0.83064
00034.jpg 398 38 108 243 0.82977
00034.jpg 422 41 123 284 0.82935
00034.jpg 541 19 69 234 0.82929
00034.jpg 425 32 118 292 0.82913
00034.jpg 561 33 84 278 0.82903
00034.jpg 567 5 39 51 0.82887
00034.jpg 382 27 129 257 0.82772
00034.jpg 566 2 37 47 0.82708
00034.jpg 428 43 140 283 0.82698
00034.jpg 8 62 104 131 0.82458
00034.jpg 402 29 178 302 0.82415
00034.jpg 458 2 32 45 0.82405
00034.jpg 457 1 33 42 0.82405
00034.jpg 778 40 62 208 0.82391
00034.jpg 16 82 206 350 0.82359
00034.jpg 235 91 223 288 0.82303
00034.jpg 572 2 36 58 0.82227
00034.jpg 534 21 75 208 0.82225
00034.jpg 750 17 51 189 0.82214
00034.jpg 755 12 51 221 0.82119
00034.jpg 754 22 52 67 0.82017
00034.jpg 236 98 224 282 0.81951
00034.jpg 242 55 194 157 0.81948
00034.jpg 543 11 62 217 0.81621
00034.jpg 426 39 137 278 0.81575
00034.jpg 749 22 55 157 0.81570
00034.jpg 586 0 49 114 0.81569
00034.jpg 568 5 37 59 0.81533
00034.jpg 778 35 57 214 0.81477
00034.jpg 244 122 203 253 0.81476
00034.jpg 231 66 212 310 0.81475
00034.jpg 233 112 213 257 0.81352
00034.jpg 402 22 105 260 0.81327
00034.jpg 250 103 200 260 0.81136
00034.jpg 238 61 198 224 0.81112
00034.jpg 398 22 116 270 0.80883
00034.jpg 570 19 76 58 0.80775
00034.jpg 536 29 70 212 0.80774
00034.jpg 391 24 128 252 0.80665
00034.jpg 644 16 38 211 0.80314
00034.jpg 4 58 101 127 0.80297
00034.jpg 751 25 59 64 0.80196
00034.jpg 582 9 50 66 0.80167
00034.jpg 243 112 209 263 0.80158
00034.jpg 646 24 34 209 0.79962
00034.jpg 678 36 94 242 0.79796
00034.jpg 748 8 54 220 0.79745
00034.jpg 777 41 60 198 0.79591
00034.jpg 0 58 113 147 0.79550
00034.jpg 746 18 51 212 0.79430
00034.jpg 21 0 46 60 0.79424
00034.jpg 440 44 145 300 0.79305
00034.jpg 676 30 74 236 0.79300
00034.jpg 589 8 53 77 0.79262
00034.jpg 682 29 89 242 0.79252
00034.jpg 747 22 58 61 0.79110
00034.jpg 746 24 59 189 0.79075
00034.jpg 236 64 203 127 0.79072
00034.jpg 746 7 59 209 0.79061
00034.jpg 399 26 116 248 0.79045
00034.jpg 746 26 58 71 0.79040
00034.jpg 406 17 102 266 0.78995
00034.jpg 21 2 48 57 0.78956
00034.jpg 250 75 197 316 0.78883
00034.jpg 25 0 43 63 0.78736
00034.jpg 0 54 96 133 0.78676
00034.jpg 778 34 64 208 0.78581
00034.jpg 542 12 65 276 0.78520
00034.jpg 743 20 65 203 0.78470
00034.jpg 404 24 103 273 0.78409
00034.jpg 241 70 200 299 0.78348
00034.jpg 455 0 36 51 0.78347
00034.jpg 645 21 42 192 0.78198
00034.jpg 21 0 44 62 0.78176
00034.jpg 674 28 78 244 0.78166
00034.jpg 851 33 85 207 0.78166
00034.jpg 746 19 53 203 0.77760
00034.jpg 681 28 76 252 0.77504
00034.jpg 397 29 214 296 0.77482
00034.jpg 857 31 78 200 0.77469
00034.jpg 854 36 78 199 0.77417
00034.jpg 23 0 47 54 0.77356
00034.jpg 459 65 116 255 0.77323
00034.jpg 771 37 68 197 0.77307
00034.jpg 246 61 206 310 0.77295
00034.jpg 0 58 116 125 0.77225
00034.jpg 17 87 213 345 0.76914
00034.jpg 674 29 82 238 0.76739
00034.jpg 568 5 33 62 0.76688
00034.jpg 26 0 38 60 0.76600
00034.jpg 748 23 57 53 0.76597
00034.jpg 772 31 68 224 0.76592
00034.jpg 3 79 226 377 0.76578
00034.jpg 594 12 36 70 0.76466
00034.jpg 455 0 36 48 0.76355
00034.jpg 539 6 71 278 0.76349
00034.jpg 642 20 45 196 0.76316
00034.jpg 0 54 114 150 0.76206
00034.jpg 3 79 204 358 0.75906
00034.jpg 571 11 75 69 0.75854
00034.jpg 414 32 157 313 0.75649
00034.jpg 533 11 87 257 0.75520
00034.jpg 243 60 200 131 0.75437
00034.jpg 396 31 115 253 0.75391
00034.jpg 771 33 66 216 0.75300
00034.jpg 404 21 111 248 0.75299
00034.jpg 391 27 148 256 0.75195
00034.jpg 572 5 32 49 0.75041
00034.jpg 748 16 61 168 0.74974
00034.jpg 642 23 40 211 0.74768
00034.jpg 0 60 105 130 0.74682
00034.jpg 766 35 64 219 0.74628
00034.jpg 743 26 71 188 0.74260
00034.jpg 676 29 98 252 0.74249
00034.jpg 749 21 56 176 0.74246
00034.jpg 238 67 203 124 0.74152
00034.jpg 543 14 68 212 0.74074
00034.jpg 401 19 125 295 0.74011
00034.jpg 748 15 61 91 0.73923
00034.jpg 237 84 212 276 0.73716
00034.jpg 641 22 45 205 0.73451
00034.jpg 770 38 59 214 0.73276
00034.jpg 747 28 60 85 0.73084
00034.jpg 407 13 112 299 0.73021
00034.jpg 601 39 71 264 0.72649
00034.jpg 406 20 139 284 0.72599
00034.jpg 750 24 54 129 0.72470
00034.jpg 263 68 189 319 0.72463
00034.jpg 743 30 65 81 0.72436
00034.jpg 776 34 63 219 0.72402
00034.jpg 230 59 212 137 0.72394
00034.jpg 5 59 105 124 0.72272
00034.jpg 602 38 67 256 0.72259
00034.jpg 1 57 126 142 0.72245
00034.jpg 750 20 66 55 0.72215
00034.jpg 395 28 116 267 0.72120
00034.jpg 740 24 66 191 0.71775
00034.jpg 641 16 49 203 0.71688
00034.jpg 665 29 112 245 0.71675
00034.jpg 244 51 197 205 0.71578
00034.jpg 649 39 33 195 0.71574
00034.jpg 400 32 143 274 0.71275
00034.jpg 743 15 67 86 0.71231
00034.jpg 751 22 53 162 0.71151
00034.jpg 641 36 47 184 0.71136
00034.jpg 26 0 39 53 0.71051
00034.jpg 537 5 68 232 0.70942
00034.jpg 588 22 77 295 0.70772
00034.jpg 239 53 226 265 0.70762
00034.jpg 535 30 78 250 0.70715
00034.jpg 244 124 215 244 0.70676
00034.jpg 677 34 78 234 0.70617
00034.jpg 1 58 119 130 0.70562
00034.jpg 784 47 50 206 0.70558
00034.jpg 745 17 56 182 0.70420
00034.jpg 595 38 72 261 0.70391
00034.jpg 858 36 75 191 0.70356
00034.jpg 461 0 33 44 0.70341
00034.jpg 22 0 47 68 0.70294
00034.jpg 679 30 80 234 0.70204
00034.jpg 395 38 118 237 0.70071
00034.jpg 590 4 53 109 0.69968
00034.jpg 566 9 37 50 0.69954
00034.jpg 2 61 113 142 0.69915
00034.jpg 537 20 67 244 0.69729
00034.jpg 404 18 114 266 0.69691
00034.jpg 848 30 87 198 0.69681
00034.jpg 2 61 105 122 0.69674
00034.jpg 564 3 36 48 0.69656
00034.jpg 589 8 41 86 0.69646
00034.jpg 751 20 62 167 0.69404
00034.jpg 585 11 46 73 0.69348
00034.jpg 6 107 228 326 0.69324
00034.jpg 0 108 234 320 0.69298
00034.jpg 229 55 212 131 0.69237
00034.jpg 1 128 226 310 0.69234
00034.jpg 640 32 48 185 0.69223
00034.jpg 393 20 115 267 0.69102
00034.jpg 459 0 34 52 0.68922
00034.jpg 538 16 71 257 0.68720
00034.jpg 405 15 122 302 0.68555
00034.jpg 468 59 104 281 0.68440
00034.jpg 564 4 36 58 0.68438
00034.jpg 4 61 94 126 0.68409
00034.jpg 0 58 103 129 0.68384
00034.jpg 753 27 53 49 0.68219
00034.jpg 236 59 198 130 0.68217
00034.jpg 3 58 99 130 0.68114
00034.jpg 516 30 88 274 0.68102
00034.jpg 642 21 39 131 0.68025
00034.jpg 537 11 80 280 0.67969
00034.jpg 241 60 202 122 0.67711
00034.jpg 637 16 53 113 0.67609
00034.jpg 527 27 86 252 0.67564
00034.jpg 754 20 55 60 0.67563
00034.jpg 744 26 63 71 0.67556
00034.jpg 743 26 65 46 0.67454
00034.jpg 0 63 100 121 0.67448
00034.jpg 781 42 60 195 0.67435
00034.jpg 601 27 75 273 0.67325
00034.jpg 262 126 190 251 0.67130
00034.jpg 673 38 87 229 0.66977
00034.jpg 563 9 86 64 0.66890
00034.jpg 451 48 120 290 0.66883
00034.jpg 24 0 46 69 0.66854
00034.jpg 744 27 64 51 0.66731
00034.jpg 580 0 73 117 0.66465
00034.jpg 21 2 51 63 0.66442
00034.jpg 588 59 72 245 0.66423
00034.jpg 554 28 78 258 0.66343
00034.jpg 603 37 67 264 0.66286
00034.jpg 253 123 196 243 0.66284
00034.jpg 674 32 105 233 0.66194
00034.jpg 744 15 59 199 0.66173
00034.jpg 394 28 121 246 0.66044
00034.jpg 750 16 52 207 0.65896
00034.jpg 240 56 184 132 0.65828
00034.jpg 564 2 39 50 0.65813
00034.jpg 675 26 93 234 0.65708
00034.jpg 461 0 33 54 0.65668
00034.jpg 641 49 44 179 0.65604
00034.jpg 679 26 88 250 0.65586
00034.jpg 593 26 89 288 0.65537
00034.jpg 741 10 67 84 0.65513
00034.jpg 472 62 90 271 0.65504
00034.jpg 642 18 42 149 0.65493
00034.jpg 867 0 28 35 0.65490
00034.jpg 586 7 50 73 0.65370
00034.jpg 0 53 128 134 0.65116
00034.jpg 426 31 122 306 0.65087
00034.jpg 763 33 78 211 0.65022
00034.jpg 855 32 74 189 0.64891
00034.jpg 785 36 62 207 0.64853
00034.jpg 745 24 57 177 0.64557
00034.jpg 390 40 137 240 0.64510
00034.jpg 384 25 136 265 0.64488
00034.jpg 241 60 181 143 0.64351
00034.jpg 636 22 50 107 0.64240
00034.jpg 462 1 33 46 0.64017
00034.jpg 388 28 125 267 0.63965
00034.jpg 747 25 50 189 0.63960
00034.jpg 26 1 45 68 0.63668
00034.jpg 534 20 67 228 0.63514
00034.jpg 679 0 42 56 0.63507
00034.jpg 647 7 43 218 0.63394
00034.jpg 848 41 89 173 0.63384
00034.jpg 745 17 60 91 0.63374
00034.jpg 539 20 74 212 0.63337
00034.jpg 26 0 37 55 0.63243
00034.jpg 574 0 76 118 0.63034
00034.jpg 675 0 48 56 0.62826
00034.jpg 19 0 45 75 0.62809
00034.jpg 0 65 95 119 0.62806
00034.jpg 562 5 79 92 0.62626
00034.jpg 538 13 116 76 0.62538
00034.jpg 369 25 169 263 0.62536
00034.jpg 463 55 103 260 0.62518
00034.jpg 541 16 70 246 0.62464
00034.jpg 639 13 41 199 0.62355
00034.jpg 237 64 205 132 0.62354
00034.jpg 2 61 120 118 0.62348
00034.jpg 748 19 57 68 0.62337
00034.jpg 571 1 38 80 0.62271
00034.jpg 639 23 43 63 0.62217
00034.jpg 751 21 56 64 0.62157
00034.jpg 455 1 39 48 0.62155
00034.jpg 437 55 149 283 0.62035
00034.jpg 464 45 101 283 0.61939
00034.jpg 456 6 33 46 0.61912
00034.jpg 861 32 63 200 0.61840
00034.jpg 747 22 57 205 0.61567
00034.jpg 0 53 117 156 0.61417
00034.jpg 460 54 106 287 0.61401
00034.jpg 256 67 213 319 0.61251
00034.jpg 684 0 38 49 0.61215
00034.jpg 250 74 212 301 0.61213
00034.jpg 24 0 40 71 0.61196
00034.jpg 559 12 80 59 0.61137
00034.jpg 571 14 83 68 0.61024
00034.jpg 594 1 44 118 0.61021
00034.jpg 743 25 61 64 0.60962
00034.jpg 236 61 205 128 0.60769
00034.jpg 391 28 118 262 0.60656
00034.jpg 3 110 224 330 0.60353
00034.jpg 401 49 204 293 0.60280
00034.jpg 760 31 84 220 0.60051
00034.jpg 744 23 67 95 0.60030
00034.jpg 667 30 125 253 0.59931
00034.jpg 240 60 207 150 0.59647
00034.jpg 25 0 46 59 0.59411
00034.jpg 241 62 189 133 0.59237
00034.jpg 0 54 128 138 0.59216
00034.jpg 574 2 33 56 0.59196
00034.jpg 459 57 121 285 0.59081
00034.jpg 4 60 98 122 0.59071
00034.jpg 458 0 39 72 0.58952
00034.jpg 609 37 72 253 0.58922
00034.jpg 595 8 50 69 0.58751
00034.jpg 233 57 216 327 0.58681
00034.jpg 20 0 41 65 0.58618
00034.jpg 534 27 75 252 0.58474
00034.jpg 448 63 135 271 0.58404
00034.jpg 2 62 121 131 0.58386
00034.jpg 590 11 69 95 0.58174
00034.jpg 23 0 47 75 0.58082
00034.jpg 522 22 29 36 0.58080
00034.jpg 0 64 101 108 0.58021
00034.jpg 666 29 114 252 0.58000
00034.jpg 30 0 44 60 0.57973
00034.jpg 826 16 40 71 0.57936
00034.jpg 400 44 156 280 0.57895
00034.jpg 431 52 145 256 0.57796
00034.jpg 245 49 210 341 0.57768
00034.jpg 757 25 49 71 0.57739
00034.jpg 782 37 53 212 0.57710
00034.jpg 14 118 193 318 0.57581
00034.jpg 757 26 47 40 0.57480
00034.jpg 1 63 106 117 0.57269
00034.jpg 751 16 58 54 0.57199
00034.jpg 571 7 85 92 0.57177
00034.jpg 637 20 38 41 0.57083
00034.jpg 236 53 199 146 0.57034
00034.jpg 681 0 40 48 0.57030
00034.jpg 257 122 189 240 0.56966
00034.jpg 230 125 210 253 0.56824
00034.jpg 385 27 137 268 0.56783
00034.jpg 640 20 32 32 0.56560
00034.jpg 578 7 45 66 0.56457
00034.jpg 586 14 62 66 0.56394
00034.jpg 592 8 52 94 0.56392
00034.jpg 759 24 47 62 0.56213
00034.jpg 538 7 65 205 0.56163
00034.jpg 744 14 63 73 0.56156
00034.jpg 591 7 50 73 0.55970
00034.jpg 422 24 168 314 0.55960
00034.jpg 848 26 81 202 0.55933
00034.jpg 680 0 47 58 0.55881
00034.jpg 684 0 44 51 0.55821
00034.jpg 642 14 53 196 0.55807
00034.jpg 579 17 103 289 0.55785
00034.jpg 459 34 126 305 0.55653
00034.jpg 594 9 53 63 0.55644
00034.jpg 236 61 194 146 0.55622
00034.jpg 3 61 95 127 0.55517
00034.jpg 746 10 62 84 0.55386
00034.jpg 458 3 36 46 0.55281
00034.jpg 759 16 48 102 0.55228
00034.jpg 557 8 94 76 0.55188
00034.jpg 756 24 54 59 0.55179
00034.jpg 575 5 61 88 0.55178
00034.jpg 507 38 90 282 0.55041
00034.jpg 763 35 70 218 0.55019
00034.jpg 858 30 72 192 0.54918
00034.jpg 646 29 36 205 0.54876
00034.jpg 642 19 40 96 0.54846
00034.jpg 0 102 228 327 0.54827
00034.jpg 603 8 35 50 0.54825
00034.jpg 3 89 207 332 0.54795
00034.jpg 592 14 44 59 0.54738
00034.jpg 30 1 37 52 0.54557
00034.jpg 375 21 141 263 0.54554
00034.jpg 671 30 85 248 0.54496
00034.jpg 472 55 94 277 0.54447
00034.jpg 539 23 70 198 0.54432
00034.jpg 566 2 39 86 0.54402
00034.jpg 751 19 55 137 0.54342
00034.jpg 248 57 198 232 0.54291
00034.jpg 680 0 46 57 0.54045
00034.jpg 4 75 218 371 0.54025
00034.jpg 751 23 55 67 0.53969
00034.jpg 679 0 49 51 0.53952
00034.jpg 783 35 63 193 0.53885
00034.jpg 754 19 49 53 0.53727
00034.jpg 672 0 51 50 0.53701
00034.jpg 749 18 58 169 0.53639
00034.jpg 246 51 204 126 0.53543
00034.jpg 6 60 106 119 0.53522
00034.jpg 599 11 36 64 0.53414
00034.jpg 542 11 71 205 0.53408
00034.jpg 389 24 129 271 0.53380
00034.jpg 3 63 107 125 0.53332
00034.jpg 708 26 116 224 0.53197
00034.jpg 748 16 59 187 0.53125
00034.jpg 745 25 50 199 0.53004
00034.jpg 644 23 44 102 0.52983
00034.jpg 398 51 157 251 0.52979
00034.jpg 650 18 34 156 0.52966
00034.jpg 640 21 31 38 0.52910
00034.jpg 10 59 112 128 0.52759
00034.jpg 240 60 190 117 0.52686
00034.jpg 637 14 40 109 0.52681
00034.jpg 581 2 51 101 0.52670
00034.jpg 453 0 41 70 0.52624
00034.jpg 595 4 42 71 0.52622
00034.jpg 640 26 53 94 0.52244
00034.jpg 1 105 214 348 0.52158
00034.jpg 28 0 45 74 0.52152
00034.jpg 647 25 40 208 0.52100
00034.jpg 233 65 192 121 0.52057
00034.jpg 689 32 92 236 0.51942
00034.jpg 565 15 123 80 0.51937
00034.jpg 747 23 60 65 0.51929
00034.jpg 743 27 66 73 0.51849
00034.jpg 673 39 90 241 0.51795
00034.jpg 526 13 81 102 0.51697
00034.jpg 21 0 52 58 0.51525
00034.jpg 583 11 49 76 0.51492
00034.jpg 597 46 66 254 0.51398
00034.jpg 849 30 90 206 0.51332
00034.jpg 748 22 60 78 0.51330
00034.jpg 388 17 144 292 0.51263
00034.jpg 683 0 46 63 0.51244
00034.jpg 645 30 47 188 0.51216
00034.jpg 827 12 42 83 0.51065
00034.jpg 748 9 63 112 0.50637
00034.jpg 747 21 58 72 0.50623
00034.jpg 5 56 95 167 0.50599
00034.jpg 589 12 55 79 0.50482
00034.jpg 455 1 38 57 0.50437
00034.jpg 567 4 79 58 0.50359
00034.jpg 790 38 52 189 0.50208
00034.jpg 1 57 133 137 0.50183
00034.jpg 637 15 54 122 0.50050
00034.jpg 598 6 34 57 0.50025
00034.jpg 666 31 120 251 0.50011
