00031.jpg 266 94 214 286 0.99838
00031.jpg 264 106 204 272 0.99778
00031.jpg 865 27 76 201 0.99721
00031.jpg 608 26 74 289 0.99653
00031.jpg 2 108 248 330 0.99649
00031.jpg 7 97 246 332 0.99635
00031.jpg 258 96 212 283 0.99625
00031.jpg 256 91 227 287 0.99603
00031.jpg 1 95 239 346 0.99568
00031.jpg 608 29 74 282 0.99371
00031.jpg 249 94 225 279 0.99350
00031.jpg 265 93 206 289 0.99346
00031.jpg 873 30 74 199 0.99324
00031.jpg 470 52 127 300 0.99311
00031.jpg 5 89 231 342 0.99305
00031.jpg 873 26 72 206 0.99298
00031.jpg 866 26 70 200 0.99294
00031.jpg 694 40 71 230 0.99286
00031.jpg 692 37 73 234 0.99270
00031.jpg 799 40 59 205 0.99265
00031.jpg 254 108 219 264 0.99263
00031.jpg 11 85 236 345 0.99242
00031.jpg 872 29 72 195 0.99225
00031.jpg 4 104 240 326 0.99182
00031.jpg 868 22 80 217 0.99169
00031.jpg 872 32 70 193 0.99159
00031.jpg 469 41 133 320 0.99152
00031.jpg 255 93 221 284 0.99151
00031.jpg 689 34 76 239 0.99141
00031.jpg 799 46 63 194 0.99134
00031.jpg 15 95 225 351 0.99105
00031.jpg 404 23 127 266 0.99102
00031.jpg 692 28 75 246 0.99095
00031.jpg 259 90 220 284 0.99086
00031.jpg 872 27 72 204 0.99070
00031.jpg 695 36 69 230 0.99069
00031.jpg 402 22 131 270 0.99059
00031.jpg 1 120 256 315 0.99035
00031.jpg 865 26 77 206 0.98994
00031.jpg 615 46 68 259 0.98958
00031.jpg 245 99 238 276 0.98946
00031.jpg 472 59 123 290 0.98933
00031.jpg 472 64 134 287 0.98931
00031.jpg 694 32 76 238 0.98913
00031.jpg 870 30 77 199 0.98895
00031.jpg 866 26 77 201 0.98863
00031.jpg 698 39 69 232 0.98822
00031.jpg 3 104 236 337 0.98764
00031.jpg 695 40 69 224 0.98728
00031.jpg 870 21 75 211 0.98699
00031.jpg 604 37 86 281 0.98653
00031.jpg 873 28 69 196 0.98637
00031.jpg 612 40 70 262 0.98632
00031.jpg 873 26 65 201 0.98582
00031.jpg 5 92 248 344 0.98565
00031.jpg 797 38 57 209 0.98557
00031.jpg 610 32 80 284 0.98539
00031.jpg 476 61 125 284 0.98529
00031.jpg 466 51 140 297 0.98528
00031.jpg 268 100 210 274 0.98512
00031.jpg 7 100 236 327 0.98511
00031.jpg 471 61 127 271 0.98509
00031.jpg 695 35 74 237 0.98437
00031.jpg 697 28 62 251 0.98431
00031.jpg 869 27 72 201 0.98399
00031.jpg 608 50 70 259 0.98261
00031.jpg 252 100 212 286 0.98224
00031.jpg 798 46 57 193 0.98171
00031.jpg 873 26 72 203 0.98161
00031.jpg 401 22 133 268 0.98097
00031.jpg 692 43 74 226 0.98068
00031.jpg 872 32 71 190 0.98047
00031.jpg 608 43 74 257 0.98028
00031.jpg 872 24 71 213 0.97944
00031.jpg 0 112 243 316 0.97942
00031.jpg 696 38 68 233 0.97891
00031.jpg 692 32 74 235 0.97847
00031.jpg 698 37 65 233 0.97799
00031.jpg 0 87 243 358 0.97789
00031.jpg 396 22 138 267 0.97766
00031.jpg 482 67 115 277 0.97753
00031.jpg 0 95 251 344 0.97752
00031.jpg 0 94 255 328 0.97686
00031.jpg 611 42 66 265 0.97595
00031.jpg 248 87 232 284 0.97592
00031.jpg 254 98 225 273 0.97542
00031.jpg 700 42 64 221 0.97529
00031.jpg 475 61 121 294 0.97527
00031.jpg 866 27 75 192 0.97523
00031.jpg 867 34 75 189 0.97516
00031.jpg 0 97 263 349 0.97448
00031.jpg 3 101 248 328 0.97445
00031.jpg 695 38 63 225 0.97428
00031.jpg 868 28 74 206 0.97399
00031.jpg 262 98 210 271 0.97372
00031.jpg 868 27 74 201 0.97318
00031.jpg 258 107 210 285 0.97316
00031.jpg 868 29 74 198 0.97312
00031.jpg 795 40 66 207 0.97246
00031.jpg 792 33 69 213 0.97226
00031.jpg 692 42 70 222 0.97221
00031.jpg 0 93 252 355 0.97171
00031.jpg 255 90 215 293 0.97098
00031.jpg 795 54 63 191 0.97091
00031.jpg 470 65 125 284 0.97091
00031.jpg 697 39 64 225 0.97056
00031.jpg 689 35 76 241 0.97010
00031.jpg 482 55 110 291 0.97009
00031.jpg 800 42 56 204 0.96992
00031.jpg 611 32 68 280 0.96989
00031.jpg 612 39 66 266 0.96975
00031.jpg 610 40 73 265 0.96929
00031.jpg 457 47 142 310 0.96926
00031.jpg 793 36 61 212 0.96904
00031.jpg 8 109 231 330 0.96865
00031.jpg 4 97 236 325 0.96846
00031.jpg 874 28 68 198 0.96814
00031.jpg 427 38 136 283 0.96811
00031.jpg 253 77 228 310 0.96809
00031.jpg 610 36 71 274 0.96681
00031.jpg 871 27 73 200 0.96633
00031.jpg 7 0 46 72 0.96590
00031.jpg 788 37 65 205 0.96579
00031.jpg 8 95 231 346 0.96573
00031.jpg 695 26 66 255 0.96567
00031.jpg 8 0 42 70 0.96536
00031.jpg 556 21 68 238 0.96499
00031.jpg 555 28 76 209 0.96476
00031.jpg 403 27 130 267 0.96285
00031.jpg 263 115 214 243 0.96203
00031.jpg 250 92 225 292 0.96180
00031.jpg 793 37 65 207 0.96142
00031.jpg 612 45 69 265 0.96133
00031.jpg 403 13 131 293 0.96092
00031.jpg 5 88 239 350 0.96038
00031.jpg 867 25 76 206 0.95832
00031.jpg 407 19 126 278 0.95820
00031.jpg 396 33 132 256 0.95815
00031.jpg 398 26 136 287 0.95691
00031.jpg 696 37 66 233 0.95622
00031.jpg 695 32 68 235 0.95592
00031.jpg 407 25 126 279 0.95573
00031.jpg 404 23 122 299 0.95538
00031.jpg 251 87 226 292 0.95462
00031.jpg 558 14 66 231 0.95427
00031.jpg 252 109 216 265 0.95407
00031.jpg 800 35 60 216 0.95405
00031.jpg 694 34 78 235 0.95400
00031.jpg 469 54 128 290 0.95378
00031.jpg 661 23 46 184 0.95271
00031.jpg 399 34 128 257 0.95248
00031.jpg 405 27 125 266 0.95233
00031.jpg 612 34 75 272 0.95230
00031.jpg 410 14 128 300 0.95140
00031.jpg 603 2 57 88 0.95138
00031.jpg 481 49 117 299 0.95127
00031.jpg 696 30 69 247 0.95106
00031.jpg 769 20 55 192 0.95090
00031.jpg 768 26 52 190 0.95079
00031.jpg 800 39 62 206 0.95067
00031.jpg 0 92 247 331 0.94971
00031.jpg 396 26 137 263 0.94964
00031.jpg 453 47 148 303 0.94868
00031.jpg 398 29 131 259 0.94859
00031.jpg 7 0 44 71 0.94827
00031.jpg 616 36 66 272 0.94819
00031.jpg 249 103 215 274 0.94801
00031.jpg 434 45 185 309 0.94759
00031.jpg 557 25 66 227 0.94744
00031.jpg 870 28 75 199 0.94687
00031.jpg 401 28 132 252 0.94666
00031.jpg 475 50 127 304 0.94634
00031.jpg 4 98 245 346 0.94567
00031.jpg 557 23 65 221 0.94535
00031.jpg 559 25 61 229 0.94481
00031.jpg 766 26 57 186 0.94424
00031.jpg 664 17 42 196 0.94380
00031.jpg 616 48 68 259 0.94337
00031.jpg 696 31 72 245 0.94324
00031.jpg 559 21 65 211 0.94308
00031.jpg 560 26 67 242 0.94299
00031.jpg 472 57 129 284 0.94298
00031.jpg 658 27 47 183 0.94262
00031.jpg 6 0 48 67 0.94261
00031.jpg 252 104 221 284 0.94237
00031.jpg 466 48 140 307 0.94216
00031.jpg 874 24 67 207 0.94188
00031.jpg 10 97 234 345 0.94079
00031.jpg 558 15 64 226 0.94019
00031.jpg 463 63 139 277 0.94004
00031.jpg 807 39 52 206 0.93947
00031.jpg 557 19 72 246 0.93945
00031.jpg 0 90 235 347 0.93896
00031.jpg 666 32 38 175 0.93856
00031.jpg 799 38 59 207 0.93767
00031.jpg 251 91 226 292 0.93745
00031.jpg 4 0 53 74 0.93736
00031.jpg 469 54 133 289 0.93733
00031.jpg 467 55 131 298 0.93719
00031.jpg 611 38 68 277 0.93662
00031.jpg 256 103 216 272 0.93642
00031.jpg 614 27 70 287 0.93627
00031.jpg 21 56 87 131 0.93620
00031.jpg 794 43 68 194 0.93572
00031.jpg 553 33 78 229 0.93568
00031.jpg 791 38 67 208 0.93532
00031.jpg 769 24 55 185 0.93518
00031.jpg 6 95 238 347 0.93435
00031.jpg 787 34 66 203 0.93354
00031.jpg 870 23 74 205 0.93294
00031.jpg 692 35 73 229 0.93190
00031.jpg 562 15 57 252 0.93182
00031.jpg 795 41 66 194 0.93118
00031.jpg 613 36 67 279 0.93093
00031.jpg 405 15 131 278 0.92974
00031.jpg 410 26 146 278 0.92891
00031.jpg 559 15 63 244 0.92780
00031.jpg 46 1 38 63 0.92674
00031.jpg 594 3 65 82 0.92622
00031.jpg 607 3 49 91 0.92569
00031.jpg 402 19 133 269 0.92499
00031.jpg 472 60 127 288 0.92283
00031.jpg 446 45 138 292 0.92267
00031.jpg 402 22 134 279 0.92157
00031.jpg 266 105 191 269 0.92156
00031.jpg 247 98 229 278 0.92009
00031.jpg 793 41 66 209 0.91987
00031.jpg 766 28 63 199 0.91961
00031.jpg 3 1 53 71 0.91953
00031.jpg 614 36 72 269 0.91877
00031.jpg 246 105 235 260 0.91833
00031.jpg 256 110 216 255 0.91816
00031.jpg 764 30 61 58 0.91614
00031.jpg 766 15 59 207 0.91588
00031.jpg 14 66 100 118 0.91575
00031.jpg 474 53 127 295 0.91554
00031.jpg 20 62 89 121 0.91408
00031.jpg 874 24 71 209 0.91356
00031.jpg 25 65 82 117 0.91353
00031.jpg 401 31 149 269 0.91299
00031.jpg 50 0 30 49 0.91194
00031.jpg 661 20 41 203 0.91085
00031.jpg 768 16 52 209 0.91046
00031.jpg 608 2 54 88 0.90930
00031.jpg 768 24 50 189 0.90858
00031.jpg 49 0 36 57 0.90855
00031.jpg 615 39 69 264 0.90748
00031.jpg 557 31 68 221 0.90645
00031.jpg 467 61 130 282 0.90608
00031.jpg 413 36 157 301 0.90530
00031.jpg 683 30 85 249 0.90491
00031.jpg 799 42 60 197 0.90491
00031.jpg 265 72 202 312 0.90464
00031.jpg 18 67 90 130 0.90388
00031.jpg 766 22 54 190 0.90343
00031.jpg 401 32 133 258 0.90322
00031.jpg 554 24 74 233 0.90211
00031.jpg 405 30 172 311 0.90167
00031.jpg 690 37 73 233 0.90135
00031.jpg 562 25 56 230 0.90078
00031.jpg 560 38 58 218 0.90048
00031.jpg 662 22 38 192 0.89939
00031.jpg 375 30 233 308 0.89870
00031.jpg 3 63 116 136 0.89848
00031.jpg 765 26 56 179 0.89778
00031.jpg 8 0 44 72 0.89769
00031.jpg 600 7 57 80 0.89769
00031.jpg 558 28 60 218 0.89725
00031.jpg 256 110 208 262 0.89620
00031.jpg 472 52 118 292 0.89613
00031.jpg 403 27 122 264 0.89602
00031.jpg 658 19 43 191 0.89433
00031.jpg 767 26 57 181 0.89361
00031.jpg 767 29 60 56 0.89357
00031.jpg 562 17 59 234 0.89261
00031.jpg 18 120 223 322 0.89257
00031.jpg 662 23 40 187 0.89232
00031.jpg 556 23 66 243 0.89131
00031.jpg 473 57 127 289 0.89128
00031.jpg 5 0 50 79 0.89122
00031.jpg 475 0 33 50 0.89106
00031.jpg 689 39 75 233 0.89069
00031.jpg 698 34 65 233 0.88896
00031.jpg 397 24 133 268 0.88889
00031.jpg 770 26 51 200 0.88886
00031.jpg 46 0 36 61 0.88830
00031.jpg 5 65 110 127 0.88581
00031.jpg 404 32 127 260 0.88480
00031.jpg 46 0 41 58 0.88286
00031.jpg 694 28 66 241 0.88221
00031.jpg 659 21 48 177 0.88164
00031.jpg 615 39 65 262 0.88063
00031.jpg 794 40 67 198 0.88022
00031.jpg 561 12 59 194 0.87997
00031.jpg 15 65 101 114 0.87915
00031.jpg 9 0 46 70 0.87887
00031.jpg 768 36 54 191 0.87870
00031.jpg 410 41 202 297 0.87854
00031.jpg 23 63 79 120 0.87837
00031.jpg 604 4 51 87 0.87807
00031.jpg 435 35 140 310 0.87800
00031.jpg 4 62 108 133 0.87757
00031.jpg 554 25 69 201 0.87635
00031.jpg 16 63 96 117 0.87590
00031.jpg 795 40 63 197 0.87548
00031.jpg 5 0 49 71 0.87524
00031.jpg 384 20 261 328 0.87503
00031.jpg 400 29 135 260 0.87459
00031.jpg 784 28 67 218 0.87358
00031.jpg 47 0 38 55 0.87348
00031.jpg 401 32 126 259 0.87172
00031.jpg 262 102 219 284 0.87171
00031.jpg 256 64 155 120 0.87153
00031.jpg 258 71 153 111 0.87130
00031.jpg 565 25 53 214 0.87110
00031.jpg 475 0 38 52 0.86949
00031.jpg 477 0 36 54 0.86947
00031.jpg 6 0 51 68 0.86845
00031.jpg 559 22 68 229 0.86795
00031.jpg 555 15 75 252 0.86704
00031.jpg 24 63 79 114 0.86656
00031.jpg 612 33 77 272 0.86600
00031.jpg 874 29 70 200 0.86538
00031.jpg 660 22 48 186 0.86494
00031.jpg 20 69 89 111 0.86488
00031.jpg 7 65 112 121 0.86465
00031.jpg 769 28 55 176 0.86457
00031.jpg 271 59 124 108 0.86453
00031.jpg 48 0 34 54 0.86428
00031.jpg 692 35 66 227 0.86359
00031.jpg 585 6 36 56 0.86106
00031.jpg 254 114 220 258 0.86034
00031.jpg 27 63 80 124 0.86034
00031.jpg 663 18 44 206 0.86028
00031.jpg 410 30 122 261 0.86000
00031.jpg 768 25 58 197 0.85956
00031.jpg 768 17 50 208 0.85898
00031.jpg 11 62 109 156 0.85818
00031.jpg 478 0 32 49 0.85744
00031.jpg 801 42 61 200 0.85721
00031.jpg 661 22 43 178 0.85689
00031.jpg 603 3 55 77 0.85614
00031.jpg 553 20 71 162 0.85549
00031.jpg 612 49 70 254 0.85529
00031.jpg 259 83 191 306 0.85407
00031.jpg 487 58 106 280 0.85355
00031.jpg 236 86 260 278 0.85260
00031.jpg 588 6 31 65 0.85220
00031.jpg 660 18 48 184 0.85219
00031.jpg 419 32 129 288 0.85203
00031.jpg 260 64 151 105 0.85182
00031.jpg 556 23 71 221 0.85140
00031.jpg 400 34 127 248 0.85097
00031.jpg 601 7 52 80 0.85047
00031.jpg 790 39 68 209 0.84928
00031.jpg 264 70 145 104 0.84871
00031.jpg 395 25 139 270 0.84840
00031.jpg 3 69 116 134 0.84704
00031.jpg 662 20 42 185 0.84687
00031.jpg 50 0 36 49 0.84637
00031.jpg 426 46 162 280 0.84598
00031.jpg 467 57 128 290 0.84592
00031.jpg 425 10 115 343 0.84520
00031.jpg 768 22 57 195 0.84506
00031.jpg 252 69 156 100 0.84474
00031.jpg 390 28 183 288 0.84176
00031.jpg 798 39 65 207 0.84156
00031.jpg 764 27 58 94 0.84149
00031.jpg 400 30 131 265 0.84093
00031.jpg 251 117 221 258 0.84043
00031.jpg 8 0 48 65 0.83931
00031.jpg 15 63 96 121 0.83850
00031.jpg 560 24 67 247 0.83847
00031.jpg 6 102 240 321 0.83790
00031.jpg 556 23 70 190 0.83692
00031.jpg 407 24 125 279 0.83686
00031.jpg 560 26 65 194 0.83587
00031.jpg 610 51 71 257 0.83521
00031.jpg 594 3 74 78 0.83450
00031.jpg 874 27 72 209 0.83383
00031.jpg 405 24 117 279 0.83365
00031.jpg 6 58 109 154 0.83364
00031.jpg 271 69 127 97 0.83305
00031.jpg 402 32 130 258 0.83132
00031.jpg 696 32 72 235 0.83089
00031.jpg 586 7 36 51 0.83080
00031.jpg 402 28 131 267 0.83056
00031.jpg 8 61 107 127 0.83056
00031.jpg 607 34 80 271 0.83042
00031.jpg 590 4 29 60 0.83001
00031.jpg 463 54 142 288 0.82956
00031.jpg 474 1 37 50 0.82937
00031.jpg 660 30 43 184 0.82846
00031.jpg 24 69 80 113 0.82823
00031.jpg 8 0 49 69 0.82704
00031.jpg 658 17 47 207 0.82699
00031.jpg 256 69 154 118 0.82695
00031.jpg 795 36 68 201 0.82625
00031.jpg 762 26 60 200 0.82611
00031.jpg 764 21 60 198 0.82555
00031.jpg 694 39 75 227 0.82421
00031.jpg 49 0 36 54 0.82415
00031.jpg 50 0 33 53 0.82415
00031.jpg 6 69 113 116 0.82385
00031.jpg 478 1 33 46 0.82385
00031.jpg 9 2 43 66 0.82354
00031.jpg 563 23 55 199 0.82350
00031.jpg 7 1 46 66 0.82074
00031.jpg 13 1 40 69 0.82042
00031.jpg 6 64 109 147 0.82003
00031.jpg 762 26 60 188 0.81911
00031.jpg 660 15 45 191 0.81901
00031.jpg 589 5 30 50 0.81721
00031.jpg 401 37 127 242 0.81689
00031.jpg 494 64 103 274 0.81474
00031.jpg 275 113 190 260 0.81302
00031.jpg 865 30 81 196 0.81291
00031.jpg 9 68 103 105 0.81276
00031.jpg 262 62 152 113 0.81231
00031.jpg 411 19 124 290 0.81141
00031.jpg 695 36 69 237 0.80921
00031.jpg 411 33 131 265 0.80920
00031.jpg 0 100 256 332 0.80838
00031.jpg 254 71 162 104 0.80810
00031.jpg 604 36 87 262 0.80776
00031.jpg 557 31 63 245 0.80768
00031.jpg 601 0 57 108 0.80749
00031.jpg 872 26 74 212 0.80742
00031.jpg 7 0 40 64 0.80662
00031.jpg 6 3 51 68 0.80495
00031.jpg 27 63 81 120 0.80462
00031.jpg 863 21 81 215 0.80455
00031.jpg 589 5 29 37 0.80436
00031.jpg 558 27 68 229 0.80290
00031.jpg 776 21 49 195 0.80251
00031.jpg 763 25 60 193 0.80232
00031.jpg 619 34 70 260 0.80126
00031.jpg 398 35 130 257 0.80091
00031.jpg 597 1 60 98 0.80038
00031.jpg 10 2 48 69 0.79866
00031.jpg 11 60 101 152 0.79647
00031.jpg 405 31 157 275 0.79601
00031.jpg 440 62 134 264 0.79532
00031.jpg 250 85 212 307 0.79522
00031.jpg 52 0 36 52 0.79347
00031.jpg 266 127 197 247 0.79307
00031.jpg 18 68 86 109 0.79055
00031.jpg 590 9 79 73 0.78892
00031.jpg 865 22 82 217 0.78810
00031.jpg 471 45 117 308 0.78799
00031.jpg 586 4 34 40 0.78708
00031.jpg 27 67 83 114 0.78698
00031.jpg 560 23 62 257 0.78547
00031.jpg 577 4 93 75 0.78367
00031.jpg 555 25 69 220 0.78277
00031.jpg 873 27 68 200 0.78269
00031.jpg 598 6 57 79 0.78156
00031.jpg 764 28 60 115 0.78151
00031.jpg 561 20 58 237 0.78130
00031.jpg 598 1 65 95 0.78057
00031.jpg 382 14 152 304 0.78034
00031.jpg 24 63 80 111 0.78003
00031.jpg 473 0 33 48 0.77927
00031.jpg 661 24 45 193 0.77903
00031.jpg 757 32 75 48 0.77867
00031.jpg 0 84 258 357 0.77856
00031.jpg 766 32 63 66 0.77822
00031.jpg 557 27 67 234 0.77755
00031.jpg 566 20 59 243 0.77740
00031.jpg 658 14 42 189 0.77689
00031.jpg 47 0 38 67 0.77674
00031.jpg 557 33 65 244 0.77374
00031.jpg 581 4 84 66 0.77285
00031.jpg 876 28 68 198 0.77227
00031.jpg 51 1 37 49 0.77077
00031.jpg 257 66 156 101 0.77059
00031.jpg 605 37 92 269 0.76934
00031.jpg 589 6 27 54 0.76924
00031.jpg 767 28 59 75 0.76788
00031.jpg 462 38 146 305 0.76768
00031.jpg 257 67 154 110 0.76762
00031.jpg 264 63 146 115 0.76703
00031.jpg 401 40 158 237 0.76657
00031.jpg 608 41 74 265 0.76608
00031.jpg 6 66 114 126 0.76565
00031.jpg 5 3 45 68 0.76530
00031.jpg 472 64 131 288 0.76399
00031.jpg 876 30 68 188 0.76336
00031.jpg 5 68 103 124 0.76260
00031.jpg 9 66 97 112 0.76138
00031.jpg 762 33 60 175 0.76024
00031.jpg 669 23 35 187 0.75861
00031.jpg 463 47 146 307 0.75835
00031.jpg 472 50 129 295 0.75813
00031.jpg 609 30 77 284 0.75744
00031.jpg 6 3 47 64 0.75632
00031.jpg 475 1 37 48 0.75629
00031.jpg 248 62 155 112 0.75472
00031.jpg 599 0 54 103 0.75295
00031.jpg 762 26 62 166 0.75240
00031.jpg 762 29 62 180 0.75084
00031.jpg 474 61 133 276 0.75065
00031.jpg 3 113 236 327 0.75016
00031.jpg 697 39 70 219 0.74910
00031.jpg 771 23 53 184 0.74901
00031.jpg 409 35 123 244 0.74894
00031.jpg 763 32 61 184 0.74890
00031.jpg 701 29 72 238 0.74844
00031.jpg 692 30 76 247 0.74811
00031.jpg 255 68 157 96 0.74458
00031.jpg 767 25 67 55 0.74452
00031.jpg 373 51 232 271 0.74403
00031.jpg 869 33 77 193 0.74326
00031.jpg 558 25 59 209 0.74258
00031.jpg 275 65 121 100 0.74221
00031.jpg 552 13 71 294 0.74188
00031.jpg 606 2 53 77 0.74140
00031.jpg 9 0 43 68 0.73977
00031.jpg 47 0 33 64 0.73823
00031.jpg 6 67 100 126 0.73765
00031.jpg 800 42 64 196 0.73658
00031.jpg 24 67 81 107 0.73614
00031.jpg 762 30 64 188 0.73610
00031.jpg 50 0 38 53 0.73521
00031.jpg 805 38 59 194 0.73508
00031.jpg 3 128 88 75 0.73485
00031.jpg 665 18 39 193 0.73484
00031.jpg 619 35 72 269 0.73457
00031.jpg 10 107 207 329 0.73433
00031.jpg 263 70 142 98 0.73388
00031.jpg 258 97 220 284 0.73376
00031.jpg 558 24 71 219 0.73366
00031.jpg 613 34 67 282 0.73364
00031.jpg 27 67 78 116 0.73359
00031.jpg 253 80 231 299 0.73258
00031.jpg 246 65 260 324 0.73210
00031.jpg 767 21 59 181 0.73135
00031.jpg 777 40 68 203 0.73066
00031.jpg 453 55 161 293 0.73009
00031.jpg 445 54 116 269 0.72997
00031.jpg 414 55 221 278 0.72963
00031.jpg 800 41 56 208 0.72957
00031.jpg 607 4 60 102 0.72906
00031.jpg 605 25 76 284 0.72877
00031.jpg 591 5 29 40 0.72850
00031.jpg 618 37 71 263 0.72425
00031.jpg 591 3 34 72 0.72414
00031.jpg 612 24 67 284 0.72322
00031.jpg 47 0 37 46 0.72185
00031.jpg 601 5 59 76 0.72174
00031.jpg 558 18 71 256 0.72119
00031.jpg 255 63 159 105 0.72108
00031.jpg 393 28 158 260 0.72093
00031.jpg 26 69 79 107 0.72038
00031.jpg 664 24 45 187 0.71944
00031.jpg 604 4 47 75 0.71917
00031.jpg 8 114 75 103 0.71917
00031.jpg 785 38 65 211 0.71913
00031.jpg 587 5 30 45 0.71853
00031.jpg 589 4 72 90 0.71779
00031.jpg 246 90 222 289 0.71734
00031.jpg 387 38 164 255 0.71619
00031.jpg 0 64 117 180 0.71590
00031.jpg 599 1 71 87 0.71568
00031.jpg 774 33 57 206 0.71568
00031.jpg 592 3 64 87 0.71416
00031.jpg 767 35 61 59 0.71407
00031.jpg 522 35 98 291 0.71388
00031.jpg 765 29 53 174 0.71195
00031.jpg 477 5 33 48 0.71126
00031.jpg 604 8 54 84 0.71067
00031.jpg 0 76 118 142 0.70994
00031.jpg 432 47 118 258 0.70948
00031.jpg 465 57 154 289 0.70860
00031.jpg 761 26 68 65 0.70733
00031.jpg 10 0 39 66 0.70638
00031.jpg 659 27 47 178 0.70550
00031.jpg 3 57 119 173 0.70409
00031.jpg 25 75 82 111 0.70281
00031.jpg 396 26 198 310 0.70280
00031.jpg 6 0 43 71 0.70257
00031.jpg 401 28 135 259 0.70178
00031.jpg 796 42 67 195 0.70093
00031.jpg 14 73 87 108 0.70059
00031.jpg 402 24 136 257 0.69931
00031.jpg 565 20 67 287 0.69924
00031.jpg 10 74 243 371 0.69822
00031.jpg 470 0 39 54 0.69366
00031.jpg 521 28 107 269 0.69304
00031.jpg 564 22 60 235 0.69198
00031.jpg 8 3 56 68 0.69072
00031.jpg 6 65 111 123 0.68982
00031.jpg 272 65 127 92 0.68808
00031.jpg 475 2 34 49 0.68653
00031.jpg 402 34 124 255 0.68585
00031.jpg 472 1 40 48 0.68440
00031.jpg 251 83 216 278 0.68014
00031.jpg 39 66 69 110 0.68012
00031.jpg 702 38 61 233 0.67955
00031.jpg 587 6 35 78 0.67858
00031.jpg 354 51 173 291 0.67795
00031.jpg 660 17 46 172 0.67788
00031.jpg 552 26 73 205 0.67782
00031.jpg 383 42 173 281 0.67747
00031.jpg 31 70 74 111 0.67689
00031.jpg 7 66 92 139 0.67579
00031.jpg 527 44 94 260 0.67532
00031.jpg 588 6 32 34 0.67414
00031.jpg 607 7 43 76 0.67387
00031.jpg 522 41 99 270 0.67385
00031.jpg 389 27 138 267 0.67372
00031.jpg 8 1 44 65 0.67335
00031.jpg 6 64 107 112 0.67297
00031.jpg 408 33 122 251 0.67240
00031.jpg 3 64 111 172 0.67021
00031.jpg 4 0 55 75 0.66982
00031.jpg 393 30 146 234 0.66952
00031.jpg 245 76 205 290 0.66940
00031.jpg 258 115 208 265 0.66779
00031.jpg 268 128 209 247 0.66707
00031.jpg 658 27 45 193 0.66528
00031.jpg 590 17 68 63 0.66425
00031.jpg 700 28 71 240 0.66305
00031.jpg 19 74 82 102 0.66225
00031.jpg 659 37 46 172 0.66097
00031.jpg 12 73 89 101 0.66056
00031.jpg 259 66 153 111 0.66042
00031.jpg 8 69 106 157 0.65974
00031.jpg 15 77 87 98 0.65856
00031.jpg 263 64 146 108 0.65782
00031.jpg 555 12 74 274 0.65723
00031.jpg 9 2 53 66 0.65664
00031.jpg 257 70 158 110 0.65372
00031.jpg 613 94 78 206 0.65371
00031.jpg 760 36 64 163 0.65322
00031.jpg 590 6 29 46 0.65288
00031.jpg 765 34 62 83 0.65252
00031.jpg 787 37 68 211 0.65250
00031.jpg 590 3 34 61 0.65239
00031.jpg 472 70 119 269 0.65165
00031.jpg 664 35 38 188 0.65085
00031.jpg 606 6 50 69 0.65081
00031.jpg 258 60 165 132 0.64997
00031.jpg 33 66 73 119 0.64923
00031.jpg 44 0 39 78 0.64858
00031.jpg 12 70 94 107 0.64767
00031.jpg 436 48 131 313 0.64751
00031.jpg 411 31 121 273 0.64731
00031.jpg 258 64 147 113 0.64718
00031.jpg 554 24 66 217 0.64567
00031.jpg 9 77 104 148 0.64554
00031.jpg 610 38 76 279 0.64503
00031.jpg 758 35 71 46 0.64452
00031.jpg 473 0 35 50 0.64281
00031.jpg 654 28 54 186 0.64223
00031.jpg 51 0 34 43 0.64215
00031.jpg 586 7 33 44 0.64198
00031.jpg 255 67 155 123 0.64120
00031.jpg 549 28 76 253 0.64007
00031.jpg 474 0 35 55 0.63887
00031.jpg 25 69 78 111 0.63486
00031.jpg 761 37 59 164 0.63481
00031.jpg 592 6 21 31 0.63441
00031.jpg 769 26 58 56 0.63363
00031.jpg 787 37 82 200 0.63328
00031.jpg 51 4 34 52 0.63290
00031.jpg 261 70 145 114 0.63276
00031.jpg 808 42 56 185 0.63123
00031.jpg 480 0 37 62 0.63081
00031.jpg 561 24 55 222 0.63069
00031.jpg 606 9 62 82 0.63038
00031.jpg 868 25 67 208 0.63036
00031.jpg 252 58 185 300 0.62955
00031.jpg 591 1 78 100 0.62819
00031.jpg 606 1 45 98 0.62747
00031.jpg 49 0 36 64 0.62634
00031.jpg 767 34 64 46 0.62501
00031.jpg 763 28 72 64 0.62472
00031.jpg 559 18 64 115 0.62235
00031.jpg 598 3 55 84 0.62163
00031.jpg 564 18 68 244 0.62152
00031.jpg 4 117 97 89 0.62126
00031.jpg 761 41 63 168 0.62077
00031.jpg 6 78 106 155 0.61823
00031.jpg 584 5 33 72 0.61815
00031.jpg 797 44 63 192 0.61809
00031.jpg 30 64 75 116 0.61682
00031.jpg 375 35 153 297 0.61668
00031.jpg 564 28 58 211 0.61635
00031.jpg 660 16 52 188 0.61554
00031.jpg 799 46 65 207 0.61541
00031.jpg 389 24 151 235 0.61528
00031.jpg 11 0 44 70 0.61443
00031.jpg 14 86 92 100 0.61330
00031.jpg 660 28 38 210 0.61326
00031.jpg 764 29 61 54 0.61313
00031.jpg 259 67 154 95 0.61186
00031.jpg 263 70 150 125 0.60997
00031.jpg 589 2 80 62 0.60991
00031.jpg 7 118 83 100 0.60975
00031.jpg 262 121 233 243 0.60965
00031.jpg 597 0 71 124 0.60960
00031.jpg 608 6 47 99 0.60818
00031.jpg 803 38 63 199 0.60671
00031.jpg 552 22 69 255 0.60643
00031.jpg 254 69 150 106 0.60434
00031.jpg 755 32 70 181 0.60418
00031.jpg 778 35 77 205 0.60417
00031.jpg 755 41 72 44 0.60303
00031.jpg 253 68 151 102 0.60287
00031.jpg 590 5 39 72 0.60216
00031.jpg 616 23 64 285 0.60160
00031.jpg 762 23 62 89 0.60146
00031.jpg 593 10 82 80 0.60072
00031.jpg 607 4 59 89 0.60048
00031.jpg 566 32 54 223 0.60010
00031.jpg 255 113 201 255 0.59955
00031.jpg 24 61 82 112 0.59785
00031.jpg 864 29 80 214 0.59692
00031.jpg 605 2 56 64 0.59615
00031.jpg 393 41 135 249 0.59450
00031.jpg 23 74 77 112 0.59384
00031.jpg 792 39 71 203 0.59373
00031.jpg 255 68 161 123 0.59327
00031.jpg 397 35 133 257 0.59152
00031.jpg 546 19 77 102 0.58900
00031.jpg 549 27 76 115 0.58838
00031.jpg 664 16 42 197 0.58828
00031.jpg 557 25 61 154 0.58816
00031.jpg 1 65 101 137 0.58780
00031.jpg 38 107 208 331 0.58680
00031.jpg 611 7 41 78 0.58589
00031.jpg 6 115 74 91 0.58582
00031.jpg 687 27 70 244 0.58568
00031.jpg 762 29 61 173 0.58512
00031.jpg 767 28 60 97 0.57993
00031.jpg 606 1 58 67 0.57900
00031.jpg 472 3 34 49 0.57791
00031.jpg 769 32 54 156 0.57684
00031.jpg 0 96 232 339 0.57633
00031.jpg 13 128 236 313 0.57599
00031.jpg 660 32 47 183 0.57588
00031.jpg 8 76 110 166 0.57580
00031.jpg 5 101 88 108 0.57410
00031.jpg 777 29 61 210 0.57228
00031.jpg 13 2 42 66 0.57216
00031.jpg 606 1 59 74 0.57167
00031.jpg 388 18 160 316 0.57094
00031.jpg 657 20 48 183 0.57005
00031.jpg 8 69 98 109 0.56942
00031.jpg 253 63 152 90 0.56847
00031.jpg 699 35 61 231 0.56806
00031.jpg 48 0 38 65 0.56673
00031.jpg 35 67 69 115 0.56662
00031.jpg 761 24 58 196 0.56533
00031.jpg 669 23 36 178 0.56380
00031.jpg 559 34 64 218 0.56363
00031.jpg 50 0 37 58 0.56076
00031.jpg 763 29 59 52 0.55897
00031.jpg 871 23 73 194 0.55837
00031.jpg 253 75 152 94 0.55797
00031.jpg 48 0 32 52 0.55754
00031.jpg 3 94 255 350 0.55705
00031.jpg 393 51 158 234 0.55509
00031.jpg 556 24 75 235 0.55395
00031.jpg 44 2 39 55 0.55365
00031.jpg 253 79 259 307 0.55304
00031.jpg 46 1 34 52 0.55299
00031.jpg 470 38 121 310 0.55225
00031.jpg 44 62 65 110 0.54980
00031.jpg 607 3 55 79 0.54937
00031.jpg 792 33 73 210 0.54807
00031.jpg 240 68 218 211 0.54780
00031.jpg 611 31 77 287 0.54680
00031.jpg 698 32 62 240 0.54670
00031.jpg 543 39 74 247 0.54618
00031.jpg 478 0 39 68 0.54600
00031.jpg 1 59 107 164 0.54057
00031.jpg 475 1 37 60 0.54029
00031.jpg 658 19 40 178 0.53705
00031.jpg 247 78 241 309 0.53539
00031.jpg 253 69 156 123 0.53280
00031.jpg 250 76 185 270 0.53101
00031.jpg 5 114 88 80 0.53007
00031.jpg 391 46 249 300 0.52968
00031.jpg 542 27 27 36 0.52965
00031.jpg 584 8 81 68 0.52944
00031.jpg 477 1 36 58 0.52811
00031.jpg 6 0 56 78 0.52533
00031.jpg 766 35 53 44 0.52503
00031.jpg 253 63 158 84 0.52441
00031.jpg 617 46 60 260 0.52386
00031.jpg 763 28 57 63 0.52381
00031.jpg 811 39 50 185 0.52306
00031.jpg 445 55 129 255 0.52262
00031.jpg 405 21 124 261 0.52120
00031.jpg 14 99 220 337 0.52042
00031.jpg 249 75 192 207 0.52039
00031.jpg 777 24 47 63 0.51989
00031.jpg 544 28 16 34 0.51957
00031.jpg 400 38 141 270 0.51741
00031.jpg 660 28 42 178 0.51735
00031.jpg 568 30 55 221 0.51399
00031.jpg 264 70 134 96 0.51155
00031.jpg 769 21 54 64 0.51087
00031.jpg 596 6 42 90 0.51037
00031.jpg 698 36 74 229 0.50921
00031.jpg 586 16 83 67 0.50914
00031.jpg 268 64 221 335 0.50738
00031.jpg 453 58 149 254 0.50738
00031.jpg 243 73 226 303 0.50695
00031.jpg 598 4 80 103 0.50645
00031.jpg 478 58 117 294 0.50510
00031.jpg 454 67 150 272 0.50364
00031.jpg 614 29 86 269 0.50345
00031.jpg 592 0 56 95 0.50237
00031.jpg 263 58 134 105 0.50234
00031.jpg 414 52 209 246 0.50169
00031.jpg 474 4 38 60 0.50129
00031.jpg 7 61 109 119 0.50094
00031.jpg 31 67 77 95 0.49996
00031.jpg 39 0 48 71 0.49937
00031.jpg 398 35 129 252 0.49910
00031.jpg 432 35 183 302 0.49905
