00020.jpg 502 174 141 287 0.99910
00020.jpg 505 168 144 298 0.99902
00020.jpg 504 172 146 295 0.99897
00020.jpg 499 175 147 289 0.99844
00020.jpg 500 174 151 287 0.99833
00020.jpg 509 169 141 299 0.99831
00020.jpg 504 168 145 298 0.99819
00020.jpg 499 165 154 281 0.99804
00020.jpg 497 172 155 290 0.99771
00020.jpg 505 175 140 289 0.99765
00020.jpg 503 175 150 286 0.99748
00020.jpg 501 175 145 288 0.99736
00020.jpg 509 165 140 308 0.99730
00020.jpg 500 176 147 276 0.99727
00020.jpg 500 164 145 300 0.99722
00020.jpg 198 105 98 322 0.99717
00020.jpg 202 97 98 320 0.99716
00020.jpg 508 170 137 303 0.99684
00020.jpg 508 178 132 285 0.99669
00020.jpg 506 176 142 294 0.99662
00020.jpg 237 128 131 302 0.99660
00020.jpg 498 164 143 295 0.99643
00020.jpg 501 176 149 283 0.99640
00020.jpg 492 172 150 295 0.99615
00020.jpg 504 179 147 286 0.99598
00020.jpg 501 169 147 297 0.99592
00020.jpg 239 122 134 303 0.99562
00020.jpg 505 166 144 298 0.99535
00020.jpg 200 110 87 308 0.99533
00020.jpg 504 173 145 293 0.99525
00020.jpg 502 171 146 297 0.99524
00020.jpg 501 168 143 300 0.99493
00020.jpg 502 168 145 299 0.99488
00020.jpg 507 174 146 283 0.99465
00020.jpg 506 171 142 296 0.99357
00020.jpg 501 165 150 299 0.99342
00020.jpg 500 173 150 289 0.99334
00020.jpg 507 167 139 297 0.99331
00020.jpg 499 173 152 288 0.99313
00020.jpg 199 106 97 322 0.99206
00020.jpg 225 111 146 319 0.99137
00020.jpg 239 127 130 299 0.99135
00020.jpg 501 171 141 292 0.99071
00020.jpg 496 166 153 290 0.99062
00020.jpg 237 121 139 307 0.98973
00020.jpg 194 101 110 319 0.98861
00020.jpg 199 103 92 329 0.98707
00020.jpg 245 122 125 303 0.98702
00020.jpg 195 107 98 316 0.98693
00020.jpg 495 177 161 278 0.98687
00020.jpg 497 169 152 286 0.98658
00020.jpg 221 113 140 306 0.98595
00020.jpg 226 119 146 308 0.98548
00020.jpg 240 119 133 300 0.98534
00020.jpg 503 169 143 296 0.98528
00020.jpg 202 113 97 303 0.98503
00020.jpg 508 182 139 262 0.98470
00020.jpg 240 130 134 297 0.98467
00020.jpg 499 170 148 281 0.98292
00020.jpg 512 173 128 293 0.98239
00020.jpg 193 100 105 324 0.98213
00020.jpg 503 180 144 282 0.98196
00020.jpg 226 103 140 322 0.98155
00020.jpg 506 179 144 279 0.98141
00020.jpg 241 120 128 304 0.98118
00020.jpg 502 170 150 298 0.98094
00020.jpg 192 102 112 310 0.97963
00020.jpg 500 168 143 299 0.97899
00020.jpg 194 107 102 316 0.97876
00020.jpg 233 110 141 317 0.97870
00020.jpg 505 171 138 292 0.97808
00020.jpg 236 111 137 321 0.97777
00020.jpg 228 117 151 315 0.97658
00020.jpg 224 126 143 309 0.97483
00020.jpg 196 99 95 322 0.97439
00020.jpg 502 174 152 291 0.97336
00020.jpg 503 171 145 292 0.97312
00020.jpg 199 113 92 307 0.97310
00020.jpg 195 108 98 312 0.97305
00020.jpg 502 167 152 293 0.96977
00020.jpg 195 104 101 321 0.96887
00020.jpg 235 124 134 300 0.96739
00020.jpg 197 113 95 306 0.96730
00020.jpg 505 177 144 282 0.96671
00020.jpg 197 99 113 314 0.96536
00020.jpg 241 115 128 316 0.96478
00020.jpg 202 116 90 291 0.96331
00020.jpg 505 179 138 282 0.96309
00020.jpg 199 103 96 317 0.96263
00020.jpg 503 172 141 287 0.96090
00020.jpg 228 118 141 311 0.95994
00020.jpg 242 119 132 310 0.95945
00020.jpg 229 117 146 306 0.95602
00020.jpg 234 113 135 308 0.95598
00020.jpg 232 107 139 321 0.95549
00020.jpg 196 103 95 324 0.95457
00020.jpg 507 170 135 299 0.95384
00020.jpg 201 104 90 316 0.95367
00020.jpg 232 122 134 300 0.95116
00020.jpg 249 122 117 304 0.95098
00020.jpg 197 110 94 318 0.94860
00020.jpg 506 176 143 288 0.94804
00020.jpg 501 172 158 291 0.94331
00020.jpg 217 113 154 328 0.94306
00020.jpg 225 123 142 308 0.94232
00020.jpg 502 179 148 277 0.93990
00020.jpg 240 118 124 319 0.93970
00020.jpg 197 104 91 321 0.93921
00020.jpg 216 120 140 301 0.93880
00020.jpg 219 105 135 323 0.93768
00020.jpg 242 122 129 290 0.93600
00020.jpg 243 125 130 299 0.93369
00020.jpg 230 122 125 301 0.93302
00020.jpg 222 116 138 301 0.93278
00020.jpg 502 164 155 300 0.92863
00020.jpg 245 116 128 316 0.92756
00020.jpg 197 91 111 333 0.92726
00020.jpg 231 115 139 305 0.92654
00020.jpg 201 105 87 324 0.92566
00020.jpg 198 103 90 322 0.92549
00020.jpg 198 122 176 305 0.92397
00020.jpg 198 96 93 342 0.92140
00020.jpg 504 177 140 291 0.91945
00020.jpg 210 116 153 316 0.91934
00020.jpg 230 119 149 311 0.91757
00020.jpg 250 119 123 313 0.91639
00020.jpg 217 110 116 317 0.91208
00020.jpg 193 101 103 334 0.90445
00020.jpg 491 167 157 298 0.90212
00020.jpg 501 164 151 300 0.89632
00020.jpg 194 111 89 305 0.89516
00020.jpg 198 107 98 329 0.89503
00020.jpg 195 106 95 318 0.88921
00020.jpg 238 114 129 309 0.88749
00020.jpg 200 106 91 327 0.88609
00020.jpg 201 108 172 323 0.88469
00020.jpg 218 117 128 291 0.88407
00020.jpg 193 102 98 317 0.88220
00020.jpg 223 113 145 320 0.87917
00020.jpg 241 116 126 318 0.87725
00020.jpg 219 124 133 285 0.87379
00020.jpg 234 116 135 311 0.86930
00020.jpg 250 126 120 300 0.86239
00020.jpg 200 104 94 313 0.86189
00020.jpg 196 102 96 339 0.85704
00020.jpg 505 167 145 301 0.85673
00020.jpg 505 168 147 298 0.85549
00020.jpg 194 110 94 323 0.85128
00020.jpg 500 175 151 291 0.84692
00020.jpg 198 116 95 299 0.84324
00020.jpg 497 177 159 281 0.83940
00020.jpg 246 121 126 304 0.83789
00020.jpg 223 118 149 307 0.83750
00020.jpg 500 176 149 292 0.83287
00020.jpg 208 101 111 317 0.83131
00020.jpg 504 179 142 277 0.82573
00020.jpg 238 117 129 310 0.82264
00020.jpg 201 107 99 308 0.82222
00020.jpg 246 129 124 292 0.82052
00020.jpg 505 177 139 273 0.81719
00020.jpg 209 100 115 341 0.81509
00020.jpg 215 105 149 319 0.80714
00020.jpg 200 109 86 300 0.79589
00020.jpg 212 110 163 309 0.79335
00020.jpg 199 108 115 317 0.78940
00020.jpg 205 109 117 309 0.78819
00020.jpg 212 121 154 295 0.78705
00020.jpg 498 166 152 305 0.78425
00020.jpg 195 106 95 332 0.77480
00020.jpg 215 129 163 290 0.77312
00020.jpg 237 111 140 310 0.76526
00020.jpg 197 100 93 328 0.75802
00020.jpg 199 97 87 348 0.73795
00020.jpg 246 119 122 303 0.72910
00020.jpg 497 174 152 284 0.71772
00020.jpg 202 102 87 334 0.71458
00020.jpg 193 107 114 319 0.70871
00020.jpg 196 95 108 327 0.70089
00020.jpg 498 180 141 278 0.69630
00020.jpg 227 118 138 309 0.68160
00020.jpg 197 108 156 329 0.67098
00020.jpg 218 105 148 318 0.66791
00020.jpg 500 174 136 280 0.65757
00020.jpg 495 169 156 306 0.65157
00020.jpg 200 111 92 303 0.64978
00020.jpg 212 114 162 323 0.64846
00020.jpg 194 105 86 332 0.64328
00020.jpg 219 115 154 305 0.64212
00020.jpg 497 162 154 312 0.62111
00020.jpg 194 103 97 319 0.61813
00020.jpg 249 124 121 296 0.59825
00020.jpg 506 170 140 291 0.59102
00020.jpg 505 178 141 277 0.59009
00020.jpg 192 101 113 329 0.58313
00020.jpg 249 112 118 328 0.57966
00020.jpg 497 167 140 302 0.55201
00020.jpg 194 104 149 332 0.54512
00020.jpg 205 97 162 349 0.53498
00020.jpg 504 175 147 288 0.53372
00020.jpg 501 177 156 278 0.53169
00020.jpg 505 170 151 294 0.52797
00020.jpg 208 110 143 308 0.52779
00020.jpg 199 112 95 267 0.50848
