00038.jpg 180 125 106 314 0.99984
00038.jpg 519 195 155 284 0.99950
00038.jpg 525 197 151 284 0.99946
00038.jpg 524 198 154 273 0.99939
00038.jpg 526 191 152 287 0.99930
00038.jpg 180 123 107 309 0.99884
00038.jpg 526 195 148 282 0.99875
00038.jpg 528 187 146 289 0.99850
00038.jpg 227 120 145 337 0.99845
00038.jpg 523 192 156 292 0.99845
00038.jpg 523 199 153 271 0.99831
00038.jpg 225 115 162 342 0.99812
00038.jpg 526 191 142 282 0.99803
00038.jpg 519 202 164 274 0.99800
00038.jpg 520 187 161 282 0.99720
00038.jpg 525 193 154 287 0.99714
00038.jpg 525 194 156 288 0.99699
00038.jpg 230 131 151 320 0.99652
00038.jpg 523 188 157 291 0.99641
00038.jpg 518 192 164 288 0.99639
00038.jpg 526 191 149 291 0.99626
00038.jpg 523 194 152 289 0.99625
00038.jpg 530 187 142 290 0.99621
00038.jpg 179 121 101 320 0.99605
00038.jpg 229 132 154 318 0.99601
00038.jpg 523 198 156 281 0.99588
00038.jpg 524 196 153 281 0.99574
00038.jpg 531 191 140 283 0.99539
00038.jpg 526 191 149 287 0.99525
00038.jpg 520 191 157 288 0.99514
00038.jpg 236 123 150 332 0.99494
00038.jpg 524 189 157 298 0.99442
00038.jpg 223 124 157 331 0.99419
00038.jpg 233 129 150 330 0.99401
00038.jpg 525 196 159 288 0.99396
00038.jpg 522 194 158 287 0.99294
00038.jpg 517 196 167 283 0.99283
00038.jpg 178 124 108 317 0.99271
00038.jpg 226 132 152 326 0.99258
00038.jpg 520 182 155 298 0.99225
00038.jpg 223 138 152 300 0.99159
00038.jpg 520 197 158 276 0.99054
00038.jpg 524 190 154 294 0.99022
00038.jpg 531 197 147 280 0.98981
00038.jpg 180 127 105 310 0.98907
00038.jpg 231 131 152 321 0.98905
00038.jpg 181 116 106 313 0.98868
00038.jpg 523 185 149 292 0.98785
00038.jpg 235 120 151 341 0.98772
00038.jpg 230 127 159 330 0.98747
00038.jpg 509 200 169 275 0.98743
00038.jpg 520 185 152 295 0.98730
00038.jpg 522 197 153 276 0.98693
00038.jpg 184 119 108 326 0.98687
00038.jpg 185 122 102 322 0.98683
00038.jpg 182 119 106 321 0.98677
00038.jpg 531 197 145 275 0.98663
00038.jpg 227 124 162 336 0.98646
00038.jpg 238 124 143 333 0.98612
00038.jpg 179 123 106 322 0.98572
00038.jpg 183 119 96 333 0.98565
00038.jpg 232 129 150 324 0.98559
00038.jpg 176 125 112 321 0.98551
00038.jpg 527 202 145 275 0.98532
00038.jpg 231 128 151 323 0.98513
00038.jpg 223 129 167 324 0.98476
00038.jpg 178 126 111 322 0.98276
00038.jpg 524 195 156 283 0.98003
00038.jpg 515 180 166 304 0.97981
00038.jpg 180 124 94 323 0.97969
00038.jpg 238 128 142 328 0.97912
00038.jpg 230 137 154 321 0.97885
00038.jpg 186 119 95 344 0.97833
00038.jpg 182 116 104 333 0.97822
00038.jpg 521 194 158 278 0.97753
00038.jpg 178 120 96 320 0.97685
00038.jpg 241 127 140 327 0.97655
00038.jpg 232 128 145 327 0.97626
00038.jpg 178 120 105 322 0.97466
00038.jpg 512 189 180 278 0.97325
00038.jpg 527 189 153 295 0.97202
00038.jpg 225 121 153 346 0.96977
00038.jpg 222 126 164 337 0.96930
00038.jpg 235 122 141 332 0.96886
00038.jpg 230 128 151 328 0.96885
00038.jpg 183 117 102 332 0.96854
00038.jpg 223 121 156 339 0.96823
00038.jpg 181 120 105 333 0.96753
00038.jpg 223 135 173 322 0.96673
00038.jpg 523 192 158 290 0.96602
00038.jpg 526 202 156 277 0.96581
00038.jpg 233 125 152 335 0.96561
00038.jpg 179 115 105 345 0.96463
00038.jpg 214 128 148 309 0.96449
00038.jpg 232 119 145 334 0.96101
00038.jpg 517 182 156 293 0.96060
00038.jpg 201 136 183 322 0.96050
00038.jpg 512 195 172 276 0.95847
00038.jpg 179 127 108 303 0.95835
00038.jpg 527 197 146 276 0.95834
00038.jpg 228 130 154 330 0.95736
00038.jpg 226 123 154 333 0.95725
00038.jpg 529 200 142 281 0.95705
00038.jpg 180 121 101 324 0.95635
00038.jpg 525 200 153 284 0.95449
00038.jpg 231 129 145 333 0.95445
00038.jpg 525 197 156 274 0.95270
00038.jpg 185 113 108 324 0.95240
00038.jpg 233 127 154 337 0.94835
00038.jpg 527 195 146 278 0.94834
00038.jpg 518 198 159 277 0.94816
00038.jpg 229 125 146 326 0.94686
00038.jpg 230 115 143 336 0.94186
00038.jpg 197 111 124 338 0.94179
00038.jpg 525 199 146 271 0.94103
00038.jpg 228 129 162 323 0.94013
00038.jpg 518 191 160 289 0.93996
00038.jpg 177 117 103 343 0.93941
00038.jpg 219 130 172 320 0.93867
00038.jpg 179 115 103 339 0.93724
00038.jpg 522 189 159 285 0.93669
00038.jpg 223 125 165 317 0.93648
00038.jpg 194 126 187 324 0.93404
00038.jpg 192 112 114 352 0.93270
00038.jpg 220 129 156 337 0.93196
00038.jpg 233 127 157 327 0.92777
00038.jpg 183 126 95 319 0.92745
00038.jpg 184 117 98 331 0.92644
00038.jpg 521 186 157 293 0.92227
00038.jpg 522 199 148 277 0.92022
00038.jpg 215 114 151 354 0.91607
00038.jpg 238 135 147 320 0.91288
00038.jpg 524 197 153 281 0.91078
00038.jpg 229 121 144 331 0.90929
00038.jpg 226 126 158 335 0.90771
00038.jpg 529 197 150 286 0.90753
00038.jpg 230 128 149 330 0.90540
00038.jpg 527 199 153 278 0.90399
00038.jpg 524 197 152 274 0.90396
00038.jpg 523 201 153 278 0.90050
00038.jpg 187 134 200 318 0.89810
00038.jpg 221 129 158 326 0.88711
00038.jpg 187 118 83 329 0.88425
00038.jpg 238 130 147 328 0.88328
00038.jpg 215 122 171 345 0.87860
00038.jpg 179 121 97 319 0.87543
00038.jpg 182 119 95 333 0.87129
00038.jpg 190 117 103 314 0.86752
00038.jpg 187 133 103 302 0.86665
00038.jpg 184 117 91 326 0.86399
00038.jpg 181 122 94 323 0.86166
00038.jpg 524 189 149 294 0.85693
00038.jpg 530 198 144 281 0.84675
00038.jpg 175 121 100 320 0.84412
00038.jpg 236 129 148 330 0.84354
00038.jpg 182 109 98 357 0.84352
00038.jpg 188 118 103 336 0.84327
00038.jpg 528 199 152 284 0.83956
00038.jpg 201 111 181 344 0.83466
00038.jpg 523 199 158 272 0.83379
00038.jpg 176 119 108 324 0.83067
00038.jpg 524 185 158 285 0.83061
00038.jpg 531 196 154 271 0.81634
00038.jpg 197 126 163 324 0.81458
00038.jpg 180 120 100 325 0.80385
00038.jpg 242 135 139 303 0.80145
00038.jpg 230 123 154 331 0.79795
00038.jpg 195 141 134 298 0.79696
00038.jpg 215 121 150 328 0.78739
00038.jpg 186 126 90 316 0.78122
00038.jpg 183 130 107 316 0.77687
00038.jpg 214 129 167 311 0.77477
00038.jpg 525 198 156 290 0.77271
00038.jpg 175 121 115 331 0.77121
00038.jpg 183 125 98 312 0.76266
00038.jpg 524 205 151 268 0.74174
00038.jpg 184 118 98 319 0.74111
00038.jpg 189 119 114 310 0.73996
00038.jpg 179 125 119 322 0.73977
00038.jpg 217 133 166 335 0.72767
00038.jpg 179 123 103 322 0.71967
00038.jpg 184 116 116 317 0.70451
00038.jpg 178 135 215 319 0.69538
00038.jpg 241 128 143 331 0.68875
00038.jpg 522 209 159 275 0.68613
00038.jpg 513 191 157 281 0.68265
00038.jpg 510 193 172 286 0.68220
00038.jpg 526 200 148 271 0.67727
00038.jpg 524 177 156 318 0.67675
00038.jpg 187 123 116 318 0.66767
00038.jpg 173 135 125 307 0.66679
00038.jpg 197 121 171 336 0.66367
00038.jpg 181 131 103 298 0.66043
00038.jpg 198 118 120 322 0.65979
00038.jpg 522 199 167 289 0.65976
00038.jpg 521 200 167 273 0.65483
00038.jpg 176 120 99 316 0.65403
00038.jpg 233 143 150 309 0.64787
00038.jpg 241 130 150 334 0.64749
00038.jpg 525 195 160 282 0.64700
00038.jpg 179 125 104 313 0.64105
00038.jpg 206 125 170 312 0.63656
00038.jpg 522 201 151 274 0.63175
00038.jpg 184 125 119 311 0.62948
00038.jpg 179 133 207 306 0.62705
00038.jpg 517 194 170 283 0.62408
00038.jpg 179 123 107 324 0.62117
00038.jpg 514 198 156 267 0.61904
00038.jpg 209 139 182 313 0.58762
00038.jpg 200 111 134 341 0.56181
00038.jpg 180 122 126 327 0.54425
00038.jpg 528 200 140 268 0.53181
00038.jpg 171 116 113 318 0.52917
00038.jpg 177 124 112 312 0.50821
