00048.jpg 196 110 102 311 0.99978
00048.jpg 186 100 112 321 0.99928
00048.jpg 556 179 165 273 0.99924
00048.jpg 189 103 114 313 0.99918
00048.jpg 245 116 165 316 0.99887
00048.jpg 247 106 163 338 0.99874
00048.jpg 189 105 119 311 0.99873
00048.jpg 565 176 150 275 0.99857
00048.jpg 249 126 160 317 0.99850
00048.jpg 556 172 157 287 0.99840
00048.jpg 242 118 170 305 0.99829
00048.jpg 562 178 159 281 0.99785
00048.jpg 249 106 158 326 0.99781
00048.jpg 248 115 161 320 0.99776
00048.jpg 564 170 153 291 0.99773
00048.jpg 187 97 120 319 0.99767
00048.jpg 558 171 159 290 0.99763
00048.jpg 190 103 100 315 0.99750
00048.jpg 557 176 156 274 0.99737
00048.jpg 562 173 153 296 0.99722
00048.jpg 251 112 159 320 0.99715
00048.jpg 557 176 164 282 0.99695
00048.jpg 183 101 116 316 0.99679
00048.jpg 564 174 162 275 0.99669
00048.jpg 558 171 167 285 0.99653
00048.jpg 186 107 106 306 0.99633
00048.jpg 258 125 157 313 0.99624
00048.jpg 554 176 164 284 0.99618
00048.jpg 559 165 161 297 0.99606
00048.jpg 554 173 153 285 0.99589
00048.jpg 185 93 107 339 0.99584
00048.jpg 563 174 150 292 0.99583
00048.jpg 245 109 150 323 0.99576
00048.jpg 194 102 101 327 0.99558
00048.jpg 553 167 164 293 0.99551
00048.jpg 556 166 170 282 0.99549
00048.jpg 262 98 157 337 0.99544
00048.jpg 564 167 152 287 0.99528
00048.jpg 244 122 172 304 0.99519
00048.jpg 251 107 155 326 0.99488
00048.jpg 553 175 173 270 0.99487
00048.jpg 563 166 159 289 0.99484
00048.jpg 551 162 168 290 0.99468
00048.jpg 191 108 106 305 0.99432
00048.jpg 190 106 111 308 0.99413
00048.jpg 254 117 155 321 0.99412
00048.jpg 244 107 170 337 0.99402
00048.jpg 561 174 154 282 0.99356
00048.jpg 188 103 107 313 0.99325
00048.jpg 259 101 140 336 0.99322
00048.jpg 191 103 111 318 0.99313
00048.jpg 564 174 159 278 0.99269
00048.jpg 250 117 161 320 0.99192
00048.jpg 192 107 113 315 0.99142
00048.jpg 554 175 165 280 0.99134
00048.jpg 190 104 111 306 0.99128
00048.jpg 251 108 161 332 0.99117
00048.jpg 247 114 166 313 0.99089
00048.jpg 248 121 160 316 0.99076
00048.jpg 250 103 161 334 0.99068
00048.jpg 240 110 170 324 0.99042
00048.jpg 188 102 115 317 0.99036
00048.jpg 187 101 104 323 0.99024
00048.jpg 220 100 170 332 0.98978
00048.jpg 249 116 163 315 0.98968
00048.jpg 560 164 153 289 0.98941
00048.jpg 562 171 156 286 0.98938
00048.jpg 184 108 118 312 0.98904
00048.jpg 185 103 110 314 0.98879
00048.jpg 560 176 159 277 0.98807
00048.jpg 186 105 113 313 0.98803
00048.jpg 560 176 159 275 0.98787
00048.jpg 242 106 171 331 0.98756
00048.jpg 249 104 161 338 0.98701
00048.jpg 561 173 157 286 0.98687
00048.jpg 253 107 153 331 0.98670
00048.jpg 256 113 149 321 0.98590
00048.jpg 253 118 142 313 0.98572
00048.jpg 244 106 170 332 0.98567
00048.jpg 557 173 159 285 0.98563
00048.jpg 185 108 116 309 0.98562
00048.jpg 189 99 112 318 0.98541
00048.jpg 552 174 171 286 0.98472
00048.jpg 554 177 166 280 0.98468
00048.jpg 553 182 166 285 0.98467
00048.jpg 557 179 163 266 0.98455
00048.jpg 558 162 157 299 0.98450
00048.jpg 261 112 143 315 0.98399
00048.jpg 187 109 112 299 0.98355
00048.jpg 554 174 171 288 0.98309
00048.jpg 243 115 172 325 0.98205
00048.jpg 249 114 159 324 0.98070
00048.jpg 564 182 159 260 0.98042
00048.jpg 245 107 162 320 0.98027
00048.jpg 564 184 147 269 0.97977
00048.jpg 232 120 174 298 0.97931
00048.jpg 189 104 109 311 0.97858
00048.jpg 556 175 163 269 0.97818
00048.jpg 235 119 169 303 0.97767
00048.jpg 246 121 170 320 0.97707
00048.jpg 561 167 161 281 0.97694
00048.jpg 558 173 165 288 0.97542
00048.jpg 558 175 157 278 0.97517
00048.jpg 557 165 163 286 0.97387
00048.jpg 247 115 172 316 0.97346
00048.jpg 200 108 122 311 0.97323
00048.jpg 559 179 156 278 0.97323
00048.jpg 182 103 118 313 0.97067
00048.jpg 555 175 164 288 0.97057
00048.jpg 250 115 164 321 0.97020
00048.jpg 243 121 171 310 0.96927
00048.jpg 187 102 110 316 0.96900
00048.jpg 555 182 164 280 0.96812
00048.jpg 246 115 166 326 0.96804
00048.jpg 247 111 171 329 0.96759
00048.jpg 560 171 155 289 0.96722
00048.jpg 560 168 158 293 0.96703
00048.jpg 186 97 120 311 0.96683
00048.jpg 565 175 151 285 0.96524
00048.jpg 564 172 149 287 0.96427
00048.jpg 182 101 124 326 0.96375
00048.jpg 551 176 168 278 0.96337
00048.jpg 561 174 156 281 0.96244
00048.jpg 560 177 158 279 0.96037
00048.jpg 564 168 155 291 0.96001
00048.jpg 187 107 122 298 0.95630
00048.jpg 187 98 113 315 0.95252
00048.jpg 244 113 165 324 0.95092
00048.jpg 563 176 164 273 0.94891
00048.jpg 190 105 100 307 0.94713
00048.jpg 243 117 169 324 0.94539
00048.jpg 251 111 153 323 0.94478
00048.jpg 564 172 149 286 0.94421
00048.jpg 196 91 133 328 0.94259
00048.jpg 559 175 160 270 0.93970
00048.jpg 187 109 109 307 0.93883
00048.jpg 567 175 157 274 0.93861
00048.jpg 562 173 158 283 0.93729
00048.jpg 184 110 122 312 0.93274
00048.jpg 251 124 156 307 0.93011
00048.jpg 244 112 167 336 0.92798
00048.jpg 248 120 168 312 0.92296
00048.jpg 567 171 157 278 0.92030
00048.jpg 188 112 112 305 0.91978
00048.jpg 184 109 120 304 0.91767
00048.jpg 197 115 133 293 0.91722
00048.jpg 556 181 158 278 0.91687
00048.jpg 230 110 171 325 0.91117
00048.jpg 196 115 214 312 0.91030
00048.jpg 245 114 172 325 0.90640
00048.jpg 249 106 158 323 0.90266
00048.jpg 555 180 168 273 0.90225
00048.jpg 189 101 104 311 0.89868
00048.jpg 564 179 148 269 0.89683
00048.jpg 193 104 100 318 0.89612
00048.jpg 187 105 111 310 0.89329
00048.jpg 560 175 155 275 0.89309
00048.jpg 212 119 182 314 0.89284
00048.jpg 232 115 172 314 0.89021
00048.jpg 555 176 157 274 0.87686
00048.jpg 561 160 164 291 0.87514
00048.jpg 194 103 108 309 0.87469
00048.jpg 183 106 123 309 0.87432
00048.jpg 184 98 126 318 0.85393
00048.jpg 193 92 114 320 0.84889
00048.jpg 240 104 162 329 0.84170
00048.jpg 187 105 117 317 0.84011
00048.jpg 188 102 110 324 0.83826
00048.jpg 187 106 109 305 0.83594
00048.jpg 250 113 163 324 0.82437
00048.jpg 247 106 170 336 0.82179
00048.jpg 561 175 158 288 0.81913
00048.jpg 252 112 161 334 0.81835
00048.jpg 185 109 118 308 0.81515
00048.jpg 181 111 243 322 0.80895
00048.jpg 559 172 158 286 0.80752
00048.jpg 564 172 150 277 0.79780
00048.jpg 241 114 167 319 0.79634
00048.jpg 244 113 166 324 0.79026
00048.jpg 185 107 228 324 0.78790
00048.jpg 563 175 143 288 0.78624
00048.jpg 566 176 159 273 0.78458
00048.jpg 551 175 175 287 0.78458
00048.jpg 187 109 110 294 0.77675
00048.jpg 192 107 101 313 0.77619
00048.jpg 192 112 126 303 0.77272
00048.jpg 248 108 166 326 0.76082
00048.jpg 192 117 115 306 0.75528
00048.jpg 247 113 165 330 0.74127
00048.jpg 183 112 229 311 0.73186
00048.jpg 552 174 148 283 0.70974
00048.jpg 556 171 156 298 0.70105
00048.jpg 188 101 121 316 0.69559
00048.jpg 189 101 100 317 0.69525
00048.jpg 258 111 156 318 0.68891
00048.jpg 550 176 161 267 0.67872
00048.jpg 559 176 164 284 0.67759
00048.jpg 558 179 153 267 0.67129
00048.jpg 554 179 158 274 0.67056
00048.jpg 245 111 152 320 0.64446
00048.jpg 556 179 169 274 0.64437
00048.jpg 559 177 168 287 0.63851
00048.jpg 559 174 152 282 0.63521
00048.jpg 564 181 150 269 0.63037
00048.jpg 551 180 175 289 0.62641
00048.jpg 254 102 152 332 0.62334
00048.jpg 549 169 160 282 0.62274
00048.jpg 187 99 138 320 0.61890
00048.jpg 183 107 120 315 0.60116
00048.jpg 238 103 173 336 0.57939
00048.jpg 194 105 98 309 0.56564
00048.jpg 178 97 177 306 0.56030
00048.jpg 184 114 113 302 0.55981
00048.jpg 553 178 166 279 0.55891
00048.jpg 224 106 193 332 0.53465
00048.jpg 180 101 129 315 0.53253
00048.jpg 207 109 210 318 0.52951
00048.jpg 202 115 202 319 0.52086
00048.jpg 189 98 119 309 0.51448
00048.jpg 188 102 112 311 0.51028
00048.jpg 256 114 153 324 0.50592
00048.jpg 562 181 148 276 0.50575
