00047.jpg 554 177 174 278 0.99950
00047.jpg 182 110 117 309 0.99930
00047.jpg 565 183 154 275 0.99917
00047.jpg 562 179 160 279 0.99876
00047.jpg 192 109 102 304 0.99854
00047.jpg 187 102 108 324 0.99835
00047.jpg 559 181 157 283 0.99834
00047.jpg 561 182 159 281 0.99821
00047.jpg 558 170 171 295 0.99794
00047.jpg 561 183 161 274 0.99789
00047.jpg 557 181 167 278 0.99783
00047.jpg 186 104 113 319 0.99729
00047.jpg 231 119 168 312 0.99724
00047.jpg 553 179 171 285 0.99710
00047.jpg 564 177 150 277 0.99705
00047.jpg 244 117 155 330 0.99701
00047.jpg 187 102 112 311 0.99694
00047.jpg 236 116 174 321 0.99687
00047.jpg 559 175 164 284 0.99679
00047.jpg 553 174 166 288 0.99660
00047.jpg 557 180 166 279 0.99660
00047.jpg 561 171 159 280 0.99656
00047.jpg 557 177 162 285 0.99651
00047.jpg 557 178 156 287 0.99647
00047.jpg 187 107 113 311 0.99615
00047.jpg 553 177 164 290 0.99585
00047.jpg 564 169 152 287 0.99582
00047.jpg 556 183 162 284 0.99581
00047.jpg 559 177 157 286 0.99580
00047.jpg 188 105 107 315 0.99544
00047.jpg 555 172 164 290 0.99539
00047.jpg 561 172 164 294 0.99534
00047.jpg 559 175 160 283 0.99520
00047.jpg 243 128 157 311 0.99478
00047.jpg 242 124 171 310 0.99459
00047.jpg 217 115 183 325 0.99447
00047.jpg 232 130 184 316 0.99443
00047.jpg 238 123 172 313 0.99443
00047.jpg 557 176 168 287 0.99425
00047.jpg 560 179 158 284 0.99422
00047.jpg 559 179 160 283 0.99415
00047.jpg 561 182 157 277 0.99386
00047.jpg 556 177 171 272 0.99338
00047.jpg 189 103 108 321 0.99330
00047.jpg 186 112 112 309 0.99323
00047.jpg 232 122 181 298 0.99320
00047.jpg 253 113 164 324 0.99309
00047.jpg 555 178 164 290 0.99269
00047.jpg 246 128 165 304 0.99248
00047.jpg 558 178 156 284 0.99244
00047.jpg 559 179 165 293 0.99197
00047.jpg 184 108 117 318 0.99182
00047.jpg 211 119 176 313 0.99165
00047.jpg 560 178 167 283 0.99158
00047.jpg 553 175 163 286 0.99094
00047.jpg 559 182 159 274 0.99094
00047.jpg 234 135 165 301 0.99082
00047.jpg 555 174 164 291 0.98998
00047.jpg 186 106 108 316 0.98985
00047.jpg 185 106 109 328 0.98954
00047.jpg 190 109 105 312 0.98951
00047.jpg 185 106 108 313 0.98946
00047.jpg 558 178 163 284 0.98931
00047.jpg 237 119 169 320 0.98889
00047.jpg 565 178 155 281 0.98861
00047.jpg 553 180 166 284 0.98829
00047.jpg 178 100 119 336 0.98812
00047.jpg 237 125 172 312 0.98796
00047.jpg 233 127 174 304 0.98780
00047.jpg 560 172 162 295 0.98773
00047.jpg 189 109 107 313 0.98764
00047.jpg 236 110 171 323 0.98753
00047.jpg 244 126 146 315 0.98731
00047.jpg 559 181 161 286 0.98708
00047.jpg 242 120 162 322 0.98707
00047.jpg 242 124 168 319 0.98652
00047.jpg 556 176 159 281 0.98651
00047.jpg 557 183 163 282 0.98630
00047.jpg 239 117 171 318 0.98544
00047.jpg 555 184 167 271 0.98540
00047.jpg 559 184 153 276 0.98536
00047.jpg 560 175 162 286 0.98533
00047.jpg 184 107 117 305 0.98521
00047.jpg 226 124 186 313 0.98510
00047.jpg 551 168 164 294 0.98487
00047.jpg 241 127 161 303 0.98472
00047.jpg 241 122 166 315 0.98470
00047.jpg 228 118 187 329 0.98435
00047.jpg 558 180 159 277 0.98364
00047.jpg 550 178 176 284 0.98333
00047.jpg 188 106 106 326 0.98254
00047.jpg 236 133 171 301 0.98169
00047.jpg 223 104 183 333 0.98166
00047.jpg 557 178 170 286 0.98147
00047.jpg 192 114 122 294 0.98079
00047.jpg 239 120 174 327 0.98026
00047.jpg 237 117 159 323 0.98014
00047.jpg 189 97 101 342 0.97974
00047.jpg 180 112 123 309 0.97946
00047.jpg 557 180 155 280 0.97916
00047.jpg 232 119 154 305 0.97886
00047.jpg 243 115 160 322 0.97881
00047.jpg 563 184 155 272 0.97717
00047.jpg 185 105 114 315 0.97677
00047.jpg 189 107 104 317 0.97653
00047.jpg 245 116 165 330 0.97622
00047.jpg 238 125 177 310 0.97608
00047.jpg 253 126 152 315 0.97600
00047.jpg 234 127 186 298 0.97574
00047.jpg 185 104 116 321 0.97439
00047.jpg 560 183 151 278 0.97414
00047.jpg 209 98 134 327 0.97278
00047.jpg 236 131 168 298 0.97176
00047.jpg 220 115 182 322 0.97142
00047.jpg 187 107 108 315 0.97126
00047.jpg 561 183 153 273 0.97092
00047.jpg 563 179 148 278 0.97063
00047.jpg 183 105 114 320 0.97039
00047.jpg 237 125 175 317 0.96966
00047.jpg 185 105 109 320 0.96964
00047.jpg 552 177 175 288 0.96792
00047.jpg 185 101 114 340 0.96791
00047.jpg 242 128 153 309 0.96771
00047.jpg 188 106 111 317 0.96714
00047.jpg 563 188 160 268 0.96679
00047.jpg 556 175 180 279 0.96576
00047.jpg 560 176 159 283 0.96207
00047.jpg 185 120 114 283 0.96096
00047.jpg 187 115 108 302 0.95942
00047.jpg 560 184 164 271 0.95930
00047.jpg 237 116 176 327 0.95912
00047.jpg 244 113 166 324 0.95708
00047.jpg 186 116 105 285 0.95423
00047.jpg 185 107 114 320 0.95400
00047.jpg 239 119 169 318 0.95308
00047.jpg 216 125 201 298 0.95269
00047.jpg 235 110 173 319 0.95144
00047.jpg 560 176 166 271 0.94824
00047.jpg 183 111 113 315 0.94549
00047.jpg 183 105 109 325 0.94455
00047.jpg 187 109 104 315 0.94369
00047.jpg 187 99 114 322 0.94013
00047.jpg 241 126 171 310 0.93774
00047.jpg 192 115 127 305 0.93649
00047.jpg 551 183 180 272 0.93534
00047.jpg 239 124 171 320 0.92957
00047.jpg 232 119 181 323 0.92336
00047.jpg 558 179 163 273 0.92213
00047.jpg 242 125 160 301 0.92143
00047.jpg 247 118 160 307 0.92011
00047.jpg 204 116 195 324 0.91939
00047.jpg 554 185 180 272 0.91727
00047.jpg 566 179 158 282 0.91702
00047.jpg 183 115 120 319 0.91087
00047.jpg 235 124 180 309 0.90988
00047.jpg 215 128 188 302 0.90897
00047.jpg 246 114 154 335 0.90670
00047.jpg 227 117 181 324 0.90646
00047.jpg 554 182 156 273 0.90315
00047.jpg 197 115 153 304 0.90233
00047.jpg 234 117 178 319 0.90001
00047.jpg 215 105 157 328 0.89845
00047.jpg 562 183 152 289 0.89675
00047.jpg 184 108 120 314 0.89481
00047.jpg 184 112 108 311 0.89452
00047.jpg 555 183 160 278 0.89435
00047.jpg 561 180 163 276 0.89409
00047.jpg 188 111 110 309 0.89105
00047.jpg 557 175 168 293 0.88670
00047.jpg 180 106 126 324 0.88210
00047.jpg 564 177 149 288 0.88007
00047.jpg 240 125 164 306 0.87197
00047.jpg 564 180 151 287 0.86769
00047.jpg 190 111 120 304 0.86520
00047.jpg 551 163 165 299 0.86135
00047.jpg 211 123 193 311 0.85950
00047.jpg 189 114 211 312 0.85891
00047.jpg 556 183 156 287 0.85333
00047.jpg 226 112 165 303 0.84844
00047.jpg 245 123 170 304 0.84176
00047.jpg 559 167 164 296 0.83985
00047.jpg 185 112 100 301 0.82698
00047.jpg 187 114 145 315 0.82193
00047.jpg 558 177 164 284 0.81276
00047.jpg 180 107 108 311 0.79273
00047.jpg 191 111 132 300 0.78909
00047.jpg 560 171 158 286 0.78018
00047.jpg 212 128 175 317 0.77336
00047.jpg 183 105 115 316 0.75282
00047.jpg 186 107 104 326 0.75069
00047.jpg 188 104 103 324 0.75069
00047.jpg 210 117 210 294 0.75007
00047.jpg 189 110 108 309 0.74939
00047.jpg 201 120 214 326 0.74099
00047.jpg 253 118 162 317 0.73970
00047.jpg 182 94 115 324 0.73860
00047.jpg 558 180 157 271 0.73644
00047.jpg 174 121 223 298 0.72787
00047.jpg 198 103 156 320 0.72656
00047.jpg 195 107 110 311 0.72224
00047.jpg 185 110 114 305 0.72110
00047.jpg 190 110 115 309 0.72030
00047.jpg 554 177 162 271 0.71859
00047.jpg 547 170 181 292 0.71152
00047.jpg 208 104 199 339 0.68131
00047.jpg 194 111 116 317 0.65875
00047.jpg 560 178 169 301 0.65766
00047.jpg 189 97 111 321 0.65042
00047.jpg 208 131 210 308 0.64798
00047.jpg 561 185 150 279 0.64795
00047.jpg 195 108 227 335 0.64366
00047.jpg 552 178 167 276 0.64002
00047.jpg 180 114 113 305 0.63553
00047.jpg 217 120 194 309 0.63350
00047.jpg 566 185 147 265 0.63002
00047.jpg 251 117 156 310 0.62888
00047.jpg 555 176 168 282 0.61972
00047.jpg 243 110 160 318 0.61713
00047.jpg 212 121 207 312 0.60738
00047.jpg 187 111 105 305 0.59544
00047.jpg 557 168 178 299 0.58477
00047.jpg 566 179 167 255 0.58387
00047.jpg 191 106 93 316 0.58189
00047.jpg 246 123 163 323 0.56512
00047.jpg 185 107 106 303 0.56074
00047.jpg 562 174 150 285 0.56044
00047.jpg 243 124 177 314 0.55998
00047.jpg 194 113 100 303 0.55518
00047.jpg 188 105 176 298 0.55275
00047.jpg 193 106 145 305 0.54842
00047.jpg 187 105 215 311 0.53976
00047.jpg 221 120 190 317 0.52292
00047.jpg 182 111 109 301 0.51519
00047.jpg 544 173 190 298 0.50504
