00053.jpg 195 66 119 318 0.99982
00053.jpg 202 61 117 332 0.99954
00053.jpg 568 140 153 293 0.99953
00053.jpg 571 142 150 284 0.99914
00053.jpg 305 84 138 327 0.99902
00053.jpg 304 90 139 327 0.99891
00053.jpg 300 89 144 320 0.99890
00053.jpg 200 74 112 313 0.99883
00053.jpg 199 72 118 312 0.99874
00053.jpg 300 82 139 331 0.99855
00053.jpg 202 64 108 322 0.99845
00053.jpg 202 74 112 310 0.99838
00053.jpg 565 141 153 286 0.99825
00053.jpg 308 88 134 322 0.99824
00053.jpg 302 90 140 322 0.99822
00053.jpg 198 60 116 331 0.99812
00053.jpg 571 144 143 283 0.99807
00053.jpg 313 82 132 317 0.99780
00053.jpg 573 145 149 284 0.99775
00053.jpg 569 136 151 296 0.99754
00053.jpg 314 81 124 327 0.99753
00053.jpg 564 142 156 278 0.99751
00053.jpg 304 92 137 318 0.99749
00053.jpg 309 90 133 324 0.99731
00053.jpg 203 66 114 322 0.99728
00053.jpg 560 145 158 279 0.99726
00053.jpg 198 68 112 317 0.99718
00053.jpg 202 61 119 327 0.99712
00053.jpg 565 145 157 285 0.99710
00053.jpg 198 69 119 318 0.99709
00053.jpg 571 148 151 280 0.99701
00053.jpg 572 139 152 285 0.99695
00053.jpg 201 68 114 319 0.99659
00053.jpg 564 146 154 274 0.99650
00053.jpg 572 135 148 287 0.99637
00053.jpg 563 136 166 286 0.99622
00053.jpg 566 144 156 291 0.99620
00053.jpg 200 67 114 317 0.99600
00053.jpg 308 93 130 313 0.99588
00053.jpg 196 69 122 308 0.99577
00053.jpg 302 87 142 328 0.99576
00053.jpg 575 136 146 288 0.99556
00053.jpg 204 63 106 329 0.99537
00053.jpg 204 64 112 326 0.99526
00053.jpg 569 139 157 295 0.99524
00053.jpg 304 91 138 318 0.99496
00053.jpg 570 137 148 292 0.99495
00053.jpg 564 145 152 285 0.99484
00053.jpg 570 139 156 287 0.99481
00053.jpg 562 144 155 297 0.99442
00053.jpg 573 138 150 288 0.99410
00053.jpg 567 141 158 275 0.99405
00053.jpg 306 88 137 324 0.99403
00053.jpg 301 73 138 328 0.99396
00053.jpg 564 135 161 297 0.99378
00053.jpg 192 73 121 309 0.99366
00053.jpg 204 68 115 304 0.99363
00053.jpg 309 100 135 297 0.99353
00053.jpg 198 72 113 317 0.99344
00053.jpg 199 71 122 306 0.99336
00053.jpg 301 89 138 324 0.99329
00053.jpg 575 142 144 280 0.99327
00053.jpg 567 146 153 285 0.99320
00053.jpg 572 141 148 284 0.99318
00053.jpg 570 134 147 300 0.99318
00053.jpg 309 88 135 327 0.99306
00053.jpg 575 143 143 282 0.99292
00053.jpg 201 68 114 317 0.99275
00053.jpg 307 79 139 330 0.99274
00053.jpg 569 139 153 286 0.99270
00053.jpg 309 83 136 343 0.99270
00053.jpg 307 80 136 327 0.99260
00053.jpg 200 65 116 323 0.99255
00053.jpg 299 98 141 309 0.99238
00053.jpg 309 87 136 322 0.99221
00053.jpg 314 92 124 308 0.99220
00053.jpg 567 146 151 272 0.99212
00053.jpg 568 155 148 270 0.99191
00053.jpg 308 84 136 326 0.99173
00053.jpg 570 139 152 285 0.99158
00053.jpg 577 143 153 277 0.99155
00053.jpg 199 68 118 318 0.99154
00053.jpg 201 65 119 324 0.99138
00053.jpg 308 89 130 320 0.99101
00053.jpg 577 143 140 286 0.99030
00053.jpg 302 90 144 324 0.99021
00053.jpg 198 63 116 327 0.98956
00053.jpg 573 131 141 302 0.98949
00053.jpg 573 144 141 268 0.98947
00053.jpg 198 72 117 312 0.98943
00053.jpg 562 144 161 283 0.98936
00053.jpg 204 66 104 323 0.98932
00053.jpg 562 141 157 286 0.98880
00053.jpg 304 98 137 303 0.98860
00053.jpg 571 145 152 279 0.98639
00053.jpg 299 94 142 315 0.98624
00053.jpg 317 91 131 311 0.98602
00053.jpg 204 65 107 328 0.98589
00053.jpg 556 141 171 295 0.98529
00053.jpg 566 142 157 288 0.98477
00053.jpg 308 96 134 316 0.98390
00053.jpg 296 94 151 318 0.98359
00053.jpg 197 68 110 319 0.98348
00053.jpg 561 140 164 295 0.98288
00053.jpg 204 63 112 328 0.98178
00053.jpg 557 136 162 291 0.98098
00053.jpg 203 66 107 328 0.98056
00053.jpg 197 75 117 312 0.97954
00053.jpg 567 143 152 285 0.97936
00053.jpg 560 144 168 269 0.97856
00053.jpg 195 71 128 316 0.97836
00053.jpg 197 76 115 307 0.97795
00053.jpg 564 141 154 292 0.97793
00053.jpg 305 94 133 315 0.97787
00053.jpg 569 139 158 296 0.97775
00053.jpg 315 83 131 325 0.97733
00053.jpg 571 145 151 272 0.97674
00053.jpg 194 68 125 320 0.97660
00053.jpg 197 80 124 311 0.97656
00053.jpg 199 68 115 326 0.97651
00053.jpg 561 128 158 296 0.97499
00053.jpg 568 144 154 283 0.97407
00053.jpg 560 139 165 289 0.97397
00053.jpg 201 64 108 323 0.97392
00053.jpg 575 143 138 285 0.97154
00053.jpg 568 141 152 282 0.97029
00053.jpg 568 145 149 287 0.96999
00053.jpg 196 67 129 315 0.96925
00053.jpg 305 97 132 315 0.96848
00053.jpg 301 86 149 317 0.96720
00053.jpg 572 147 153 279 0.96473
00053.jpg 567 139 154 277 0.96450
00053.jpg 567 143 161 284 0.96272
00053.jpg 576 147 139 283 0.96179
00053.jpg 571 143 146 283 0.96062
00053.jpg 193 60 130 323 0.96000
00053.jpg 571 145 150 277 0.95980
00053.jpg 301 89 148 315 0.95938
00053.jpg 199 67 119 322 0.95917
00053.jpg 202 59 114 333 0.95488
00053.jpg 301 94 135 319 0.95436
00053.jpg 307 102 135 304 0.95383
00053.jpg 203 70 112 315 0.95381
00053.jpg 199 63 111 314 0.95379
00053.jpg 307 92 139 327 0.94697
00053.jpg 299 90 150 323 0.94458
00053.jpg 567 142 161 280 0.94450
00053.jpg 304 92 134 324 0.94233
00053.jpg 302 94 141 328 0.94131
00053.jpg 305 91 139 314 0.93955
00053.jpg 305 88 133 314 0.93926
00053.jpg 195 68 118 313 0.93812
00053.jpg 202 66 112 316 0.93425
00053.jpg 204 66 104 319 0.93157
00053.jpg 200 77 115 307 0.92931
00053.jpg 566 134 152 307 0.92445
00053.jpg 200 65 122 318 0.92101
00053.jpg 567 143 143 283 0.91865
00053.jpg 567 133 156 299 0.91575
00053.jpg 569 141 148 293 0.91360
00053.jpg 305 104 139 312 0.91357
00053.jpg 307 91 138 322 0.91189
00053.jpg 312 89 133 329 0.91153
00053.jpg 311 79 144 325 0.90990
00053.jpg 562 140 170 286 0.90810
00053.jpg 194 78 129 312 0.90664
00053.jpg 204 70 110 320 0.89707
00053.jpg 199 72 118 313 0.89507
00053.jpg 567 152 146 270 0.89466
00053.jpg 195 65 126 324 0.89150
00053.jpg 196 72 127 317 0.89074
00053.jpg 200 63 112 335 0.88622
00053.jpg 301 87 150 331 0.88398
00053.jpg 309 91 132 318 0.88371
00053.jpg 569 137 165 291 0.87968
00053.jpg 300 96 143 309 0.87291
00053.jpg 195 69 121 319 0.86884
00053.jpg 567 143 152 274 0.86867
00053.jpg 199 63 107 320 0.86628
00053.jpg 303 96 132 325 0.86319
00053.jpg 307 94 134 313 0.85932
00053.jpg 304 86 133 343 0.85537
00053.jpg 565 135 169 287 0.84983
00053.jpg 198 71 114 320 0.83327
00053.jpg 203 78 122 304 0.83241
00053.jpg 309 90 129 328 0.83187
00053.jpg 193 68 125 324 0.82413
00053.jpg 561 147 150 272 0.81299
00053.jpg 313 86 135 329 0.81100
00053.jpg 566 145 157 270 0.80801
00053.jpg 568 144 160 279 0.79900
00053.jpg 208 71 116 309 0.78993
00053.jpg 197 68 119 317 0.78816
00053.jpg 198 74 119 308 0.77445
00053.jpg 571 131 164 302 0.76428
00053.jpg 307 81 143 338 0.76174
00053.jpg 194 67 121 325 0.74946
00053.jpg 203 69 115 311 0.73737
00053.jpg 561 144 172 280 0.73343
00053.jpg 309 94 133 310 0.71646
00053.jpg 301 84 136 323 0.70625
00053.jpg 270 81 183 324 0.69921
00053.jpg 308 87 133 323 0.68689
00053.jpg 194 77 134 309 0.68451
00053.jpg 306 83 147 329 0.68014
00053.jpg 563 142 163 286 0.67451
00053.jpg 208 74 103 310 0.67301
00053.jpg 561 131 167 299 0.67260
00053.jpg 199 68 131 318 0.63751
00053.jpg 552 137 178 293 0.63600
00053.jpg 198 65 113 314 0.62834
00053.jpg 199 57 125 331 0.62498
00053.jpg 565 143 152 280 0.61465
00053.jpg 190 59 128 330 0.61456
00053.jpg 305 90 130 318 0.60830
00053.jpg 206 58 124 326 0.60087
00053.jpg 564 138 167 287 0.59670
00053.jpg 571 133 143 300 0.59326
00053.jpg 199 62 117 342 0.59112
00053.jpg 194 60 116 315 0.57768
00053.jpg 298 77 152 339 0.56963
00053.jpg 570 148 149 268 0.56708
00053.jpg 574 152 155 283 0.56663
00053.jpg 564 142 169 281 0.56566
00053.jpg 576 139 142 289 0.54091
00053.jpg 201 65 123 313 0.54010
00053.jpg 298 96 142 314 0.53599
00053.jpg 183 63 143 316 0.53012
00053.jpg 312 84 129 319 0.51236
