1,1,199.8266,249.9878,132.8161,290.0122,1,1,1,1,
2,1,182.9996,237.0763,147.0543,302.9237,1,1,1,1,
3,1,174.1817,234.3419,163.0723,301.6418,1,1,1,1,
4,1,174.1817,234.3419,163.0723,301.6418,1,1,1,1,
5,1,164.7003,243.888,186.5653,290.9631,1,1,1,1,
6,1,162.3866,249.9069,194.7523,286.6917,1,1,1,1,
7,1,167.4832,249.9069,189.413,286.6917,1,1,1,1,
8,1,168.7129,242.7716,176.5986,279.9285,1,1,1,1,
9,1,165.7358,232.4327,170.9033,272.4535,1,1,1,1,
10,1,161.0437,218.0974,167.3437,260.351,1,1,1,1,
11,1,159.3124,209.7935,162.7163,250.8226,1,1,1,1,
12,1,151.53,198.6584,163.0723,341.3416,1,1,1,1,
13,1,142.8055,205.3524,163.7371,263.0968,1,1,1,1,
14,1,124.1664,207.5205,168.0086,272.3517,1,1,1,1,
15,1,112.195,208.7987,167.9725,286.9458,1,1,1,1,
16,1,101.2898,208.7987,172.9559,286.9458,1,1,1,1,
17,1,92.666,204.8363,177.5833,335.1637,1,1,1,1,
18,1,91.048,200.7294,177.5833,339.2706,1,1,1,1,
19,1,93.4588,188.0606,167.2606,351.6326,1,1,1,1,
20,1,91.404,179.7928,155.5141,360.2072,1,1,1,1,
21,1,87.5208,180.1163,155.5141,359.8837,1,1,1,1,
22,1,87.7312,179.5824,150.8866,360.4176,1,1,1,1,
23,1,76.7111,192.7645,158.3978,269.504,1,1,1,1,
24,1,91.859,199.8305,144.5626,277.7928,1,1,1,1,
25,1,67.9578,197.8727,180.111,292.387,1,1,1,1,
26,1,77.0185,193.3585,172.9919,292.031,1,1,1,1,
27,1,68.6212,181.0296,186.8742,292.7429,1,1,1,1,
28,1,69.2684,173.9266,193.9933,285.2679,1,1,1,1,
29,1,60.0819,169.0242,210.0584,279.2166,1,1,1,1,
30,1,59.8068,169.1051,216.1096,277.4369,1,1,1,1,
31,1,59.7097,168.9271,218.2453,281.3524,1,1,1,1,
32,1,63.6091,183.7316,210.7703,283.1321,1,1,1,1,
33,1,71.841,186.0776,194.3492,288.4715,1,1,1,1,
34,1,66.8253,191.5302,190.7897,289.5393,1,1,1,1,
35,1,55.5803,198.3142,196.129,304.0317,1,1,1,1,
36,1,55.7907,198.3142,191.5016,304.0317,1,1,1,1,
37,1,52.2796,198.476,183.3146,300.4721,1,1,1,1,
38,1,55.6952,186.8265,172.2439,300.4721,1,1,1,1,
39,1,61.2125,173.818,164.7689,287.6577,1,1,1,1,
40,1,60.0638,174.2387,161.5653,278.4029,1,1,1,1,
41,1,60.2094,152.2504,158.3617,299.4043,1,1,1,1,
1,2,346.8149,134.079,246.6819,401.9097,1,1,1,1,
2,2,352.3322,117.4461,246.326,411.8764,1,1,1,1,
3,2,353.6913,117.4461,252.0213,411.8764,1,1,1,1,
4,2,364.9363,117.4138,253.801,412.5883,1,1,1,1,
5,2,373.3497,128.0924,253.801,411.9076,1,1,1,1,
6,2,388.9794,128.0439,237.4271,411.9561,1,1,1,1,
7,2,383.9313,122.2192,241.6986,413.6562,1,1,1,1,
8,2,386.2473,108.3046,219.2226,413.6562,1,1,1,1,
9,2,386.4091,99.5675,222.7822,413.6562,1,1,1,1,
10,2,378.4325,87.5945,234.5287,413.6562,1,1,1,1,
11,2,417.0007,87.5945,172.1345,413.6562,1,1,1,1,
12,2,376.4239,87.5945,221.7651,413.6562,1,1,1,1,
13,2,364.9987,87.5945,234.0733,413.6562,1,1,1,1,
14,2,362.41,92.4484,234.0733,413.6562,1,1,1,1,
15,2,345.1323,92.772,279.5848,413.6562,1,1,1,1,
16,2,338.1103,88.8888,284.5681,413.6562,1,1,1,1,
17,2,338.3691,65.6547,285.992,419.3515,1,1,1,1,
18,2,342.9959,50.4457,283.8711,419.3515,1,1,1,1,
19,2,342.8826,50.4457,286.3627,419.3515,1,1,1,1,
20,2,345.5846,54.3288,276.752,419.3515,1,1,1,1,
21,2,336.1195,61.4479,278.5317,419.3515,1,1,1,1,
22,2,326.7676,75.039,277.8198,419.3515,1,1,1,1,
23,2,306.6868,91.5423,285.3308,419.3515,1,1,1,1,
24,2,301.2342,90.3288,298.5012,403.3335,1,1,1,1,
25,2,292.5133,72.7738,312.3834,419.3515,1,1,1,1,
26,2,300.7165,57.5648,302.7726,419.3515,1,1,1,1,
27,2,298.7749,48.8277,302.7726,419.3515,1,1,1,1,
28,2,298.3079,48.5041,310.0419,419.3515,1,1,1,1,
29,2,280.219,56.7396,330.6873,416.1479,1,1,1,1,
30,2,280.8661,62.5643,337.8064,416.1479,1,1,1,1,
31,2,288.0176,68.3891,329.9754,416.1479,1,1,1,1,
32,2,314.1803,68.3891,302.5669,416.1479,1,1,1,1,
33,2,323.7426,69.0363,298.6514,416.1479,1,1,1,1,
34,2,345.1808,76.479,275.5143,416.1479,1,1,1,1,
35,2,343.3039,84.2452,274.0905,416.1479,1,1,1,1,
36,2,311.201,93.3059,307.0441,416.1479,1,1,1,1,
37,2,313.6441,94.9239,296.0095,416.1479,1,1,1,1,
38,2,303.4363,94.9239,264.2935,416.1479,1,1,1,1,
39,2,264.7812,94.9239,331.605,416.1479,1,1,1,1,
40,2,276.8691,95.0048,329.0773,414.3681,1,1,1,1,
41,2,245.9819,89.8273,360.7573,414.3681,1,1,1,1,
1,3,618.899,263.6047,142.1385,261.5632,1,1,1,1,
2,3,624.9826,254.775,136.4432,249.3627,1,1,1,1,
3,3,636.6988,247.3323,128.5761,249.3627,1,1,1,1,
4,3,645.7449,240.2132,128.896,249.3627,1,1,1,1,
5,3,653.4627,241.184,144.2021,249.3627,1,1,1,1,
6,3,655.1271,239.566,170.9348,249.3627,1,1,1,1,
7,3,659.1559,233.5572,189.0885,246.2932,1,1,1,1,
8,3,661.6476,225.6514,176.986,249.3627,1,1,1,1,
9,3,662.5213,206.877,179.1217,333.123,1,1,1,1,
10,3,665.8705,196.1713,176.63,343.8287,1,1,1,1,
11,3,667.1649,188.3889,176.63,351.6111,1,1,1,1,
12,3,666.8558,188.4374,183.4293,351.5626,1,1,1,1,
13,3,667.5717,191.6518,185.7304,342.3963,1,1,1,1,
14,3,667.5717,191.6518,185.7304,342.3963,1,1,1,1,
15,3,663.0915,190.0338,177.5073,342.3963,1,1,1,1,
16,3,658.6745,183.8855,182.1347,342.3963,1,1,1,1,
17,3,650.9729,179.161,187.83,346.6677,1,1,1,1,
18,3,639.6309,173.9835,209.5433,346.6677,1,1,1,1,
19,3,622.6081,170.6505,235.2081,369.3495,1,1,1,1,
20,3,612.1074,170.6505,259.769,369.3495,1,1,1,1,
21,3,612.3016,163.9682,269.7357,376.0318,1,1,1,1,
22,3,625.6823,163.9682,253.0059,376.0318,1,1,1,1,
23,3,649.2255,163.9682,204.9159,376.0318,1,1,1,1,
24,3,663.9289,175.7954,205.1064,271.21,1,1,1,1,
25,3,678.6936,172.5111,207.7635,367.4889,1,1,1,1,
26,3,693.2143,166.8644,194.4278,373.1356,1,1,1,1,
27,3,697.5202,154.9129,192.9679,385.0871,1,1,1,1,
28,3,696.0479,142.1956,196.8834,397.8044,1,1,1,1,
29,3,696.2022,136.565,207.7274,403.435,1,1,1,1,
30,3,701.0399,137.8594,208.0834,402.1406,1,1,1,1,
31,3,702.2513,143.7165,216.3064,396.2835,1,1,1,1,
32,3,698.3843,145.9817,223.0696,394.0183,1,1,1,1,
33,3,687.9646,146.6289,238.7316,393.3711,1,1,1,1,
34,3,688.1749,146.6289,234.1042,393.3711,1,1,1,1,
35,3,693.6113,145.0109,235.528,394.9891,1,1,1,1,
36,3,693.4732,145.0109,238.5662,394.9891,1,1,1,1,
37,3,719.7653,150.086,229.6673,389.914,1,1,1,1,
38,3,730.266,149.9457,226.4638,390.0543,1,1,1,1,
39,3,730.2158,148.9749,206.2104,391.0251,1,1,1,1,
40,3,742.8846,137.9727,212.2616,402.0273,1,1,1,1,
41,3,742.1101,125.1907,215.7851,414.8093,1,1,1,1,
1,4,872.115,471.6405,37.678,51.6091,1,1,1,1,
2,4,873.0858,468.0648,37.678,51.965,1,1,1,1,
3,4,876.3217,459.8779,37.678,54.1008,1,1,1,1,
4,4,881.6711,452.8136,55.2546,87.1864,1,1,1,1,
5,4,888.7831,448.6069,51.872,88.4892,1,1,1,1,
6,4,892.9575,446.3971,59.7031,93.6029,1,1,1,1,
7,4,896.0478,443.4847,62.9067,94.3901,1,1,1,1,
8,4,896.0478,440.7989,62.9067,96.5258,1,1,1,1,
9,4,893.5127,434.6465,65.2656,103.7335,1,1,1,1,
10,4,893.8039,431.7342,65.9775,103.7335,1,1,1,1,
11,4,892.8513,427.6863,65.5773,112.3137,1,1,1,1,
12,4,892.7952,422.991,66.811,117.009,1,1,1,1,
13,4,888.8549,421.1982,68.069,114.8322,1,1,1,1,
14,4,883.2567,420.1304,70.2048,116.9679,1,1,1,1,
15,4,880.3444,414.9528,70.2048,116.9679,1,1,1,1,
16,4,873.7268,410.3622,73.4084,129.6378,1,1,1,1,
17,4,870.7174,411.0212,75.5441,118.0358,1,1,1,1,
18,4,870.7174,411.0212,75.5441,118.0358,1,1,1,1,
19,4,869.917,414.6292,86.0326,116.9679,1,1,1,1,
20,4,867.1988,418.4153,81.7612,119.1037,1,1,1,1,
21,4,863.3804,418.4153,80.3373,119.1037,1,1,1,1,
22,4,863.3804,419.7097,80.3373,119.1037,1,1,1,1,
23,4,863.2833,419.7097,82.4731,119.1037,1,1,1,1,
24,4,875.0684,419.7097,65.3808,119.1037,1,1,1,1,
25,4,884.1643,420.9685,53.8177,91.4099,1,1,1,1,
26,4,863.2683,425.4988,89.9238,84.2908,1,1,1,1,
27,4,863.3492,423.9355,88.1441,116.0645,1,1,1,1,
28,4,917.8286,465.481,27.5875,73.1258,1,1,1,1,
29,4,918.6538,464.4617,23.672,74.1937,1,1,1,1,
30,4,919.619,467.4711,16.6746,72.0579,1,1,1,1,
31,4,919.619,469.6331,16.6746,24.4948,1,1,1,1,
32,4,920.9782,470.3288,15.2508,23.4269,1,1,1,1,
33,4,920.9782,470.3288,15.2508,23.4269,1,1,1,1,
34,4,920.962,470.3935,15.6067,22.0031,1,1,1,1,
35,4,920.9943,470.2479,14.8948,25.2067,1,1,1,1,
36,4,922.6932,473.3706,13.1151,20.5793,1,1,1,1,
37,4,924.0523,473.5162,11.6912,24.4948,1,1,1,1,
38,4,923.8905,473.2412,15.2508,30.546,1,1,1,1,
39,4,914.9567,475.8846,23.1593,43.5815,1,1,1,1,
40,4,925.6424,477.0303,26.5419,18.3751,1,1,1,1,
41,4,926.8489,477.8656,0,0,1,1,1,1,
1,5,602.5072,480.4195,25.3181,45.3647,1,1,1,1,
2,5,603.8663,477.5072,23.8943,45.3647,1,1,1,1,
3,5,607.1023,473.3004,23.8943,45.3647,1,1,1,1,
4,5,623.9113,470.0483,12.7259,45.7207,1,1,1,1,
5,5,625.5293,466.1652,12.7259,45.7207,1,1,1,1,
6,5,605.9475,507.2843,0,0,1,1,1,1,
7,5,608.6811,504.6018,39.5295,2.0637,1,1,1,1,
8,5,609.8911,456.6862,48.5045,83.3138,1,1,1,1,
9,5,607.9406,452.7432,77.1764,84.7173,1,1,1,1,
10,5,603.1631,445.8747,81.5034,93.4413,1,1,1,1,
11,5,601.7878,440.9884,83.2832,94.1532,1,1,1,1,
12,5,601.804,439.0468,82.9272,94.1532,1,1,1,1,
13,5,599.8139,435.594,83.9951,104.406,1,1,1,1,
14,5,595.235,435.8029,85.063,101.4472,1,1,1,1,
15,5,594.4907,429.8919,80.0796,110.1081,1,1,1,1,
16,5,593.6979,422.2119,69.045,115.6854,1,1,1,1,
17,5,590.3325,420.2703,64.7735,119.7297,1,1,1,1,
18,5,590.3325,420.2703,64.7735,119.7297,1,1,1,1,
19,5,590.1086,420.5562,63.6913,116.5166,1,1,1,1,
20,5,586.8187,463.0037,64.8785,74.0819,1,1,1,1,
21,5,586.8187,462.9066,64.8785,76.2176,1,1,1,1,
22,5,587.2125,462.9066,56.2162,76.2176,1,1,1,1,
23,5,587.2125,462.9066,56.2162,76.2176,1,1,1,1,
24,5,596.8605,475.217,50.2905,63.3209,1,1,1,1,
25,5,599.0286,428.4519,52.4262,111.5481,1,1,1,1,
26,5,590.1473,428.1121,61.7304,111.8879,1,1,1,1,
27,5,591.4461,427.4649,62.7427,112.5351,1,1,1,1,
28,5,588.3882,427.1251,65.9463,112.8749,1,1,1,1,
29,5,588.3882,427.1251,65.9463,112.8749,1,1,1,1,
30,5,590.6533,468.8094,65.9463,53.1422,1,1,1,1,
31,5,592.2992,467.4503,64.2221,54.5661,1,1,1,1,
32,5,592.2992,467.4503,64.2221,54.5661,1,1,1,1,
33,5,594.8556,477.5927,64.934,46.6527,1,1,1,1,
34,5,594.5688,477.5927,65.2344,46.6527,1,1,1,1,
35,5,594.6174,481.67,64.1666,42.3813,1,1,1,1,
36,5,592.239,480.1491,66.6582,47.3647,1,1,1,1,
37,5,592.239,482.8673,66.6582,44.517,1,1,1,1,
38,5,592.2066,439.5518,67.3702,90.1636,1,1,1,1,
39,5,592.2066,439.5518,67.3702,90.1636,1,1,1,1,
40,5,589.7751,440.5617,69.9174,89.3036,1,1,1,1,
41,5,589.7751,440.5617,69.9174,89.3036,1,1,1,1,
1,6,325.9106,480.4556,37.6582,44.0716,1,1,1,1,
2,6,325.7326,473.7733,34.4546,48.699,1,1,1,1,
3,6,323.3542,470.6506,36.9463,53.3264,1,1,1,1,
4,6,329.4554,467.3014,30.8642,55.8181,1,1,1,1,
5,6,334.6491,468.0295,30.5082,54.0383,1,1,1,1,
6,6,339.8266,468.4178,30.5082,52.6145,1,1,1,1,
7,6,342.739,464.8583,30.5082,52.6145,1,1,1,1,
8,6,342.0016,461.6838,32.4927,72.6189,1,1,1,1,
9,6,343.4832,454.5162,28.3725,80.8059,1,1,1,1,
10,6,344.454,449.1607,28.3725,77.6023,1,1,1,1,
11,6,345.4248,444.4038,28.3725,82.5857,1,1,1,1,
12,6,342.9733,437.7216,53.8305,94.3322,1,1,1,1,
13,6,343.1343,433.2883,30.4331,99.3156,1,1,1,1,
14,6,340.5455,472.195,30.4331,66.8393,1,1,1,1,
15,6,337.0345,471.5168,29.3653,46.162,1,1,1,1,
16,6,335.8048,467.5366,27.9414,48.2978,1,1,1,1,
17,6,333.1073,480.4764,23.2153,56.5135,1,1,1,1,
18,6,326.7202,464.3062,36.1027,75.6938,1,1,1,1,
19,6,332.8116,465.2553,29.7212,55.7728,1,1,1,1,
20,6,328.9284,464.9317,29.7212,55.7728,1,1,1,1,
21,6,328.2812,467.5168,29.7212,62.9711,1,1,1,1,
22,6,328.2812,467.5168,29.7212,62.9711,1,1,1,1,
23,6,328.2812,467.5816,29.7212,61.5473,1,1,1,1,
24,6,328.1989,428.6355,31.5319,102.0089,1,1,1,1,
25,6,331.1289,429.6225,31.145,101.6529,1,1,1,1,
26,6,331.1289,429.8203,31.145,97.3023,1,1,1,1,
27,6,333.2998,433.0562,31.9218,97.3023,1,1,1,1,
28,6,319.4014,434.7389,45.804,95.8784,1,1,1,1,
29,6,321.7475,438.4361,44.0242,92.8497,1,1,1,1,
30,6,337.2976,442.8861,27.7336,44.7835,1,1,1,1,
31,6,333.7101,454.5879,35.4659,50.7514,1,1,1,1,
32,6,333.8998,454.1996,31.2932,59.2943,1,1,1,1,
33,6,333.8998,456.578,31.2932,56.8026,1,1,1,1,
34,6,333.8998,456.578,31.2932,56.8026,1,1,1,1,
35,6,334.1749,449.9928,32.361,66.4134,1,1,1,1,
36,6,317.1407,447.6424,38.5861,89.6461,1,1,1,1,
37,6,325.998,492.6554,14.5839,16.3863,1,1,1,1,
38,6,336.6924,491.4699,0,0,1,1,1,1,
1,7,33.2168,471.9891,64.3458,44.9944,1,1,1,1,
2,7,33.4595,466.8763,59.0065,50.6896,1,1,1,1,
3,7,41.5498,462.8152,58.9979,54.6052,1,1,1,1,
4,7,50.934,464.1096,58.9979,54.6052,1,1,1,1,
5,7,57.9075,464.4331,55.0824,54.6052,1,1,1,1,
6,7,63.5648,463.0959,73.0049,76.9041,1,1,1,1,
7,7,72.1781,462.1518,54.3705,54.9611,1,1,1,1,
8,7,72.1134,462.2812,55.7943,52.1135,1,1,1,1,
9,7,73.0842,456.1329,55.7943,52.1135,1,1,1,1,
10,7,75.6729,449.3374,55.7943,52.1135,1,1,1,1,
11,7,58.1026,441.8996,83.505,94.7205,1,1,1,1,
12,7,57.4554,435.9265,83.505,104.0735,1,1,1,1,
13,7,58.1026,431.8681,83.505,94.7205,1,1,1,1,
14,7,57.0186,431.221,78.8776,94.7205,1,1,1,1,
15,7,56.6303,424.3378,73.1823,115.6622,1,1,1,1,
16,7,55.8698,419.8074,68.5549,118.0071,1,1,1,1,
17,7,53.6047,417.2187,68.5549,118.0071,1,1,1,1,
18,7,56.0712,417.1688,64.1253,119.1032,1,1,1,1,
19,7,56.1682,418.0788,61.9895,120.4423,1,1,1,1,
20,7,51.6864,421.7962,60.9217,116.9675,1,1,1,1,
21,7,53.0941,422.8492,58.43,115.1595,1,1,1,1,
22,7,53.6437,473.6833,46.3389,61.9048,1,1,1,1,
23,7,26.2633,473.7083,44.8248,61.3538,1,1,1,1,
24,7,16.2079,465.836,73.8267,56.5117,1,1,1,1,
25,7,21.3045,466.014,68.4874,52.5962,1,1,1,1,
26,7,23.2365,427.5521,68.6993,111.3629,1,1,1,1,
27,7,11.985,428.4077,81.3018,92.5393,1,1,1,1,
28,7,5.8528,427.8415,88.0649,104.9977,1,1,1,1,
29,7,62.81,428.8707,46.8954,82.3551,1,1,1,1,
30,7,63.1012,427.8999,47.6073,82.3551,1,1,1,1,
31,7,63.1012,427.8999,47.6073,82.3551,1,1,1,1,
32,7,65.059,433.6922,47.2514,83.067,1,1,1,1,
33,7,62.942,437.2841,49.4691,82.3551,1,1,1,1,
34,7,66.5997,466.7097,25.4424,51.5283,1,1,1,1,
35,7,71.1462,471.321,17.9673,49.7485,1,1,1,1,
36,7,71.1462,471.321,17.9673,49.7485,1,1,1,1,
37,7,88.2968,473.5823,0,0,1,1,1,1,
38,7,88.2968,473.5823,0,0,1,1,1,1,
39,7,88.2968,473.5823,0,0,1,1,1,1,
41,7,88.9752,535.5545,24.9192,1.1554,1,1,1,1,
5,8,9.098,488.0831,27.9661,45.8384,1,1,1,1,
6,8,17.128,486.7726,29.2846,46.1943,1,1,1,1,
7,8,0.33208,484.1676,48.5753,46.5503,1,1,1,1,
8,8,1.6265,481.9634,48.5753,52.3287,1,1,1,1,
9,8,2.5972,472.6077,48.5753,65.9385,1,1,1,1,
10,8,3.0503,465.6865,45.7277,54.4644,1,1,1,1,
11,8,3.3739,459.3279,45.7277,59.0918,1,1,1,1,
12,8,4.3608,452.7265,45.3717,69.0586,1,1,1,1,
13,8,1.4325,447.3983,46.7445,92.6017,1,1,1,1,
14,8,0,444.8095,44.8624,93.7322,1,1,1,1,
15,8,19.7509,443.5151,35.6519,93.7322,1,1,1,1,
16,8,18.1815,440.9224,34.584,99.0776,1,1,1,1,
17,8,14.6219,440.9224,34.584,99.0776,1,1,1,1,
18,8,14.7352,440.9224,32.0923,99.0776,1,1,1,1,
19,8,13.4408,439.628,32.0923,100.372,1,1,1,1,
20,8,9.234,439.3044,32.0923,100.6956,1,1,1,1,
21,8,9.5576,439.628,32.0923,100.372,1,1,1,1,
22,8,9.5576,439.628,32.0923,100.372,1,1,1,1,
23,8,9.5576,439.628,32.0923,100.372,1,1,1,1,
24,8,9.9325,439.628,23.8453,100.372,1,1,1,1,
25,8,14.1347,443.0459,16.8262,96.9358,1,1,1,1,
26,8,14.07,442.965,18.25,97.035,1,1,1,1,
27,8,0,445.7121,36.724,66.7558,1,1,1,1,
28,8,0.49388,444.2594,37.8967,95.7406,1,1,1,1,
29,8,0.49388,444.2594,37.8967,95.7406,1,1,1,1,
30,8,2.4678,447.3174,44.3039,92.6826,1,1,1,1,
31,8,2.4678,447.3174,44.3039,92.6826,1,1,1,1,
32,8,0,450.7151,50.583,89.2849,1,1,1,1,
33,8,0,450.7151,50.583,89.2849,1,1,1,1,
34,8,0.2647,454.4403,50.6419,66.9504,1,1,1,1,
35,8,0.63502,457.7175,42.4949,44.6866,1,1,1,1,
36,8,0.63502,457.7175,42.4949,44.6866,1,1,1,1,
37,8,0.63502,457.7175,42.4949,44.6866,1,1,1,1,
38,8,0.63502,457.7175,42.4949,44.6866,1,1,1,1,
39,8,4.1667,453.802,42.5241,52.5176,1,1,1,1,
40,8,1.1087,452.2449,45.7277,44.0586,1,1,1,1,
41,8,2.3707,450.3552,25.0823,78.5134,1,1,1,1,
23,9,209.6318,441.9606,62.7172,98.0394,1,1,1,1,
24,9,209.6318,441.9068,62.7172,98.0932,1,1,1,1,
25,9,236.5334,443.2085,37.9246,85.3416,1,1,1,1,
26,9,265.0017,485.4957,12.1687,41.7188,1,1,1,1,
27,9,266.5874,484.8161,12.8806,42.4307,1,1,1,1,
28,9,263.4485,481.3213,17.864,41.0068,1,1,1,1,
29,9,239.4625,480.4638,41.9751,38.5152,1,1,1,1,
30,9,200.8648,477.4473,82.4108,62.1621,1,1,1,1,
31,9,241.6306,477.9721,36.9918,43.4985,1,1,1,1,
32,9,236.987,478.053,39.4834,41.7188,1,1,1,1,
33,9,236.987,480.6418,39.4834,41.7188,1,1,1,1,
34,9,236.987,480.6418,39.4834,41.7188,1,1,1,1,
35,9,232.9362,474.5672,41.0151,65.4328,1,1,1,1,
36,9,220.2242,453.4503,55.0105,73.595,1,1,1,1,
37,9,225.3208,452.431,49.6712,74.6629,1,1,1,1,
38,9,233.1842,453.7901,40.4163,73.2391,1,1,1,1,
39,9,199.7435,451.4117,76.1275,75.7308,1,1,1,1,
40,9,206.539,451.4117,69.0084,75.7308,1,1,1,1,
41,9,214.4185,451.0645,59.3976,88.9355,1,1,1,1,
21,10,689.7305,436.3049,41.5693,102.4897,1,1,1,1,
22,10,689.6334,436.3049,43.705,102.4897,1,1,1,1,
23,10,689.6334,436.3049,43.705,102.4897,1,1,1,1,
24,10,690.1026,436.3049,33.3823,102.4897,1,1,1,1,
25,10,692.6914,521.5643,33.3823,14.1873,1,1,1,1,
26,10,695.2801,437.6155,33.3823,102.1337,1,1,1,1,
27,10,695.2025,437.5993,35.0905,102.4007,1,1,1,1,
28,10,697.5291,437.8116,33.7383,97.8195,1,1,1,1,
29,10,698.726,439.5104,32.4844,96.0398,1,1,1,1,
30,10,700.8581,439.3648,33.9798,99.2434,1,1,1,1,
31,10,700.9265,439.3648,33.9082,99.2434,1,1,1,1,
32,10,697.5827,447.5194,49.6176,90.7004,1,1,1,1,
33,10,697.5827,447.4224,49.6176,92.5776,1,1,1,1,
34,10,696.7483,447.4224,67.9736,92.5776,1,1,1,1,
35,10,697.7191,452.1554,67.9736,87.8446,1,1,1,1,
36,10,697.7191,452.1554,67.9736,87.8446,1,1,1,1,
37,10,697.7191,452.1554,67.9736,87.8446,1,1,1,1,
38,10,698.1525,453.3134,58.439,62.9001,1,1,1,1,
39,10,694.3896,452.5913,62.3811,78.7864,1,1,1,1,
40,10,698.1525,453.2365,58.439,64.5921,1,1,1,1,
41,10,698.0069,452.5794,61.6426,79.0475,1,1,1,1,
