00008.jpg 520 130 184 396 0.99970
00008.jpg 18 1 519 527 0.99951
00008.jpg 521 144 189 369 0.99922
00008.jpg 14 28 564 495 0.99913
00008.jpg 52 13 509 511 0.99913
00008.jpg 32 11 496 516 0.99908
00008.jpg 523 143 171 375 0.99874
00008.jpg 3 11 595 508 0.99874
00008.jpg 528 140 167 376 0.99854
00008.jpg 532 134 172 388 0.99820
00008.jpg 6 27 583 509 0.99816
00008.jpg 520 134 176 399 0.99809
00008.jpg 47 20 511 509 0.99754
00008.jpg 534 139 158 386 0.99746
00008.jpg 525 144 175 376 0.99740
00008.jpg 16 36 554 481 0.99693
00008.jpg 521 145 161 380 0.99682
00008.jpg 531 142 169 385 0.99664
00008.jpg 532 139 164 379 0.99622
00008.jpg 527 148 171 371 0.99608
00008.jpg 533 151 162 356 0.99487
00008.jpg 532 127 160 402 0.99474
00008.jpg 22 13 537 504 0.99449
00008.jpg 520 131 185 393 0.99430
00008.jpg 31 15 528 493 0.99429
00008.jpg 526 137 166 391 0.99411
00008.jpg 17 28 530 506 0.99408
00008.jpg 529 136 172 389 0.99394
00008.jpg 519 145 180 375 0.99265
00008.jpg 519 141 180 372 0.99246
00008.jpg 7 31 603 488 0.98958
00008.jpg 528 149 169 369 0.98955
00008.jpg 23 10 539 500 0.98916
00008.jpg 522 139 175 391 0.98889
00008.jpg 531 136 163 394 0.98887
00008.jpg 522 131 173 382 0.98853
00008.jpg 17 4 511 535 0.98817
00008.jpg 0 24 574 511 0.98789
00008.jpg 518 143 185 366 0.98758
00008.jpg 537 130 159 399 0.98666
00008.jpg 522 140 171 372 0.98662
00008.jpg 0 18 606 510 0.98610
00008.jpg 522 143 172 378 0.98603
00008.jpg 517 142 183 382 0.98501
00008.jpg 15 22 533 517 0.98491
00008.jpg 23 28 547 469 0.98457
00008.jpg 522 138 171 384 0.98393
00008.jpg 522 127 182 399 0.97969
00008.jpg 519 146 168 380 0.97811
00008.jpg 521 146 176 380 0.97725
00008.jpg 515 135 181 375 0.97697
00008.jpg 517 133 188 389 0.97525
00008.jpg 518 137 172 379 0.97335
00008.jpg 517 133 174 389 0.96972
00008.jpg 530 144 161 381 0.96864
00008.jpg 524 130 168 397 0.96668
00008.jpg 520 138 175 392 0.96655
00008.jpg 526 138 170 389 0.96460
00008.jpg 520 144 186 370 0.96315
00008.jpg 526 147 170 373 0.96089
00008.jpg 0 20 538 498 0.95649
00008.jpg 22 17 531 510 0.95532
00008.jpg 525 157 168 365 0.95047
00008.jpg 23 20 505 507 0.94947
00008.jpg 520 134 183 387 0.94055
00008.jpg 61 28 463 498 0.93871
00008.jpg 530 153 158 378 0.93847
00008.jpg 80 20 509 506 0.91642
00008.jpg 7 22 579 513 0.91098
00008.jpg 518 131 182 397 0.90943
00008.jpg 121 9 421 530 0.90638
00008.jpg 68 35 440 489 0.88428
00008.jpg 521 133 181 396 0.88381
00008.jpg 532 108 156 426 0.87813
00008.jpg 528 137 177 394 0.87672
00008.jpg 71 24 474 511 0.87564
00008.jpg 13 23 515 516 0.86778
00008.jpg 534 137 163 391 0.85943
00008.jpg 36 20 548 475 0.85870
00008.jpg 47 30 468 491 0.82938
00008.jpg 536 150 154 348 0.82132
00008.jpg 531 133 168 397 0.80247
00008.jpg 529 142 168 386 0.79264
00008.jpg 67 26 463 507 0.78233
00008.jpg 512 144 191 375 0.78210
00008.jpg 519 144 173 384 0.78092
00008.jpg 522 149 176 368 0.77878
00008.jpg 15 7 561 518 0.77601
00008.jpg 8 2 508 531 0.75894
00008.jpg 95 21 440 514 0.75575
00008.jpg 32 29 511 508 0.66262
00008.jpg 7 1 579 523 0.64334
00008.jpg 535 135 176 379 0.64219
00008.jpg 521 141 163 367 0.62925
00008.jpg 519 112 175 413 0.60270
00008.jpg 528 138 175 392 0.54617
00008.jpg 17 24 507 510 0.51625
00008.jpg 524 136 169 395 0.50926
