00017.jpg 183 0 443 511 0.99895
00017.jpg 172 0 479 514 0.99892
00017.jpg 185 0 453 521 0.99845
00017.jpg 164 0 485 507 0.99757
00017.jpg 166 9 487 495 0.99657
00017.jpg 168 3 474 532 0.99538
00017.jpg 157 0 490 526 0.99472
00017.jpg 145 0 515 515 0.99423
00017.jpg 163 14 439 506 0.99323
00017.jpg 175 0 509 496 0.99178
00017.jpg 173 0 485 540 0.99170
00017.jpg 152 7 520 512 0.99043
00017.jpg 165 0 491 528 0.98894
00017.jpg 175 4 476 525 0.98894
00017.jpg 173 0 467 529 0.98621
00017.jpg 181 0 446 537 0.98375
00017.jpg 175 0 495 524 0.98305
00017.jpg 106 41 596 454 0.98197
00017.jpg 151 0 511 540 0.97908
00017.jpg 173 6 493 512 0.97805
00017.jpg 555 156 131 354 0.97742
00017.jpg 167 0 477 531 0.97734
00017.jpg 197 12 441 514 0.97728
00017.jpg 171 1 493 532 0.97092
00017.jpg 172 6 482 533 0.96889
00017.jpg 167 5 482 524 0.96448
00017.jpg 152 7 490 480 0.95726
00017.jpg 166 36 497 474 0.95632
00017.jpg 173 5 489 526 0.95570
00017.jpg 124 8 538 512 0.95223
00017.jpg 562 144 133 381 0.94407
00017.jpg 559 310 144 221 0.94026
00017.jpg 559 335 150 194 0.93451
00017.jpg 183 0 461 529 0.93273
00017.jpg 165 0 486 540 0.93099
00017.jpg 557 136 135 392 0.93089
00017.jpg 556 342 148 176 0.93008
00017.jpg 177 0 505 536 0.92883
00017.jpg 557 291 145 243 0.92665
00017.jpg 164 2 506 528 0.92020
00017.jpg 551 328 158 188 0.92013
00017.jpg 567 344 139 188 0.91894
00017.jpg 545 138 168 386 0.90728
00017.jpg 188 3 460 512 0.89502
00017.jpg 168 0 459 536 0.89307
00017.jpg 560 343 139 192 0.88806
00017.jpg 161 0 480 524 0.88694
00017.jpg 562 299 137 236 0.88667
00017.jpg 564 139 147 391 0.88663
00017.jpg 555 337 157 192 0.88379
00017.jpg 556 339 149 182 0.87585
00017.jpg 561 127 121 412 0.87502
00017.jpg 558 335 147 197 0.86998
00017.jpg 566 342 144 194 0.86992
00017.jpg 170 8 503 506 0.85587
00017.jpg 560 345 145 185 0.85556
00017.jpg 559 247 150 282 0.85011
00017.jpg 563 347 143 180 0.84078
00017.jpg 565 355 140 174 0.83990
00017.jpg 557 313 155 216 0.83443
00017.jpg 174 0 481 537 0.82656
00017.jpg 176 0 461 527 0.82589
00017.jpg 532 144 155 385 0.82272
00017.jpg 560 337 149 190 0.81839
00017.jpg 572 334 127 205 0.81459
00017.jpg 559 336 149 200 0.81456
00017.jpg 547 328 164 203 0.80285
00017.jpg 561 340 151 193 0.79953
00017.jpg 548 146 120 368 0.79946
00017.jpg 551 291 165 230 0.79677
00017.jpg 560 338 150 184 0.79277
00017.jpg 159 3 496 523 0.78922
00017.jpg 571 159 200 361 0.78813
00017.jpg 546 130 130 397 0.78708
00017.jpg 179 16 478 508 0.78629
00017.jpg 182 28 495 503 0.78584
00017.jpg 549 150 120 383 0.78499
00017.jpg 544 152 141 386 0.78376
00017.jpg 182 48 524 472 0.77955
00017.jpg 543 145 114 357 0.77194
00017.jpg 549 312 147 221 0.77100
00017.jpg 561 339 140 192 0.76866
00017.jpg 181 0 473 534 0.76614
00017.jpg 559 336 142 192 0.76257
00017.jpg 547 159 153 379 0.75925
00017.jpg 565 339 136 182 0.75015
00017.jpg 549 312 147 223 0.74786
00017.jpg 521 144 217 382 0.74602
00017.jpg 550 143 138 384 0.74198
00017.jpg 561 343 145 187 0.74112
00017.jpg 559 148 177 391 0.73846
00017.jpg 566 342 138 188 0.73700
00017.jpg 543 204 150 314 0.73100
00017.jpg 566 342 133 181 0.72842
00017.jpg 545 135 128 396 0.72357
00017.jpg 546 122 133 417 0.71481
00017.jpg 563 349 144 178 0.71295
00017.jpg 539 149 158 390 0.71153
00017.jpg 521 138 178 394 0.71153
00017.jpg 522 140 180 386 0.70968
00017.jpg 554 158 171 381 0.70696
00017.jpg 565 337 136 196 0.70330
00017.jpg 553 138 155 401 0.70013
00017.jpg 545 330 167 204 0.69523
00017.jpg 576 126 181 408 0.68475
00017.jpg 159 0 476 516 0.68470
00017.jpg 561 328 146 201 0.67674
00017.jpg 560 345 154 188 0.67394
00017.jpg 560 341 167 186 0.66725
00017.jpg 549 304 171 222 0.66715
00017.jpg 553 139 196 390 0.66661
00017.jpg 565 343 133 183 0.66234
00017.jpg 167 0 455 507 0.65210
00017.jpg 542 135 133 389 0.65145
00017.jpg 523 154 216 376 0.64923
00017.jpg 570 343 143 182 0.64462
00017.jpg 566 353 150 173 0.64157
00017.jpg 551 325 146 206 0.63736
00017.jpg 163 36 559 488 0.63727
00017.jpg 558 333 153 195 0.63331
00017.jpg 560 345 141 188 0.61849
00017.jpg 179 0 453 519 0.61728
00017.jpg 539 134 163 399 0.61336
00017.jpg 560 347 157 188 0.60177
00017.jpg 538 167 171 330 0.59943
00017.jpg 546 339 176 193 0.59368
00017.jpg 571 345 139 178 0.57323
00017.jpg 558 333 145 205 0.55155
00017.jpg 190 0 424 516 0.54988
00017.jpg 602 148 164 365 0.54547
00017.jpg 559 256 129 257 0.53919
00017.jpg 185 20 438 510 0.53530
00017.jpg 563 277 137 231 0.52992
00017.jpg 552 151 212 388 0.52843
00017.jpg 563 132 261 407 0.51735
00017.jpg 559 322 159 217 0.51707
00017.jpg 550 135 130 404 0.51211
00017.jpg 153 14 501 487 0.51038
00017.jpg 178 23 573 476 0.50833
