00028.jpg 252 0 328 536 0.99984
00028.jpg 241 0 331 539 0.99969
00028.jpg 215 0 366 512 0.99957
00028.jpg 232 0 353 523 0.99953
00028.jpg 228 0 345 534 0.99919
00028.jpg 233 0 340 535 0.99894
00028.jpg 236 2 333 528 0.99892
00028.jpg 520 130 191 390 0.99843
00028.jpg 224 5 341 513 0.99840
00028.jpg 241 0 320 519 0.99817
00028.jpg 234 0 332 517 0.99813
00028.jpg 525 136 181 380 0.99790
00028.jpg 225 2 342 515 0.99772
00028.jpg 256 12 339 497 0.99761
00028.jpg 512 134 192 391 0.99734
00028.jpg 525 142 181 372 0.99668
00028.jpg 237 0 335 502 0.99652
00028.jpg 212 0 366 528 0.99651
00028.jpg 514 130 214 381 0.99595
00028.jpg 515 133 199 384 0.99588
00028.jpg 224 0 365 527 0.99588
00028.jpg 509 139 203 386 0.99583
00028.jpg 240 10 328 519 0.99575
00028.jpg 228 0 352 519 0.99461
00028.jpg 521 131 188 400 0.99449
00028.jpg 235 0 355 525 0.99335
00028.jpg 520 134 188 398 0.99306
00028.jpg 517 131 195 398 0.99252
00028.jpg 236 0 356 527 0.99210
00028.jpg 517 139 201 369 0.99200
00028.jpg 239 2 345 519 0.99111
00028.jpg 249 0 334 537 0.99106
00028.jpg 216 2 349 536 0.99070
00028.jpg 515 129 202 396 0.99046
00028.jpg 525 114 193 418 0.99042
00028.jpg 512 150 191 378 0.99011
00028.jpg 230 1 347 527 0.98964
00028.jpg 516 137 204 389 0.98922
00028.jpg 230 3 329 523 0.98865
00028.jpg 237 6 348 507 0.98810
00028.jpg 523 142 192 365 0.98760
00028.jpg 513 128 203 402 0.98657
00028.jpg 530 124 176 406 0.98633
00028.jpg 252 0 303 525 0.98527
00028.jpg 511 143 208 384 0.98456
00028.jpg 510 131 195 399 0.98435
00028.jpg 522 123 179 406 0.98393
00028.jpg 224 5 352 521 0.98374
00028.jpg 513 135 210 391 0.98366
00028.jpg 242 5 332 514 0.98261
00028.jpg 229 0 341 529 0.98169
00028.jpg 521 141 189 365 0.97670
00028.jpg 518 137 200 379 0.97652
00028.jpg 246 7 321 524 0.97443
00028.jpg 225 0 360 530 0.96823
00028.jpg 227 0 324 527 0.96690
00028.jpg 518 129 200 385 0.96631
00028.jpg 519 134 200 395 0.96579
00028.jpg 517 112 189 425 0.96579
00028.jpg 521 129 185 400 0.96393
00028.jpg 503 117 217 422 0.96237
00028.jpg 519 122 189 405 0.96138
00028.jpg 509 115 205 413 0.95835
00028.jpg 234 0 338 523 0.95747
00028.jpg 510 137 194 381 0.95221
00028.jpg 519 142 202 389 0.94938
00028.jpg 244 8 318 509 0.94812
00028.jpg 519 144 181 383 0.94535
00028.jpg 527 125 188 407 0.94410
00028.jpg 519 148 176 388 0.94391
00028.jpg 509 116 212 415 0.94059
00028.jpg 514 118 211 415 0.93883
00028.jpg 244 0 337 528 0.93772
00028.jpg 522 143 177 385 0.93629
00028.jpg 523 127 183 401 0.91227
00028.jpg 519 138 197 392 0.90745
00028.jpg 521 145 203 357 0.90716
00028.jpg 520 152 199 364 0.90053
00028.jpg 520 131 186 401 0.88482
00028.jpg 236 0 330 519 0.88463
00028.jpg 509 131 220 398 0.88113
00028.jpg 234 3 333 520 0.88004
00028.jpg 233 6 331 502 0.87177
00028.jpg 225 33 340 450 0.86810
00028.jpg 521 144 176 369 0.85650
00028.jpg 215 0 358 539 0.85374
00028.jpg 226 3 355 520 0.85371
00028.jpg 236 0 333 534 0.84246
00028.jpg 520 142 196 382 0.84038
00028.jpg 221 34 386 471 0.83208
00028.jpg 228 0 347 540 0.83166
00028.jpg 232 9 339 523 0.82709
00028.jpg 519 144 202 375 0.82467
00028.jpg 516 130 198 388 0.80690
00028.jpg 523 148 177 353 0.80552
00028.jpg 524 146 166 388 0.79206
00028.jpg 223 3 333 512 0.79117
00028.jpg 516 122 226 397 0.78570
00028.jpg 226 2 361 534 0.74805
00028.jpg 518 151 170 353 0.73242
00028.jpg 237 0 328 535 0.72319
00028.jpg 524 140 170 369 0.72193
00028.jpg 532 118 195 409 0.71813
00028.jpg 257 4 325 513 0.71202
00028.jpg 252 8 334 505 0.70536
00028.jpg 529 106 199 430 0.70488
00028.jpg 507 131 196 387 0.70433
00028.jpg 524 128 202 401 0.69666
00028.jpg 514 132 186 394 0.69161
00028.jpg 516 154 208 371 0.68884
00028.jpg 516 141 189 379 0.67522
00028.jpg 538 141 192 372 0.62105
00028.jpg 239 41 355 490 0.61334
00028.jpg 515 107 187 420 0.59378
00028.jpg 497 125 238 403 0.57256
00028.jpg 517 135 174 385 0.55872
00028.jpg 504 104 207 425 0.52849
00028.jpg 495 112 232 415 0.52609
00028.jpg 237 0 335 539 0.51436
