00034.jpg 238 1 330 516 0.99982
00034.jpg 241 0 339 523 0.99965
00034.jpg 250 0 326 511 0.99959
00034.jpg 248 0 324 511 0.99951
00034.jpg 231 0 343 515 0.99925
00034.jpg 227 0 344 513 0.99893
00034.jpg 541 140 173 378 0.99890
00034.jpg 231 0 353 523 0.99888
00034.jpg 545 147 165 372 0.99880
00034.jpg 225 0 342 511 0.99880
00034.jpg 237 12 348 481 0.99830
00034.jpg 227 0 355 514 0.99824
00034.jpg 534 137 172 391 0.99819
00034.jpg 220 0 359 528 0.99802
00034.jpg 249 10 323 499 0.99792
00034.jpg 236 0 341 537 0.99784
00034.jpg 226 5 353 532 0.99748
00034.jpg 239 7 325 504 0.99732
00034.jpg 536 137 176 374 0.99705
00034.jpg 219 8 360 504 0.99698
00034.jpg 529 134 174 386 0.99683
00034.jpg 228 0 346 528 0.99655
00034.jpg 230 2 329 496 0.99635
00034.jpg 227 0 344 530 0.99600
00034.jpg 227 0 362 534 0.99553
00034.jpg 225 1 336 531 0.99551
00034.jpg 240 0 323 513 0.99534
00034.jpg 528 141 180 380 0.99477
00034.jpg 528 142 200 373 0.99470
00034.jpg 529 117 200 418 0.99433
00034.jpg 545 148 161 364 0.99366
00034.jpg 249 0 325 531 0.99321
00034.jpg 531 132 167 394 0.99284
00034.jpg 248 3 318 518 0.99274
00034.jpg 533 127 194 396 0.99270
00034.jpg 537 148 181 371 0.99238
00034.jpg 536 144 174 395 0.99144
00034.jpg 243 0 308 535 0.99083
00034.jpg 242 0 322 529 0.99079
00034.jpg 522 141 181 395 0.99014
00034.jpg 544 138 169 401 0.98962
00034.jpg 527 129 190 401 0.98915
00034.jpg 244 0 349 529 0.98870
00034.jpg 229 0 344 531 0.98869
00034.jpg 533 133 183 391 0.98833
00034.jpg 245 0 319 519 0.98736
00034.jpg 535 136 183 389 0.98703
00034.jpg 529 148 173 384 0.98625
00034.jpg 531 147 179 381 0.98601
00034.jpg 243 0 324 525 0.98508
00034.jpg 528 131 195 397 0.98439
00034.jpg 537 140 183 377 0.98331
00034.jpg 224 0 338 525 0.98282
00034.jpg 523 120 205 405 0.98195
00034.jpg 542 135 168 387 0.98078
00034.jpg 245 0 323 510 0.98021
00034.jpg 538 135 178 396 0.97992
00034.jpg 241 0 328 528 0.97981
00034.jpg 532 131 179 388 0.97914
00034.jpg 531 144 168 377 0.97882
00034.jpg 534 139 176 377 0.97258
00034.jpg 532 131 184 400 0.97232
00034.jpg 536 146 168 386 0.97072
00034.jpg 240 0 332 532 0.96955
00034.jpg 230 9 331 518 0.96664
00034.jpg 536 116 169 411 0.96468
00034.jpg 251 0 314 529 0.96281
00034.jpg 225 30 345 460 0.95788
00034.jpg 233 0 333 525 0.95737
00034.jpg 525 132 190 384 0.95661
00034.jpg 532 141 170 387 0.95433
00034.jpg 537 127 157 399 0.95393
00034.jpg 232 0 340 514 0.95392
00034.jpg 534 136 196 389 0.95151
00034.jpg 230 6 334 487 0.94472
00034.jpg 533 140 167 396 0.94187
00034.jpg 530 147 179 362 0.94053
00034.jpg 244 0 324 530 0.94020
00034.jpg 541 138 175 381 0.93255
00034.jpg 536 137 180 378 0.92607
00034.jpg 234 0 323 504 0.91405
00034.jpg 247 0 315 531 0.91398
00034.jpg 534 146 166 390 0.91276
00034.jpg 235 2 350 517 0.90958
00034.jpg 535 138 173 379 0.90146
00034.jpg 232 22 331 505 0.89658
00034.jpg 538 148 166 362 0.89574
00034.jpg 546 154 165 366 0.89528
00034.jpg 526 132 185 399 0.89170
00034.jpg 540 136 163 403 0.88818
00034.jpg 535 141 164 378 0.88021
00034.jpg 533 145 168 377 0.86976
00034.jpg 532 138 171 391 0.85958
00034.jpg 533 152 165 366 0.84289
00034.jpg 528 117 195 412 0.84183
00034.jpg 220 26 352 498 0.83864
00034.jpg 530 135 173 387 0.82268
00034.jpg 233 0 343 531 0.81627
00034.jpg 214 0 358 520 0.81208
00034.jpg 236 13 330 488 0.80354
00034.jpg 531 148 172 371 0.78235
00034.jpg 545 129 155 403 0.77761
00034.jpg 512 126 245 390 0.77299
00034.jpg 212 38 335 451 0.77237
00034.jpg 231 0 348 540 0.74452
00034.jpg 229 0 342 519 0.72415
00034.jpg 236 2 331 515 0.72147
00034.jpg 525 148 179 366 0.71597
00034.jpg 241 0 330 524 0.71096
00034.jpg 226 0 342 498 0.70957
00034.jpg 537 133 195 392 0.70216
00034.jpg 535 136 233 378 0.68404
00034.jpg 539 143 172 357 0.66240
00034.jpg 532 143 164 379 0.64719
00034.jpg 229 11 329 516 0.57260
00034.jpg 273 0 305 510 0.53851
00034.jpg 545 122 216 383 0.53481
00034.jpg 243 5 334 511 0.52246
00034.jpg 530 123 187 407 0.51067
00034.jpg 241 0 324 521 0.50479
