00049.jpg 160 0 474 538 0.99978
00049.jpg 166 0 459 532 0.99951
00049.jpg 153 3 467 536 0.99947
00049.jpg 159 8 445 515 0.99940
00049.jpg 169 0 425 510 0.99937
00049.jpg 166 2 431 523 0.99860
00049.jpg 170 6 457 529 0.99841
00049.jpg 163 0 447 536 0.99800
00049.jpg 145 0 468 509 0.99797
00049.jpg 165 0 446 529 0.99687
00049.jpg 163 0 458 530 0.99664
00049.jpg 163 0 458 528 0.99535
00049.jpg 165 0 459 520 0.99381
00049.jpg 187 11 417 518 0.99366
00049.jpg 165 0 483 504 0.99360
00049.jpg 160 2 468 505 0.99279
00049.jpg 169 0 454 533 0.99260
00049.jpg 167 0 467 530 0.99036
00049.jpg 143 0 502 526 0.98906
00049.jpg 171 3 444 526 0.98859
00049.jpg 606 161 224 312 0.98856
00049.jpg 628 165 183 239 0.98810
00049.jpg 620 173 210 252 0.98685
00049.jpg 606 173 229 256 0.98630
00049.jpg 166 3 463 522 0.98511
00049.jpg 161 0 455 521 0.98504
00049.jpg 162 9 457 494 0.98284
00049.jpg 616 167 193 233 0.97990
00049.jpg 170 0 454 540 0.97914
00049.jpg 164 11 458 525 0.97834
00049.jpg 630 178 190 291 0.97832
00049.jpg 608 160 221 331 0.97772
00049.jpg 626 166 196 254 0.97672
00049.jpg 152 1 479 528 0.97551
00049.jpg 154 27 464 481 0.97536
00049.jpg 628 160 185 241 0.97481
00049.jpg 157 0 475 519 0.97445
00049.jpg 602 175 251 315 0.97407
00049.jpg 158 0 462 534 0.97370
00049.jpg 177 5 464 498 0.97215
00049.jpg 149 14 518 496 0.97173
00049.jpg 614 159 220 292 0.97146
00049.jpg 167 5 438 513 0.97065
00049.jpg 162 0 453 525 0.96824
00049.jpg 616 169 202 259 0.96418
00049.jpg 624 165 203 293 0.95910
00049.jpg 627 180 200 282 0.95862
00049.jpg 625 164 181 239 0.95232
00049.jpg 609 175 222 246 0.95000
00049.jpg 597 160 244 287 0.94853
00049.jpg 627 166 181 239 0.94745
00049.jpg 616 164 204 233 0.94674
00049.jpg 622 157 184 245 0.94561
00049.jpg 165 0 450 531 0.94472
00049.jpg 605 163 232 300 0.94198
00049.jpg 614 158 206 291 0.94082
00049.jpg 620 165 195 247 0.94080
00049.jpg 126 13 609 462 0.93881
00049.jpg 613 174 210 258 0.93658
00049.jpg 619 167 198 262 0.93658
00049.jpg 615 165 201 300 0.93076
00049.jpg 604 161 235 302 0.92923
00049.jpg 627 169 189 217 0.92900
00049.jpg 166 7 441 527 0.92810
00049.jpg 617 168 193 221 0.92281
00049.jpg 631 176 186 234 0.92274
00049.jpg 144 9 426 512 0.92215
00049.jpg 617 161 219 309 0.91958
00049.jpg 612 155 237 336 0.91920
00049.jpg 611 165 221 275 0.91682
00049.jpg 632 161 175 248 0.91493
00049.jpg 628 167 189 244 0.91000
00049.jpg 625 166 190 230 0.90804
00049.jpg 623 169 190 230 0.90769
00049.jpg 629 161 182 236 0.90288
00049.jpg 614 155 213 341 0.90088
00049.jpg 628 172 193 260 0.89542
00049.jpg 616 162 229 279 0.89525
00049.jpg 621 169 183 204 0.89128
00049.jpg 627 160 186 242 0.89017
00049.jpg 633 165 171 233 0.88510
00049.jpg 606 156 249 332 0.88428
00049.jpg 619 164 192 227 0.88233
00049.jpg 619 161 221 337 0.87681
00049.jpg 631 171 205 296 0.87483
00049.jpg 173 11 440 524 0.87228
00049.jpg 588 157 246 331 0.87004
00049.jpg 628 166 177 220 0.86994
00049.jpg 171 8 451 518 0.86181
00049.jpg 619 164 195 251 0.85829
00049.jpg 632 151 211 328 0.85818
00049.jpg 584 160 239 337 0.85478
00049.jpg 624 167 184 227 0.84635
00049.jpg 629 163 178 232 0.84309
00049.jpg 603 165 241 308 0.84241
00049.jpg 635 169 178 210 0.84217
00049.jpg 621 172 186 203 0.83398
00049.jpg 620 151 212 349 0.83249
00049.jpg 626 157 198 260 0.83216
00049.jpg 622 165 194 243 0.82716
00049.jpg 626 171 177 214 0.81851
00049.jpg 180 0 417 530 0.81429
00049.jpg 624 169 188 217 0.81271
00049.jpg 623 148 219 349 0.81092
00049.jpg 629 166 184 244 0.79907
00049.jpg 623 170 193 246 0.79697
00049.jpg 618 163 209 288 0.79583
00049.jpg 624 162 186 313 0.79288
00049.jpg 623 173 190 226 0.78546
00049.jpg 173 0 447 509 0.78544
00049.jpg 609 179 195 196 0.78318
00049.jpg 629 169 179 258 0.77502
00049.jpg 628 164 189 218 0.77386
00049.jpg 618 168 194 238 0.76940
00049.jpg 629 170 180 186 0.76307
00049.jpg 163 72 517 414 0.75919
00049.jpg 615 159 216 286 0.75833
00049.jpg 618 169 235 300 0.74838
00049.jpg 620 159 203 316 0.73889
00049.jpg 631 153 210 338 0.73785
00049.jpg 592 165 247 309 0.73512
00049.jpg 623 172 192 250 0.73419
00049.jpg 595 161 255 293 0.73230
00049.jpg 630 161 182 252 0.72460
00049.jpg 608 175 206 251 0.72137
00049.jpg 609 158 209 291 0.71857
00049.jpg 609 148 213 364 0.71458
00049.jpg 627 162 190 248 0.70978
00049.jpg 629 173 175 209 0.70873
00049.jpg 622 160 215 288 0.70808
00049.jpg 611 163 218 257 0.70452
00049.jpg 624 172 181 231 0.69812
00049.jpg 619 173 201 199 0.69093
00049.jpg 620 166 191 243 0.68731
00049.jpg 152 6 484 514 0.68319
00049.jpg 624 167 183 223 0.68240
00049.jpg 169 8 416 523 0.67966
00049.jpg 183 18 421 502 0.67699
00049.jpg 630 165 177 269 0.67674
00049.jpg 619 169 191 224 0.67501
00049.jpg 628 166 177 264 0.66533
00049.jpg 623 156 195 268 0.65895
00049.jpg 621 166 191 230 0.65884
00049.jpg 619 176 191 217 0.65785
00049.jpg 625 170 179 209 0.65654
00049.jpg 623 164 182 248 0.65286
00049.jpg 632 173 177 192 0.64521
00049.jpg 590 170 223 272 0.64301
00049.jpg 631 169 186 210 0.64138
00049.jpg 623 166 189 237 0.63666
00049.jpg 576 146 268 355 0.63514
00049.jpg 624 158 211 255 0.62423
00049.jpg 625 172 177 208 0.62365
00049.jpg 189 3 411 506 0.60961
00049.jpg 630 164 173 232 0.60014
00049.jpg 635 164 210 273 0.59917
00049.jpg 621 169 182 200 0.59836
00049.jpg 581 149 280 348 0.59762
00049.jpg 626 161 186 249 0.59308
00049.jpg 153 19 494 484 0.57722
00049.jpg 177 11 420 510 0.57196
00049.jpg 617 161 196 208 0.55969
00049.jpg 191 4 422 515 0.55737
00049.jpg 618 165 201 220 0.55623
00049.jpg 629 176 181 220 0.55574
00049.jpg 578 178 252 281 0.54097
00049.jpg 148 4 477 507 0.52350
00049.jpg 627 174 179 166 0.52190
