00061.jpg 23 19 494 510 0.99981
00061.jpg 39 10 470 515 0.99971
00061.jpg 25 0 478 527 0.99963
00061.jpg 18 4 453 512 0.99945
00061.jpg 10 7 492 501 0.99927
00061.jpg 24 14 464 499 0.99913
00061.jpg 22 12 467 498 0.99881
00061.jpg 11 21 473 486 0.99851
00061.jpg 24 31 486 470 0.99775
00061.jpg 10 1 476 533 0.99693
00061.jpg 43 29 458 482 0.99534
00061.jpg 33 6 447 516 0.99429
00061.jpg 42 31 467 490 0.99204
00061.jpg 28 8 442 530 0.99130
00061.jpg 27 2 464 524 0.98731
00061.jpg 31 17 456 496 0.98618
00061.jpg 11 8 499 524 0.98581
00061.jpg 28 0 450 540 0.98366
00061.jpg 14 0 473 532 0.98298
00061.jpg 25 0 466 530 0.98106
00061.jpg 647 159 256 347 0.98029
00061.jpg 18 18 464 489 0.97866
00061.jpg 661 141 253 348 0.97806
00061.jpg 2 40 479 466 0.97785
00061.jpg 16 12 493 500 0.97682
00061.jpg 13 9 479 525 0.97668
00061.jpg 649 116 254 398 0.97117
00061.jpg 655 143 249 357 0.96651
00061.jpg 0 18 459 483 0.95744
00061.jpg 663 155 245 353 0.95710
00061.jpg 656 161 242 313 0.95642
00061.jpg 650 138 258 343 0.95328
00061.jpg 663 166 233 138 0.95207
00061.jpg 28 5 451 520 0.95133
00061.jpg 652 137 251 369 0.94992
00061.jpg 673 157 224 164 0.94947
00061.jpg 35 10 447 513 0.94915
00061.jpg 662 154 245 346 0.94857
00061.jpg 683 162 215 159 0.94578
00061.jpg 672 165 229 161 0.94502
00061.jpg 678 159 221 166 0.94343
00061.jpg 657 159 245 162 0.94228
00061.jpg 668 150 227 311 0.94024
00061.jpg 675 164 235 150 0.93478
00061.jpg 672 165 226 145 0.93443
00061.jpg 11 2 471 526 0.93419
00061.jpg 670 160 235 161 0.93130
00061.jpg 675 166 224 150 0.92616
00061.jpg 679 160 222 162 0.92517
00061.jpg 668 165 238 142 0.92170
00061.jpg 674 161 241 320 0.92148
00061.jpg 676 160 224 158 0.91753
00061.jpg 27 12 468 476 0.91089
00061.jpg 27 7 453 492 0.91082
00061.jpg 664 133 230 380 0.91033
00061.jpg 670 158 239 323 0.90907
00061.jpg 667 154 231 347 0.90854
00061.jpg 647 154 257 325 0.90771
00061.jpg 4 0 483 539 0.90754
00061.jpg 674 159 230 152 0.90635
00061.jpg 673 155 234 154 0.90546
00061.jpg 25 0 444 530 0.90349
00061.jpg 648 130 259 375 0.90164
00061.jpg 640 143 272 362 0.89994
00061.jpg 672 164 235 145 0.89961
00061.jpg 674 160 227 147 0.88922
00061.jpg 666 160 239 154 0.88188
00061.jpg 638 157 285 347 0.87993
00061.jpg 22 18 447 509 0.87808
00061.jpg 663 157 237 165 0.86444
00061.jpg 641 149 270 338 0.85827
00061.jpg 671 140 237 338 0.85711
00061.jpg 654 131 255 385 0.85469
00061.jpg 668 161 230 294 0.85202
00061.jpg 664 143 246 261 0.85102
00061.jpg 654 159 260 308 0.85042
00061.jpg 29 20 453 465 0.84971
00061.jpg 676 129 210 394 0.84911
00061.jpg 650 150 262 351 0.84319
00061.jpg 667 158 227 193 0.84207
00061.jpg 674 164 233 153 0.84133
00061.jpg 685 166 220 144 0.83773
00061.jpg 677 157 225 155 0.83501
00061.jpg 650 156 274 328 0.83331
00061.jpg 676 160 228 138 0.83164
00061.jpg 666 158 240 164 0.83156
00061.jpg 659 166 250 259 0.83147
00061.jpg 671 161 224 163 0.83044
00061.jpg 0 9 492 519 0.81980
00061.jpg 669 165 230 194 0.81788
00061.jpg 647 144 277 354 0.81599
00061.jpg 662 167 240 146 0.81520
00061.jpg 33 5 443 523 0.81443
00061.jpg 664 161 240 140 0.81424
00061.jpg 677 151 224 175 0.81042
00061.jpg 651 120 258 403 0.79321
00061.jpg 676 140 227 260 0.79265
00061.jpg 676 159 219 161 0.79245
00061.jpg 659 141 254 362 0.79183
00061.jpg 661 159 237 295 0.77946
00061.jpg 43 14 416 508 0.76584
00061.jpg 674 165 232 147 0.76378
00061.jpg 651 150 238 365 0.76336
00061.jpg 665 162 234 165 0.76245
00061.jpg 669 158 233 151 0.76234
00061.jpg 685 160 219 168 0.75925
00061.jpg 654 129 256 384 0.75124
00061.jpg 668 156 240 168 0.73629
00061.jpg 646 157 275 326 0.73486
00061.jpg 665 155 248 165 0.73287
00061.jpg 674 158 238 202 0.73263
00061.jpg 651 166 266 338 0.72900
00061.jpg 656 132 239 374 0.72836
00061.jpg 652 154 260 329 0.72587
00061.jpg 675 165 229 154 0.71257
00061.jpg 666 170 237 163 0.70387
00061.jpg 31 5 476 515 0.70320
00061.jpg 644 186 265 307 0.70294
00061.jpg 679 165 223 144 0.69590
00061.jpg 653 150 247 347 0.69565
00061.jpg 661 149 248 257 0.69543
00061.jpg 13 19 484 500 0.67993
00061.jpg 688 158 220 141 0.67290
00061.jpg 657 154 251 194 0.67057
00061.jpg 664 143 229 358 0.66778
00061.jpg 671 169 229 168 0.64589
00061.jpg 681 161 217 153 0.64016
00061.jpg 676 150 228 180 0.63145
00061.jpg 678 167 219 141 0.62159
00061.jpg 661 151 242 187 0.62116
00061.jpg 673 164 228 149 0.60479
00061.jpg 637 156 288 359 0.60068
00061.jpg 664 155 256 151 0.58508
00061.jpg 14 26 490 484 0.57548
00061.jpg 680 164 218 147 0.57069
00061.jpg 668 154 234 177 0.57035
00061.jpg 662 141 231 363 0.55568
00061.jpg 650 198 252 306 0.55244
00061.jpg 38 18 425 497 0.55114
00061.jpg 55 2 429 516 0.54862
00061.jpg 13 18 479 510 0.54024
00061.jpg 675 158 225 160 0.54008
00061.jpg 669 158 238 144 0.53649
00061.jpg 660 138 268 374 0.53593
00061.jpg 668 131 227 388 0.52468
00061.jpg 673 150 238 200 0.52441
00061.jpg 659 153 239 235 0.51761
00061.jpg 666 149 249 279 0.51621
00061.jpg 686 162 221 148 0.51277
00061.jpg 680 163 231 159 0.51012
00061.jpg 664 164 228 177 0.50829
