00064.jpg 10 0 470 533 0.99994
00064.jpg 9 1 469 529 0.99944
00064.jpg 8 2 456 526 0.99943
00064.jpg 2 0 466 515 0.99913
00064.jpg 0 0 470 533 0.99906
00064.jpg 0 18 478 512 0.99885
00064.jpg 0 2 472 508 0.99885
00064.jpg 4 14 490 495 0.99878
00064.jpg 18 8 451 497 0.99849
00064.jpg 0 0 476 525 0.99800
00064.jpg 10 2 459 530 0.99692
00064.jpg 1 9 489 511 0.99652
00064.jpg 0 0 461 539 0.99647
00064.jpg 0 14 478 515 0.99617
00064.jpg 666 140 190 367 0.99446
00064.jpg 0 4 466 510 0.99412
00064.jpg 11 12 460 521 0.99193
00064.jpg 0 0 479 532 0.99175
00064.jpg 12 12 466 511 0.99008
00064.jpg 0 0 469 533 0.98983
00064.jpg 670 141 188 382 0.98740
00064.jpg 18 0 429 531 0.98718
00064.jpg 650 142 210 374 0.98636
00064.jpg 657 135 200 394 0.98484
00064.jpg 0 0 482 531 0.98438
00064.jpg 661 139 199 385 0.98162
00064.jpg 670 130 180 401 0.98131
00064.jpg 672 146 179 381 0.98033
00064.jpg 669 137 191 373 0.97991
00064.jpg 0 7 465 496 0.97921
00064.jpg 9 36 442 462 0.97684
00064.jpg 660 135 201 381 0.97553
00064.jpg 7 10 469 501 0.97497
00064.jpg 674 142 174 365 0.97492
00064.jpg 669 130 193 389 0.97408
00064.jpg 672 138 186 381 0.96925
00064.jpg 663 158 197 365 0.96779
00064.jpg 664 132 200 396 0.96529
00064.jpg 0 0 476 529 0.96131
00064.jpg 0 7 479 512 0.95940
00064.jpg 671 143 174 385 0.95908
00064.jpg 665 125 185 390 0.95905
00064.jpg 663 144 185 382 0.95862
00064.jpg 654 121 202 411 0.95691
00064.jpg 21 14 455 505 0.95600
00064.jpg 664 148 189 361 0.95461
00064.jpg 642 142 214 366 0.95211
00064.jpg 669 129 187 383 0.95007
00064.jpg 660 136 201 381 0.94799
00064.jpg 663 154 216 356 0.94238
00064.jpg 668 149 190 368 0.94147
00064.jpg 661 148 200 382 0.94031
00064.jpg 674 142 181 386 0.93727
00064.jpg 672 122 179 408 0.91954
00064.jpg 664 130 192 398 0.91922
00064.jpg 661 137 192 377 0.91914
00064.jpg 669 157 185 224 0.91427
00064.jpg 10 2 461 524 0.90402
00064.jpg 0 7 486 517 0.90205
00064.jpg 674 155 173 149 0.90017
00064.jpg 673 140 174 380 0.88257
00064.jpg 0 6 468 512 0.88100
00064.jpg 0 0 473 534 0.87898
00064.jpg 669 159 180 221 0.87502
00064.jpg 666 146 198 363 0.86914
00064.jpg 656 132 209 390 0.86846
00064.jpg 9 0 444 532 0.85599
00064.jpg 17 0 439 528 0.84890
00064.jpg 665 146 193 360 0.84056
00064.jpg 670 140 195 377 0.83487
00064.jpg 668 149 207 363 0.83138
00064.jpg 12 45 459 472 0.81729
00064.jpg 678 158 163 142 0.81680
00064.jpg 672 149 182 297 0.80961
00064.jpg 651 138 217 384 0.79545
00064.jpg 652 152 201 370 0.78205
00064.jpg 670 157 182 160 0.78109
00064.jpg 9 9 445 520 0.77974
00064.jpg 678 148 161 155 0.77410
00064.jpg 660 143 193 374 0.76147
00064.jpg 665 146 188 360 0.75937
00064.jpg 665 155 183 152 0.75135
00064.jpg 677 148 171 152 0.74533
00064.jpg 672 152 175 164 0.74366
00064.jpg 666 126 184 407 0.73987
00064.jpg 666 148 187 265 0.73364
00064.jpg 677 150 179 167 0.71674
00064.jpg 666 156 177 176 0.71645
00064.jpg 671 153 172 180 0.70906
00064.jpg 676 153 168 153 0.70316
00064.jpg 663 152 184 226 0.70304
00064.jpg 681 154 175 167 0.70164
00064.jpg 663 153 191 184 0.70050
00064.jpg 672 151 168 174 0.69487
00064.jpg 656 140 192 390 0.69336
00064.jpg 656 155 195 183 0.67910
00064.jpg 664 155 193 263 0.67344
00064.jpg 674 152 168 152 0.66309
00064.jpg 675 154 176 161 0.65864
00064.jpg 670 151 179 280 0.64867
00064.jpg 674 145 164 175 0.64629
00064.jpg 661 156 186 142 0.64441
00064.jpg 670 160 169 150 0.63918
00064.jpg 676 160 159 377 0.62068
00064.jpg 9 8 460 518 0.61813
00064.jpg 673 154 166 154 0.61751
00064.jpg 663 128 188 375 0.61320
00064.jpg 684 149 162 152 0.60180
00064.jpg 663 153 189 228 0.59991
00064.jpg 2 18 464 480 0.59645
00064.jpg 670 144 177 166 0.59024
00064.jpg 684 155 164 142 0.57797
00064.jpg 679 155 168 141 0.55926
00064.jpg 10 25 450 502 0.55718
00064.jpg 673 155 172 141 0.55610
00064.jpg 670 154 173 152 0.55438
00064.jpg 671 156 167 145 0.54759
00064.jpg 658 157 198 270 0.54545
00064.jpg 681 151 163 151 0.54426
00064.jpg 684 156 160 142 0.54252
00064.jpg 670 112 174 359 0.52765
00064.jpg 660 146 191 298 0.52036
00064.jpg 8 28 460 485 0.51633
00064.jpg 669 157 172 153 0.51273
00064.jpg 678 154 165 141 0.50564
00064.jpg 14 13 440 508 0.49938
