00071.jpg 17 3 403 514 0.99997
00071.jpg 25 0 391 520 0.99990
00071.jpg 7 3 426 528 0.99985
00071.jpg 13 0 430 525 0.99960
00071.jpg 33 17 409 499 0.99954
00071.jpg 23 0 413 525 0.99852
00071.jpg 31 3 400 536 0.99850
00071.jpg 0 5 434 505 0.99844
00071.jpg 27 1 408 538 0.99813
00071.jpg 33 1 406 527 0.99803
00071.jpg 18 9 406 530 0.99786
00071.jpg 30 8 395 504 0.99775
00071.jpg 18 0 412 526 0.99692
00071.jpg 21 0 405 534 0.99680
00071.jpg 23 0 415 518 0.99664
00071.jpg 20 1 422 530 0.99611
00071.jpg 13 0 448 532 0.99598
00071.jpg 533 147 316 389 0.99536
00071.jpg 529 155 319 375 0.99442
00071.jpg 522 156 320 373 0.99437
00071.jpg 499 138 351 394 0.99349
00071.jpg 533 155 300 352 0.99346
00071.jpg 522 140 324 383 0.99340
00071.jpg 516 135 341 391 0.99301
00071.jpg 511 135 352 399 0.99284
00071.jpg 27 13 422 522 0.99276
00071.jpg 20 7 410 506 0.99114
00071.jpg 502 147 349 369 0.99014
00071.jpg 0 32 440 490 0.98996
00071.jpg 532 139 315 374 0.98699
00071.jpg 517 146 335 374 0.98570
00071.jpg 511 151 332 378 0.98468
00071.jpg 531 140 319 379 0.98325
00071.jpg 529 149 313 368 0.98170
00071.jpg 18 12 411 509 0.97932
00071.jpg 522 139 334 379 0.97908
00071.jpg 17 0 431 531 0.97737
00071.jpg 513 148 336 352 0.97646
00071.jpg 0 0 435 533 0.97605
00071.jpg 523 136 328 394 0.97599
00071.jpg 17 8 417 524 0.97471
00071.jpg 528 145 323 382 0.97410
00071.jpg 528 134 315 387 0.97315
00071.jpg 11 0 428 537 0.97265
00071.jpg 522 127 332 412 0.97184
00071.jpg 532 141 331 382 0.96710
00071.jpg 518 149 342 370 0.96626
00071.jpg 514 117 323 410 0.96486
00071.jpg 22 11 429 504 0.96329
00071.jpg 522 116 341 401 0.96035
00071.jpg 519 142 326 380 0.95793
00071.jpg 16 7 433 518 0.95775
00071.jpg 517 135 321 382 0.95735
00071.jpg 516 141 331 374 0.95085
00071.jpg 555 119 285 398 0.94825
00071.jpg 514 144 328 373 0.94801
00071.jpg 27 0 409 540 0.94694
00071.jpg 516 128 338 390 0.94333
00071.jpg 29 0 407 526 0.93987
00071.jpg 522 134 336 357 0.93682
00071.jpg 0 9 409 511 0.93105
00071.jpg 0 17 444 488 0.92789
00071.jpg 10 13 423 521 0.92080
00071.jpg 513 134 329 381 0.92064
00071.jpg 516 158 330 366 0.91712
00071.jpg 8 34 418 482 0.91417
00071.jpg 529 148 323 378 0.91408
00071.jpg 519 149 347 367 0.91391
00071.jpg 32 5 401 525 0.90755
00071.jpg 23 0 405 534 0.90555
00071.jpg 519 135 327 398 0.90267
00071.jpg 521 154 331 368 0.90028
00071.jpg 526 138 321 393 0.89820
00071.jpg 19 6 406 519 0.89673
00071.jpg 515 150 329 368 0.89496
00071.jpg 519 145 343 371 0.89444
00071.jpg 550 154 277 357 0.88365
00071.jpg 39 1 390 538 0.88203
00071.jpg 511 148 338 380 0.87043
00071.jpg 520 130 322 407 0.86281
00071.jpg 525 134 343 380 0.85968
00071.jpg 15 1 424 538 0.83719
00071.jpg 507 136 342 377 0.83599
00071.jpg 514 115 334 411 0.83343
00071.jpg 529 144 314 363 0.83152
00071.jpg 526 150 333 371 0.81292
00071.jpg 30 11 390 499 0.80011
00071.jpg 38 15 383 500 0.76977
00071.jpg 651 389 160 142 0.76079
00071.jpg 533 127 304 407 0.73614
00071.jpg 532 146 303 361 0.73594
00071.jpg 21 10 383 504 0.72065
00071.jpg 27 11 402 509 0.71838
00071.jpg 657 383 158 143 0.71830
00071.jpg 541 129 311 388 0.70530
00071.jpg 655 382 156 149 0.68930
00071.jpg 534 151 309 366 0.66406
00071.jpg 668 391 145 133 0.65678
00071.jpg 664 390 139 132 0.65261
00071.jpg 499 128 342 395 0.63878
00071.jpg 662 375 143 151 0.62905
00071.jpg 659 381 140 155 0.62668
00071.jpg 665 380 133 151 0.61760
00071.jpg 531 149 292 355 0.59869
00071.jpg 671 385 136 147 0.57236
00071.jpg 31 10 389 508 0.56248
00071.jpg 13 14 424 498 0.55767
00071.jpg 662 387 146 146 0.55575
00071.jpg 534 140 323 398 0.55321
00071.jpg 657 374 148 159 0.54737
00071.jpg 654 375 151 149 0.51936
00071.jpg 654 383 144 136 0.51237
00071.jpg 526 136 345 358 0.50486
00071.jpg 656 397 156 132 0.50307
00071.jpg 672 381 140 147 0.50268
00071.jpg 533 158 321 357 0.50075
