00072.jpg 8 1 421 507 0.99985
00072.jpg 25 12 416 503 0.99981
00072.jpg 6 4 436 527 0.99979
00072.jpg 18 8 412 518 0.99948
00072.jpg 25 8 395 516 0.99891
00072.jpg 24 3 410 529 0.99881
00072.jpg 535 143 308 370 0.99860
00072.jpg 15 13 415 514 0.99847
00072.jpg 24 4 403 527 0.99791
00072.jpg 11 7 414 514 0.99748
00072.jpg 18 0 416 540 0.99743
00072.jpg 1 19 431 518 0.99734
00072.jpg 12 0 415 529 0.99710
00072.jpg 539 157 313 364 0.99693
00072.jpg 10 13 415 526 0.99655
00072.jpg 20 7 407 518 0.99636
00072.jpg 542 145 308 381 0.99613
00072.jpg 528 131 327 400 0.99576
00072.jpg 18 0 410 529 0.99464
00072.jpg 0 5 431 534 0.99459
00072.jpg 10 17 427 509 0.99403
00072.jpg 32 13 407 504 0.99388
00072.jpg 25 0 407 532 0.99366
00072.jpg 523 141 325 377 0.99358
00072.jpg 519 141 324 382 0.99107
00072.jpg 543 141 304 384 0.99079
00072.jpg 516 143 336 393 0.98973
00072.jpg 539 130 302 405 0.98967
00072.jpg 533 148 315 365 0.98859
00072.jpg 17 6 417 529 0.98821
00072.jpg 27 35 413 477 0.98702
00072.jpg 522 147 337 382 0.98645
00072.jpg 531 140 304 384 0.98628
00072.jpg 534 147 318 385 0.98482
00072.jpg 532 139 311 400 0.98416
00072.jpg 534 155 307 363 0.98263
00072.jpg 543 150 310 370 0.98194
00072.jpg 532 149 310 381 0.98120
00072.jpg 530 142 320 387 0.98082
00072.jpg 528 150 321 378 0.98076
00072.jpg 528 142 343 378 0.98050
00072.jpg 539 141 305 388 0.97986
00072.jpg 531 145 313 388 0.97925
00072.jpg 533 146 306 364 0.97830
00072.jpg 25 7 416 519 0.97817
00072.jpg 527 140 333 374 0.97789
00072.jpg 17 15 413 504 0.97730
00072.jpg 533 147 306 367 0.97578
00072.jpg 32 6 398 506 0.97497
00072.jpg 537 144 299 393 0.97493
00072.jpg 21 0 416 538 0.96756
00072.jpg 0 14 417 501 0.96556
00072.jpg 24 3 402 523 0.96036
00072.jpg 23 7 408 515 0.95780
00072.jpg 532 140 315 391 0.95739
00072.jpg 35 5 385 517 0.94706
00072.jpg 519 156 339 373 0.93314
00072.jpg 18 9 412 489 0.93284
00072.jpg 538 150 313 334 0.92630
00072.jpg 0 27 427 470 0.92303
00072.jpg 528 149 325 377 0.92095
00072.jpg 528 133 314 386 0.91791
00072.jpg 540 165 303 354 0.91680
00072.jpg 554 157 276 359 0.90934
00072.jpg 532 133 323 397 0.90827
00072.jpg 24 16 400 516 0.90002
00072.jpg 21 7 409 520 0.87843
00072.jpg 522 142 343 375 0.87707
00072.jpg 529 162 308 371 0.85952
00072.jpg 659 387 151 136 0.84367
00072.jpg 521 144 318 384 0.81932
00072.jpg 532 125 332 407 0.81510
00072.jpg 529 129 321 389 0.80920
00072.jpg 35 9 384 517 0.78930
00072.jpg 16 4 420 528 0.77669
00072.jpg 650 375 152 157 0.75892
00072.jpg 540 140 308 372 0.75183
00072.jpg 533 153 313 374 0.74890
00072.jpg 649 386 160 145 0.74541
00072.jpg 660 382 153 140 0.73687
00072.jpg 526 133 329 391 0.73518
00072.jpg 652 385 156 140 0.73178
00072.jpg 537 157 304 366 0.71633
00072.jpg 534 146 326 366 0.70826
00072.jpg 662 390 145 140 0.67271
00072.jpg 23 0 408 530 0.67097
00072.jpg 554 131 305 383 0.66783
00072.jpg 538 148 316 374 0.65206
00072.jpg 535 147 323 392 0.63729
00072.jpg 543 143 306 372 0.63389
00072.jpg 655 387 142 135 0.61991
00072.jpg 546 157 280 352 0.60903
00072.jpg 665 395 149 132 0.60164
00072.jpg 641 382 178 147 0.59698
00072.jpg 669 384 145 148 0.59047
00072.jpg 662 392 145 140 0.58587
00072.jpg 512 150 312 374 0.58404
00072.jpg 541 149 267 386 0.57495
00072.jpg 537 153 308 370 0.57322
00072.jpg 20 7 407 518 0.56359
00072.jpg 658 387 139 148 0.55472
00072.jpg 522 132 343 387 0.53928
00072.jpg 656 389 166 140 0.53401
00072.jpg 547 143 287 344 0.52439
00072.jpg 54 19 330 497 0.52357
00072.jpg 39 12 372 487 0.50932
00072.jpg 641 370 169 169 0.50305
