00082.jpg 36 41 393 497 0.99998
00082.jpg 53 28 360 485 0.99996
00082.jpg 18 12 389 511 0.99969
00082.jpg 45 17 358 500 0.99950
00082.jpg 35 33 365 491 0.99941
00082.jpg 34 30 382 481 0.99895
00082.jpg 40 20 371 502 0.99890
00082.jpg 39 23 372 514 0.99868
00082.jpg 508 145 341 366 0.99840
00082.jpg 501 150 348 366 0.99828
00082.jpg 38 28 368 495 0.99820
00082.jpg 28 28 382 493 0.99812
00082.jpg 24 18 398 507 0.99809
00082.jpg 517 147 314 370 0.99806
00082.jpg 33 23 387 502 0.99789
00082.jpg 29 28 396 489 0.99737
00082.jpg 44 27 366 500 0.99696
00082.jpg 532 140 304 380 0.99674
00082.jpg 44 30 364 496 0.99658
00082.jpg 514 149 316 370 0.99624
00082.jpg 37 27 359 486 0.99622
00082.jpg 518 141 316 369 0.99600
00082.jpg 531 151 304 362 0.99562
00082.jpg 26 32 381 481 0.99530
00082.jpg 45 43 364 467 0.99524
00082.jpg 43 21 374 494 0.99496
00082.jpg 510 158 323 355 0.99484
00082.jpg 522 140 314 382 0.99478
00082.jpg 39 28 366 498 0.99427
00082.jpg 529 152 311 360 0.99410
00082.jpg 537 152 300 361 0.99401
00082.jpg 36 27 369 484 0.99390
00082.jpg 47 24 344 495 0.99348
00082.jpg 527 145 307 376 0.99339
00082.jpg 529 146 310 366 0.99285
00082.jpg 533 148 294 361 0.99248
00082.jpg 513 149 323 373 0.99209
00082.jpg 522 149 304 358 0.99139
00082.jpg 524 142 306 379 0.99134
00082.jpg 42 18 363 512 0.99119
00082.jpg 521 146 324 378 0.99057
00082.jpg 518 142 325 380 0.99043
00082.jpg 522 143 326 382 0.99025
00082.jpg 34 15 386 522 0.98977
00082.jpg 523 152 314 349 0.98937
00082.jpg 528 139 306 376 0.98928
00082.jpg 514 142 325 360 0.98757
00082.jpg 528 148 302 360 0.98655
00082.jpg 520 150 320 350 0.98630
00082.jpg 45 34 364 488 0.98478
00082.jpg 517 144 321 379 0.98255
00082.jpg 516 148 330 374 0.98216
00082.jpg 513 138 329 375 0.98050
00082.jpg 23 35 392 503 0.97920
00082.jpg 40 31 376 499 0.97765
00082.jpg 520 146 311 360 0.97747
00082.jpg 514 139 320 390 0.97671
00082.jpg 522 151 326 356 0.97669
00082.jpg 21 18 384 515 0.97606
00082.jpg 25 55 384 448 0.97590
00082.jpg 517 147 312 369 0.97374
00082.jpg 34 26 378 495 0.97149
00082.jpg 520 147 314 375 0.97143
00082.jpg 37 25 374 494 0.97066
00082.jpg 25 17 383 509 0.97057
00082.jpg 515 150 334 366 0.96533
00082.jpg 36 0 372 532 0.96052
00082.jpg 36 34 369 488 0.95744
00082.jpg 523 136 314 373 0.95557
00082.jpg 539 143 291 382 0.95542
00082.jpg 524 135 305 371 0.94970
00082.jpg 511 130 330 387 0.94722
00082.jpg 38 42 356 486 0.94688
00082.jpg 55 22 350 504 0.94055
00082.jpg 531 151 298 362 0.93696
00082.jpg 522 150 321 361 0.93691
00082.jpg 48 16 350 514 0.93687
00082.jpg 523 145 324 360 0.93629
00082.jpg 20 18 402 510 0.93258
00082.jpg 532 143 293 376 0.92477
00082.jpg 528 150 313 366 0.91344
00082.jpg 515 142 316 376 0.89971
00082.jpg 529 145 299 364 0.88921
00082.jpg 527 142 297 381 0.87853
00082.jpg 527 144 323 358 0.87765
00082.jpg 531 152 316 359 0.87213
00082.jpg 38 11 356 506 0.86861
00082.jpg 521 141 318 378 0.86677
00082.jpg 520 138 315 374 0.86369
00082.jpg 29 22 382 510 0.85950
00082.jpg 546 154 277 344 0.85560
00082.jpg 521 138 316 383 0.85392
00082.jpg 517 143 336 371 0.85336
00082.jpg 533 150 301 355 0.85018
00082.jpg 534 156 286 341 0.82564
00082.jpg 527 137 311 372 0.82052
00082.jpg 22 17 385 518 0.81842
00082.jpg 537 142 284 378 0.80986
00082.jpg 31 20 374 501 0.80198
00082.jpg 541 141 318 383 0.77074
00082.jpg 533 132 297 376 0.76996
00082.jpg 524 149 316 336 0.76858
00082.jpg 515 140 316 373 0.74685
00082.jpg 518 154 312 327 0.74213
00082.jpg 31 33 383 486 0.73375
00082.jpg 46 14 352 525 0.72916
00082.jpg 47 32 347 481 0.71785
00082.jpg 28 44 363 463 0.70552
00082.jpg 534 161 323 334 0.68101
00082.jpg 31 29 375 504 0.66309
00082.jpg 43 25 358 493 0.64977
00082.jpg 515 147 322 333 0.64020
00082.jpg 545 170 271 330 0.58787
00082.jpg 529 144 322 388 0.56610
00082.jpg 37 5 368 530 0.55368
00082.jpg 534 168 295 333 0.54895
00082.jpg 522 157 304 358 0.54344
00082.jpg 507 158 337 348 0.53595
00082.jpg 47 44 365 442 0.53567
00082.jpg 65 27 328 497 0.52985
