00005.jpg 207 128 155 388 0.99817
00005.jpg 216 125 145 396 0.99814
00005.jpg 207 122 164 394 0.99756
00005.jpg 212 127 150 397 0.99747
00005.jpg 191 120 191 409 0.99724
00005.jpg 208 111 162 415 0.99712
00005.jpg 205 123 169 405 0.99687
00005.jpg 207 118 164 403 0.99658
00005.jpg 217 123 140 413 0.99634
00005.jpg 202 124 162 395 0.99595
00005.jpg 213 132 162 396 0.99552
00005.jpg 204 120 156 410 0.99447
00005.jpg 335 218 79 231 0.99412
00005.jpg 211 137 143 378 0.99411
00005.jpg 337 216 77 232 0.99400
00005.jpg 335 217 82 222 0.99303
00005.jpg 217 129 136 382 0.99138
00005.jpg 340 219 79 225 0.99109
00005.jpg 334 212 90 234 0.99025
00005.jpg 217 133 141 388 0.98997
00005.jpg 335 214 81 232 0.98978
00005.jpg 213 120 156 401 0.98952
00005.jpg 197 123 178 404 0.98910
00005.jpg 207 115 162 414 0.98909
00005.jpg 340 218 69 223 0.98828
00005.jpg 201 128 160 384 0.98803
00005.jpg 212 118 139 401 0.98760
00005.jpg 218 127 144 400 0.98656
00005.jpg 216 125 154 391 0.98495
00005.jpg 336 218 83 224 0.98480
00005.jpg 340 218 74 223 0.98444
00005.jpg 330 218 95 226 0.98236
00005.jpg 216 113 151 415 0.98201
00005.jpg 339 224 81 219 0.98106
00005.jpg 199 121 173 397 0.97924
00005.jpg 333 214 86 234 0.97907
00005.jpg 203 129 161 377 0.97891
00005.jpg 218 126 128 400 0.97724
00005.jpg 338 209 85 246 0.97566
00005.jpg 337 211 82 229 0.97553
00005.jpg 339 211 83 234 0.97511
00005.jpg 215 124 139 399 0.97506
00005.jpg 341 223 74 214 0.97359
00005.jpg 342 214 75 231 0.97340
00005.jpg 335 216 79 230 0.97294
00005.jpg 198 130 176 383 0.97258
00005.jpg 339 219 78 222 0.97088
00005.jpg 208 132 162 386 0.97075
00005.jpg 342 216 73 226 0.97008
00005.jpg 212 125 158 393 0.96946
00005.jpg 343 216 72 227 0.96795
00005.jpg 340 203 80 243 0.96748
00005.jpg 335 213 88 220 0.96550
00005.jpg 342 217 75 222 0.96453
00005.jpg 342 221 76 221 0.96219
00005.jpg 211 152 150 369 0.96218
00005.jpg 211 120 157 403 0.95979
00005.jpg 218 129 132 388 0.95783
00005.jpg 339 218 80 218 0.95662
00005.jpg 335 212 82 234 0.95495
00005.jpg 339 211 76 228 0.95171
00005.jpg 201 120 172 396 0.94915
00005.jpg 341 222 77 216 0.94882
00005.jpg 338 211 76 229 0.94834
00005.jpg 215 123 156 406 0.94745
00005.jpg 224 117 143 391 0.94555
00005.jpg 214 121 152 405 0.94347
00005.jpg 221 137 135 374 0.93909
00005.jpg 222 114 155 406 0.93781
00005.jpg 224 125 129 381 0.93654
00005.jpg 213 133 160 391 0.93608
00005.jpg 333 216 87 224 0.93519
00005.jpg 213 127 140 398 0.93062
00005.jpg 336 215 83 227 0.93052
00005.jpg 340 222 78 215 0.93002
00005.jpg 213 136 138 386 0.92939
00005.jpg 341 217 80 228 0.92850
00005.jpg 224 129 130 391 0.92809
00005.jpg 212 105 154 425 0.92377
00005.jpg 335 218 81 228 0.92238
00005.jpg 334 213 86 235 0.92232
00005.jpg 202 134 161 392 0.91815
00005.jpg 208 125 175 389 0.91485
00005.jpg 339 217 77 226 0.91456
00005.jpg 336 221 84 220 0.91277
00005.jpg 337 213 80 236 0.91203
00005.jpg 222 128 125 393 0.91134
00005.jpg 217 118 154 410 0.91094
00005.jpg 219 126 142 401 0.90914
00005.jpg 339 217 78 225 0.90126
00005.jpg 215 124 146 394 0.89969
00005.jpg 212 140 141 376 0.89766
00005.jpg 335 215 88 231 0.89750
00005.jpg 219 120 138 410 0.89182
00005.jpg 209 123 153 405 0.88739
00005.jpg 202 127 167 403 0.87973
00005.jpg 332 220 78 224 0.87500
00005.jpg 338 218 81 222 0.87347
00005.jpg 338 215 81 226 0.87269
00005.jpg 338 216 81 225 0.86490
00005.jpg 211 154 144 353 0.85929
00005.jpg 204 128 146 395 0.85818
00005.jpg 199 120 179 408 0.84494
00005.jpg 336 207 82 241 0.84239
00005.jpg 207 130 142 387 0.83785
00005.jpg 343 213 74 239 0.83709
00005.jpg 335 217 83 221 0.83358
00005.jpg 331 214 90 235 0.82398
00005.jpg 222 132 130 383 0.81912
00005.jpg 334 219 83 211 0.81882
00005.jpg 341 213 74 229 0.81091
00005.jpg 221 122 135 401 0.80866
00005.jpg 333 217 87 232 0.77825
00005.jpg 335 208 82 232 0.77565
00005.jpg 342 224 77 213 0.76643
00005.jpg 196 117 187 403 0.75590
00005.jpg 334 219 86 227 0.75022
00005.jpg 336 222 77 212 0.74885
00005.jpg 209 144 143 374 0.74635
00005.jpg 219 125 165 400 0.74397
00005.jpg 339 210 83 227 0.72582
00005.jpg 331 207 94 240 0.70347
00005.jpg 345 223 77 213 0.69128
00005.jpg 203 128 151 396 0.68584
00005.jpg 338 223 74 216 0.68292
00005.jpg 191 122 205 417 0.67308
00005.jpg 222 128 170 399 0.66659
00005.jpg 340 223 77 208 0.66483
00005.jpg 332 211 78 233 0.66004
00005.jpg 200 116 188 407 0.65805
00005.jpg 204 116 167 416 0.64691
00005.jpg 329 218 98 228 0.64216
00005.jpg 334 214 91 235 0.63717
00005.jpg 200 125 189 397 0.63551
00005.jpg 333 216 84 218 0.63542
00005.jpg 340 223 81 213 0.63427
00005.jpg 342 211 78 228 0.62422
00005.jpg 335 220 82 215 0.61452
00005.jpg 333 218 78 226 0.60714
00005.jpg 214 145 133 359 0.59007
00005.jpg 336 216 85 227 0.58482
00005.jpg 344 223 69 203 0.57201
00005.jpg 218 137 130 344 0.55004
00005.jpg 226 132 135 380 0.54219
00005.jpg 211 132 154 379 0.53146
00005.jpg 338 210 82 234 0.51838
00005.jpg 201 158 154 363 0.51588
00005.jpg 331 202 93 246 0.50625
