00015.jpg 358 222 60 210 0.96258
00015.jpg 355 228 66 202 0.95824
00015.jpg 359 230 61 201 0.95699
00015.jpg 357 222 57 211 0.95673
00015.jpg 359 221 56 216 0.95284
00015.jpg 358 241 60 188 0.94132
00015.jpg 355 235 66 196 0.94075
00015.jpg 361 231 57 198 0.94048
00015.jpg 355 236 62 193 0.93892
00015.jpg 264 204 75 283 0.93855
00015.jpg 355 236 64 195 0.93219
00015.jpg 354 221 65 214 0.93120
00015.jpg 359 216 59 222 0.93030
00015.jpg 353 238 63 195 0.92106
00015.jpg 354 206 63 232 0.91782
00015.jpg 260 206 61 258 0.91750
00015.jpg 267 214 47 224 0.91081
00015.jpg 356 215 67 226 0.91020
00015.jpg 358 208 61 237 0.90920
00015.jpg 356 220 56 225 0.90872
00015.jpg 357 213 56 224 0.90793
00015.jpg 359 237 60 196 0.90634
00015.jpg 350 218 73 220 0.90619
00015.jpg 358 235 59 196 0.90613
00015.jpg 353 224 69 208 0.90585
00015.jpg 353 223 64 212 0.90322
00015.jpg 255 160 150 365 0.89657
00015.jpg 353 218 62 222 0.89584
00015.jpg 355 229 65 202 0.89362
00015.jpg 363 225 57 208 0.89237
00015.jpg 355 222 60 218 0.88564
00015.jpg 353 212 63 227 0.88499
00015.jpg 357 227 63 202 0.88404
00015.jpg 263 210 42 222 0.88248
00015.jpg 355 224 65 209 0.88223
00015.jpg 354 210 64 243 0.87898
00015.jpg 266 214 44 230 0.87820
00015.jpg 250 170 137 353 0.87803
00015.jpg 361 237 58 193 0.87602
00015.jpg 353 215 64 222 0.87039
00015.jpg 359 228 56 209 0.86785
00015.jpg 263 214 42 222 0.86774
00015.jpg 269 168 120 353 0.86721
00015.jpg 264 215 45 218 0.86641
00015.jpg 253 179 144 339 0.86257
00015.jpg 262 214 47 216 0.86086
00015.jpg 261 209 50 264 0.85767
00015.jpg 354 231 70 204 0.85171
00015.jpg 355 216 63 218 0.85124
00015.jpg 263 202 50 258 0.84983
00015.jpg 262 209 57 250 0.84749
00015.jpg 251 196 75 286 0.84584
00015.jpg 264 213 44 224 0.84445
00015.jpg 259 141 123 381 0.83711
00015.jpg 263 213 41 202 0.83677
00015.jpg 267 154 131 356 0.83642
00015.jpg 268 195 82 311 0.83611
00015.jpg 263 212 45 208 0.83561
00015.jpg 256 179 125 342 0.83478
00015.jpg 263 188 85 333 0.82689
00015.jpg 251 164 137 364 0.82654
00015.jpg 259 186 103 328 0.82601
00015.jpg 357 208 64 236 0.82439
00015.jpg 355 236 68 200 0.82339
00015.jpg 264 169 127 356 0.81957
00015.jpg 351 222 68 224 0.81877
00015.jpg 260 181 111 322 0.81791
00015.jpg 246 176 156 340 0.81719
00015.jpg 347 203 68 250 0.81420
00015.jpg 354 216 66 227 0.81418
00015.jpg 359 239 62 190 0.81172
00015.jpg 266 212 49 226 0.81145
00015.jpg 257 207 57 257 0.81116
00015.jpg 272 158 130 349 0.80966
00015.jpg 356 226 66 207 0.80895
00015.jpg 263 164 109 352 0.80624
00015.jpg 356 214 55 226 0.80568
00015.jpg 359 239 56 197 0.80144
00015.jpg 356 229 64 210 0.80066
00015.jpg 242 144 152 381 0.79753
00015.jpg 358 223 60 211 0.79714
00015.jpg 348 197 61 251 0.79569
00015.jpg 358 217 58 224 0.79215
00015.jpg 262 210 48 222 0.79172
00015.jpg 259 198 60 285 0.78958
00015.jpg 249 194 144 318 0.78407
00015.jpg 253 198 106 308 0.78324
00015.jpg 351 209 72 243 0.78319
00015.jpg 271 183 106 337 0.78292
00015.jpg 264 158 128 365 0.78221
00015.jpg 263 190 110 325 0.78143
00015.jpg 263 200 101 318 0.77671
00015.jpg 266 211 37 205 0.77458
00015.jpg 273 167 125 343 0.77428
00015.jpg 256 208 59 244 0.76944
00015.jpg 353 214 64 223 0.75260
00015.jpg 259 206 135 312 0.75249
00015.jpg 361 227 54 212 0.75161
00015.jpg 351 232 69 205 0.74970
00015.jpg 263 206 40 220 0.74524
00015.jpg 358 212 61 227 0.74523
00015.jpg 254 144 153 374 0.74515
00015.jpg 254 177 135 357 0.74220
00015.jpg 353 216 64 222 0.74105
00015.jpg 261 201 51 264 0.73424
00015.jpg 360 239 62 181 0.73014
00015.jpg 254 206 114 312 0.72908
00015.jpg 356 222 59 215 0.72883
00015.jpg 258 212 61 254 0.72848
00015.jpg 256 196 127 329 0.72560
00015.jpg 251 205 69 258 0.72396
00015.jpg 266 201 61 251 0.71444
00015.jpg 265 213 43 214 0.71288
00015.jpg 354 218 67 224 0.70897
00015.jpg 264 209 47 223 0.70823
00015.jpg 359 235 57 186 0.70676
00015.jpg 276 196 80 324 0.70048
00015.jpg 245 190 138 328 0.69783
00015.jpg 253 206 67 263 0.69519
00015.jpg 360 240 59 195 0.69438
00015.jpg 250 201 139 310 0.68346
00015.jpg 359 214 60 226 0.68004
00015.jpg 263 220 47 203 0.67218
00015.jpg 263 191 118 315 0.65729
00015.jpg 258 205 65 280 0.65522
00015.jpg 266 199 76 283 0.64484
00015.jpg 268 208 42 205 0.64366
00015.jpg 256 210 73 258 0.63778
00015.jpg 347 216 68 228 0.63704
00015.jpg 263 222 48 206 0.63374
00015.jpg 361 226 62 210 0.63155
00015.jpg 260 194 126 326 0.62948
00015.jpg 256 201 52 257 0.62779
00015.jpg 261 181 131 329 0.62654
00015.jpg 271 196 92 307 0.62350
00015.jpg 256 188 128 334 0.62315
00015.jpg 254 197 69 289 0.62103
00015.jpg 259 210 68 262 0.61395
00015.jpg 246 206 131 317 0.61065
00015.jpg 249 201 80 282 0.60506
00015.jpg 267 187 96 314 0.60381
00015.jpg 285 183 92 335 0.60226
00015.jpg 251 186 150 308 0.60129
00015.jpg 361 229 55 189 0.59280
00015.jpg 260 187 134 332 0.58922
00015.jpg 343 220 84 220 0.58887
00015.jpg 252 197 105 309 0.58807
00015.jpg 265 205 60 263 0.58662
00015.jpg 252 197 117 307 0.58550
00015.jpg 239 172 138 357 0.57605
00015.jpg 350 197 70 275 0.56954
00015.jpg 264 169 124 333 0.56801
00015.jpg 267 187 96 305 0.56396
00015.jpg 264 216 38 200 0.56275
00015.jpg 345 211 77 219 0.56258
00015.jpg 268 164 142 351 0.56074
00015.jpg 254 209 84 287 0.55355
00015.jpg 349 207 77 220 0.55060
00015.jpg 251 211 127 299 0.55003
00015.jpg 257 215 100 266 0.54920
00015.jpg 262 192 123 321 0.54315
00015.jpg 259 178 113 326 0.54207
00015.jpg 268 197 111 309 0.53692
00015.jpg 251 212 98 283 0.53624
00015.jpg 265 211 45 202 0.53099
00015.jpg 257 217 63 247 0.53018
00015.jpg 256 187 132 325 0.52859
00015.jpg 271 168 142 324 0.51985
00015.jpg 263 213 42 204 0.51881
00015.jpg 247 204 132 315 0.51806
00015.jpg 358 230 56 200 0.51315
00015.jpg 341 213 83 243 0.51309
00015.jpg 354 235 60 202 0.51245
00015.jpg 250 197 163 290 0.50989
00015.jpg 362 247 50 191 0.50322
00015.jpg 342 208 74 258 0.50215
00015.jpg 347 217 80 219 0.50015
