00011.jpg 205 144 190 385 0.99765
00011.jpg 206 137 196 390 0.99734
00011.jpg 211 123 188 412 0.99471
00011.jpg 215 129 179 395 0.99369
00011.jpg 204 141 183 390 0.99256
00011.jpg 208 128 178 408 0.99248
00011.jpg 218 138 171 378 0.99052
00011.jpg 228 118 163 409 0.98995
00011.jpg 209 139 182 374 0.98877
00011.jpg 218 137 170 390 0.98825
00011.jpg 215 133 181 396 0.98756
00011.jpg 205 147 192 363 0.98552
00011.jpg 222 144 171 374 0.98500
00011.jpg 212 141 185 391 0.98412
00011.jpg 217 121 171 402 0.98380
00011.jpg 209 125 185 408 0.98378
00011.jpg 208 123 187 404 0.98122
00011.jpg 348 225 65 211 0.97934
00011.jpg 221 125 179 399 0.97866
00011.jpg 211 138 184 383 0.97691
00011.jpg 216 145 183 383 0.97363
00011.jpg 206 144 198 381 0.97358
00011.jpg 348 226 66 207 0.97228
00011.jpg 220 136 167 390 0.97183
00011.jpg 204 128 186 402 0.97101
00011.jpg 344 215 71 227 0.96854
00011.jpg 207 139 180 386 0.96552
00011.jpg 344 229 70 197 0.96301
00011.jpg 222 143 159 376 0.95897
00011.jpg 342 217 69 225 0.95825
00011.jpg 221 146 162 378 0.95675
00011.jpg 221 117 168 409 0.95660
00011.jpg 221 145 156 378 0.95144
00011.jpg 198 130 198 386 0.94526
00011.jpg 223 142 167 375 0.94370
00011.jpg 209 132 198 388 0.94094
00011.jpg 345 215 70 220 0.93784
00011.jpg 205 138 202 384 0.93770
00011.jpg 345 213 66 230 0.93509
00011.jpg 214 135 183 394 0.93503
00011.jpg 346 215 62 233 0.93166
00011.jpg 346 236 64 198 0.93090
00011.jpg 345 233 67 204 0.92791
00011.jpg 343 216 69 228 0.92448
00011.jpg 220 140 154 366 0.92445
00011.jpg 218 136 175 383 0.92252
00011.jpg 225 132 156 396 0.91989
00011.jpg 346 211 66 231 0.90985
00011.jpg 216 146 151 371 0.90568
00011.jpg 343 224 71 216 0.90410
00011.jpg 344 207 68 233 0.90321
00011.jpg 342 216 70 222 0.90237
00011.jpg 200 129 191 393 0.89985
00011.jpg 220 144 159 379 0.89954
00011.jpg 350 226 59 210 0.89944
00011.jpg 348 224 67 209 0.89898
00011.jpg 219 131 167 393 0.89713
00011.jpg 345 214 65 222 0.89494
00011.jpg 230 143 152 373 0.89369
00011.jpg 224 150 145 361 0.89018
00011.jpg 205 147 167 372 0.88408
00011.jpg 345 208 71 240 0.88394
00011.jpg 346 201 74 243 0.87495
00011.jpg 341 216 68 223 0.87383
00011.jpg 347 220 66 212 0.87035
00011.jpg 345 217 67 219 0.86926
00011.jpg 212 148 175 369 0.86853
00011.jpg 197 144 202 383 0.86780
00011.jpg 348 230 65 183 0.86765
00011.jpg 351 215 64 229 0.86562
00011.jpg 232 125 168 401 0.85884
00011.jpg 344 225 72 211 0.85632
00011.jpg 345 215 69 226 0.85049
00011.jpg 341 215 66 225 0.84982
00011.jpg 339 218 73 213 0.84834
00011.jpg 335 210 81 238 0.83839
00011.jpg 347 227 61 207 0.83752
00011.jpg 235 131 143 396 0.83726
00011.jpg 205 142 186 388 0.83689
00011.jpg 222 147 157 354 0.83587
00011.jpg 338 211 74 233 0.82770
00011.jpg 348 218 63 218 0.82486
00011.jpg 339 204 76 234 0.82206
00011.jpg 338 205 74 233 0.81619
00011.jpg 361 225 47 195 0.81345
00011.jpg 354 222 61 194 0.81116
00011.jpg 227 129 183 397 0.80967
00011.jpg 350 232 63 185 0.80339
00011.jpg 242 141 151 354 0.79833
00011.jpg 239 131 146 370 0.78697
00011.jpg 231 151 142 375 0.78307
00011.jpg 200 137 187 384 0.78037
00011.jpg 346 207 69 233 0.77959
00011.jpg 344 233 57 202 0.77499
00011.jpg 338 212 82 234 0.77160
00011.jpg 340 204 78 247 0.77095
00011.jpg 249 141 132 368 0.76818
00011.jpg 351 213 63 226 0.76651
00011.jpg 233 142 166 342 0.76441
00011.jpg 343 202 74 246 0.75971
00011.jpg 212 143 175 376 0.75254
00011.jpg 353 213 64 226 0.74969
00011.jpg 340 216 74 226 0.74847
00011.jpg 346 236 60 192 0.74614
00011.jpg 240 145 144 364 0.74506
00011.jpg 346 211 73 226 0.74242
00011.jpg 231 148 152 337 0.73469
00011.jpg 216 153 152 371 0.72862
00011.jpg 378 218 36 118 0.72210
00011.jpg 353 225 54 193 0.71891
00011.jpg 346 238 60 188 0.71107
00011.jpg 199 156 178 370 0.71053
00011.jpg 372 217 40 108 0.70636
00011.jpg 355 219 58 220 0.70363
00011.jpg 206 149 165 371 0.70343
00011.jpg 213 146 177 376 0.70248
00011.jpg 375 220 39 147 0.70242
00011.jpg 349 214 64 220 0.69572
00011.jpg 349 215 68 224 0.68741
00011.jpg 350 209 63 232 0.68448
00011.jpg 222 136 184 390 0.67627
00011.jpg 366 217 47 146 0.67627
00011.jpg 259 138 121 361 0.67491
00011.jpg 381 225 34 126 0.67069
00011.jpg 329 185 90 258 0.67009
00011.jpg 333 205 77 243 0.65972
00011.jpg 346 199 66 251 0.65368
00011.jpg 343 213 65 217 0.65035
00011.jpg 340 206 78 233 0.64022
00011.jpg 355 211 62 213 0.62761
00011.jpg 340 216 67 227 0.62572
00011.jpg 348 242 58 196 0.62366
00011.jpg 354 233 55 180 0.61611
00011.jpg 361 222 56 120 0.61541
00011.jpg 235 158 125 339 0.60623
00011.jpg 209 158 162 370 0.60100
00011.jpg 340 209 84 241 0.58997
00011.jpg 343 221 66 216 0.58151
00011.jpg 207 171 206 313 0.56965
00011.jpg 375 223 43 98 0.55061
00011.jpg 209 162 169 357 0.54720
00011.jpg 365 220 50 208 0.54280
00011.jpg 346 240 71 196 0.54096
00011.jpg 345 237 60 190 0.53323
00011.jpg 236 144 133 364 0.52698
00011.jpg 248 144 154 359 0.51891
00011.jpg 352 225 59 214 0.51129
00011.jpg 282 153 113 324 0.50642
00011.jpg 350 235 66 194 0.50465
00011.jpg 366 222 41 107 0.50004
00011.jpg 368 225 43 94 0.49975
