00021.jpg 318 137 119 396 0.99746
00021.jpg 259 201 64 255 0.99720
00021.jpg 320 135 120 392 0.99568
00021.jpg 258 199 64 266 0.99508
00021.jpg 324 140 120 385 0.99490
00021.jpg 314 146 128 382 0.99438
00021.jpg 321 144 122 377 0.99364
00021.jpg 316 133 123 397 0.99352
00021.jpg 316 132 119 394 0.99240
00021.jpg 327 141 115 387 0.99228
00021.jpg 318 142 120 392 0.99220
00021.jpg 318 144 118 391 0.99220
00021.jpg 322 136 119 395 0.98952
00021.jpg 329 152 115 367 0.98905
00021.jpg 262 214 59 243 0.98853
00021.jpg 265 211 54 248 0.98831
00021.jpg 316 140 122 382 0.98811
00021.jpg 319 139 123 377 0.98559
00021.jpg 260 204 62 259 0.98418
00021.jpg 264 208 59 241 0.98412
00021.jpg 320 142 119 390 0.98395
00021.jpg 319 131 117 403 0.98389
00021.jpg 259 206 64 253 0.98342
00021.jpg 315 139 118 385 0.98237
00021.jpg 325 144 109 395 0.98235
00021.jpg 319 151 119 368 0.98066
00021.jpg 310 144 121 374 0.97856
00021.jpg 313 142 122 377 0.97852
00021.jpg 322 142 119 371 0.97791
00021.jpg 320 141 118 396 0.97747
00021.jpg 263 211 60 242 0.97573
00021.jpg 261 210 62 250 0.97541
00021.jpg 320 146 118 378 0.97496
00021.jpg 261 209 60 253 0.97481
00021.jpg 315 135 124 393 0.97470
00021.jpg 318 148 119 375 0.97379
00021.jpg 262 208 59 250 0.97279
00021.jpg 262 204 63 260 0.97186
00021.jpg 261 210 61 248 0.97118
00021.jpg 316 142 124 391 0.96998
00021.jpg 263 208 61 250 0.96960
00021.jpg 314 133 127 393 0.96702
00021.jpg 266 207 57 254 0.96606
00021.jpg 310 152 126 360 0.96533
00021.jpg 308 144 136 383 0.96464
00021.jpg 318 137 124 394 0.96386
00021.jpg 261 204 64 250 0.96173
00021.jpg 263 215 61 236 0.96039
00021.jpg 263 214 56 242 0.95937
00021.jpg 262 219 61 233 0.95825
00021.jpg 261 202 58 260 0.95695
00021.jpg 260 214 62 237 0.95604
00021.jpg 320 142 115 384 0.95429
00021.jpg 263 200 59 261 0.95330
00021.jpg 261 208 59 254 0.95302
00021.jpg 312 153 122 373 0.95280
00021.jpg 311 138 135 388 0.95268
00021.jpg 318 151 120 361 0.95209
00021.jpg 314 140 126 386 0.95178
00021.jpg 314 137 127 382 0.95011
00021.jpg 316 137 126 397 0.95001
00021.jpg 263 213 57 235 0.94889
00021.jpg 265 216 55 243 0.94827
00021.jpg 262 212 59 245 0.94821
00021.jpg 314 128 128 408 0.94812
00021.jpg 319 144 122 375 0.94701
00021.jpg 265 209 54 252 0.94555
00021.jpg 259 206 63 252 0.94485
00021.jpg 315 142 134 385 0.94345
00021.jpg 256 197 65 261 0.94326
00021.jpg 262 212 62 239 0.93957
00021.jpg 316 140 129 387 0.93878
00021.jpg 319 133 118 404 0.93807
00021.jpg 320 140 119 398 0.93476
00021.jpg 309 144 141 385 0.93391
00021.jpg 266 205 53 257 0.93238
00021.jpg 261 212 60 243 0.92841
00021.jpg 265 212 53 241 0.92667
00021.jpg 316 151 127 359 0.92527
00021.jpg 262 208 62 256 0.92176
00021.jpg 315 138 122 385 0.91989
00021.jpg 265 206 57 249 0.91207
00021.jpg 260 207 60 259 0.90795
00021.jpg 310 136 130 391 0.90769
00021.jpg 256 210 67 252 0.90423
00021.jpg 263 202 59 258 0.90371
00021.jpg 260 207 62 257 0.90035
00021.jpg 261 214 61 243 0.89565
00021.jpg 259 214 65 251 0.88815
00021.jpg 262 213 60 236 0.88765
00021.jpg 260 206 61 260 0.87895
00021.jpg 262 211 62 247 0.87612
00021.jpg 262 213 56 239 0.87607
00021.jpg 257 205 69 258 0.87525
00021.jpg 259 208 61 250 0.87261
00021.jpg 263 214 55 236 0.85871
00021.jpg 258 204 68 258 0.85837
00021.jpg 261 210 57 246 0.85521
00021.jpg 318 140 130 388 0.84902
00021.jpg 315 147 122 362 0.84373
00021.jpg 308 138 124 391 0.83117
00021.jpg 262 209 63 254 0.82056
00021.jpg 263 210 58 253 0.80815
00021.jpg 311 150 125 385 0.79859
00021.jpg 264 198 60 263 0.79264
00021.jpg 260 217 59 238 0.79115
00021.jpg 308 152 134 380 0.78933
00021.jpg 262 209 59 252 0.78330
00021.jpg 259 210 59 251 0.77936
00021.jpg 265 214 56 238 0.77490
00021.jpg 262 219 56 237 0.76197
00021.jpg 312 134 123 398 0.75964
00021.jpg 266 209 59 258 0.73256
00021.jpg 263 211 51 235 0.72478
00021.jpg 314 142 129 392 0.70771
00021.jpg 255 206 69 260 0.69900
00021.jpg 321 146 113 368 0.68727
00021.jpg 261 207 65 241 0.67918
00021.jpg 317 150 110 381 0.67260
00021.jpg 313 142 142 382 0.64413
00021.jpg 319 121 125 418 0.63811
00021.jpg 260 215 57 239 0.60168
00021.jpg 305 132 129 396 0.60015
00021.jpg 324 143 119 364 0.58965
00021.jpg 260 223 62 233 0.57113
00021.jpg 309 145 124 367 0.56795
00021.jpg 316 148 128 354 0.54477
00021.jpg 316 147 129 361 0.54234
00021.jpg 259 216 60 234 0.53925
00021.jpg 312 150 126 351 0.52498
00021.jpg 257 219 62 224 0.51594
