00027.jpg 334 145 173 357 0.99886
00027.jpg 327 151 172 350 0.99832
00027.jpg 262 211 64 243 0.99808
00027.jpg 265 206 61 248 0.99659
00027.jpg 331 157 187 346 0.99650
00027.jpg 330 136 176 366 0.99609
00027.jpg 327 142 188 370 0.99543
00027.jpg 328 150 173 345 0.99438
00027.jpg 266 210 59 247 0.99388
00027.jpg 264 209 68 247 0.99329
00027.jpg 319 145 191 371 0.99252
00027.jpg 326 147 177 361 0.99225
00027.jpg 261 206 66 252 0.99146
00027.jpg 330 151 183 344 0.99119
00027.jpg 266 200 63 263 0.99087
00027.jpg 263 209 67 251 0.99071
00027.jpg 262 209 65 246 0.99041
00027.jpg 318 133 201 376 0.98996
00027.jpg 262 212 69 243 0.98939
00027.jpg 326 140 180 361 0.98901
00027.jpg 329 145 178 358 0.98895
00027.jpg 331 141 184 361 0.98799
00027.jpg 321 148 170 361 0.98790
00027.jpg 320 155 197 339 0.98759
00027.jpg 321 139 195 369 0.98754
00027.jpg 336 151 176 343 0.98720
00027.jpg 332 144 179 364 0.98719
00027.jpg 320 139 181 370 0.98717
00027.jpg 267 208 58 247 0.98661
00027.jpg 332 153 175 329 0.98636
00027.jpg 261 217 68 238 0.98621
00027.jpg 265 209 62 246 0.98511
00027.jpg 326 149 180 363 0.98478
00027.jpg 270 208 54 252 0.98333
00027.jpg 264 208 60 249 0.98333
00027.jpg 326 146 171 365 0.98061
00027.jpg 262 199 62 263 0.98044
00027.jpg 319 143 184 363 0.98004
00027.jpg 267 205 59 250 0.97984
00027.jpg 315 137 196 366 0.97966
00027.jpg 261 210 62 243 0.97932
00027.jpg 324 150 188 335 0.97877
00027.jpg 261 208 68 250 0.97804
00027.jpg 327 142 181 360 0.97775
00027.jpg 263 217 60 235 0.97625
00027.jpg 309 144 209 355 0.97454
00027.jpg 265 206 63 253 0.97184
00027.jpg 333 156 183 352 0.97072
00027.jpg 321 147 196 351 0.96889
00027.jpg 265 208 60 247 0.96879
00027.jpg 264 208 60 248 0.96798
00027.jpg 332 151 164 356 0.96630
00027.jpg 262 205 66 248 0.96460
00027.jpg 264 207 63 252 0.96225
00027.jpg 264 207 60 250 0.96034
00027.jpg 262 212 64 247 0.95889
00027.jpg 332 138 189 369 0.95882
00027.jpg 263 205 63 251 0.95819
00027.jpg 263 206 64 254 0.95755
00027.jpg 263 207 64 247 0.95706
00027.jpg 325 148 174 360 0.95677
00027.jpg 264 212 60 252 0.95533
00027.jpg 327 142 173 364 0.95440
00027.jpg 262 217 67 235 0.95409
00027.jpg 264 205 61 254 0.95395
00027.jpg 262 213 70 243 0.95163
00027.jpg 263 207 66 251 0.95116
00027.jpg 323 144 175 378 0.95112
00027.jpg 267 202 58 257 0.95097
00027.jpg 329 140 182 373 0.94734
00027.jpg 262 212 59 234 0.94681
00027.jpg 329 147 169 360 0.94584
00027.jpg 262 211 65 246 0.94553
00027.jpg 262 208 69 247 0.94526
00027.jpg 266 210 57 240 0.94017
00027.jpg 328 146 179 359 0.93616
00027.jpg 264 210 60 243 0.93465
00027.jpg 262 207 63 254 0.93254
00027.jpg 262 211 65 245 0.93228
00027.jpg 333 155 167 346 0.93070
00027.jpg 334 145 169 364 0.92928
00027.jpg 260 202 67 255 0.92682
00027.jpg 263 208 67 243 0.92553
00027.jpg 264 220 62 233 0.92178
00027.jpg 260 201 71 264 0.91773
00027.jpg 266 216 64 229 0.91724
00027.jpg 266 208 57 251 0.91686
00027.jpg 265 210 66 234 0.91665
00027.jpg 261 205 68 255 0.91217
00027.jpg 324 138 197 380 0.91127
00027.jpg 263 216 62 229 0.91089
00027.jpg 322 149 182 364 0.90378
00027.jpg 264 213 62 243 0.90172
00027.jpg 319 153 183 363 0.89939
00027.jpg 336 158 169 339 0.89290
00027.jpg 320 156 200 338 0.87431
00027.jpg 326 153 169 353 0.85460
00027.jpg 318 132 198 385 0.84927
00027.jpg 330 148 191 343 0.84333
00027.jpg 268 209 56 239 0.83870
00027.jpg 323 146 183 372 0.83757
00027.jpg 334 153 176 359 0.81850
00027.jpg 338 140 185 356 0.81843
00027.jpg 328 151 175 350 0.80475
00027.jpg 259 209 67 243 0.79735
00027.jpg 329 134 193 381 0.79570
00027.jpg 335 154 172 345 0.78745
00027.jpg 331 153 171 354 0.78132
00027.jpg 326 149 194 359 0.78118
00027.jpg 266 221 62 222 0.77019
00027.jpg 323 151 179 368 0.76025
00027.jpg 264 214 63 235 0.74881
00027.jpg 269 198 59 265 0.74644
00027.jpg 339 151 157 355 0.74542
00027.jpg 314 151 183 338 0.74153
00027.jpg 331 133 176 366 0.72426
00027.jpg 320 154 176 344 0.71602
00027.jpg 318 142 201 373 0.71388
00027.jpg 317 146 202 349 0.71216
00027.jpg 262 211 59 242 0.67844
00027.jpg 314 143 189 368 0.66559
00027.jpg 265 217 64 230 0.66527
00027.jpg 262 197 66 258 0.64681
00027.jpg 264 211 55 225 0.64243
00027.jpg 320 164 172 332 0.64018
00027.jpg 333 142 186 364 0.63478
00027.jpg 309 134 193 379 0.63112
00027.jpg 306 167 199 317 0.59382
00027.jpg 260 206 57 254 0.58706
00027.jpg 264 213 54 238 0.52749
00027.jpg 261 217 65 241 0.51609
00027.jpg 266 212 52 247 0.51383
00027.jpg 260 219 64 237 0.50995
00027.jpg 316 143 184 359 0.50679
00027.jpg 326 124 206 388 0.50232
