00059.jpg 322 198 86 233 0.99914
00059.jpg 321 205 89 234 0.99878
00059.jpg 324 195 85 243 0.99824
00059.jpg 325 203 79 234 0.99811
00059.jpg 269 202 60 240 0.99783
00059.jpg 329 193 76 241 0.99649
00059.jpg 324 204 80 230 0.99602
00059.jpg 321 202 86 237 0.99600
00059.jpg 324 197 83 244 0.99570
00059.jpg 271 208 56 240 0.99507
00059.jpg 326 195 80 239 0.99433
00059.jpg 326 198 84 237 0.99429
00059.jpg 324 203 85 236 0.99366
00059.jpg 322 195 88 241 0.99341
00059.jpg 267 205 63 242 0.99336
00059.jpg 271 205 55 236 0.99112
00059.jpg 325 198 82 245 0.99065
00059.jpg 326 194 83 245 0.98982
00059.jpg 326 194 83 242 0.98951
00059.jpg 331 191 78 251 0.98908
00059.jpg 324 201 85 233 0.98893
00059.jpg 272 206 57 241 0.98889
00059.jpg 273 209 60 238 0.98870
00059.jpg 326 201 73 232 0.98762
00059.jpg 273 205 61 237 0.98734
00059.jpg 273 209 60 236 0.98726
00059.jpg 269 208 61 244 0.98681
00059.jpg 271 211 61 231 0.98497
00059.jpg 333 196 69 238 0.98471
00059.jpg 272 206 56 238 0.98445
00059.jpg 325 200 84 229 0.98395
00059.jpg 272 207 58 242 0.98355
00059.jpg 271 204 55 234 0.98354
00059.jpg 267 204 67 243 0.98314
00059.jpg 327 199 75 237 0.98288
00059.jpg 267 204 68 242 0.98031
00059.jpg 322 184 89 261 0.97882
00059.jpg 269 208 59 236 0.97796
00059.jpg 269 207 60 231 0.97776
00059.jpg 268 203 61 238 0.97742
00059.jpg 330 199 76 231 0.97732
00059.jpg 270 205 60 241 0.97563
00059.jpg 274 199 51 243 0.97230
00059.jpg 323 204 84 238 0.97196
00059.jpg 269 198 64 246 0.97119
00059.jpg 271 208 65 234 0.97103
00059.jpg 325 203 77 233 0.96962
00059.jpg 330 198 72 237 0.96808
00059.jpg 324 195 89 237 0.96794
00059.jpg 321 208 93 227 0.96792
00059.jpg 273 212 57 224 0.96678
00059.jpg 268 207 62 234 0.96630
00059.jpg 270 210 60 223 0.96554
00059.jpg 269 203 62 240 0.96464
00059.jpg 322 205 87 230 0.96048
00059.jpg 268 210 60 233 0.95960
00059.jpg 271 206 61 241 0.95655
00059.jpg 273 199 55 247 0.95347
00059.jpg 266 209 61 229 0.95314
00059.jpg 270 207 58 234 0.95298
00059.jpg 270 203 56 238 0.95183
00059.jpg 267 206 62 231 0.95122
00059.jpg 268 199 58 244 0.94908
00059.jpg 327 202 80 238 0.94845
00059.jpg 264 209 72 238 0.94599
00059.jpg 268 201 62 242 0.94593
00059.jpg 274 211 55 222 0.94570
00059.jpg 325 196 80 240 0.94284
00059.jpg 330 203 77 229 0.94188
00059.jpg 271 205 54 238 0.94052
00059.jpg 324 194 88 245 0.94048
00059.jpg 324 200 78 231 0.93856
00059.jpg 274 203 57 239 0.93651
00059.jpg 273 201 52 244 0.93603
00059.jpg 273 208 60 234 0.93592
00059.jpg 268 200 61 245 0.93243
00059.jpg 326 196 77 232 0.92918
00059.jpg 322 194 87 239 0.92727
00059.jpg 322 192 84 243 0.92719
00059.jpg 265 203 62 239 0.92158
00059.jpg 270 205 61 238 0.91658
00059.jpg 326 201 83 231 0.91159
00059.jpg 532 132 102 267 0.91025
00059.jpg 272 202 55 238 0.90998
00059.jpg 269 203 61 237 0.90773
00059.jpg 275 207 54 229 0.90731
00059.jpg 269 209 62 232 0.90628
00059.jpg 270 201 59 246 0.90149
00059.jpg 329 208 77 220 0.89977
00059.jpg 512 131 130 325 0.89927
00059.jpg 268 201 68 245 0.89587
00059.jpg 323 197 82 243 0.89038
00059.jpg 328 201 71 233 0.88876
00059.jpg 268 195 60 255 0.88844
00059.jpg 325 204 73 230 0.88817
00059.jpg 530 127 110 254 0.88737
00059.jpg 526 113 115 339 0.88595
00059.jpg 540 128 100 280 0.88086
00059.jpg 523 116 113 343 0.88039
00059.jpg 529 130 112 249 0.87496
00059.jpg 321 200 87 236 0.86816
00059.jpg 269 199 56 242 0.86357
00059.jpg 330 200 80 237 0.85644
00059.jpg 271 213 60 225 0.85462
00059.jpg 527 125 110 282 0.84905
00059.jpg 267 206 65 235 0.84384
00059.jpg 270 203 61 239 0.84270
00059.jpg 518 125 124 337 0.84038
00059.jpg 325 197 85 233 0.83979
00059.jpg 267 209 63 230 0.83502
00059.jpg 509 125 143 336 0.83237
00059.jpg 527 120 112 305 0.82971
00059.jpg 268 208 59 227 0.82142
00059.jpg 529 124 113 338 0.81283
00059.jpg 326 198 76 235 0.80712
00059.jpg 526 129 118 279 0.79298
00059.jpg 266 207 62 244 0.79203
00059.jpg 266 208 68 244 0.78802
00059.jpg 270 214 56 223 0.78651
00059.jpg 486 125 157 337 0.78611
00059.jpg 329 198 83 237 0.78512
00059.jpg 535 128 111 292 0.77910
00059.jpg 541 131 98 228 0.77153
00059.jpg 326 206 75 227 0.76909
00059.jpg 538 136 100 230 0.76793
00059.jpg 534 130 106 305 0.76504
00059.jpg 320 198 77 239 0.76268
00059.jpg 517 120 124 368 0.75602
00059.jpg 531 126 104 319 0.75401
00059.jpg 331 207 80 226 0.75227
00059.jpg 272 205 56 232 0.75078
00059.jpg 527 126 119 246 0.74822
00059.jpg 525 138 122 292 0.74752
00059.jpg 532 136 107 216 0.74743
00059.jpg 517 135 114 295 0.74739
00059.jpg 266 209 63 226 0.74681
00059.jpg 323 191 90 251 0.74362
00059.jpg 535 123 104 302 0.73872
00059.jpg 325 206 72 224 0.73641
00059.jpg 532 135 110 205 0.73261
00059.jpg 536 135 101 199 0.73261
00059.jpg 503 128 141 333 0.72997
00059.jpg 537 128 101 268 0.72717
00059.jpg 274 214 57 219 0.72713
00059.jpg 535 115 113 320 0.72075
00059.jpg 529 120 113 316 0.71795
00059.jpg 319 191 103 238 0.71543
00059.jpg 529 132 106 252 0.71359
00059.jpg 524 125 112 306 0.70882
00059.jpg 540 131 86 218 0.70852
00059.jpg 271 207 56 222 0.70579
00059.jpg 268 205 67 232 0.70454
00059.jpg 321 198 93 243 0.70360
00059.jpg 326 201 87 234 0.70360
00059.jpg 500 123 142 329 0.69773
00059.jpg 514 147 135 332 0.69505
00059.jpg 524 132 113 295 0.69100
00059.jpg 321 192 80 243 0.68830
00059.jpg 529 128 108 286 0.68040
00059.jpg 535 120 107 293 0.67744
00059.jpg 519 132 116 289 0.67288
00059.jpg 272 209 53 227 0.66074
00059.jpg 532 132 105 289 0.66039
00059.jpg 325 201 76 236 0.65960
00059.jpg 515 115 127 321 0.65017
00059.jpg 540 134 108 262 0.64884
00059.jpg 317 192 102 247 0.64842
00059.jpg 521 130 127 273 0.63742
00059.jpg 323 200 92 236 0.63704
00059.jpg 329 201 71 233 0.63564
00059.jpg 330 205 65 223 0.63525
00059.jpg 319 194 107 242 0.63311
00059.jpg 525 127 107 285 0.63216
00059.jpg 526 132 124 223 0.62575
00059.jpg 540 132 100 217 0.61668
00059.jpg 532 134 110 237 0.61090
00059.jpg 523 128 120 327 0.60734
00059.jpg 326 203 90 234 0.60538
00059.jpg 527 127 109 318 0.59720
00059.jpg 533 138 105 118 0.59709
00059.jpg 543 127 90 226 0.59659
00059.jpg 533 128 116 293 0.59638
00059.jpg 538 131 111 294 0.57571
00059.jpg 475 127 170 333 0.57055
00059.jpg 270 206 62 242 0.57048
00059.jpg 542 136 87 150 0.56255
00059.jpg 321 208 95 225 0.55575
00059.jpg 327 194 93 244 0.55568
00059.jpg 531 134 110 234 0.55406
00059.jpg 329 204 66 219 0.54188
00059.jpg 527 130 121 299 0.53831
00059.jpg 521 143 127 309 0.53793
00059.jpg 515 133 131 341 0.53633
00059.jpg 269 211 62 218 0.52907
00059.jpg 505 138 142 316 0.52815
00059.jpg 271 217 60 212 0.52675
00059.jpg 265 194 64 253 0.52439
00059.jpg 322 210 81 209 0.52158
00059.jpg 317 201 97 229 0.51969
00059.jpg 530 135 109 188 0.51855
00059.jpg 543 136 96 228 0.51841
00059.jpg 535 126 111 233 0.51517
00059.jpg 276 213 59 214 0.50525
00059.jpg 521 121 121 330 0.50401
00059.jpg 529 133 109 206 0.50296
