00060.jpg 326 197 96 234 0.99883
00060.jpg 320 199 99 236 0.99864
00060.jpg 267 201 63 247 0.99819
00060.jpg 327 202 91 243 0.99701
00060.jpg 324 204 93 231 0.99693
00060.jpg 268 209 61 244 0.99596
00060.jpg 323 204 93 224 0.99547
00060.jpg 318 202 106 234 0.99486
00060.jpg 271 203 57 244 0.99465
00060.jpg 325 191 96 245 0.99367
00060.jpg 321 196 97 237 0.99358
00060.jpg 266 200 65 249 0.99356
00060.jpg 325 200 96 237 0.99223
00060.jpg 271 198 58 258 0.99222
00060.jpg 270 214 58 225 0.99119
00060.jpg 317 199 99 235 0.99079
00060.jpg 324 200 102 239 0.99072
00060.jpg 325 201 87 234 0.99020
00060.jpg 327 195 80 240 0.99009
00060.jpg 272 205 54 236 0.98998
00060.jpg 326 196 93 236 0.98974
00060.jpg 270 204 57 245 0.98913
00060.jpg 327 196 93 241 0.98860
00060.jpg 270 211 59 231 0.98790
00060.jpg 322 203 102 233 0.98784
00060.jpg 314 193 113 247 0.98769
00060.jpg 321 204 97 230 0.98723
00060.jpg 331 197 86 239 0.98709
00060.jpg 325 202 92 230 0.98681
00060.jpg 317 207 104 232 0.98592
00060.jpg 322 197 92 242 0.98547
00060.jpg 267 204 67 244 0.98514
00060.jpg 542 135 99 213 0.98481
00060.jpg 328 195 79 241 0.98352
00060.jpg 322 202 90 231 0.98315
00060.jpg 328 198 84 243 0.98284
00060.jpg 274 205 53 244 0.98238
00060.jpg 272 210 60 237 0.98234
00060.jpg 323 197 100 234 0.98187
00060.jpg 271 202 59 249 0.98147
00060.jpg 323 199 95 232 0.98030
00060.jpg 320 205 100 225 0.97975
00060.jpg 323 201 101 227 0.97909
00060.jpg 326 199 87 226 0.97835
00060.jpg 319 202 96 229 0.97732
00060.jpg 269 209 59 227 0.97654
00060.jpg 539 130 107 225 0.97639
00060.jpg 268 205 59 240 0.97620
00060.jpg 325 206 90 234 0.97598
00060.jpg 543 133 102 217 0.97518
00060.jpg 326 195 96 236 0.97227
00060.jpg 326 202 87 231 0.97173
00060.jpg 321 198 96 243 0.97144
00060.jpg 323 198 100 239 0.97122
00060.jpg 544 131 102 232 0.97076
00060.jpg 267 209 60 235 0.97053
00060.jpg 325 203 94 231 0.97053
00060.jpg 325 203 94 236 0.96667
00060.jpg 545 134 104 218 0.96612
00060.jpg 545 139 98 216 0.96545
00060.jpg 270 202 59 244 0.96497
00060.jpg 538 134 108 215 0.96475
00060.jpg 274 198 58 247 0.96418
00060.jpg 269 209 61 238 0.96395
00060.jpg 316 202 107 235 0.96311
00060.jpg 536 135 112 219 0.96290
00060.jpg 540 138 103 210 0.96271
00060.jpg 538 134 101 213 0.96134
00060.jpg 537 135 103 212 0.96064
00060.jpg 541 136 104 208 0.95891
00060.jpg 269 203 55 246 0.95852
00060.jpg 537 134 105 225 0.95797
00060.jpg 540 134 106 216 0.95762
00060.jpg 538 141 106 206 0.95705
00060.jpg 536 134 112 230 0.95661
00060.jpg 536 128 104 227 0.95659
00060.jpg 268 203 59 238 0.95615
00060.jpg 317 203 106 238 0.95568
00060.jpg 266 208 59 232 0.95431
00060.jpg 326 202 104 232 0.95383
00060.jpg 542 137 102 204 0.95124
00060.jpg 538 137 104 224 0.95123
00060.jpg 266 203 65 238 0.94901
00060.jpg 329 200 90 235 0.94813
00060.jpg 536 133 105 219 0.94484
00060.jpg 540 130 97 219 0.94458
00060.jpg 266 202 60 238 0.94327
00060.jpg 321 203 105 237 0.94086
00060.jpg 269 207 58 229 0.94077
00060.jpg 542 140 104 210 0.93738
00060.jpg 539 133 105 231 0.93535
00060.jpg 262 206 72 244 0.93223
00060.jpg 268 205 64 241 0.93222
00060.jpg 535 136 113 216 0.93122
00060.jpg 532 135 117 216 0.92910
00060.jpg 268 203 58 240 0.92872
00060.jpg 270 198 64 256 0.92760
00060.jpg 533 137 115 212 0.92682
00060.jpg 536 140 109 205 0.92665
00060.jpg 274 201 56 241 0.92564
00060.jpg 328 196 92 241 0.92522
00060.jpg 322 191 100 246 0.91921
00060.jpg 535 141 113 210 0.91781
00060.jpg 271 200 57 249 0.91586
00060.jpg 324 195 91 242 0.91401
00060.jpg 269 206 60 247 0.91247
00060.jpg 324 196 91 238 0.91242
00060.jpg 269 207 61 239 0.91172
00060.jpg 324 197 96 240 0.90994
00060.jpg 539 138 107 213 0.90963
00060.jpg 316 204 104 232 0.90778
00060.jpg 267 200 62 245 0.90608
00060.jpg 322 204 107 235 0.90285
00060.jpg 324 203 95 226 0.90280
00060.jpg 549 134 90 211 0.90177
00060.jpg 540 136 99 219 0.90090
00060.jpg 270 198 56 251 0.89935
00060.jpg 271 196 57 250 0.89680
00060.jpg 269 203 58 244 0.89468
00060.jpg 272 205 56 233 0.89360
00060.jpg 326 200 95 231 0.89304
00060.jpg 268 207 59 233 0.89170
00060.jpg 323 199 98 238 0.88948
00060.jpg 538 131 109 212 0.88859
00060.jpg 323 210 103 220 0.88852
00060.jpg 543 131 103 225 0.87851
00060.jpg 270 204 60 236 0.87749
00060.jpg 543 132 104 233 0.87513
00060.jpg 262 210 74 241 0.87287
00060.jpg 322 200 89 232 0.87190
00060.jpg 541 132 95 216 0.87153
00060.jpg 326 197 101 241 0.86817
00060.jpg 316 193 107 244 0.86489
00060.jpg 264 210 68 234 0.86348
00060.jpg 543 129 99 238 0.86248
00060.jpg 533 140 113 214 0.86045
00060.jpg 270 201 52 240 0.85928
00060.jpg 535 130 110 240 0.85906
00060.jpg 318 199 112 241 0.85701
00060.jpg 545 142 102 193 0.85615
00060.jpg 326 196 101 242 0.85335
00060.jpg 533 140 116 219 0.85334
00060.jpg 540 137 108 213 0.84869
00060.jpg 269 205 58 238 0.84868
00060.jpg 273 206 54 243 0.84816
00060.jpg 319 195 101 244 0.84514
00060.jpg 327 206 81 223 0.84176
00060.jpg 266 202 64 244 0.83992
00060.jpg 317 202 109 232 0.83799
00060.jpg 543 132 98 214 0.83187
00060.jpg 323 197 80 230 0.83140
00060.jpg 272 209 55 225 0.82598
00060.jpg 269 212 58 229 0.82144
00060.jpg 534 138 114 227 0.81493
00060.jpg 541 136 101 222 0.80215
00060.jpg 539 140 103 210 0.79961
00060.jpg 545 134 101 213 0.79622
00060.jpg 265 201 65 246 0.79029
00060.jpg 532 139 111 238 0.78957
00060.jpg 320 197 98 241 0.78665
00060.jpg 531 131 114 230 0.78653
00060.jpg 266 208 59 238 0.78526
00060.jpg 324 199 110 235 0.78331
00060.jpg 537 137 109 210 0.78034
00060.jpg 320 192 113 248 0.77164
00060.jpg 273 212 50 223 0.77092
00060.jpg 530 135 106 246 0.75043
00060.jpg 272 208 56 230 0.74787
00060.jpg 545 130 103 228 0.74222
00060.jpg 547 144 96 219 0.74161
00060.jpg 322 205 86 227 0.73687
00060.jpg 538 138 105 210 0.73523
00060.jpg 317 192 116 244 0.72907
00060.jpg 530 137 121 229 0.72831
00060.jpg 269 196 64 249 0.72620
00060.jpg 527 145 117 212 0.72565
00060.jpg 536 138 101 225 0.72386
00060.jpg 534 129 108 237 0.71954
00060.jpg 539 139 108 227 0.71687
00060.jpg 534 134 114 220 0.71461
00060.jpg 328 201 74 230 0.71336
00060.jpg 542 140 103 243 0.71268
00060.jpg 536 136 107 229 0.70966
00060.jpg 319 199 113 233 0.70473
00060.jpg 272 208 63 230 0.69578
00060.jpg 265 204 64 251 0.67931
00060.jpg 324 209 78 220 0.65154
00060.jpg 272 207 53 228 0.64521
00060.jpg 320 195 106 248 0.64359
00060.jpg 270 206 61 236 0.64272
00060.jpg 311 201 115 232 0.64136
00060.jpg 536 137 103 203 0.64125
00060.jpg 270 212 61 230 0.62545
00060.jpg 328 200 98 230 0.61117
00060.jpg 325 204 75 228 0.60905
00060.jpg 267 207 58 231 0.60542
00060.jpg 535 129 105 215 0.60142
00060.jpg 275 213 57 222 0.59679
00060.jpg 533 141 102 206 0.59676
00060.jpg 265 208 66 239 0.59248
00060.jpg 321 198 93 241 0.59062
00060.jpg 326 201 87 232 0.58116
00060.jpg 269 208 56 230 0.57898
00060.jpg 543 136 109 219 0.57645
00060.jpg 549 145 94 169 0.57506
00060.jpg 524 126 115 304 0.56884
00060.jpg 319 202 89 230 0.56395
00060.jpg 330 196 85 230 0.56235
00060.jpg 540 135 101 205 0.56208
00060.jpg 331 204 94 228 0.55511
00060.jpg 267 214 64 228 0.55346
00060.jpg 273 206 59 230 0.54973
00060.jpg 544 142 91 201 0.54528
00060.jpg 523 147 119 225 0.54492
00060.jpg 548 141 96 169 0.54405
00060.jpg 519 123 135 308 0.54393
00060.jpg 532 136 105 229 0.54160
00060.jpg 268 201 68 243 0.54000
00060.jpg 513 125 127 320 0.52609
00060.jpg 326 206 71 223 0.52130
00060.jpg 324 200 118 237 0.51941
00060.jpg 544 142 96 192 0.50962
00060.jpg 328 203 76 217 0.50415
00060.jpg 323 195 114 240 0.50036
00060.jpg 532 140 112 205 0.49980
