00002.jpg 304 164 196 234 0.99964
00002.jpg 305 158 197 241 0.99901
00002.jpg 300 163 203 235 0.99866
00002.jpg 427 58 112 279 0.99847
00002.jpg 295 165 206 234 0.99840
00002.jpg 302 163 192 228 0.99830
00002.jpg 295 160 203 248 0.99811
00002.jpg 427 59 115 278 0.99804
00002.jpg 308 167 189 229 0.99790
00002.jpg 429 62 113 279 0.99760
00002.jpg 428 64 115 273 0.99747
00002.jpg 428 64 114 272 0.99727
00002.jpg 430 62 114 277 0.99724
00002.jpg 306 176 187 212 0.99707
00002.jpg 299 158 194 241 0.99694
00002.jpg 431 61 113 273 0.99651
00002.jpg 307 170 196 222 0.99637
00002.jpg 427 61 115 274 0.99617
00002.jpg 304 171 203 228 0.99616
00002.jpg 300 171 202 227 0.99598
00002.jpg 298 164 197 237 0.99587
00002.jpg 310 157 192 247 0.99580
00002.jpg 309 167 175 221 0.99551
00002.jpg 431 59 110 279 0.99536
00002.jpg 432 62 107 278 0.99484
00002.jpg 302 168 179 223 0.99467
00002.jpg 303 170 194 223 0.99466
00002.jpg 303 167 198 209 0.99414
00002.jpg 430 64 106 275 0.99409
00002.jpg 299 165 204 229 0.99341
00002.jpg 429 61 113 275 0.99335
00002.jpg 429 64 113 269 0.99282
00002.jpg 295 171 211 219 0.99236
00002.jpg 426 63 108 266 0.99163
00002.jpg 295 177 210 212 0.99131
00002.jpg 429 63 110 271 0.99105
00002.jpg 429 62 116 278 0.99100
00002.jpg 305 159 200 238 0.98881
00002.jpg 307 173 181 221 0.98862
00002.jpg 432 61 106 284 0.98845
00002.jpg 310 163 183 242 0.98776
00002.jpg 299 166 208 244 0.98751
00002.jpg 435 60 105 278 0.98747
00002.jpg 430 61 115 273 0.98668
00002.jpg 428 65 113 273 0.98648
00002.jpg 430 49 112 286 0.98619
00002.jpg 293 166 202 235 0.98614
00002.jpg 439 57 102 265 0.98584
00002.jpg 431 70 106 266 0.98542
00002.jpg 300 168 208 226 0.98523
00002.jpg 431 60 112 265 0.98435
00002.jpg 298 160 200 233 0.98433
00002.jpg 432 49 108 293 0.98273
00002.jpg 289 171 216 228 0.98218
00002.jpg 428 55 111 285 0.98193
00002.jpg 428 64 112 271 0.98026
00002.jpg 428 70 112 261 0.97846
00002.jpg 297 166 195 241 0.97796
00002.jpg 291 165 207 228 0.97792
00002.jpg 297 170 196 235 0.97690
00002.jpg 428 63 116 278 0.97584
00002.jpg 427 66 115 271 0.97507
00002.jpg 432 62 105 275 0.97269
00002.jpg 308 172 187 220 0.97174
00002.jpg 433 69 111 256 0.97169
00002.jpg 428 59 108 274 0.96862
00002.jpg 428 58 116 280 0.96393
00002.jpg 300 163 214 229 0.96386
00002.jpg 428 63 110 274 0.96306
00002.jpg 426 57 111 285 0.96228
00002.jpg 303 162 201 246 0.96098
00002.jpg 300 167 196 241 0.96087
00002.jpg 302 167 192 239 0.95882
00002.jpg 297 174 219 212 0.95527
00002.jpg 299 169 212 237 0.95441
00002.jpg 430 54 108 281 0.95282
00002.jpg 436 60 116 273 0.95128
00002.jpg 300 166 187 225 0.95016
00002.jpg 299 174 212 232 0.94757
00002.jpg 428 61 115 270 0.94711
00002.jpg 298 162 206 240 0.94644
00002.jpg 309 164 187 235 0.94586
00002.jpg 428 58 113 284 0.94065
00002.jpg 430 72 107 257 0.93914
00002.jpg 297 170 207 238 0.93432
00002.jpg 299 167 203 229 0.93338
00002.jpg 289 173 237 235 0.93300
00002.jpg 283 160 231 251 0.93204
00002.jpg 297 170 194 228 0.93072
00002.jpg 289 171 229 212 0.92944
00002.jpg 295 163 220 246 0.92913
00002.jpg 433 68 104 263 0.92678
00002.jpg 425 59 111 283 0.92078
00002.jpg 695 0 62 96 0.91597
00002.jpg 304 159 186 237 0.91008
00002.jpg 302 171 195 229 0.90971
00002.jpg 432 63 113 274 0.90339
00002.jpg 429 68 114 271 0.90158
00002.jpg 698 0 59 97 0.89935
00002.jpg 697 0 58 96 0.89935
00002.jpg 436 71 121 250 0.89022
00002.jpg 695 0 63 98 0.87863
00002.jpg 693 0 62 99 0.87363
00002.jpg 302 174 198 227 0.87229
00002.jpg 298 169 207 234 0.86699
00002.jpg 299 175 204 228 0.85910
00002.jpg 293 165 217 247 0.85873
00002.jpg 322 169 159 217 0.85676
00002.jpg 430 65 112 267 0.85056
00002.jpg 291 163 210 240 0.84464
00002.jpg 300 148 208 247 0.84419
00002.jpg 695 0 64 99 0.83193
00002.jpg 690 0 65 101 0.82775
00002.jpg 297 174 199 226 0.82553
00002.jpg 300 164 206 231 0.82350
00002.jpg 693 0 63 104 0.82261
00002.jpg 428 68 110 264 0.81433
00002.jpg 579 2 30 70 0.81080
00002.jpg 425 61 117 271 0.80801
00002.jpg 694 0 68 101 0.80773
00002.jpg 693 0 64 101 0.80555
00002.jpg 377 6 70 68 0.80537
00002.jpg 428 68 108 259 0.79637
00002.jpg 430 54 109 291 0.78619
00002.jpg 695 0 59 99 0.78478
00002.jpg 429 58 113 280 0.78305
00002.jpg 378 2 67 76 0.78031
00002.jpg 235 2 65 82 0.77995
00002.jpg 377 2 62 74 0.77171
00002.jpg 375 0 64 75 0.76728
00002.jpg 378 1 63 78 0.76721
00002.jpg 693 0 66 95 0.76253
00002.jpg 691 0 61 101 0.75448
00002.jpg 247 0 46 84 0.74011
00002.jpg 235 0 61 82 0.73598
00002.jpg 295 160 197 260 0.73178
00002.jpg 692 0 64 100 0.73170
00002.jpg 424 53 114 282 0.71998
00002.jpg 573 3 31 71 0.71922
00002.jpg 579 0 27 66 0.71773
00002.jpg 376 3 68 75 0.71547
00002.jpg 300 165 201 232 0.71519
00002.jpg 309 174 196 222 0.70662
00002.jpg 300 170 205 237 0.69807
00002.jpg 240 0 45 88 0.69497
00002.jpg 373 4 61 70 0.69409
00002.jpg 235 0 60 86 0.69374
00002.jpg 380 5 65 66 0.69190
00002.jpg 305 165 193 249 0.69049
00002.jpg 235 3 65 81 0.68757
00002.jpg 693 0 66 102 0.68590
00002.jpg 559 0 36 76 0.68508
00002.jpg 438 62 102 273 0.68243
00002.jpg 697 0 55 101 0.68010
00002.jpg 576 0 31 71 0.67294
00002.jpg 298 161 210 232 0.67261
00002.jpg 378 0 71 77 0.67091
00002.jpg 696 0 59 101 0.66732
00002.jpg 377 3 68 73 0.66644
00002.jpg 569 0 33 75 0.66382
00002.jpg 376 0 60 77 0.65883
00002.jpg 296 175 206 232 0.65866
00002.jpg 375 5 68 73 0.65354
00002.jpg 295 167 222 227 0.65182
00002.jpg 572 0 29 65 0.65043
00002.jpg 576 0 31 58 0.64814
00002.jpg 691 0 68 100 0.64455
00002.jpg 373 0 72 76 0.64152
00002.jpg 563 0 33 74 0.63953
00002.jpg 308 152 212 223 0.63812
00002.jpg 296 169 215 226 0.63782
00002.jpg 235 0 54 86 0.63608
00002.jpg 375 1 62 76 0.63545
00002.jpg 296 169 204 234 0.63165
00002.jpg 692 0 62 96 0.62976
00002.jpg 297 154 207 261 0.62829
00002.jpg 241 1 53 85 0.61862
00002.jpg 694 0 68 98 0.61758
00002.jpg 437 58 106 269 0.61674
00002.jpg 232 1 61 84 0.60816
00002.jpg 235 0 63 83 0.59699
00002.jpg 372 1 71 74 0.59545
00002.jpg 694 0 68 100 0.59350
00002.jpg 573 0 34 70 0.59268
00002.jpg 311 176 172 217 0.59231
00002.jpg 293 164 204 241 0.59113
00002.jpg 563 0 29 67 0.58618
00002.jpg 239 0 60 87 0.58335
00002.jpg 236 0 55 88 0.58316
00002.jpg 695 0 67 101 0.57743
00002.jpg 299 156 212 259 0.57523
00002.jpg 571 0 35 65 0.57233
00002.jpg 692 0 56 99 0.56896
00002.jpg 694 0 58 103 0.56724
00002.jpg 697 0 65 103 0.56722
00002.jpg 375 4 62 70 0.56676
00002.jpg 376 0 58 82 0.56455
00002.jpg 579 7 26 53 0.56305
00002.jpg 381 2 69 76 0.55988
00002.jpg 232 0 70 83 0.55683
00002.jpg 376 1 71 72 0.55636
00002.jpg 562 0 25 72 0.55577
00002.jpg 373 0 73 74 0.55196
00002.jpg 694 0 67 103 0.55141
00002.jpg 582 2 26 53 0.54574
00002.jpg 244 1 54 84 0.54538
00002.jpg 296 174 200 226 0.54483
00002.jpg 371 5 68 70 0.53427
00002.jpg 238 0 59 85 0.53394
00002.jpg 567 0 28 58 0.53136
00002.jpg 239 0 57 79 0.53054
00002.jpg 238 0 28 82 0.53018
00002.jpg 694 0 67 103 0.52116
00002.jpg 582 0 28 64 0.51728
00002.jpg 253 1 46 84 0.51544
00002.jpg 240 0 56 82 0.51377
00002.jpg 413 49 133 293 0.51196
00002.jpg 577 4 29 71 0.51089
00002.jpg 580 0 29 60 0.51018
00002.jpg 693 0 67 105 0.50571
