00012.jpg 295 180 196 209 0.99961
00012.jpg 301 178 204 216 0.99916
00012.jpg 302 179 199 216 0.99912
00012.jpg 299 178 192 217 0.99859
00012.jpg 291 185 209 211 0.99768
00012.jpg 294 175 200 223 0.99675
00012.jpg 304 178 188 215 0.99646
00012.jpg 299 181 201 215 0.99588
00012.jpg 300 175 202 215 0.99552
00012.jpg 301 185 198 210 0.99485
00012.jpg 302 179 183 216 0.99404
00012.jpg 412 48 110 292 0.99353
00012.jpg 409 52 113 279 0.99340
00012.jpg 414 50 111 289 0.99321
00012.jpg 408 56 118 277 0.99301
00012.jpg 411 49 113 280 0.99277
00012.jpg 413 48 115 281 0.99262
00012.jpg 300 172 192 217 0.99232
00012.jpg 301 179 205 211 0.99177
00012.jpg 297 180 212 221 0.99143
00012.jpg 299 169 197 228 0.99105
00012.jpg 415 54 109 283 0.99085
00012.jpg 308 182 184 210 0.99042
00012.jpg 295 180 208 230 0.98914
00012.jpg 285 183 219 209 0.98849
00012.jpg 297 166 202 224 0.98748
00012.jpg 298 181 203 200 0.98670
00012.jpg 300 173 203 214 0.98618
00012.jpg 412 48 109 284 0.98594
00012.jpg 291 179 217 213 0.98488
00012.jpg 407 53 116 283 0.98388
00012.jpg 300 166 197 219 0.98077
00012.jpg 302 177 191 213 0.98045
00012.jpg 299 172 204 228 0.98016
00012.jpg 303 182 205 214 0.97928
00012.jpg 299 170 206 233 0.97920
00012.jpg 308 179 189 214 0.97853
00012.jpg 303 178 199 210 0.97626
00012.jpg 412 46 113 285 0.97505
00012.jpg 299 184 217 213 0.97386
00012.jpg 411 53 106 276 0.97376
00012.jpg 298 187 197 214 0.97305
00012.jpg 300 183 201 220 0.97142
00012.jpg 292 166 212 235 0.97052
00012.jpg 413 51 110 279 0.97008
00012.jpg 284 176 233 235 0.96913
00012.jpg 409 50 112 283 0.96861
00012.jpg 414 52 106 283 0.96777
00012.jpg 378 1 66 76 0.96623
00012.jpg 410 52 105 281 0.96482
00012.jpg 302 180 208 224 0.96422
00012.jpg 300 182 199 218 0.96284
00012.jpg 407 49 114 286 0.96277
00012.jpg 409 49 110 285 0.96220
00012.jpg 407 50 111 291 0.96020
00012.jpg 410 56 113 280 0.95858
00012.jpg 376 0 65 75 0.95845
00012.jpg 306 180 192 228 0.95809
00012.jpg 421 44 109 280 0.95742
00012.jpg 414 54 100 280 0.95741
00012.jpg 411 54 114 278 0.95714
00012.jpg 300 181 217 221 0.95696
00012.jpg 411 49 110 287 0.95693
00012.jpg 409 52 114 276 0.95666
00012.jpg 285 181 230 221 0.95632
00012.jpg 409 52 108 284 0.95597
00012.jpg 402 47 124 289 0.95365
00012.jpg 306 178 191 216 0.95191
00012.jpg 414 47 106 288 0.95179
00012.jpg 376 1 62 74 0.95057
00012.jpg 296 171 193 219 0.95033
00012.jpg 309 179 197 225 0.94940
00012.jpg 299 177 203 229 0.94919
00012.jpg 411 56 107 275 0.94603
00012.jpg 411 44 110 292 0.94498
00012.jpg 292 183 228 220 0.94276
00012.jpg 408 49 111 289 0.94195
00012.jpg 303 173 194 221 0.93947
00012.jpg 409 48 127 276 0.93864
00012.jpg 286 178 235 236 0.93764
00012.jpg 379 0 65 76 0.93280
00012.jpg 293 181 230 228 0.93263
00012.jpg 287 175 223 212 0.92781
00012.jpg 299 179 202 228 0.92653
00012.jpg 419 53 102 276 0.92543
00012.jpg 403 55 119 284 0.92469
00012.jpg 409 44 118 299 0.92029
00012.jpg 377 0 69 76 0.91807
00012.jpg 308 191 187 181 0.91639
00012.jpg 378 4 63 72 0.91451
00012.jpg 298 185 194 215 0.91390
00012.jpg 301 176 199 230 0.91284
00012.jpg 297 171 211 241 0.91274
00012.jpg 299 177 196 223 0.90962
00012.jpg 378 2 64 74 0.90556
00012.jpg 408 58 109 277 0.90474
00012.jpg 300 178 200 217 0.90436
00012.jpg 379 3 66 73 0.90199
00012.jpg 288 173 221 222 0.90072
00012.jpg 300 179 190 220 0.90020
00012.jpg 379 0 58 73 0.89822
00012.jpg 289 184 211 210 0.89768
00012.jpg 295 185 215 217 0.89595
00012.jpg 420 53 101 278 0.89568
00012.jpg 292 172 215 225 0.89427
00012.jpg 699 0 58 97 0.89161
00012.jpg 697 0 58 96 0.89161
00012.jpg 377 0 62 74 0.88661
00012.jpg 302 186 201 209 0.88458
00012.jpg 377 0 66 77 0.88185
00012.jpg 377 1 63 75 0.87913
00012.jpg 412 53 110 260 0.87897
00012.jpg 413 57 107 259 0.87742
00012.jpg 306 164 183 236 0.87676
00012.jpg 380 0 64 77 0.87579
00012.jpg 409 54 111 278 0.87307
00012.jpg 299 185 211 215 0.87277
00012.jpg 379 0 64 79 0.87114
00012.jpg 694 0 64 97 0.86914
00012.jpg 294 183 210 220 0.86734
00012.jpg 284 178 223 233 0.86645
00012.jpg 415 55 106 272 0.86548
00012.jpg 383 0 55 74 0.86219
00012.jpg 403 55 126 262 0.85296
00012.jpg 313 168 184 217 0.85142
00012.jpg 379 0 59 70 0.84974
00012.jpg 378 0 66 77 0.84938
00012.jpg 379 0 55 78 0.84917
00012.jpg 374 2 65 73 0.84420
00012.jpg 302 182 206 220 0.84332
00012.jpg 408 58 115 275 0.84297
00012.jpg 374 0 63 76 0.84270
00012.jpg 299 178 207 212 0.83927
00012.jpg 692 0 62 99 0.83833
00012.jpg 374 0 64 75 0.83788
00012.jpg 374 2 65 73 0.83486
00012.jpg 695 0 63 102 0.83173
00012.jpg 408 65 122 248 0.83104
00012.jpg 304 179 199 200 0.83063
00012.jpg 376 0 59 78 0.82925
00012.jpg 412 50 114 281 0.82888
00012.jpg 376 0 67 75 0.82876
00012.jpg 424 53 103 271 0.82842
00012.jpg 305 111 195 274 0.82691
00012.jpg 296 179 202 216 0.82039
00012.jpg 697 0 61 102 0.80716
00012.jpg 376 0 64 72 0.79402
00012.jpg 694 0 64 103 0.79106
00012.jpg 291 170 220 230 0.78982
00012.jpg 407 45 112 285 0.78787
00012.jpg 235 2 67 80 0.77004
00012.jpg 375 1 65 76 0.76959
00012.jpg 292 180 228 227 0.76928
00012.jpg 380 4 61 73 0.76796
00012.jpg 693 0 62 103 0.76698
00012.jpg 416 49 101 284 0.76580
00012.jpg 405 43 113 297 0.76440
00012.jpg 381 1 64 73 0.76266
00012.jpg 302 185 192 221 0.76158
00012.jpg 412 60 115 278 0.75425
00012.jpg 695 0 59 98 0.75235
00012.jpg 299 179 207 220 0.75177
00012.jpg 379 1 53 71 0.75139
00012.jpg 308 130 198 269 0.74823
00012.jpg 560 0 34 74 0.74255
00012.jpg 373 1 65 72 0.74139
00012.jpg 408 50 104 280 0.74092
00012.jpg 692 0 67 95 0.73958
00012.jpg 379 1 65 72 0.73837
00012.jpg 382 1 50 71 0.73587
00012.jpg 692 0 66 97 0.73452
00012.jpg 691 0 65 102 0.73093
00012.jpg 370 0 67 73 0.73030
00012.jpg 696 0 57 99 0.72846
00012.jpg 381 4 65 72 0.72666
00012.jpg 380 0 65 77 0.72562
00012.jpg 405 40 110 295 0.72439
00012.jpg 371 4 67 73 0.72272
00012.jpg 293 165 214 227 0.72069
00012.jpg 379 4 66 73 0.71947
00012.jpg 697 0 56 102 0.71942
00012.jpg 694 0 63 100 0.71867
00012.jpg 308 184 184 214 0.71728
00012.jpg 562 0 25 70 0.71151
00012.jpg 694 0 66 102 0.70901
00012.jpg 691 0 64 100 0.70660
00012.jpg 415 57 104 279 0.70483
00012.jpg 692 0 67 99 0.69264
00012.jpg 232 0 61 83 0.69248
00012.jpg 232 0 63 83 0.69236
00012.jpg 384 2 60 74 0.69097
00012.jpg 374 0 66 71 0.68226
00012.jpg 402 44 109 285 0.67879
00012.jpg 576 0 31 56 0.67413
00012.jpg 246 0 48 84 0.67316
00012.jpg 696 0 61 101 0.65782
00012.jpg 292 185 208 213 0.65770
00012.jpg 381 0 60 75 0.65614
00012.jpg 580 0 26 63 0.65583
00012.jpg 407 49 124 274 0.65068
00012.jpg 380 0 64 76 0.64753
00012.jpg 693 0 63 100 0.64444
00012.jpg 572 0 29 64 0.64385
00012.jpg 377 3 61 71 0.64038
00012.jpg 563 0 31 65 0.63822
00012.jpg 692 0 69 101 0.63307
00012.jpg 413 49 106 282 0.61735
00012.jpg 303 174 210 227 0.61251
00012.jpg 575 0 31 71 0.61121
00012.jpg 296 185 212 215 0.60803
00012.jpg 574 0 30 71 0.59488
00012.jpg 694 0 69 98 0.59292
00012.jpg 410 46 101 287 0.59060
00012.jpg 418 53 104 263 0.59036
00012.jpg 418 57 103 277 0.58170
00012.jpg 379 0 63 78 0.57887
00012.jpg 567 0 33 73 0.57856
00012.jpg 344 105 162 270 0.57298
00012.jpg 232 1 62 84 0.57123
00012.jpg 567 0 37 61 0.56632
00012.jpg 321 113 201 259 0.56596
00012.jpg 239 0 27 81 0.56581
00012.jpg 235 0 54 86 0.56445
00012.jpg 560 0 27 70 0.55789
00012.jpg 376 1 58 74 0.55693
00012.jpg 580 2 30 67 0.54959
00012.jpg 238 0 59 82 0.54800
00012.jpg 383 1 49 76 0.54516
00012.jpg 407 56 125 271 0.54479
00012.jpg 381 5 53 80 0.54423
00012.jpg 235 3 59 83 0.53926
00012.jpg 694 0 57 103 0.53385
00012.jpg 243 1 55 85 0.52613
00012.jpg 240 0 47 86 0.52423
00012.jpg 372 0 70 72 0.52413
00012.jpg 699 0 62 102 0.52295
00012.jpg 565 0 41 60 0.52203
00012.jpg 697 0 66 102 0.51886
00012.jpg 235 0 64 84 0.51516
00012.jpg 414 53 110 270 0.51334
00012.jpg 694 0 65 99 0.51305
00012.jpg 371 4 65 70 0.51177
00012.jpg 307 180 196 215 0.51020
00012.jpg 236 5 61 77 0.50974
00012.jpg 397 63 129 263 0.50728
00012.jpg 379 10 62 66 0.50677
00012.jpg 571 2 36 66 0.50622
00012.jpg 237 0 62 83 0.50479
