00025.jpg 295 200 205 190 0.99888
00025.jpg 299 204 189 194 0.99888
00025.jpg 296 198 197 196 0.99796
00025.jpg 296 212 210 173 0.99497
00025.jpg 289 200 212 185 0.99445
00025.jpg 299 205 199 196 0.99285
00025.jpg 305 209 185 176 0.99261
00025.jpg 299 198 196 193 0.99233
00025.jpg 303 212 186 175 0.99191
00025.jpg 301 198 191 195 0.99181
00025.jpg 297 211 203 193 0.99029
00025.jpg 301 190 187 207 0.98827
00025.jpg 397 41 92 285 0.98789
00025.jpg 300 191 199 207 0.98780
00025.jpg 306 205 179 182 0.98713
00025.jpg 289 207 213 190 0.98413
00025.jpg 396 44 91 276 0.98392
00025.jpg 399 39 93 287 0.98334
00025.jpg 297 212 203 184 0.98279
00025.jpg 398 39 90 289 0.98219
00025.jpg 309 201 184 191 0.98176
00025.jpg 297 203 194 185 0.98086
00025.jpg 394 41 95 285 0.97965
00025.jpg 395 45 95 282 0.97942
00025.jpg 306 207 190 193 0.97844
00025.jpg 299 206 198 188 0.97841
00025.jpg 397 40 86 292 0.97658
00025.jpg 309 209 182 175 0.97649
00025.jpg 295 202 202 199 0.97618
00025.jpg 298 207 200 183 0.97599
00025.jpg 283 196 221 204 0.97561
00025.jpg 291 205 200 183 0.97501
00025.jpg 395 45 92 279 0.97488
00025.jpg 294 212 219 185 0.97447
00025.jpg 402 48 85 272 0.97398
00025.jpg 395 36 95 292 0.97213
00025.jpg 297 199 197 200 0.97202
00025.jpg 300 206 195 183 0.97152
00025.jpg 398 37 91 300 0.96738
00025.jpg 398 45 89 286 0.96720
00025.jpg 394 49 94 274 0.96526
00025.jpg 300 215 206 178 0.96525
00025.jpg 295 191 203 202 0.96340
00025.jpg 302 215 190 178 0.96249
00025.jpg 290 204 216 197 0.96194
00025.jpg 294 207 210 193 0.96144
00025.jpg 293 207 206 194 0.95824
00025.jpg 295 204 207 198 0.95802
00025.jpg 298 206 201 184 0.95609
00025.jpg 401 39 92 292 0.95481
00025.jpg 300 191 196 198 0.95304
00025.jpg 291 196 205 193 0.95280
00025.jpg 399 45 92 282 0.95248
00025.jpg 295 205 210 195 0.95086
00025.jpg 394 34 95 297 0.94829
00025.jpg 307 202 190 195 0.94658
00025.jpg 300 209 201 193 0.94620
00025.jpg 393 41 96 280 0.94345
00025.jpg 283 201 217 193 0.94313
00025.jpg 302 210 202 181 0.93948
00025.jpg 397 37 89 292 0.93892
00025.jpg 296 209 208 180 0.93774
00025.jpg 374 0 62 75 0.93643
00025.jpg 306 211 192 177 0.93580
00025.jpg 378 0 57 72 0.93490
00025.jpg 392 39 96 287 0.93174
00025.jpg 302 203 199 188 0.92991
00025.jpg 297 214 209 179 0.92926
00025.jpg 397 37 92 304 0.92798
00025.jpg 289 190 213 208 0.92578
00025.jpg 401 46 85 284 0.92077
00025.jpg 380 0 59 73 0.92027
00025.jpg 698 0 58 95 0.92003
00025.jpg 699 0 58 97 0.91460
00025.jpg 309 195 182 197 0.91322
00025.jpg 296 206 214 189 0.91299
00025.jpg 693 0 62 98 0.91189
00025.jpg 402 45 81 280 0.90967
00025.jpg 306 208 197 199 0.90103
00025.jpg 291 201 210 220 0.89841
00025.jpg 693 0 61 99 0.89821
00025.jpg 380 3 61 71 0.89790
00025.jpg 394 36 95 300 0.89608
00025.jpg 394 42 97 283 0.89506
00025.jpg 300 211 201 187 0.89385
00025.jpg 296 193 199 214 0.88810
00025.jpg 400 31 88 294 0.88751
00025.jpg 297 209 197 183 0.88748
00025.jpg 296 200 203 204 0.87679
00025.jpg 695 0 60 103 0.87157
00025.jpg 299 205 189 185 0.86834
00025.jpg 399 42 83 280 0.86685
00025.jpg 291 207 210 188 0.86668
00025.jpg 377 2 71 69 0.86521
00025.jpg 396 41 93 284 0.86461
00025.jpg 391 44 95 276 0.86436
00025.jpg 299 203 202 193 0.86269
00025.jpg 696 0 59 101 0.86212
00025.jpg 304 206 186 179 0.86122
00025.jpg 294 214 203 186 0.85744
00025.jpg 243 0 48 83 0.85694
00025.jpg 397 39 92 262 0.85684
00025.jpg 695 0 66 102 0.85103
00025.jpg 404 49 79 268 0.84735
00025.jpg 376 0 64 72 0.84333
00025.jpg 692 0 67 96 0.84256
00025.jpg 243 0 50 82 0.84140
00025.jpg 291 204 219 194 0.83937
00025.jpg 237 0 57 82 0.83849
00025.jpg 378 0 60 76 0.83391
00025.jpg 378 1 67 74 0.83313
00025.jpg 288 207 219 203 0.82642
00025.jpg 302 201 190 198 0.82622
00025.jpg 392 46 100 279 0.82561
00025.jpg 696 0 63 100 0.82279
00025.jpg 402 42 83 288 0.81895
00025.jpg 376 2 63 76 0.81832
00025.jpg 296 194 201 209 0.81582
00025.jpg 294 200 212 204 0.81338
00025.jpg 401 43 90 275 0.81230
00025.jpg 235 2 58 82 0.81073
00025.jpg 298 212 199 183 0.80578
00025.jpg 378 1 63 77 0.80200
00025.jpg 232 0 53 83 0.79298
00025.jpg 304 154 199 238 0.79045
00025.jpg 234 0 59 84 0.78618
00025.jpg 295 212 201 187 0.78151
00025.jpg 377 1 66 74 0.78065
00025.jpg 377 0 67 76 0.77835
00025.jpg 294 214 212 179 0.77728
00025.jpg 693 0 64 100 0.77369
00025.jpg 236 0 52 83 0.77347
00025.jpg 693 0 64 99 0.76999
00025.jpg 235 3 61 80 0.76640
00025.jpg 241 1 57 84 0.76129
00025.jpg 305 208 185 167 0.75752
00025.jpg 395 40 88 288 0.75677
00025.jpg 391 51 108 289 0.75359
00025.jpg 697 0 58 98 0.75229
00025.jpg 298 211 197 180 0.75105
00025.jpg 298 202 199 191 0.75104
00025.jpg 374 2 63 74 0.74902
00025.jpg 375 3 65 69 0.74681
00025.jpg 697 0 60 101 0.74565
00025.jpg 312 161 181 227 0.74001
00025.jpg 380 0 64 72 0.73923
00025.jpg 694 0 68 102 0.73812
00025.jpg 377 2 64 72 0.73805
00025.jpg 379 2 64 73 0.73631
00025.jpg 373 0 69 67 0.73430
00025.jpg 693 0 68 100 0.73397
00025.jpg 377 0 60 71 0.73384
00025.jpg 294 203 212 196 0.73313
00025.jpg 694 0 65 101 0.72855
00025.jpg 237 0 59 87 0.72238
00025.jpg 377 2 63 74 0.71751
00025.jpg 693 0 64 99 0.71747
00025.jpg 249 5 44 80 0.71566
00025.jpg 690 0 66 100 0.71468
00025.jpg 237 0 54 85 0.71449
00025.jpg 698 0 64 103 0.71225
00025.jpg 249 2 49 89 0.71013
00025.jpg 698 0 53 96 0.70682
00025.jpg 293 203 209 190 0.70651
00025.jpg 380 1 64 73 0.70635
00025.jpg 395 39 93 283 0.70603
00025.jpg 694 0 65 103 0.70565
00025.jpg 233 1 58 84 0.70503
00025.jpg 236 4 62 77 0.70494
00025.jpg 238 0 54 84 0.70401
00025.jpg 380 3 58 72 0.70190
00025.jpg 398 47 92 272 0.69858
00025.jpg 238 1 39 85 0.69515
00025.jpg 695 0 61 99 0.69498
00025.jpg 237 1 60 81 0.69387
00025.jpg 698 0 61 102 0.69118
00025.jpg 386 41 101 296 0.68996
00025.jpg 235 5 62 79 0.68955
00025.jpg 392 30 92 296 0.68196
00025.jpg 397 41 87 274 0.68120
00025.jpg 695 0 60 99 0.68007
00025.jpg 693 0 60 101 0.67854
00025.jpg 699 0 53 103 0.67736
00025.jpg 691 0 68 98 0.67433
00025.jpg 232 1 53 82 0.67386
00025.jpg 296 202 201 189 0.67258
00025.jpg 380 1 64 71 0.67143
00025.jpg 375 0 70 76 0.67024
00025.jpg 238 0 48 89 0.67011
00025.jpg 239 0 29 82 0.66751
00025.jpg 300 209 191 181 0.66695
00025.jpg 289 205 222 200 0.66422
00025.jpg 236 4 63 79 0.65984
00025.jpg 296 204 191 193 0.65828
00025.jpg 307 183 190 209 0.65040
00025.jpg 244 5 47 83 0.64594
00025.jpg 353 88 135 285 0.64303
00025.jpg 380 3 57 80 0.64237
00025.jpg 375 1 69 71 0.64190
00025.jpg 703 0 55 100 0.63720
00025.jpg 236 2 59 82 0.63587
00025.jpg 233 0 67 83 0.62897
00025.jpg 380 0 66 77 0.62616
00025.jpg 400 45 90 278 0.61811
00025.jpg 697 0 64 101 0.61780
00025.jpg 697 0 64 98 0.61461
00025.jpg 378 0 65 76 0.61447
00025.jpg 239 1 42 88 0.61264
00025.jpg 379 3 66 68 0.61197
00025.jpg 699 0 56 95 0.61014
00025.jpg 235 0 37 85 0.60786
00025.jpg 396 36 86 290 0.60755
00025.jpg 696 1 66 99 0.60542
00025.jpg 297 216 206 178 0.60541
00025.jpg 547 0 50 79 0.60503
00025.jpg 696 2 62 99 0.60445
00025.jpg 300 208 199 189 0.60373
00025.jpg 400 36 92 295 0.60202
00025.jpg 302 208 184 193 0.60163
00025.jpg 378 0 68 72 0.60139
00025.jpg 694 0 59 96 0.58570
00025.jpg 380 3 63 71 0.58448
00025.jpg 699 1 64 96 0.58386
00025.jpg 375 2 64 76 0.58078
00025.jpg 388 59 111 311 0.57701
00025.jpg 373 1 67 71 0.56627
00025.jpg 566 0 40 73 0.56485
00025.jpg 234 0 56 82 0.56282
00025.jpg 380 0 57 72 0.55747
00025.jpg 695 0 64 99 0.55609
00025.jpg 237 0 28 82 0.55221
00025.jpg 238 3 65 79 0.55090
00025.jpg 691 0 61 97 0.55059
00025.jpg 696 0 64 100 0.55016
00025.jpg 377 0 76 72 0.54998
00025.jpg 298 211 181 195 0.54926
00025.jpg 554 2 35 77 0.54228
00025.jpg 244 4 43 82 0.54141
00025.jpg 692 0 68 102 0.53615
00025.jpg 231 0 45 82 0.53549
00025.jpg 320 127 175 239 0.52829
00025.jpg 380 0 60 79 0.52764
00025.jpg 241 5 60 79 0.51970
00025.jpg 311 156 165 225 0.51665
00025.jpg 236 0 35 87 0.50486
00025.jpg 244 1 56 81 0.50131
00025.jpg 290 212 215 184 0.50047
00025.jpg 237 5 44 78 0.49905
