00037.jpg 302 206 197 176 0.99816
00037.jpg 294 197 202 194 0.99779
00037.jpg 296 207 202 191 0.99717
00037.jpg 305 197 204 207 0.99637
00037.jpg 373 45 92 226 0.99393
00037.jpg 292 195 200 195 0.99342
00037.jpg 295 214 200 180 0.99300
00037.jpg 299 209 195 177 0.99280
00037.jpg 303 188 191 207 0.99230
00037.jpg 296 208 200 186 0.99225
00037.jpg 306 196 187 201 0.99091
00037.jpg 300 199 190 186 0.98942
00037.jpg 297 208 212 190 0.98906
00037.jpg 375 47 90 225 0.98892
00037.jpg 378 48 87 226 0.98753
00037.jpg 303 204 184 192 0.98687
00037.jpg 372 41 92 242 0.98670
00037.jpg 300 210 187 184 0.98634
00037.jpg 372 42 96 235 0.98628
00037.jpg 305 209 180 190 0.98530
00037.jpg 310 207 182 183 0.98468
00037.jpg 373 46 95 243 0.98271
00037.jpg 302 216 191 176 0.98260
00037.jpg 296 207 206 190 0.98231
00037.jpg 306 205 185 195 0.98189
00037.jpg 306 192 196 201 0.98106
00037.jpg 367 38 99 252 0.97946
00037.jpg 304 198 196 193 0.97744
00037.jpg 304 212 192 183 0.97733
00037.jpg 372 40 91 233 0.97658
00037.jpg 375 44 88 242 0.97631
00037.jpg 295 197 193 190 0.97584
00037.jpg 308 212 187 185 0.97446
00037.jpg 299 203 200 197 0.97157
00037.jpg 297 207 195 180 0.96975
00037.jpg 306 186 176 215 0.96938
00037.jpg 313 195 176 198 0.96934
00037.jpg 375 43 93 239 0.96825
00037.jpg 303 203 186 188 0.96816
00037.jpg 295 212 208 187 0.96795
00037.jpg 297 211 197 186 0.96706
00037.jpg 373 45 89 239 0.96668
00037.jpg 303 208 204 177 0.96386
00037.jpg 369 29 97 256 0.96302
00037.jpg 375 41 88 239 0.96227
00037.jpg 370 36 90 253 0.96130
00037.jpg 304 184 185 211 0.96120
00037.jpg 296 204 198 192 0.96061
00037.jpg 306 209 180 187 0.95829
00037.jpg 374 41 87 233 0.95803
00037.jpg 296 211 198 191 0.95488
00037.jpg 305 204 180 192 0.95254
00037.jpg 296 208 203 180 0.95252
00037.jpg 377 47 86 235 0.95181
00037.jpg 368 50 102 235 0.95108
00037.jpg 290 201 217 202 0.94966
00037.jpg 377 53 88 220 0.94890
00037.jpg 376 50 86 219 0.94819
00037.jpg 304 195 188 190 0.94527
00037.jpg 371 47 95 220 0.94473
00037.jpg 295 212 212 181 0.94203
00037.jpg 367 40 102 242 0.93806
00037.jpg 373 54 95 228 0.93681
00037.jpg 294 209 209 186 0.93319
00037.jpg 296 214 207 178 0.92951
00037.jpg 297 213 210 178 0.92702
00037.jpg 366 44 97 232 0.92699
00037.jpg 699 0 58 96 0.92459
00037.jpg 375 35 86 254 0.92454
00037.jpg 375 41 92 233 0.92031
00037.jpg 293 211 206 173 0.91969
00037.jpg 294 210 215 182 0.91457
00037.jpg 373 53 89 216 0.90990
00037.jpg 695 0 61 95 0.90928
00037.jpg 369 47 94 233 0.90383
00037.jpg 373 57 96 217 0.90306
00037.jpg 371 51 100 229 0.89754
00037.jpg 696 0 59 99 0.89691
00037.jpg 300 207 202 175 0.89678
00037.jpg 369 49 96 219 0.89515
00037.jpg 297 214 199 171 0.89391
00037.jpg 303 197 188 199 0.89084
00037.jpg 378 42 81 235 0.88883
00037.jpg 306 183 190 206 0.88447
00037.jpg 298 211 193 179 0.88230
00037.jpg 288 210 207 187 0.87944
00037.jpg 288 206 218 192 0.87930
00037.jpg 238 0 53 81 0.87855
00037.jpg 302 205 191 180 0.87526
00037.jpg 374 48 92 225 0.87387
00037.jpg 375 36 94 240 0.86800
00037.jpg 290 220 231 171 0.86601
00037.jpg 371 42 96 227 0.86385
00037.jpg 294 215 207 181 0.85914
00037.jpg 377 43 88 235 0.85743
00037.jpg 378 47 84 223 0.85733
00037.jpg 372 43 90 233 0.85596
00037.jpg 375 40 92 250 0.85541
00037.jpg 293 199 210 189 0.85327
00037.jpg 375 46 87 226 0.85188
00037.jpg 694 0 63 101 0.85169
00037.jpg 692 0 67 99 0.84729
00037.jpg 693 0 63 99 0.84729
00037.jpg 298 208 207 196 0.84605
00037.jpg 697 0 54 97 0.84287
00037.jpg 702 0 57 103 0.84287
00037.jpg 289 198 219 201 0.84181
00037.jpg 297 207 201 188 0.83614
00037.jpg 694 0 66 99 0.83566
00037.jpg 696 0 59 105 0.83125
00037.jpg 365 55 106 219 0.83121
00037.jpg 301 200 196 181 0.82948
00037.jpg 379 0 62 73 0.82402
00037.jpg 370 49 95 228 0.81700
00037.jpg 300 214 195 180 0.81086
00037.jpg 372 46 97 242 0.80948
00037.jpg 305 198 185 203 0.80778
00037.jpg 290 218 212 179 0.80666
00037.jpg 299 211 192 185 0.80650
00037.jpg 291 216 215 179 0.80515
00037.jpg 372 44 94 237 0.80417
00037.jpg 376 1 66 67 0.80334
00037.jpg 694 0 63 100 0.80256
00037.jpg 696 0 63 99 0.80242
00037.jpg 370 53 98 230 0.79773
00037.jpg 374 41 91 246 0.79342
00037.jpg 698 0 58 100 0.79340
00037.jpg 697 0 64 99 0.79299
00037.jpg 290 187 217 207 0.79015
00037.jpg 294 214 200 181 0.78724
00037.jpg 297 204 207 191 0.78087
00037.jpg 234 4 59 78 0.78008
00037.jpg 235 0 56 84 0.77396
00037.jpg 245 1 49 82 0.76987
00037.jpg 376 1 69 65 0.76977
00037.jpg 371 43 96 235 0.76584
00037.jpg 697 0 63 98 0.76418
00037.jpg 697 0 63 102 0.76230
00037.jpg 308 211 193 180 0.76207
00037.jpg 381 0 56 72 0.75888
00037.jpg 693 0 65 99 0.75790
00037.jpg 375 0 64 72 0.75744
00037.jpg 232 0 61 84 0.75268
00037.jpg 696 0 64 101 0.75079
00037.jpg 697 0 63 96 0.74542
00037.jpg 381 0 62 76 0.74530
00037.jpg 371 49 97 233 0.74254
00037.jpg 297 211 201 165 0.74222
00037.jpg 235 0 62 84 0.73145
00037.jpg 243 1 44 86 0.72874
00037.jpg 696 0 62 96 0.72625
00037.jpg 292 205 203 188 0.71991
00037.jpg 235 0 54 85 0.71914
00037.jpg 234 2 59 83 0.71898
00037.jpg 293 219 212 173 0.71893
00037.jpg 382 0 61 76 0.71578
00037.jpg 299 211 195 185 0.71038
00037.jpg 699 0 59 99 0.70958
00037.jpg 377 3 66 70 0.70741
00037.jpg 293 203 203 188 0.70731
00037.jpg 374 0 67 68 0.70663
00037.jpg 384 37 86 251 0.70627
00037.jpg 695 0 66 103 0.70544
00037.jpg 378 2 66 65 0.70225
00037.jpg 380 4 63 68 0.70153
00037.jpg 696 0 65 98 0.69972
00037.jpg 378 0 63 65 0.69434
00037.jpg 378 0 68 69 0.69247
00037.jpg 234 0 65 84 0.68399
00037.jpg 694 0 69 101 0.68314
00037.jpg 377 0 61 77 0.67473
00037.jpg 374 52 87 221 0.67024
00037.jpg 296 193 201 197 0.66995
00037.jpg 374 0 64 70 0.66679
00037.jpg 699 2 61 96 0.66642
00037.jpg 373 50 90 227 0.66204
00037.jpg 288 189 209 208 0.65541
00037.jpg 700 0 62 98 0.64958
00037.jpg 301 199 188 204 0.64512
00037.jpg 372 51 93 221 0.64504
00037.jpg 378 0 62 71 0.64337
00037.jpg 373 0 70 67 0.64044
00037.jpg 689 0 67 101 0.63364
00037.jpg 235 6 56 77 0.63073
00037.jpg 313 159 164 235 0.62544
00037.jpg 238 0 32 82 0.62360
00037.jpg 237 1 60 81 0.62241
00037.jpg 373 49 95 227 0.61925
00037.jpg 234 5 65 77 0.61804
00037.jpg 298 211 204 180 0.60659
00037.jpg 287 188 213 220 0.60625
00037.jpg 236 2 62 77 0.60609
00037.jpg 697 0 62 101 0.60378
00037.jpg 232 2 61 81 0.60056
00037.jpg 233 0 47 84 0.59954
00037.jpg 240 0 55 86 0.59840
00037.jpg 376 56 94 217 0.59705
00037.jpg 377 2 65 73 0.59686
00037.jpg 699 0 62 99 0.59624
00037.jpg 376 2 63 69 0.59582
00037.jpg 330 112 151 279 0.58972
00037.jpg 376 38 90 224 0.58891
00037.jpg 238 1 58 79 0.58785
00037.jpg 234 2 61 82 0.58770
00037.jpg 693 0 61 100 0.58474
00037.jpg 237 1 40 84 0.58276
00037.jpg 232 0 56 83 0.58004
00037.jpg 374 0 66 78 0.57724
00037.jpg 236 0 54 88 0.57715
00037.jpg 377 1 63 65 0.57638
00037.jpg 323 124 158 256 0.57565
00037.jpg 368 45 95 224 0.57185
00037.jpg 697 0 61 95 0.56374
00037.jpg 364 56 115 217 0.56331
00037.jpg 313 188 181 198 0.56322
00037.jpg 243 6 60 77 0.56274
00037.jpg 369 42 96 255 0.56268
00037.jpg 559 0 42 70 0.55970
00037.jpg 373 44 87 230 0.55388
00037.jpg 250 7 46 84 0.55274
00037.jpg 379 0 65 68 0.55035
00037.jpg 236 0 50 82 0.54853
00037.jpg 241 7 62 76 0.54655
00037.jpg 242 1 52 87 0.54521
00037.jpg 346 75 125 255 0.54311
00037.jpg 300 190 205 213 0.54083
00037.jpg 694 0 59 99 0.53974
00037.jpg 375 1 69 58 0.53848
00037.jpg 694 1 57 102 0.53586
00037.jpg 371 40 110 241 0.53324
00037.jpg 377 0 69 71 0.52900
00037.jpg 693 1 67 101 0.52852
00037.jpg 696 1 64 102 0.52367
00037.jpg 378 0 70 67 0.52120
00037.jpg 700 0 54 94 0.52018
00037.jpg 697 0 58 100 0.51949
00037.jpg 236 0 64 81 0.51580
00037.jpg 298 201 182 187 0.51430
00037.jpg 381 0 64 67 0.51267
00037.jpg 236 0 36 85 0.51239
00037.jpg 376 36 94 254 0.50962
00037.jpg 370 46 98 250 0.50485
00037.jpg 700 1 64 98 0.50414
00037.jpg 234 0 64 82 0.50209
00037.jpg 378 1 61 54 0.50176
00037.jpg 374 3 60 70 0.49937
