00036.jpg 308 198 181 182 0.99814
00036.jpg 294 194 204 196 0.99721
00036.jpg 300 203 199 195 0.99414
00036.jpg 311 188 172 193 0.99325
00036.jpg 294 206 202 183 0.99268
00036.jpg 297 207 193 179 0.99227
00036.jpg 307 197 184 194 0.99216
00036.jpg 295 202 197 179 0.99077
00036.jpg 379 45 87 252 0.98901
00036.jpg 303 197 187 188 0.98893
00036.jpg 378 44 90 253 0.98620
00036.jpg 372 47 97 261 0.98368
00036.jpg 304 204 176 195 0.98338
00036.jpg 296 196 203 201 0.98290
00036.jpg 311 199 180 194 0.98275
00036.jpg 297 203 199 189 0.98117
00036.jpg 303 206 189 193 0.98008
00036.jpg 299 212 196 183 0.97921
00036.jpg 378 39 89 259 0.97781
00036.jpg 307 201 186 186 0.97650
00036.jpg 297 205 206 187 0.97612
00036.jpg 296 202 198 191 0.97495
00036.jpg 375 41 96 254 0.97389
00036.jpg 379 42 88 252 0.97350
00036.jpg 301 215 189 174 0.97309
00036.jpg 295 211 205 177 0.97275
00036.jpg 297 216 195 174 0.97205
00036.jpg 373 47 101 261 0.96690
00036.jpg 308 201 186 189 0.96671
00036.jpg 298 215 197 179 0.96368
00036.jpg 296 203 195 190 0.96364
00036.jpg 301 195 186 186 0.96242
00036.jpg 377 52 92 245 0.96112
00036.jpg 374 43 92 249 0.95876
00036.jpg 375 53 98 243 0.95841
00036.jpg 378 44 93 256 0.95469
00036.jpg 303 207 187 167 0.95398
00036.jpg 297 208 203 183 0.95267
00036.jpg 370 46 104 252 0.95049
00036.jpg 375 41 95 258 0.95049
00036.jpg 373 33 98 273 0.95028
00036.jpg 377 45 96 242 0.95016
00036.jpg 379 46 94 263 0.94704
00036.jpg 303 196 176 197 0.94284
00036.jpg 295 207 197 188 0.93900
00036.jpg 379 39 96 269 0.93682
00036.jpg 377 45 94 262 0.93294
00036.jpg 378 41 88 257 0.93229
00036.jpg 292 211 214 183 0.93045
00036.jpg 378 49 89 248 0.92513
00036.jpg 301 201 192 201 0.92510
00036.jpg 302 204 177 181 0.92352
00036.jpg 301 203 198 191 0.92334
00036.jpg 695 0 60 95 0.92291
00036.jpg 366 52 106 262 0.91854
00036.jpg 290 209 224 185 0.91682
00036.jpg 297 214 195 189 0.91679
00036.jpg 295 206 203 186 0.91633
00036.jpg 295 205 205 189 0.91525
00036.jpg 698 0 59 97 0.91511
00036.jpg 700 0 58 95 0.91511
00036.jpg 355 42 124 302 0.91057
00036.jpg 298 183 197 209 0.90708
00036.jpg 371 43 98 255 0.90614
00036.jpg 291 210 211 182 0.90613
00036.jpg 299 206 191 186 0.90532
00036.jpg 298 196 199 194 0.90507
00036.jpg 364 54 110 259 0.90488
00036.jpg 295 210 211 181 0.90247
00036.jpg 299 208 196 191 0.89600
00036.jpg 297 207 202 189 0.89403
00036.jpg 379 44 86 249 0.89286
00036.jpg 238 0 53 80 0.89058
00036.jpg 300 205 195 192 0.89052
00036.jpg 696 0 59 99 0.88360
00036.jpg 309 191 187 194 0.88100
00036.jpg 285 198 223 194 0.87635
00036.jpg 373 45 95 245 0.87568
00036.jpg 376 37 95 280 0.87431
00036.jpg 376 54 90 234 0.87238
00036.jpg 695 0 64 102 0.87055
00036.jpg 299 213 199 183 0.86580
00036.jpg 295 212 196 177 0.86420
00036.jpg 700 0 60 100 0.85612
00036.jpg 694 0 63 101 0.85174
00036.jpg 316 188 172 188 0.84826
00036.jpg 691 0 68 99 0.84739
00036.jpg 292 187 191 205 0.84705
00036.jpg 356 75 117 259 0.84352
00036.jpg 298 211 200 187 0.83884
00036.jpg 300 211 189 178 0.83528
00036.jpg 373 39 93 263 0.83311
00036.jpg 298 209 199 194 0.82966
00036.jpg 694 0 66 99 0.82920
00036.jpg 294 212 197 179 0.82914
00036.jpg 237 0 58 81 0.82894
00036.jpg 377 0 68 66 0.82540
00036.jpg 372 51 98 255 0.82401
00036.jpg 377 0 64 71 0.82394
00036.jpg 302 192 184 203 0.82145
00036.jpg 376 0 64 70 0.81883
00036.jpg 696 0 59 101 0.81561
00036.jpg 321 146 168 232 0.81542
00036.jpg 377 0 65 77 0.81454
00036.jpg 378 45 87 242 0.81394
00036.jpg 298 214 203 191 0.80848
00036.jpg 368 45 112 277 0.80733
00036.jpg 313 167 181 208 0.80410
00036.jpg 234 3 59 82 0.79840
00036.jpg 297 213 200 175 0.79776
00036.jpg 293 186 202 213 0.79671
00036.jpg 372 47 92 244 0.79600
00036.jpg 696 0 63 98 0.79534
00036.jpg 697 0 60 99 0.79225
00036.jpg 373 52 100 237 0.79045
00036.jpg 245 1 49 82 0.78548
00036.jpg 692 1 62 96 0.78505
00036.jpg 295 218 215 174 0.78489
00036.jpg 697 0 58 100 0.78261
00036.jpg 235 0 56 84 0.78168
00036.jpg 296 197 195 195 0.78158
00036.jpg 379 0 68 68 0.78072
00036.jpg 374 39 91 253 0.77507
00036.jpg 376 41 94 258 0.77454
00036.jpg 375 48 91 238 0.77387
00036.jpg 376 0 66 71 0.76941
00036.jpg 382 55 85 234 0.76780
00036.jpg 378 0 61 68 0.76676
00036.jpg 696 0 66 101 0.76199
00036.jpg 232 0 61 84 0.76103
00036.jpg 234 2 59 83 0.73823
00036.jpg 379 1 68 66 0.73582
00036.jpg 371 50 104 259 0.73461
00036.jpg 299 209 209 178 0.73286
00036.jpg 697 0 63 98 0.73154
00036.jpg 375 43 95 257 0.72973
00036.jpg 375 0 67 70 0.72848
00036.jpg 235 0 54 84 0.72816
00036.jpg 370 52 102 233 0.72415
00036.jpg 697 0 63 98 0.71875
00036.jpg 309 197 174 196 0.70464
00036.jpg 293 210 190 193 0.70309
00036.jpg 381 1 67 72 0.69917
00036.jpg 695 0 65 102 0.69444
00036.jpg 298 202 198 184 0.69130
00036.jpg 290 181 219 210 0.68927
00036.jpg 234 0 65 84 0.68649
00036.jpg 381 49 84 239 0.68624
00036.jpg 304 206 190 169 0.67783
00036.jpg 301 206 195 185 0.67433
00036.jpg 377 3 67 70 0.67092
00036.jpg 382 0 63 75 0.67084
00036.jpg 302 211 183 184 0.67061
00036.jpg 295 210 194 186 0.66717
00036.jpg 699 0 61 97 0.66480
00036.jpg 695 0 67 99 0.66393
00036.jpg 378 42 88 257 0.65880
00036.jpg 351 62 120 329 0.65376
00036.jpg 697 0 59 98 0.64892
00036.jpg 693 0 70 99 0.64675
00036.jpg 238 1 59 81 0.64431
00036.jpg 698 1 62 96 0.64290
00036.jpg 693 0 66 103 0.64027
00036.jpg 382 50 84 233 0.63823
00036.jpg 236 6 65 77 0.63620
00036.jpg 689 0 67 101 0.63616
00036.jpg 700 0 62 97 0.63338
00036.jpg 378 1 65 69 0.62760
00036.jpg 694 0 65 97 0.62703
00036.jpg 242 1 47 86 0.62591
00036.jpg 234 5 66 78 0.62422
00036.jpg 236 2 62 77 0.62218
00036.jpg 371 50 109 275 0.62184
00036.jpg 232 2 61 80 0.61805
00036.jpg 238 0 32 81 0.61707
00036.jpg 242 2 50 86 0.61608
00036.jpg 240 0 55 86 0.61597
00036.jpg 326 69 146 330 0.61350
00036.jpg 378 0 61 64 0.61334
00036.jpg 377 0 70 71 0.61152
00036.jpg 374 0 67 70 0.61048
00036.jpg 374 44 104 271 0.60638
00036.jpg 236 4 56 79 0.60397
00036.jpg 378 1 67 76 0.60084
00036.jpg 321 140 170 257 0.59545
00036.jpg 232 0 55 82 0.59382
00036.jpg 296 204 192 194 0.59359
00036.jpg 238 1 58 79 0.59260
00036.jpg 379 53 91 249 0.59233
00036.jpg 232 0 68 83 0.58992
00036.jpg 377 1 70 71 0.58969
00036.jpg 236 0 53 88 0.58968
00036.jpg 377 0 61 76 0.58802
00036.jpg 235 2 61 83 0.58733
00036.jpg 702 0 58 104 0.58414
00036.jpg 375 1 64 68 0.57852
00036.jpg 693 0 55 98 0.57780
00036.jpg 309 143 173 242 0.57768
00036.jpg 559 0 42 71 0.57499
00036.jpg 377 0 63 62 0.57165
00036.jpg 298 214 196 179 0.57159
00036.jpg 294 204 205 184 0.56965
00036.jpg 697 0 61 101 0.56581
00036.jpg 241 7 61 75 0.56549
00036.jpg 381 1 62 57 0.56457
00036.jpg 699 0 63 104 0.56071
00036.jpg 368 53 97 218 0.56063
00036.jpg 696 0 66 104 0.55716
00036.jpg 694 1 57 101 0.55630
00036.jpg 236 0 50 82 0.55437
00036.jpg 250 7 46 84 0.55364
00036.jpg 377 1 60 65 0.55313
00036.jpg 370 43 103 246 0.55201
00036.jpg 380 0 68 70 0.54655
00036.jpg 237 0 42 85 0.54555
00036.jpg 697 0 61 94 0.54500
00036.jpg 295 212 201 177 0.54404
00036.jpg 376 37 91 260 0.54343
00036.jpg 375 36 103 310 0.53354
00036.jpg 694 0 59 99 0.53168
00036.jpg 236 0 64 81 0.53093
00036.jpg 700 0 54 93 0.52805
00036.jpg 376 47 88 237 0.52444
00036.jpg 375 0 70 56 0.52194
00036.jpg 545 0 59 77 0.51994
00036.jpg 368 51 103 247 0.51824
00036.jpg 236 0 36 85 0.51716
00036.jpg 547 0 52 78 0.50951
00036.jpg 352 101 132 263 0.50939
00036.jpg 374 40 102 247 0.50869
00036.jpg 300 201 186 184 0.50438
00036.jpg 231 0 51 86 0.50261
00036.jpg 303 206 194 185 0.50192
00036.jpg 298 201 198 192 0.50112
00036.jpg 238 1 44 84 0.50046
00036.jpg 379 55 95 240 0.49966
