1,1,569.071,90.6691,175.9491,312.4661,1,1,1,1,
2,1,567.8779,90.4194,177.7803,317.9598,1,1,1,1,
3,1,540.6178,87.2841,185.4104,319.791,1,1,1,1,
4,1,496.3357,82.3315,225.6971,324.9794,1,1,1,1,
5,1,456.2432,82.0499,259.2694,331.175,1,1,1,1,
6,1,424.5438,89.6064,285.2116,327.9094,1,1,1,1,
7,1,407.7715,77.7729,294.0624,350.1891,1,1,1,1,
8,1,403.1103,77.7452,298.9457,356.9036,1,1,1,1,
9,1,398.184,79.84,334.0745,371.8585,1,1,1,1,
10,1,403.2199,105.2827,351.471,379.7938,1,1,1,1,
11,1,409.6985,144.6122,355.4386,363.0076,1,1,1,1,
12,1,471.4201,192.991,309.9329,319.8825,1,1,1,1,
13,1,547.1103,214.258,237.9052,297.6028,1,1,1,1,
14,1,547.2906,214.1748,233.9376,299.434,1,1,1,1,
15,1,601.643,221.8464,191.8502,295.4664,1,1,1,1,
16,1,620.0495,229.0048,200.7621,290.5831,1,1,1,1,
17,1,643.0367,232.3801,189.4696,301.784,1,1,1,1,
18,1,652.4286,242.1979,190.3852,281.1218,1,1,1,1,
19,1,667.4807,235.3586,188.8592,291.1935,1,1,1,1,
20,1,666.6067,234.8592,189.7748,289.9727,1,1,1,1,
21,1,682.9905,225.2037,183.3655,313.1681,1,1,1,1,
22,1,701.7882,215.7466,166.5794,324.2534,1,1,1,1,
23,1,697.3308,208.1859,168.197,331.8141,1,1,1,1,
24,1,682.4453,208.3204,196.5808,331.6796,1,1,1,1,
25,1,687.5366,222.6247,200.5484,253.9283,1,1,1,1,
26,1,691.0048,219.9611,197.4964,257.5908,1,1,1,1,
27,1,708.1655,232.2108,186.2039,287.1954,1,1,1,1,
28,1,735.5089,244.7519,158.4305,285.9746,1,1,1,1,
29,1,719.4941,257.1681,172.5919,263.0844,1,1,1,1,
30,1,711.7947,258.7634,183.274,252.4023,1,1,1,1,
31,1,705.4132,249.384,183.274,290.616,1,1,1,1,
32,1,705.4132,250.48,183.274,289.52,1,1,1,1,
33,1,698.2853,238.0499,193.5898,299.1288,1,1,1,1,
34,1,696.4402,222.8314,191.4534,310.4213,1,1,1,1,
35,1,687.2009,208.5424,181.0765,331.4576,1,1,1,1,
36,1,673.6416,200.8527,174.179,293.4215,1,1,1,1,
37,1,664.9433,195.2481,170.2113,300.7464,1,1,1,1,
38,1,668.6335,194.6515,162.2761,301.662,1,1,1,1,
39,1,648.7537,188.0703,154.0356,348.7852,1,1,1,1,
40,1,626.6266,189.3008,152.5096,350.6992,1,1,1,1,
41,1,603.667,184.2927,144.8795,352.5392,1,1,1,1,
1,2,31.9601,22.8753,119.0411,258.8726,1,1,1,1,
2,2,26.2722,24.6233,128.1972,257.0414,1,1,1,1,
3,2,19.7332,20.7251,137.7683,257.3466,1,1,1,1,
4,2,13.0187,19.2246,175.6134,272.0451,1,1,1,1,
5,2,7.6777,23.539,195.4516,280.896,1,1,1,1,
6,2,7.8719,31.7379,203.3868,289.7469,1,1,1,1,
7,2,15.2522,0,199.7244,332.7067,1,1,1,1,
8,2,13.6291,35.3171,198.8088,296.4613,1,1,1,1,
9,2,32.2881,0,178.9706,334.1634,1,1,1,1,
10,2,36.5748,30.5448,176.2238,303.7862,1,1,1,1,
11,2,43.2753,30.7945,175.3082,298.2925,1,1,1,1,
12,2,44.818,25.7609,179.2148,317.4714,1,1,1,1,
13,2,47.1675,27.1942,188.5662,334.282,1,1,1,1,
14,2,46.7225,29.0948,210.5652,335.1976,1,1,1,1,
15,2,73.0808,32.8127,228.8773,338.86,1,1,1,1,
16,2,112.4092,0,227.4978,390.9954,1,1,1,1,
17,2,131.7041,9.8721,212.2255,386.728,1,1,1,1,
18,2,140.555,19.264,231.148,381.5395,1,1,1,1,
19,2,155.7935,26.2559,170.5837,374.2147,1,1,1,1,
20,2,157.2501,26.4362,169.0577,370.247,1,1,1,1,
21,2,177.2725,37.1161,198.5768,385.556,1,1,1,1,
22,2,186.6788,47.1878,194.536,377.6207,1,1,1,1,
23,2,173.8908,51.7242,208.5142,375.4843,1,1,1,1,
24,2,171.0569,66.1958,173.1962,356.2077,1,1,1,1,
25,2,176.0844,81.2339,200.2982,367.195,1,1,1,1,
26,2,176.0844,81.2339,200.2982,367.195,1,1,1,1,
27,2,172.6151,96.6466,215.5827,351.6297,1,1,1,1,
28,2,167.0798,110.8663,251.9018,337.8956,1,1,1,1,
29,2,152.9712,117.2062,281.5064,332.7071,1,1,1,1,
30,2,138.5434,113.3218,305.9226,332.7071,1,1,1,1,
31,2,121.7989,107.62,338.5792,336.0644,1,1,1,1,
32,2,120.9249,108.2027,339.4948,335.454,1,1,1,1,
33,2,108.8417,103.153,361.1642,330.5707,1,1,1,1,
34,2,110.7839,101.1392,367.2683,338.2496,1,1,1,1,
35,2,117.1793,108.9635,366.9631,343.1329,1,1,1,1,
36,2,115.5145,118.6328,379.1711,337.9444,1,1,1,1,
37,2,116.6798,130.2999,384.0544,319.3271,1,1,1,1,
38,2,115.7365,129.4259,386.496,320.2427,1,1,1,1,
39,2,92.7414,146.3785,426.2822,307.4242,1,1,1,1,
40,2,79.2015,164.9681,443.3735,270.7999,1,1,1,1,
41,2,46.0593,179.1761,476.6406,245.1141,1,1,1,1,
1,3,359.9219,176.573,147.5531,290.7846,1,1,1,1,
2,3,358.6459,176.573,148.8899,290.7846,1,1,1,1,
3,3,346.7014,166.9591,161.4032,300.8562,1,1,1,1,
4,3,341.8406,156.2077,153.706,317.6424,1,1,1,1,
5,3,292.3931,138.2424,188.3587,328.3244,1,1,1,1,
6,3,276.7168,113.8678,185.3066,357.9291,1,1,1,1,
7,3,238.1404,102.3811,189.6771,372.5788,1,1,1,1,
8,3,235.2271,99.7591,192.7292,375.3256,1,1,1,1,
9,3,227.597,88.2586,177.469,390.2805,1,1,1,1,
10,3,223.0745,78.9499,167.0922,393.6377,1,1,1,1,
11,3,226.4733,68.6424,159.4621,406.7614,1,1,1,1,
12,3,233.5623,68.9209,150.0008,406.737,1,1,1,1,
13,3,246.6167,73.2631,143.5916,402.7694,1,1,1,1,
14,3,246.686,73.3325,142.0656,401.2434,1,1,1,1,
15,3,247.7506,83.195,148.7983,397.9106,1,1,1,1,
16,3,224.1122,96.8736,180.5211,396.0794,1,1,1,1,
17,3,202.7064,120.7626,218.0609,377.1568,1,1,1,1,
18,3,192.2324,153.1013,240.9511,349.359,1,1,1,1,
19,3,198.059,162.4932,234.8471,344.1705,1,1,1,1,
20,3,201.2636,161.6886,231.4898,343.5601,1,1,1,1,
21,3,209.0324,168.6527,249.802,330.7416,1,1,1,1,
22,3,210.1006,173.0504,281.2378,331.6572,1,1,1,1,
23,3,228.0382,166.4747,283.3742,329.826,1,1,1,1,
24,3,248.9917,166.543,286.3042,328.3244,1,1,1,1,
25,3,304.483,163.8239,255.784,333.2077,1,1,1,1,
26,3,301.0564,163.9071,257.9204,331.3765,1,1,1,1,
27,3,358.5177,167.0008,208.4776,324.3568,1,1,1,1,
28,3,388.0299,165.8354,191.2215,325.5776,1,1,1,1,
29,3,386.9201,164.6701,215.6376,326.7984,1,1,1,1,
30,3,398.0184,165.5996,233.9498,324.662,1,1,1,1,
31,3,445.8741,164.2828,206.6037,323.1116,1,1,1,1,
32,3,447.5444,165.2678,194.2735,319.7544,1,1,1,1,
33,3,474.1006,166.003,192.7292,315.7867,1,1,1,1,
34,3,452.4751,160.2597,216.7913,320.0596,1,1,1,1,
35,3,427.3375,154.5302,263.1821,317.9231,1,1,1,1,
36,3,423.9664,144.943,276.3058,327.4088,1,1,1,1,
37,3,432.6763,137.0909,267.8089,353.6562,1,1,1,1,
38,3,431.8323,137.0909,280.2734,353.6562,1,1,1,1,
39,3,468.3767,136.3557,190.4707,369.832,1,1,1,1,
40,3,527.0033,136.4805,145.9111,367.0851,1,1,1,1,
41,3,508.8645,130.1961,127.0801,364.9487,1,1,1,1,
