00002.jpg 419 49 253 466 0.99981
00002.jpg 407 51 267 469 0.99969
00002.jpg 177 10 276 522 0.99966
00002.jpg 419 51 259 472 0.99918
00002.jpg 171 19 279 499 0.99885
00002.jpg 413 51 254 477 0.99878
00002.jpg 151 5 308 526 0.99872
00002.jpg 417 50 252 474 0.99858
00002.jpg 125 143 54 157 0.99856
00002.jpg 177 6 275 511 0.99796
00002.jpg 419 66 266 453 0.99766
00002.jpg 415 60 268 462 0.99753
00002.jpg 415 66 248 456 0.99711
00002.jpg 162 155 39 141 0.99681
00002.jpg 414 50 260 474 0.99669
00002.jpg 419 61 256 439 0.99661
00002.jpg 413 42 256 479 0.99652
00002.jpg 408 44 268 485 0.99642
00002.jpg 408 47 257 469 0.99583
00002.jpg 126 149 48 149 0.99556
00002.jpg 414 57 254 469 0.99549
00002.jpg 427 58 245 468 0.99547
00002.jpg 413 68 255 452 0.99544
00002.jpg 155 3 301 526 0.99524
00002.jpg 406 50 268 465 0.99492
00002.jpg 171 13 262 520 0.99452
00002.jpg 411 39 275 487 0.99436
00002.jpg 161 6 286 533 0.99417
00002.jpg 163 156 36 138 0.99400
00002.jpg 171 11 262 519 0.99339
00002.jpg 411 55 271 469 0.99301
00002.jpg 173 10 281 515 0.99269
00002.jpg 172 7 258 525 0.99211
00002.jpg 168 4 288 523 0.99203
00002.jpg 181 12 261 519 0.99185
00002.jpg 407 47 276 470 0.99172
00002.jpg 165 14 297 512 0.99135
00002.jpg 128 146 46 154 0.99111
00002.jpg 425 57 243 466 0.99077
00002.jpg 126 146 46 150 0.99066
00002.jpg 181 2 263 525 0.99047
00002.jpg 408 67 270 460 0.99024
00002.jpg 163 153 35 140 0.99001
00002.jpg 411 57 268 472 0.98977
00002.jpg 162 6 283 509 0.98902
00002.jpg 412 44 266 492 0.98902
00002.jpg 129 146 45 151 0.98870
00002.jpg 420 56 243 477 0.98852
00002.jpg 125 150 45 150 0.98828
00002.jpg 127 142 47 158 0.98810
00002.jpg 127 146 47 150 0.98792
00002.jpg 169 153 30 141 0.98745
00002.jpg 162 155 36 142 0.98739
00002.jpg 128 147 46 146 0.98702
00002.jpg 170 14 288 510 0.98654
00002.jpg 127 146 46 151 0.98651
00002.jpg 126 146 48 153 0.98532
00002.jpg 159 153 39 139 0.98499
00002.jpg 409 48 263 477 0.98467
00002.jpg 126 148 46 149 0.98422
00002.jpg 408 59 264 463 0.98383
00002.jpg 422 47 244 475 0.98383
00002.jpg 170 15 265 507 0.98332
00002.jpg 166 10 296 529 0.98206
00002.jpg 162 156 36 139 0.98205
00002.jpg 176 0 259 517 0.98107
00002.jpg 410 59 263 458 0.98093
00002.jpg 126 148 42 154 0.98062
00002.jpg 174 12 254 509 0.98023
00002.jpg 125 153 60 145 0.98011
00002.jpg 416 67 252 452 0.97992
00002.jpg 128 148 46 149 0.97982
00002.jpg 169 16 285 493 0.97974
00002.jpg 177 2 278 522 0.97803
00002.jpg 160 14 312 517 0.97796
00002.jpg 170 14 272 513 0.97777
00002.jpg 127 151 51 144 0.97649
00002.jpg 170 0 284 533 0.97619
00002.jpg 128 146 41 148 0.97606
00002.jpg 161 158 39 135 0.97555
00002.jpg 162 154 37 136 0.97483
00002.jpg 177 14 269 507 0.97477
00002.jpg 414 73 259 444 0.97474
00002.jpg 164 157 38 137 0.97458
00002.jpg 162 157 34 138 0.97430
00002.jpg 182 0 281 527 0.97364
00002.jpg 162 154 37 143 0.97184
00002.jpg 161 152 40 139 0.97136
00002.jpg 127 148 44 152 0.97094
00002.jpg 125 146 49 150 0.97033
00002.jpg 408 44 270 490 0.96934
00002.jpg 122 145 53 153 0.96820
00002.jpg 162 153 37 147 0.96770
00002.jpg 163 155 34 136 0.96740
00002.jpg 164 151 38 149 0.96699
00002.jpg 157 14 297 505 0.96675
00002.jpg 162 154 37 138 0.96526
00002.jpg 128 145 39 154 0.96506
00002.jpg 125 145 48 149 0.96502
00002.jpg 159 157 39 129 0.96415
00002.jpg 161 14 283 513 0.96307
00002.jpg 160 25 287 479 0.96300
00002.jpg 125 143 47 154 0.96253
00002.jpg 127 149 42 146 0.96125
00002.jpg 127 146 43 158 0.96068
00002.jpg 132 150 44 145 0.96022
00002.jpg 158 159 41 137 0.95964
00002.jpg 179 11 250 514 0.95962
00002.jpg 126 148 45 146 0.95789
00002.jpg 423 74 246 432 0.95645
00002.jpg 179 21 271 484 0.95478
00002.jpg 131 142 46 155 0.95410
00002.jpg 414 52 266 474 0.95189
00002.jpg 164 14 291 517 0.94808
00002.jpg 159 155 37 135 0.94479
00002.jpg 161 157 40 133 0.94425
00002.jpg 161 156 38 135 0.94199
00002.jpg 126 144 47 144 0.93998
00002.jpg 161 152 39 141 0.93909
00002.jpg 127 145 45 154 0.93884
00002.jpg 161 156 38 139 0.93811
00002.jpg 425 48 243 466 0.93714
00002.jpg 161 155 40 139 0.93647
00002.jpg 137 146 49 152 0.93380
00002.jpg 162 153 36 140 0.93357
00002.jpg 162 155 39 140 0.93341
00002.jpg 161 155 35 138 0.93326
00002.jpg 181 10 271 529 0.93198
00002.jpg 164 157 37 136 0.93159
00002.jpg 165 7 294 516 0.92874
00002.jpg 163 158 38 134 0.92801
00002.jpg 160 156 39 139 0.92745
00002.jpg 165 157 35 136 0.92661
00002.jpg 165 1 290 529 0.92539
00002.jpg 167 12 278 527 0.92420
00002.jpg 127 151 47 145 0.92382
00002.jpg 141 153 45 141 0.92174
00002.jpg 159 157 43 135 0.91310
00002.jpg 159 152 38 142 0.91001
00002.jpg 123 147 53 149 0.90348
00002.jpg 131 152 50 144 0.90318
00002.jpg 153 12 297 503 0.90036
00002.jpg 128 149 44 149 0.89941
00002.jpg 389 64 279 437 0.89820
00002.jpg 161 149 33 145 0.89600
00002.jpg 432 63 228 452 0.89283
00002.jpg 421 60 255 454 0.88624
00002.jpg 143 150 47 145 0.88035
00002.jpg 159 155 44 144 0.87863
00002.jpg 162 155 34 145 0.87784
00002.jpg 126 144 41 155 0.87513
00002.jpg 180 17 245 512 0.87436
00002.jpg 127 150 41 148 0.87078
00002.jpg 128 145 54 155 0.86400
00002.jpg 127 146 49 153 0.85637
00002.jpg 173 18 254 501 0.85295
00002.jpg 160 158 38 136 0.85202
00002.jpg 132 149 60 144 0.85196
00002.jpg 192 23 310 495 0.85194
00002.jpg 175 9 315 513 0.85174
00002.jpg 162 157 38 134 0.85033
00002.jpg 126 150 50 142 0.84515
00002.jpg 154 153 29 140 0.84352
00002.jpg 403 76 270 425 0.84338
00002.jpg 162 156 37 138 0.84148
00002.jpg 125 147 48 153 0.83614
00002.jpg 126 150 51 146 0.83115
00002.jpg 125 152 45 147 0.82683
00002.jpg 125 150 41 147 0.82509
00002.jpg 142 148 55 150 0.81154
00002.jpg 126 152 54 141 0.80892
00002.jpg 160 23 286 508 0.80663
00002.jpg 125 150 54 152 0.80396
00002.jpg 176 1 283 521 0.80378
00002.jpg 126 146 39 154 0.79811
00002.jpg 130 147 43 150 0.79152
00002.jpg 160 159 44 137 0.78950
00002.jpg 165 156 38 134 0.78385
00002.jpg 133 144 48 153 0.77880
00002.jpg 428 59 236 468 0.77125
00002.jpg 166 159 35 135 0.76528
00002.jpg 415 67 254 451 0.75251
00002.jpg 414 45 255 481 0.75138
00002.jpg 129 154 50 141 0.74510
00002.jpg 171 14 286 498 0.74118
00002.jpg 165 17 286 512 0.73870
00002.jpg 147 156 51 134 0.73476
00002.jpg 411 67 266 461 0.72929
00002.jpg 129 154 32 142 0.72816
00002.jpg 129 149 40 145 0.72404
00002.jpg 164 154 40 137 0.71755
00002.jpg 128 151 55 137 0.71533
00002.jpg 160 151 46 148 0.70620
00002.jpg 430 48 243 483 0.70090
00002.jpg 159 156 38 138 0.68206
00002.jpg 426 46 244 489 0.67605
00002.jpg 138 156 38 136 0.67243
00002.jpg 164 154 38 138 0.66881
00002.jpg 124 148 53 153 0.66879
00002.jpg 213 26 358 504 0.66664
00002.jpg 205 13 240 503 0.66143
00002.jpg 161 13 289 520 0.65660
00002.jpg 124 146 43 148 0.65161
00002.jpg 156 157 48 133 0.64376
00002.jpg 173 14 246 516 0.63847
00002.jpg 153 152 39 142 0.63275
00002.jpg 387 26 290 508 0.62608
00002.jpg 158 155 40 139 0.61966
00002.jpg 125 149 54 153 0.61440
00002.jpg 407 69 272 451 0.61234
00002.jpg 174 44 492 479 0.60412
00002.jpg 166 23 260 492 0.59764
00002.jpg 129 152 58 130 0.59488
00002.jpg 180 41 235 479 0.59096
00002.jpg 158 50 383 459 0.59046
00002.jpg 129 157 71 138 0.58446
00002.jpg 132 24 309 481 0.57454
00002.jpg 164 9 256 516 0.57277
00002.jpg 139 151 42 135 0.57272
00002.jpg 436 55 218 455 0.56634
00002.jpg 124 148 54 150 0.56480
00002.jpg 167 153 31 136 0.56139
00002.jpg 126 149 29 149 0.55541
00002.jpg 168 155 35 135 0.55324
00002.jpg 160 28 287 499 0.54738
00002.jpg 411 66 246 461 0.54690
00002.jpg 208 2 222 515 0.52828
00002.jpg 211 10 224 489 0.52764
00002.jpg 383 50 297 472 0.52622
00002.jpg 165 152 35 135 0.52541
00002.jpg 151 157 54 137 0.50652
