00005.jpg 379 62 297 455 0.99989
00005.jpg 389 60 285 467 0.99986
00005.jpg 387 57 296 476 0.99957
00005.jpg 135 148 44 148 0.99946
00005.jpg 190 18 242 493 0.99921
00005.jpg 189 8 253 499 0.99894
00005.jpg 129 148 53 144 0.99875
00005.jpg 379 51 315 483 0.99832
00005.jpg 191 21 252 489 0.99828
00005.jpg 376 56 304 483 0.99822
00005.jpg 185 10 255 505 0.99812
00005.jpg 384 56 286 483 0.99798
00005.jpg 379 61 305 467 0.99783
00005.jpg 134 150 45 148 0.99748
00005.jpg 393 59 289 452 0.99697
00005.jpg 382 63 304 460 0.99679
00005.jpg 386 55 292 472 0.99674
00005.jpg 192 20 250 489 0.99655
00005.jpg 186 15 247 501 0.99642
00005.jpg 205 8 225 515 0.99632
00005.jpg 185 12 254 505 0.99605
00005.jpg 132 148 49 148 0.99584
00005.jpg 180 25 263 475 0.99578
00005.jpg 399 54 282 475 0.99576
00005.jpg 379 67 303 466 0.99570
00005.jpg 380 57 298 470 0.99550
00005.jpg 192 22 242 479 0.99522
00005.jpg 182 12 256 496 0.99421
00005.jpg 136 145 44 150 0.99398
00005.jpg 192 21 251 485 0.99379
00005.jpg 201 10 233 499 0.99378
00005.jpg 380 71 300 453 0.99358
00005.jpg 175 17 275 492 0.99347
00005.jpg 194 23 237 488 0.99300
00005.jpg 409 50 271 469 0.99284
00005.jpg 384 55 289 482 0.99266
00005.jpg 134 148 49 147 0.99261
00005.jpg 199 17 248 484 0.99260
00005.jpg 389 52 292 479 0.99252
00005.jpg 131 145 52 150 0.99248
00005.jpg 385 63 298 460 0.99212
00005.jpg 134 145 44 151 0.99171
00005.jpg 385 61 296 466 0.99162
00005.jpg 392 50 282 482 0.99068
00005.jpg 203 29 230 471 0.99053
00005.jpg 399 45 268 485 0.98987
00005.jpg 130 141 53 158 0.98921
00005.jpg 189 19 251 490 0.98913
00005.jpg 385 66 290 464 0.98887
00005.jpg 130 147 52 155 0.98859
00005.jpg 132 145 44 151 0.98858
00005.jpg 132 143 48 156 0.98832
00005.jpg 379 56 299 475 0.98829
00005.jpg 130 147 50 145 0.98811
00005.jpg 192 17 253 506 0.98810
00005.jpg 178 32 253 478 0.98744
00005.jpg 132 147 49 149 0.98689
00005.jpg 135 149 43 142 0.98686
00005.jpg 387 55 296 476 0.98578
00005.jpg 132 147 52 148 0.98556
00005.jpg 387 71 298 446 0.98556
00005.jpg 135 146 49 145 0.98463
00005.jpg 184 24 251 473 0.98422
00005.jpg 189 12 252 507 0.98360
00005.jpg 130 145 49 150 0.98310
00005.jpg 191 16 249 501 0.98219
00005.jpg 190 4 247 513 0.98211
00005.jpg 394 68 277 453 0.98205
00005.jpg 387 72 290 441 0.98200
00005.jpg 390 55 286 466 0.98182
00005.jpg 387 53 289 475 0.98182
00005.jpg 184 20 250 483 0.98068
00005.jpg 374 55 315 477 0.98007
00005.jpg 197 14 247 501 0.97908
00005.jpg 132 146 49 150 0.97906
00005.jpg 130 149 51 146 0.97875
00005.jpg 132 146 48 148 0.97786
00005.jpg 136 145 45 148 0.97780
00005.jpg 133 146 47 151 0.97678
00005.jpg 395 70 279 448 0.97551
00005.jpg 191 11 257 513 0.97491
00005.jpg 129 150 55 145 0.97483
00005.jpg 183 18 254 493 0.97449
00005.jpg 133 145 48 153 0.97440
00005.jpg 131 144 47 153 0.97366
00005.jpg 385 66 291 462 0.97083
00005.jpg 208 10 224 499 0.97065
00005.jpg 133 146 46 147 0.97011
00005.jpg 131 149 47 154 0.96873
00005.jpg 391 66 281 460 0.96841
00005.jpg 170 146 30 146 0.96821
00005.jpg 133 152 47 139 0.96675
00005.jpg 132 152 45 145 0.96296
00005.jpg 379 66 301 467 0.96262
00005.jpg 133 148 47 146 0.96220
00005.jpg 169 154 33 129 0.96154
00005.jpg 169 150 36 133 0.95950
00005.jpg 371 61 305 459 0.95788
00005.jpg 389 64 268 452 0.95628
00005.jpg 131 149 48 146 0.95549
00005.jpg 190 13 253 493 0.95528
00005.jpg 133 144 55 152 0.95431
00005.jpg 165 148 37 140 0.95343
00005.jpg 376 57 296 477 0.95128
00005.jpg 133 148 51 148 0.95114
00005.jpg 194 22 257 487 0.94587
00005.jpg 184 10 256 509 0.94359
00005.jpg 193 14 240 487 0.93618
00005.jpg 396 46 269 491 0.93597
00005.jpg 135 149 45 152 0.92348
00005.jpg 204 10 231 514 0.92250
00005.jpg 185 0 249 528 0.91914
00005.jpg 392 55 277 477 0.91902
00005.jpg 133 141 48 160 0.91580
00005.jpg 381 63 292 457 0.90094
00005.jpg 193 11 244 493 0.90033
00005.jpg 134 144 50 150 0.89822
00005.jpg 395 50 265 481 0.89551
00005.jpg 196 28 257 477 0.88986
00005.jpg 133 150 44 144 0.88863
00005.jpg 190 16 237 496 0.88765
00005.jpg 134 151 52 141 0.87530
00005.jpg 133 152 51 140 0.87485
00005.jpg 130 148 50 147 0.87409
00005.jpg 168 150 32 142 0.87236
00005.jpg 189 18 256 499 0.86906
00005.jpg 377 41 302 497 0.86533
00005.jpg 189 25 239 468 0.86495
00005.jpg 131 150 55 145 0.86377
00005.jpg 389 72 297 454 0.86077
00005.jpg 169 154 32 132 0.85444
00005.jpg 168 154 35 138 0.85437
00005.jpg 140 150 48 145 0.85294
00005.jpg 173 153 29 128 0.84565
00005.jpg 168 155 33 130 0.84398
00005.jpg 140 151 55 142 0.84380
00005.jpg 135 154 47 140 0.83960
00005.jpg 130 151 60 140 0.82503
00005.jpg 158 151 49 146 0.82183
00005.jpg 189 20 258 504 0.80554
00005.jpg 134 142 45 153 0.80463
00005.jpg 166 150 35 138 0.80132
00005.jpg 393 58 292 471 0.80037
00005.jpg 378 55 307 472 0.79602
00005.jpg 400 68 259 439 0.79295
00005.jpg 192 19 265 491 0.79245
00005.jpg 189 12 250 498 0.78638
00005.jpg 364 52 302 487 0.78154
00005.jpg 184 19 269 492 0.78042
00005.jpg 134 143 49 156 0.77633
00005.jpg 179 11 251 504 0.77446
00005.jpg 134 149 52 150 0.77345
00005.jpg 170 156 33 136 0.76966
00005.jpg 129 147 54 148 0.76770
00005.jpg 170 154 34 129 0.76577
00005.jpg 135 146 44 148 0.76380
00005.jpg 165 157 46 132 0.75875
00005.jpg 172 154 32 140 0.75786
00005.jpg 132 143 49 156 0.74270
00005.jpg 208 20 235 484 0.73813
00005.jpg 166 8 305 485 0.73732
00005.jpg 163 155 43 141 0.72547
00005.jpg 180 11 273 500 0.72521
00005.jpg 140 151 53 143 0.72212
00005.jpg 154 33 325 467 0.71590
00005.jpg 172 156 30 113 0.71499
00005.jpg 167 154 36 132 0.70389
00005.jpg 137 151 53 143 0.69499
00005.jpg 376 68 283 438 0.69189
00005.jpg 170 148 33 129 0.68680
00005.jpg 132 147 39 150 0.68262
00005.jpg 132 147 50 144 0.68026
00005.jpg 164 148 42 142 0.67976
00005.jpg 415 71 252 446 0.67396
00005.jpg 133 147 44 147 0.67246
00005.jpg 169 156 38 135 0.67052
00005.jpg 387 75 289 436 0.67010
00005.jpg 174 151 27 66 0.65905
00005.jpg 383 27 275 507 0.65821
00005.jpg 136 146 49 148 0.65522
00005.jpg 165 154 36 131 0.64226
00005.jpg 176 17 272 489 0.64117
00005.jpg 355 43 320 472 0.64051
00005.jpg 378 60 299 451 0.63953
00005.jpg 358 60 324 453 0.63889
00005.jpg 174 25 286 485 0.63841
00005.jpg 164 150 45 139 0.62153
00005.jpg 139 145 49 147 0.62027
00005.jpg 207 43 492 468 0.62025
00005.jpg 195 14 229 502 0.61841
00005.jpg 130 149 49 152 0.61413
00005.jpg 132 143 44 156 0.60679
00005.jpg 209 13 224 494 0.59350
00005.jpg 399 69 271 445 0.59333
00005.jpg 172 150 37 139 0.59211
00005.jpg 249 40 281 470 0.59009
00005.jpg 130 145 44 148 0.58897
00005.jpg 355 83 315 410 0.57234
00005.jpg 131 160 52 124 0.56940
00005.jpg 133 146 46 148 0.55599
00005.jpg 177 11 258 489 0.54558
00005.jpg 180 29 275 458 0.53686
00005.jpg 168 156 35 118 0.51592
00005.jpg 351 66 321 460 0.51236
00005.jpg 172 153 38 139 0.50369
