00009.jpg 183 10 262 521 0.99912
00009.jpg 141 143 50 154 0.99890
00009.jpg 190 28 254 481 0.99862
00009.jpg 172 13 277 501 0.99845
00009.jpg 194 18 247 493 0.99812
00009.jpg 180 39 254 478 0.99772
00009.jpg 205 35 246 476 0.99746
00009.jpg 143 147 51 145 0.99716
00009.jpg 187 28 250 492 0.99648
00009.jpg 192 14 245 516 0.99639
00009.jpg 145 147 47 147 0.99636
00009.jpg 351 58 299 465 0.99634
00009.jpg 178 24 245 488 0.99617
00009.jpg 187 21 264 504 0.99617
00009.jpg 362 70 288 449 0.99533
00009.jpg 185 31 252 474 0.99524
00009.jpg 185 28 247 480 0.99519
00009.jpg 141 140 53 155 0.99459
00009.jpg 186 27 258 492 0.99432
00009.jpg 143 142 47 152 0.99406
00009.jpg 145 139 50 158 0.99403
00009.jpg 194 19 244 485 0.99399
00009.jpg 187 24 242 504 0.99390
00009.jpg 187 31 244 483 0.99382
00009.jpg 190 30 246 480 0.99366
00009.jpg 180 21 274 510 0.99316
00009.jpg 188 26 245 500 0.99312
00009.jpg 145 146 50 147 0.99278
00009.jpg 355 59 285 466 0.99267
00009.jpg 356 57 280 473 0.99257
00009.jpg 364 65 271 448 0.99243
00009.jpg 369 66 280 446 0.99231
00009.jpg 372 48 292 480 0.99229
00009.jpg 143 145 48 150 0.99221
00009.jpg 195 26 242 493 0.99218
00009.jpg 359 60 283 458 0.99201
00009.jpg 146 149 48 147 0.99170
00009.jpg 187 22 240 514 0.99075
00009.jpg 367 74 283 444 0.99036
00009.jpg 146 146 49 149 0.98909
00009.jpg 361 49 295 477 0.98887
00009.jpg 181 10 257 516 0.98864
00009.jpg 199 18 230 496 0.98822
00009.jpg 195 33 235 479 0.98812
00009.jpg 145 144 47 149 0.98806
00009.jpg 185 15 257 503 0.98789
00009.jpg 350 69 310 459 0.98779
00009.jpg 351 55 303 479 0.98699
00009.jpg 144 143 51 157 0.98658
00009.jpg 141 145 50 144 0.98658
00009.jpg 145 144 47 150 0.98593
00009.jpg 356 61 279 459 0.98550
00009.jpg 364 67 284 464 0.98457
00009.jpg 191 18 235 519 0.98399
00009.jpg 360 47 290 474 0.98338
00009.jpg 144 146 48 147 0.98336
00009.jpg 354 55 291 482 0.98323
00009.jpg 186 22 244 499 0.98279
00009.jpg 142 143 54 149 0.98273
00009.jpg 198 20 217 494 0.98266
00009.jpg 180 33 244 488 0.98193
00009.jpg 142 146 49 147 0.98087
00009.jpg 364 50 287 464 0.97871
00009.jpg 192 15 240 505 0.97683
00009.jpg 185 18 254 506 0.97651
00009.jpg 142 143 49 151 0.97586
00009.jpg 353 57 292 470 0.97578
00009.jpg 372 49 265 480 0.97527
00009.jpg 141 145 55 148 0.97454
00009.jpg 146 143 44 150 0.97348
00009.jpg 367 68 295 456 0.97328
00009.jpg 362 50 292 489 0.97189
00009.jpg 142 144 50 152 0.96849
00009.jpg 355 66 269 453 0.96841
00009.jpg 189 27 240 492 0.96674
00009.jpg 188 12 254 517 0.96637
00009.jpg 187 52 268 473 0.96328
00009.jpg 144 144 51 151 0.96255
00009.jpg 329 61 325 454 0.96250
00009.jpg 143 143 50 151 0.96195
00009.jpg 143 146 48 153 0.96148
00009.jpg 180 30 260 486 0.96111
00009.jpg 144 144 51 147 0.96008
00009.jpg 177 29 259 470 0.95854
00009.jpg 353 54 278 481 0.95747
00009.jpg 143 146 50 146 0.95440
00009.jpg 371 73 273 436 0.95096
00009.jpg 187 28 247 486 0.94730
00009.jpg 142 145 47 148 0.94725
00009.jpg 359 61 286 455 0.94611
00009.jpg 355 57 308 470 0.94356
00009.jpg 359 59 292 469 0.94173
00009.jpg 347 46 312 480 0.94076
00009.jpg 180 24 259 490 0.93924
00009.jpg 144 144 49 155 0.93817
00009.jpg 184 39 251 491 0.93702
00009.jpg 186 44 260 464 0.93400
00009.jpg 192 15 235 524 0.93193
00009.jpg 166 31 283 491 0.92923
00009.jpg 361 56 286 469 0.92891
00009.jpg 370 61 274 458 0.92738
00009.jpg 354 67 290 454 0.92252
00009.jpg 370 61 223 451 0.92194
00009.jpg 195 22 242 507 0.92050
00009.jpg 359 75 277 439 0.91821
00009.jpg 401 55 247 455 0.91378
00009.jpg 146 143 49 150 0.90988
00009.jpg 145 143 46 150 0.90853
00009.jpg 145 145 52 148 0.90274
00009.jpg 381 65 282 446 0.90247
00009.jpg 364 63 249 467 0.89881
00009.jpg 180 30 262 487 0.89715
00009.jpg 141 145 51 152 0.89348
00009.jpg 141 146 55 149 0.89285
00009.jpg 143 145 52 150 0.89231
00009.jpg 354 56 298 454 0.88914
00009.jpg 141 144 51 150 0.88513
00009.jpg 140 144 56 149 0.88013
00009.jpg 373 67 263 454 0.87934
00009.jpg 203 27 244 499 0.87466
00009.jpg 187 23 250 508 0.87310
00009.jpg 140 144 50 150 0.87284
00009.jpg 196 37 229 478 0.87116
00009.jpg 145 142 49 152 0.86580
00009.jpg 142 146 45 144 0.85641
00009.jpg 366 65 259 452 0.84806
00009.jpg 367 59 285 472 0.84588
00009.jpg 186 16 240 498 0.83672
00009.jpg 143 148 47 152 0.83450
00009.jpg 141 142 49 151 0.83373
00009.jpg 375 53 234 467 0.83054
00009.jpg 348 68 305 431 0.82782
00009.jpg 145 147 50 142 0.81599
00009.jpg 142 146 53 150 0.81405
00009.jpg 144 151 54 135 0.81271
00009.jpg 144 146 48 155 0.81065
00009.jpg 202 22 220 498 0.80318
00009.jpg 407 70 229 447 0.80219
00009.jpg 191 23 226 510 0.79994
00009.jpg 145 145 52 144 0.79648
00009.jpg 361 69 243 437 0.79547
00009.jpg 141 147 48 146 0.79267
00009.jpg 195 31 230 475 0.78325
00009.jpg 186 43 283 461 0.78314
00009.jpg 193 23 239 466 0.77508
00009.jpg 139 145 60 151 0.76851
00009.jpg 142 145 52 146 0.76822
00009.jpg 141 150 55 145 0.76278
00009.jpg 141 148 51 146 0.75636
00009.jpg 369 62 259 450 0.73875
00009.jpg 190 30 342 494 0.73529
00009.jpg 274 43 316 484 0.73013
00009.jpg 147 147 51 145 0.72987
00009.jpg 138 148 51 150 0.72629
00009.jpg 226 61 430 447 0.71844
00009.jpg 288 28 277 496 0.71630
00009.jpg 400 58 272 462 0.71583
00009.jpg 210 50 468 450 0.70703
00009.jpg 365 74 268 433 0.70504
00009.jpg 381 71 228 457 0.70202
00009.jpg 363 76 239 448 0.69753
00009.jpg 401 88 226 421 0.65850
00009.jpg 297 69 352 451 0.64804
00009.jpg 144 142 54 151 0.64146
00009.jpg 429 102 189 403 0.64121
00009.jpg 146 146 51 146 0.63002
00009.jpg 142 149 55 140 0.62766
00009.jpg 330 75 323 434 0.62567
00009.jpg 147 153 49 136 0.61566
00009.jpg 337 50 270 488 0.60653
00009.jpg 365 69 253 446 0.59660
00009.jpg 141 149 58 145 0.59386
00009.jpg 360 71 299 457 0.57627
00009.jpg 201 40 410 454 0.57350
00009.jpg 354 75 299 461 0.55609
00009.jpg 145 50 536 470 0.55495
00009.jpg 444 61 196 421 0.54964
00009.jpg 456 76 190 442 0.54963
00009.jpg 146 147 53 145 0.52260
00009.jpg 169 55 431 444 0.52112
00009.jpg 390 74 252 457 0.52056
00009.jpg 150 145 47 144 0.51618
00009.jpg 405 57 237 429 0.50918
00009.jpg 143 147 53 143 0.50692
00009.jpg 353 64 254 461 0.50405
