00012.jpg 202 32 251 495 0.99821
00012.jpg 203 53 253 474 0.99820
00012.jpg 360 68 262 469 0.99807
00012.jpg 336 75 285 447 0.99792
00012.jpg 342 59 283 460 0.99772
00012.jpg 155 148 58 149 0.99760
00012.jpg 160 151 53 147 0.99720
00012.jpg 154 149 68 151 0.99637
00012.jpg 348 73 265 452 0.99627
00012.jpg 200 49 240 476 0.99604
00012.jpg 162 148 53 144 0.99599
00012.jpg 156 143 62 151 0.99592
00012.jpg 156 148 66 146 0.99590
00012.jpg 195 35 251 484 0.99546
00012.jpg 158 146 56 151 0.99535
00012.jpg 197 20 250 513 0.99473
00012.jpg 198 28 252 492 0.99442
00012.jpg 183 46 288 481 0.99368
00012.jpg 188 32 253 485 0.99343
00012.jpg 206 36 250 496 0.99324
00012.jpg 201 37 247 487 0.99271
00012.jpg 200 52 250 460 0.99262
00012.jpg 156 143 60 153 0.99192
00012.jpg 194 30 262 504 0.99180
00012.jpg 194 33 255 496 0.99174
00012.jpg 157 146 58 151 0.99127
00012.jpg 202 50 253 484 0.99050
00012.jpg 209 47 235 468 0.99013
00012.jpg 192 42 260 484 0.98998
00012.jpg 203 42 226 488 0.98940
00012.jpg 189 51 261 450 0.98901
00012.jpg 158 147 58 150 0.98777
00012.jpg 154 151 58 147 0.98734
00012.jpg 203 33 245 498 0.98727
00012.jpg 339 68 288 454 0.98714
00012.jpg 155 149 65 143 0.98707
00012.jpg 200 44 234 478 0.98675
00012.jpg 197 47 250 482 0.98625
00012.jpg 154 148 64 147 0.98524
00012.jpg 347 68 272 456 0.98508
00012.jpg 337 51 256 467 0.98493
00012.jpg 332 78 300 450 0.98455
00012.jpg 159 146 54 150 0.98452
00012.jpg 156 145 61 150 0.98439
00012.jpg 333 67 287 459 0.98401
00012.jpg 350 69 280 451 0.98331
00012.jpg 197 49 258 480 0.98315
00012.jpg 156 147 58 151 0.98309
00012.jpg 202 47 248 483 0.98278
00012.jpg 157 144 55 157 0.98148
00012.jpg 156 145 57 153 0.98088
00012.jpg 155 138 61 164 0.98074
00012.jpg 359 64 266 453 0.98074
00012.jpg 184 48 270 474 0.98067
00012.jpg 157 146 56 151 0.97941
00012.jpg 346 58 283 473 0.97921
00012.jpg 333 62 284 465 0.97868
00012.jpg 314 74 299 455 0.97717
00012.jpg 356 63 262 461 0.97631
00012.jpg 357 70 260 450 0.97530
00012.jpg 352 80 258 431 0.97529
00012.jpg 156 145 57 153 0.97458
00012.jpg 159 149 59 145 0.97397
00012.jpg 158 150 57 140 0.97282
00012.jpg 180 53 278 474 0.97259
00012.jpg 158 141 59 156 0.96789
00012.jpg 331 84 297 425 0.96695
00012.jpg 193 48 238 476 0.96673
00012.jpg 157 148 71 142 0.96125
00012.jpg 362 61 233 468 0.96072
00012.jpg 198 34 249 493 0.96022
00012.jpg 156 148 59 144 0.95769
00012.jpg 157 148 56 149 0.95767
00012.jpg 349 71 267 454 0.95584
00012.jpg 155 148 62 146 0.95416
00012.jpg 187 40 234 478 0.94943
00012.jpg 195 37 267 487 0.94925
00012.jpg 155 149 62 144 0.94883
00012.jpg 211 36 230 499 0.94871
00012.jpg 203 151 26 130 0.94810
00012.jpg 185 59 406 463 0.94802
00012.jpg 313 49 296 486 0.94777
00012.jpg 333 60 299 475 0.94627
00012.jpg 287 68 333 458 0.94566
00012.jpg 185 53 302 478 0.94010
00012.jpg 363 76 243 444 0.93917
00012.jpg 158 151 57 148 0.93881
00012.jpg 350 62 275 465 0.93862
00012.jpg 202 47 242 477 0.93711
00012.jpg 190 44 244 467 0.93613
00012.jpg 356 81 249 446 0.93573
00012.jpg 354 62 264 466 0.93536
00012.jpg 198 154 29 128 0.93499
00012.jpg 158 148 64 142 0.93449
00012.jpg 156 149 68 147 0.93375
00012.jpg 200 152 32 136 0.93300
00012.jpg 159 144 55 151 0.93242
00012.jpg 157 144 61 153 0.93231
00012.jpg 188 34 257 495 0.93091
00012.jpg 159 148 57 148 0.92011
00012.jpg 362 73 252 451 0.91860
00012.jpg 364 64 247 456 0.91742
00012.jpg 220 52 289 477 0.91713
00012.jpg 165 152 57 141 0.91690
00012.jpg 158 149 61 144 0.91001
00012.jpg 348 61 265 464 0.90726
00012.jpg 156 146 60 149 0.90558
00012.jpg 364 72 227 442 0.90285
00012.jpg 158 151 54 143 0.90210
00012.jpg 159 150 57 147 0.89639
00012.jpg 159 148 51 151 0.89434
00012.jpg 206 148 27 136 0.89408
00012.jpg 183 47 259 478 0.89245
00012.jpg 195 158 35 130 0.88887
00012.jpg 157 147 64 148 0.88633
00012.jpg 197 58 273 467 0.88352
00012.jpg 325 66 294 455 0.88333
00012.jpg 205 29 248 504 0.88203
00012.jpg 363 70 233 458 0.87987
00012.jpg 157 145 64 150 0.87595
00012.jpg 334 72 291 445 0.87519
00012.jpg 354 64 269 465 0.87517
00012.jpg 155 142 58 157 0.86899
00012.jpg 194 149 31 134 0.86806
00012.jpg 171 51 285 469 0.86241
00012.jpg 218 60 266 470 0.86191
00012.jpg 168 44 295 472 0.86139
00012.jpg 342 76 251 435 0.86114
00012.jpg 340 64 275 463 0.86100
00012.jpg 197 49 238 490 0.86080
00012.jpg 188 36 260 478 0.85844
00012.jpg 306 44 293 493 0.85601
00012.jpg 199 152 28 126 0.85142
00012.jpg 347 61 281 451 0.83505
00012.jpg 158 143 59 158 0.83138
00012.jpg 373 71 215 456 0.83053
00012.jpg 199 155 29 133 0.83040
00012.jpg 361 63 238 471 0.82600
00012.jpg 346 84 277 434 0.82122
00012.jpg 290 69 272 463 0.81939
00012.jpg 198 158 32 116 0.81781
00012.jpg 156 144 55 150 0.81245
00012.jpg 156 147 52 152 0.81058
00012.jpg 159 147 55 148 0.79369
00012.jpg 158 148 56 148 0.78731
00012.jpg 346 71 257 457 0.78388
00012.jpg 206 156 30 133 0.78234
00012.jpg 156 152 66 144 0.77450
00012.jpg 188 41 283 494 0.77236
00012.jpg 164 151 65 143 0.76867
00012.jpg 353 70 253 441 0.75747
00012.jpg 152 150 59 152 0.75367
00012.jpg 201 158 29 106 0.75077
00012.jpg 159 154 55 138 0.75026
00012.jpg 206 53 226 472 0.74123
00012.jpg 162 150 66 140 0.74102
00012.jpg 160 151 64 143 0.73416
00012.jpg 256 79 366 437 0.73215
00012.jpg 364 53 251 462 0.73185
00012.jpg 216 51 395 462 0.72821
00012.jpg 145 59 336 464 0.71184
00012.jpg 179 153 41 133 0.71157
00012.jpg 196 154 37 129 0.70916
00012.jpg 156 147 53 150 0.70617
00012.jpg 186 155 48 128 0.69659
00012.jpg 194 158 33 116 0.67856
00012.jpg 155 156 67 134 0.67798
00012.jpg 201 156 29 116 0.67724
00012.jpg 369 71 256 451 0.67439
00012.jpg 201 49 235 473 0.67314
00012.jpg 160 50 299 470 0.67164
00012.jpg 334 60 266 453 0.66693
00012.jpg 196 154 42 131 0.66657
00012.jpg 154 144 61 154 0.65640
00012.jpg 158 97 471 422 0.65078
00012.jpg 155 147 55 154 0.64855
00012.jpg 189 43 236 458 0.64528
00012.jpg 198 39 266 500 0.64304
00012.jpg 181 77 427 451 0.63945
00012.jpg 377 84 217 436 0.63826
00012.jpg 157 151 57 141 0.63528
00012.jpg 211 61 213 466 0.62939
00012.jpg 161 151 53 141 0.62720
00012.jpg 198 151 31 136 0.61970
00012.jpg 202 33 425 505 0.61745
00012.jpg 161 153 63 144 0.61594
00012.jpg 148 64 490 447 0.61447
00012.jpg 192 146 30 147 0.58899
00012.jpg 205 155 30 123 0.58868
00012.jpg 163 148 52 147 0.58867
00012.jpg 190 148 46 144 0.58048
00012.jpg 188 36 257 468 0.56851
00012.jpg 215 54 406 478 0.56314
00012.jpg 154 138 50 160 0.54305
00012.jpg 200 155 34 135 0.54145
00012.jpg 204 157 32 132 0.54130
00012.jpg 214 52 244 471 0.53588
00012.jpg 200 154 39 129 0.53462
00012.jpg 167 91 485 405 0.52612
00012.jpg 350 74 240 443 0.52541
00012.jpg 175 151 63 141 0.52289
00012.jpg 210 44 211 460 0.52187
00012.jpg 160 148 56 144 0.52113
00012.jpg 205 161 28 103 0.51947
00012.jpg 178 49 250 480 0.51929
00012.jpg 153 151 57 135 0.50878
00012.jpg 370 73 223 454 0.50014
