00021.jpg 359 64 229 436 0.99954
00021.jpg 365 56 230 460 0.99923
00021.jpg 366 61 223 438 0.99861
00021.jpg 62 45 356 490 0.99855
00021.jpg 97 54 274 485 0.99839
00021.jpg 363 59 228 449 0.99837
00021.jpg 353 56 241 453 0.99765
00021.jpg 97 45 264 490 0.99716
00021.jpg 348 61 250 452 0.99705
00021.jpg 84 42 283 488 0.99705
00021.jpg 363 54 217 454 0.99705
00021.jpg 78 44 287 469 0.99680
00021.jpg 371 63 215 452 0.99670
00021.jpg 81 52 278 478 0.99656
00021.jpg 362 59 222 459 0.99649
00021.jpg 103 51 250 481 0.99635
00021.jpg 363 66 221 440 0.99623
00021.jpg 357 66 218 458 0.99595
00021.jpg 88 56 263 462 0.99552
00021.jpg 352 53 241 460 0.99542
00021.jpg 370 61 225 449 0.99478
00021.jpg 357 54 246 457 0.99410
00021.jpg 354 60 231 462 0.99398
00021.jpg 91 46 285 478 0.99356
00021.jpg 84 42 289 482 0.99263
00021.jpg 89 46 279 477 0.99217
00021.jpg 363 70 227 432 0.99209
00021.jpg 368 62 230 453 0.99206
00021.jpg 362 55 225 459 0.99136
00021.jpg 360 70 236 439 0.99093
00021.jpg 372 56 210 463 0.99058
00021.jpg 88 56 271 469 0.99030
00021.jpg 90 49 274 478 0.99028
00021.jpg 361 56 234 457 0.99020
00021.jpg 363 62 231 424 0.99019
00021.jpg 91 40 263 497 0.99003
00021.jpg 23 161 50 146 0.98955
00021.jpg 362 51 237 460 0.98948
00021.jpg 359 53 223 462 0.98945
00021.jpg 370 67 213 437 0.98928
00021.jpg 362 64 222 446 0.98916
00021.jpg 17 159 62 143 0.98888
00021.jpg 362 68 223 430 0.98872
00021.jpg 95 55 271 456 0.98815
00021.jpg 358 67 231 434 0.98812
00021.jpg 20 156 61 144 0.98785
00021.jpg 356 56 241 460 0.98757
00021.jpg 358 60 226 458 0.98727
00021.jpg 19 163 60 141 0.98705
00021.jpg 19 159 58 148 0.98687
00021.jpg 363 57 237 453 0.98602
00021.jpg 19 161 59 145 0.98599
00021.jpg 102 47 258 490 0.98571
00021.jpg 17 157 60 149 0.98538
00021.jpg 18 152 59 157 0.98458
00021.jpg 22 157 54 145 0.98455
00021.jpg 17 153 61 154 0.98439
00021.jpg 370 62 212 436 0.98422
00021.jpg 78 46 299 484 0.98116
00021.jpg 18 156 56 150 0.98030
00021.jpg 16 159 62 145 0.97996
00021.jpg 56 59 328 448 0.97988
00021.jpg 102 51 269 484 0.97965
00021.jpg 20 159 58 145 0.97848
00021.jpg 16 153 62 151 0.97787
00021.jpg 369 55 226 445 0.97672
00021.jpg 81 49 275 473 0.97460
00021.jpg 89 43 277 489 0.97456
00021.jpg 23 156 56 149 0.97455
00021.jpg 18 159 61 144 0.97445
00021.jpg 15 160 64 140 0.97231
00021.jpg 17 154 56 152 0.97111
00021.jpg 92 44 267 490 0.97102
00021.jpg 83 41 266 483 0.96862
00021.jpg 368 65 215 460 0.96327
00021.jpg 73 46 296 474 0.96309
00021.jpg 94 36 262 495 0.96288
00021.jpg 77 42 284 496 0.96276
00021.jpg 84 50 282 477 0.96128
00021.jpg 373 65 203 441 0.96036
00021.jpg 356 68 232 452 0.96009
00021.jpg 18 161 60 143 0.95908
00021.jpg 88 40 282 493 0.95776
00021.jpg 81 43 300 487 0.95711
00021.jpg 82 44 290 483 0.95531
00021.jpg 17 152 62 157 0.95511
00021.jpg 41 63 370 453 0.95364
00021.jpg 370 60 215 444 0.95345
00021.jpg 20 157 57 147 0.95273
00021.jpg 18 155 61 147 0.95089
00021.jpg 361 71 214 454 0.94993
00021.jpg 18 160 56 144 0.94989
00021.jpg 276 152 69 159 0.94963
00021.jpg 106 48 265 469 0.94544
00021.jpg 22 160 56 141 0.94393
00021.jpg 368 58 215 440 0.94175
00021.jpg 20 155 59 151 0.94007
00021.jpg 350 56 241 462 0.93991
00021.jpg 21 158 59 144 0.93937
00021.jpg 24 163 51 143 0.93893
00021.jpg 276 153 68 158 0.93728
00021.jpg 351 82 248 417 0.93619
00021.jpg 84 48 274 481 0.93561
00021.jpg 350 58 237 459 0.93323
00021.jpg 281 148 69 162 0.93105
00021.jpg 20 160 61 148 0.93083
00021.jpg 19 159 53 142 0.93034
00021.jpg 21 165 60 132 0.92986
00021.jpg 360 42 228 474 0.92395
00021.jpg 20 160 54 143 0.91795
00021.jpg 280 148 65 163 0.91770
00021.jpg 351 69 247 425 0.91711
00021.jpg 18 163 57 138 0.90956
00021.jpg 88 44 266 486 0.90930
00021.jpg 16 158 61 151 0.90897
00021.jpg 22 155 57 145 0.90851
00021.jpg 19 160 59 151 0.90553
00021.jpg 94 38 268 493 0.90551
00021.jpg 88 50 271 481 0.90545
00021.jpg 79 60 280 453 0.90363
00021.jpg 361 47 221 479 0.90301
00021.jpg 355 55 242 461 0.90293
00021.jpg 365 75 208 451 0.89861
00021.jpg 22 158 56 143 0.89460
00021.jpg 100 41 256 492 0.89165
00021.jpg 278 151 65 158 0.88721
00021.jpg 270 144 82 173 0.88615
00021.jpg 358 54 233 455 0.88601
00021.jpg 361 60 233 461 0.88275
00021.jpg 16 157 66 142 0.88250
00021.jpg 98 48 292 482 0.88165
00021.jpg 281 148 68 157 0.87803
00021.jpg 360 69 215 443 0.87514
00021.jpg 18 161 62 141 0.86426
00021.jpg 272 152 72 155 0.86110
00021.jpg 360 65 222 434 0.86032
00021.jpg 282 145 60 170 0.85848
00021.jpg 365 58 222 445 0.85693
00021.jpg 358 67 235 429 0.85630
00021.jpg 17 161 55 144 0.85381
00021.jpg 18 156 63 143 0.85089
00021.jpg 94 59 404 444 0.84987
00021.jpg 22 155 47 149 0.84626
00021.jpg 280 150 63 167 0.83915
00021.jpg 274 146 75 168 0.83898
00021.jpg 96 60 272 465 0.83246
00021.jpg 19 159 55 146 0.82571
00021.jpg 276 147 63 169 0.82221
00021.jpg 271 152 90 171 0.81743
00021.jpg 284 151 79 166 0.81269
00021.jpg 280 146 64 167 0.81136
00021.jpg 77 50 296 472 0.80841
00021.jpg 280 153 67 158 0.80696
00021.jpg 279 147 61 164 0.80390
00021.jpg 16 160 58 142 0.80331
00021.jpg 281 149 86 163 0.79985
00021.jpg 278 150 69 156 0.79931
00021.jpg 361 57 240 445 0.79275
00021.jpg 80 58 299 479 0.78931
00021.jpg 277 155 76 155 0.78718
00021.jpg 115 70 237 444 0.77716
00021.jpg 14 161 56 138 0.77194
00021.jpg 6 56 641 453 0.76714
00021.jpg 276 149 65 162 0.76617
00021.jpg 360 62 237 461 0.76164
00021.jpg 20 167 59 140 0.75784
00021.jpg 94 33 273 498 0.74661
00021.jpg 277 157 66 150 0.74508
00021.jpg 16 166 60 124 0.74376
00021.jpg 90 40 316 476 0.74352
00021.jpg 282 154 62 157 0.74024
00021.jpg 21 156 60 148 0.73869
00021.jpg 23 159 58 148 0.73850
00021.jpg 272 152 72 161 0.73534
00021.jpg 23 162 57 142 0.73518
00021.jpg 14 159 68 152 0.72963
00021.jpg 284 156 64 156 0.72425
00021.jpg 275 151 75 157 0.71944
00021.jpg 94 94 59 163 0.71795
00021.jpg 288 152 42 50 0.71621
00021.jpg 279 160 75 148 0.71517
00021.jpg 20 165 62 130 0.70949
00021.jpg 270 156 73 157 0.70387
00021.jpg 361 38 214 488 0.69086
00021.jpg 275 157 78 158 0.68575
00021.jpg 284 150 57 155 0.68303
00021.jpg 355 62 233 432 0.68245
00021.jpg 94 93 56 178 0.67186
00021.jpg 93 58 282 479 0.66959
00021.jpg 283 156 65 154 0.66678
00021.jpg 275 151 74 149 0.66045
00021.jpg 86 79 73 192 0.65996
00021.jpg 291 153 43 54 0.65650
00021.jpg 78 56 298 459 0.65467
00021.jpg 278 151 56 160 0.65099
00021.jpg 17 152 70 157 0.64753
00021.jpg 88 97 64 172 0.64420
00021.jpg 287 154 42 54 0.64412
00021.jpg 360 49 216 449 0.64378
00021.jpg 26 162 55 135 0.63892
00021.jpg 281 147 66 164 0.63587
00021.jpg 276 150 61 157 0.63425
00021.jpg 286 151 48 133 0.63170
00021.jpg 27 163 57 138 0.63160
00021.jpg 18 158 40 140 0.63056
00021.jpg 251 43 375 476 0.62942
00021.jpg 290 154 41 44 0.62922
00021.jpg 268 155 87 168 0.61889
00021.jpg 285 155 87 154 0.61270
00021.jpg 15 156 70 149 0.61207
00021.jpg 85 91 68 163 0.61042
00021.jpg 17 158 58 147 0.60834
00021.jpg 278 31 341 497 0.60697
00021.jpg 290 153 35 47 0.60424
00021.jpg 267 145 92 172 0.59601
00021.jpg 281 150 53 164 0.59540
00021.jpg 299 58 311 458 0.59310
00021.jpg 269 153 89 144 0.59249
00021.jpg 272 166 80 147 0.58337
00021.jpg 282 158 81 161 0.57759
00021.jpg 91 76 67 205 0.57264
00021.jpg 286 155 47 53 0.56211
00021.jpg 13 157 64 133 0.55967
00021.jpg 274 153 70 148 0.55892
00021.jpg 279 144 81 164 0.55742
00021.jpg 289 156 45 61 0.55728
00021.jpg 272 150 89 173 0.55545
00021.jpg 278 157 89 164 0.55492
00021.jpg 91 81 68 175 0.55441
00021.jpg 341 61 238 436 0.54623
00021.jpg 21 156 61 146 0.54466
00021.jpg 16 152 52 142 0.54351
00021.jpg 116 56 320 464 0.54264
00021.jpg 89 81 63 159 0.54199
00021.jpg 15 161 56 131 0.54012
00021.jpg 276 169 64 148 0.53767
00021.jpg 268 143 105 171 0.53168
00021.jpg 292 152 39 53 0.52951
00021.jpg 16 157 35 144 0.52249
00021.jpg 287 153 46 46 0.51766
00021.jpg 282 157 96 156 0.51358
00021.jpg 268 144 95 179 0.50996
00021.jpg 291 154 50 69 0.50977
00021.jpg 13 161 76 137 0.50434
00021.jpg 90 73 64 191 0.50272
00021.jpg 95 86 57 159 0.50199
00021.jpg 271 154 68 158 0.49977
00021.jpg 276 155 97 172 0.49914
