00022.jpg 348 64 245 454 0.99944
00022.jpg 354 66 247 458 0.99930
00022.jpg 344 56 257 461 0.99898
00022.jpg 359 53 227 460 0.99873
00022.jpg 347 61 253 446 0.99858
00022.jpg 346 59 256 464 0.99770
00022.jpg 364 52 239 463 0.99751
00022.jpg 10 43 349 492 0.99720
00022.jpg 348 59 247 458 0.99716
00022.jpg 38 50 326 468 0.99705
00022.jpg 341 60 262 447 0.99675
00022.jpg 23 53 338 468 0.99639
00022.jpg 348 64 241 458 0.99607
00022.jpg 342 61 262 456 0.99590
00022.jpg 352 61 242 457 0.99584
00022.jpg 13 37 339 489 0.99574
00022.jpg 346 55 245 457 0.99564
00022.jpg 342 64 255 450 0.99555
00022.jpg 354 55 239 460 0.99548
00022.jpg 355 59 242 458 0.99539
00022.jpg 355 67 233 433 0.99463
00022.jpg 23 52 340 478 0.99411
00022.jpg 341 50 264 472 0.99360
00022.jpg 335 57 267 459 0.99344
00022.jpg 357 47 238 473 0.99335
00022.jpg 347 65 246 449 0.99227
00022.jpg 33 159 46 147 0.99194
00022.jpg 30 40 358 492 0.99174
00022.jpg 349 55 246 440 0.99149
00022.jpg 19 44 345 472 0.99147
00022.jpg 357 61 236 444 0.98974
00022.jpg 348 60 249 448 0.98944
00022.jpg 354 69 249 434 0.98907
00022.jpg 32 163 45 145 0.98557
00022.jpg 24 31 344 499 0.98516
00022.jpg 346 60 256 450 0.98510
00022.jpg 350 65 232 449 0.98485
00022.jpg 27 35 341 496 0.98433
00022.jpg 360 55 228 458 0.98421
00022.jpg 29 156 52 151 0.98394
00022.jpg 367 68 213 427 0.98368
00022.jpg 29 160 54 148 0.98360
00022.jpg 33 50 328 474 0.98353
00022.jpg 34 156 45 154 0.98314
00022.jpg 351 52 246 474 0.98303
00022.jpg 14 44 349 491 0.98254
00022.jpg 28 52 336 468 0.98218
00022.jpg 4 56 388 436 0.98169
00022.jpg 356 63 245 462 0.98118
00022.jpg 355 66 247 457 0.98058
00022.jpg 355 62 246 454 0.97952
00022.jpg 0 89 442 414 0.97949
00022.jpg 349 71 250 444 0.97944
00022.jpg 344 55 254 471 0.97905
00022.jpg 31 155 51 150 0.97861
00022.jpg 42 41 319 476 0.97625
00022.jpg 24 55 352 476 0.97581
00022.jpg 38 48 377 475 0.97520
00022.jpg 25 51 341 469 0.97384
00022.jpg 282 155 68 151 0.97303
00022.jpg 35 163 50 148 0.96973
00022.jpg 355 66 231 448 0.96873
00022.jpg 353 46 240 471 0.96856
00022.jpg 352 51 248 458 0.96814
00022.jpg 356 78 228 434 0.96720
00022.jpg 16 55 353 471 0.96615
00022.jpg 288 156 59 161 0.96454
00022.jpg 29 41 326 490 0.96377
00022.jpg 14 43 383 478 0.96160
00022.jpg 32 159 44 149 0.96010
00022.jpg 31 164 54 140 0.95973
00022.jpg 27 51 317 465 0.95968
00022.jpg 31 158 50 149 0.95887
00022.jpg 8 45 366 478 0.95836
00022.jpg 27 42 341 483 0.95774
00022.jpg 33 161 46 141 0.95456
00022.jpg 30 162 51 143 0.95278
00022.jpg 28 162 57 145 0.95258
00022.jpg 359 49 238 463 0.95235
00022.jpg 24 41 341 489 0.94873
00022.jpg 358 63 239 462 0.94694
00022.jpg 286 157 67 159 0.94619
00022.jpg 32 164 54 141 0.94578
00022.jpg 282 154 61 161 0.94532
00022.jpg 29 163 53 146 0.94345
00022.jpg 29 49 331 467 0.94204
00022.jpg 31 165 50 133 0.94010
00022.jpg 342 59 259 464 0.93919
00022.jpg 6 42 417 471 0.93779
00022.jpg 17 51 362 476 0.93618
00022.jpg 346 63 254 444 0.93374
00022.jpg 38 169 47 137 0.93199
00022.jpg 37 43 311 477 0.93067
00022.jpg 350 59 240 462 0.92447
00022.jpg 281 155 73 155 0.92237
00022.jpg 35 160 45 139 0.92003
00022.jpg 282 159 63 149 0.91790
00022.jpg 30 166 54 140 0.91743
00022.jpg 282 157 67 156 0.91389
00022.jpg 283 158 60 154 0.91372
00022.jpg 288 155 61 157 0.91239
00022.jpg 35 163 53 147 0.91112
00022.jpg 30 157 52 149 0.90981
00022.jpg 25 50 331 478 0.90969
00022.jpg 29 163 57 145 0.90698
00022.jpg 31 156 54 159 0.90692
00022.jpg 16 53 341 465 0.90633
00022.jpg 289 154 63 162 0.90183
00022.jpg 32 159 51 150 0.89934
00022.jpg 345 53 249 472 0.89889
00022.jpg 31 161 55 144 0.89873
00022.jpg 28 44 327 485 0.89644
00022.jpg 284 157 66 150 0.89420
00022.jpg 286 154 57 159 0.89300
00022.jpg 30 157 46 150 0.89280
00022.jpg 282 154 70 157 0.89154
00022.jpg 32 162 42 144 0.88946
00022.jpg 32 158 47 146 0.88934
00022.jpg 281 153 70 156 0.88897
00022.jpg 283 157 67 156 0.88885
00022.jpg 346 58 245 460 0.88705
00022.jpg 283 158 70 151 0.88695
00022.jpg 30 163 46 144 0.88690
00022.jpg 278 154 74 155 0.88646
00022.jpg 284 157 62 155 0.88641
00022.jpg 281 161 65 144 0.88604
00022.jpg 35 53 314 480 0.87861
00022.jpg 282 157 70 159 0.87843
00022.jpg 31 163 50 143 0.86903
00022.jpg 33 160 52 147 0.86757
00022.jpg 37 164 46 144 0.86730
00022.jpg 290 154 55 153 0.86353
00022.jpg 34 157 48 147 0.86220
00022.jpg 334 65 263 439 0.86107
00022.jpg 284 153 66 160 0.85716
00022.jpg 33 164 49 138 0.85635
00022.jpg 288 159 64 157 0.85587
00022.jpg 287 154 70 158 0.84876
00022.jpg 25 52 350 481 0.84659
00022.jpg 288 155 54 158 0.84548
00022.jpg 363 32 227 494 0.84395
00022.jpg 29 44 336 483 0.83841
00022.jpg 277 163 77 156 0.83748
00022.jpg 31 155 53 157 0.83697
00022.jpg 31 162 56 145 0.83576
00022.jpg 284 155 53 154 0.83371
00022.jpg 279 156 84 161 0.83185
00022.jpg 279 161 79 149 0.83040
00022.jpg 283 155 70 155 0.82286
00022.jpg 0 65 398 423 0.80525
00022.jpg 288 161 49 153 0.80475
00022.jpg 34 69 354 456 0.80262
00022.jpg 31 159 50 144 0.79988
00022.jpg 278 156 68 157 0.79963
00022.jpg 53 48 279 481 0.79570
00022.jpg 277 157 70 153 0.79052
00022.jpg 282 157 64 155 0.78599
00022.jpg 272 158 76 142 0.78453
00022.jpg 28 167 57 135 0.78389
00022.jpg 7 65 378 436 0.77600
00022.jpg 334 60 274 454 0.76694
00022.jpg 31 161 44 139 0.76574
00022.jpg 227 41 445 460 0.76166
00022.jpg 284 157 54 157 0.75622
00022.jpg 284 162 67 151 0.75601
00022.jpg 29 163 52 139 0.74903
00022.jpg 355 74 249 449 0.74729
00022.jpg 369 61 211 443 0.74673
00022.jpg 276 154 75 155 0.74261
00022.jpg 358 71 237 422 0.74045
00022.jpg 34 55 319 477 0.73192
00022.jpg 273 162 76 150 0.72821
00022.jpg 41 32 335 505 0.72640
00022.jpg 345 69 240 406 0.72454
00022.jpg 271 163 94 141 0.71260
00022.jpg 281 159 83 159 0.71116
00022.jpg 361 67 228 448 0.70929
00022.jpg 19 72 335 434 0.70777
00022.jpg 273 154 81 156 0.70241
00022.jpg 341 56 235 463 0.70101
00022.jpg 40 168 47 138 0.69956
00022.jpg 15 41 500 487 0.69867
00022.jpg 318 63 310 452 0.69739
00022.jpg 65 76 498 450 0.69639
00022.jpg 275 158 89 165 0.69391
00022.jpg 28 162 52 133 0.69002
00022.jpg 28 158 63 152 0.68767
00022.jpg 330 71 279 420 0.68724
00022.jpg 300 160 52 134 0.68363
00022.jpg 30 162 53 143 0.68255
00022.jpg 29 166 57 138 0.68105
00022.jpg 287 157 71 147 0.67477
00022.jpg 32 56 397 438 0.67239
00022.jpg 339 53 258 444 0.66703
00022.jpg 276 162 72 152 0.66700
00022.jpg 28 49 344 468 0.66385
00022.jpg 280 165 56 144 0.66269
00022.jpg 273 155 74 153 0.65927
00022.jpg 360 71 224 459 0.65651
00022.jpg 33 160 56 146 0.65525
00022.jpg 318 66 282 436 0.65282
00022.jpg 20 56 325 468 0.65142
00022.jpg 30 163 60 148 0.65100
00022.jpg 277 156 68 154 0.64113
00022.jpg 276 158 74 157 0.63801
00022.jpg 287 161 73 156 0.63021
00022.jpg 291 44 295 475 0.62633
00022.jpg 292 47 294 473 0.62633
00022.jpg 269 151 88 155 0.62320
00022.jpg 277 165 64 152 0.61750
00022.jpg 11 45 576 488 0.61690
00022.jpg 32 166 58 126 0.61637
00022.jpg 277 163 51 146 0.61606
00022.jpg 30 169 60 136 0.61604
00022.jpg 31 164 60 141 0.61321
00022.jpg 287 157 69 153 0.61277
00022.jpg 27 155 48 145 0.61123
00022.jpg 44 165 48 147 0.61092
00022.jpg 293 152 60 161 0.61034
00022.jpg 289 168 49 145 0.60336
00022.jpg 202 84 459 435 0.60313
00022.jpg 297 162 55 147 0.60167
00022.jpg 270 160 88 131 0.60116
00022.jpg 16 57 491 439 0.59545
00022.jpg 286 155 50 158 0.59297
00022.jpg 271 154 75 151 0.59210
00022.jpg 34 164 53 139 0.58933
00022.jpg 27 162 38 133 0.58443
00022.jpg 32 167 52 81 0.58092
00022.jpg 28 166 53 111 0.57928
00022.jpg 296 165 60 153 0.57792
00022.jpg 359 55 254 474 0.57634
00022.jpg 29 159 46 137 0.56820
00022.jpg 284 168 43 144 0.56557
00022.jpg 70 70 250 454 0.56210
00022.jpg 287 162 58 150 0.56007
00022.jpg 364 69 229 433 0.55681
00022.jpg 24 44 591 472 0.55499
00022.jpg 33 169 54 135 0.55497
00022.jpg 30 41 391 497 0.55203
00022.jpg 36 159 51 148 0.54763
00022.jpg 30 155 58 154 0.54709
00022.jpg 34 157 51 139 0.54444
00022.jpg 308 157 50 146 0.53972
00022.jpg 28 161 54 137 0.53462
00022.jpg 279 160 53 149 0.53213
00022.jpg 288 160 81 147 0.53080
00022.jpg 274 151 93 154 0.53005
00022.jpg 21 42 370 484 0.52868
00022.jpg 288 155 76 161 0.52073
00022.jpg 301 165 56 145 0.52056
00022.jpg 32 165 41 142 0.51967
00022.jpg 292 157 68 148 0.51964
00022.jpg 357 77 224 410 0.51901
00022.jpg 363 77 216 398 0.51395
00022.jpg 26 51 298 468 0.51319
00022.jpg 36 169 48 137 0.51229
00022.jpg 34 164 54 141 0.51027
00022.jpg 288 157 65 158 0.50735
00022.jpg 273 163 73 152 0.50691
00022.jpg 296 166 52 147 0.50606
00022.jpg 288 158 51 149 0.50100
