00028.jpg 9 36 348 495 0.99966
00028.jpg 313 77 359 448 0.99957
00028.jpg 325 92 317 433 0.99951
00028.jpg 312 68 347 458 0.99919
00028.jpg 325 80 339 442 0.99911
00028.jpg 347 89 300 447 0.99865
00028.jpg 327 70 325 458 0.99863
00028.jpg 12 43 341 473 0.99833
00028.jpg 337 69 314 457 0.99797
00028.jpg 330 82 312 442 0.99771
00028.jpg 0 47 391 470 0.99762
00028.jpg 330 72 305 456 0.99742
00028.jpg 0 34 365 486 0.99741
00028.jpg 333 77 311 441 0.99716
00028.jpg 0 47 360 467 0.99706
00028.jpg 330 79 314 460 0.99691
00028.jpg 0 52 352 472 0.99587
00028.jpg 327 77 317 434 0.99553
00028.jpg 0 37 353 474 0.99530
00028.jpg 320 79 331 449 0.99525
00028.jpg 0 38 363 482 0.99464
00028.jpg 0 29 360 498 0.99439
00028.jpg 316 70 342 447 0.99434
00028.jpg 0 42 364 478 0.99355
00028.jpg 338 67 305 460 0.99317
00028.jpg 335 79 314 436 0.99243
00028.jpg 0 41 336 484 0.99219
00028.jpg 321 80 323 441 0.99182
00028.jpg 329 91 310 425 0.99172
00028.jpg 336 78 305 449 0.99167
00028.jpg 0 30 339 501 0.99048
00028.jpg 0 52 380 461 0.98925
00028.jpg 6 43 327 466 0.98852
00028.jpg 0 49 349 467 0.98755
00028.jpg 335 75 317 458 0.98753
00028.jpg 342 69 302 459 0.98670
00028.jpg 0 38 358 477 0.98624
00028.jpg 0 39 360 464 0.98590
00028.jpg 323 77 327 459 0.98528
00028.jpg 337 81 306 440 0.98459
00028.jpg 0 39 370 472 0.98407
00028.jpg 332 73 322 443 0.98232
00028.jpg 329 65 321 468 0.98204
00028.jpg 0 41 351 479 0.98116
00028.jpg 326 75 333 445 0.98083
00028.jpg 328 76 321 447 0.98083
00028.jpg 311 74 339 458 0.98053
00028.jpg 329 87 311 447 0.97755
00028.jpg 0 32 342 501 0.97735
00028.jpg 0 54 343 465 0.97576
00028.jpg 335 84 318 448 0.96803
00028.jpg 339 79 303 460 0.96749
00028.jpg 322 83 334 439 0.96726
00028.jpg 0 46 368 471 0.96176
00028.jpg 0 38 363 485 0.96077
00028.jpg 313 85 334 454 0.95688
00028.jpg 0 42 356 477 0.95313
00028.jpg 0 31 365 501 0.94623
00028.jpg 0 48 357 461 0.94283
00028.jpg 0 41 356 470 0.94144
00028.jpg 312 173 51 134 0.94118
00028.jpg 304 172 60 140 0.94044
00028.jpg 0 41 368 467 0.93697
00028.jpg 310 175 57 142 0.93581
00028.jpg 0 38 338 479 0.93510
00028.jpg 334 84 306 445 0.93328
00028.jpg 325 78 314 449 0.93033
00028.jpg 307 170 55 140 0.92966
00028.jpg 315 93 351 425 0.92634
00028.jpg 352 166 55 145 0.92583
00028.jpg 346 167 60 145 0.92295
00028.jpg 307 168 60 146 0.91998
00028.jpg 310 173 47 137 0.91457
00028.jpg 304 172 57 136 0.91437
00028.jpg 0 34 346 481 0.90845
00028.jpg 308 164 59 147 0.89641
00028.jpg 341 169 64 146 0.89375
00028.jpg 305 174 66 137 0.89231
00028.jpg 308 176 59 143 0.88950
00028.jpg 345 93 316 428 0.88479
00028.jpg 306 168 56 147 0.87920
00028.jpg 311 86 373 434 0.87773
00028.jpg 307 169 59 146 0.87438
00028.jpg 0 45 348 477 0.87198
00028.jpg 305 173 59 139 0.86833
00028.jpg 352 166 58 151 0.86535
00028.jpg 0 47 362 471 0.86276
00028.jpg 307 167 65 144 0.85295
00028.jpg 0 58 337 455 0.84941
00028.jpg 357 162 47 148 0.84638
00028.jpg 350 165 55 149 0.84579
00028.jpg 306 173 64 132 0.84553
00028.jpg 330 167 67 148 0.84382
00028.jpg 288 76 394 422 0.84298
00028.jpg 311 172 77 142 0.83818
00028.jpg 304 160 63 161 0.83285
00028.jpg 305 168 65 152 0.83178
00028.jpg 308 166 54 149 0.81993
00028.jpg 304 173 56 140 0.81463
00028.jpg 0 36 351 491 0.81446
00028.jpg 312 85 344 441 0.81251
00028.jpg 16 33 367 484 0.81009
00028.jpg 311 165 59 148 0.80783
00028.jpg 333 175 74 141 0.80392
00028.jpg 309 171 56 140 0.80051
00028.jpg 305 164 65 153 0.80023
00028.jpg 311 166 51 150 0.79969
00028.jpg 316 172 48 143 0.78943
00028.jpg 295 76 353 443 0.78870
00028.jpg 312 167 85 149 0.78754
00028.jpg 15 202 34 65 0.78752
00028.jpg 321 74 321 456 0.78288
00028.jpg 316 172 79 138 0.77933
00028.jpg 304 170 80 141 0.76939
00028.jpg 348 164 64 140 0.76924
00028.jpg 362 165 45 83 0.76851
00028.jpg 357 167 49 127 0.76279
00028.jpg 305 169 62 143 0.75969
00028.jpg 11 45 381 471 0.75774
00028.jpg 348 85 310 440 0.75647
00028.jpg 138 52 551 452 0.75214
00028.jpg 352 169 52 141 0.74602
00028.jpg 4 46 334 483 0.74274
00028.jpg 337 83 294 434 0.73921
00028.jpg 18 203 29 53 0.73398
00028.jpg 19 204 28 61 0.72965
00028.jpg 344 166 58 144 0.72915
00028.jpg 0 43 335 477 0.72324
00028.jpg 320 61 324 458 0.72134
00028.jpg 309 170 65 150 0.71977
00028.jpg 342 168 69 144 0.71797
00028.jpg 333 75 320 458 0.71510
00028.jpg 350 82 370 448 0.70726
00028.jpg 302 165 58 148 0.70527
00028.jpg 356 157 54 158 0.70521
00028.jpg 22 43 374 476 0.70488
00028.jpg 19 207 27 52 0.70255
00028.jpg 273 98 475 425 0.70159
00028.jpg 339 176 59 130 0.69786
00028.jpg 355 168 53 77 0.69770
00028.jpg 309 170 61 146 0.69317
00028.jpg 366 167 39 57 0.69279
00028.jpg 9 45 421 453 0.69252
00028.jpg 310 166 60 147 0.69151
00028.jpg 89 83 509 426 0.69149
00028.jpg 17 202 28 58 0.68431
00028.jpg 22 37 413 483 0.68102
00028.jpg 323 175 47 140 0.67610
00028.jpg 18 207 34 62 0.67560
00028.jpg 352 163 56 157 0.67363
00028.jpg 341 166 77 145 0.67201
00028.jpg 363 166 43 62 0.67157
00028.jpg 335 165 75 148 0.66610
00028.jpg 345 166 56 147 0.66401
00028.jpg 324 85 325 421 0.66329
00028.jpg 298 173 73 131 0.66240
00028.jpg 267 77 397 440 0.66084
00028.jpg 358 161 50 148 0.66017
00028.jpg 306 168 57 148 0.65952
00028.jpg 24 208 18 46 0.65884
00028.jpg 300 168 76 134 0.65483
00028.jpg 360 161 48 155 0.65447
00028.jpg 336 166 72 144 0.64703
00028.jpg 344 172 56 137 0.64324
00028.jpg 350 176 55 133 0.63890
00028.jpg 313 172 72 147 0.63741
00028.jpg 357 167 51 147 0.63187
00028.jpg 20 203 32 57 0.63145
00028.jpg 343 165 62 157 0.62810
00028.jpg 224 52 452 468 0.62434
00028.jpg 351 167 55 155 0.62379
00028.jpg 356 168 51 60 0.62358
00028.jpg 302 95 341 434 0.62317
00028.jpg 362 168 38 55 0.62180
00028.jpg 363 73 284 453 0.61895
00028.jpg 300 165 89 145 0.61859
00028.jpg 363 176 44 47 0.61672
00028.jpg 0 46 356 466 0.61324
00028.jpg 340 165 58 157 0.61299
00028.jpg 15 211 30 51 0.60599
00028.jpg 344 170 61 149 0.60330
00028.jpg 351 166 50 147 0.60082
00028.jpg 365 166 36 61 0.60041
00028.jpg 365 166 45 59 0.59849
00028.jpg 326 162 84 151 0.59822
00028.jpg 314 61 317 457 0.59492
00028.jpg 299 169 73 145 0.59470
00028.jpg 301 169 59 146 0.59446
00028.jpg 14 209 35 63 0.59235
00028.jpg 357 171 49 53 0.59061
00028.jpg 318 163 69 148 0.58788
00028.jpg 348 161 65 146 0.58773
00028.jpg 349 80 292 440 0.58589
00028.jpg 25 206 16 45 0.58424
00028.jpg 361 166 45 63 0.58375
00028.jpg 309 165 47 149 0.58355
00028.jpg 352 177 45 133 0.58334
00028.jpg 357 173 44 140 0.58223
00028.jpg 273 56 403 438 0.58211
00028.jpg 12 206 34 59 0.58077
00028.jpg 0 41 339 483 0.58059
00028.jpg 304 175 98 138 0.57399
00028.jpg 362 164 43 60 0.56973
00028.jpg 329 173 55 139 0.56944
00028.jpg 356 170 46 88 0.56672
00028.jpg 358 176 40 48 0.56507
00028.jpg 306 94 324 424 0.56486
00028.jpg 306 175 63 129 0.56398
00028.jpg 327 169 62 143 0.56379
00028.jpg 337 74 322 446 0.56222
00028.jpg 0 42 390 461 0.56179
00028.jpg 16 204 28 47 0.55965
00028.jpg 316 167 91 151 0.55760
00028.jpg 306 171 50 135 0.55730
00028.jpg 11 34 590 458 0.55405
00028.jpg 304 155 82 163 0.55132
00028.jpg 356 163 50 151 0.54919
00028.jpg 311 172 57 146 0.54886
00028.jpg 360 167 50 67 0.54865
00028.jpg 33 38 414 484 0.54714
00028.jpg 356 160 52 154 0.54426
00028.jpg 303 170 56 143 0.54281
00028.jpg 306 171 84 148 0.53297
00028.jpg 318 169 83 144 0.53281
00028.jpg 13 207 28 51 0.53209
00028.jpg 14 202 30 64 0.52797
00028.jpg 365 169 43 48 0.52791
00028.jpg 319 83 355 420 0.52566
00028.jpg 330 80 308 439 0.52474
00028.jpg 311 171 66 143 0.52313
00028.jpg 302 168 90 139 0.52182
00028.jpg 310 175 56 78 0.51886
00028.jpg 351 167 54 91 0.51648
00028.jpg 356 169 43 57 0.50898
00028.jpg 301 170 61 146 0.50166
00028.jpg 303 168 58 151 0.50114
