00023.jpg 360 70 239 447 0.99964
00023.jpg 373 72 236 450 0.99954
00023.jpg 354 67 246 456 0.99900
00023.jpg 367 69 231 450 0.99894
00023.jpg 23 54 379 477 0.99881
00023.jpg 360 75 255 446 0.99874
00023.jpg 363 60 241 472 0.99813
00023.jpg 26 53 363 469 0.99799
00023.jpg 355 69 243 459 0.99772
00023.jpg 371 56 230 466 0.99744
00023.jpg 366 56 237 465 0.99740
00023.jpg 366 63 233 456 0.99706
00023.jpg 43 51 327 461 0.99690
00023.jpg 361 50 236 474 0.99690
00023.jpg 367 69 240 459 0.99662
00023.jpg 359 63 237 460 0.99661
00023.jpg 357 63 236 468 0.99642
00023.jpg 359 72 237 450 0.99588
00023.jpg 368 66 229 456 0.99588
00023.jpg 359 67 230 458 0.99527
00023.jpg 8 61 382 450 0.99525
00023.jpg 362 73 252 447 0.99500
00023.jpg 364 67 235 462 0.99489
00023.jpg 367 56 231 453 0.99456
00023.jpg 31 44 446 494 0.99444
00023.jpg 359 67 253 461 0.99429
00023.jpg 362 70 233 452 0.99427
00023.jpg 366 61 227 455 0.99368
00023.jpg 372 68 225 451 0.99365
00023.jpg 30 46 366 473 0.99246
00023.jpg 298 155 54 167 0.99229
00023.jpg 375 72 208 455 0.99225
00023.jpg 364 70 243 450 0.99154
00023.jpg 51 35 318 492 0.99151
00023.jpg 289 156 69 164 0.99146
00023.jpg 355 59 245 460 0.99132
00023.jpg 354 61 252 457 0.99115
00023.jpg 39 62 352 447 0.99043
00023.jpg 18 49 386 473 0.98981
00023.jpg 45 39 376 486 0.98888
00023.jpg 360 59 239 466 0.98888
00023.jpg 356 49 244 485 0.98881
00023.jpg 357 60 247 465 0.98870
00023.jpg 358 61 255 471 0.98868
00023.jpg 353 58 249 471 0.98777
00023.jpg 373 53 219 482 0.98503
00023.jpg 294 156 62 160 0.98495
00023.jpg 16 56 412 460 0.98432
00023.jpg 52 51 319 461 0.98410
00023.jpg 298 158 51 156 0.98404
00023.jpg 24 38 378 494 0.98351
00023.jpg 370 67 229 461 0.98351
00023.jpg 355 53 235 476 0.98145
00023.jpg 357 64 238 461 0.97964
00023.jpg 50 52 331 481 0.97875
00023.jpg 295 159 61 160 0.97801
00023.jpg 357 80 247 436 0.97639
00023.jpg 370 73 233 450 0.97448
00023.jpg 291 159 68 165 0.97344
00023.jpg 66 48 318 471 0.97317
00023.jpg 289 162 70 156 0.97232
00023.jpg 362 74 234 448 0.97192
00023.jpg 289 161 69 154 0.97088
00023.jpg 373 83 225 435 0.96932
00023.jpg 301 154 52 161 0.96898
00023.jpg 343 58 270 471 0.96861
00023.jpg 289 159 65 162 0.96616
00023.jpg 60 47 319 489 0.96472
00023.jpg 287 161 77 160 0.96469
00023.jpg 19 50 376 461 0.96449
00023.jpg 356 76 236 412 0.96359
00023.jpg 38 51 340 464 0.96275
00023.jpg 282 162 72 154 0.96108
00023.jpg 24 55 376 471 0.95884
00023.jpg 362 74 230 448 0.95652
00023.jpg 39 38 339 487 0.95530
00023.jpg 289 160 69 153 0.95516
00023.jpg 41 162 60 145 0.95413
00023.jpg 57 53 327 465 0.95168
00023.jpg 290 155 68 163 0.95163
00023.jpg 53 54 328 456 0.95049
00023.jpg 293 160 63 159 0.94549
00023.jpg 40 57 333 468 0.94538
00023.jpg 37 46 340 481 0.94104
00023.jpg 296 155 61 164 0.94068
00023.jpg 37 34 338 491 0.94004
00023.jpg 30 36 359 498 0.93867
00023.jpg 290 156 66 162 0.93728
00023.jpg 293 160 66 159 0.93723
00023.jpg 17 47 392 454 0.93720
00023.jpg 14 49 395 466 0.93689
00023.jpg 43 40 343 495 0.93652
00023.jpg 302 161 56 156 0.93514
00023.jpg 49 28 320 507 0.93212
00023.jpg 297 161 58 153 0.92723
00023.jpg 58 56 326 473 0.92654
00023.jpg 47 169 50 139 0.92437
00023.jpg 290 159 70 160 0.92128
00023.jpg 374 74 225 446 0.92034
00023.jpg 289 160 67 158 0.91880
00023.jpg 34 45 355 480 0.91795
00023.jpg 290 163 67 157 0.91761
00023.jpg 34 58 377 469 0.90991
00023.jpg 359 56 246 472 0.90839
00023.jpg 370 64 245 455 0.90545
00023.jpg 293 160 64 148 0.90440
00023.jpg 42 170 60 133 0.90182
00023.jpg 296 159 57 152 0.90025
00023.jpg 280 159 86 164 0.89317
00023.jpg 305 159 56 159 0.89111
00023.jpg 286 154 69 161 0.89028
00023.jpg 290 159 72 158 0.89016
00023.jpg 303 155 52 162 0.88830
00023.jpg 38 158 59 155 0.88600
00023.jpg 286 164 72 152 0.88408
00023.jpg 289 165 73 152 0.87728
00023.jpg 378 63 213 466 0.87572
00023.jpg 36 173 65 136 0.87352
00023.jpg 43 44 345 493 0.87225
00023.jpg 287 162 68 157 0.87038
00023.jpg 39 160 61 153 0.86607
00023.jpg 43 169 59 135 0.86318
00023.jpg 365 68 247 444 0.85864
00023.jpg 290 157 68 162 0.85840
00023.jpg 39 40 332 475 0.85775
00023.jpg 284 156 72 164 0.85665
00023.jpg 44 170 57 143 0.85544
00023.jpg 291 160 63 145 0.85429
00023.jpg 285 160 77 153 0.85351
00023.jpg 288 156 72 161 0.84974
00023.jpg 284 162 75 155 0.84780
00023.jpg 40 168 54 143 0.84463
00023.jpg 287 161 65 154 0.84261
00023.jpg 54 50 352 485 0.83880
00023.jpg 292 161 69 149 0.83809
00023.jpg 354 66 245 451 0.83230
00023.jpg 352 74 238 432 0.82342
00023.jpg 35 164 69 150 0.82321
00023.jpg 295 160 61 156 0.82271
00023.jpg 283 157 76 160 0.82161
00023.jpg 348 69 263 453 0.81510
00023.jpg 66 58 305 466 0.80933
00023.jpg 295 158 55 162 0.80333
00023.jpg 1 124 65 133 0.79799
00023.jpg 299 158 62 161 0.79657
00023.jpg 55 51 318 472 0.79513
00023.jpg 0 131 61 118 0.79369
00023.jpg 297 157 62 159 0.79009
00023.jpg 48 57 326 468 0.78631
00023.jpg 41 170 61 151 0.78586
00023.jpg 293 160 66 152 0.78427
00023.jpg 0 127 60 125 0.78149
00023.jpg 0 132 61 129 0.77299
00023.jpg 284 164 77 151 0.77263
00023.jpg 46 52 333 478 0.76755
00023.jpg 27 68 481 449 0.76332
00023.jpg 290 155 78 162 0.75566
00023.jpg 344 47 263 486 0.75417
00023.jpg 81 63 289 463 0.75280
00023.jpg 42 165 52 141 0.75229
00023.jpg 0 129 56 124 0.75020
00023.jpg 296 163 63 150 0.74889
00023.jpg 303 163 54 154 0.74665
00023.jpg 47 162 51 145 0.74644
00023.jpg 292 156 71 163 0.74222
00023.jpg 48 164 56 145 0.73991
00023.jpg 0 140 64 102 0.73748
00023.jpg 60 68 316 430 0.73708
00023.jpg 315 162 45 153 0.73654
00023.jpg 67 53 303 455 0.73068
00023.jpg 44 171 62 144 0.73002
00023.jpg 74 45 301 467 0.72845
00023.jpg 43 155 66 156 0.72842
00023.jpg 363 70 229 450 0.72748
00023.jpg 44 171 59 141 0.72011
00023.jpg 288 164 77 150 0.72006
00023.jpg 0 134 66 127 0.71695
00023.jpg 31 143 71 172 0.71570
00023.jpg 65 46 308 474 0.71374
00023.jpg 280 162 85 164 0.70240
00023.jpg 42 160 48 150 0.70194
00023.jpg 1 132 69 119 0.69870
00023.jpg 17 52 594 462 0.69243
00023.jpg 283 155 67 166 0.69075
00023.jpg 2 133 63 109 0.69032
00023.jpg 290 163 57 148 0.68826
00023.jpg 9 33 536 477 0.68593
00023.jpg 53 170 50 144 0.68580
00023.jpg 287 158 82 163 0.68322
00023.jpg 33 172 65 137 0.67995
00023.jpg 310 171 49 143 0.67744
00023.jpg 280 159 77 155 0.67400
00023.jpg 300 159 53 157 0.67082
00023.jpg 277 167 78 156 0.66694
00023.jpg 0 122 61 124 0.66639
00023.jpg 17 38 410 482 0.66580
00023.jpg 66 51 311 483 0.66478
00023.jpg 20 127 68 170 0.66311
00023.jpg 1 124 54 126 0.65879
00023.jpg 280 160 77 144 0.65519
00023.jpg 43 48 331 482 0.65241
00023.jpg 274 155 84 168 0.64875
00023.jpg 369 65 237 455 0.64772
00023.jpg 35 99 378 396 0.64067
00023.jpg 359 65 250 441 0.64008
00023.jpg 352 70 249 464 0.63983
00023.jpg 14 133 97 175 0.63474
00023.jpg 15 138 81 164 0.62883
00023.jpg 360 66 255 448 0.62875
00023.jpg 363 38 254 491 0.62351
00023.jpg 282 163 80 143 0.61964
00023.jpg 1 131 68 127 0.61667
00023.jpg 288 165 75 160 0.61100
00023.jpg 289 163 57 154 0.60939
00023.jpg 43 168 51 142 0.60687
00023.jpg 276 161 78 149 0.60400
00023.jpg 53 162 49 147 0.60207
00023.jpg 9 61 531 474 0.60207
00023.jpg 38 160 66 147 0.60136
00023.jpg 44 158 60 151 0.60032
00023.jpg 294 157 52 147 0.59676
00023.jpg 294 158 74 147 0.58994
00023.jpg 51 51 372 463 0.58860
00023.jpg 5 119 83 164 0.58806
00023.jpg 299 160 73 162 0.57968
00023.jpg 277 170 75 151 0.57743
00023.jpg 285 158 79 142 0.57564
00023.jpg 54 70 330 444 0.57215
00023.jpg 42 160 62 154 0.57205
00023.jpg 278 160 75 150 0.56744
00023.jpg 42 173 62 120 0.56575
00023.jpg 367 67 243 443 0.56372
00023.jpg 293 163 57 129 0.56237
00023.jpg 336 70 285 444 0.55880
00023.jpg 1 155 69 71 0.55527
00023.jpg 304 158 43 159 0.55251
00023.jpg 38 191 69 112 0.55196
00023.jpg 1 131 59 118 0.55099
00023.jpg 296 45 302 481 0.54936
00023.jpg 373 55 221 470 0.54879
00023.jpg 49 170 46 138 0.54747
00023.jpg 0 120 59 127 0.54722
00023.jpg 44 169 53 142 0.54482
00023.jpg 2 137 67 111 0.54421
00023.jpg 49 169 50 132 0.54400
00023.jpg 299 164 59 140 0.54343
00023.jpg 1 135 58 136 0.54328
00023.jpg 50 169 52 144 0.54099
00023.jpg 281 164 64 148 0.53923
00023.jpg 302 165 67 156 0.52970
00023.jpg 297 155 47 160 0.52828
00023.jpg 281 156 87 165 0.52712
00023.jpg 0 133 66 110 0.52434
00023.jpg 292 159 76 163 0.51775
00023.jpg 278 163 98 157 0.51697
00023.jpg 44 167 50 129 0.51613
00023.jpg 37 180 68 113 0.51291
00023.jpg 29 162 62 143 0.50309
