00020.jpg 9 158 60 150 0.99883
00020.jpg 108 56 231 470 0.99759
00020.jpg 108 57 260 468 0.99692
00020.jpg 288 54 295 467 0.99690
00020.jpg 101 43 252 492 0.99634
00020.jpg 269 56 318 473 0.99613
00020.jpg 92 46 252 473 0.99592
00020.jpg 95 64 243 467 0.99580
00020.jpg 290 61 294 450 0.99539
00020.jpg 90 55 268 472 0.99510
00020.jpg 103 40 240 481 0.99508
00020.jpg 96 60 249 463 0.99489
00020.jpg 106 34 230 498 0.99482
00020.jpg 10 152 58 151 0.99481
00020.jpg 11 156 61 145 0.99465
00020.jpg 300 57 300 464 0.99455
00020.jpg 13 156 53 156 0.99433
00020.jpg 8 157 64 146 0.99411
00020.jpg 272 52 316 468 0.99407
00020.jpg 92 38 250 494 0.99402
00020.jpg 297 58 292 453 0.99369
00020.jpg 106 56 246 476 0.99339
00020.jpg 85 36 258 495 0.99308
00020.jpg 12 152 57 155 0.99281
00020.jpg 12 154 55 147 0.99236
00020.jpg 13 159 55 147 0.99223
00020.jpg 108 47 236 467 0.99206
00020.jpg 99 47 239 484 0.99197
00020.jpg 88 47 261 484 0.99182
00020.jpg 289 64 295 463 0.99138
00020.jpg 284 52 318 465 0.99136
00020.jpg 9 156 63 145 0.99128
00020.jpg 297 51 300 480 0.99120
00020.jpg 13 154 57 151 0.99119
00020.jpg 288 46 293 473 0.99110
00020.jpg 272 56 314 468 0.99054
00020.jpg 13 152 57 152 0.99043
00020.jpg 290 51 301 459 0.99036
00020.jpg 10 158 63 145 0.99001
00020.jpg 14 156 55 147 0.98763
00020.jpg 282 56 316 450 0.98678
00020.jpg 275 50 311 472 0.98660
00020.jpg 106 60 234 462 0.98655
00020.jpg 103 62 258 445 0.98582
00020.jpg 7 159 66 145 0.98574
00020.jpg 306 51 284 464 0.98561
00020.jpg 295 51 297 463 0.98504
00020.jpg 285 54 295 474 0.98461
00020.jpg 104 60 251 451 0.98442
00020.jpg 284 64 302 445 0.98433
00020.jpg 99 45 238 481 0.98366
00020.jpg 296 51 287 471 0.98106
00020.jpg 283 49 318 479 0.98080
00020.jpg 291 49 299 451 0.98033
00020.jpg 275 58 325 453 0.97842
00020.jpg 305 51 290 465 0.97840
00020.jpg 293 38 306 491 0.97728
00020.jpg 8 155 60 150 0.97716
00020.jpg 11 152 57 155 0.97714
00020.jpg 297 55 293 455 0.97680
00020.jpg 109 25 223 504 0.97579
00020.jpg 12 157 54 151 0.97496
00020.jpg 102 49 240 465 0.97311
00020.jpg 111 60 226 454 0.97310
00020.jpg 10 151 60 156 0.97265
00020.jpg 100 49 235 487 0.97235
00020.jpg 12 154 57 151 0.97184
00020.jpg 102 55 250 470 0.97143
00020.jpg 278 54 313 469 0.97088
00020.jpg 286 42 312 481 0.97071
00020.jpg 10 153 59 154 0.96810
00020.jpg 282 59 318 463 0.96580
00020.jpg 10 158 61 144 0.96551
00020.jpg 283 63 315 454 0.96507
00020.jpg 82 67 307 458 0.95916
00020.jpg 10 161 61 139 0.95677
00020.jpg 280 61 326 448 0.95588
00020.jpg 290 50 294 467 0.95423
00020.jpg 11 146 55 157 0.95024
00020.jpg 97 38 254 493 0.94988
00020.jpg 111 50 233 475 0.94553
00020.jpg 291 52 291 452 0.94469
00020.jpg 8 153 60 156 0.93884
00020.jpg 110 51 226 482 0.93794
00020.jpg 8 157 61 146 0.93646
00020.jpg 12 160 64 142 0.93575
00020.jpg 11 158 59 146 0.93104
00020.jpg 282 69 299 443 0.93057
00020.jpg 266 43 338 487 0.92875
00020.jpg 11 154 59 147 0.92713
00020.jpg 8 153 60 155 0.92542
00020.jpg 117 44 224 486 0.92471
00020.jpg 297 52 293 464 0.92199
00020.jpg 9 155 68 145 0.91862
00020.jpg 10 157 59 146 0.91596
00020.jpg 10 154 65 146 0.91420
00020.jpg 269 156 59 164 0.91062
00020.jpg 270 154 54 160 0.90698
00020.jpg 276 46 312 484 0.90533
00020.jpg 264 175 63 139 0.90411
00020.jpg 12 157 61 150 0.90131
00020.jpg 267 185 63 128 0.89628
00020.jpg 94 54 243 457 0.89539
00020.jpg 190 52 418 451 0.89520
00020.jpg 9 156 62 145 0.89403
00020.jpg 225 40 321 475 0.89002
00020.jpg 324 64 254 434 0.88900
00020.jpg 286 63 298 449 0.88820
00020.jpg 265 191 64 121 0.88779
00020.jpg 89 55 260 473 0.88075
00020.jpg 304 51 292 475 0.87978
00020.jpg 107 57 522 448 0.87961
00020.jpg 307 62 280 444 0.87678
00020.jpg 293 43 304 490 0.87583
00020.jpg 104 50 255 487 0.87573
00020.jpg 108 44 480 473 0.87538
00020.jpg 13 161 53 152 0.87461
00020.jpg 9 160 67 147 0.87068
00020.jpg 97 50 257 485 0.86646
00020.jpg 13 161 61 137 0.86401
00020.jpg 268 182 58 129 0.86155
00020.jpg 9 156 65 148 0.85824
00020.jpg 13 157 52 141 0.85120
00020.jpg 8 156 62 147 0.84965
00020.jpg 97 66 255 452 0.84889
00020.jpg 10 154 63 145 0.84283
00020.jpg 113 51 208 475 0.84112
00020.jpg 272 160 57 158 0.84069
00020.jpg 196 47 310 476 0.83893
00020.jpg 104 38 268 480 0.83813
00020.jpg 229 67 405 443 0.83179
00020.jpg 113 50 238 476 0.83028
00020.jpg 9 157 66 141 0.82902
00020.jpg 95 54 274 475 0.82791
00020.jpg 9 154 53 139 0.81877
00020.jpg 12 158 60 149 0.81793
00020.jpg 95 49 248 486 0.81755
00020.jpg 17 154 54 151 0.81086
00020.jpg 90 50 283 469 0.80903
00020.jpg 89 47 484 467 0.80875
00020.jpg 110 54 486 460 0.80600
00020.jpg 250 47 349 460 0.80419
00020.jpg 14 157 61 148 0.80238
00020.jpg 264 167 61 150 0.79565
00020.jpg 186 90 403 428 0.79434
00020.jpg 269 157 61 159 0.79357
00020.jpg 13 159 62 139 0.79336
00020.jpg 105 54 319 476 0.78964
00020.jpg 44 70 609 439 0.78685
00020.jpg 264 193 63 112 0.77597
00020.jpg 262 153 62 168 0.77441
00020.jpg 288 69 305 435 0.77107
00020.jpg 7 151 62 141 0.76519
00020.jpg 244 40 344 475 0.75974
00020.jpg 145 70 333 455 0.75612
00020.jpg 268 172 61 148 0.75067
00020.jpg 280 51 300 461 0.74531
00020.jpg 266 157 56 162 0.73738
00020.jpg 299 59 303 464 0.73467
00020.jpg 8 158 66 151 0.73433
00020.jpg 289 64 277 440 0.73420
00020.jpg 261 151 67 172 0.73008
00020.jpg 91 46 280 475 0.72833
00020.jpg 295 44 294 462 0.72451
00020.jpg 243 50 346 489 0.71952
00020.jpg 268 190 57 122 0.71413
00020.jpg 266 174 64 140 0.71232
00020.jpg 267 180 60 135 0.70998
00020.jpg 269 160 57 159 0.70927
00020.jpg 125 48 210 480 0.70400
00020.jpg 271 158 57 161 0.69697
00020.jpg 268 177 54 139 0.68953
00020.jpg 267 175 58 143 0.68236
00020.jpg 272 46 321 467 0.68000
00020.jpg 259 51 330 484 0.67810
00020.jpg 270 175 53 133 0.67221
00020.jpg 310 52 283 458 0.67086
00020.jpg 100 52 228 462 0.66368
00020.jpg 13 164 52 139 0.65921
00020.jpg 267 174 63 145 0.65838
00020.jpg 270 166 53 149 0.65358
00020.jpg 267 67 313 437 0.65299
00020.jpg 269 148 57 178 0.64572
00020.jpg 15 164 57 129 0.64396
00020.jpg 217 49 369 471 0.64190
00020.jpg 100 53 238 471 0.63833
00020.jpg 107 42 339 474 0.63720
00020.jpg 108 35 246 495 0.63259
00020.jpg 273 61 303 442 0.63161
00020.jpg 262 150 69 176 0.63124
00020.jpg 267 153 59 174 0.63070
00020.jpg 269 195 54 114 0.62954
00020.jpg 265 170 56 146 0.62293
00020.jpg 265 195 62 117 0.62258
00020.jpg 272 161 56 156 0.61911
00020.jpg 262 177 59 135 0.61680
00020.jpg 266 158 57 159 0.61162
00020.jpg 86 70 251 442 0.61052
00020.jpg 266 167 64 145 0.61042
00020.jpg 199 23 390 500 0.61005
00020.jpg 257 154 79 165 0.60162
00020.jpg 90 51 258 481 0.59946
00020.jpg 120 61 225 464 0.59690
00020.jpg 270 190 57 121 0.59407
00020.jpg 264 137 69 190 0.58679
00020.jpg 8 163 60 119 0.57356
00020.jpg 268 149 62 164 0.55958
00020.jpg 6 149 58 148 0.55666
00020.jpg 268 158 51 156 0.55631
00020.jpg 10 151 52 157 0.55298
00020.jpg 305 58 272 461 0.55074
00020.jpg 266 188 62 126 0.54509
00020.jpg 8 156 52 142 0.54302
00020.jpg 267 187 66 120 0.54111
00020.jpg 266 177 58 137 0.53534
00020.jpg 268 158 59 158 0.53451
00020.jpg 263 189 60 122 0.53353
00020.jpg 13 151 47 160 0.52884
00020.jpg 17 160 54 151 0.52524
00020.jpg 7 159 68 155 0.51631
00020.jpg 217 65 373 453 0.51273
00020.jpg 108 62 220 466 0.50432
00020.jpg 264 180 67 137 0.50072
00020.jpg 13 156 62 147 0.50034
