00036.jpg 18 57 285 466 0.99914
00036.jpg 6 47 304 475 0.99901
00036.jpg 0 39 296 477 0.99894
00036.jpg 250 79 349 437 0.99825
00036.jpg 16 43 285 492 0.99823
00036.jpg 2 46 293 476 0.99785
00036.jpg 13 39 300 487 0.99766
00036.jpg 5 52 290 482 0.99740
00036.jpg 6 40 293 478 0.99735
00036.jpg 8 43 290 466 0.99677
00036.jpg 15 48 287 467 0.99647
00036.jpg 11 43 295 486 0.99644
00036.jpg 249 77 342 451 0.99636
00036.jpg 10 41 276 490 0.99627
00036.jpg 19 41 281 497 0.99614
00036.jpg 11 54 290 464 0.99614
00036.jpg 11 43 297 480 0.99539
00036.jpg 19 27 276 501 0.99462
00036.jpg 13 46 293 473 0.99452
00036.jpg 14 38 286 496 0.99396
00036.jpg 1 43 301 496 0.99375
00036.jpg 212 83 401 452 0.99275
00036.jpg 248 106 326 420 0.99267
00036.jpg 250 87 361 429 0.99210
00036.jpg 1 43 308 496 0.99161
00036.jpg 3 49 305 483 0.99142
00036.jpg 7 54 307 460 0.99131
00036.jpg 10 48 281 476 0.99032
00036.jpg 252 97 315 427 0.99005
00036.jpg 12 41 290 494 0.98946
00036.jpg 224 93 376 444 0.98764
00036.jpg 12 42 278 487 0.98713
00036.jpg 12 47 294 462 0.98668
00036.jpg 253 99 330 415 0.98660
00036.jpg 251 83 338 446 0.98635
00036.jpg 253 79 338 449 0.98511
00036.jpg 10 51 290 464 0.98477
00036.jpg 250 87 341 442 0.98162
00036.jpg 237 92 373 428 0.98006
00036.jpg 249 87 331 443 0.97967
00036.jpg 245 91 334 437 0.97823
00036.jpg 250 84 337 455 0.97808
00036.jpg 248 97 361 434 0.97796
00036.jpg 249 102 362 437 0.97622
00036.jpg 239 80 364 457 0.97529
00036.jpg 264 74 331 455 0.97073
00036.jpg 247 105 341 415 0.97069
00036.jpg 258 88 344 446 0.97001
00036.jpg 255 94 317 435 0.96423
00036.jpg 249 85 374 435 0.96229
00036.jpg 259 94 307 436 0.96127
00036.jpg 259 91 341 444 0.95749
00036.jpg 253 93 340 427 0.94542
00036.jpg 251 84 364 437 0.94332
00036.jpg 243 100 361 429 0.93791
00036.jpg 24 47 271 474 0.93719
00036.jpg 13 50 284 470 0.93598
00036.jpg 0 36 300 488 0.93159
00036.jpg 255 82 325 441 0.92992
00036.jpg 265 90 281 446 0.92591
00036.jpg 15 48 293 475 0.92295
00036.jpg 258 93 356 441 0.92011
00036.jpg 9 42 279 479 0.91786
00036.jpg 2 52 302 468 0.91370
00036.jpg 6 38 293 495 0.90422
00036.jpg 237 77 367 450 0.89523
00036.jpg 248 93 303 435 0.88091
00036.jpg 257 75 319 452 0.87895
00036.jpg 255 103 328 409 0.86021
00036.jpg 17 45 278 473 0.85447
00036.jpg 7 37 273 477 0.83008
00036.jpg 10 48 264 468 0.82808
00036.jpg 17 45 317 475 0.82226
00036.jpg 242 192 43 137 0.81834
00036.jpg 251 84 343 443 0.79233
00036.jpg 234 193 47 142 0.78827
00036.jpg 255 108 369 417 0.75716
00036.jpg 266 101 288 431 0.75562
00036.jpg 243 81 330 443 0.74038
00036.jpg 12 47 289 474 0.73839
00036.jpg 236 196 55 137 0.72989
00036.jpg 238 256 45 71 0.72006
00036.jpg 227 83 396 440 0.71946
00036.jpg 7 55 301 457 0.71437
00036.jpg 9 47 290 466 0.70474
00036.jpg 233 211 41 113 0.70108
00036.jpg 15 152 52 100 0.67623
00036.jpg 236 256 50 65 0.66736
00036.jpg 269 97 277 429 0.64149
00036.jpg 279 69 341 461 0.63511
00036.jpg 229 210 53 121 0.62347
00036.jpg 31 45 261 477 0.61857
00036.jpg 274 75 277 455 0.61326
00036.jpg 234 191 57 143 0.61161
00036.jpg 236 250 42 77 0.60153
00036.jpg 12 65 310 443 0.59155
00036.jpg 235 208 45 119 0.58853
00036.jpg 199 88 407 437 0.58457
00036.jpg 259 96 397 430 0.58363
00036.jpg 261 99 290 423 0.57895
00036.jpg 234 258 45 66 0.57761
00036.jpg 58 81 311 439 0.55306
00036.jpg 305 103 298 435 0.53933
00036.jpg 234 198 42 128 0.53567
00036.jpg 236 204 44 124 0.52880
00036.jpg 1 42 312 486 0.52699
00036.jpg 233 254 52 72 0.52577
00036.jpg 270 93 294 435 0.52503
00036.jpg 8 46 288 469 0.52284
00036.jpg 238 211 46 122 0.52282
00036.jpg 231 261 52 65 0.52137
00036.jpg 232 193 40 141 0.51995
00036.jpg 233 257 42 71 0.51380
00036.jpg 233 202 44 135 0.51302
00036.jpg 240 201 41 126 0.51204
00036.jpg 518 5 382 390 0.50359
00036.jpg 238 190 45 136 0.50214
