00037.jpg 249 96 341 435 0.99900
00037.jpg 31 50 266 473 0.99861
00037.jpg 245 98 354 439 0.99817
00037.jpg 249 83 337 443 0.99808
00037.jpg 254 74 336 458 0.99802
00037.jpg 239 90 361 445 0.99759
00037.jpg 15 55 293 475 0.99754
00037.jpg 266 88 321 447 0.99700
00037.jpg 29 52 262 464 0.99696
00037.jpg 25 40 274 487 0.99663
00037.jpg 20 46 268 474 0.99652
00037.jpg 32 35 263 489 0.99635
00037.jpg 30 43 265 472 0.99627
00037.jpg 25 50 269 467 0.99609
00037.jpg 34 33 256 488 0.99597
00037.jpg 20 47 283 475 0.99586
00037.jpg 241 104 361 422 0.99523
00037.jpg 24 55 268 472 0.99476
00037.jpg 247 83 349 453 0.99442
00037.jpg 25 50 267 467 0.99430
00037.jpg 18 40 273 492 0.99422
00037.jpg 16 57 282 452 0.99412
00037.jpg 26 53 258 470 0.99390
00037.jpg 237 94 366 432 0.99378
00037.jpg 24 57 263 468 0.99335
00037.jpg 40 43 252 476 0.99313
00037.jpg 21 39 281 475 0.99299
00037.jpg 26 42 262 480 0.99143
00037.jpg 30 48 271 476 0.99100
00037.jpg 248 79 337 455 0.99096
00037.jpg 8 35 295 481 0.98949
00037.jpg 257 98 335 438 0.98939
00037.jpg 30 53 265 467 0.98852
00037.jpg 240 96 364 431 0.98832
00037.jpg 240 91 358 448 0.98810
00037.jpg 245 91 352 430 0.98697
00037.jpg 244 102 356 427 0.98665
00037.jpg 26 60 261 458 0.98645
00037.jpg 16 51 280 467 0.98574
00037.jpg 259 98 334 432 0.98530
00037.jpg 15 44 273 484 0.98404
00037.jpg 19 42 288 482 0.98295
00037.jpg 252 93 345 446 0.98283
00037.jpg 28 45 254 479 0.98102
00037.jpg 245 96 375 437 0.97960
00037.jpg 272 92 350 430 0.97904
00037.jpg 265 86 328 453 0.97779
00037.jpg 22 42 280 478 0.97654
00037.jpg 233 100 361 435 0.97181
00037.jpg 10 52 310 460 0.97171
00037.jpg 232 87 382 452 0.97035
00037.jpg 32 55 272 459 0.96919
00037.jpg 110 92 436 436 0.96513
00037.jpg 20 48 272 466 0.96427
00037.jpg 20 45 284 481 0.96289
00037.jpg 248 85 314 445 0.96064
00037.jpg 226 106 384 428 0.95991
00037.jpg 254 104 336 432 0.95683
00037.jpg 245 91 343 433 0.95599
00037.jpg 233 64 371 465 0.95311
00037.jpg 264 91 330 446 0.95305
00037.jpg 255 89 349 450 0.95218
00037.jpg 243 197 56 133 0.95076
00037.jpg 241 104 344 411 0.94204
00037.jpg 248 92 343 441 0.94129
00037.jpg 245 203 47 126 0.94077
00037.jpg 32 45 285 470 0.92200
00037.jpg 248 101 358 438 0.91942
00037.jpg 29 44 270 466 0.91937
00037.jpg 263 121 346 416 0.91933
00037.jpg 260 105 337 428 0.91348
00037.jpg 240 81 349 453 0.90116
00037.jpg 219 89 370 450 0.88590
00037.jpg 242 199 56 126 0.88041
00037.jpg 244 101 340 428 0.87946
00037.jpg 258 98 356 438 0.86211
00037.jpg 261 108 348 425 0.86013
00037.jpg 241 200 48 130 0.85942
00037.jpg 26 49 274 467 0.85140
00037.jpg 239 201 60 129 0.84502
00037.jpg 40 57 261 461 0.84059
00037.jpg 242 201 53 125 0.84049
00037.jpg 247 205 47 124 0.84039
00037.jpg 5 47 335 464 0.83901
00037.jpg 21 59 274 457 0.83574
00037.jpg 28 48 278 470 0.83033
00037.jpg 22 62 280 444 0.80540
00037.jpg 239 198 52 131 0.80195
00037.jpg 242 203 54 129 0.79372
00037.jpg 32 53 260 482 0.78622
00037.jpg 2 157 70 107 0.78248
00037.jpg 255 75 321 452 0.77382
00037.jpg 2 162 74 103 0.76273
00037.jpg 244 201 57 132 0.76125
00037.jpg 240 204 51 121 0.75896
00037.jpg 568 31 377 365 0.75838
00037.jpg 241 205 62 118 0.73800
00037.jpg 241 194 56 134 0.73670
00037.jpg 119 71 364 451 0.72944
00037.jpg 243 201 53 123 0.72407
00037.jpg 247 202 52 131 0.72364
00037.jpg 243 201 48 127 0.72294
00037.jpg 250 194 48 138 0.71916
00037.jpg 40 52 262 468 0.71866
00037.jpg 39 44 242 478 0.71077
00037.jpg 532 20 398 327 0.70795
00037.jpg 596 6 326 318 0.70073
00037.jpg 573 8 348 353 0.69103
00037.jpg 243 193 56 138 0.68699
00037.jpg 241 196 58 136 0.67792
00037.jpg 19 55 259 456 0.67605
00037.jpg 26 38 317 472 0.66887
00037.jpg 1 150 63 119 0.66762
00037.jpg 589 23 327 346 0.66473
00037.jpg 238 200 58 129 0.66448
00037.jpg 239 197 57 134 0.66188
00037.jpg 261 106 295 425 0.66151
00037.jpg 8 154 64 119 0.65370
00037.jpg 598 17 307 346 0.64432
00037.jpg 580 13 369 350 0.64158
00037.jpg 2 155 60 117 0.63799
00037.jpg 592 0 349 437 0.62757
00037.jpg 547 7 376 383 0.62696
00037.jpg 549 23 393 351 0.62588
00037.jpg 224 103 368 422 0.61583
00037.jpg 27 53 258 472 0.61114
00037.jpg 30 61 252 437 0.60378
00037.jpg 241 206 58 107 0.59652
00037.jpg 578 18 324 335 0.59486
00037.jpg 240 198 61 138 0.58949
00037.jpg 269 92 345 438 0.58638
00037.jpg 211 108 457 399 0.58459
00037.jpg 100 86 500 446 0.58355
00037.jpg 242 206 58 131 0.57617
00037.jpg 551 12 385 314 0.57588
00037.jpg 248 200 50 127 0.57401
00037.jpg 241 200 58 122 0.57184
00037.jpg 581 18 337 400 0.56228
00037.jpg 4 158 65 122 0.55993
00037.jpg 8 51 297 456 0.55818
00037.jpg 244 198 56 132 0.55629
00037.jpg 239 205 60 131 0.55401
00037.jpg 239 205 55 125 0.55206
00037.jpg 246 205 56 116 0.55037
00037.jpg 10 160 57 115 0.54851
00037.jpg 4 155 76 117 0.54788
00037.jpg 245 200 57 130 0.54320
00037.jpg 8 157 71 114 0.53843
00037.jpg 209 97 478 415 0.53793
00037.jpg 36 62 244 454 0.53434
00037.jpg 8 154 46 128 0.53421
00037.jpg 572 18 385 420 0.53366
00037.jpg 260 94 319 439 0.52956
00037.jpg 15 52 271 475 0.52863
00037.jpg 239 200 51 129 0.52395
00037.jpg 239 203 62 126 0.51999
00037.jpg 269 109 341 430 0.51680
00037.jpg 3 156 50 126 0.51190
00037.jpg 237 205 56 113 0.51151
00037.jpg 2 166 78 95 0.50264
00037.jpg 5 148 50 117 0.50172
00037.jpg 593 17 354 318 0.50006
