1,1,439.246,90.4624,152.3488,309.8233,1,1,1,1,
2,1,442.2069,90.252,151.2809,314.4507,1,1,1,1,
3,1,450.469,93.6498,147.4935,310.8911,1,1,1,1,
4,1,453.6402,91.7244,148.9174,317.6543,1,1,1,1,
5,1,462.4258,90.5109,147.8495,322.9936,1,1,1,1,
6,1,469.5449,92.1289,147.8495,322.9936,1,1,1,1,
7,1,468.477,91.8377,149.9852,329.4008,1,1,1,1,
8,1,473.9782,94.1028,149.9852,329.4008,1,1,1,1,
9,1,480.3045,96.0606,146.0697,336.164,1,1,1,1,
10,1,495.6267,93.0673,129.3398,345.0628,1,1,1,1,
11,1,508.9925,100.3644,123.4737,341.1473,1,1,1,1,
12,1,516.7102,100.8983,117.4225,357.8772,1,1,1,1,
13,1,521.7098,101.6426,114.2189,362.8606,1,1,1,1,
14,1,525.9327,108.2116,113.8629,360.7249,1,1,1,1,
15,1,535.5435,112.7096,108.8795,361.4368,1,1,1,1,
16,1,540.0738,115.9455,108.8795,361.4368,1,1,1,1,
17,1,547.646,117.0619,106.0319,358.2332,1,1,1,1,
18,1,559.797,120.7509,102.1164,355.3855,1,1,1,1,
19,1,570.5565,123.0808,100.3366,375.319,1,1,1,1,
20,1,576.3761,118.4372,101.02,377.8107,1,1,1,1,
21,1,577.8808,121.026,103.5117,377.8107,1,1,1,1,
22,1,579.8224,120.7024,103.5117,377.8107,1,1,1,1,
23,1,585.9869,123.6147,103.1558,377.8107,1,1,1,1,
24,1,591.488,125.8799,103.1558,377.8107,1,1,1,1,
25,1,592.4588,130.8309,103.1558,397.0323,1,1,1,1,
26,1,600.7927,135.3612,104.9071,397.0323,1,1,1,1,
27,1,603.7898,139.568,106.1743,397.0323,1,1,1,1,
28,1,600.9176,146.137,119.5297,393.863,1,1,1,1,
29,1,620.1327,154.0126,98.8843,385.3712,1,1,1,1,
30,1,623.3848,151.0517,98.5284,388.9483,1,1,1,1,
31,1,610.6338,150.9586,112.2255,389.0414,1,1,1,1,
32,1,648.8841,154.2068,78.5949,385.7932,1,1,1,1,
33,1,653.9115,155.7601,81.8981,384.2399,1,1,1,1,
34,1,653.6526,153.7214,87.5934,386.2786,1,1,1,1,
35,1,651.5331,158.7223,98.628,324.4744,1,1,1,1,
36,1,655.0926,160.3402,98.628,324.4744,1,1,1,1,
37,1,662.2764,150.2589,104.3233,389.7411,1,1,1,1,
38,1,669.7839,150.1146,102.8995,314.5076,1,1,1,1,
39,1,666.4334,139.4185,116.2407,400.5815,1,1,1,1,
40,1,685.4782,134.241,92.2208,405.759,1,1,1,1,
41,1,696.5776,123.6594,82.966,416.3406,1,1,1,1,
1,2,76.7673,127.5789,192.0452,344.2085,1,1,1,1,
2,2,72.1722,129.9573,193.469,341.7169,1,1,1,1,
3,2,82.8509,119.764,179.2308,352.3955,1,1,1,1,
4,2,92.8985,117.24,171.7557,372.329,1,1,1,1,
5,2,100.0338,112.8229,164.2807,376.9564,1,1,1,1,
6,2,107.3794,108.5838,180.6546,377.6683,1,1,1,1,
7,2,107.2662,108.5838,183.1463,377.6683,1,1,1,1,
8,2,106.5866,106.8849,183.8582,379.4481,1,1,1,1,
9,2,112.3628,105.6067,177.807,414.6876,1,1,1,1,
10,2,107.2662,106.9658,183.1463,413.2638,1,1,1,1,
11,2,118.414,107.0953,187.0618,417.5353,1,1,1,1,
12,2,120.6792,108.7133,187.0618,417.5353,1,1,1,1,
13,2,122.6208,110.0076,187.0618,417.5353,1,1,1,1,
14,2,127.7983,114.538,187.0618,417.5353,1,1,1,1,
15,2,135.8882,116.4796,187.0618,417.5353,1,1,1,1,
16,2,140.4185,118.7447,187.0618,417.5353,1,1,1,1,
17,2,148.2334,120.7834,178.8748,415.3996,1,1,1,1,
18,2,157.3264,119.1654,149.6865,415.3996,1,1,1,1,
19,2,172.2118,123.5909,149.6865,303.8002,1,1,1,1,
20,2,177.0657,121.9729,149.6865,303.8002,1,1,1,1,
21,2,192.1453,116.0349,138.296,327.6492,1,1,1,1,
22,2,194.7017,113.9963,96.2933,329.7849,1,1,1,1,
23,2,200.3161,114.3522,100.9207,336.1921,1,1,1,1,
24,2,204.8464,108.4304,96.1746,359.6852,1,1,1,1,
25,2,198.0509,107.0713,103.2937,361.109,1,1,1,1,
26,2,195.2046,103.1427,123.1975,436.8573,1,1,1,1,
27,2,201.2791,109.5469,110.5834,370.7198,1,1,1,1,
28,2,189.1281,104.8709,121.618,381.0425,1,1,1,1,
29,2,178.1906,105.0974,134.4324,390.2973,1,1,1,1,
30,2,187.1703,108.9806,121.9739,390.2973,1,1,1,1,
31,2,191.5874,109.2071,117.3465,385.3139,1,1,1,1,
32,2,191.5874,109.2071,117.3465,385.3139,1,1,1,1,
33,2,196.0045,103.0911,112.7191,391.7211,1,1,1,1,
34,2,195.5754,102.266,72.3256,409.8748,1,1,1,1,
35,2,190.6406,105.2107,66.9863,409.1629,1,1,1,1,
36,2,190.2684,105.2107,75.1733,409.1629,1,1,1,1,
37,2,172.05,101.5217,105.7854,412.0106,1,1,1,1,
38,2,178.5543,99.2565,97.9544,412.0106,1,1,1,1,
39,2,178.5704,93.4803,118.9557,410.9427,1,1,1,1,
40,2,175.3021,93.9334,126.7867,408.0951,1,1,1,1,
41,2,181.7093,95.9397,106.8533,406.6712,1,1,1,1,
1,3,254.1344,125.4202,94.0908,97.2944,1,1,1,1,
2,3,254.1506,125.4202,93.7348,97.2944,1,1,1,1,
3,3,262.8391,122.7182,94.8027,99.7861,1,1,1,1,
4,3,269.6508,122.3447,94.4467,108.0027,1,1,1,1,
5,3,279.1645,122.6683,91.5991,108.0027,1,1,1,1,
6,3,284.2449,116.7303,93.7348,110.4944,1,1,1,1,
7,3,287.5618,109.831,94.3281,226.684,1,1,1,1,
8,3,288.3708,107.2908,97.8876,232.7353,1,1,1,1,
9,3,295.2634,107.6144,95.7519,232.7353,1,1,1,1,
10,3,295.1663,107.6144,97.8876,232.7353,1,1,1,1,
11,3,298.4184,106.8054,104.6508,243.4139,1,1,1,1,
12,3,303.596,108.0998,104.6508,243.4139,1,1,1,1,
13,3,308.4661,110.3649,104.2948,243.4139,1,1,1,1,
14,3,319.3227,112.9537,100.3793,243.4139,1,1,1,1,
15,3,322.3321,114.1834,105.3627,244.8378,1,1,1,1,
16,3,325.1798,118.7137,106.7865,244.8378,1,1,1,1,
17,3,333.3991,120.9789,103.9389,244.8378,1,1,1,1,
18,3,342.1362,121.9497,103.9389,244.8378,1,1,1,1,
19,3,348.9317,125.1856,103.9389,244.8378,1,1,1,1,
20,3,352.0544,127.0787,106.4306,245.9056,1,1,1,1,
21,3,354.6431,129.6674,106.4306,245.9056,1,1,1,1,
22,3,354.5056,129.6674,109.4562,245.9056,1,1,1,1,
23,3,356.4634,134.1978,109.1002,245.9056,1,1,1,1,
24,3,359.2058,135.4921,112.8378,245.9056,1,1,1,1,
25,3,357.7173,138.9061,117.1092,249.1092,1,1,1,1,
26,3,356.1802,143.5524,122.4485,260.7964,1,1,1,1,
27,3,353.9636,150.0243,128.4998,260.7964,1,1,1,1,
28,3,354.7726,152.3703,132.0593,259.0166,1,1,1,1,
29,3,352.8472,154.9591,138.8225,259.0166,1,1,1,1,
30,3,355.3227,157.5479,141.3142,259.0166,1,1,1,1,
31,3,353.0575,160.2175,148.4333,264.356,1,1,1,1,
32,3,352.8796,160.2175,152.3488,264.356,1,1,1,1,
33,3,348.3169,163.4697,160.1798,264,1,1,1,1,
34,3,343.5924,165.8157,164.4512,262.2202,1,1,1,1,
35,3,347.1681,170.1034,156.9762,260.4404,1,1,1,1,
36,3,347.1681,170.1034,156.9762,260.4404,1,1,1,1,
37,3,344.9029,169.7312,156.9762,261.5083,1,1,1,1,
38,3,342.0876,170.0225,154.8404,255.1011,1,1,1,1,
39,3,341.764,166.5438,147.7213,253.3213,1,1,1,1,
40,3,358.4858,166.8998,113.253,245.4903,1,1,1,1,
41,3,345.5906,166.0908,112.1852,249.0499,1,1,1,1,
35,4,623.9447,187.9254,73.4454,305.2908,1,1,1,1,
36,4,623.2571,185.4337,82.6409,310.2742,1,1,1,1,
37,4,624.8346,185.4337,82.3443,310.2742,1,1,1,1,
38,4,624.8346,185.4337,82.3443,310.2742,1,1,1,1,
39,4,627.7146,172.0207,83.0562,285.0013,1,1,1,1,
40,4,623.5079,167.4903,83.0562,285.0013,1,1,1,1,
41,4,624.4139,159.627,77.3609,287.1371,1,1,1,1,
