00012.jpg 616 34 34 103 0.99892
00012.jpg 194 180 224 303 0.99797
00012.jpg 203 187 214 287 0.99790
00012.jpg 193 180 230 303 0.99786
00012.jpg 894 82 52 111 0.99639
00012.jpg 619 35 32 100 0.99612
00012.jpg 205 193 215 276 0.99570
00012.jpg 888 77 57 109 0.99507
00012.jpg 202 184 233 291 0.99498
00012.jpg 195 183 230 294 0.99486
00012.jpg 618 34 37 102 0.99442
00012.jpg 203 188 203 287 0.99416
00012.jpg 892 83 49 104 0.99367
00012.jpg 620 31 33 106 0.99360
00012.jpg 206 185 200 284 0.99348
00012.jpg 887 84 55 105 0.99307
00012.jpg 200 192 231 276 0.99282
00012.jpg 203 187 223 277 0.99266
00012.jpg 617 38 34 97 0.99177
00012.jpg 195 196 238 265 0.99001
00012.jpg 895 81 47 109 0.98989
00012.jpg 619 32 35 102 0.98822
00012.jpg 203 194 211 285 0.98820
00012.jpg 198 184 223 297 0.98800
00012.jpg 199 189 211 293 0.98760
00012.jpg 617 35 31 99 0.98736
00012.jpg 615 36 37 98 0.98671
00012.jpg 894 82 51 108 0.98561
00012.jpg 193 190 223 292 0.98558
00012.jpg 204 187 207 284 0.98503
00012.jpg 890 86 54 100 0.98417
00012.jpg 890 85 54 109 0.98396
00012.jpg 205 192 217 289 0.98214
00012.jpg 618 31 32 105 0.98201
00012.jpg 618 30 35 106 0.98161
00012.jpg 195 187 229 286 0.98150
00012.jpg 192 191 242 272 0.98029
00012.jpg 192 186 251 294 0.97993
00012.jpg 616 32 34 103 0.97969
00012.jpg 212 170 211 308 0.97908
00012.jpg 618 30 32 107 0.97883
00012.jpg 209 190 205 290 0.97813
00012.jpg 619 31 32 104 0.97697
00012.jpg 200 194 213 286 0.97618
00012.jpg 206 181 220 299 0.97565
00012.jpg 193 183 244 283 0.97423
00012.jpg 200 189 213 302 0.97374
00012.jpg 897 83 47 105 0.97335
00012.jpg 205 187 222 293 0.97287
00012.jpg 618 35 33 99 0.97280
00012.jpg 375 190 109 187 0.97232
00012.jpg 188 194 228 279 0.97212
00012.jpg 199 199 207 273 0.97006
00012.jpg 891 78 50 113 0.96913
00012.jpg 618 33 31 104 0.96895
00012.jpg 192 193 242 283 0.96747
00012.jpg 893 79 50 112 0.96635
00012.jpg 890 83 53 104 0.96631
00012.jpg 202 187 223 294 0.96628
00012.jpg 891 81 57 103 0.96525
00012.jpg 202 183 224 300 0.96453
00012.jpg 201 185 225 291 0.96398
00012.jpg 201 195 209 280 0.96369
00012.jpg 195 197 216 275 0.96272
00012.jpg 199 194 208 278 0.96185
00012.jpg 370 190 101 182 0.96096
00012.jpg 365 186 114 182 0.96092
00012.jpg 209 187 213 297 0.96087
00012.jpg 893 82 46 109 0.95955
00012.jpg 193 197 225 281 0.95934
00012.jpg 619 33 36 102 0.95925
00012.jpg 619 35 33 99 0.95801
00012.jpg 196 173 228 302 0.95715
00012.jpg 893 85 50 102 0.95629
00012.jpg 375 134 168 151 0.95541
00012.jpg 891 85 55 99 0.95531
00012.jpg 209 200 198 279 0.95447
00012.jpg 365 187 127 173 0.95397
00012.jpg 761 13 19 26 0.95370
00012.jpg 194 193 238 278 0.95354
00012.jpg 197 197 217 272 0.95318
00012.jpg 811 16 19 27 0.95317
00012.jpg 372 192 110 180 0.95287
00012.jpg 366 182 126 183 0.95287
00012.jpg 203 184 214 304 0.95253
00012.jpg 616 32 34 103 0.94999
00012.jpg 380 196 102 169 0.94961
00012.jpg 727 13 32 28 0.94937
00012.jpg 197 181 205 303 0.94742
00012.jpg 193 197 224 278 0.94668
00012.jpg 373 189 102 184 0.94653
00012.jpg 893 83 51 103 0.94620
00012.jpg 358 188 126 175 0.94569
00012.jpg 616 32 35 105 0.94475
00012.jpg 202 198 200 282 0.94263
00012.jpg 617 36 31 98 0.94088
00012.jpg 764 14 18 25 0.93984
00012.jpg 620 35 32 102 0.93758
00012.jpg 196 189 218 279 0.93718
00012.jpg 617 37 36 98 0.93609
00012.jpg 891 82 49 106 0.93589
00012.jpg 620 36 32 101 0.93478
00012.jpg 365 191 112 171 0.93459
00012.jpg 378 187 97 190 0.93387
00012.jpg 895 91 45 135 0.93355
00012.jpg 809 16 18 27 0.93351
00012.jpg 360 190 125 171 0.93274
00012.jpg 369 174 117 208 0.93242
00012.jpg 205 198 222 272 0.93181
00012.jpg 616 36 37 95 0.92984
00012.jpg 362 190 125 180 0.92631
00012.jpg 200 200 204 273 0.92628
00012.jpg 368 128 193 141 0.92586
00012.jpg 197 190 233 297 0.92392
00012.jpg 378 195 101 171 0.92376
00012.jpg 377 188 103 184 0.92330
00012.jpg 891 81 53 109 0.92010
00012.jpg 377 193 93 173 0.91984
00012.jpg 617 40 35 95 0.91979
00012.jpg 807 15 23 31 0.91945
00012.jpg 382 189 99 184 0.91771
00012.jpg 370 191 117 184 0.91659
00012.jpg 371 126 188 144 0.91456
00012.jpg 371 186 119 185 0.91324
00012.jpg 194 187 226 287 0.91246
00012.jpg 893 83 48 105 0.91156
00012.jpg 199 187 203 292 0.91088
00012.jpg 206 178 241 288 0.90953
00012.jpg 382 131 163 136 0.90891
00012.jpg 195 185 235 296 0.90806
00012.jpg 892 80 53 108 0.90697
00012.jpg 730 15 24 25 0.90693
00012.jpg 198 193 211 278 0.90674
00012.jpg 191 178 214 304 0.90657
00012.jpg 810 16 18 29 0.90523
00012.jpg 372 191 115 177 0.90521
00012.jpg 892 83 55 103 0.90488
00012.jpg 890 85 56 103 0.90476
00012.jpg 620 35 33 101 0.90306
00012.jpg 378 194 103 178 0.89882
00012.jpg 724 12 31 27 0.89835
00012.jpg 724 13 29 28 0.89827
00012.jpg 891 81 54 107 0.89804
00012.jpg 362 182 121 195 0.89799
00012.jpg 352 174 145 198 0.89771
00012.jpg 892 84 49 104 0.89753
00012.jpg 376 128 169 134 0.89406
00012.jpg 760 13 18 27 0.89301
00012.jpg 724 10 35 29 0.89268
00012.jpg 896 81 48 105 0.89205
00012.jpg 760 13 24 26 0.89186
00012.jpg 787 18 19 22 0.88939
00012.jpg 617 35 34 100 0.88805
00012.jpg 378 192 98 187 0.88607
00012.jpg 370 184 105 186 0.88275
00012.jpg 357 176 138 201 0.88191
00012.jpg 364 173 124 214 0.88175
00012.jpg 363 183 129 192 0.87862
00012.jpg 758 12 23 28 0.87665
00012.jpg 248 15 22 33 0.87662
00012.jpg 891 79 52 115 0.87454
00012.jpg 377 188 100 183 0.87405
00012.jpg 355 167 134 210 0.87400
00012.jpg 892 81 51 106 0.87287
00012.jpg 619 38 32 100 0.87272
00012.jpg 362 194 116 174 0.87195
00012.jpg 370 182 115 182 0.87077
00012.jpg 283 11 22 25 0.86997
00012.jpg 391 132 162 137 0.86706
00012.jpg 374 192 106 172 0.86575
00012.jpg 895 79 54 108 0.86519
00012.jpg 285 16 18 17 0.86214
00012.jpg 358 186 131 182 0.86060
00012.jpg 890 82 54 101 0.85981
00012.jpg 762 16 24 22 0.85852
00012.jpg 369 179 110 197 0.85834
00012.jpg 204 193 235 288 0.85797
00012.jpg 421 130 124 137 0.85742
00012.jpg 365 133 196 165 0.85707
00012.jpg 200 186 236 291 0.85623
00012.jpg 619 35 32 99 0.85465
00012.jpg 370 189 105 189 0.85437
00012.jpg 389 128 159 140 0.85395
00012.jpg 369 192 108 173 0.85331
00012.jpg 382 195 101 175 0.85288
00012.jpg 367 191 121 174 0.85279
00012.jpg 403 127 150 142 0.84975
00012.jpg 890 81 51 108 0.84941
00012.jpg 784 19 22 22 0.84829
00012.jpg 728 13 31 22 0.84703
00012.jpg 760 13 25 28 0.84669
00012.jpg 730 13 28 30 0.84482
00012.jpg 374 190 120 172 0.83878
00012.jpg 732 11 21 24 0.83830
00012.jpg 407 125 144 144 0.83701
00012.jpg 196 169 211 329 0.83623
00012.jpg 808 15 22 29 0.83611
00012.jpg 809 18 23 22 0.83515
00012.jpg 384 154 119 179 0.83252
00012.jpg 206 196 203 285 0.83129
00012.jpg 365 187 109 187 0.82973
00012.jpg 376 164 124 198 0.82950
00012.jpg 357 133 202 153 0.82833
00012.jpg 384 131 169 136 0.82584
00012.jpg 390 127 157 141 0.82578
00012.jpg 423 130 111 137 0.82569
00012.jpg 784 16 21 27 0.82392
00012.jpg 393 123 161 153 0.82301
00012.jpg 786 17 17 25 0.82066
00012.jpg 450 125 88 136 0.82036
00012.jpg 361 185 129 189 0.81786
00012.jpg 377 135 177 135 0.81678
00012.jpg 362 182 126 194 0.81667
00012.jpg 895 79 50 108 0.81632
00012.jpg 355 187 126 186 0.81501
00012.jpg 436 123 103 140 0.81497
00012.jpg 344 175 169 190 0.81325
00012.jpg 727 10 32 28 0.81323
00012.jpg 356 188 132 181 0.81307
00012.jpg 355 17 18 16 0.80881
00012.jpg 286 13 17 24 0.80756
00012.jpg 893 82 49 108 0.80737
00012.jpg 347 180 148 196 0.80615
00012.jpg 374 121 173 153 0.80555
00012.jpg 373 162 111 219 0.80251
00012.jpg 252 18 16 24 0.80211
00012.jpg 378 195 109 173 0.80173
00012.jpg 726 15 31 20 0.80092
00012.jpg 376 132 179 132 0.79842
00012.jpg 890 82 56 103 0.79769
00012.jpg 248 15 23 27 0.79691
00012.jpg 205 196 198 272 0.79631
00012.jpg 618 33 37 102 0.79445
00012.jpg 346 149 183 191 0.79353
00012.jpg 362 130 195 141 0.79301
00012.jpg 891 83 50 105 0.79262
00012.jpg 198 181 209 300 0.79095
00012.jpg 369 138 180 132 0.78662
00012.jpg 789 17 17 25 0.78635
00012.jpg 785 18 18 22 0.78321
00012.jpg 377 124 171 147 0.78235
00012.jpg 360 125 185 189 0.78208
00012.jpg 370 129 189 144 0.78104
00012.jpg 767 13 18 23 0.78014
00012.jpg 398 127 156 146 0.77960
00012.jpg 809 17 18 30 0.77796
00012.jpg 205 194 202 279 0.77730
00012.jpg 810 17 19 24 0.77672
00012.jpg 354 16 21 18 0.77597
00012.jpg 360 190 117 167 0.76914
00012.jpg 735 11 20 23 0.76900
00012.jpg 728 12 31 26 0.76791
00012.jpg 758 14 24 25 0.76624
00012.jpg 725 12 34 26 0.76460
00012.jpg 247 14 20 33 0.76344
00012.jpg 761 15 21 25 0.75729
00012.jpg 893 88 50 100 0.75538
00012.jpg 807 14 25 27 0.75534
00012.jpg 366 186 108 191 0.75503
00012.jpg 356 13 19 23 0.75498
00012.jpg 893 85 52 106 0.75345
00012.jpg 619 34 34 105 0.75278
00012.jpg 382 136 183 128 0.75271
00012.jpg 807 17 22 25 0.75247
00012.jpg 248 18 17 23 0.75105
00012.jpg 727 12 25 25 0.75053
00012.jpg 255 17 16 20 0.74978
00012.jpg 374 152 153 159 0.74770
00012.jpg 457 129 88 137 0.74267
00012.jpg 805 16 24 26 0.74120
00012.jpg 365 176 122 207 0.74119
00012.jpg 787 18 16 22 0.73803
00012.jpg 784 14 23 27 0.73767
00012.jpg 381 197 103 171 0.73744
00012.jpg 283 13 20 25 0.73626
00012.jpg 728 14 25 23 0.73617
00012.jpg 350 159 167 192 0.73587
00012.jpg 373 128 171 145 0.73413
00012.jpg 367 125 182 138 0.73196
00012.jpg 895 86 50 123 0.73097
00012.jpg 182 188 261 286 0.73031
00012.jpg 894 79 52 109 0.72833
00012.jpg 371 127 183 133 0.72752
00012.jpg 367 128 191 134 0.72684
00012.jpg 389 130 171 142 0.72197
00012.jpg 401 128 131 140 0.72077
00012.jpg 405 129 149 135 0.72060
00012.jpg 359 17 17 16 0.71812
00012.jpg 365 155 174 159 0.71812
00012.jpg 374 139 161 159 0.71668
00012.jpg 414 124 134 150 0.71418
00012.jpg 181 177 253 308 0.71173
00012.jpg 392 129 162 137 0.71171
00012.jpg 617 31 37 112 0.71089
00012.jpg 759 13 25 27 0.71066
00012.jpg 894 90 43 162 0.70512
00012.jpg 204 184 214 285 0.70479
00012.jpg 383 134 179 138 0.70419
00012.jpg 367 197 109 171 0.70331
00012.jpg 370 182 117 193 0.69970
00012.jpg 761 13 18 28 0.69759
00012.jpg 421 129 121 134 0.69752
00012.jpg 368 181 113 193 0.69739
00012.jpg 358 118 192 174 0.69647
00012.jpg 284 15 16 18 0.69632
00012.jpg 355 14 23 21 0.69613
00012.jpg 361 132 181 153 0.69577
00012.jpg 361 143 147 211 0.69460
00012.jpg 398 135 156 131 0.69455
00012.jpg 252 16 16 29 0.69433
00012.jpg 352 123 180 223 0.69389
00012.jpg 362 181 113 190 0.69339
00012.jpg 379 129 165 145 0.69237
00012.jpg 726 11 23 24 0.69102
00012.jpg 380 191 108 175 0.68851
00012.jpg 321 18 17 16 0.68836
00012.jpg 356 16 23 19 0.68834
00012.jpg 614 35 40 105 0.68555
00012.jpg 352 130 193 151 0.68304
00012.jpg 894 81 53 105 0.68283
00012.jpg 246 16 25 37 0.68195
00012.jpg 217 190 210 264 0.67861
00012.jpg 370 191 101 177 0.67795
00012.jpg 319 17 24 17 0.67436
00012.jpg 402 131 146 143 0.67202
00012.jpg 762 16 17 25 0.66655
00012.jpg 343 191 145 163 0.66445
00012.jpg 373 130 182 133 0.66440
00012.jpg 890 84 60 118 0.66133
00012.jpg 251 15 20 32 0.65952
00012.jpg 756 13 25 30 0.65710
00012.jpg 620 33 34 106 0.65277
00012.jpg 616 29 32 110 0.65253
00012.jpg 724 14 32 26 0.65151
00012.jpg 199 178 252 305 0.65104
00012.jpg 764 12 17 29 0.65011
00012.jpg 728 15 30 23 0.64976
00012.jpg 370 126 174 141 0.64655
00012.jpg 398 125 159 145 0.64551
00012.jpg 289 14 18 23 0.64532
00012.jpg 727 11 33 30 0.64338
00012.jpg 759 15 19 23 0.64007
00012.jpg 289 15 16 18 0.63730
00012.jpg 411 134 138 135 0.63642
00012.jpg 785 20 21 19 0.63609
00012.jpg 324 13 16 19 0.63314
00012.jpg 201 219 201 259 0.63185
00012.jpg 248 17 18 34 0.63149
00012.jpg 763 13 15 28 0.62937
00012.jpg 814 17 15 25 0.62866
00012.jpg 352 13 25 23 0.62835
00012.jpg 286 14 21 23 0.62778
00012.jpg 366 195 110 173 0.62081
00012.jpg 759 15 19 21 0.62069
00012.jpg 203 195 199 278 0.61976
00012.jpg 451 133 83 141 0.61853
00012.jpg 620 32 34 105 0.61324
00012.jpg 249 19 20 35 0.61122
00012.jpg 358 12 18 23 0.61005
00012.jpg 255 18 15 24 0.60899
00012.jpg 810 18 22 27 0.60856
00012.jpg 410 128 115 139 0.60671
00012.jpg 734 13 21 26 0.60617
00012.jpg 391 132 160 142 0.59749
00012.jpg 727 13 22 25 0.59662
00012.jpg 406 121 119 153 0.59623
00012.jpg 372 125 186 149 0.59464
00012.jpg 395 142 152 125 0.59417
00012.jpg 353 152 148 227 0.59244
00012.jpg 437 124 116 139 0.59008
00012.jpg 785 19 19 25 0.59005
00012.jpg 784 17 23 26 0.58784
00012.jpg 362 184 114 186 0.58756
00012.jpg 617 35 33 100 0.58613
00012.jpg 722 11 38 27 0.58557
00012.jpg 886 78 63 156 0.58201
00012.jpg 787 18 18 23 0.58081
00012.jpg 286 14 22 22 0.58017
00012.jpg 323 17 18 17 0.57807
00012.jpg 892 84 45 101 0.57536
00012.jpg 894 84 54 107 0.57377
00012.jpg 374 137 160 135 0.57280
00012.jpg 386 189 93 172 0.57133
00012.jpg 394 21 14 16 0.57004
00012.jpg 892 81 50 103 0.56725
00012.jpg 178 176 262 302 0.56695
00012.jpg 723 10 33 30 0.56543
00012.jpg 194 172 223 311 0.56332
00012.jpg 785 16 22 24 0.56285
00012.jpg 429 125 114 147 0.55742
00012.jpg 163 18 24 25 0.55463
00012.jpg 410 131 141 136 0.55196
00012.jpg 724 12 29 29 0.54960
00012.jpg 447 134 108 130 0.54625
00012.jpg 425 128 119 146 0.54519
00012.jpg 616 34 38 101 0.54494
00012.jpg 808 15 23 23 0.54318
00012.jpg 353 14 16 19 0.54046
00012.jpg 810 17 17 24 0.54030
00012.jpg 318 19 25 18 0.53907
00012.jpg 783 15 28 27 0.53897
00012.jpg 808 15 22 27 0.53804
00012.jpg 808 19 25 27 0.53720
00012.jpg 725 11 23 30 0.53476
00012.jpg 616 33 38 102 0.53318
00012.jpg 367 131 184 161 0.53287
00012.jpg 353 17 17 19 0.53279
00012.jpg 409 125 134 150 0.52890
00012.jpg 616 32 40 106 0.52650
00012.jpg 204 197 202 276 0.52576
00012.jpg 360 174 124 207 0.52037
00012.jpg 727 11 32 29 0.51989
00012.jpg 361 17 17 20 0.51832
00012.jpg 724 11 27 28 0.51463
00012.jpg 362 125 188 149 0.51405
00012.jpg 360 128 187 139 0.51359
00012.jpg 893 83 43 108 0.51172
00012.jpg 362 125 197 140 0.51148
00012.jpg 352 198 130 168 0.50446
00012.jpg 202 218 213 260 0.50399
00012.jpg 783 16 22 26 0.50286
00012.jpg 164 24 15 16 0.50010
