00026.jpg 616 33 34 104 0.99894
00026.jpg 618 35 33 104 0.99857
00026.jpg 622 34 32 104 0.99783
00026.jpg 181 224 243 241 0.99628
00026.jpg 174 225 247 245 0.99468
00026.jpg 617 36 32 98 0.99303
00026.jpg 892 81 54 111 0.99274
00026.jpg 888 84 59 101 0.99248
00026.jpg 895 81 47 108 0.99079
00026.jpg 169 223 260 248 0.99021
00026.jpg 176 223 241 251 0.98924
00026.jpg 616 34 36 101 0.98889
00026.jpg 175 241 241 231 0.98869
00026.jpg 620 32 35 101 0.98840
00026.jpg 616 35 35 99 0.98773
00026.jpg 178 232 245 237 0.98752
00026.jpg 617 35 31 99 0.98730
00026.jpg 183 242 250 223 0.98543
00026.jpg 159 233 278 228 0.98532
00026.jpg 888 81 56 111 0.98383
00026.jpg 163 248 275 213 0.98361
00026.jpg 891 83 53 108 0.98333
00026.jpg 180 231 231 232 0.98286
00026.jpg 167 227 268 233 0.98235
00026.jpg 619 35 32 100 0.98197
00026.jpg 173 231 265 232 0.98118
00026.jpg 168 245 256 221 0.98112
00026.jpg 889 83 58 104 0.98093
00026.jpg 619 35 35 100 0.97985
00026.jpg 175 230 234 239 0.97874
00026.jpg 618 34 33 100 0.97808
00026.jpg 178 244 242 225 0.97743
00026.jpg 175 239 239 229 0.97696
00026.jpg 891 85 53 105 0.97603
00026.jpg 620 30 31 104 0.97577
00026.jpg 181 236 240 222 0.97552
00026.jpg 891 85 54 107 0.97488
00026.jpg 178 238 238 235 0.97354
00026.jpg 172 228 260 238 0.97178
00026.jpg 890 84 58 106 0.97154
00026.jpg 182 235 242 231 0.96809
00026.jpg 893 84 54 104 0.96688
00026.jpg 183 218 269 241 0.96688
00026.jpg 620 35 30 100 0.96671
00026.jpg 160 246 270 222 0.96610
00026.jpg 617 36 35 95 0.96600
00026.jpg 619 35 32 103 0.96456
00026.jpg 182 232 256 227 0.96352
00026.jpg 618 34 33 98 0.96325
00026.jpg 169 229 264 243 0.96203
00026.jpg 183 238 250 240 0.96140
00026.jpg 618 29 30 109 0.96114
00026.jpg 156 232 288 238 0.96102
00026.jpg 348 153 198 203 0.95912
00026.jpg 893 82 55 103 0.95898
00026.jpg 170 226 271 234 0.95642
00026.jpg 893 84 49 104 0.95346
00026.jpg 617 32 35 101 0.95268
00026.jpg 893 84 52 105 0.95259
00026.jpg 178 231 260 242 0.95254
00026.jpg 727 13 32 27 0.95232
00026.jpg 158 240 260 228 0.95116
00026.jpg 618 35 35 97 0.95040
00026.jpg 894 82 51 109 0.94889
00026.jpg 175 231 252 238 0.94875
00026.jpg 811 16 19 27 0.94844
00026.jpg 762 12 18 26 0.94558
00026.jpg 327 148 218 215 0.94486
00026.jpg 300 161 248 209 0.94468
00026.jpg 617 36 35 98 0.94395
00026.jpg 328 149 237 201 0.94257
00026.jpg 892 84 52 105 0.93931
00026.jpg 191 232 226 245 0.93891
00026.jpg 805 15 24 30 0.93858
00026.jpg 894 88 54 127 0.93834
00026.jpg 174 233 238 246 0.93393
00026.jpg 809 16 18 27 0.93331
00026.jpg 620 33 32 102 0.93211
00026.jpg 177 235 256 235 0.92928
00026.jpg 725 10 34 29 0.92914
00026.jpg 765 14 18 26 0.92691
00026.jpg 892 79 54 110 0.92541
00026.jpg 891 79 55 106 0.92511
00026.jpg 174 230 263 228 0.92436
00026.jpg 617 40 35 95 0.92392
00026.jpg 890 84 59 150 0.92388
00026.jpg 889 84 55 104 0.92376
00026.jpg 169 238 242 230 0.92275
00026.jpg 895 76 52 116 0.92024
00026.jpg 309 170 233 198 0.91711
00026.jpg 617 34 34 105 0.91406
00026.jpg 172 240 244 235 0.91371
00026.jpg 785 16 22 22 0.91165
00026.jpg 185 228 240 248 0.90872
00026.jpg 181 214 255 238 0.90849
00026.jpg 620 35 33 102 0.90734
00026.jpg 728 13 24 26 0.90357
00026.jpg 174 244 236 228 0.90276
00026.jpg 893 83 51 111 0.89912
00026.jpg 387 157 162 178 0.89904
00026.jpg 180 236 231 243 0.89855
00026.jpg 894 77 53 107 0.89736
00026.jpg 891 81 50 109 0.89300
00026.jpg 172 235 280 222 0.89264
00026.jpg 724 12 29 29 0.89055
00026.jpg 373 155 181 174 0.89054
00026.jpg 383 160 169 175 0.88789
00026.jpg 787 18 19 22 0.88756
00026.jpg 308 166 241 201 0.88513
00026.jpg 896 85 52 108 0.87791
00026.jpg 619 38 32 100 0.87744
00026.jpg 760 12 17 27 0.87728
00026.jpg 760 13 22 25 0.87653
00026.jpg 158 238 288 234 0.87637
00026.jpg 892 79 56 115 0.87467
00026.jpg 169 239 241 226 0.87366
00026.jpg 344 154 206 207 0.87216
00026.jpg 890 82 56 107 0.87035
00026.jpg 761 13 24 27 0.86964
00026.jpg 365 153 181 192 0.86936
00026.jpg 729 10 22 24 0.86773
00026.jpg 349 156 199 192 0.86673
00026.jpg 359 148 196 217 0.86515
00026.jpg 188 229 269 227 0.86488
00026.jpg 732 11 21 24 0.86349
00026.jpg 163 225 270 254 0.86195
00026.jpg 248 16 22 33 0.86046
00026.jpg 371 152 179 198 0.86028
00026.jpg 892 85 51 104 0.85994
00026.jpg 618 32 33 106 0.85650
00026.jpg 728 13 31 22 0.85514
00026.jpg 164 235 251 226 0.85447
00026.jpg 892 81 53 113 0.85400
00026.jpg 172 248 245 221 0.85357
00026.jpg 896 78 44 112 0.85291
00026.jpg 178 236 226 243 0.85280
00026.jpg 178 247 233 227 0.85269
00026.jpg 759 11 23 28 0.85087
00026.jpg 176 235 235 239 0.84928
00026.jpg 380 153 176 189 0.84707
00026.jpg 175 245 240 220 0.84609
00026.jpg 808 16 18 26 0.84452
00026.jpg 811 17 19 28 0.84452
00026.jpg 809 18 23 22 0.84345
00026.jpg 309 165 251 217 0.84335
00026.jpg 892 85 47 106 0.84222
00026.jpg 373 151 181 179 0.83810
00026.jpg 621 32 31 103 0.83455
00026.jpg 762 15 24 22 0.83455
00026.jpg 339 145 226 220 0.83262
00026.jpg 286 15 16 17 0.83155
00026.jpg 327 157 212 201 0.82915
00026.jpg 285 15 15 18 0.82568
00026.jpg 317 170 245 186 0.82554
00026.jpg 728 11 31 29 0.82449
00026.jpg 167 21 23 19 0.82319
00026.jpg 322 156 238 209 0.82013
00026.jpg 355 17 18 16 0.81946
00026.jpg 893 82 56 103 0.81746
00026.jpg 729 12 29 30 0.81697
00026.jpg 284 11 21 25 0.81562
00026.jpg 175 239 239 239 0.81443
00026.jpg 180 225 284 242 0.81329
00026.jpg 786 18 16 25 0.81075
00026.jpg 294 172 247 213 0.80867
00026.jpg 382 151 165 180 0.80498
00026.jpg 177 240 244 224 0.80483
00026.jpg 314 163 238 186 0.80405
00026.jpg 760 12 24 28 0.79970
00026.jpg 891 80 56 109 0.79934
00026.jpg 616 33 37 102 0.79778
00026.jpg 337 168 196 175 0.79746
00026.jpg 618 34 32 103 0.79718
00026.jpg 894 79 53 109 0.79714
00026.jpg 618 33 37 102 0.79712
00026.jpg 196 180 328 253 0.79552
00026.jpg 810 17 19 24 0.79494
00026.jpg 353 156 194 188 0.79469
00026.jpg 724 10 29 29 0.79413
00026.jpg 378 158 171 194 0.79343
00026.jpg 302 190 218 191 0.79340
00026.jpg 170 240 250 239 0.79252
00026.jpg 784 16 20 26 0.79186
00026.jpg 790 18 18 21 0.79168
00026.jpg 788 17 17 24 0.79125
00026.jpg 167 226 263 250 0.79099
00026.jpg 251 18 18 23 0.78991
00026.jpg 327 160 229 210 0.78925
00026.jpg 735 11 20 23 0.78862
00026.jpg 785 20 22 21 0.78708
00026.jpg 341 181 187 180 0.78607
00026.jpg 356 155 182 169 0.78409
00026.jpg 383 153 171 165 0.78330
00026.jpg 307 147 245 242 0.78260
00026.jpg 808 16 22 28 0.78138
00026.jpg 891 82 53 108 0.78010
00026.jpg 785 18 18 21 0.77825
00026.jpg 322 191 204 170 0.77749
00026.jpg 354 16 21 18 0.77745
00026.jpg 767 12 18 23 0.77592
00026.jpg 896 82 53 105 0.77314
00026.jpg 249 15 22 27 0.77193
00026.jpg 316 170 222 198 0.77169
00026.jpg 356 152 196 209 0.76936
00026.jpg 356 12 19 23 0.76759
00026.jpg 329 148 219 215 0.76653
00026.jpg 319 17 25 17 0.76623
00026.jpg 758 13 24 25 0.76345
00026.jpg 337 169 190 190 0.76283
00026.jpg 173 244 280 223 0.76173
00026.jpg 726 14 30 22 0.76134
00026.jpg 248 18 16 22 0.76060
00026.jpg 346 152 206 210 0.75981
00026.jpg 807 15 25 27 0.75950
00026.jpg 761 14 21 25 0.75922
00026.jpg 893 94 49 185 0.75890
00026.jpg 893 83 58 124 0.75855
00026.jpg 378 157 180 180 0.75797
00026.jpg 357 149 198 202 0.75651
00026.jpg 336 173 194 172 0.75466
00026.jpg 895 84 41 174 0.75418
00026.jpg 809 17 18 30 0.75168
00026.jpg 324 13 17 19 0.74813
00026.jpg 294 143 270 246 0.74794
00026.jpg 807 17 22 25 0.74731
00026.jpg 784 14 23 26 0.74432
00026.jpg 247 14 20 33 0.74283
00026.jpg 364 152 179 204 0.74146
00026.jpg 759 14 19 22 0.74123
00026.jpg 330 142 232 223 0.73999
00026.jpg 893 81 53 113 0.73937
00026.jpg 374 161 166 184 0.73671
00026.jpg 317 157 250 219 0.73362
00026.jpg 285 15 18 22 0.73269
00026.jpg 358 17 17 16 0.73207
00026.jpg 617 30 36 113 0.73110
00026.jpg 369 150 175 193 0.72941
00026.jpg 305 178 243 193 0.72662
00026.jpg 726 11 34 26 0.72412
00026.jpg 170 215 265 258 0.72400
00026.jpg 343 163 212 186 0.72269
00026.jpg 173 241 216 238 0.72174
00026.jpg 345 148 200 217 0.72098
00026.jpg 308 210 206 162 0.72050
00026.jpg 320 191 206 173 0.72001
00026.jpg 245 16 26 37 0.71785
00026.jpg 722 13 33 25 0.71713
00026.jpg 199 211 330 204 0.71550
00026.jpg 805 16 24 26 0.71282
00026.jpg 171 243 245 219 0.71194
00026.jpg 169 226 272 241 0.71150
00026.jpg 384 154 169 153 0.70969
00026.jpg 399 149 152 177 0.70817
00026.jpg 761 12 18 29 0.70726
00026.jpg 172 241 264 219 0.70464
00026.jpg 810 18 23 24 0.70373
00026.jpg 759 12 25 27 0.70332
00026.jpg 248 17 18 36 0.70286
00026.jpg 378 157 164 167 0.70121
00026.jpg 302 154 257 223 0.69998
00026.jpg 356 155 199 176 0.69868
00026.jpg 725 12 32 24 0.69860
00026.jpg 320 18 18 16 0.69683
00026.jpg 321 14 16 18 0.69593
00026.jpg 174 240 265 221 0.69367
00026.jpg 787 19 16 21 0.69320
00026.jpg 893 86 52 107 0.69040
00026.jpg 618 37 29 96 0.68973
00026.jpg 896 80 52 115 0.68817
00026.jpg 360 138 196 231 0.68760
00026.jpg 356 16 24 19 0.68744
00026.jpg 284 14 22 24 0.68642
00026.jpg 614 34 39 104 0.68433
00026.jpg 307 194 206 181 0.68325
00026.jpg 319 14 26 24 0.68152
00026.jpg 725 9 30 31 0.68098
00026.jpg 321 155 210 229 0.67885
00026.jpg 333 157 214 212 0.67855
00026.jpg 287 196 243 184 0.67652
00026.jpg 168 242 255 227 0.67456
00026.jpg 372 142 174 222 0.67312
00026.jpg 316 164 220 211 0.67287
00026.jpg 727 10 22 24 0.67252
00026.jpg 324 17 18 17 0.66690
00026.jpg 294 185 244 197 0.66621
00026.jpg 386 156 169 156 0.66570
00026.jpg 176 231 245 227 0.66463
00026.jpg 353 13 25 23 0.66375
00026.jpg 355 14 23 21 0.66135
00026.jpg 728 15 29 23 0.66084
00026.jpg 370 158 182 177 0.66078
00026.jpg 185 218 220 252 0.65477
00026.jpg 274 171 277 222 0.65476
00026.jpg 297 190 245 172 0.65453
00026.jpg 726 13 22 27 0.65393
00026.jpg 337 192 171 179 0.64982
00026.jpg 294 206 233 166 0.64762
00026.jpg 249 19 20 37 0.64444
00026.jpg 177 214 269 252 0.64382
00026.jpg 252 15 19 32 0.64209
00026.jpg 317 13 24 20 0.63954
00026.jpg 378 158 174 178 0.63854
00026.jpg 149 225 328 248 0.63846
00026.jpg 353 179 162 176 0.63530
00026.jpg 285 15 15 22 0.63489
00026.jpg 306 148 236 229 0.63456
00026.jpg 814 17 15 24 0.63262
00026.jpg 898 79 50 109 0.63028
00026.jpg 164 235 291 209 0.62894
00026.jpg 621 32 34 105 0.62856
00026.jpg 283 13 19 25 0.62818
00026.jpg 888 77 56 147 0.62606
00026.jpg 389 158 156 167 0.62590
00026.jpg 314 206 197 161 0.61952
00026.jpg 306 176 221 200 0.61877
00026.jpg 359 156 177 153 0.61508
00026.jpg 733 12 22 26 0.61501
00026.jpg 890 83 51 108 0.61422
00026.jpg 341 178 219 182 0.60828
00026.jpg 163 229 284 247 0.60470
00026.jpg 290 13 16 23 0.60396
00026.jpg 763 16 17 25 0.60350
00026.jpg 617 35 33 99 0.60337
00026.jpg 380 149 174 172 0.60144
00026.jpg 318 201 191 174 0.60003
00026.jpg 787 18 17 23 0.59938
00026.jpg 345 146 212 215 0.59932
00026.jpg 811 18 22 27 0.59706
00026.jpg 893 86 44 101 0.59636
00026.jpg 255 18 15 24 0.59560
00026.jpg 896 77 51 113 0.59380
00026.jpg 385 156 168 191 0.59212
00026.jpg 351 159 210 190 0.59190
00026.jpg 364 160 192 134 0.58995
00026.jpg 808 18 23 26 0.58920
00026.jpg 613 37 33 102 0.58865
00026.jpg 364 162 193 151 0.58827
00026.jpg 229 165 345 256 0.58708
00026.jpg 163 19 24 25 0.58552
00026.jpg 310 204 191 160 0.58448
00026.jpg 371 153 180 168 0.58385
00026.jpg 353 14 16 19 0.58300
00026.jpg 289 210 227 158 0.58262
00026.jpg 727 12 22 26 0.58062
00026.jpg 785 16 22 23 0.57628
00026.jpg 765 11 16 29 0.57396
00026.jpg 323 16 25 19 0.57248
00026.jpg 896 80 47 153 0.56616
00026.jpg 307 155 234 216 0.56434
00026.jpg 762 12 17 28 0.56297
00026.jpg 616 33 39 101 0.56204
00026.jpg 247 18 20 31 0.56133
00026.jpg 756 12 26 30 0.56032
00026.jpg 786 20 19 25 0.55921
00026.jpg 253 176 271 234 0.55753
00026.jpg 784 17 23 25 0.55458
00026.jpg 808 15 23 22 0.55436
00026.jpg 174 239 237 239 0.55385
00026.jpg 318 18 25 18 0.55374
00026.jpg 169 226 287 247 0.55230
00026.jpg 381 151 179 182 0.55047
00026.jpg 309 159 263 215 0.55014
00026.jpg 893 67 46 223 0.54949
00026.jpg 285 13 21 23 0.54692
00026.jpg 303 216 194 159 0.54688
00026.jpg 286 14 22 22 0.54648
00026.jpg 327 17 18 18 0.54518
00026.jpg 272 189 272 184 0.54440
00026.jpg 313 159 233 195 0.54187
00026.jpg 247 18 18 38 0.53967
00026.jpg 313 204 206 166 0.53941
00026.jpg 888 77 60 178 0.53775
00026.jpg 894 85 55 105 0.53768
00026.jpg 312 206 184 170 0.53330
00026.jpg 187 194 331 257 0.53272
00026.jpg 812 19 17 26 0.53207
00026.jpg 881 75 61 203 0.53087
00026.jpg 249 19 16 28 0.53054
00026.jpg 289 15 16 19 0.53047
00026.jpg 353 17 17 19 0.52766
00026.jpg 889 75 59 208 0.52623
00026.jpg 726 11 30 25 0.52499
00026.jpg 292 201 227 156 0.52181
00026.jpg 303 150 236 228 0.52106
00026.jpg 350 163 205 194 0.51650
00026.jpg 244 155 309 267 0.51619
00026.jpg 622 36 33 96 0.51519
00026.jpg 723 11 32 27 0.51145
00026.jpg 399 156 153 176 0.50811
00026.jpg 327 203 169 168 0.50798
00026.jpg 886 66 61 220 0.50553
00026.jpg 299 183 238 198 0.50467
00026.jpg 183 246 228 223 0.50240
00026.jpg 728 11 32 29 0.50200
00026.jpg 162 24 21 17 0.49990
00026.jpg 810 17 16 24 0.49986
