00034.jpg 616 33 34 103 0.99875
00034.jpg 619 35 32 100 0.99626
00034.jpg 618 34 37 102 0.99378
00034.jpg 620 31 33 106 0.99363
00034.jpg 892 82 56 108 0.99219
00034.jpg 617 37 34 96 0.99213
00034.jpg 887 82 58 107 0.99138
00034.jpg 200 206 240 267 0.99096
00034.jpg 198 217 253 243 0.99000
00034.jpg 890 87 55 103 0.98984
00034.jpg 190 204 247 270 0.98964
00034.jpg 185 209 258 258 0.98948
00034.jpg 194 213 231 261 0.98932
00034.jpg 190 208 246 263 0.98866
00034.jpg 192 209 261 261 0.98865
00034.jpg 617 35 31 98 0.98726
00034.jpg 892 86 54 101 0.98718
00034.jpg 892 79 49 109 0.98633
00034.jpg 894 82 52 106 0.98610
00034.jpg 174 224 271 239 0.98350
00034.jpg 890 86 57 100 0.98341
00034.jpg 185 204 274 257 0.98338
00034.jpg 893 83 52 109 0.98251
00034.jpg 618 30 32 106 0.98138
00034.jpg 350 138 199 218 0.98065
00034.jpg 175 215 267 255 0.98059
00034.jpg 894 80 49 110 0.98030
00034.jpg 192 192 250 280 0.97999
00034.jpg 204 203 243 261 0.97838
00034.jpg 200 203 234 263 0.97803
00034.jpg 895 85 51 103 0.97768
00034.jpg 893 79 53 112 0.97745
00034.jpg 893 83 50 105 0.97728
00034.jpg 192 202 239 275 0.97577
00034.jpg 620 31 31 103 0.97455
00034.jpg 193 197 231 282 0.97416
00034.jpg 619 30 32 105 0.97408
00034.jpg 618 33 32 103 0.97354
00034.jpg 198 213 243 256 0.97326
00034.jpg 890 85 55 103 0.97199
00034.jpg 894 77 52 111 0.96895
00034.jpg 189 212 253 256 0.96874
00034.jpg 194 219 229 251 0.96854
00034.jpg 893 83 51 102 0.96829
00034.jpg 193 224 232 255 0.96664
00034.jpg 194 203 254 272 0.96542
00034.jpg 188 218 242 256 0.96433
00034.jpg 201 208 248 264 0.96111
00034.jpg 892 84 53 104 0.95950
00034.jpg 619 34 33 99 0.95934
00034.jpg 895 84 50 105 0.95849
00034.jpg 193 210 252 259 0.95753
00034.jpg 189 206 230 258 0.95752
00034.jpg 196 221 227 247 0.95702
00034.jpg 194 216 257 255 0.95526
00034.jpg 727 13 32 27 0.95334
00034.jpg 618 35 35 97 0.95288
00034.jpg 617 32 35 101 0.95283
00034.jpg 339 153 211 204 0.95164
00034.jpg 184 201 256 268 0.95016
00034.jpg 619 33 36 101 0.94947
00034.jpg 891 84 53 104 0.94919
00034.jpg 762 13 18 26 0.94791
00034.jpg 617 35 32 99 0.94489
00034.jpg 617 36 35 97 0.94434
00034.jpg 892 83 53 102 0.94359
00034.jpg 811 16 19 27 0.94231
00034.jpg 805 15 25 30 0.94204
00034.jpg 619 32 33 104 0.94165
00034.jpg 193 201 249 280 0.93928
00034.jpg 193 207 244 280 0.93677
00034.jpg 196 235 232 233 0.93622
00034.jpg 891 81 52 108 0.93531
00034.jpg 809 16 18 27 0.93493
00034.jpg 190 215 243 252 0.93275
00034.jpg 190 234 232 235 0.93122
00034.jpg 620 33 32 101 0.92988
00034.jpg 615 34 37 99 0.92897
00034.jpg 187 221 242 255 0.92890
00034.jpg 892 81 49 111 0.92857
00034.jpg 765 14 18 25 0.92805
00034.jpg 344 148 206 213 0.92748
00034.jpg 889 84 56 103 0.92736
00034.jpg 724 12 31 27 0.92712
00034.jpg 616 35 37 96 0.92633
00034.jpg 352 153 197 213 0.92555
00034.jpg 617 40 35 95 0.92397
00034.jpg 195 202 238 275 0.92392
00034.jpg 347 140 201 236 0.92132
00034.jpg 361 144 181 215 0.92080
00034.jpg 186 220 244 248 0.91856
00034.jpg 893 84 55 109 0.91689
00034.jpg 188 201 278 260 0.91631
00034.jpg 616 33 34 104 0.91411
00034.jpg 893 84 47 104 0.91215
00034.jpg 187 215 245 243 0.91048
00034.jpg 893 79 54 107 0.90694
00034.jpg 730 15 26 24 0.90589
00034.jpg 204 202 237 258 0.90515
00034.jpg 193 221 227 252 0.90417
00034.jpg 724 10 34 28 0.90265
00034.jpg 192 222 240 252 0.90221
00034.jpg 888 86 59 104 0.90168
00034.jpg 726 11 33 30 0.90149
00034.jpg 893 81 48 107 0.90082
00034.jpg 892 82 52 110 0.89786
00034.jpg 724 13 29 28 0.89589
00034.jpg 172 210 297 242 0.89171
00034.jpg 365 150 177 215 0.88973
00034.jpg 194 224 234 239 0.88678
00034.jpg 760 13 18 27 0.88674
00034.jpg 196 211 253 261 0.88486
00034.jpg 191 204 248 257 0.88174
00034.jpg 732 11 21 24 0.88104
00034.jpg 357 147 198 200 0.88045
00034.jpg 787 18 19 22 0.87956
00034.jpg 201 206 249 262 0.87467
00034.jpg 891 83 57 108 0.87333
00034.jpg 617 35 35 98 0.87170
00034.jpg 888 82 59 104 0.87154
00034.jpg 194 220 233 264 0.87018
00034.jpg 729 10 22 24 0.86990
00034.jpg 284 11 22 25 0.86872
00034.jpg 361 155 192 196 0.86860
00034.jpg 286 15 17 17 0.86768
00034.jpg 893 81 57 108 0.86757
00034.jpg 761 13 24 26 0.86740
00034.jpg 894 81 55 106 0.86695
00034.jpg 335 160 231 206 0.86097
00034.jpg 893 81 52 113 0.86003
00034.jpg 187 228 247 241 0.86001
00034.jpg 210 207 207 264 0.85950
00034.jpg 892 83 55 106 0.85759
00034.jpg 784 19 22 22 0.85587
00034.jpg 189 202 243 274 0.85580
00034.jpg 892 79 50 118 0.85439
00034.jpg 759 11 23 27 0.85320
00034.jpg 809 18 23 22 0.85224
00034.jpg 762 15 24 22 0.84744
00034.jpg 891 87 60 144 0.84354
00034.jpg 811 17 19 28 0.84261
00034.jpg 350 148 195 216 0.84147
00034.jpg 358 157 191 201 0.84118
00034.jpg 185 220 302 254 0.84116
00034.jpg 355 17 17 16 0.83995
00034.jpg 164 21 16 18 0.83767
00034.jpg 618 32 33 105 0.83731
00034.jpg 728 11 31 28 0.83461
00034.jpg 352 154 197 194 0.82998
00034.jpg 361 152 189 198 0.82794
00034.jpg 722 11 31 26 0.82707
00034.jpg 342 145 210 228 0.82583
00034.jpg 621 32 31 103 0.82534
00034.jpg 728 12 30 22 0.82498
00034.jpg 349 159 199 202 0.82468
00034.jpg 340 142 207 226 0.82406
00034.jpg 250 17 18 23 0.82044
00034.jpg 723 9 31 30 0.82003
00034.jpg 248 14 22 27 0.81818
00034.jpg 786 17 21 23 0.81767
00034.jpg 786 18 16 24 0.81518
00034.jpg 359 159 187 205 0.81419
00034.jpg 810 17 20 24 0.81322
00034.jpg 809 15 23 28 0.81211
00034.jpg 788 17 17 24 0.81206
00034.jpg 190 179 266 281 0.81195
00034.jpg 887 84 58 126 0.81082
00034.jpg 343 162 195 213 0.81053
00034.jpg 729 12 29 29 0.80771
00034.jpg 252 17 16 19 0.80754
00034.jpg 346 161 196 207 0.80436
00034.jpg 617 31 36 105 0.80392
00034.jpg 760 12 24 28 0.80379
00034.jpg 372 152 180 200 0.80028
00034.jpg 357 153 198 213 0.79772
00034.jpg 349 156 195 214 0.79748
00034.jpg 897 85 53 147 0.79694
00034.jpg 890 84 53 102 0.79322
00034.jpg 617 33 35 103 0.79307
00034.jpg 340 153 211 210 0.79265
00034.jpg 617 34 33 103 0.79240
00034.jpg 727 12 31 26 0.79089
00034.jpg 784 17 20 26 0.78980
00034.jpg 895 80 52 113 0.78868
00034.jpg 726 14 30 22 0.78658
00034.jpg 342 157 204 217 0.78602
00034.jpg 191 193 261 273 0.78538
00034.jpg 891 81 55 113 0.78402
00034.jpg 358 154 189 207 0.78387
00034.jpg 790 18 17 21 0.78378
00034.jpg 374 156 180 181 0.78136
00034.jpg 164 21 22 19 0.77996
00034.jpg 767 12 18 23 0.77912
00034.jpg 785 20 22 21 0.77868
00034.jpg 195 237 251 224 0.77831
00034.jpg 353 152 203 213 0.77818
00034.jpg 181 204 269 272 0.77808
00034.jpg 893 80 53 127 0.77685
00034.jpg 319 17 25 17 0.77657
00034.jpg 249 16 19 32 0.77620
00034.jpg 188 214 237 272 0.77491
00034.jpg 618 33 37 102 0.77435
00034.jpg 356 12 17 23 0.77370
00034.jpg 758 13 24 25 0.77367
00034.jpg 359 174 169 192 0.77296
00034.jpg 807 14 25 27 0.77226
00034.jpg 353 151 192 206 0.77204
00034.jpg 761 15 21 25 0.76772
00034.jpg 354 16 21 17 0.76732
00034.jpg 891 82 53 111 0.76711
00034.jpg 616 33 37 102 0.76462
00034.jpg 378 150 174 180 0.76316
00034.jpg 190 229 235 241 0.76290
00034.jpg 735 11 20 23 0.75827
00034.jpg 247 15 18 34 0.75734
00034.jpg 320 17 18 16 0.75559
00034.jpg 238 160 315 251 0.75551
00034.jpg 759 14 20 22 0.75539
00034.jpg 352 159 189 214 0.75425
00034.jpg 765 16 16 23 0.75029
00034.jpg 252 16 16 29 0.74948
00034.jpg 353 162 179 202 0.74782
00034.jpg 619 33 34 105 0.74770
00034.jpg 394 18 15 17 0.74749
00034.jpg 360 149 189 204 0.74607
00034.jpg 348 158 199 206 0.74458
00034.jpg 248 18 17 23 0.74071
00034.jpg 807 17 22 25 0.73762
00034.jpg 331 150 236 244 0.73733
00034.jpg 255 17 16 20 0.73657
00034.jpg 324 13 17 19 0.73531
00034.jpg 357 155 194 190 0.73256
00034.jpg 359 17 17 16 0.73106
00034.jpg 341 161 205 211 0.73091
00034.jpg 185 220 240 254 0.72993
00034.jpg 321 14 16 19 0.72913
00034.jpg 356 157 178 209 0.72905
00034.jpg 191 196 262 268 0.72592
00034.jpg 890 82 50 114 0.72305
00034.jpg 341 158 198 211 0.72284
00034.jpg 809 17 18 29 0.72094
00034.jpg 353 156 196 207 0.72036
00034.jpg 333 162 210 212 0.71704
00034.jpg 352 162 185 190 0.71599
00034.jpg 374 167 175 126 0.71594
00034.jpg 191 209 228 253 0.71513
00034.jpg 346 150 204 216 0.71466
00034.jpg 805 16 24 26 0.71259
00034.jpg 787 18 16 21 0.71195
00034.jpg 284 15 15 18 0.70899
00034.jpg 195 210 210 266 0.70853
00034.jpg 761 12 18 29 0.70704
00034.jpg 160 215 301 253 0.70581
00034.jpg 351 154 186 202 0.70532
00034.jpg 288 13 15 24 0.70527
00034.jpg 759 12 25 27 0.70432
00034.jpg 355 167 195 183 0.70374
00034.jpg 251 21 17 25 0.70333
00034.jpg 319 14 25 24 0.70167
00034.jpg 328 167 201 200 0.70081
00034.jpg 284 13 22 24 0.70043
00034.jpg 283 13 20 25 0.69903
00034.jpg 367 155 188 181 0.69855
00034.jpg 725 10 30 30 0.69835
00034.jpg 342 176 182 187 0.69063
00034.jpg 251 14 20 32 0.68750
00034.jpg 188 227 255 237 0.68577
00034.jpg 726 10 22 24 0.68331
00034.jpg 355 164 201 175 0.68306
00034.jpg 726 13 22 27 0.68122
00034.jpg 354 14 17 22 0.68075
00034.jpg 338 153 207 214 0.67995
00034.jpg 614 33 40 104 0.67907
00034.jpg 894 96 46 176 0.67890
00034.jpg 356 16 23 18 0.67884
00034.jpg 354 157 194 207 0.67645
00034.jpg 324 17 17 17 0.67606
00034.jpg 335 155 209 192 0.67471
00034.jpg 317 13 24 20 0.67440
00034.jpg 352 149 190 212 0.66999
00034.jpg 366 140 181 225 0.66941
00034.jpg 195 207 250 271 0.66919
00034.jpg 814 17 16 24 0.66739
00034.jpg 348 156 189 213 0.66701
00034.jpg 353 13 24 23 0.66657
00034.jpg 249 16 18 36 0.66458
00034.jpg 187 210 242 271 0.66448
00034.jpg 894 86 43 167 0.66177
00034.jpg 376 150 176 158 0.66111
00034.jpg 728 15 29 23 0.65853
00034.jpg 250 17 20 22 0.65792
00034.jpg 363 169 188 139 0.65785
00034.jpg 200 222 220 257 0.65633
00034.jpg 620 35 32 102 0.65409
00034.jpg 373 162 172 177 0.65106
00034.jpg 723 13 34 26 0.64968
00034.jpg 338 167 209 207 0.64749
00034.jpg 342 163 198 218 0.64668
00034.jpg 895 78 49 135 0.64240
00034.jpg 372 157 178 156 0.64066
00034.jpg 365 159 169 178 0.63767
00034.jpg 892 80 57 112 0.63764
00034.jpg 357 163 194 137 0.63682
00034.jpg 255 17 15 24 0.63635
00034.jpg 377 151 175 175 0.63345
00034.jpg 352 153 196 209 0.63247
00034.jpg 892 84 47 103 0.63047
00034.jpg 373 152 188 180 0.62398
00034.jpg 359 153 183 210 0.62227
00034.jpg 289 15 16 18 0.62203
00034.jpg 362 163 160 195 0.62194
00034.jpg 894 84 55 107 0.62020
00034.jpg 401 156 144 91 0.62000
00034.jpg 359 12 17 22 0.61981
00034.jpg 617 35 33 100 0.61611
00034.jpg 339 164 183 205 0.61431
00034.jpg 289 13 17 23 0.61405
00034.jpg 621 31 34 105 0.61348
00034.jpg 763 16 17 24 0.61177
00034.jpg 365 150 189 187 0.61126
00034.jpg 353 13 16 19 0.61115
00034.jpg 726 12 22 26 0.60687
00034.jpg 355 156 183 211 0.60677
00034.jpg 349 179 185 185 0.60630
00034.jpg 182 212 255 266 0.59941
00034.jpg 362 161 179 191 0.59820
00034.jpg 361 178 187 186 0.59796
00034.jpg 361 159 181 203 0.59720
00034.jpg 249 18 20 37 0.59655
00034.jpg 319 18 25 18 0.59334
00034.jpg 785 16 22 23 0.59327
00034.jpg 891 84 51 108 0.59313
00034.jpg 787 18 17 23 0.59221
00034.jpg 284 14 16 22 0.59035
00034.jpg 733 12 22 26 0.58722
00034.jpg 810 18 22 27 0.58575
00034.jpg 197 244 225 213 0.58565
00034.jpg 251 162 275 251 0.58541
00034.jpg 892 81 51 106 0.58297
00034.jpg 354 157 191 216 0.58199
00034.jpg 227 179 278 251 0.58070
00034.jpg 320 157 217 239 0.57753
00034.jpg 808 15 23 22 0.57685
00034.jpg 248 15 23 35 0.57320
00034.jpg 884 83 65 112 0.57213
00034.jpg 163 18 24 25 0.57201
00034.jpg 352 155 201 182 0.56991
00034.jpg 286 13 21 23 0.56803
00034.jpg 756 12 25 29 0.56769
00034.jpg 891 81 57 128 0.56542
00034.jpg 374 148 177 228 0.56414
00034.jpg 894 78 56 116 0.56341
00034.jpg 286 14 22 22 0.56329
00034.jpg 353 18 17 18 0.56133
00034.jpg 183 192 300 282 0.56058
00034.jpg 330 154 231 186 0.56048
00034.jpg 340 161 203 215 0.56005
00034.jpg 786 20 19 24 0.55894
00034.jpg 367 173 157 198 0.55779
00034.jpg 893 101 53 172 0.55745
00034.jpg 784 17 23 25 0.55717
00034.jpg 809 18 23 24 0.55471
00034.jpg 188 213 218 257 0.55323
00034.jpg 886 80 63 156 0.54808
00034.jpg 762 12 17 28 0.54483
00034.jpg 726 11 30 25 0.54420
00034.jpg 808 18 23 26 0.54341
00034.jpg 251 14 20 34 0.54226
00034.jpg 807 16 18 27 0.54200
00034.jpg 353 153 200 201 0.54176
00034.jpg 371 153 189 175 0.54107
00034.jpg 322 16 25 19 0.53879
00034.jpg 336 168 205 192 0.53796
00034.jpg 368 162 187 162 0.53130
00034.jpg 286 162 264 176 0.52880
00034.jpg 370 172 163 186 0.52802
00034.jpg 616 32 37 104 0.51575
00034.jpg 369 158 177 205 0.51498
00034.jpg 190 171 318 288 0.51452
00034.jpg 412 153 122 99 0.51231
00034.jpg 162 24 21 16 0.51162
00034.jpg 364 170 195 179 0.51055
00034.jpg 806 17 26 25 0.50987
00034.jpg 402 154 148 144 0.50942
00034.jpg 725 13 22 26 0.50890
00034.jpg 167 21 22 19 0.50837
00034.jpg 379 163 139 203 0.50786
00034.jpg 319 169 217 211 0.50761
00034.jpg 331 176 199 197 0.50744
00034.jpg 759 19 19 21 0.50679
00034.jpg 188 215 240 242 0.50459
00034.jpg 369 156 181 115 0.50257
00034.jpg 727 11 32 28 0.50077
00034.jpg 784 15 22 24 0.50015
00034.jpg 317 13 25 24 0.50006
