00004.jpg 295 139 94 284 0.99962
00004.jpg 296 126 92 295 0.99960
00004.jpg 297 127 96 294 0.99950
00004.jpg 85 150 128 319 0.99949
00004.jpg 295 130 86 298 0.99943
00004.jpg 434 120 259 366 0.99943
00004.jpg 73 150 136 319 0.99943
00004.jpg 437 134 259 337 0.99924
00004.jpg 424 119 282 368 0.99919
00004.jpg 850 176 71 177 0.99916
00004.jpg 78 150 135 321 0.99913
00004.jpg 436 108 257 398 0.99913
00004.jpg 84 157 121 319 0.99908
00004.jpg 298 141 92 273 0.99890
00004.jpg 432 124 254 371 0.99888
00004.jpg 422 123 262 367 0.99877
00004.jpg 80 150 121 326 0.99875
00004.jpg 297 127 88 297 0.99872
00004.jpg 295 130 96 296 0.99866
00004.jpg 74 154 137 319 0.99864
00004.jpg 431 129 265 356 0.99861
00004.jpg 302 140 85 279 0.99852
00004.jpg 299 130 88 296 0.99832
00004.jpg 434 125 265 370 0.99828
00004.jpg 77 152 135 315 0.99823
00004.jpg 434 121 254 378 0.99815
00004.jpg 848 175 78 176 0.99814
00004.jpg 432 124 273 361 0.99812
00004.jpg 77 145 130 329 0.99797
00004.jpg 429 126 262 358 0.99794
00004.jpg 78 152 130 323 0.99793
00004.jpg 844 173 83 177 0.99791
00004.jpg 299 133 90 293 0.99786
00004.jpg 81 151 127 325 0.99783
00004.jpg 843 171 88 179 0.99782
00004.jpg 298 134 88 291 0.99778
00004.jpg 705 171 80 199 0.99770
00004.jpg 293 130 101 296 0.99770
00004.jpg 80 160 126 313 0.99770
00004.jpg 704 168 84 207 0.99752
00004.jpg 82 145 130 332 0.99745
00004.jpg 702 172 88 210 0.99734
00004.jpg 705 170 80 203 0.99734
00004.jpg 424 115 270 363 0.99733
00004.jpg 436 123 262 370 0.99731
00004.jpg 292 140 99 278 0.99731
00004.jpg 434 120 252 351 0.99696
00004.jpg 849 174 79 169 0.99696
00004.jpg 289 126 100 296 0.99683
00004.jpg 294 131 91 288 0.99681
00004.jpg 851 171 74 185 0.99674
00004.jpg 439 126 263 352 0.99648
00004.jpg 436 132 261 359 0.99638
00004.jpg 845 172 86 176 0.99637
00004.jpg 85 150 129 317 0.99626
00004.jpg 705 170 86 206 0.99619
00004.jpg 434 132 272 354 0.99614
00004.jpg 706 174 77 201 0.99609
00004.jpg 74 156 136 311 0.99606
00004.jpg 293 135 94 290 0.99603
00004.jpg 433 128 243 354 0.99589
00004.jpg 81 153 129 327 0.99563
00004.jpg 78 153 128 319 0.99562
00004.jpg 849 176 81 174 0.99544
00004.jpg 293 130 97 289 0.99537
00004.jpg 849 181 79 170 0.99537
00004.jpg 848 178 77 173 0.99526
00004.jpg 438 125 264 349 0.99516
00004.jpg 848 176 80 174 0.99508
00004.jpg 81 153 131 320 0.99477
00004.jpg 429 127 269 331 0.99475
00004.jpg 77 158 132 310 0.99475
00004.jpg 434 125 260 367 0.99470
00004.jpg 294 133 93 286 0.99468
00004.jpg 438 123 249 370 0.99458
00004.jpg 425 115 275 370 0.99456
00004.jpg 707 168 79 209 0.99432
00004.jpg 300 133 82 282 0.99417
00004.jpg 432 134 260 347 0.99405
00004.jpg 698 171 88 209 0.99344
00004.jpg 713 170 73 208 0.99333
00004.jpg 702 170 80 206 0.99330
00004.jpg 428 127 263 366 0.99314
00004.jpg 848 172 78 181 0.99311
00004.jpg 80 155 125 308 0.99303
00004.jpg 917 180 40 152 0.99294
00004.jpg 708 172 82 206 0.99289
00004.jpg 81 159 128 308 0.99289
00004.jpg 294 135 89 286 0.99287
00004.jpg 848 175 76 175 0.99284
00004.jpg 88 154 113 309 0.99280
00004.jpg 845 169 79 190 0.99267
00004.jpg 429 120 272 358 0.99226
00004.jpg 427 128 277 361 0.99219
00004.jpg 443 114 258 382 0.99218
00004.jpg 844 176 86 171 0.99215
00004.jpg 705 175 86 203 0.99209
00004.jpg 78 147 134 325 0.99199
00004.jpg 710 178 78 195 0.99197
00004.jpg 72 157 144 315 0.99196
00004.jpg 434 134 254 358 0.99180
00004.jpg 75 145 131 325 0.99169
00004.jpg 705 177 86 196 0.99159
00004.jpg 423 127 277 363 0.99145
00004.jpg 298 133 91 290 0.99126
00004.jpg 295 136 86 281 0.99078
00004.jpg 705 159 82 219 0.99033
00004.jpg 443 131 251 355 0.99010
00004.jpg 296 131 91 292 0.98984
00004.jpg 846 172 81 181 0.98972
00004.jpg 703 172 85 205 0.98964
00004.jpg 74 151 141 325 0.98960
00004.jpg 914 181 45 146 0.98952
00004.jpg 703 168 83 209 0.98947
00004.jpg 430 127 258 361 0.98944
00004.jpg 704 175 82 203 0.98927
00004.jpg 702 162 81 221 0.98923
00004.jpg 851 168 80 181 0.98920
00004.jpg 847 173 81 174 0.98920
00004.jpg 713 171 70 209 0.98917
00004.jpg 849 173 73 180 0.98907
00004.jpg 912 181 47 153 0.98895
00004.jpg 851 172 72 183 0.98794
00004.jpg 425 131 263 369 0.98754
00004.jpg 849 173 79 177 0.98742
00004.jpg 3 190 33 222 0.98716
00004.jpg 299 126 85 298 0.98704
00004.jpg 704 164 77 214 0.98672
00004.jpg 848 171 79 190 0.98670
00004.jpg 293 131 90 295 0.98615
00004.jpg 705 177 79 204 0.98614
00004.jpg 80 146 126 327 0.98603
00004.jpg 437 124 245 367 0.98590
00004.jpg 708 172 82 208 0.98586
00004.jpg 850 175 76 177 0.98563
00004.jpg 85 148 126 326 0.98560
00004.jpg 703 172 80 209 0.98540
00004.jpg 297 137 91 279 0.98463
00004.jpg 86 157 122 323 0.98436
00004.jpg 703 171 84 204 0.98433
00004.jpg 441 127 265 355 0.98333
00004.jpg 706 177 85 204 0.98309
00004.jpg 76 150 138 316 0.98243
00004.jpg 914 179 45 148 0.98235
00004.jpg 293 135 93 287 0.98216
00004.jpg 431 131 255 354 0.98213
00004.jpg 852 175 74 174 0.98189
00004.jpg 912 176 47 154 0.98185
00004.jpg 0 197 37 211 0.98183
00004.jpg 843 173 84 176 0.98147
00004.jpg 704 166 81 211 0.98119
00004.jpg 852 171 78 179 0.98069
00004.jpg 435 143 259 349 0.98017
00004.jpg 74 156 135 317 0.98005
00004.jpg 848 177 80 176 0.97991
00004.jpg 437 133 252 359 0.97985
00004.jpg 430 131 261 360 0.97981
00004.jpg 442 129 247 359 0.97951
00004.jpg 294 131 93 297 0.97859
00004.jpg 913 176 46 154 0.97841
00004.jpg 705 179 82 203 0.97810
00004.jpg 844 178 77 173 0.97784
00004.jpg 841 175 83 177 0.97706
00004.jpg 85 145 127 321 0.97687
00004.jpg 706 172 79 217 0.97685
00004.jpg 706 175 79 199 0.97682
00004.jpg 431 138 253 336 0.97682
00004.jpg 844 173 82 173 0.97627
00004.jpg 844 177 85 171 0.97625
00004.jpg 711 173 76 203 0.97596
00004.jpg 910 180 49 150 0.97575
00004.jpg 295 135 96 285 0.97574
00004.jpg 709 176 81 201 0.97529
00004.jpg 80 159 131 311 0.97339
00004.jpg 844 171 84 177 0.97286
00004.jpg 914 176 45 152 0.97206
00004.jpg 81 151 126 315 0.97198
00004.jpg 82 153 128 320 0.97138
00004.jpg 708 160 75 221 0.97121
00004.jpg 440 122 235 361 0.97074
00004.jpg 0 191 38 220 0.97067
00004.jpg 708 171 81 210 0.96969
00004.jpg 1 191 37 223 0.96915
00004.jpg 848 176 76 181 0.96899
00004.jpg 83 148 127 329 0.96801
00004.jpg 296 139 86 280 0.96758
00004.jpg 705 168 88 209 0.96738
00004.jpg 914 175 45 155 0.96605
00004.jpg 297 135 87 292 0.96600
00004.jpg 76 148 142 308 0.96595
00004.jpg 439 117 244 372 0.96588
00004.jpg 913 173 46 155 0.96555
00004.jpg 847 181 82 176 0.96476
00004.jpg 708 173 77 203 0.96468
00004.jpg 847 176 76 177 0.96434
00004.jpg 916 178 43 151 0.96393
00004.jpg 912 180 47 143 0.96310
00004.jpg 447 122 233 365 0.96300
00004.jpg 2 194 36 217 0.96255
00004.jpg 75 164 135 296 0.96161
00004.jpg 850 166 75 187 0.96082
00004.jpg 438 125 249 375 0.96080
00004.jpg 846 173 83 179 0.96010
00004.jpg 432 125 261 365 0.96009
00004.jpg 849 181 76 167 0.95968
00004.jpg 914 177 45 152 0.95948
00004.jpg 913 178 46 148 0.95848
00004.jpg 914 179 45 151 0.95835
00004.jpg 708 171 82 201 0.95732
00004.jpg 440 134 244 355 0.95622
00004.jpg 844 168 89 175 0.95584
00004.jpg 75 160 136 313 0.95543
00004.jpg 838 171 95 178 0.95280
00004.jpg 846 173 83 175 0.95096
00004.jpg 464 123 228 375 0.94969
00004.jpg 1 184 39 229 0.94852
00004.jpg 912 169 47 163 0.94806
00004.jpg 708 171 83 205 0.94716
00004.jpg 849 174 83 174 0.94707
00004.jpg 0 187 40 226 0.94522
00004.jpg 78 148 137 323 0.94330
00004.jpg 703 167 87 209 0.94330
00004.jpg 700 167 85 211 0.94312
00004.jpg 706 169 83 210 0.94156
00004.jpg 917 175 41 152 0.94137
00004.jpg 711 170 81 207 0.93970
00004.jpg 294 132 92 300 0.93790
00004.jpg 847 167 81 183 0.93753
00004.jpg 75 149 134 323 0.93611
00004.jpg 291 126 96 307 0.93447
00004.jpg 2 189 37 226 0.93311
00004.jpg 1 193 38 221 0.93016
00004.jpg 1 186 37 232 0.92912
00004.jpg 911 177 48 150 0.92812
00004.jpg 443 124 228 349 0.92651
00004.jpg 77 149 121 316 0.92642
00004.jpg 438 134 253 346 0.92503
00004.jpg 699 175 88 197 0.92424
00004.jpg 81 159 119 310 0.92360
00004.jpg 83 159 127 313 0.92146
00004.jpg 78 150 137 318 0.92060
00004.jpg 447 129 221 364 0.91597
00004.jpg 1 189 39 223 0.91288
00004.jpg 842 170 89 177 0.91207
00004.jpg 914 171 44 157 0.90748
00004.jpg 847 168 88 184 0.90510
00004.jpg 909 177 50 148 0.90300
00004.jpg 294 136 88 280 0.89758
00004.jpg 711 166 76 214 0.89460
00004.jpg 0 195 40 217 0.89085
00004.jpg 447 121 266 365 0.89053
00004.jpg 704 177 82 196 0.88723
00004.jpg 909 178 50 150 0.88660
00004.jpg 844 176 77 173 0.88570
00004.jpg 79 158 122 317 0.88554
00004.jpg 703 171 89 205 0.88546
00004.jpg 912 176 47 152 0.88493
00004.jpg 86 158 119 303 0.88330
00004.jpg 912 176 47 154 0.88221
00004.jpg 447 122 254 381 0.88201
00004.jpg 847 163 83 195 0.88124
00004.jpg 708 173 80 208 0.88010
00004.jpg 914 182 45 146 0.87806
00004.jpg 1 193 39 217 0.87769
00004.jpg 297 133 96 284 0.87687
00004.jpg 298 133 87 288 0.87635
00004.jpg 0 196 37 215 0.87552
00004.jpg 848 175 74 179 0.87529
00004.jpg 709 174 82 199 0.87392
00004.jpg 293 130 92 293 0.87260
00004.jpg 433 118 248 371 0.87186
00004.jpg 705 168 85 223 0.87135
00004.jpg 80 153 128 314 0.86751
00004.jpg 701 168 85 212 0.86587
00004.jpg 85 150 125 325 0.86528
00004.jpg 296 130 95 297 0.85764
00004.jpg 847 176 79 177 0.85199
00004.jpg 697 174 92 203 0.85190
00004.jpg 845 176 80 172 0.84601
00004.jpg 846 177 88 172 0.84512
00004.jpg 445 128 225 357 0.84281
00004.jpg 913 180 46 152 0.84053
00004.jpg 71 169 133 308 0.83944
00004.jpg 75 160 143 306 0.83583
00004.jpg 913 178 45 149 0.83262
00004.jpg 439 131 260 356 0.82882
00004.jpg 703 168 84 207 0.82483
00004.jpg 705 165 84 218 0.81772
00004.jpg 427 135 253 337 0.81429
00004.jpg 711 171 77 208 0.81071
00004.jpg 66 137 154 330 0.80949
00004.jpg 292 130 96 291 0.80819
00004.jpg 78 166 134 306 0.80555
00004.jpg 436 130 250 362 0.80179
00004.jpg 849 173 84 178 0.80121
00004.jpg 297 132 85 292 0.79650
00004.jpg 845 173 87 176 0.79581
00004.jpg 457 130 224 358 0.78990
00004.jpg 2 187 38 236 0.78545
00004.jpg 431 132 248 339 0.76900
00004.jpg 708 172 76 203 0.76754
00004.jpg 85 155 125 303 0.76718
00004.jpg 287 131 93 280 0.76582
00004.jpg 1 188 39 221 0.76409
00004.jpg 432 128 269 359 0.75601
00004.jpg 73 141 136 330 0.74927
00004.jpg 705 167 80 212 0.74347
00004.jpg 433 127 261 351 0.74266
00004.jpg 846 175 90 172 0.73937
00004.jpg 298 128 88 294 0.73457
00004.jpg 298 131 92 294 0.73443
00004.jpg 2 194 39 213 0.72854
00004.jpg 841 181 97 162 0.72605
00004.jpg 1 192 34 210 0.72088
00004.jpg 850 170 82 173 0.70787
00004.jpg 843 172 93 174 0.70574
00004.jpg 853 170 81 187 0.70263
00004.jpg 289 135 92 288 0.70217
00004.jpg 899 174 56 160 0.70078
00004.jpg 899 169 57 171 0.70078
00004.jpg 861 171 66 178 0.69776
00004.jpg 912 180 47 143 0.69310
00004.jpg 844 171 76 178 0.68944
00004.jpg 434 105 250 354 0.68159
00004.jpg 858 176 76 170 0.68058
00004.jpg 447 116 244 376 0.67696
00004.jpg 911 181 46 149 0.67333
00004.jpg 701 175 81 202 0.66142
00004.jpg 433 125 229 361 0.66004
00004.jpg 295 132 95 287 0.65923
00004.jpg 843 174 95 172 0.65669
00004.jpg 446 128 215 347 0.65596
00004.jpg 842 180 82 160 0.65146
00004.jpg 447 128 221 371 0.64803
00004.jpg 457 111 237 392 0.64731
00004.jpg 76 155 143 316 0.64231
00004.jpg 470 113 221 381 0.63812
00004.jpg 845 178 87 161 0.62459
00004.jpg 431 133 239 366 0.62146
00004.jpg 298 137 93 285 0.61887
00004.jpg 849 178 83 174 0.60660
00004.jpg 847 176 81 172 0.60543
00004.jpg 700 169 91 205 0.59315
00004.jpg 1 194 39 213 0.58583
00004.jpg 418 124 285 352 0.58245
00004.jpg 2 196 41 226 0.58098
00004.jpg 910 182 49 144 0.57610
00004.jpg 0 173 42 244 0.56062
00004.jpg 847 178 78 175 0.53169
00004.jpg 504 128 183 367 0.53075
00004.jpg 294 132 99 285 0.52654
00004.jpg 455 142 227 325 0.51972
00004.jpg 3 198 38 215 0.51624
00004.jpg 462 122 227 366 0.51596
00004.jpg 915 176 43 152 0.51418
00004.jpg 1 197 34 204 0.50434
00004.jpg 909 170 50 167 0.50017
