00003.jpg 288 136 93 282 0.99989
00003.jpg 290 141 94 276 0.99965
00003.jpg 69 154 132 318 0.99947
00003.jpg 437 122 267 360 0.99939
00003.jpg 293 132 89 275 0.99929
00003.jpg 71 156 123 311 0.99926
00003.jpg 288 130 89 290 0.99921
00003.jpg 841 166 77 186 0.99920
00003.jpg 451 134 255 353 0.99909
00003.jpg 76 154 122 320 0.99909
00003.jpg 698 172 88 210 0.99907
00003.jpg 440 114 266 392 0.99883
00003.jpg 447 129 259 349 0.99866
00003.jpg 433 110 270 371 0.99862
00003.jpg 444 123 257 359 0.99859
00003.jpg 440 126 254 358 0.99858
00003.jpg 75 150 129 324 0.99852
00003.jpg 428 116 266 369 0.99851
00003.jpg 288 129 100 296 0.99839
00003.jpg 292 125 84 299 0.99838
00003.jpg 837 173 82 175 0.99837
00003.jpg 287 133 92 288 0.99826
00003.jpg 703 168 82 205 0.99819
00003.jpg 700 170 81 199 0.99819
00003.jpg 71 150 125 327 0.99807
00003.jpg 448 123 253 366 0.99800
00003.jpg 295 133 83 291 0.99788
00003.jpg 70 154 130 306 0.99787
00003.jpg 843 170 72 180 0.99783
00003.jpg 435 127 260 364 0.99766
00003.jpg 290 131 91 290 0.99740
00003.jpg 441 121 266 370 0.99727
00003.jpg 432 130 263 354 0.99716
00003.jpg 76 158 124 312 0.99714
00003.jpg 294 137 88 283 0.99711
00003.jpg 289 136 92 281 0.99703
00003.jpg 441 131 263 342 0.99696
00003.jpg 72 154 127 313 0.99690
00003.jpg 73 151 125 315 0.99687
00003.jpg 844 174 77 180 0.99681
00003.jpg 438 133 264 353 0.99678
00003.jpg 69 150 135 324 0.99677
00003.jpg 841 162 80 183 0.99672
00003.jpg 445 124 241 364 0.99662
00003.jpg 837 177 84 167 0.99649
00003.jpg 74 161 124 298 0.99640
00003.jpg 448 123 259 371 0.99632
00003.jpg 75 149 117 321 0.99629
00003.jpg 440 140 252 345 0.99625
00003.jpg 292 134 88 283 0.99620
00003.jpg 72 151 131 319 0.99618
00003.jpg 74 149 126 335 0.99611
00003.jpg 703 171 79 203 0.99594
00003.jpg 841 172 77 179 0.99593
00003.jpg 79 160 125 311 0.99581
00003.jpg 291 133 90 283 0.99567
00003.jpg 293 133 88 284 0.99557
00003.jpg 427 126 286 366 0.99550
00003.jpg 704 172 79 202 0.99548
00003.jpg 696 173 89 206 0.99543
00003.jpg 286 130 97 290 0.99543
00003.jpg 448 131 252 334 0.99529
00003.jpg 843 176 79 172 0.99503
00003.jpg 75 156 122 316 0.99502
00003.jpg 845 175 76 177 0.99499
00003.jpg 422 128 292 353 0.99498
00003.jpg 71 149 130 325 0.99494
00003.jpg 841 167 82 181 0.99494
00003.jpg 441 129 251 355 0.99456
00003.jpg 433 124 275 372 0.99455
00003.jpg 284 134 101 286 0.99449
00003.jpg 0 199 34 228 0.99448
00003.jpg 292 131 93 287 0.99430
00003.jpg 80 156 117 313 0.99422
00003.jpg 841 173 78 171 0.99405
00003.jpg 438 123 265 353 0.99401
00003.jpg 434 120 267 368 0.99333
00003.jpg 703 171 82 202 0.99331
00003.jpg 838 168 86 182 0.99330
00003.jpg 701 167 87 208 0.99328
00003.jpg 839 174 84 173 0.99323
00003.jpg 446 117 266 378 0.99307
00003.jpg 839 173 84 179 0.99297
00003.jpg 446 122 259 350 0.99295
00003.jpg 911 175 47 153 0.99275
00003.jpg 698 168 90 206 0.99274
00003.jpg 846 168 74 180 0.99261
00003.jpg 0 202 33 219 0.99261
00003.jpg 846 173 77 180 0.99259
00003.jpg 439 133 265 366 0.99248
00003.jpg 845 168 73 189 0.99215
00003.jpg 845 175 75 176 0.99212
00003.jpg 848 170 72 185 0.99203
00003.jpg 78 150 113 316 0.99191
00003.jpg 909 173 50 153 0.99096
00003.jpg 844 174 78 181 0.99094
00003.jpg 842 173 76 178 0.99086
00003.jpg 442 118 248 374 0.99084
00003.jpg 840 174 79 179 0.99077
00003.jpg 704 169 76 211 0.99032
00003.jpg 703 169 79 207 0.99015
00003.jpg 842 177 80 173 0.98978
00003.jpg 442 129 260 371 0.98965
00003.jpg 914 169 42 161 0.98963
00003.jpg 840 170 82 170 0.98938
00003.jpg 699 174 83 201 0.98932
00003.jpg 699 179 86 200 0.98932
00003.jpg 843 164 79 189 0.98923
00003.jpg 842 173 76 177 0.98915
00003.jpg 440 125 258 371 0.98908
00003.jpg 913 177 46 146 0.98902
00003.jpg 439 123 251 373 0.98853
00003.jpg 698 170 90 203 0.98816
00003.jpg 839 170 84 177 0.98810
00003.jpg 702 173 82 204 0.98802
00003.jpg 296 137 87 288 0.98773
00003.jpg 451 123 238 369 0.98765
00003.jpg 446 122 256 366 0.98746
00003.jpg 71 152 127 323 0.98729
00003.jpg 703 170 81 205 0.98705
00003.jpg 0 200 34 218 0.98702
00003.jpg 444 118 254 364 0.98662
00003.jpg 442 123 263 357 0.98644
00003.jpg 79 143 123 318 0.98593
00003.jpg 837 170 79 186 0.98582
00003.jpg 435 128 261 362 0.98558
00003.jpg 70 150 121 316 0.98502
00003.jpg 844 172 78 177 0.98499
00003.jpg 443 123 256 372 0.98498
00003.jpg 911 173 47 159 0.98445
00003.jpg 67 161 133 308 0.98444
00003.jpg 910 176 49 152 0.98429
00003.jpg 73 147 126 323 0.98378
00003.jpg 73 156 126 311 0.98370
00003.jpg 705 177 79 193 0.98323
00003.jpg 704 176 80 200 0.98302
00003.jpg 843 171 77 179 0.98292
00003.jpg 913 176 44 151 0.98285
00003.jpg 701 178 84 196 0.98255
00003.jpg 77 150 122 321 0.98192
00003.jpg 838 174 83 175 0.98186
00003.jpg 294 135 89 281 0.98185
00003.jpg 294 136 86 275 0.98074
00003.jpg 708 170 76 202 0.98058
00003.jpg 440 123 261 376 0.98057
00003.jpg 911 176 48 152 0.98053
00003.jpg 705 174 81 200 0.98045
00003.jpg 75 150 123 320 0.98044
00003.jpg 448 128 247 356 0.98041
00003.jpg 80 154 116 321 0.97999
00003.jpg 839 168 84 180 0.97965
00003.jpg 701 169 87 208 0.97935
00003.jpg 913 180 46 145 0.97931
00003.jpg 704 166 80 214 0.97902
00003.jpg 292 127 89 294 0.97853
00003.jpg 702 172 81 203 0.97851
00003.jpg 911 174 48 154 0.97791
00003.jpg 909 177 50 150 0.97770
00003.jpg 705 175 81 202 0.97754
00003.jpg 911 174 47 152 0.97733
00003.jpg 706 173 82 201 0.97709
00003.jpg 286 131 94 293 0.97682
00003.jpg 703 175 82 194 0.97663
00003.jpg 696 161 86 217 0.97612
00003.jpg 837 169 83 174 0.97598
00003.jpg 700 177 88 194 0.97546
00003.jpg 912 177 46 142 0.97516
00003.jpg 909 174 50 156 0.97515
00003.jpg 439 139 265 356 0.97494
00003.jpg 708 173 72 203 0.97447
00003.jpg 703 165 81 212 0.97304
00003.jpg 839 166 81 187 0.97265
00003.jpg 288 141 88 274 0.97176
00003.jpg 1 198 33 227 0.97123
00003.jpg 702 173 82 204 0.97096
00003.jpg 844 173 79 178 0.97024
00003.jpg 433 131 255 344 0.96883
00003.jpg 839 174 88 174 0.96818
00003.jpg 440 129 245 343 0.96637
00003.jpg 435 105 266 382 0.96627
00003.jpg 909 173 50 155 0.96568
00003.jpg 74 143 129 323 0.96519
00003.jpg 291 132 88 288 0.96393
00003.jpg 291 128 92 290 0.96379
00003.jpg 912 162 45 166 0.96359
00003.jpg 0 199 35 225 0.96314
00003.jpg 446 140 241 349 0.96221
00003.jpg 69 153 139 312 0.96215
00003.jpg 700 169 84 207 0.96200
00003.jpg 910 177 47 149 0.96192
00003.jpg 432 124 267 365 0.96088
00003.jpg 441 128 251 367 0.96053
00003.jpg 912 174 47 153 0.95873
00003.jpg 435 130 243 343 0.95843
00003.jpg 459 116 232 380 0.95691
00003.jpg 0 199 37 221 0.95687
00003.jpg 449 138 246 350 0.95670
00003.jpg 295 141 89 275 0.95502
00003.jpg 74 151 130 311 0.95476
00003.jpg 840 170 82 176 0.95353
00003.jpg 844 178 75 172 0.95214
00003.jpg 701 169 79 208 0.95192
00003.jpg 455 129 240 368 0.95051
00003.jpg 79 155 120 316 0.95024
00003.jpg 440 121 275 375 0.94843
00003.jpg 0 203 33 229 0.94799
00003.jpg 704 176 81 201 0.94757
00003.jpg 0 195 35 227 0.94645
00003.jpg 0 201 35 217 0.94622
00003.jpg 913 175 44 150 0.94453
00003.jpg 451 119 251 375 0.94397
00003.jpg 705 166 84 212 0.94259
00003.jpg 910 172 49 156 0.94202
00003.jpg 910 172 49 156 0.94165
00003.jpg 290 134 89 280 0.94011
00003.jpg 65 158 122 304 0.93874
00003.jpg 910 174 49 149 0.93868
00003.jpg 72 153 128 312 0.93748
00003.jpg 704 169 79 202 0.93628
00003.jpg 699 174 84 201 0.93493
00003.jpg 448 128 249 364 0.93407
00003.jpg 68 149 131 327 0.93308
00003.jpg 290 140 91 272 0.93249
00003.jpg 2 190 30 236 0.93184
00003.jpg 696 174 86 199 0.93104
00003.jpg 440 129 254 341 0.93103
00003.jpg 841 174 84 183 0.93038
00003.jpg 439 124 244 367 0.92765
00003.jpg 443 129 260 363 0.92732
00003.jpg 2 192 27 231 0.92500
00003.jpg 909 177 49 156 0.92367
00003.jpg 836 177 89 168 0.92367
00003.jpg 840 175 79 174 0.92217
00003.jpg 2 199 32 231 0.92083
00003.jpg 292 139 92 282 0.91932
00003.jpg 292 141 86 276 0.91548
00003.jpg 425 133 274 352 0.91339
00003.jpg 841 176 78 173 0.90830
00003.jpg 706 179 82 195 0.90803
00003.jpg 705 169 83 208 0.90348
00003.jpg 704 171 82 202 0.90071
00003.jpg 2 196 32 240 0.89964
00003.jpg 292 139 92 274 0.89942
00003.jpg 839 164 84 187 0.89747
00003.jpg 703 174 85 199 0.89696
00003.jpg 436 135 259 347 0.89663
00003.jpg 843 174 77 175 0.89446
00003.jpg 79 153 113 303 0.89032
00003.jpg 65 144 147 316 0.88915
00003.jpg 293 126 91 293 0.88820
00003.jpg 836 175 89 172 0.88794
00003.jpg 908 177 50 151 0.88497
00003.jpg 81 155 114 313 0.88218
00003.jpg 704 173 80 202 0.88156
00003.jpg 841 181 78 167 0.87977
00003.jpg 699 176 84 201 0.87933
00003.jpg 439 121 267 367 0.87896
00003.jpg 912 188 46 147 0.87054
00003.jpg 708 173 74 201 0.87028
00003.jpg 435 128 271 351 0.86757
00003.jpg 292 132 88 290 0.86214
00003.jpg 284 135 99 281 0.85809
00003.jpg 440 115 266 384 0.85772
00003.jpg 434 130 268 336 0.85692
00003.jpg 707 171 79 202 0.85645
00003.jpg 698 165 88 216 0.85254
00003.jpg 289 139 89 276 0.84849
00003.jpg 839 173 78 170 0.84637
00003.jpg 706 168 83 205 0.84626
00003.jpg 285 129 92 284 0.84444
00003.jpg 290 137 94 274 0.83846
00003.jpg 79 153 121 312 0.83762
00003.jpg 72 156 126 300 0.83067
00003.jpg 2 193 32 227 0.82628
00003.jpg 842 167 86 177 0.82560
00003.jpg 696 169 93 211 0.81918
00003.jpg 847 178 70 175 0.81635
00003.jpg 454 120 231 378 0.80973
00003.jpg 290 135 87 285 0.80863
00003.jpg 911 179 46 143 0.80829
00003.jpg 462 120 238 381 0.80757
00003.jpg 695 166 87 214 0.80566
00003.jpg 905 173 52 155 0.80240
00003.jpg 292 129 88 293 0.79434
00003.jpg 449 135 234 353 0.78450
00003.jpg 913 177 46 147 0.78250
00003.jpg 2 206 34 214 0.78109
00003.jpg 833 164 97 177 0.77753
00003.jpg 443 125 260 362 0.77315
00003.jpg 68 161 133 311 0.77208
00003.jpg 1 201 33 222 0.76898
00003.jpg 911 170 46 159 0.76763
00003.jpg 842 175 84 171 0.75747
00003.jpg 908 176 48 157 0.75258
00003.jpg 461 138 210 352 0.74513
00003.jpg 73 156 127 305 0.74456
00003.jpg 908 179 48 143 0.73894
00003.jpg 906 173 53 158 0.73779
00003.jpg 73 154 127 312 0.73662
00003.jpg 699 171 81 202 0.73308
00003.jpg 65 155 126 319 0.73088
00003.jpg 842 176 89 173 0.72571
00003.jpg 847 180 73 170 0.71472
00003.jpg 912 178 47 145 0.70750
00003.jpg 843 172 84 174 0.70742
00003.jpg 450 133 237 363 0.70703
00003.jpg 0 202 35 211 0.70640
00003.jpg 63 141 144 332 0.70510
00003.jpg 76 144 123 335 0.70288
00003.jpg 837 174 80 173 0.70177
00003.jpg 901 167 55 160 0.69887
00003.jpg 441 135 274 343 0.69295
00003.jpg 455 110 245 376 0.69057
00003.jpg 288 131 102 284 0.68469
00003.jpg 296 137 79 274 0.68108
00003.jpg 2 208 35 212 0.66824
00003.jpg 288 138 91 278 0.66097
00003.jpg 480 123 217 384 0.65872
00003.jpg 1 199 35 224 0.65451
00003.jpg 910 171 49 156 0.65427
00003.jpg 432 133 254 362 0.65362
00003.jpg 699 167 81 208 0.64792
00003.jpg 1 201 35 222 0.64265
00003.jpg 451 127 260 343 0.63788
00003.jpg 833 162 90 188 0.63217
00003.jpg 862 170 81 171 0.62840
00003.jpg 290 134 96 281 0.62753
00003.jpg 908 173 51 158 0.62239
00003.jpg 68 149 132 329 0.61294
00003.jpg 708 162 74 221 0.61140
00003.jpg 704 178 76 200 0.61111
00003.jpg 700 166 87 213 0.61052
00003.jpg 847 173 82 179 0.60517
00003.jpg 446 129 238 339 0.60378
00003.jpg 454 127 243 344 0.60370
00003.jpg 427 142 245 339 0.59869
00003.jpg 282 134 92 285 0.59180
00003.jpg 832 179 103 172 0.57836
00003.jpg 836 171 105 169 0.57456
00003.jpg 62 151 141 317 0.57174
00003.jpg 700 163 90 213 0.56224
00003.jpg 704 171 80 199 0.56142
00003.jpg 432 117 249 341 0.56034
00003.jpg 708 168 79 210 0.54728
00003.jpg 1 199 35 221 0.54420
00003.jpg 707 174 80 194 0.52856
00003.jpg 833 173 90 174 0.51373
00003.jpg 486 138 198 359 0.51233
00003.jpg 85 164 118 307 0.50942
00003.jpg 478 149 211 331 0.50491
00003.jpg 906 178 52 143 0.50229
00003.jpg 700 164 77 210 0.50148
00003.jpg 705 181 72 182 0.50105
