00017.jpg 356 136 96 283 0.99969
00017.jpg 158 160 122 312 0.99967
00017.jpg 767 176 83 194 0.99964
00017.jpg 353 140 97 281 0.99954
00017.jpg 160 156 121 309 0.99940
00017.jpg 159 150 118 317 0.99940
00017.jpg 344 131 109 292 0.99913
00017.jpg 161 163 116 309 0.99902
00017.jpg 163 150 112 321 0.99893
00017.jpg 763 176 88 201 0.99886
00017.jpg 423 130 251 377 0.99861
00017.jpg 412 131 279 387 0.99858
00017.jpg 167 164 110 303 0.99857
00017.jpg 1 122 97 381 0.99856
00017.jpg 162 144 111 321 0.99853
00017.jpg 158 149 116 322 0.99844
00017.jpg 0 133 98 346 0.99837
00017.jpg 760 173 93 199 0.99825
00017.jpg 905 177 54 168 0.99813
00017.jpg 767 175 83 202 0.99808
00017.jpg 769 173 82 204 0.99804
00017.jpg 353 131 100 294 0.99802
00017.jpg 160 152 113 321 0.99799
00017.jpg 419 125 265 394 0.99786
00017.jpg 161 155 120 317 0.99776
00017.jpg 350 132 102 288 0.99769
00017.jpg 352 133 100 283 0.99751
00017.jpg 758 172 96 207 0.99751
00017.jpg 160 149 112 329 0.99737
00017.jpg 911 170 48 184 0.99721
00017.jpg 161 154 120 322 0.99719
00017.jpg 352 126 93 299 0.99716
00017.jpg 426 139 243 384 0.99698
00017.jpg 762 175 88 202 0.99687
00017.jpg 763 179 86 194 0.99685
00017.jpg 4 129 94 364 0.99680
00017.jpg 162 154 112 312 0.99674
00017.jpg 168 154 100 314 0.99661
00017.jpg 909 177 50 169 0.99634
00017.jpg 403 130 280 387 0.99627
00017.jpg 909 169 50 177 0.99608
00017.jpg 160 156 115 314 0.99608
00017.jpg 1 136 95 354 0.99604
00017.jpg 159 158 117 310 0.99586
00017.jpg 419 144 259 375 0.99584
00017.jpg 757 170 95 205 0.99571
00017.jpg 347 131 107 295 0.99567
00017.jpg 411 133 273 359 0.99565
00017.jpg 761 170 91 206 0.99550
00017.jpg 768 176 84 200 0.99526
00017.jpg 0 134 93 352 0.99513
00017.jpg 0 136 97 357 0.99509
00017.jpg 164 154 108 312 0.99480
00017.jpg 419 131 248 374 0.99472
00017.jpg 421 117 257 394 0.99461
00017.jpg 165 148 113 327 0.99456
00017.jpg 429 121 254 394 0.99449
00017.jpg 908 180 51 164 0.99445
00017.jpg 156 154 124 319 0.99443
00017.jpg 356 132 92 292 0.99442
00017.jpg 356 128 93 302 0.99442
00017.jpg 758 170 88 205 0.99439
00017.jpg 905 171 54 175 0.99436
00017.jpg 911 177 48 167 0.99435
00017.jpg 161 146 112 328 0.99434
00017.jpg 418 119 257 406 0.99388
00017.jpg 354 139 96 272 0.99387
00017.jpg 0 136 101 357 0.99378
00017.jpg 159 156 124 314 0.99371
00017.jpg 423 129 271 387 0.99361
00017.jpg 354 138 100 286 0.99355
00017.jpg 358 132 89 284 0.99350
00017.jpg 163 148 114 328 0.99345
00017.jpg 354 138 95 283 0.99334
00017.jpg 356 137 93 287 0.99334
00017.jpg 760 174 93 211 0.99262
00017.jpg 0 127 95 358 0.99255
00017.jpg 160 145 121 327 0.99248
00017.jpg 2 132 95 356 0.99216
00017.jpg 7 132 91 348 0.99209
00017.jpg 359 143 88 273 0.99206
00017.jpg 158 154 116 313 0.99192
00017.jpg 762 174 93 204 0.99190
00017.jpg 354 135 92 287 0.99179
00017.jpg 765 170 87 205 0.99168
00017.jpg 766 175 83 208 0.99164
00017.jpg 354 135 101 287 0.99162
00017.jpg 0 125 103 364 0.99161
00017.jpg 427 125 245 396 0.99149
00017.jpg 405 126 274 391 0.99131
00017.jpg 912 175 47 169 0.99130
00017.jpg 415 130 269 385 0.99091
00017.jpg 408 125 283 381 0.99082
00017.jpg 431 115 240 407 0.99066
00017.jpg 423 134 248 387 0.99044
00017.jpg 167 146 105 320 0.99041
00017.jpg 355 141 94 286 0.99024
00017.jpg 164 153 115 320 0.99016
00017.jpg 0 128 101 364 0.98976
00017.jpg 909 179 50 160 0.98972
00017.jpg 767 175 83 203 0.98965
00017.jpg 163 154 114 305 0.98950
00017.jpg 769 178 81 199 0.98928
00017.jpg 425 130 239 392 0.98911
00017.jpg 756 174 92 201 0.98902
00017.jpg 418 123 258 398 0.98888
00017.jpg 358 132 85 298 0.98858
00017.jpg 761 165 85 214 0.98832
00017.jpg 162 141 115 330 0.98826
00017.jpg 766 173 86 208 0.98767
00017.jpg 908 179 51 159 0.98766
00017.jpg 353 136 95 283 0.98759
00017.jpg 422 130 262 388 0.98743
00017.jpg 355 140 93 285 0.98738
00017.jpg 0 130 99 366 0.98727
00017.jpg 352 138 98 284 0.98724
00017.jpg 409 128 275 388 0.98657
00017.jpg 3 133 88 357 0.98583
00017.jpg 353 127 97 294 0.98583
00017.jpg 908 175 50 171 0.98474
00017.jpg 0 132 97 356 0.98445
00017.jpg 904 181 55 168 0.98434
00017.jpg 767 175 85 203 0.98319
00017.jpg 767 178 82 194 0.98296
00017.jpg 2 132 100 355 0.98266
00017.jpg 761 162 88 215 0.98240
00017.jpg 761 165 84 215 0.98132
00017.jpg 441 127 230 374 0.98115
00017.jpg 3 132 93 361 0.98084
00017.jpg 415 134 263 379 0.97997
00017.jpg 351 139 94 278 0.97960
00017.jpg 352 135 95 293 0.97948
00017.jpg 415 124 269 390 0.97942
00017.jpg 907 178 50 167 0.97892
00017.jpg 163 156 115 312 0.97884
00017.jpg 166 155 106 315 0.97837
00017.jpg 2 128 97 367 0.97795
00017.jpg 416 125 266 386 0.97765
00017.jpg 166 154 110 318 0.97674
00017.jpg 403 129 288 371 0.97673
00017.jpg 356 133 87 286 0.97569
00017.jpg 908 175 51 172 0.97566
00017.jpg 770 175 79 197 0.97563
00017.jpg 906 173 53 175 0.97507
00017.jpg 910 179 47 165 0.97501
00017.jpg 418 123 254 385 0.97479
00017.jpg 158 159 118 299 0.97469
00017.jpg 430 138 244 386 0.97461
00017.jpg 0 126 96 365 0.97326
00017.jpg 355 136 89 288 0.97287
00017.jpg 909 180 50 168 0.97269
00017.jpg 162 155 116 320 0.97204
00017.jpg 0 127 95 366 0.97175
00017.jpg 404 134 283 384 0.97172
00017.jpg 907 176 52 167 0.97157
00017.jpg 357 137 90 287 0.97037
00017.jpg 762 169 83 209 0.96946
00017.jpg 761 172 91 207 0.96934
00017.jpg 349 135 99 283 0.96925
00017.jpg 910 174 48 177 0.96846
00017.jpg 0 138 101 354 0.96807
00017.jpg 406 133 275 365 0.96806
00017.jpg 421 125 260 395 0.96779
00017.jpg 164 149 107 322 0.96713
00017.jpg 3 134 97 339 0.96693
00017.jpg 413 130 266 392 0.96446
00017.jpg 429 136 243 359 0.96443
00017.jpg 421 123 259 389 0.96160
00017.jpg 161 156 114 304 0.96092
00017.jpg 906 182 52 166 0.96035
00017.jpg 765 170 89 213 0.96033
00017.jpg 907 172 51 176 0.95994
00017.jpg 770 179 79 193 0.95957
00017.jpg 0 132 101 361 0.95937
00017.jpg 356 136 96 282 0.95843
00017.jpg 356 135 93 291 0.95786
00017.jpg 432 123 227 396 0.95724
00017.jpg 761 179 90 199 0.95630
00017.jpg 0 127 99 359 0.95456
00017.jpg 404 124 283 403 0.95414
00017.jpg 351 137 103 285 0.95392
00017.jpg 356 140 93 283 0.95307
00017.jpg 759 173 87 201 0.95092
00017.jpg 1 131 104 352 0.95010
00017.jpg 417 129 265 396 0.94709
00017.jpg 354 130 101 296 0.94287
00017.jpg 402 123 286 390 0.94261
00017.jpg 759 177 95 196 0.94156
00017.jpg 355 140 94 279 0.93980
00017.jpg 353 134 95 284 0.93962
00017.jpg 905 176 53 169 0.93815
00017.jpg 6 131 87 356 0.93760
00017.jpg 165 164 108 309 0.93700
00017.jpg 763 167 89 223 0.93284
00017.jpg 904 176 51 169 0.93188
00017.jpg 909 182 50 163 0.93061
00017.jpg 0 136 103 359 0.93023
00017.jpg 427 124 251 389 0.92966
00017.jpg 766 179 88 192 0.92752
00017.jpg 427 131 249 377 0.92750
00017.jpg 354 130 96 287 0.92688
00017.jpg 413 128 266 390 0.92514
00017.jpg 172 153 106 312 0.92113
00017.jpg 2 120 96 374 0.91979
00017.jpg 0 136 102 345 0.91924
00017.jpg 349 136 102 287 0.91396
00017.jpg 430 136 261 368 0.91113
00017.jpg 446 127 231 386 0.91093
00017.jpg 358 134 88 284 0.91076
00017.jpg 358 136 83 283 0.90943
00017.jpg 0 124 100 363 0.90915
00017.jpg 353 137 98 283 0.90898
00017.jpg 905 176 50 168 0.90560
00017.jpg 349 128 105 303 0.90348
00017.jpg 909 176 50 170 0.90301
00017.jpg 590 158 71 225 0.90273
00017.jpg 164 155 109 317 0.90216
00017.jpg 391 132 296 355 0.90085
00017.jpg 588 157 79 237 0.89959
00017.jpg 154 157 122 313 0.89954
00017.jpg 758 173 95 206 0.89574
00017.jpg 355 138 93 285 0.89458
00017.jpg 350 136 99 287 0.89439
00017.jpg 350 139 96 278 0.89284
00017.jpg 2 121 96 366 0.89062
00017.jpg 350 135 97 286 0.88938
00017.jpg 434 130 253 385 0.88625
00017.jpg 162 147 105 327 0.88428
00017.jpg 420 120 256 400 0.88198
00017.jpg 392 123 302 392 0.87959
00017.jpg 765 180 87 191 0.87841
00017.jpg 402 135 288 375 0.87738
00017.jpg 906 181 53 161 0.87679
00017.jpg 2 121 101 366 0.86981
00017.jpg 0 129 102 359 0.86822
00017.jpg 608 153 43 93 0.86106
00017.jpg 767 163 84 215 0.85902
00017.jpg 762 175 89 199 0.85761
00017.jpg 585 153 83 241 0.85364
00017.jpg 347 150 97 258 0.85335
00017.jpg 412 143 260 366 0.85164
00017.jpg 360 142 92 275 0.84762
00017.jpg 589 165 79 232 0.84677
00017.jpg 908 169 47 179 0.84675
00017.jpg 610 157 46 115 0.84666
00017.jpg 905 173 54 171 0.84384
00017.jpg 401 137 286 380 0.84026
00017.jpg 604 157 54 247 0.84008
00017.jpg 602 160 55 119 0.83948
00017.jpg 408 134 257 376 0.83906
00017.jpg 909 178 48 173 0.83618
00017.jpg 585 141 79 280 0.83617
00017.jpg 154 158 121 304 0.83616
00017.jpg 0 135 100 358 0.83363
00017.jpg 592 143 76 261 0.83125
00017.jpg 757 179 92 199 0.82492
00017.jpg 596 158 69 230 0.82400
00017.jpg 362 132 86 298 0.82326
00017.jpg 606 156 50 213 0.82188
00017.jpg 764 174 88 197 0.82187
00017.jpg 592 149 81 240 0.81650
00017.jpg 355 126 97 288 0.81540
00017.jpg 443 121 235 405 0.81415
00017.jpg 602 149 63 209 0.81024
00017.jpg 355 139 96 272 0.80597
00017.jpg 159 159 111 299 0.80274
00017.jpg 455 130 219 375 0.80077
00017.jpg 443 145 240 356 0.80046
00017.jpg 161 144 108 321 0.79398
00017.jpg 905 177 54 168 0.78645
00017.jpg 589 155 85 268 0.78603
00017.jpg 609 155 44 91 0.77994
00017.jpg 160 153 114 306 0.77752
00017.jpg 902 179 57 164 0.77507
00017.jpg 594 157 74 247 0.77466
00017.jpg 475 135 200 364 0.77374
00017.jpg 771 176 77 193 0.77318
00017.jpg 590 148 80 282 0.77309
00017.jpg 753 171 106 210 0.77016
00017.jpg 770 180 76 204 0.76840
00017.jpg 608 156 45 88 0.76794
00017.jpg 585 147 81 269 0.76540
00017.jpg 602 158 54 145 0.76370
00017.jpg 161 154 109 310 0.75946
00017.jpg 612 158 49 232 0.75655
00017.jpg 590 154 83 263 0.75186
00017.jpg 428 148 253 342 0.74564
00017.jpg 594 161 76 242 0.74544
00017.jpg 606 152 45 96 0.74542
00017.jpg 602 160 55 125 0.74205
00017.jpg 157 158 122 304 0.73914
00017.jpg 438 128 228 380 0.73789
00017.jpg 585 151 79 250 0.73715
00017.jpg 352 144 100 274 0.73677
00017.jpg 759 174 87 204 0.73443
00017.jpg 910 177 49 166 0.73410
00017.jpg 350 134 94 281 0.73223
00017.jpg 608 154 45 95 0.73156
00017.jpg 591 157 73 239 0.73112
00017.jpg 604 166 47 266 0.73058
00017.jpg 582 148 90 248 0.72652
00017.jpg 592 152 78 267 0.72270
00017.jpg 393 124 295 389 0.72087
00017.jpg 914 173 45 176 0.71956
00017.jpg 588 150 74 263 0.71442
00017.jpg 608 156 44 110 0.70983
00017.jpg 161 157 115 306 0.70864
00017.jpg 588 146 79 299 0.70787
00017.jpg 599 150 70 255 0.70668
00017.jpg 595 157 71 260 0.70467
00017.jpg 606 164 50 88 0.70413
00017.jpg 357 130 97 298 0.70304
00017.jpg 579 158 93 273 0.70247
00017.jpg 406 133 269 370 0.70220
00017.jpg 604 154 55 98 0.69906
00017.jpg 443 129 219 390 0.69732
00017.jpg 593 147 69 290 0.69712
00017.jpg 592 153 69 257 0.69618
00017.jpg 0 129 107 357 0.69618
00017.jpg 761 179 95 201 0.69025
00017.jpg 605 156 47 229 0.68755
00017.jpg 903 180 56 163 0.68382
00017.jpg 0 134 102 374 0.68354
00017.jpg 588 142 80 278 0.68281
00017.jpg 769 178 82 197 0.68069
00017.jpg 458 127 220 374 0.67982
00017.jpg 607 157 56 159 0.67639
00017.jpg 500 132 177 355 0.67626
00017.jpg 587 151 81 272 0.67459
00017.jpg 396 122 277 404 0.67170
00017.jpg 357 138 97 287 0.66717
00017.jpg 156 160 112 322 0.66645
00017.jpg 606 154 50 100 0.66641
00017.jpg 589 154 72 251 0.66295
00017.jpg 163 146 112 324 0.66163
00017.jpg 597 231 57 180 0.66113
00017.jpg 473 125 192 380 0.66076
00017.jpg 1 132 100 351 0.66058
00017.jpg 444 126 224 371 0.65373
00017.jpg 767 175 83 193 0.64918
00017.jpg 594 150 75 264 0.64534
00017.jpg 0 134 96 351 0.63975
00017.jpg 347 146 106 262 0.63666
00017.jpg 2 137 98 344 0.63230
00017.jpg 411 118 238 386 0.62663
00017.jpg 0 130 106 352 0.62497
00017.jpg 773 176 80 196 0.62078
00017.jpg 588 152 86 282 0.61872
00017.jpg 585 150 82 252 0.61869
00017.jpg 357 137 85 290 0.61843
00017.jpg 586 144 83 280 0.61817
00017.jpg 603 135 58 236 0.61816
00017.jpg 398 122 298 374 0.61266
00017.jpg 415 125 248 387 0.60989
00017.jpg 586 155 79 268 0.60816
00017.jpg 773 176 74 193 0.60621
00017.jpg 604 157 54 101 0.60268
00017.jpg 603 138 60 238 0.59957
00017.jpg 604 155 55 111 0.59658
00017.jpg 609 152 46 98 0.59634
00017.jpg 602 160 51 89 0.59608
00017.jpg 606 160 47 89 0.59495
00017.jpg 414 143 253 346 0.58873
00017.jpg 772 169 91 205 0.58485
00017.jpg 348 163 103 255 0.58437
00017.jpg 763 172 88 210 0.58238
00017.jpg 607 154 49 94 0.57633
00017.jpg 606 151 51 265 0.57356
00017.jpg 435 140 247 362 0.57276
00017.jpg 612 153 41 93 0.57034
00017.jpg 585 152 89 289 0.56816
00017.jpg 602 159 67 231 0.56573
00017.jpg 3 128 93 362 0.56319
00017.jpg 602 155 53 138 0.56313
00017.jpg 593 157 78 259 0.55997
00017.jpg 585 144 79 320 0.55890
00017.jpg 162 141 122 332 0.55743
00017.jpg 591 147 70 302 0.55173
00017.jpg 0 125 106 362 0.54935
00017.jpg 438 133 225 390 0.54889
00017.jpg 351 126 107 296 0.54698
00017.jpg 896 170 54 168 0.54672
00017.jpg 438 142 250 373 0.54523
00017.jpg 165 161 107 295 0.54431
00017.jpg 414 138 261 374 0.54158
00017.jpg 610 158 48 89 0.54121
00017.jpg 603 158 57 84 0.54101
00017.jpg 349 136 109 289 0.53735
00017.jpg 587 155 73 215 0.53426
00017.jpg 602 154 55 184 0.53398
00017.jpg 605 154 57 100 0.53366
00017.jpg 603 164 56 102 0.53317
00017.jpg 606 138 51 213 0.53290
00017.jpg 603 158 62 126 0.53259
00017.jpg 605 155 45 97 0.53173
00017.jpg 158 151 115 310 0.53086
00017.jpg 156 151 132 297 0.52315
00017.jpg 771 174 73 201 0.52114
00017.jpg 161 155 126 317 0.52058
00017.jpg 607 152 55 123 0.51544
00017.jpg 354 130 99 295 0.51284
00017.jpg 2 135 96 340 0.51279
00017.jpg 607 159 49 87 0.50617
00017.jpg 593 155 76 277 0.50240
00017.jpg 760 169 85 205 0.50211
00017.jpg 607 148 61 194 0.49976
00017.jpg 593 168 70 246 0.49937
