00022.jpg 440 137 246 373 0.99971
00022.jpg 196 155 109 317 0.99971
00022.jpg 195 153 115 314 0.99969
00022.jpg 431 110 246 422 0.99966
00022.jpg 385 138 100 280 0.99950
00022.jpg 386 128 103 300 0.99947
00022.jpg 200 155 108 313 0.99933
00022.jpg 447 128 227 380 0.99928
00022.jpg 198 152 108 315 0.99924
00022.jpg 200 153 109 314 0.99907
00022.jpg 193 149 116 317 0.99904
00022.jpg 455 112 203 417 0.99903
00022.jpg 448 124 217 391 0.99901
00022.jpg 796 168 87 211 0.99878
00022.jpg 201 153 111 310 0.99869
00022.jpg 199 151 107 315 0.99858
00022.jpg 199 150 111 312 0.99853
00022.jpg 197 159 112 301 0.99840
00022.jpg 10 119 124 375 0.99827
00022.jpg 795 171 91 202 0.99825
00022.jpg 196 154 113 308 0.99810
00022.jpg 7 130 123 353 0.99780
00022.jpg 201 155 105 310 0.99776
00022.jpg 201 155 109 310 0.99774
00022.jpg 445 128 234 406 0.99765
00022.jpg 389 135 98 292 0.99763
00022.jpg 452 132 215 387 0.99762
00022.jpg 384 139 102 284 0.99760
00022.jpg 460 124 210 401 0.99741
00022.jpg 10 120 121 364 0.99741
00022.jpg 801 167 79 215 0.99736
00022.jpg 9 134 126 352 0.99728
00022.jpg 199 158 114 307 0.99713
00022.jpg 382 134 107 288 0.99708
00022.jpg 794 170 89 210 0.99706
00022.jpg 438 127 213 399 0.99702
00022.jpg 196 158 113 303 0.99692
00022.jpg 12 135 121 345 0.99688
00022.jpg 418 125 265 398 0.99688
00022.jpg 207 151 103 305 0.99683
00022.jpg 795 173 90 202 0.99682
00022.jpg 445 108 238 421 0.99682
00022.jpg 387 136 102 293 0.99678
00022.jpg 796 168 91 210 0.99671
00022.jpg 798 172 84 207 0.99663
00022.jpg 12 125 119 367 0.99646
00022.jpg 385 143 104 278 0.99632
00022.jpg 22 133 114 349 0.99631
00022.jpg 792 171 91 210 0.99629
00022.jpg 197 161 110 311 0.99614
00022.jpg 202 147 104 316 0.99606
00022.jpg 794 168 90 213 0.99601
00022.jpg 432 120 251 399 0.99601
00022.jpg 197 160 106 297 0.99592
00022.jpg 10 125 118 356 0.99583
00022.jpg 12 125 115 365 0.99566
00022.jpg 194 150 115 328 0.99560
00022.jpg 390 136 89 285 0.99544
00022.jpg 800 174 83 203 0.99531
00022.jpg 201 154 105 308 0.99528
00022.jpg 381 132 110 295 0.99513
00022.jpg 450 114 220 414 0.99512
00022.jpg 435 128 240 378 0.99507
00022.jpg 438 113 234 417 0.99504
00022.jpg 389 134 96 286 0.99503
00022.jpg 10 128 126 358 0.99501
00022.jpg 10 125 126 369 0.99483
00022.jpg 381 130 106 303 0.99456
00022.jpg 200 155 106 317 0.99454
00022.jpg 440 127 238 393 0.99441
00022.jpg 20 133 119 343 0.99433
00022.jpg 801 172 86 211 0.99420
00022.jpg 197 148 108 319 0.99390
00022.jpg 796 170 86 209 0.99383
00022.jpg 202 154 109 310 0.99371
00022.jpg 4 126 127 364 0.99364
00022.jpg 200 154 114 316 0.99346
00022.jpg 197 150 116 316 0.99323
00022.jpg 199 161 113 312 0.99284
00022.jpg 10 124 119 361 0.99237
00022.jpg 448 124 223 402 0.99234
00022.jpg 386 132 99 289 0.99224
00022.jpg 200 150 100 312 0.99222
00022.jpg 200 156 112 311 0.99208
00022.jpg 799 172 84 208 0.99182
00022.jpg 446 120 222 401 0.99173
00022.jpg 387 132 97 300 0.99150
00022.jpg 12 118 112 374 0.99137
00022.jpg 793 176 89 200 0.99121
00022.jpg 196 159 108 304 0.99112
00022.jpg 384 136 101 290 0.99108
00022.jpg 390 141 90 286 0.99107
00022.jpg 204 148 105 326 0.99102
00022.jpg 798 178 85 204 0.99101
00022.jpg 14 134 117 359 0.99073
00022.jpg 794 173 88 202 0.99063
00022.jpg 203 154 108 315 0.99056
00022.jpg 384 141 101 291 0.99006
00022.jpg 441 133 238 371 0.99000
00022.jpg 387 132 98 305 0.98984
00022.jpg 441 123 219 398 0.98983
00022.jpg 380 133 109 292 0.98982
00022.jpg 388 132 95 292 0.98966
00022.jpg 12 129 117 357 0.98965
00022.jpg 423 135 268 378 0.98964
00022.jpg 440 117 234 393 0.98956
00022.jpg 385 137 103 287 0.98955
00022.jpg 195 157 111 306 0.98953
00022.jpg 442 128 226 392 0.98933
00022.jpg 796 170 86 208 0.98877
00022.jpg 198 152 106 319 0.98869
00022.jpg 429 124 250 387 0.98831
00022.jpg 387 137 97 287 0.98771
00022.jpg 443 115 232 410 0.98723
00022.jpg 196 151 115 319 0.98716
00022.jpg 430 109 247 417 0.98713
00022.jpg 6 130 131 357 0.98666
00022.jpg 10 128 121 359 0.98655
00022.jpg 205 147 104 326 0.98583
00022.jpg 11 119 121 368 0.98556
00022.jpg 6 121 124 372 0.98512
00022.jpg 201 156 108 311 0.98459
00022.jpg 797 176 85 198 0.98450
00022.jpg 8 117 116 380 0.98381
00022.jpg 386 140 104 285 0.98374
00022.jpg 389 134 94 288 0.98361
00022.jpg 10 116 120 378 0.98327
00022.jpg 798 172 86 204 0.98310
00022.jpg 10 122 125 361 0.98291
00022.jpg 442 118 234 405 0.98226
00022.jpg 196 152 111 316 0.98213
00022.jpg 799 171 87 212 0.98186
00022.jpg 5 122 130 371 0.98165
00022.jpg 789 174 96 200 0.98162
00022.jpg 793 168 92 211 0.98141
00022.jpg 389 142 99 275 0.98114
00022.jpg 198 158 109 301 0.98058
00022.jpg 440 124 234 388 0.97983
00022.jpg 796 172 86 206 0.97954
00022.jpg 803 174 79 197 0.97889
00022.jpg 203 142 104 319 0.97763
00022.jpg 8 126 125 359 0.97752
00022.jpg 796 167 91 211 0.97698
00022.jpg 387 131 103 290 0.97593
00022.jpg 9 119 120 368 0.97582
00022.jpg 390 138 100 284 0.97512
00022.jpg 798 171 84 205 0.97497
00022.jpg 12 124 114 363 0.97405
00022.jpg 447 130 226 376 0.97381
00022.jpg 198 160 109 300 0.97144
00022.jpg 386 137 107 282 0.97063
00022.jpg 388 137 100 290 0.96999
00022.jpg 384 135 108 283 0.96919
00022.jpg 795 174 93 205 0.96880
00022.jpg 10 111 128 366 0.96853
00022.jpg 386 137 104 287 0.96580
00022.jpg 801 174 87 207 0.96563
00022.jpg 16 136 117 337 0.96529
00022.jpg 796 170 86 208 0.96501
00022.jpg 384 137 102 284 0.96412
00022.jpg 797 174 87 199 0.96394
00022.jpg 442 119 230 397 0.96393
00022.jpg 12 126 117 364 0.96392
00022.jpg 447 121 214 395 0.96362
00022.jpg 386 135 101 296 0.96217
00022.jpg 202 149 107 317 0.96209
00022.jpg 793 172 93 204 0.96137
00022.jpg 795 169 90 208 0.96054
00022.jpg 445 116 234 412 0.95905
00022.jpg 626 155 55 164 0.95900
00022.jpg 384 139 102 283 0.95828
00022.jpg 464 131 199 384 0.95657
00022.jpg 7 124 128 370 0.95646
00022.jpg 440 127 222 390 0.95574
00022.jpg 433 115 240 394 0.95526
00022.jpg 197 157 117 309 0.95472
00022.jpg 443 142 233 380 0.95443
00022.jpg 428 130 231 379 0.95317
00022.jpg 383 129 105 295 0.95182
00022.jpg 434 128 240 382 0.95049
00022.jpg 798 175 86 201 0.94954
00022.jpg 384 138 102 284 0.94263
00022.jpg 438 126 245 390 0.94250
00022.jpg 387 132 99 300 0.94133
00022.jpg 799 169 82 214 0.93196
00022.jpg 5 128 125 359 0.93171
00022.jpg 433 121 248 407 0.93043
00022.jpg 802 177 83 192 0.92931
00022.jpg 10 123 119 371 0.92817
00022.jpg 201 157 106 301 0.92810
00022.jpg 392 129 101 292 0.92205
00022.jpg 389 140 98 284 0.92201
00022.jpg 386 132 103 303 0.92180
00022.jpg 441 116 231 403 0.92094
00022.jpg 435 120 232 396 0.92094
00022.jpg 798 171 89 211 0.92037
00022.jpg 192 159 118 310 0.91875
00022.jpg 206 149 106 314 0.91420
00022.jpg 466 117 199 401 0.91287
00022.jpg 8 124 129 355 0.91279
00022.jpg 624 156 57 177 0.91082
00022.jpg 197 142 114 331 0.90464
00022.jpg 200 161 108 297 0.90326
00022.jpg 796 173 93 203 0.89541
00022.jpg 382 150 103 262 0.89085
00022.jpg 624 153 60 161 0.88875
00022.jpg 615 157 67 230 0.88859
00022.jpg 795 175 94 206 0.87540
00022.jpg 394 128 89 302 0.87407
00022.jpg 16 131 119 346 0.87376
00022.jpg 432 125 244 384 0.87102
00022.jpg 798 176 87 197 0.86648
00022.jpg 799 166 90 212 0.86604
00022.jpg 624 154 65 159 0.86514
00022.jpg 202 156 100 308 0.86325
00022.jpg 388 136 100 288 0.86323
00022.jpg 625 158 60 153 0.85799
00022.jpg 197 151 111 318 0.85622
00022.jpg 10 129 126 350 0.85408
00022.jpg 394 148 90 275 0.84828
00022.jpg 618 149 68 232 0.83950
00022.jpg 388 148 103 258 0.83724
00022.jpg 208 157 96 303 0.83505
00022.jpg 796 161 89 214 0.82263
00022.jpg 385 138 97 289 0.81914
00022.jpg 13 127 120 364 0.81490
00022.jpg 453 114 216 410 0.81490
00022.jpg 624 149 65 173 0.81203
00022.jpg 196 149 114 316 0.80671
00022.jpg 14 120 116 370 0.80319
00022.jpg 193 153 109 312 0.80202
00022.jpg 196 148 115 319 0.79404
00022.jpg 447 117 229 409 0.78974
00022.jpg 621 157 61 223 0.78931
00022.jpg 620 154 58 257 0.77712
00022.jpg 627 148 53 175 0.77487
00022.jpg 800 169 86 207 0.77299
00022.jpg 622 152 62 163 0.77072
00022.jpg 625 148 63 186 0.76745
00022.jpg 448 122 226 386 0.76377
00022.jpg 626 150 60 158 0.75886
00022.jpg 795 175 84 203 0.75825
00022.jpg 415 124 275 397 0.75546
00022.jpg 9 121 129 359 0.75173
00022.jpg 805 173 73 208 0.74764
00022.jpg 619 153 64 253 0.74761
00022.jpg 9 119 114 374 0.74556
00022.jpg 618 203 51 202 0.74288
00022.jpg 625 152 62 163 0.74221
00022.jpg 385 138 106 284 0.74102
00022.jpg 191 151 120 312 0.73950
00022.jpg 205 145 97 323 0.73831
00022.jpg 618 153 66 172 0.73813
00022.jpg 794 176 94 203 0.73745
00022.jpg 619 143 60 277 0.73549
00022.jpg 383 127 106 326 0.73347
00022.jpg 624 152 57 171 0.72970
00022.jpg 627 160 59 149 0.72570
00022.jpg 791 175 91 207 0.72457
00022.jpg 488 124 178 390 0.72057
00022.jpg 614 165 64 243 0.71470
00022.jpg 626 148 61 188 0.71357
00022.jpg 196 152 119 319 0.71215
00022.jpg 190 149 107 314 0.70779
00022.jpg 384 132 105 294 0.70750
00022.jpg 625 155 59 152 0.70280
00022.jpg 612 153 73 235 0.69866
00022.jpg 804 175 77 202 0.69761
00022.jpg 617 153 58 253 0.69503
00022.jpg 393 129 105 289 0.69046
00022.jpg 195 157 124 299 0.68722
00022.jpg 617 156 55 258 0.68599
00022.jpg 609 164 66 245 0.68149
00022.jpg 459 122 204 412 0.67743
00022.jpg 415 118 269 391 0.67494
00022.jpg 13 117 118 376 0.67475
00022.jpg 613 176 59 232 0.67442
00022.jpg 619 160 56 261 0.67428
00022.jpg 608 147 68 261 0.67182
00022.jpg 612 162 65 243 0.67161
00022.jpg 800 168 86 215 0.66761
00022.jpg 626 156 54 151 0.66687
00022.jpg 626 152 54 162 0.66588
00022.jpg 797 172 91 214 0.66368
00022.jpg 625 148 62 174 0.66273
00022.jpg 621 153 62 166 0.66235
00022.jpg 611 222 64 182 0.66146
00022.jpg 801 176 84 194 0.65452
00022.jpg 798 175 86 202 0.65259
00022.jpg 386 129 97 296 0.64904
00022.jpg 792 164 88 222 0.64878
00022.jpg 613 165 64 244 0.64440
00022.jpg 624 145 62 239 0.64392
00022.jpg 621 156 69 184 0.63196
00022.jpg 199 154 110 305 0.63171
00022.jpg 422 112 254 392 0.62554
00022.jpg 625 154 60 164 0.62518
00022.jpg 391 138 106 277 0.62434
00022.jpg 194 147 125 326 0.61592
00022.jpg 610 149 74 245 0.61396
00022.jpg 612 154 70 276 0.60687
00022.jpg 615 157 72 218 0.60681
00022.jpg 625 156 52 151 0.60670
00022.jpg 623 170 62 129 0.60261
00022.jpg 615 161 63 249 0.59871
00022.jpg 623 153 65 166 0.59645
00022.jpg 796 170 90 210 0.59535
00022.jpg 617 145 65 276 0.59413
00022.jpg 9 116 121 371 0.59333
00022.jpg 620 145 66 253 0.58559
00022.jpg 795 172 87 213 0.58430
00022.jpg 8 136 132 351 0.58184
00022.jpg 382 132 116 304 0.57922
00022.jpg 795 170 93 214 0.57252
00022.jpg 611 156 75 248 0.57174
00022.jpg 622 151 61 175 0.56841
00022.jpg 793 168 89 207 0.56729
00022.jpg 623 151 62 198 0.56363
00022.jpg 405 122 286 367 0.56154
00022.jpg 465 124 209 390 0.55947
00022.jpg 625 151 59 151 0.55733
00022.jpg 444 132 234 369 0.55239
00022.jpg 611 167 69 245 0.55173
00022.jpg 383 142 102 273 0.54819
00022.jpg 803 167 79 207 0.54106
00022.jpg 450 129 232 373 0.53811
00022.jpg 805 173 79 199 0.53553
00022.jpg 626 157 57 152 0.53381
00022.jpg 611 153 66 249 0.52869
00022.jpg 803 176 75 190 0.52329
00022.jpg 626 158 51 198 0.51835
00022.jpg 193 152 116 301 0.51544
00022.jpg 612 181 60 228 0.51402
00022.jpg 618 160 59 240 0.51271
00022.jpg 379 141 106 273 0.51269
00022.jpg 392 130 94 298 0.50915
00022.jpg 610 154 70 269 0.50699
00022.jpg 198 151 105 314 0.50348
00022.jpg 609 141 76 285 0.49975
