00032.jpg 255 166 124 304 0.99966
00032.jpg 853 182 93 205 0.99964
00032.jpg 470 134 170 378 0.99958
00032.jpg 858 170 87 214 0.99951
00032.jpg 253 164 122 307 0.99942
00032.jpg 260 162 115 312 0.99936
00032.jpg 80 129 125 370 0.99928
00032.jpg 261 166 111 303 0.99911
00032.jpg 255 165 120 305 0.99900
00032.jpg 483 136 154 378 0.99891
00032.jpg 853 175 88 205 0.99889
00032.jpg 446 150 95 265 0.99878
00032.jpg 259 154 117 318 0.99864
00032.jpg 262 155 115 321 0.99849
00032.jpg 257 165 120 307 0.99829
00032.jpg 667 151 74 255 0.99829
00032.jpg 88 122 117 375 0.99818
00032.jpg 86 130 118 361 0.99798
00032.jpg 254 147 115 333 0.99788
00032.jpg 90 122 115 374 0.99782
00032.jpg 255 162 120 313 0.99779
00032.jpg 672 149 64 255 0.99763
00032.jpg 857 175 88 206 0.99763
00032.jpg 255 162 122 313 0.99732
00032.jpg 452 145 89 274 0.99731
00032.jpg 857 172 85 212 0.99713
00032.jpg 665 153 76 256 0.99711
00032.jpg 87 129 116 368 0.99710
00032.jpg 89 136 118 359 0.99699
00032.jpg 670 156 72 253 0.99692
00032.jpg 258 168 118 301 0.99685
00032.jpg 258 165 121 307 0.99670
00032.jpg 87 129 114 360 0.99670
00032.jpg 86 131 116 359 0.99647
00032.jpg 90 125 112 369 0.99638
00032.jpg 80 127 121 381 0.99636
00032.jpg 260 165 118 315 0.99613
00032.jpg 267 159 108 316 0.99604
00032.jpg 257 173 121 292 0.99590
00032.jpg 260 166 111 302 0.99576
00032.jpg 89 137 111 353 0.99566
00032.jpg 254 157 118 320 0.99564
00032.jpg 476 135 166 380 0.99562
00032.jpg 671 155 73 257 0.99551
00032.jpg 85 131 122 369 0.99550
00032.jpg 259 167 119 308 0.99549
00032.jpg 853 175 89 209 0.99539
00032.jpg 857 175 87 214 0.99523
00032.jpg 255 162 126 309 0.99522
00032.jpg 85 119 119 373 0.99499
00032.jpg 258 161 119 309 0.99488
00032.jpg 86 135 121 367 0.99476
00032.jpg 475 126 162 390 0.99441
00032.jpg 477 123 161 384 0.99438
00032.jpg 492 135 147 389 0.99429
00032.jpg 474 129 166 379 0.99426
00032.jpg 258 165 115 308 0.99404
00032.jpg 854 169 91 217 0.99404
00032.jpg 257 161 119 314 0.99394
00032.jpg 487 125 156 389 0.99389
00032.jpg 849 168 104 220 0.99383
00032.jpg 467 125 169 384 0.99379
00032.jpg 459 130 174 383 0.99379
00032.jpg 851 175 90 210 0.99378
00032.jpg 853 169 90 217 0.99371
00032.jpg 854 173 92 205 0.99365
00032.jpg 258 164 112 310 0.99348
00032.jpg 447 139 89 276 0.99323
00032.jpg 671 153 70 259 0.99296
00032.jpg 671 153 72 260 0.99291
00032.jpg 858 169 85 210 0.99277
00032.jpg 670 147 70 263 0.99275
00032.jpg 259 160 115 313 0.99263
00032.jpg 671 154 71 252 0.99236
00032.jpg 854 175 84 206 0.99208
00032.jpg 263 166 111 304 0.99164
00032.jpg 445 144 91 279 0.99162
00032.jpg 667 157 68 257 0.99150
00032.jpg 88 136 117 358 0.99148
00032.jpg 253 161 123 304 0.99129
00032.jpg 262 162 112 308 0.99120
00032.jpg 256 165 117 305 0.99093
00032.jpg 474 136 160 370 0.99075
00032.jpg 447 144 88 278 0.99044
00032.jpg 666 150 69 263 0.99034
00032.jpg 454 134 90 286 0.99018
00032.jpg 89 122 119 372 0.99011
00032.jpg 96 130 115 367 0.98974
00032.jpg 83 131 126 361 0.98972
00032.jpg 492 129 146 380 0.98918
00032.jpg 857 175 89 209 0.98902
00032.jpg 89 128 115 383 0.98887
00032.jpg 857 174 81 208 0.98886
00032.jpg 485 130 153 393 0.98880
00032.jpg 850 166 93 222 0.98864
00032.jpg 88 135 114 359 0.98864
00032.jpg 852 176 95 209 0.98846
00032.jpg 93 124 102 379 0.98844
00032.jpg 261 163 113 307 0.98826
00032.jpg 463 131 174 384 0.98824
00032.jpg 670 159 67 251 0.98791
00032.jpg 667 158 76 245 0.98791
00032.jpg 470 141 173 355 0.98749
00032.jpg 675 156 63 256 0.98736
00032.jpg 478 124 154 397 0.98712
00032.jpg 260 161 113 310 0.98665
00032.jpg 853 174 98 212 0.98661
00032.jpg 450 152 85 270 0.98624
00032.jpg 89 125 114 372 0.98615
00032.jpg 480 135 146 389 0.98557
00032.jpg 857 172 86 206 0.98556
00032.jpg 669 151 74 259 0.98523
00032.jpg 86 135 116 356 0.98514
00032.jpg 670 154 69 255 0.98503
00032.jpg 670 158 67 247 0.98478
00032.jpg 448 146 86 271 0.98470
00032.jpg 477 132 162 388 0.98450
00032.jpg 259 159 120 318 0.98389
00032.jpg 445 148 95 269 0.98383
00032.jpg 258 161 117 317 0.98382
00032.jpg 852 170 92 213 0.98372
00032.jpg 84 124 121 374 0.98369
00032.jpg 84 123 125 375 0.98367
00032.jpg 853 166 89 218 0.98360
00032.jpg 447 139 95 283 0.98320
00032.jpg 470 126 167 374 0.98317
00032.jpg 257 164 121 299 0.98309
00032.jpg 670 153 68 256 0.98303
00032.jpg 90 123 113 377 0.98282
00032.jpg 92 124 113 378 0.98203
00032.jpg 858 172 87 212 0.98169
00032.jpg 857 173 86 203 0.98142
00032.jpg 88 128 117 374 0.98073
00032.jpg 853 174 88 207 0.98048
00032.jpg 855 172 89 208 0.98045
00032.jpg 667 153 73 259 0.98043
00032.jpg 670 154 71 253 0.97984
00032.jpg 257 163 121 310 0.97975
00032.jpg 853 169 89 214 0.97963
00032.jpg 255 155 118 314 0.97958
00032.jpg 439 136 103 280 0.97947
00032.jpg 666 153 72 253 0.97874
00032.jpg 261 165 116 311 0.97765
00032.jpg 488 120 158 402 0.97760
00032.jpg 474 130 152 394 0.97743
00032.jpg 668 157 74 242 0.97734
00032.jpg 663 151 74 262 0.97715
00032.jpg 669 155 71 254 0.97713
00032.jpg 84 119 109 371 0.97696
00032.jpg 444 146 97 279 0.97580
00032.jpg 664 156 75 249 0.97576
00032.jpg 669 152 73 258 0.97537
00032.jpg 859 172 88 212 0.97533
00032.jpg 860 172 83 206 0.97515
00032.jpg 857 169 88 218 0.97496
00032.jpg 93 129 108 367 0.97450
00032.jpg 863 169 84 213 0.97419
00032.jpg 481 135 161 386 0.97404
00032.jpg 854 177 94 205 0.97384
00032.jpg 255 163 120 309 0.97349
00032.jpg 669 151 67 258 0.97320
00032.jpg 90 126 107 369 0.97296
00032.jpg 669 154 74 256 0.97206
00032.jpg 673 153 69 258 0.97204
00032.jpg 473 128 167 372 0.97188
00032.jpg 447 146 88 281 0.97182
00032.jpg 858 179 84 205 0.97053
00032.jpg 854 168 93 220 0.97039
00032.jpg 668 148 70 262 0.97033
00032.jpg 258 161 115 313 0.97031
00032.jpg 83 136 126 362 0.96994
00032.jpg 671 157 71 249 0.96986
00032.jpg 255 162 121 311 0.96964
00032.jpg 672 151 72 257 0.96957
00032.jpg 268 151 103 324 0.96932
00032.jpg 267 148 104 320 0.96932
00032.jpg 483 123 152 395 0.96884
00032.jpg 673 156 65 249 0.96786
00032.jpg 260 165 116 306 0.96699
00032.jpg 490 125 149 406 0.96665
00032.jpg 669 159 71 241 0.96638
00032.jpg 670 159 73 251 0.96566
00032.jpg 473 121 160 401 0.96492
00032.jpg 473 121 151 397 0.96358
00032.jpg 851 172 97 209 0.96149
00032.jpg 486 126 151 390 0.96061
00032.jpg 474 140 177 384 0.95857
00032.jpg 449 151 85 263 0.95715
00032.jpg 445 139 95 290 0.95638
00032.jpg 669 157 72 252 0.95584
00032.jpg 855 168 88 209 0.95583
00032.jpg 480 142 162 368 0.95576
00032.jpg 445 150 95 265 0.95317
00032.jpg 91 127 114 378 0.95232
00032.jpg 258 172 116 290 0.95214
00032.jpg 666 150 75 261 0.95118
00032.jpg 467 147 166 375 0.95076
00032.jpg 489 131 156 392 0.95071
00032.jpg 447 144 85 280 0.95014
00032.jpg 470 132 168 386 0.94945
00032.jpg 92 129 112 375 0.94908
00032.jpg 446 143 94 280 0.94780
00032.jpg 665 156 76 254 0.94634
00032.jpg 496 135 145 390 0.94588
00032.jpg 444 146 96 278 0.94536
00032.jpg 448 146 95 269 0.94354
00032.jpg 670 150 69 253 0.94286
00032.jpg 264 162 113 313 0.94163
00032.jpg 852 167 96 216 0.94094
00032.jpg 470 121 156 395 0.94054
00032.jpg 86 133 116 356 0.94050
00032.jpg 488 120 151 404 0.93870
00032.jpg 854 172 88 207 0.93785
00032.jpg 448 142 93 283 0.93604
00032.jpg 449 143 94 281 0.93500
00032.jpg 851 177 93 202 0.93494
00032.jpg 857 178 89 198 0.93370
00032.jpg 262 170 116 295 0.93339
00032.jpg 668 152 76 261 0.93189
00032.jpg 861 175 87 202 0.92926
00032.jpg 480 131 163 385 0.92851
00032.jpg 851 170 94 212 0.92834
00032.jpg 256 170 124 290 0.92779
00032.jpg 86 132 120 356 0.92743
00032.jpg 463 129 175 391 0.92666
00032.jpg 254 167 124 305 0.92441
00032.jpg 445 143 94 288 0.92279
00032.jpg 443 153 97 266 0.92141
00032.jpg 670 155 73 263 0.91844
00032.jpg 667 150 73 261 0.91712
00032.jpg 850 169 95 217 0.91456
00032.jpg 481 127 158 392 0.91440
00032.jpg 483 122 151 401 0.91243
00032.jpg 856 166 87 218 0.91167
00032.jpg 258 163 113 310 0.91052
00032.jpg 674 154 67 260 0.90955
00032.jpg 470 105 165 415 0.90690
00032.jpg 472 134 166 386 0.90661
00032.jpg 855 163 94 218 0.90226
00032.jpg 472 133 149 390 0.90137
00032.jpg 859 175 84 207 0.89943
00032.jpg 446 143 97 272 0.89642
00032.jpg 264 163 114 305 0.89632
00032.jpg 484 131 160 388 0.89468
00032.jpg 447 145 98 283 0.89424
00032.jpg 666 154 69 265 0.87499
00032.jpg 89 130 115 371 0.87088
00032.jpg 490 123 151 411 0.86983
00032.jpg 451 128 178 383 0.86770
00032.jpg 469 146 161 351 0.86662
00032.jpg 248 147 121 321 0.86257
00032.jpg 480 142 161 356 0.86176
00032.jpg 666 161 76 250 0.85818
00032.jpg 664 151 77 262 0.85483
00032.jpg 262 164 115 303 0.85044
00032.jpg 450 140 85 271 0.84921
00032.jpg 665 159 84 256 0.84857
00032.jpg 447 138 91 289 0.84727
00032.jpg 473 125 151 386 0.84712
00032.jpg 265 154 114 307 0.84283
00032.jpg 261 145 118 339 0.83834
00032.jpg 448 147 91 274 0.83811
00032.jpg 674 153 62 251 0.83748
00032.jpg 483 127 159 407 0.83599
00032.jpg 856 172 94 213 0.83231
00032.jpg 484 123 162 403 0.83080
00032.jpg 854 163 91 228 0.82922
00032.jpg 257 159 118 308 0.82540
00032.jpg 667 149 70 267 0.82290
00032.jpg 859 169 86 212 0.82261
00032.jpg 457 120 190 373 0.82178
00032.jpg 445 154 95 256 0.81298
00032.jpg 83 119 129 384 0.80890
00032.jpg 674 159 59 248 0.80172
00032.jpg 452 133 100 298 0.80100
00032.jpg 496 130 136 382 0.79997
00032.jpg 672 161 66 239 0.79661
00032.jpg 851 178 93 208 0.79446
00032.jpg 466 131 172 390 0.79227
00032.jpg 475 117 159 395 0.78890
00032.jpg 449 141 96 285 0.78728
00032.jpg 486 131 155 389 0.78492
00032.jpg 482 122 153 395 0.77113
00032.jpg 661 146 86 263 0.76394
00032.jpg 447 136 96 308 0.76379
00032.jpg 72 126 120 364 0.76348
00032.jpg 448 148 96 274 0.76184
00032.jpg 861 176 83 200 0.75944
00032.jpg 463 127 197 391 0.75690
00032.jpg 666 149 78 263 0.75084
00032.jpg 267 172 109 292 0.74497
00032.jpg 492 118 153 418 0.73826
00032.jpg 668 149 76 256 0.73161
00032.jpg 448 152 92 263 0.72431
00032.jpg 495 131 152 396 0.72426
00032.jpg 474 136 137 347 0.72313
00032.jpg 261 165 116 303 0.71003
00032.jpg 262 163 108 308 0.70995
00032.jpg 84 140 118 346 0.70897
00032.jpg 464 139 171 356 0.70820
00032.jpg 452 139 93 294 0.70142
00032.jpg 858 179 83 200 0.69450
00032.jpg 678 162 63 235 0.68082
00032.jpg 861 163 84 230 0.67250
00032.jpg 443 137 101 297 0.67013
00032.jpg 459 134 114 326 0.66816
00032.jpg 859 175 88 213 0.66813
00032.jpg 496 134 151 391 0.66686
00032.jpg 458 140 123 306 0.66327
00032.jpg 443 142 97 274 0.65940
00032.jpg 660 156 81 253 0.65752
00032.jpg 480 131 142 351 0.65675
00032.jpg 448 161 93 250 0.64567
00032.jpg 484 143 153 356 0.63795
00032.jpg 86 122 117 378 0.63212
00032.jpg 669 162 68 243 0.62045
00032.jpg 860 175 82 200 0.61822
00032.jpg 446 133 95 306 0.61693
00032.jpg 450 148 96 279 0.61431
00032.jpg 446 141 95 286 0.61418
00032.jpg 851 175 88 203 0.61391
00032.jpg 862 176 77 202 0.60814
00032.jpg 267 160 113 315 0.60112
00032.jpg 445 158 95 265 0.59474
00032.jpg 253 182 129 279 0.59325
00032.jpg 856 179 86 198 0.59099
00032.jpg 664 149 80 264 0.58381
00032.jpg 253 168 117 303 0.57995
00032.jpg 442 140 98 277 0.57808
00032.jpg 481 132 150 363 0.57272
00032.jpg 86 122 111 378 0.57089
00032.jpg 261 161 115 300 0.56798
00032.jpg 664 153 73 261 0.56591
00032.jpg 252 168 134 289 0.56376
00032.jpg 664 155 80 255 0.55038
00032.jpg 92 134 116 347 0.54870
00032.jpg 864 176 78 200 0.54791
00032.jpg 674 160 71 249 0.54669
00032.jpg 87 118 126 376 0.54361
00032.jpg 674 161 66 245 0.54176
00032.jpg 862 167 81 207 0.53802
00032.jpg 662 145 84 258 0.53257
00032.jpg 453 124 147 360 0.53231
00032.jpg 676 149 68 260 0.52455
00032.jpg 669 145 79 264 0.51876
00032.jpg 672 165 75 232 0.51270
00032.jpg 449 140 89 280 0.51113
00032.jpg 500 133 135 398 0.50851
00032.jpg 456 128 109 282 0.50813
00032.jpg 462 158 168 365 0.50728
00032.jpg 461 117 126 360 0.49969
00032.jpg 452 135 125 295 0.49924
