00059.jpg 752 141 75 260 0.99977
00059.jpg 352 146 93 310 0.99925
00059.jpg 519 128 101 291 0.99922
00059.jpg 751 147 74 247 0.99917
00059.jpg 176 121 114 361 0.99891
00059.jpg 171 116 120 361 0.99887
00059.jpg 407 109 158 418 0.99886
00059.jpg 175 115 117 366 0.99834
00059.jpg 524 133 99 291 0.99813
00059.jpg 523 131 98 288 0.99812
00059.jpg 178 116 107 362 0.99811
00059.jpg 352 154 88 310 0.99806
00059.jpg 414 117 153 410 0.99804
00059.jpg 349 145 91 314 0.99801
00059.jpg 177 124 109 361 0.99788
00059.jpg 527 128 95 301 0.99771
00059.jpg 525 135 104 286 0.99769
00059.jpg 753 146 73 252 0.99767
00059.jpg 752 134 72 268 0.99763
00059.jpg 749 145 79 254 0.99756
00059.jpg 525 129 98 295 0.99751
00059.jpg 186 121 104 361 0.99750
00059.jpg 750 137 77 257 0.99742
00059.jpg 175 122 118 357 0.99734
00059.jpg 749 141 76 258 0.99704
00059.jpg 350 147 94 314 0.99701
00059.jpg 174 117 114 352 0.99677
00059.jpg 177 111 113 377 0.99672
00059.jpg 753 144 71 254 0.99627
00059.jpg 352 141 90 322 0.99605
00059.jpg 179 114 111 365 0.99595
00059.jpg 751 142 71 262 0.99593
00059.jpg 525 129 97 294 0.99574
00059.jpg 423 118 131 419 0.99574
00059.jpg 180 118 104 365 0.99560
00059.jpg 415 122 157 403 0.99550
00059.jpg 523 130 102 295 0.99539
00059.jpg 518 137 103 290 0.99514
00059.jpg 745 140 81 252 0.99477
00059.jpg 519 130 109 293 0.99423
00059.jpg 407 110 151 417 0.99386
00059.jpg 352 157 95 299 0.99359
00059.jpg 177 117 108 365 0.99358
00059.jpg 352 158 91 303 0.99358
00059.jpg 525 130 98 287 0.99340
00059.jpg 179 122 113 360 0.99331
00059.jpg 349 149 93 318 0.99331
00059.jpg 524 126 105 292 0.99330
00059.jpg 175 125 117 354 0.99318
00059.jpg 175 115 110 373 0.99310
00059.jpg 0 191 92 336 0.99304
00059.jpg 349 148 98 320 0.99301
00059.jpg 526 128 92 293 0.99279
00059.jpg 750 148 76 244 0.99257
00059.jpg 181 115 108 360 0.99204
00059.jpg 183 120 106 362 0.99204
00059.jpg 176 113 113 379 0.99176
00059.jpg 180 122 107 359 0.99175
00059.jpg 354 150 88 330 0.99172
00059.jpg 355 146 82 307 0.99169
00059.jpg 745 138 77 261 0.99158
00059.jpg 409 124 158 407 0.99132
00059.jpg 177 116 108 369 0.99128
00059.jpg 184 123 101 347 0.99105
00059.jpg 524 129 103 295 0.99071
00059.jpg 174 121 112 364 0.99061
00059.jpg 524 136 104 286 0.99044
00059.jpg 752 146 76 249 0.99010
00059.jpg 523 133 107 290 0.98999
00059.jpg 521 138 101 284 0.98969
00059.jpg 521 128 103 297 0.98965
00059.jpg 1 193 91 318 0.98943
00059.jpg 527 128 95 290 0.98942
00059.jpg 416 118 144 392 0.98941
00059.jpg 524 140 102 278 0.98940
00059.jpg 184 119 102 355 0.98923
00059.jpg 355 148 84 314 0.98917
00059.jpg 171 116 117 357 0.98904
00059.jpg 346 153 103 300 0.98876
00059.jpg 418 105 149 420 0.98860
00059.jpg 526 129 96 293 0.98853
00059.jpg 753 148 75 246 0.98847
00059.jpg 517 128 108 292 0.98842
00059.jpg 356 154 88 306 0.98827
00059.jpg 752 134 74 262 0.98788
00059.jpg 348 151 98 313 0.98781
00059.jpg 174 115 115 377 0.98754
00059.jpg 175 109 109 369 0.98733
00059.jpg 750 142 75 257 0.98580
00059.jpg 410 124 137 415 0.98572
00059.jpg 526 137 97 283 0.98569
00059.jpg 754 138 70 260 0.98566
00059.jpg 177 119 116 367 0.98542
00059.jpg 0 182 99 335 0.98487
00059.jpg 751 143 72 257 0.98472
00059.jpg 517 135 107 281 0.98462
00059.jpg 754 142 69 253 0.98448
00059.jpg 527 134 94 277 0.98393
00059.jpg 0 180 92 343 0.98389
00059.jpg 406 118 155 418 0.98365
00059.jpg 349 150 93 321 0.98362
00059.jpg 0 168 93 353 0.98360
00059.jpg 755 143 67 260 0.98355
00059.jpg 177 121 113 353 0.98319
00059.jpg 348 148 91 315 0.98307
00059.jpg 352 145 89 320 0.98243
00059.jpg 523 132 104 286 0.98236
00059.jpg 0 191 93 336 0.98221
00059.jpg 519 129 106 292 0.98209
00059.jpg 754 140 71 255 0.98209
00059.jpg 0 188 96 340 0.98208
00059.jpg 0 183 94 343 0.98200
00059.jpg 747 141 82 254 0.98141
00059.jpg 521 129 105 288 0.98136
00059.jpg 0 192 94 328 0.98131
00059.jpg 354 145 90 320 0.98114
00059.jpg 175 106 113 383 0.98106
00059.jpg 4 187 88 337 0.98068
00059.jpg 747 145 75 251 0.98047
00059.jpg 748 140 79 263 0.98021
00059.jpg 750 145 71 252 0.98006
00059.jpg 418 115 138 420 0.97979
00059.jpg 0 185 92 340 0.97804
00059.jpg 519 118 109 302 0.97714
00059.jpg 0 189 93 342 0.97693
00059.jpg 0 190 89 335 0.97670
00059.jpg 753 148 71 248 0.97636
00059.jpg 407 122 151 395 0.97618
00059.jpg 0 192 89 316 0.97570
00059.jpg 350 148 94 321 0.97505
00059.jpg 751 145 74 251 0.97477
00059.jpg 175 121 117 358 0.97464
00059.jpg 411 112 154 415 0.97458
00059.jpg 0 183 93 346 0.97448
00059.jpg 397 110 166 424 0.97448
00059.jpg 526 136 97 278 0.97298
00059.jpg 347 146 96 319 0.97268
00059.jpg 410 94 156 434 0.97228
00059.jpg 407 118 159 403 0.97187
00059.jpg 352 143 93 320 0.97142
00059.jpg 0 191 90 330 0.97066
00059.jpg 409 132 159 392 0.97012
00059.jpg 0 180 95 343 0.97003
00059.jpg 749 140 74 250 0.96998
00059.jpg 349 162 99 293 0.96994
00059.jpg 753 138 74 257 0.96931
00059.jpg 404 115 151 420 0.96930
00059.jpg 0 194 93 323 0.96898
00059.jpg 523 133 100 283 0.96871
00059.jpg 411 122 159 417 0.96794
00059.jpg 356 141 90 325 0.96713
00059.jpg 352 151 92 303 0.96636
00059.jpg 2 190 87 332 0.96630
00059.jpg 525 134 98 293 0.96616
00059.jpg 756 150 70 241 0.96580
00059.jpg 525 129 106 288 0.96543
00059.jpg 523 128 99 290 0.96532
00059.jpg 409 118 139 407 0.96510
00059.jpg 521 121 101 311 0.96425
00059.jpg 523 133 107 288 0.96419
00059.jpg 519 130 102 289 0.96341
00059.jpg 355 144 84 302 0.96304
00059.jpg 749 138 79 272 0.96164
00059.jpg 744 145 87 244 0.96092
00059.jpg 751 143 79 253 0.95706
00059.jpg 522 136 106 278 0.95636
00059.jpg 414 116 145 410 0.95589
00059.jpg 2 191 87 327 0.95583
00059.jpg 524 140 104 269 0.95499
00059.jpg 419 123 155 410 0.95468
00059.jpg 175 103 112 384 0.95440
00059.jpg 525 126 98 297 0.95295
00059.jpg 347 160 99 296 0.95240
00059.jpg 753 145 72 266 0.95223
00059.jpg 407 118 162 415 0.95213
00059.jpg 175 108 122 367 0.95091
00059.jpg 755 145 67 254 0.94909
00059.jpg 1 188 95 337 0.94648
00059.jpg 521 134 103 285 0.94604
00059.jpg 753 138 72 263 0.94360
00059.jpg 419 108 145 423 0.94144
00059.jpg 354 146 91 316 0.93535
00059.jpg 405 135 169 389 0.93525
00059.jpg 177 113 114 367 0.93385
00059.jpg 358 146 88 317 0.93311
00059.jpg 755 142 71 256 0.93308
00059.jpg 180 115 116 363 0.93288
00059.jpg 0 190 96 333 0.93105
00059.jpg 351 146 92 326 0.92894
00059.jpg 350 147 98 320 0.92660
00059.jpg 174 114 111 363 0.92619
00059.jpg 526 126 102 294 0.92508
00059.jpg 1 180 94 345 0.92037
00059.jpg 348 150 98 311 0.91951
00059.jpg 748 146 75 249 0.91826
00059.jpg 356 147 88 313 0.91712
00059.jpg 413 143 155 369 0.91675
00059.jpg 423 137 130 381 0.91623
00059.jpg 524 129 101 287 0.91111
00059.jpg 349 149 96 310 0.90964
00059.jpg 358 147 84 321 0.90779
00059.jpg 413 117 142 401 0.90460
00059.jpg 356 140 89 346 0.90099
00059.jpg 411 93 163 444 0.90050
00059.jpg 416 125 139 407 0.89872
00059.jpg 0 176 87 349 0.89659
00059.jpg 752 151 74 246 0.89620
00059.jpg 523 131 102 301 0.89344
00059.jpg 180 112 114 368 0.89323
00059.jpg 395 119 190 402 0.89196
00059.jpg 169 121 114 348 0.89037
00059.jpg 528 124 104 293 0.88947
00059.jpg 408 112 161 418 0.88821
00059.jpg 186 116 101 369 0.88257
00059.jpg 0 191 92 335 0.87350
00059.jpg 757 147 69 250 0.87236
00059.jpg 0 189 93 333 0.86629
00059.jpg 412 124 137 393 0.86582
00059.jpg 173 116 119 373 0.85742
00059.jpg 754 138 72 263 0.85696
00059.jpg 352 150 90 310 0.85476
00059.jpg 368 119 212 392 0.85448
00059.jpg 407 124 142 388 0.85189
00059.jpg 352 160 86 298 0.85074
00059.jpg 175 110 112 378 0.84621
00059.jpg 354 141 94 322 0.84515
00059.jpg 357 138 91 326 0.84297
00059.jpg 526 135 105 268 0.84176
00059.jpg 350 148 87 307 0.84060
00059.jpg 354 155 91 299 0.83901
00059.jpg 519 133 100 287 0.83778
00059.jpg 517 135 107 277 0.83638
00059.jpg 355 146 80 325 0.83218
00059.jpg 757 148 71 239 0.82698
00059.jpg 422 107 142 419 0.82294
00059.jpg 403 127 157 410 0.82089
00059.jpg 1 191 89 326 0.81914
00059.jpg 522 127 103 288 0.81463
00059.jpg 526 131 94 282 0.81222
00059.jpg 176 124 116 335 0.81071
00059.jpg 754 152 72 238 0.80534
00059.jpg 411 112 142 423 0.80105
00059.jpg 357 144 79 337 0.80070
00059.jpg 754 147 71 254 0.79610
00059.jpg 0 175 85 349 0.79362
00059.jpg 173 121 112 366 0.78993
00059.jpg 175 124 104 368 0.78723
00059.jpg 521 128 103 286 0.77985
00059.jpg 417 132 126 385 0.77958
00059.jpg 410 127 132 391 0.77445
00059.jpg 756 149 67 242 0.77444
00059.jpg 406 128 140 385 0.76978
00059.jpg 753 149 75 251 0.76877
00059.jpg 519 134 98 293 0.76733
00059.jpg 521 128 103 291 0.75621
00059.jpg 414 119 163 419 0.75546
00059.jpg 753 142 77 253 0.74996
00059.jpg 757 153 68 234 0.74486
00059.jpg 414 123 141 396 0.74194
00059.jpg 746 140 85 251 0.73743
00059.jpg 407 127 117 380 0.73687
00059.jpg 527 128 102 294 0.73429
00059.jpg 0 160 89 360 0.73356
00059.jpg 751 143 78 252 0.73234
00059.jpg 351 159 93 291 0.71784
00059.jpg 519 135 116 261 0.71158
00059.jpg 415 138 132 378 0.69980
00059.jpg 374 133 113 356 0.69270
00059.jpg 746 136 83 266 0.67466
00059.jpg 522 129 93 288 0.67215
00059.jpg 411 124 149 415 0.66931
00059.jpg 406 122 144 396 0.65597
00059.jpg 399 124 132 403 0.64729
00059.jpg 742 138 90 262 0.64562
00059.jpg 406 117 126 404 0.64348
00059.jpg 400 92 170 440 0.64109
00059.jpg 526 127 108 279 0.63389
00059.jpg 359 146 84 315 0.63197
00059.jpg 416 129 125 379 0.63151
00059.jpg 758 160 70 220 0.62940
00059.jpg 403 123 156 402 0.62832
00059.jpg 405 120 136 396 0.62746
00059.jpg 744 131 85 270 0.62651
00059.jpg 398 128 158 384 0.62147
00059.jpg 413 120 143 410 0.61890
00059.jpg 178 109 104 359 0.61240
00059.jpg 739 149 91 253 0.60827
00059.jpg 519 131 104 280 0.60806
00059.jpg 0 187 87 328 0.60146
00059.jpg 755 148 67 244 0.59892
00059.jpg 757 147 71 241 0.59240
00059.jpg 0 197 90 325 0.59160
00059.jpg 520 128 106 298 0.58103
00059.jpg 0 197 92 308 0.57818
00059.jpg 750 147 69 247 0.57600
00059.jpg 759 148 64 243 0.57259
00059.jpg 523 129 106 289 0.57122
00059.jpg 746 146 72 250 0.56868
00059.jpg 529 134 102 280 0.56605
00059.jpg 519 127 113 295 0.54782
00059.jpg 177 128 121 348 0.53789
00059.jpg 755 156 68 227 0.52071
00059.jpg 0 188 97 335 0.51841
00059.jpg 410 114 143 414 0.51593
00059.jpg 184 120 112 342 0.51043
00059.jpg 407 121 159 418 0.50793
00059.jpg 359 159 83 304 0.50480
