00051.jpg 734 147 72 256 0.99952
00051.jpg 333 157 111 307 0.99950
00051.jpg 330 159 114 310 0.99949
00051.jpg 160 119 109 363 0.99931
00051.jpg 162 120 111 366 0.99929
00051.jpg 338 159 106 313 0.99909
00051.jpg 165 124 111 356 0.99893
00051.jpg 336 154 106 306 0.99887
00051.jpg 431 101 166 437 0.99878
00051.jpg 332 159 110 311 0.99877
00051.jpg 730 141 74 258 0.99877
00051.jpg 157 126 115 352 0.99875
00051.jpg 731 144 71 261 0.99862
00051.jpg 164 121 101 371 0.99857
00051.jpg 332 162 110 309 0.99828
00051.jpg 338 159 105 304 0.99826
00051.jpg 339 154 101 311 0.99821
00051.jpg 161 131 107 350 0.99807
00051.jpg 734 147 75 255 0.99798
00051.jpg 729 146 75 254 0.99775
00051.jpg 331 148 108 316 0.99768
00051.jpg 162 125 113 350 0.99758
00051.jpg 731 144 74 257 0.99723
00051.jpg 162 122 108 358 0.99721
00051.jpg 335 155 110 310 0.99716
00051.jpg 734 146 72 258 0.99708
00051.jpg 734 150 72 254 0.99697
00051.jpg 438 116 144 412 0.99688
00051.jpg 163 123 104 364 0.99688
00051.jpg 440 108 149 415 0.99671
00051.jpg 334 166 107 295 0.99649
00051.jpg 163 124 112 368 0.99613
00051.jpg 331 153 107 314 0.99611
00051.jpg 730 143 74 257 0.99600
00051.jpg 737 143 72 267 0.99566
00051.jpg 735 143 73 262 0.99554
00051.jpg 163 130 106 360 0.99545
00051.jpg 156 119 119 372 0.99536
00051.jpg 342 153 94 317 0.99530
00051.jpg 732 138 76 268 0.99510
00051.jpg 160 123 111 361 0.99502
00051.jpg 158 120 116 364 0.99494
00051.jpg 736 147 70 253 0.99479
00051.jpg 734 144 69 256 0.99434
00051.jpg 331 156 112 313 0.99417
00051.jpg 429 116 152 401 0.99404
00051.jpg 446 109 134 416 0.99401
00051.jpg 155 128 113 347 0.99397
00051.jpg 436 121 149 414 0.99380
00051.jpg 436 129 167 396 0.99352
00051.jpg 336 163 107 305 0.99347
00051.jpg 929 203 30 169 0.99318
00051.jpg 332 158 116 312 0.99309
00051.jpg 734 146 74 257 0.99291
00051.jpg 427 117 176 404 0.99289
00051.jpg 163 125 104 357 0.99268
00051.jpg 164 126 108 362 0.99264
00051.jpg 162 121 105 366 0.99261
00051.jpg 926 196 32 188 0.99251
00051.jpg 737 144 70 261 0.99248
00051.jpg 338 157 101 308 0.99246
00051.jpg 154 121 122 366 0.99216
00051.jpg 335 162 102 301 0.99206
00051.jpg 731 152 76 248 0.99166
00051.jpg 333 149 115 325 0.99166
00051.jpg 450 107 152 416 0.99163
00051.jpg 730 142 73 260 0.99158
00051.jpg 167 125 105 358 0.99131
00051.jpg 438 112 166 404 0.99128
00051.jpg 339 146 98 318 0.99114
00051.jpg 737 142 66 267 0.99110
00051.jpg 438 116 150 419 0.99105
00051.jpg 338 157 103 313 0.99075
00051.jpg 159 128 111 363 0.99050
00051.jpg 339 145 104 325 0.99047
00051.jpg 337 159 102 312 0.99036
00051.jpg 167 126 104 359 0.99033
00051.jpg 730 153 80 243 0.98957
00051.jpg 437 114 153 415 0.98948
00051.jpg 736 142 67 257 0.98917
00051.jpg 333 156 105 307 0.98906
00051.jpg 435 117 171 417 0.98898
00051.jpg 734 147 70 259 0.98878
00051.jpg 445 129 158 399 0.98772
00051.jpg 329 162 119 295 0.98741
00051.jpg 162 121 111 354 0.98711
00051.jpg 332 157 113 309 0.98584
00051.jpg 729 147 73 255 0.98566
00051.jpg 738 143 67 259 0.98550
00051.jpg 733 144 70 261 0.98518
00051.jpg 737 146 70 267 0.98518
00051.jpg 335 161 107 308 0.98516
00051.jpg 441 112 147 410 0.98493
00051.jpg 449 117 147 411 0.98492
00051.jpg 924 200 35 178 0.98453
00051.jpg 339 160 105 306 0.98340
00051.jpg 734 146 72 252 0.98336
00051.jpg 734 149 72 254 0.98285
00051.jpg 160 123 112 367 0.98283
00051.jpg 335 156 109 310 0.98279
00051.jpg 331 153 113 315 0.98272
00051.jpg 160 126 113 361 0.98257
00051.jpg 333 154 108 310 0.98167
00051.jpg 732 145 69 258 0.98137
00051.jpg 165 116 110 367 0.98099
00051.jpg 338 164 103 303 0.98093
00051.jpg 436 116 151 406 0.98089
00051.jpg 161 122 105 363 0.98071
00051.jpg 161 122 114 365 0.98016
00051.jpg 156 123 117 356 0.98016
00051.jpg 2 217 76 275 0.97961
00051.jpg 332 153 105 294 0.97945
00051.jpg 730 148 75 256 0.97899
00051.jpg 734 142 68 259 0.97822
00051.jpg 160 124 113 362 0.97713
00051.jpg 0 215 74 289 0.97688
00051.jpg 161 124 112 354 0.97605
00051.jpg 733 144 74 266 0.97587
00051.jpg 436 97 150 432 0.97537
00051.jpg 737 155 66 255 0.97529
00051.jpg 442 116 152 409 0.97492
00051.jpg 729 148 79 261 0.97260
00051.jpg 439 127 163 397 0.97117
00051.jpg 0 206 74 311 0.97074
00051.jpg 157 129 113 363 0.97061
00051.jpg 340 147 105 318 0.96949
00051.jpg 0 206 75 306 0.96923
00051.jpg 339 155 102 311 0.96841
00051.jpg 3 222 68 283 0.96785
00051.jpg 733 143 70 256 0.96699
00051.jpg 730 145 74 261 0.96677
00051.jpg 736 149 67 251 0.96652
00051.jpg 442 110 141 418 0.96594
00051.jpg 1 208 72 299 0.96587
00051.jpg 435 125 166 387 0.96570
00051.jpg 168 115 102 375 0.96452
00051.jpg 735 147 69 250 0.96369
00051.jpg 738 151 67 251 0.96304
00051.jpg 729 146 74 255 0.96289
00051.jpg 160 126 100 355 0.96278
00051.jpg 337 155 102 318 0.96173
00051.jpg 0 220 77 274 0.96116
00051.jpg 161 127 112 341 0.95973
00051.jpg 437 111 161 405 0.95948
00051.jpg 728 143 77 261 0.95892
00051.jpg 336 138 99 322 0.95578
00051.jpg 737 142 68 262 0.95551
00051.jpg 159 118 109 367 0.95303
00051.jpg 458 123 142 397 0.95267
00051.jpg 0 205 73 310 0.95221
00051.jpg 161 125 104 361 0.94917
00051.jpg 731 143 70 267 0.94757
00051.jpg 423 116 178 405 0.94577
00051.jpg 736 139 69 266 0.94230
00051.jpg 163 126 101 357 0.94147
00051.jpg 732 147 77 251 0.94089
00051.jpg 435 124 151 405 0.94029
00051.jpg 339 158 102 311 0.93904
00051.jpg 339 157 102 304 0.93415
00051.jpg 926 204 32 171 0.93231
00051.jpg 437 120 151 413 0.93057
00051.jpg 2 215 71 278 0.92868
00051.jpg 736 148 70 254 0.92801
00051.jpg 433 126 164 410 0.92248
00051.jpg 161 117 111 364 0.92135
00051.jpg 434 118 159 408 0.92119
00051.jpg 340 147 102 328 0.92032
00051.jpg 443 134 145 388 0.91958
00051.jpg 440 128 153 391 0.91944
00051.jpg 1 210 78 305 0.91826
00051.jpg 431 109 172 417 0.91800
00051.jpg 437 103 163 424 0.91779
00051.jpg 156 123 119 358 0.91765
00051.jpg 6 219 71 266 0.91649
00051.jpg 157 117 108 356 0.91363
00051.jpg 338 153 102 314 0.91325
00051.jpg 339 159 100 304 0.91303
00051.jpg 337 161 105 306 0.91272
00051.jpg 927 203 32 174 0.91239
00051.jpg 439 107 157 432 0.91065
00051.jpg 518 137 89 307 0.91063
00051.jpg 162 120 107 365 0.90931
00051.jpg 927 202 32 172 0.90786
00051.jpg 438 122 156 410 0.90665
00051.jpg 923 204 35 176 0.90393
00051.jpg 0 209 78 308 0.90285
00051.jpg 334 163 111 311 0.90181
00051.jpg 3 213 70 290 0.89751
00051.jpg 735 158 70 233 0.89539
00051.jpg 732 157 72 235 0.89389
00051.jpg 733 152 72 246 0.89301
00051.jpg 431 134 169 391 0.89129
00051.jpg 921 191 38 192 0.88704
00051.jpg 166 119 103 377 0.88682
00051.jpg 166 120 112 368 0.88621
00051.jpg 926 196 33 182 0.88447
00051.jpg 427 119 156 403 0.88356
00051.jpg 451 118 148 399 0.88142
00051.jpg 0 207 82 303 0.88079
00051.jpg 438 117 149 400 0.87547
00051.jpg 1 215 73 286 0.87212
00051.jpg 162 123 117 358 0.87205
00051.jpg 475 130 121 378 0.87198
00051.jpg 725 147 80 256 0.87152
00051.jpg 436 114 143 413 0.86674
00051.jpg 470 126 136 396 0.86238
00051.jpg 167 115 105 379 0.86074
00051.jpg 0 209 77 294 0.86033
00051.jpg 928 214 31 164 0.85636
00051.jpg 738 146 66 253 0.85630
00051.jpg 737 149 67 255 0.85609
00051.jpg 335 152 114 320 0.85486
00051.jpg 0 215 78 284 0.85410
00051.jpg 1 210 76 280 0.85136
00051.jpg 464 112 134 394 0.84992
00051.jpg 510 134 88 343 0.84851
00051.jpg 464 141 132 355 0.84752
00051.jpg 0 211 76 294 0.84553
00051.jpg 735 152 68 248 0.84384
00051.jpg 4 221 70 266 0.84342
00051.jpg 434 126 159 392 0.84333
00051.jpg 436 117 136 410 0.84323
00051.jpg 445 120 159 403 0.84286
00051.jpg 2 215 66 281 0.84257
00051.jpg 735 144 73 258 0.84154
00051.jpg 331 159 113 302 0.84142
00051.jpg 338 154 105 311 0.84056
00051.jpg 518 138 81 314 0.83424
00051.jpg 446 119 150 395 0.83167
00051.jpg 434 123 143 391 0.82997
00051.jpg 1 193 76 333 0.82845
00051.jpg 438 117 158 406 0.82512
00051.jpg 923 203 36 170 0.82469
00051.jpg 170 113 105 369 0.82191
00051.jpg 521 137 83 307 0.82164
00051.jpg 513 138 90 339 0.82045
00051.jpg 0 189 71 335 0.82013
00051.jpg 925 196 33 185 0.81850
00051.jpg 0 213 69 296 0.81633
00051.jpg 343 154 93 315 0.81410
00051.jpg 4 216 69 281 0.81382
00051.jpg 521 140 77 322 0.81272
00051.jpg 1 209 75 295 0.81113
00051.jpg 164 125 99 353 0.80979
00051.jpg 520 138 79 302 0.80925
00051.jpg 432 127 131 400 0.80819
00051.jpg 435 118 163 409 0.80604
00051.jpg 449 126 155 388 0.80402
00051.jpg 516 134 85 311 0.80340
00051.jpg 925 200 34 171 0.80006
00051.jpg 924 202 35 176 0.79910
00051.jpg 925 208 34 168 0.79879
00051.jpg 319 150 115 318 0.79394
00051.jpg 0 203 68 323 0.78967
00051.jpg 0 223 76 288 0.78917
00051.jpg 1 215 74 289 0.78850
00051.jpg 0 206 71 307 0.77867
00051.jpg 3 205 71 321 0.77740
00051.jpg 495 126 104 378 0.77532
00051.jpg 1 223 71 197 0.77194
00051.jpg 2 209 71 305 0.77183
00051.jpg 522 130 77 343 0.77132
00051.jpg 738 156 70 241 0.76874
00051.jpg 435 138 147 371 0.76044
00051.jpg 148 124 132 360 0.75944
00051.jpg 2 220 67 297 0.75755
00051.jpg 337 150 111 316 0.75555
00051.jpg 519 127 77 332 0.75440
00051.jpg 522 139 75 309 0.75429
00051.jpg 433 135 142 382 0.74860
00051.jpg 435 131 134 384 0.74337
00051.jpg 434 112 137 400 0.74266
00051.jpg 518 137 82 336 0.73763
00051.jpg 524 131 80 339 0.73726
00051.jpg 334 164 116 295 0.73683
00051.jpg 729 144 78 262 0.73587
00051.jpg 924 205 35 172 0.73487
00051.jpg 483 119 115 394 0.73284
00051.jpg 925 202 33 172 0.72911
00051.jpg 13 206 61 310 0.72705
00051.jpg 14 222 54 289 0.72034
00051.jpg 440 122 119 405 0.71941
00051.jpg 469 125 128 402 0.71578
00051.jpg 732 150 74 255 0.71350
00051.jpg 163 117 113 381 0.71238
00051.jpg 514 150 87 271 0.70594
00051.jpg 484 110 117 410 0.70258
00051.jpg 335 160 115 301 0.70030
00051.jpg 930 205 29 160 0.69890
00051.jpg 338 153 101 321 0.69815
00051.jpg 506 143 94 331 0.69553
00051.jpg 435 156 144 347 0.69000
00051.jpg 498 126 109 362 0.68014
00051.jpg 920 205 39 175 0.67582
00051.jpg 509 126 94 341 0.67390
00051.jpg 929 200 28 173 0.67370
00051.jpg 160 133 113 337 0.67188
00051.jpg 512 129 81 320 0.67161
00051.jpg 2 223 68 187 0.66791
00051.jpg 452 102 156 417 0.66406
00051.jpg 510 145 88 310 0.65874
00051.jpg 334 158 100 316 0.65779
00051.jpg 922 201 34 180 0.65604
00051.jpg 436 126 129 399 0.65300
00051.jpg 923 208 33 169 0.65095
00051.jpg 440 122 146 397 0.64883
00051.jpg 532 137 64 323 0.64742
00051.jpg 731 145 69 256 0.64638
00051.jpg 928 229 30 142 0.64068
00051.jpg 519 143 82 315 0.63689
00051.jpg 509 121 91 386 0.63608
00051.jpg 522 137 78 307 0.62640
00051.jpg 170 111 93 361 0.62607
00051.jpg 732 141 75 255 0.62534
00051.jpg 431 127 130 376 0.62302
00051.jpg 516 149 84 251 0.62024
00051.jpg 510 134 94 339 0.61568
00051.jpg 335 155 115 319 0.61131
00051.jpg 334 155 115 306 0.60897
00051.jpg 731 140 76 263 0.60724
00051.jpg 167 129 106 337 0.60097
00051.jpg 736 142 77 260 0.60059
00051.jpg 162 121 116 352 0.59941
00051.jpg 531 147 69 284 0.59939
00051.jpg 2 211 61 272 0.59784
00051.jpg 163 135 108 338 0.59726
00051.jpg 728 147 80 260 0.59484
00051.jpg 527 128 77 362 0.59429
00051.jpg 527 143 71 303 0.59192
00051.jpg 513 139 93 277 0.59121
00051.jpg 2 227 72 210 0.58996
00051.jpg 445 103 171 423 0.58850
00051.jpg 736 155 68 225 0.58618
00051.jpg 431 118 170 414 0.58616
00051.jpg 515 129 81 325 0.58471
00051.jpg 518 131 82 309 0.58445
00051.jpg 738 147 73 258 0.58395
00051.jpg 0 185 81 350 0.58256
00051.jpg 0 187 79 331 0.58212
00051.jpg 514 122 90 377 0.58018
00051.jpg 494 125 103 336 0.57306
00051.jpg 428 136 141 377 0.56869
00051.jpg 435 131 113 370 0.56368
00051.jpg 517 140 85 330 0.56007
00051.jpg 922 195 37 189 0.55553
00051.jpg 152 125 115 359 0.55370
00051.jpg 518 145 83 323 0.54437
00051.jpg 2 198 76 334 0.54183
00051.jpg 730 145 77 254 0.53835
00051.jpg 435 125 118 389 0.53777
00051.jpg 527 139 71 321 0.53650
00051.jpg 519 141 82 270 0.53636
00051.jpg 2 203 71 319 0.53230
00051.jpg 0 191 75 339 0.52946
00051.jpg 338 156 102 309 0.52904
00051.jpg 335 154 110 303 0.52841
00051.jpg 335 158 118 290 0.52803
00051.jpg 736 153 74 239 0.52209
00051.jpg 438 130 169 395 0.52086
00051.jpg 738 175 66 223 0.51177
00051.jpg 528 139 73 276 0.50702
00051.jpg 0 420 34 111 0.50553
00051.jpg 457 127 136 360 0.50194
