00057.jpg 351 151 101 319 0.99946
00057.jpg 344 156 108 306 0.99926
00057.jpg 166 116 115 361 0.99914
00057.jpg 346 151 106 315 0.99911
00057.jpg 352 153 93 311 0.99880
00057.jpg 349 149 106 318 0.99873
00057.jpg 427 124 150 394 0.99865
00057.jpg 174 116 113 370 0.99864
00057.jpg 749 146 72 255 0.99850
00057.jpg 419 107 167 429 0.99847
00057.jpg 418 114 160 416 0.99844
00057.jpg 354 152 95 317 0.99843
00057.jpg 353 157 103 309 0.99828
00057.jpg 749 144 75 255 0.99787
00057.jpg 349 157 106 301 0.99782
00057.jpg 353 155 102 299 0.99775
00057.jpg 173 125 113 360 0.99762
00057.jpg 747 144 74 257 0.99760
00057.jpg 426 130 139 394 0.99759
00057.jpg 746 146 69 251 0.99752
00057.jpg 524 132 94 284 0.99752
00057.jpg 746 140 75 265 0.99751
00057.jpg 172 120 116 366 0.99749
00057.jpg 176 114 107 369 0.99740
00057.jpg 747 147 71 251 0.99734
00057.jpg 744 135 77 268 0.99707
00057.jpg 743 146 82 253 0.99694
00057.jpg 169 116 115 365 0.99681
00057.jpg 350 159 96 306 0.99649
00057.jpg 517 129 106 293 0.99643
00057.jpg 168 122 116 369 0.99628
00057.jpg 354 152 97 306 0.99623
00057.jpg 747 142 72 255 0.99605
00057.jpg 167 120 119 362 0.99603
00057.jpg 749 140 71 263 0.99599
00057.jpg 753 142 60 257 0.99597
00057.jpg 170 111 114 375 0.99596
00057.jpg 752 146 66 253 0.99591
00057.jpg 423 128 145 390 0.99587
00057.jpg 743 138 79 269 0.99581
00057.jpg 427 130 155 394 0.99568
00057.jpg 178 110 109 367 0.99466
00057.jpg 352 155 101 305 0.99465
00057.jpg 177 120 107 358 0.99458
00057.jpg 348 152 108 311 0.99444
00057.jpg 522 131 100 305 0.99441
00057.jpg 417 133 160 375 0.99399
00057.jpg 527 137 91 280 0.99379
00057.jpg 0 210 85 317 0.99375
00057.jpg 750 150 74 252 0.99344
00057.jpg 353 154 101 309 0.99343
00057.jpg 351 153 95 320 0.99327
00057.jpg 349 160 101 309 0.99318
00057.jpg 353 146 103 317 0.99308
00057.jpg 424 118 146 420 0.99306
00057.jpg 0 212 85 309 0.99292
00057.jpg 170 118 113 364 0.99277
00057.jpg 748 142 76 255 0.99275
00057.jpg 175 117 112 363 0.99274
00057.jpg 350 161 102 303 0.99267
00057.jpg 745 137 73 264 0.99228
00057.jpg 425 125 151 405 0.99215
00057.jpg 0 217 84 305 0.99179
00057.jpg 170 116 113 358 0.99175
00057.jpg 751 146 68 249 0.99166
00057.jpg 356 145 98 323 0.99155
00057.jpg 744 146 77 250 0.99133
00057.jpg 179 104 103 387 0.99130
00057.jpg 431 109 146 420 0.99128
00057.jpg 437 106 139 427 0.99074
00057.jpg 349 155 103 309 0.99055
00057.jpg 427 128 158 403 0.99016
00057.jpg 170 125 116 355 0.99013
00057.jpg 170 114 115 377 0.98995
00057.jpg 0 212 85 312 0.98958
00057.jpg 752 144 72 261 0.98945
00057.jpg 413 123 171 395 0.98945
00057.jpg 350 154 104 311 0.98936
00057.jpg 341 155 113 309 0.98927
00057.jpg 345 155 108 309 0.98927
00057.jpg 428 121 141 397 0.98894
00057.jpg 521 130 104 296 0.98860
00057.jpg 751 144 69 255 0.98851
00057.jpg 353 158 96 298 0.98845
00057.jpg 521 126 99 308 0.98835
00057.jpg 1 221 86 290 0.98827
00057.jpg 747 145 75 257 0.98824
00057.jpg 753 143 66 253 0.98823
00057.jpg 353 147 99 329 0.98786
00057.jpg 350 152 104 309 0.98777
00057.jpg 1 207 82 324 0.98769
00057.jpg 752 146 64 252 0.98767
00057.jpg 0 206 84 319 0.98755
00057.jpg 1 209 87 307 0.98744
00057.jpg 168 124 113 360 0.98739
00057.jpg 523 131 98 291 0.98730
00057.jpg 424 120 147 407 0.98730
00057.jpg 173 120 112 368 0.98655
00057.jpg 350 152 104 323 0.98613
00057.jpg 521 131 101 287 0.98591
00057.jpg 343 147 111 322 0.98575
00057.jpg 527 139 95 288 0.98545
00057.jpg 524 128 100 303 0.98498
00057.jpg 518 131 109 291 0.98489
00057.jpg 521 130 99 294 0.98468
00057.jpg 170 112 109 363 0.98396
00057.jpg 525 133 98 294 0.98394
00057.jpg 348 154 101 307 0.98385
00057.jpg 177 128 105 353 0.98378
00057.jpg 748 143 70 256 0.98354
00057.jpg 745 147 78 254 0.98326
00057.jpg 168 109 115 374 0.98310
00057.jpg 0 211 83 304 0.98214
00057.jpg 749 144 74 251 0.98193
00057.jpg 748 143 70 258 0.98167
00057.jpg 417 117 165 409 0.98147
00057.jpg 753 144 68 260 0.98113
00057.jpg 520 124 105 297 0.98095
00057.jpg 173 120 107 364 0.98094
00057.jpg 745 152 79 249 0.98091
00057.jpg 424 125 149 390 0.98055
00057.jpg 345 150 106 311 0.98011
00057.jpg 348 150 107 322 0.97885
00057.jpg 431 123 142 387 0.97836
00057.jpg 344 150 112 333 0.97723
00057.jpg 520 134 97 279 0.97631
00057.jpg 520 131 103 296 0.97610
00057.jpg 519 133 107 288 0.97600
00057.jpg 168 119 113 366 0.97576
00057.jpg 432 127 145 411 0.97573
00057.jpg 526 129 94 291 0.97479
00057.jpg 0 210 89 314 0.97445
00057.jpg 526 139 96 274 0.97403
00057.jpg 0 212 83 312 0.97390
00057.jpg 522 126 102 306 0.97339
00057.jpg 353 152 101 312 0.97324
00057.jpg 522 132 106 294 0.97314
00057.jpg 523 140 99 291 0.97263
00057.jpg 749 138 70 264 0.97263
00057.jpg 754 149 66 243 0.97253
00057.jpg 430 115 153 422 0.97244
00057.jpg 0 214 88 306 0.97067
00057.jpg 1 220 84 304 0.96985
00057.jpg 749 148 77 251 0.96924
00057.jpg 354 151 95 318 0.96923
00057.jpg 167 122 110 342 0.96889
00057.jpg 0 210 84 311 0.96776
00057.jpg 421 126 146 388 0.96718
00057.jpg 748 153 73 239 0.96674
00057.jpg 172 120 113 357 0.96632
00057.jpg 352 154 102 318 0.96626
00057.jpg 747 143 77 259 0.96616
00057.jpg 517 130 109 288 0.96613
00057.jpg 0 214 91 305 0.96608
00057.jpg 518 133 110 284 0.96226
00057.jpg 353 159 94 304 0.96119
00057.jpg 747 144 76 259 0.95979
00057.jpg 422 125 152 410 0.95909
00057.jpg 176 111 104 367 0.95832
00057.jpg 748 147 73 260 0.95516
00057.jpg 0 207 88 315 0.95321
00057.jpg 0 211 83 317 0.95255
00057.jpg 423 131 173 383 0.95240
00057.jpg 426 125 138 391 0.95214
00057.jpg 518 123 107 297 0.95102
00057.jpg 521 124 101 299 0.95065
00057.jpg 351 155 96 301 0.94851
00057.jpg 426 140 157 383 0.94841
00057.jpg 0 209 87 310 0.94790
00057.jpg 753 142 68 259 0.94755
00057.jpg 343 149 105 323 0.94575
00057.jpg 351 156 99 309 0.94575
00057.jpg 167 116 116 367 0.94385
00057.jpg 0 214 85 310 0.94214
00057.jpg 521 132 100 291 0.94183
00057.jpg 520 134 103 291 0.93172
00057.jpg 753 158 69 242 0.93026
00057.jpg 523 136 101 283 0.93017
00057.jpg 523 140 95 274 0.92768
00057.jpg 749 148 69 253 0.92620
00057.jpg 747 147 72 240 0.92575
00057.jpg 751 138 75 265 0.92558
00057.jpg 171 116 114 363 0.92494
00057.jpg 521 130 99 288 0.92491
00057.jpg 416 112 173 414 0.92458
00057.jpg 753 142 71 260 0.92216
00057.jpg 347 153 105 321 0.92009
00057.jpg 417 134 161 403 0.91981
00057.jpg 523 133 99 288 0.91961
00057.jpg 750 150 68 241 0.91951
00057.jpg 751 157 69 232 0.91941
00057.jpg 354 158 96 295 0.91783
00057.jpg 171 123 109 360 0.91569
00057.jpg 419 145 154 386 0.91169
00057.jpg 422 128 150 392 0.90973
00057.jpg 525 137 99 286 0.90958
00057.jpg 432 107 163 421 0.90791
00057.jpg 516 138 104 292 0.90671
00057.jpg 167 118 114 366 0.90665
00057.jpg 423 137 163 390 0.90599
00057.jpg 0 202 86 327 0.90563
00057.jpg 525 128 99 290 0.90258
00057.jpg 169 118 107 361 0.90200
00057.jpg 752 146 69 248 0.89993
00057.jpg 522 127 102 297 0.89690
00057.jpg 744 145 77 261 0.89497
00057.jpg 176 113 107 369 0.89348
00057.jpg 523 130 102 290 0.89093
00057.jpg 522 137 101 286 0.88949
00057.jpg 420 122 165 408 0.88874
00057.jpg 177 121 102 354 0.88794
00057.jpg 420 128 158 399 0.88476
00057.jpg 169 124 112 356 0.88111
00057.jpg 437 115 139 396 0.86927
00057.jpg 428 141 144 375 0.86384
00057.jpg 411 135 185 378 0.85965
00057.jpg 0 197 87 328 0.85594
00057.jpg 178 112 101 369 0.85500
00057.jpg 0 201 83 327 0.85426
00057.jpg 422 157 157 370 0.85406
00057.jpg 523 134 96 281 0.85306
00057.jpg 178 123 105 354 0.85251
00057.jpg 523 126 101 294 0.84739
00057.jpg 526 136 99 280 0.84682
00057.jpg 425 107 160 414 0.84638
00057.jpg 420 115 158 424 0.84407
00057.jpg 517 134 106 285 0.84316
00057.jpg 522 133 99 297 0.84085
00057.jpg 526 136 100 282 0.83639
00057.jpg 749 143 70 257 0.83578
00057.jpg 518 133 102 295 0.83446
00057.jpg 522 125 101 299 0.83214
00057.jpg 0 212 84 311 0.83073
00057.jpg 176 124 112 349 0.83047
00057.jpg 427 129 174 395 0.82871
00057.jpg 523 126 97 295 0.82773
00057.jpg 0 210 84 312 0.82452
00057.jpg 356 138 98 330 0.82380
00057.jpg 178 112 113 376 0.82301
00057.jpg 416 125 165 407 0.81534
00057.jpg 934 334 25 39 0.80588
00057.jpg 750 139 69 264 0.80566
00057.jpg 749 142 73 263 0.80403
00057.jpg 0 212 86 303 0.79910
00057.jpg 174 119 112 363 0.79848
00057.jpg 351 143 90 327 0.79792
00057.jpg 426 147 153 364 0.78219
00057.jpg 521 136 102 270 0.77833
00057.jpg 523 120 100 293 0.77706
00057.jpg 348 164 102 296 0.77596
00057.jpg 350 152 99 316 0.77441
00057.jpg 415 131 160 382 0.76441
00057.jpg 517 130 110 307 0.76402
00057.jpg 0 204 82 324 0.75947
00057.jpg 750 143 75 253 0.75432
00057.jpg 174 121 110 358 0.75008
00057.jpg 747 158 75 239 0.74240
00057.jpg 750 148 78 253 0.74020
00057.jpg 430 118 169 396 0.73349
00057.jpg 752 145 69 235 0.72454
00057.jpg 0 214 90 303 0.72426
00057.jpg 519 134 107 282 0.72069
00057.jpg 0 215 81 306 0.71555
00057.jpg 751 145 69 257 0.71477
00057.jpg 425 115 144 412 0.71220
00057.jpg 428 123 138 408 0.70922
00057.jpg 753 149 63 244 0.70891
00057.jpg 6 198 87 316 0.70361
00057.jpg 174 119 112 358 0.70292
00057.jpg 346 169 94 299 0.70260
00057.jpg 347 158 95 294 0.69703
00057.jpg 171 127 113 338 0.69155
00057.jpg 430 135 129 389 0.69109
00057.jpg 411 116 211 411 0.68898
00057.jpg 519 129 101 290 0.68896
00057.jpg 348 159 107 306 0.68782
00057.jpg 1 193 90 332 0.68664
00057.jpg 175 123 113 352 0.68619
00057.jpg 418 154 151 361 0.67917
00057.jpg 522 129 106 292 0.67721
00057.jpg 750 151 68 247 0.67009
00057.jpg 745 140 79 252 0.66383
00057.jpg 350 155 101 302 0.65277
00057.jpg 521 137 97 277 0.64569
00057.jpg 757 149 62 239 0.64226
00057.jpg 447 124 144 361 0.64037
00057.jpg 412 118 184 406 0.63944
00057.jpg 351 141 95 325 0.63138
00057.jpg 165 117 113 363 0.63071
00057.jpg 7 209 75 314 0.62926
00057.jpg 477 120 135 367 0.62710
00057.jpg 167 111 116 373 0.62632
00057.jpg 345 148 109 324 0.62214
00057.jpg 0 207 89 332 0.62126
00057.jpg 436 128 139 386 0.61829
00057.jpg 424 123 163 411 0.61071
00057.jpg 940 334 18 35 0.59299
00057.jpg 353 144 103 305 0.58942
00057.jpg 418 125 176 392 0.58562
00057.jpg 432 115 166 379 0.58176
00057.jpg 349 146 98 322 0.57839
00057.jpg 347 158 106 299 0.57297
00057.jpg 518 129 107 288 0.56734
00057.jpg 174 133 111 331 0.56562
00057.jpg 746 138 73 266 0.56426
00057.jpg 938 334 18 35 0.56360
00057.jpg 932 324 26 50 0.56279
00057.jpg 514 130 104 308 0.55796
00057.jpg 747 146 75 256 0.55181
00057.jpg 358 156 101 304 0.53249
00057.jpg 431 121 188 382 0.52788
00057.jpg 3 218 87 301 0.52763
00057.jpg 165 111 135 364 0.52221
00057.jpg 514 136 111 283 0.51379
00057.jpg 344 157 114 308 0.51112
00057.jpg 409 126 161 398 0.50740
00057.jpg 352 160 104 290 0.50570
