00065.jpg 530 123 101 279 0.99968
00065.jpg 341 100 160 412 0.99947
00065.jpg 181 113 115 360 0.99945
00065.jpg 526 121 109 288 0.99931
00065.jpg 527 121 107 291 0.99920
00065.jpg 764 140 75 252 0.99916
00065.jpg 532 123 97 285 0.99911
00065.jpg 760 134 79 260 0.99900
00065.jpg 531 125 103 287 0.99891
00065.jpg 335 109 173 408 0.99884
00065.jpg 184 107 110 371 0.99858
00065.jpg 531 118 102 287 0.99847
00065.jpg 183 107 116 366 0.99846
00065.jpg 527 120 106 292 0.99827
00065.jpg 759 135 85 254 0.99808
00065.jpg 760 142 84 248 0.99805
00065.jpg 532 127 102 287 0.99804
00065.jpg 346 87 167 423 0.99794
00065.jpg 337 112 167 391 0.99784
00065.jpg 177 122 115 343 0.99779
00065.jpg 761 131 79 264 0.99772
00065.jpg 534 123 101 284 0.99765
00065.jpg 346 109 164 397 0.99764
00065.jpg 182 119 119 361 0.99753
00065.jpg 341 93 169 419 0.99752
00065.jpg 762 131 82 266 0.99739
00065.jpg 182 111 116 363 0.99733
00065.jpg 530 128 105 282 0.99706
00065.jpg 529 121 102 284 0.99706
00065.jpg 185 104 114 374 0.99688
00065.jpg 183 116 112 357 0.99682
00065.jpg 533 122 94 284 0.99681
00065.jpg 760 139 82 260 0.99674
00065.jpg 184 110 105 359 0.99669
00065.jpg 182 111 114 370 0.99661
00065.jpg 534 124 107 284 0.99652
00065.jpg 342 105 162 400 0.99650
00065.jpg 529 130 105 276 0.99625
00065.jpg 531 129 103 275 0.99624
00065.jpg 539 123 96 279 0.99603
00065.jpg 337 106 160 407 0.99596
00065.jpg 186 111 115 367 0.99594
00065.jpg 336 96 167 417 0.99588
00065.jpg 0 137 104 389 0.99581
00065.jpg 186 101 115 383 0.99579
00065.jpg 345 112 155 398 0.99565
00065.jpg 184 108 114 372 0.99561
00065.jpg 184 106 114 371 0.99557
00065.jpg 531 123 104 290 0.99547
00065.jpg 332 106 175 407 0.99544
00065.jpg 759 130 79 264 0.99542
00065.jpg 760 133 82 264 0.99521
00065.jpg 184 121 113 342 0.99512
00065.jpg 351 104 150 401 0.99507
00065.jpg 178 101 119 386 0.99504
00065.jpg 524 126 106 280 0.99504
00065.jpg 179 107 120 374 0.99504
00065.jpg 766 130 75 261 0.99499
00065.jpg 533 118 104 292 0.99480
00065.jpg 353 107 146 406 0.99479
00065.jpg 341 108 160 401 0.99471
00065.jpg 183 104 116 362 0.99464
00065.jpg 0 122 102 399 0.99461
00065.jpg 185 113 110 363 0.99453
00065.jpg 345 99 165 402 0.99416
00065.jpg 345 106 158 405 0.99399
00065.jpg 338 108 171 395 0.99378
00065.jpg 179 106 116 365 0.99366
00065.jpg 534 120 97 289 0.99350
00065.jpg 343 99 161 414 0.99328
00065.jpg 761 134 85 263 0.99300
00065.jpg 2 129 98 398 0.99289
00065.jpg 524 127 113 279 0.99260
00065.jpg 764 134 80 259 0.99252
00065.jpg 535 128 96 280 0.99216
00065.jpg 0 135 101 382 0.99203
00065.jpg 178 105 119 373 0.99197
00065.jpg 762 132 81 261 0.99172
00065.jpg 765 138 81 257 0.99162
00065.jpg 530 130 105 273 0.99157
00065.jpg 344 107 163 397 0.99153
00065.jpg 532 130 99 272 0.99152
00065.jpg 336 101 162 399 0.99149
00065.jpg 0 124 105 399 0.99147
00065.jpg 346 114 167 392 0.99109
00065.jpg 766 131 75 260 0.99095
00065.jpg 527 122 107 287 0.99076
00065.jpg 183 105 116 381 0.99074
00065.jpg 182 117 114 355 0.99070
00065.jpg 183 107 114 363 0.99051
00065.jpg 530 125 104 281 0.99044
00065.jpg 190 107 109 366 0.99005
00065.jpg 182 128 119 343 0.98930
00065.jpg 343 103 163 401 0.98835
00065.jpg 761 125 82 270 0.98834
00065.jpg 184 103 114 371 0.98800
00065.jpg 347 104 163 418 0.98698
00065.jpg 764 127 73 267 0.98679
00065.jpg 0 139 102 375 0.98651
00065.jpg 758 125 79 271 0.98612
00065.jpg 6 124 92 394 0.98611
00065.jpg 531 116 100 293 0.98607
00065.jpg 177 105 120 374 0.98605
00065.jpg 764 129 79 265 0.98560
00065.jpg 3 142 102 372 0.98514
00065.jpg 346 92 165 422 0.98506
00065.jpg 530 120 103 286 0.98466
00065.jpg 0 130 96 373 0.98451
00065.jpg 1 135 106 389 0.98439
00065.jpg 339 100 168 426 0.98402
00065.jpg 526 129 110 276 0.98369
00065.jpg 340 101 165 408 0.98363
00065.jpg 762 134 74 258 0.98311
00065.jpg 761 137 79 252 0.98308
00065.jpg 184 115 115 359 0.98305
00065.jpg 0 148 103 374 0.98294
00065.jpg 0 149 101 370 0.98256
00065.jpg 763 126 78 270 0.98226
00065.jpg 0 148 100 361 0.98209
00065.jpg 343 108 161 401 0.98144
00065.jpg 183 103 109 363 0.98140
00065.jpg 183 108 113 367 0.97989
00065.jpg 344 98 164 409 0.97967
00065.jpg 533 129 100 278 0.97939
00065.jpg 764 137 78 253 0.97920
00065.jpg 761 131 82 258 0.97920
00065.jpg 529 124 100 281 0.97913
00065.jpg 0 142 102 384 0.97898
00065.jpg 186 106 115 371 0.97888
00065.jpg 762 134 78 261 0.97883
00065.jpg 533 117 99 293 0.97815
00065.jpg 185 109 111 364 0.97685
00065.jpg 0 136 105 389 0.97669
00065.jpg 533 116 98 288 0.97666
00065.jpg 529 117 109 291 0.97625
00065.jpg 761 131 81 267 0.97556
00065.jpg 760 133 82 260 0.97505
00065.jpg 350 108 155 402 0.97474
00065.jpg 756 132 85 264 0.97467
00065.jpg 0 140 102 387 0.97351
00065.jpg 764 135 78 268 0.97350
00065.jpg 344 110 160 385 0.97343
00065.jpg 766 136 70 254 0.97229
00065.jpg 0 132 101 387 0.97169
00065.jpg 184 115 112 353 0.97141
00065.jpg 184 112 114 360 0.97089
00065.jpg 765 129 78 270 0.97054
00065.jpg 347 107 160 400 0.97049
00065.jpg 537 128 99 277 0.97041
00065.jpg 0 142 100 386 0.96964
00065.jpg 344 107 171 408 0.96964
00065.jpg 530 131 105 266 0.96932
00065.jpg 340 89 162 433 0.96890
00065.jpg 2 129 98 385 0.96873
00065.jpg 0 138 108 385 0.96821
00065.jpg 530 123 100 285 0.96550
00065.jpg 331 111 160 408 0.96310
00065.jpg 0 139 103 389 0.96310
00065.jpg 762 133 79 268 0.96224
00065.jpg 0 146 99 386 0.96223
00065.jpg 763 131 82 264 0.96218
00065.jpg 0 127 103 398 0.96186
00065.jpg 331 110 169 395 0.96182
00065.jpg 527 121 109 285 0.96075
00065.jpg 340 98 173 417 0.96062
00065.jpg 758 135 86 258 0.96061
00065.jpg 760 138 84 254 0.96001
00065.jpg 0 131 104 394 0.95933
00065.jpg 769 133 69 259 0.95896
00065.jpg 534 129 99 268 0.95874
00065.jpg 763 129 79 266 0.95828
00065.jpg 530 123 99 292 0.95676
00065.jpg 182 105 118 370 0.95561
00065.jpg 187 107 109 376 0.95282
00065.jpg 344 95 164 420 0.95269
00065.jpg 0 140 108 388 0.95023
00065.jpg 532 123 101 283 0.94929
00065.jpg 0 150 98 358 0.94664
00065.jpg 361 100 144 421 0.94559
00065.jpg 0 146 103 370 0.94265
00065.jpg 2 132 97 389 0.94107
00065.jpg 532 125 106 274 0.93843
00065.jpg 352 122 150 380 0.93683
00065.jpg 339 115 159 387 0.93509
00065.jpg 183 123 115 348 0.93330
00065.jpg 358 105 143 409 0.93227
00065.jpg 530 127 102 271 0.93226
00065.jpg 761 126 78 265 0.93194
00065.jpg 764 141 78 256 0.93127
00065.jpg 759 138 79 248 0.92887
00065.jpg 768 139 69 251 0.92883
00065.jpg 3 128 92 399 0.92675
00065.jpg 179 100 119 371 0.92480
00065.jpg 179 111 116 357 0.92174
00065.jpg 529 122 102 284 0.92066
00065.jpg 758 140 89 252 0.91987
00065.jpg 530 129 104 275 0.91952
00065.jpg 340 111 161 396 0.91700
00065.jpg 348 111 153 397 0.91699
00065.jpg 758 128 86 276 0.91677
00065.jpg 766 139 73 242 0.91427
00065.jpg 0 154 95 361 0.90999
00065.jpg 183 105 109 371 0.90754
00065.jpg 4 138 94 385 0.90699
00065.jpg 185 104 118 364 0.90280
00065.jpg 179 108 114 369 0.89666
00065.jpg 536 125 99 273 0.89331
00065.jpg 339 91 167 426 0.89214
00065.jpg 340 114 164 391 0.89212
00065.jpg 763 134 79 253 0.88142
00065.jpg 528 134 108 263 0.88086
00065.jpg 764 130 79 263 0.87826
00065.jpg 770 137 72 245 0.87678
00065.jpg 761 137 79 261 0.87606
00065.jpg 339 95 165 427 0.87370
00065.jpg 0 131 102 397 0.86938
00065.jpg 763 127 79 266 0.86886
00065.jpg 185 105 115 371 0.86844
00065.jpg 357 105 152 385 0.86694
00065.jpg 345 100 151 413 0.86409
00065.jpg 763 134 81 257 0.86207
00065.jpg 757 136 93 257 0.86204
00065.jpg 534 118 99 290 0.85968
00065.jpg 177 99 123 384 0.85432
00065.jpg 764 149 81 234 0.85205
00065.jpg 344 113 150 387 0.84897
00065.jpg 0 138 101 380 0.84682
00065.jpg 761 130 85 264 0.83871
00065.jpg 345 105 153 412 0.82526
00065.jpg 0 148 98 374 0.82387
00065.jpg 317 101 185 403 0.81875
00065.jpg 185 109 115 361 0.81575
00065.jpg 529 126 107 278 0.80867
00065.jpg 763 136 80 245 0.80689
00065.jpg 178 101 126 373 0.80405
00065.jpg 184 113 117 344 0.80218
00065.jpg 533 111 92 301 0.78841
00065.jpg 760 134 85 264 0.78427
00065.jpg 6 136 104 366 0.77305
00065.jpg 180 93 122 396 0.76801
00065.jpg 527 114 107 290 0.75704
00065.jpg 336 105 154 388 0.75575
00065.jpg 3 123 106 399 0.75513
00065.jpg 533 121 103 287 0.74707
00065.jpg 192 111 108 354 0.74449
00065.jpg 758 133 86 257 0.74442
00065.jpg 186 104 119 378 0.74213
00065.jpg 0 155 100 354 0.74051
00065.jpg 330 104 167 402 0.73647
00065.jpg 343 127 155 370 0.71147
00065.jpg 767 145 73 241 0.69876
00065.jpg 340 105 150 384 0.69654
00065.jpg 355 104 154 419 0.69376
00065.jpg 182 100 121 386 0.69271
00065.jpg 367 108 141 384 0.68495
00065.jpg 760 125 72 275 0.67795
00065.jpg 340 109 160 401 0.66798
00065.jpg 536 133 92 270 0.66332
00065.jpg 338 103 164 400 0.65889
00065.jpg 0 143 103 377 0.62437
00065.jpg 768 130 78 266 0.62343
00065.jpg 356 97 156 412 0.61398
00065.jpg 2 142 105 368 0.61198
00065.jpg 529 128 100 276 0.60208
00065.jpg 528 118 108 273 0.60155
00065.jpg 758 124 74 272 0.60118
00065.jpg 0 127 105 412 0.59263
00065.jpg 762 134 79 265 0.59105
00065.jpg 185 117 112 358 0.59049
00065.jpg 0 134 101 381 0.58314
00065.jpg 766 141 71 243 0.58120
00065.jpg 344 79 152 435 0.58088
00065.jpg 529 131 101 274 0.58044
00065.jpg 524 121 107 280 0.56652
00065.jpg 771 137 65 242 0.56229
00065.jpg 351 103 156 396 0.54974
00065.jpg 348 112 159 395 0.54792
00065.jpg 538 113 98 301 0.54501
00065.jpg 523 118 109 300 0.53571
00065.jpg 179 113 117 341 0.52994
00065.jpg 529 124 100 272 0.52801
00065.jpg 526 127 105 280 0.52655
00065.jpg 181 120 116 346 0.52421
00065.jpg 758 142 80 244 0.51956
00065.jpg 0 136 95 375 0.51274
00065.jpg 527 123 95 273 0.51097
00065.jpg 334 110 179 396 0.50948
00065.jpg 770 137 69 243 0.50601
