00079.jpg 559 101 104 290 0.99963
00079.jpg 798 123 85 252 0.99941
00079.jpg 798 122 85 258 0.99933
00079.jpg 563 104 99 294 0.99928
00079.jpg 562 103 97 285 0.99917
00079.jpg 0 128 127 383 0.99892
00079.jpg 208 105 98 360 0.99888
00079.jpg 794 128 96 247 0.99860
00079.jpg 1 123 127 387 0.99858
00079.jpg 404 126 94 324 0.99857
00079.jpg 400 127 109 314 0.99846
00079.jpg 566 101 93 293 0.99841
00079.jpg 565 106 100 284 0.99830
00079.jpg 564 108 97 286 0.99829
00079.jpg 275 77 181 453 0.99825
00079.jpg 0 130 126 376 0.99824
00079.jpg 798 126 89 252 0.99821
00079.jpg 214 98 94 374 0.99803
00079.jpg 567 107 92 290 0.99789
00079.jpg 282 91 189 437 0.99779
00079.jpg 793 123 92 255 0.99769
00079.jpg 396 134 107 308 0.99763
00079.jpg 795 123 86 251 0.99759
00079.jpg 278 97 178 429 0.99753
00079.jpg 800 125 85 251 0.99749
00079.jpg 4 124 124 382 0.99749
00079.jpg 269 83 175 452 0.99737
00079.jpg 0 128 127 381 0.99717
00079.jpg 570 111 96 279 0.99708
00079.jpg 398 123 104 325 0.99682
00079.jpg 11 126 119 386 0.99680
00079.jpg 273 95 193 436 0.99659
00079.jpg 566 106 104 291 0.99653
00079.jpg 564 113 97 283 0.99639
00079.jpg 3 117 131 395 0.99628
00079.jpg 797 120 88 257 0.99626
00079.jpg 266 106 204 424 0.99625
00079.jpg 569 110 95 280 0.99624
00079.jpg 564 107 100 292 0.99605
00079.jpg 0 121 130 396 0.99605
00079.jpg 562 103 102 287 0.99603
00079.jpg 272 93 174 438 0.99590
00079.jpg 400 127 101 319 0.99576
00079.jpg 275 87 197 439 0.99575
00079.jpg 273 86 182 442 0.99559
00079.jpg 795 126 88 251 0.99541
00079.jpg 800 126 84 251 0.99534
00079.jpg 563 110 99 285 0.99524
00079.jpg 0 125 131 387 0.99519
00079.jpg 566 101 97 294 0.99508
00079.jpg 211 105 96 370 0.99501
00079.jpg 801 125 87 240 0.99493
00079.jpg 213 101 89 379 0.99452
00079.jpg 559 101 106 294 0.99449
00079.jpg 566 103 100 292 0.99434
00079.jpg 565 107 97 281 0.99423
00079.jpg 798 122 83 261 0.99423
00079.jpg 564 110 101 288 0.99412
00079.jpg 563 109 101 291 0.99412
00079.jpg 0 122 138 385 0.99393
00079.jpg 5 120 123 382 0.99381
00079.jpg 285 87 165 441 0.99359
00079.jpg 800 124 83 257 0.99344
00079.jpg 564 106 101 287 0.99344
00079.jpg 402 127 105 324 0.99341
00079.jpg 561 103 103 292 0.99325
00079.jpg 398 124 105 324 0.99299
00079.jpg 209 101 93 374 0.99262
00079.jpg 277 74 186 458 0.99258
00079.jpg 3 135 120 362 0.99185
00079.jpg 284 89 166 435 0.99182
00079.jpg 269 84 194 439 0.99177
00079.jpg 561 109 103 283 0.99175
00079.jpg 1 124 131 380 0.99173
00079.jpg 213 109 96 360 0.99169
00079.jpg 1 126 128 384 0.99146
00079.jpg 794 133 90 241 0.99143
00079.jpg 209 112 94 347 0.99107
00079.jpg 796 125 91 261 0.99101
00079.jpg 211 107 90 366 0.99099
00079.jpg 396 126 105 323 0.99087
00079.jpg 208 104 102 364 0.99073
00079.jpg 277 96 179 437 0.99067
00079.jpg 401 132 102 316 0.99041
00079.jpg 568 105 94 287 0.99020
00079.jpg 206 102 98 372 0.99001
00079.jpg 5 122 127 387 0.98995
00079.jpg 7 132 125 365 0.98987
00079.jpg 272 87 184 442 0.98973
00079.jpg 278 80 181 459 0.98961
00079.jpg 797 122 91 256 0.98879
00079.jpg 0 127 130 379 0.98876
00079.jpg 802 125 81 252 0.98851
00079.jpg 789 124 100 251 0.98849
00079.jpg 401 138 108 307 0.98816
00079.jpg 401 132 101 311 0.98806
00079.jpg 404 127 97 322 0.98787
00079.jpg 566 111 97 282 0.98787
00079.jpg 569 103 92 292 0.98778
00079.jpg 799 122 83 264 0.98720
00079.jpg 208 109 91 362 0.98686
00079.jpg 567 109 92 281 0.98658
00079.jpg 801 120 80 264 0.98564
00079.jpg 285 79 166 454 0.98546
00079.jpg 211 110 90 357 0.98535
00079.jpg 0 118 132 403 0.98534
00079.jpg 0 127 128 383 0.98521
00079.jpg 284 88 145 443 0.98505
00079.jpg 566 112 94 282 0.98490
00079.jpg 279 101 176 429 0.98485
00079.jpg 210 99 95 376 0.98473
00079.jpg 404 133 106 314 0.98461
00079.jpg 211 102 93 372 0.98442
00079.jpg 209 106 93 359 0.98433
00079.jpg 209 109 91 354 0.98393
00079.jpg 212 115 89 355 0.98390
00079.jpg 564 107 94 288 0.98383
00079.jpg 397 133 108 308 0.98296
00079.jpg 799 128 86 253 0.98207
00079.jpg 800 125 88 254 0.98206
00079.jpg 567 109 96 289 0.98187
00079.jpg 401 128 96 315 0.98163
00079.jpg 794 122 88 258 0.98134
00079.jpg 396 125 112 322 0.98108
00079.jpg 792 131 93 245 0.98073
00079.jpg 211 101 91 380 0.98027
00079.jpg 0 122 123 390 0.98026
00079.jpg 565 105 93 288 0.97951
00079.jpg 563 110 98 285 0.97950
00079.jpg 281 88 175 443 0.97928
00079.jpg 566 109 101 287 0.97926
00079.jpg 1 132 124 370 0.97911
00079.jpg 209 102 97 373 0.97849
00079.jpg 395 124 116 323 0.97815
00079.jpg 5 135 122 358 0.97764
00079.jpg 560 101 104 298 0.97750
00079.jpg 564 103 103 287 0.97706
00079.jpg 406 119 95 330 0.97658
00079.jpg 398 129 107 310 0.97608
00079.jpg 0 129 121 376 0.97604
00079.jpg 401 128 98 321 0.97472
00079.jpg 565 103 94 293 0.97456
00079.jpg 400 134 101 309 0.97456
00079.jpg 798 131 85 246 0.97413
00079.jpg 284 101 150 427 0.97409
00079.jpg 260 108 200 423 0.97337
00079.jpg 397 124 103 322 0.97322
00079.jpg 796 131 86 253 0.97202
00079.jpg 400 132 105 312 0.97190
00079.jpg 794 129 94 249 0.97183
00079.jpg 398 127 104 322 0.97182
00079.jpg 272 81 180 450 0.97151
00079.jpg 561 103 103 285 0.97114
00079.jpg 798 121 88 262 0.96905
00079.jpg 0 121 133 395 0.96795
00079.jpg 561 110 100 277 0.96782
00079.jpg 0 131 129 376 0.96780
00079.jpg 211 107 96 359 0.96770
00079.jpg 210 105 92 366 0.96765
00079.jpg 2 122 129 383 0.96678
00079.jpg 562 94 100 303 0.96669
00079.jpg 398 128 106 325 0.96571
00079.jpg 260 101 214 437 0.96479
00079.jpg 798 123 82 270 0.96302
00079.jpg 266 90 202 447 0.96279
00079.jpg 280 83 177 452 0.96254
00079.jpg 278 85 165 446 0.96192
00079.jpg 208 107 97 367 0.95926
00079.jpg 0 133 128 373 0.95920
00079.jpg 399 132 102 306 0.95854
00079.jpg 210 106 92 370 0.95847
00079.jpg 269 109 184 419 0.95843
00079.jpg 798 120 86 266 0.95633
00079.jpg 800 128 85 251 0.95529
00079.jpg 796 125 89 253 0.95503
00079.jpg 800 136 85 244 0.95412
00079.jpg 274 106 163 416 0.95316
00079.jpg 291 92 176 447 0.95293
00079.jpg 566 101 96 295 0.95272
00079.jpg 262 98 195 433 0.95080
00079.jpg 281 90 154 443 0.94903
00079.jpg 214 114 87 353 0.94821
00079.jpg 560 101 106 293 0.94737
00079.jpg 1 119 126 387 0.94727
00079.jpg 277 78 186 459 0.94478
00079.jpg 270 98 205 430 0.94369
00079.jpg 277 102 159 425 0.94332
00079.jpg 0 141 127 352 0.94318
00079.jpg 395 133 106 308 0.93347
00079.jpg 798 125 89 258 0.93240
00079.jpg 4 119 119 385 0.92913
00079.jpg 210 109 90 358 0.92737
00079.jpg 795 124 89 257 0.92633
00079.jpg 276 99 163 426 0.92462
00079.jpg 566 102 96 291 0.92329
00079.jpg 211 99 88 379 0.92215
00079.jpg 210 104 90 349 0.92071
00079.jpg 213 107 85 343 0.91802
00079.jpg 401 132 101 312 0.91790
00079.jpg 564 114 102 270 0.91649
00079.jpg 798 120 82 265 0.90530
00079.jpg 564 105 94 287 0.90433
00079.jpg 565 106 92 284 0.90412
00079.jpg 282 111 171 421 0.90316
00079.jpg 398 131 108 311 0.90260
00079.jpg 561 96 94 287 0.89841
00079.jpg 268 95 197 438 0.89821
00079.jpg 400 132 107 317 0.89730
00079.jpg 208 100 100 375 0.89638
00079.jpg 564 108 100 289 0.89323
00079.jpg 277 87 166 443 0.89236
00079.jpg 793 127 92 254 0.88992
00079.jpg 408 112 100 335 0.88547
00079.jpg 565 104 102 292 0.88500
00079.jpg 801 123 87 251 0.88376
00079.jpg 215 105 94 357 0.88357
00079.jpg 0 129 131 374 0.88137
00079.jpg 561 107 103 278 0.87666
00079.jpg 217 122 84 346 0.87531
00079.jpg 211 112 96 354 0.86939
00079.jpg 563 110 97 276 0.85261
00079.jpg 569 101 96 293 0.85193
00079.jpg 403 122 99 319 0.85010
00079.jpg 0 123 128 382 0.85002
00079.jpg 271 86 213 453 0.84972
00079.jpg 795 130 91 247 0.84527
00079.jpg 402 131 99 312 0.84393
00079.jpg 213 103 98 376 0.84049
00079.jpg 563 104 100 286 0.84029
00079.jpg 400 139 101 291 0.83768
00079.jpg 245 101 228 433 0.83746
00079.jpg 0 122 126 385 0.83496
00079.jpg 800 133 85 239 0.83158
00079.jpg 397 127 104 327 0.83000
00079.jpg 795 127 95 251 0.82721
00079.jpg 3 129 123 380 0.82504
00079.jpg 214 99 101 368 0.82296
00079.jpg 397 126 103 323 0.81877
00079.jpg 399 123 102 321 0.81719
00079.jpg 795 134 84 238 0.80101
00079.jpg 399 127 107 313 0.79975
00079.jpg 794 123 92 253 0.79962
00079.jpg 0 109 133 383 0.79754
00079.jpg 295 105 181 423 0.79453
00079.jpg 566 105 99 287 0.79388
00079.jpg 407 117 97 320 0.78548
00079.jpg 562 108 102 285 0.78364
00079.jpg 270 105 173 413 0.77858
00079.jpg 272 92 151 447 0.77639
00079.jpg 206 98 97 383 0.77560
00079.jpg 791 127 92 251 0.77286
00079.jpg 214 101 93 369 0.76578
00079.jpg 277 87 147 452 0.76071
00079.jpg 394 129 114 316 0.76002
00079.jpg 213 105 89 355 0.75626
00079.jpg 209 105 89 355 0.75474
00079.jpg 277 92 142 445 0.75271
00079.jpg 7 132 124 368 0.74850
00079.jpg 393 124 107 308 0.74816
00079.jpg 208 102 90 354 0.74118
00079.jpg 563 104 99 282 0.73839
00079.jpg 276 105 154 434 0.73338
00079.jpg 3 124 127 373 0.71118
00079.jpg 393 130 105 303 0.71034
00079.jpg 394 125 117 307 0.70571
00079.jpg 268 99 192 416 0.70485
00079.jpg 799 120 82 262 0.69453
00079.jpg 794 120 94 254 0.69244
00079.jpg 788 130 101 247 0.69160
00079.jpg 209 118 99 349 0.68307
00079.jpg 211 103 101 372 0.68262
00079.jpg 400 123 102 325 0.68006
00079.jpg 561 99 110 300 0.67692
00079.jpg 791 121 91 260 0.66978
00079.jpg 287 90 138 402 0.66382
00079.jpg 794 137 87 227 0.65717
00079.jpg 269 93 150 434 0.65422
00079.jpg 289 113 194 400 0.65131
00079.jpg 270 69 224 467 0.64985
00079.jpg 246 79 161 436 0.61939
00079.jpg 398 131 106 305 0.60329
00079.jpg 562 107 101 284 0.59000
00079.jpg 801 114 84 264 0.58902
00079.jpg 5 129 120 371 0.58611
00079.jpg 561 102 106 294 0.58211
00079.jpg 213 143 93 322 0.57871
00079.jpg 209 112 96 349 0.56509
00079.jpg 260 105 227 425 0.56064
00079.jpg 566 109 101 278 0.55929
00079.jpg 207 108 104 363 0.55211
00079.jpg 272 85 163 450 0.54575
00079.jpg 397 132 106 319 0.54068
00079.jpg 805 122 77 255 0.54033
00079.jpg 803 132 83 242 0.53511
00079.jpg 573 100 92 291 0.52996
00079.jpg 564 110 100 284 0.52372
00079.jpg 291 96 188 431 0.52155
00079.jpg 213 116 99 330 0.52125
00079.jpg 205 101 105 372 0.51138
00079.jpg 373 99 124 378 0.50133
00079.jpg 404 130 103 308 0.50103
