00083.jpg 571 101 106 292 0.99970
00083.jpg 573 110 98 272 0.99963
00083.jpg 569 110 106 283 0.99963
00083.jpg 805 156 112 225 0.99948
00083.jpg 408 134 104 308 0.99948
00083.jpg 577 110 91 281 0.99931
00083.jpg 798 151 122 235 0.99929
00083.jpg 410 124 103 316 0.99929
00083.jpg 573 103 100 292 0.99920
00083.jpg 411 131 104 305 0.99920
00083.jpg 804 152 115 232 0.99919
00083.jpg 801 152 119 231 0.99916
00083.jpg 805 157 113 224 0.99910
00083.jpg 404 125 109 309 0.99909
00083.jpg 802 149 114 231 0.99907
00083.jpg 808 150 107 238 0.99901
00083.jpg 581 106 86 291 0.99894
00083.jpg 802 155 114 230 0.99894
00083.jpg 410 129 102 318 0.99892
00083.jpg 796 151 118 229 0.99888
00083.jpg 408 134 96 308 0.99885
00083.jpg 575 105 95 289 0.99884
00083.jpg 809 153 109 232 0.99882
00083.jpg 804 155 110 229 0.99868
00083.jpg 572 105 103 289 0.99867
00083.jpg 409 130 103 308 0.99863
00083.jpg 568 109 102 287 0.99840
00083.jpg 405 124 104 320 0.99838
00083.jpg 803 155 113 227 0.99822
00083.jpg 402 130 108 310 0.99821
00083.jpg 413 127 94 319 0.99813
00083.jpg 808 148 114 236 0.99811
00083.jpg 577 101 93 295 0.99804
00083.jpg 807 153 105 229 0.99804
00083.jpg 575 108 101 283 0.99803
00083.jpg 0 140 133 365 0.99801
00083.jpg 407 128 99 309 0.99788
00083.jpg 567 105 107 283 0.99762
00083.jpg 0 130 133 383 0.99758
00083.jpg 803 153 110 225 0.99749
00083.jpg 0 138 139 372 0.99727
00083.jpg 571 110 101 281 0.99716
00083.jpg 808 152 110 234 0.99716
00083.jpg 806 153 107 231 0.99708
00083.jpg 575 114 99 283 0.99707
00083.jpg 0 139 129 369 0.99678
00083.jpg 410 133 96 300 0.99666
00083.jpg 579 108 94 279 0.99661
00083.jpg 3 126 128 374 0.99660
00083.jpg 0 130 135 377 0.99657
00083.jpg 406 126 96 323 0.99646
00083.jpg 0 134 130 363 0.99643
00083.jpg 2 131 135 373 0.99640
00083.jpg 401 129 113 316 0.99635
00083.jpg 806 151 115 230 0.99620
00083.jpg 226 80 146 404 0.99609
00083.jpg 805 158 116 220 0.99565
00083.jpg 1 133 130 374 0.99559
00083.jpg 402 128 110 312 0.99557
00083.jpg 802 151 116 234 0.99547
00083.jpg 405 128 105 314 0.99508
00083.jpg 407 125 99 318 0.99506
00083.jpg 803 151 111 238 0.99496
00083.jpg 409 124 96 320 0.99484
00083.jpg 573 109 100 286 0.99484
00083.jpg 408 124 103 315 0.99454
00083.jpg 801 153 112 223 0.99438
00083.jpg 574 99 97 292 0.99431
00083.jpg 569 107 106 287 0.99407
00083.jpg 0 141 135 361 0.99382
00083.jpg 404 137 106 302 0.99366
00083.jpg 800 149 114 234 0.99363
00083.jpg 807 157 111 222 0.99300
00083.jpg 407 131 98 309 0.99294
00083.jpg 9 134 125 373 0.99282
00083.jpg 577 106 97 288 0.99280
00083.jpg 577 112 95 278 0.99258
00083.jpg 806 156 108 228 0.99247
00083.jpg 573 102 104 291 0.99241
00083.jpg 812 154 99 230 0.99227
00083.jpg 223 71 156 417 0.99208
00083.jpg 0 130 139 371 0.99205
00083.jpg 806 153 108 232 0.99200
00083.jpg 807 153 102 232 0.99185
00083.jpg 219 83 157 357 0.99180
00083.jpg 409 131 101 309 0.99158
00083.jpg 0 132 132 382 0.99156
00083.jpg 0 130 138 375 0.99091
00083.jpg 574 110 94 278 0.99061
00083.jpg 572 105 100 288 0.99058
00083.jpg 408 125 103 316 0.99025
00083.jpg 572 107 96 291 0.99016
00083.jpg 0 133 132 374 0.99015
00083.jpg 408 127 99 318 0.99009
00083.jpg 575 100 102 301 0.98989
00083.jpg 1 123 137 382 0.98974
00083.jpg 4 128 131 381 0.98957
00083.jpg 2 134 131 377 0.98945
00083.jpg 2 141 128 370 0.98945
00083.jpg 807 154 113 224 0.98939
00083.jpg 215 86 180 403 0.98901
00083.jpg 5 136 126 376 0.98868
00083.jpg 406 127 99 313 0.98804
00083.jpg 573 108 99 285 0.98771
00083.jpg 797 149 119 228 0.98705
00083.jpg 409 126 102 319 0.98685
00083.jpg 577 112 97 272 0.98621
00083.jpg 577 110 99 273 0.98584
00083.jpg 0 135 133 375 0.98562
00083.jpg 407 132 104 309 0.98558
00083.jpg 570 104 100 284 0.98543
00083.jpg 0 133 133 380 0.98467
00083.jpg 0 141 137 372 0.98466
00083.jpg 575 104 96 290 0.98419
00083.jpg 577 106 95 285 0.98406
00083.jpg 219 78 161 398 0.98363
00083.jpg 0 136 139 382 0.98341
00083.jpg 804 155 115 234 0.98306
00083.jpg 1 136 133 367 0.98303
00083.jpg 406 128 102 316 0.98285
00083.jpg 577 107 95 286 0.98264
00083.jpg 577 105 98 289 0.98216
00083.jpg 574 102 102 295 0.98200
00083.jpg 406 124 103 307 0.98194
00083.jpg 3 133 137 365 0.98148
00083.jpg 574 104 95 292 0.98147
00083.jpg 805 154 114 230 0.98142
00083.jpg 806 163 107 214 0.98097
00083.jpg 212 82 178 401 0.98040
00083.jpg 405 131 106 316 0.98038
00083.jpg 410 125 101 318 0.98021
00083.jpg 406 126 101 316 0.98012
00083.jpg 2 130 128 384 0.98010
00083.jpg 0 138 133 375 0.97993
00083.jpg 407 132 104 311 0.97992
00083.jpg 219 84 169 413 0.97990
00083.jpg 221 78 157 354 0.97954
00083.jpg 225 88 161 395 0.97854
00083.jpg 574 106 104 286 0.97707
00083.jpg 220 72 165 408 0.97646
00083.jpg 235 89 143 389 0.97631
00083.jpg 571 103 105 295 0.97605
00083.jpg 211 82 171 402 0.97603
00083.jpg 402 132 104 298 0.97493
00083.jpg 221 81 157 412 0.97323
00083.jpg 218 84 159 382 0.97303
00083.jpg 805 149 107 237 0.97285
00083.jpg 566 101 105 292 0.97211
00083.jpg 401 122 101 316 0.97085
00083.jpg 214 70 175 426 0.97007
00083.jpg 224 76 156 387 0.97000
00083.jpg 210 76 184 411 0.96841
00083.jpg 575 114 98 265 0.96793
00083.jpg 219 80 154 364 0.96761
00083.jpg 217 80 165 392 0.96754
00083.jpg 0 131 132 376 0.96731
00083.jpg 224 74 151 414 0.96727
00083.jpg 222 81 162 412 0.96648
00083.jpg 211 71 168 398 0.96520
00083.jpg 224 70 155 416 0.96401
00083.jpg 1 128 132 383 0.96248
00083.jpg 216 85 165 335 0.96166
00083.jpg 802 160 116 221 0.95965
00083.jpg 7 131 129 376 0.95947
00083.jpg 809 154 109 228 0.95919
00083.jpg 225 80 153 346 0.95826
00083.jpg 225 82 149 344 0.95584
00083.jpg 578 107 102 291 0.95368
00083.jpg 224 78 157 334 0.94893
00083.jpg 301 477 105 62 0.94886
00083.jpg 805 155 111 228 0.94665
00083.jpg 225 83 150 357 0.94647
00083.jpg 807 159 110 221 0.94570
00083.jpg 572 107 106 287 0.94502
00083.jpg 809 153 105 237 0.94486
00083.jpg 801 157 117 228 0.94434
00083.jpg 575 110 95 285 0.94157
00083.jpg 223 85 152 338 0.93926
00083.jpg 230 76 154 417 0.93841
00083.jpg 221 86 158 407 0.93687
00083.jpg 406 131 104 306 0.93549
00083.jpg 576 103 98 291 0.93427
00083.jpg 408 124 97 309 0.93133
00083.jpg 5 140 129 372 0.92912
00083.jpg 574 106 93 285 0.92790
00083.jpg 223 74 139 419 0.92545
00083.jpg 214 82 173 323 0.92465
00083.jpg 1 125 132 388 0.92395
00083.jpg 399 130 114 312 0.92333
00083.jpg 213 77 179 386 0.92273
00083.jpg 797 158 125 223 0.92248
00083.jpg 4 136 123 372 0.92234
00083.jpg 218 92 157 316 0.92198
00083.jpg 807 154 111 229 0.92153
00083.jpg 224 88 154 354 0.92001
00083.jpg 802 152 112 225 0.91331
00083.jpg 229 86 146 344 0.91330
00083.jpg 801 153 116 226 0.90604
00083.jpg 577 102 98 289 0.90603
00083.jpg 580 105 90 282 0.90602
00083.jpg 222 75 153 370 0.90495
00083.jpg 399 135 109 306 0.90439
00083.jpg 809 150 111 226 0.90075
00083.jpg 219 78 163 390 0.89933
00083.jpg 809 152 102 230 0.89780
00083.jpg 571 108 105 275 0.89636
00083.jpg 229 89 146 337 0.89493
00083.jpg 801 144 129 232 0.89476
00083.jpg 215 78 176 413 0.89371
00083.jpg 406 130 102 320 0.89212
00083.jpg 220 71 156 368 0.88779
00083.jpg 220 80 170 410 0.88174
00083.jpg 222 78 163 323 0.87214
00083.jpg 579 101 93 294 0.87172
00083.jpg 301 475 108 64 0.87136
00083.jpg 806 157 106 219 0.86977
00083.jpg 4 119 133 386 0.86838
00083.jpg 226 85 171 399 0.86468
00083.jpg 405 140 99 286 0.85765
00083.jpg 223 88 152 337 0.85762
00083.jpg 217 77 177 394 0.85705
00083.jpg 581 108 93 283 0.85449
00083.jpg 804 152 130 226 0.85205
00083.jpg 222 83 149 329 0.85121
00083.jpg 801 154 115 224 0.85079
00083.jpg 579 98 96 289 0.84772
00083.jpg 2 135 134 376 0.84694
00083.jpg 219 76 154 372 0.84624
00083.jpg 226 96 160 410 0.84474
00083.jpg 207 85 163 388 0.83226
00083.jpg 223 73 161 421 0.83020
00083.jpg 226 81 159 416 0.82566
00083.jpg 401 130 107 300 0.82502
00083.jpg 223 87 159 420 0.81997
00083.jpg 572 103 93 288 0.81984
00083.jpg 2 139 128 359 0.81848
00083.jpg 1 141 124 367 0.81744
00083.jpg 225 80 153 354 0.81416
00083.jpg 412 128 103 299 0.81323
00083.jpg 222 75 163 386 0.81071
00083.jpg 225 72 170 424 0.80664
00083.jpg 806 159 107 218 0.80600
00083.jpg 575 111 97 276 0.80528
00083.jpg 411 127 96 314 0.80401
00083.jpg 796 156 123 233 0.79888
00083.jpg 799 156 121 226 0.79888
00083.jpg 408 132 105 289 0.79746
00083.jpg 0 121 136 396 0.79194
00083.jpg 799 154 114 224 0.78993
00083.jpg 574 107 94 273 0.78947
00083.jpg 227 60 148 394 0.78880
00083.jpg 801 149 119 232 0.78712
00083.jpg 584 99 84 302 0.78592
00083.jpg 414 129 99 304 0.78404
00083.jpg 800 149 121 230 0.78208
00083.jpg 296 474 119 64 0.78153
00083.jpg 799 145 112 239 0.78096
00083.jpg 806 156 107 222 0.77933
00083.jpg 218 84 158 317 0.77698
00083.jpg 3 140 133 348 0.77450
00083.jpg 804 154 108 227 0.77092
00083.jpg 571 104 94 280 0.77047
00083.jpg 409 124 94 314 0.77014
00083.jpg 208 75 181 414 0.76804
00083.jpg 404 126 105 327 0.76359
00083.jpg 403 132 109 312 0.76336
00083.jpg 800 154 115 227 0.75473
00083.jpg 223 85 153 357 0.74691
00083.jpg 808 158 109 223 0.74207
00083.jpg 409 138 96 299 0.73679
00083.jpg 0 136 129 372 0.73109
00083.jpg 809 152 106 239 0.73086
00083.jpg 408 131 101 311 0.72851
00083.jpg 567 108 111 281 0.72348
00083.jpg 222 79 158 375 0.72280
00083.jpg 2 133 132 381 0.72061
00083.jpg 295 474 119 65 0.71905
00083.jpg 807 152 113 230 0.70264
00083.jpg 404 127 104 308 0.69482
00083.jpg 405 120 109 321 0.68446
00083.jpg 805 147 120 235 0.68376
00083.jpg 809 152 106 234 0.68318
00083.jpg 806 159 108 217 0.68185
00083.jpg 223 82 154 331 0.68097
00083.jpg 407 128 103 308 0.67222
00083.jpg 803 153 118 228 0.67099
00083.jpg 242 76 149 405 0.66944
00083.jpg 218 84 160 426 0.66596
00083.jpg 575 104 105 292 0.65813
00083.jpg 800 151 114 237 0.65770
00083.jpg 577 120 98 279 0.64576
00083.jpg 220 86 154 337 0.63567
00083.jpg 388 130 119 308 0.63130
00083.jpg 220 72 164 436 0.61876
00083.jpg 217 88 161 303 0.61705
00083.jpg 797 160 121 217 0.61596
00083.jpg 216 81 163 310 0.61443
00083.jpg 223 79 157 348 0.61347
00083.jpg 222 87 149 333 0.61308
00083.jpg 402 121 112 332 0.61174
00083.jpg 574 105 93 290 0.59928
00083.jpg 813 159 105 224 0.59858
00083.jpg 229 87 147 294 0.59800
00083.jpg 7 145 120 348 0.59368
00083.jpg 214 72 178 431 0.59249
00083.jpg 417 125 103 308 0.58186
00083.jpg 411 131 96 309 0.57726
00083.jpg 405 136 96 293 0.57170
00083.jpg 8 136 113 368 0.56793
00083.jpg 221 88 154 351 0.56586
00083.jpg 298 477 112 62 0.56440
00083.jpg 803 152 121 229 0.56386
00083.jpg 581 105 92 287 0.56080
00083.jpg 404 128 109 306 0.54414
00083.jpg 1 142 129 351 0.54190
00083.jpg 412 130 99 296 0.53510
00083.jpg 583 113 94 278 0.53374
00083.jpg 221 91 157 312 0.52543
00083.jpg 400 132 113 296 0.50358
