00086.jpg 574 103 99 287 0.99982
00086.jpg 572 107 110 282 0.99982
00086.jpg 409 129 109 307 0.99971
00086.jpg 414 128 103 308 0.99970
00086.jpg 412 125 105 312 0.99968
00086.jpg 418 122 96 318 0.99967
00086.jpg 577 106 98 281 0.99962
00086.jpg 578 106 103 287 0.99958
00086.jpg 806 163 124 219 0.99957
00086.jpg 406 131 115 301 0.99950
00086.jpg 810 161 119 225 0.99944
00086.jpg 207 82 171 417 0.99936
00086.jpg 406 130 112 303 0.99914
00086.jpg 0 159 141 344 0.99905
00086.jpg 0 158 140 352 0.99905
00086.jpg 815 163 113 213 0.99897
00086.jpg 816 163 102 216 0.99893
00086.jpg 808 165 125 213 0.99879
00086.jpg 582 106 94 285 0.99875
00086.jpg 0 152 142 366 0.99868
00086.jpg 811 164 118 218 0.99866
00086.jpg 412 134 107 305 0.99860
00086.jpg 0 155 141 355 0.99859
00086.jpg 412 135 107 302 0.99859
00086.jpg 809 162 117 220 0.99854
00086.jpg 2 154 143 346 0.99853
00086.jpg 810 161 122 220 0.99851
00086.jpg 817 163 111 216 0.99835
00086.jpg 416 130 101 307 0.99830
00086.jpg 817 153 113 221 0.99812
00086.jpg 577 108 101 285 0.99811
00086.jpg 807 165 124 214 0.99804
00086.jpg 809 156 115 228 0.99804
00086.jpg 813 167 115 217 0.99802
00086.jpg 810 158 113 223 0.99800
00086.jpg 583 106 98 283 0.99794
00086.jpg 203 87 189 409 0.99788
00086.jpg 810 166 119 211 0.99786
00086.jpg 3 160 133 338 0.99779
00086.jpg 195 88 182 410 0.99775
00086.jpg 0 148 137 366 0.99757
00086.jpg 200 85 176 414 0.99754
00086.jpg 406 129 114 306 0.99745
00086.jpg 204 78 174 432 0.99744
00086.jpg 809 159 115 223 0.99740
00086.jpg 577 111 104 283 0.99736
00086.jpg 199 78 192 427 0.99735
00086.jpg 410 136 106 301 0.99729
00086.jpg 2 149 131 370 0.99713
00086.jpg 411 138 103 295 0.99711
00086.jpg 200 81 194 408 0.99711
00086.jpg 584 105 89 289 0.99671
00086.jpg 807 162 121 223 0.99657
00086.jpg 416 124 103 308 0.99651
00086.jpg 408 123 114 320 0.99649
00086.jpg 207 91 171 394 0.99638
00086.jpg 586 102 88 291 0.99630
00086.jpg 418 125 92 306 0.99629
00086.jpg 808 163 120 213 0.99618
00086.jpg 204 90 173 414 0.99617
00086.jpg 575 104 102 290 0.99605
00086.jpg 206 94 171 407 0.99600
00086.jpg 578 108 97 284 0.99594
00086.jpg 415 125 103 312 0.99582
00086.jpg 0 143 136 377 0.99578
00086.jpg 0 151 143 364 0.99572
00086.jpg 0 151 143 360 0.99568
00086.jpg 411 123 101 316 0.99566
00086.jpg 809 167 119 208 0.99563
00086.jpg 810 166 118 210 0.99563
00086.jpg 581 102 98 288 0.99536
00086.jpg 195 76 181 427 0.99534
00086.jpg 0 144 146 370 0.99520
00086.jpg 0 151 152 363 0.99514
00086.jpg 576 105 103 288 0.99507
00086.jpg 199 74 173 437 0.99493
00086.jpg 414 127 103 316 0.99488
00086.jpg 207 87 172 426 0.99482
00086.jpg 407 132 117 311 0.99477
00086.jpg 809 161 119 218 0.99473
00086.jpg 9 156 134 341 0.99472
00086.jpg 578 103 102 291 0.99465
00086.jpg 580 102 96 288 0.99449
00086.jpg 806 164 121 219 0.99441
00086.jpg 206 97 184 382 0.99440
00086.jpg 579 105 101 288 0.99438
00086.jpg 4 152 138 363 0.99438
00086.jpg 409 123 110 315 0.99417
00086.jpg 208 87 178 421 0.99398
00086.jpg 191 80 207 429 0.99389
00086.jpg 808 156 120 223 0.99373
00086.jpg 205 81 179 415 0.99345
00086.jpg 193 87 198 412 0.99343
00086.jpg 806 159 119 215 0.99329
00086.jpg 197 81 193 424 0.99322
00086.jpg 808 169 125 210 0.99317
00086.jpg 410 126 105 309 0.99314
00086.jpg 817 165 112 216 0.99285
00086.jpg 1 158 145 343 0.99276
00086.jpg 4 148 133 358 0.99242
00086.jpg 807 162 115 213 0.99237
00086.jpg 809 168 117 210 0.99229
00086.jpg 580 105 100 285 0.99190
00086.jpg 811 162 117 221 0.99172
00086.jpg 413 121 102 316 0.99151
00086.jpg 192 90 193 415 0.99149
00086.jpg 416 129 102 302 0.99138
00086.jpg 576 112 100 276 0.99130
00086.jpg 0 146 139 370 0.99104
00086.jpg 814 161 115 219 0.99093
00086.jpg 409 129 107 314 0.99077
00086.jpg 813 165 115 215 0.99067
00086.jpg 0 156 140 364 0.99037
00086.jpg 811 160 114 218 0.99027
00086.jpg 195 91 191 403 0.99000
00086.jpg 201 88 182 408 0.98995
00086.jpg 206 90 180 409 0.98984
00086.jpg 577 105 97 294 0.98920
00086.jpg 581 102 101 290 0.98899
00086.jpg 4 152 138 363 0.98875
00086.jpg 0 153 151 358 0.98839
00086.jpg 579 105 98 290 0.98814
00086.jpg 0 153 142 358 0.98801
00086.jpg 580 104 98 297 0.98767
00086.jpg 201 91 192 396 0.98766
00086.jpg 584 101 95 289 0.98750
00086.jpg 206 92 176 399 0.98726
00086.jpg 0 147 144 368 0.98709
00086.jpg 202 94 183 388 0.98685
00086.jpg 582 109 96 288 0.98684
00086.jpg 811 168 113 211 0.98675
00086.jpg 211 95 175 400 0.98653
00086.jpg 813 163 114 222 0.98631
00086.jpg 0 140 143 368 0.98626
00086.jpg 813 167 117 215 0.98580
00086.jpg 580 98 101 295 0.98575
00086.jpg 812 161 117 225 0.98562
00086.jpg 199 69 181 435 0.98533
00086.jpg 3 170 132 325 0.98531
00086.jpg 582 110 99 276 0.98507
00086.jpg 413 117 96 324 0.98463
00086.jpg 409 137 102 302 0.98446
00086.jpg 408 129 110 312 0.98431
00086.jpg 581 103 97 292 0.98385
00086.jpg 0 149 141 370 0.98383
00086.jpg 582 105 94 287 0.98375
00086.jpg 205 83 183 415 0.98324
00086.jpg 188 79 201 420 0.98285
00086.jpg 409 133 102 294 0.98280
00086.jpg 199 83 187 419 0.98146
00086.jpg 202 74 179 432 0.98139
00086.jpg 206 73 178 433 0.98139
00086.jpg 412 133 104 297 0.98109
00086.jpg 199 91 182 421 0.98037
00086.jpg 580 102 97 291 0.98014
00086.jpg 574 97 106 300 0.97938
00086.jpg 583 111 93 279 0.97906
00086.jpg 806 166 120 213 0.97877
00086.jpg 208 86 172 417 0.97843
00086.jpg 195 83 187 426 0.97836
00086.jpg 0 152 144 362 0.97748
00086.jpg 416 126 102 315 0.97700
00086.jpg 8 150 121 358 0.97683
00086.jpg 804 167 134 208 0.97512
00086.jpg 412 132 103 305 0.97440
00086.jpg 0 151 143 366 0.97429
00086.jpg 413 128 102 308 0.97254
00086.jpg 575 101 98 300 0.97161
00086.jpg 811 169 113 203 0.97118
00086.jpg 0 154 137 356 0.96984
00086.jpg 3 144 130 372 0.96977
00086.jpg 194 94 192 395 0.96961
00086.jpg 190 85 200 420 0.96826
00086.jpg 578 106 98 283 0.96783
00086.jpg 813 160 112 216 0.96714
00086.jpg 412 128 104 301 0.96672
00086.jpg 198 73 171 424 0.96470
00086.jpg 582 100 93 292 0.96444
00086.jpg 415 131 100 300 0.96293
00086.jpg 804 166 127 214 0.96267
00086.jpg 581 104 98 288 0.95922
00086.jpg 206 99 179 406 0.95644
00086.jpg 409 120 105 320 0.95563
00086.jpg 580 96 98 307 0.95547
00086.jpg 582 104 100 283 0.95418
00086.jpg 408 132 111 302 0.95334
00086.jpg 578 108 94 278 0.95294
00086.jpg 810 161 120 217 0.95075
00086.jpg 186 80 196 419 0.94974
00086.jpg 195 91 192 414 0.94798
00086.jpg 200 78 189 423 0.94478
00086.jpg 810 167 113 211 0.94387
00086.jpg 202 100 174 385 0.94138
00086.jpg 577 102 103 287 0.93929
00086.jpg 577 97 101 305 0.93286
00086.jpg 810 164 112 218 0.92997
00086.jpg 578 99 101 291 0.92618
00086.jpg 0 150 137 365 0.92588
00086.jpg 202 91 185 401 0.92401
00086.jpg 812 165 118 210 0.92332
00086.jpg 580 106 104 286 0.91467
00086.jpg 809 166 123 219 0.91352
00086.jpg 817 167 110 213 0.91165
00086.jpg 579 105 101 289 0.91029
00086.jpg 577 98 97 305 0.90887
00086.jpg 0 159 142 349 0.90777
00086.jpg 410 125 101 312 0.90690
00086.jpg 585 103 95 290 0.90314
00086.jpg 202 82 169 404 0.90151
00086.jpg 201 87 181 399 0.89952
00086.jpg 412 124 101 314 0.89944
00086.jpg 578 106 101 283 0.89787
00086.jpg 811 165 113 214 0.89709
00086.jpg 583 101 100 292 0.89658
00086.jpg 2 155 137 351 0.89263
00086.jpg 199 78 182 419 0.89175
00086.jpg 583 104 89 287 0.88786
00086.jpg 806 173 122 197 0.88287
00086.jpg 207 85 169 412 0.88132
00086.jpg 815 162 110 219 0.87989
00086.jpg 405 132 107 305 0.87891
00086.jpg 413 135 105 298 0.87630
00086.jpg 807 161 116 222 0.86687
00086.jpg 198 103 175 401 0.86614
00086.jpg 207 77 176 419 0.86596
00086.jpg 410 136 99 293 0.86299
00086.jpg 406 123 107 317 0.85709
00086.jpg 193 88 195 413 0.85676
00086.jpg 580 106 93 289 0.83998
00086.jpg 412 121 106 309 0.83883
00086.jpg 2 152 132 356 0.83646
00086.jpg 198 74 171 431 0.82930
00086.jpg 209 69 166 442 0.82893
00086.jpg 814 164 115 212 0.82769
00086.jpg 208 84 164 391 0.82065
00086.jpg 805 162 127 215 0.82023
00086.jpg 0 155 142 359 0.81850
00086.jpg 577 102 100 280 0.81263
00086.jpg 407 138 111 298 0.80844
00086.jpg 205 72 172 433 0.80219
00086.jpg 199 83 186 394 0.80119
00086.jpg 412 130 105 303 0.79977
00086.jpg 805 162 122 210 0.79917
00086.jpg 207 91 168 406 0.78901
00086.jpg 814 166 114 214 0.78729
00086.jpg 808 161 116 216 0.77885
00086.jpg 190 97 187 407 0.77002
00086.jpg 1 143 138 367 0.76370
00086.jpg 218 81 162 388 0.76229
00086.jpg 212 85 173 373 0.76207
00086.jpg 584 106 86 286 0.75705
00086.jpg 812 164 119 218 0.73654
00086.jpg 0 152 140 361 0.71769
00086.jpg 576 97 103 298 0.70863
00086.jpg 199 93 180 391 0.69739
00086.jpg 815 161 110 219 0.69545
00086.jpg 411 129 103 298 0.69464
00086.jpg 408 132 104 299 0.68057
00086.jpg 215 94 163 372 0.67683
00086.jpg 807 167 127 218 0.67389
00086.jpg 814 170 115 205 0.66590
00086.jpg 205 94 176 389 0.66454
00086.jpg 3 150 134 361 0.65042
00086.jpg 817 159 112 223 0.63224
00086.jpg 193 83 176 415 0.61221
00086.jpg 413 124 103 315 0.60386
00086.jpg 578 102 92 291 0.59401
00086.jpg 806 160 119 221 0.59187
00086.jpg 818 162 115 217 0.59148
00086.jpg 808 164 123 214 0.58709
00086.jpg 216 82 155 410 0.58480
00086.jpg 802 159 128 226 0.58131
00086.jpg 189 95 215 405 0.56906
00086.jpg 198 84 185 431 0.56516
00086.jpg 185 80 194 417 0.56076
00086.jpg 196 92 189 414 0.55978
00086.jpg 403 131 114 298 0.55613
00086.jpg 0 152 152 373 0.55403
00086.jpg 200 87 198 415 0.55337
00086.jpg 208 97 172 356 0.54721
00086.jpg 202 80 184 410 0.54475
00086.jpg 191 76 191 432 0.53521
00086.jpg 0 155 141 344 0.53295
00086.jpg 573 107 111 275 0.53146
00086.jpg 204 110 170 402 0.52602
00086.jpg 0 149 144 343 0.52598
00086.jpg 578 108 104 290 0.52535
00086.jpg 0 146 142 351 0.51832
00086.jpg 18 153 122 356 0.51650
00086.jpg 802 164 132 212 0.51515
