00089.jpg 580 104 112 284 0.99969
00089.jpg 583 104 103 287 0.99963
00089.jpg 824 170 122 207 0.99963
00089.jpg 583 102 112 296 0.99960
00089.jpg 821 168 127 218 0.99949
00089.jpg 819 167 126 211 0.99940
00089.jpg 818 168 129 219 0.99935
00089.jpg 585 102 107 295 0.99934
00089.jpg 583 100 105 298 0.99927
00089.jpg 827 169 115 211 0.99924
00089.jpg 820 167 128 207 0.99914
00089.jpg 588 102 100 291 0.99914
00089.jpg 820 173 122 211 0.99913
00089.jpg 418 132 110 301 0.99912
00089.jpg 417 140 110 297 0.99909
00089.jpg 584 96 104 298 0.99899
00089.jpg 418 134 110 300 0.99887
00089.jpg 585 106 109 284 0.99886
00089.jpg 821 172 124 208 0.99863
00089.jpg 420 127 111 319 0.99861
00089.jpg 0 211 164 305 0.99849
00089.jpg 826 164 116 220 0.99848
00089.jpg 414 132 112 299 0.99843
00089.jpg 826 167 120 215 0.99835
00089.jpg 591 103 100 293 0.99830
00089.jpg 426 133 103 303 0.99827
00089.jpg 420 130 103 302 0.99826
00089.jpg 823 170 126 212 0.99820
00089.jpg 821 166 129 217 0.99814
00089.jpg 586 99 108 297 0.99812
00089.jpg 825 171 117 208 0.99799
00089.jpg 0 217 158 305 0.99795
00089.jpg 584 98 98 292 0.99794
00089.jpg 828 164 110 229 0.99780
00089.jpg 821 162 121 221 0.99777
00089.jpg 420 133 109 298 0.99770
00089.jpg 422 130 103 308 0.99756
00089.jpg 585 105 107 287 0.99734
00089.jpg 164 95 188 430 0.99726
00089.jpg 183 80 165 458 0.99725
00089.jpg 587 104 103 283 0.99716
00089.jpg 587 104 101 283 0.99711
00089.jpg 591 104 100 293 0.99710
00089.jpg 423 131 99 298 0.99710
00089.jpg 426 123 102 316 0.99705
00089.jpg 587 98 108 292 0.99703
00089.jpg 822 165 130 219 0.99702
00089.jpg 169 81 175 455 0.99686
00089.jpg 413 133 116 301 0.99682
00089.jpg 173 75 167 462 0.99681
00089.jpg 171 87 183 452 0.99666
00089.jpg 0 213 160 293 0.99657
00089.jpg 822 176 120 201 0.99656
00089.jpg 830 171 111 208 0.99641
00089.jpg 0 216 159 309 0.99616
00089.jpg 163 81 193 454 0.99580
00089.jpg 419 131 103 304 0.99544
00089.jpg 588 107 101 291 0.99541
00089.jpg 827 166 113 211 0.99531
00089.jpg 583 104 106 297 0.99527
00089.jpg 182 81 158 458 0.99519
00089.jpg 824 171 117 210 0.99479
00089.jpg 4 199 166 310 0.99469
00089.jpg 585 107 101 289 0.99464
00089.jpg 589 99 98 297 0.99461
00089.jpg 0 209 164 319 0.99459
00089.jpg 422 126 102 311 0.99446
00089.jpg 169 87 185 452 0.99435
00089.jpg 820 165 123 223 0.99431
00089.jpg 586 98 107 294 0.99418
00089.jpg 426 142 98 291 0.99411
00089.jpg 0 213 161 304 0.99411
00089.jpg 821 173 119 203 0.99407
00089.jpg 174 74 172 465 0.99385
00089.jpg 173 79 172 449 0.99374
00089.jpg 422 132 103 308 0.99357
00089.jpg 165 97 191 430 0.99335
00089.jpg 4 208 160 298 0.99326
00089.jpg 819 167 128 219 0.99322
00089.jpg 0 204 158 310 0.99315
00089.jpg 583 111 108 284 0.99312
00089.jpg 0 211 158 291 0.99311
00089.jpg 171 72 190 466 0.99308
00089.jpg 417 127 102 307 0.99294
00089.jpg 824 168 120 209 0.99291
00089.jpg 11 206 150 294 0.99285
00089.jpg 0 209 152 316 0.99283
00089.jpg 178 84 171 453 0.99271
00089.jpg 584 102 108 293 0.99270
00089.jpg 422 118 103 322 0.99268
00089.jpg 585 103 98 286 0.99265
00089.jpg 177 89 166 447 0.99263
00089.jpg 824 167 120 220 0.99255
00089.jpg 175 71 168 459 0.99221
00089.jpg 581 99 112 294 0.99216
00089.jpg 825 168 118 215 0.99209
00089.jpg 422 135 102 302 0.99195
00089.jpg 0 217 162 307 0.99195
00089.jpg 824 165 117 213 0.99174
00089.jpg 0 214 160 302 0.99170
00089.jpg 160 79 193 457 0.99161
00089.jpg 169 92 172 445 0.99143
00089.jpg 827 176 113 208 0.99140
00089.jpg 819 170 123 213 0.99134
00089.jpg 178 94 163 445 0.99121
00089.jpg 0 211 158 311 0.99097
00089.jpg 0 208 159 319 0.99094
00089.jpg 420 135 106 302 0.99045
00089.jpg 586 102 109 294 0.99039
00089.jpg 822 173 122 211 0.98994
00089.jpg 583 100 109 293 0.98990
00089.jpg 587 101 103 297 0.98959
00089.jpg 165 88 183 451 0.98944
00089.jpg 588 99 100 301 0.98939
00089.jpg 416 130 109 308 0.98934
00089.jpg 420 130 106 309 0.98915
00089.jpg 0 210 155 309 0.98829
00089.jpg 582 107 108 279 0.98799
00089.jpg 417 137 109 290 0.98769
00089.jpg 587 105 101 288 0.98762
00089.jpg 584 100 107 296 0.98730
00089.jpg 424 129 98 309 0.98706
00089.jpg 589 109 98 288 0.98702
00089.jpg 163 84 190 449 0.98593
00089.jpg 1 212 153 306 0.98591
00089.jpg 586 109 101 283 0.98586
00089.jpg 164 83 176 440 0.98578
00089.jpg 1 204 161 305 0.98546
00089.jpg 824 176 123 203 0.98542
00089.jpg 824 168 115 207 0.98502
00089.jpg 173 77 176 455 0.98448
00089.jpg 7 217 146 302 0.98408
00089.jpg 0 207 160 325 0.98391
00089.jpg 819 163 127 222 0.98381
00089.jpg 821 175 124 201 0.98353
00089.jpg 181 81 160 453 0.98285
00089.jpg 166 94 180 438 0.98268
00089.jpg 2 215 149 303 0.98162
00089.jpg 582 102 107 298 0.98159
00089.jpg 828 169 115 218 0.98139
00089.jpg 421 140 101 295 0.98137
00089.jpg 420 133 100 300 0.98121
00089.jpg 0 206 160 316 0.98097
00089.jpg 165 92 188 437 0.97974
00089.jpg 418 135 109 307 0.97936
00089.jpg 820 172 127 208 0.97904
00089.jpg 0 209 163 308 0.97793
00089.jpg 0 212 166 309 0.97723
00089.jpg 173 81 182 457 0.97693
00089.jpg 821 172 123 212 0.97689
00089.jpg 585 106 103 280 0.97672
00089.jpg 176 82 170 454 0.97662
00089.jpg 417 127 107 311 0.97656
00089.jpg 592 104 105 292 0.97609
00089.jpg 418 128 107 302 0.97528
00089.jpg 827 169 118 214 0.97493
00089.jpg 417 135 112 305 0.97419
00089.jpg 168 75 190 463 0.97246
00089.jpg 172 85 186 454 0.97219
00089.jpg 824 165 119 219 0.97219
00089.jpg 6 209 153 308 0.97168
00089.jpg 592 109 95 274 0.97131
00089.jpg 0 223 166 296 0.97107
00089.jpg 814 166 134 214 0.97087
00089.jpg 577 103 117 289 0.96969
00089.jpg 419 134 103 299 0.96907
00089.jpg 180 82 168 452 0.96832
00089.jpg 418 129 105 312 0.96832
00089.jpg 822 170 124 214 0.96782
00089.jpg 423 129 100 293 0.96719
00089.jpg 419 131 99 297 0.96719
00089.jpg 417 131 108 306 0.96649
00089.jpg 422 134 104 296 0.96301
00089.jpg 417 128 107 306 0.96290
00089.jpg 172 72 188 467 0.96227
00089.jpg 822 167 123 212 0.96215
00089.jpg 162 87 191 450 0.96187
00089.jpg 0 211 167 303 0.96176
00089.jpg 0 216 159 301 0.95953
00089.jpg 0 214 162 310 0.95908
00089.jpg 825 167 120 216 0.95817
00089.jpg 590 99 90 295 0.95748
00089.jpg 181 89 165 429 0.95500
00089.jpg 587 101 99 296 0.95448
00089.jpg 186 66 163 473 0.95403
00089.jpg 422 129 106 304 0.95389
00089.jpg 172 92 185 426 0.95230
00089.jpg 5 214 152 302 0.94956
00089.jpg 579 102 109 289 0.94861
00089.jpg 581 107 108 279 0.94366
00089.jpg 165 89 176 444 0.94345
00089.jpg 292 171 61 227 0.94043
00089.jpg 820 168 129 210 0.94043
00089.jpg 169 93 182 446 0.94033
00089.jpg 582 105 103 287 0.93733
00089.jpg 169 86 189 452 0.93264
00089.jpg 587 106 102 284 0.93073
00089.jpg 419 135 105 295 0.93037
00089.jpg 0 201 157 309 0.92908
00089.jpg 1 205 157 313 0.92831
00089.jpg 168 99 178 438 0.92777
00089.jpg 421 135 103 288 0.92776
00089.jpg 0 218 162 296 0.92632
00089.jpg 588 106 105 284 0.92496
00089.jpg 589 99 102 297 0.92406
00089.jpg 414 135 113 299 0.92312
00089.jpg 420 137 109 298 0.92027
00089.jpg 823 159 136 220 0.91538
00089.jpg 820 159 127 219 0.91469
00089.jpg 822 165 124 215 0.91454
00089.jpg 828 174 120 212 0.91308
00089.jpg 417 137 104 292 0.91230
00089.jpg 421 122 108 317 0.90991
00089.jpg 171 81 171 458 0.90349
00089.jpg 582 106 103 284 0.90348
00089.jpg 825 171 123 212 0.89873
00089.jpg 417 143 110 295 0.89241
00089.jpg 579 99 116 301 0.89157
00089.jpg 175 95 177 440 0.89140
00089.jpg 424 134 103 295 0.88724
00089.jpg 283 174 72 203 0.88717
00089.jpg 170 79 187 459 0.88641
00089.jpg 186 89 146 450 0.88587
00089.jpg 425 135 98 302 0.88535
00089.jpg 588 109 98 274 0.88458
00089.jpg 166 88 189 451 0.88326
00089.jpg 294 175 66 232 0.88285
00089.jpg 0 212 165 305 0.87911
00089.jpg 294 165 64 226 0.87896
00089.jpg 0 214 162 306 0.87346
00089.jpg 3 215 147 299 0.87156
00089.jpg 162 103 191 434 0.87076
00089.jpg 170 92 190 444 0.86950
00089.jpg 296 173 58 200 0.86189
00089.jpg 294 180 64 210 0.86094
00089.jpg 290 174 67 228 0.86028
00089.jpg 592 104 96 291 0.85912
00089.jpg 288 175 73 206 0.85130
00089.jpg 421 141 101 292 0.84818
00089.jpg 176 94 158 445 0.84479
00089.jpg 177 103 168 436 0.83696
00089.jpg 817 173 127 210 0.83192
00089.jpg 293 174 68 197 0.81658
00089.jpg 294 172 65 221 0.81194
00089.jpg 419 140 109 298 0.80644
00089.jpg 294 179 64 208 0.80633
00089.jpg 416 125 105 313 0.79944
00089.jpg 286 180 72 221 0.79938
00089.jpg 415 134 106 309 0.79866
00089.jpg 168 91 185 439 0.79554
00089.jpg 296 180 65 197 0.79479
00089.jpg 169 99 183 432 0.79259
00089.jpg 0 201 158 311 0.79192
00089.jpg 416 136 107 301 0.79096
00089.jpg 187 85 135 454 0.79056
00089.jpg 410 134 120 293 0.78627
00089.jpg 295 177 66 185 0.78301
00089.jpg 289 177 70 216 0.78062
00089.jpg 0 219 160 300 0.77666
00089.jpg 281 170 84 237 0.77427
00089.jpg 296 176 62 238 0.77084
00089.jpg 281 171 83 211 0.76776
00089.jpg 294 174 62 226 0.76418
00089.jpg 299 176 57 202 0.76338
00089.jpg 296 182 62 211 0.76268
00089.jpg 289 167 74 258 0.76261
00089.jpg 418 135 109 286 0.76244
00089.jpg 293 178 64 178 0.75933
00089.jpg 290 175 72 218 0.75883
00089.jpg 289 173 71 200 0.75840
00089.jpg 824 164 116 218 0.75549
00089.jpg 290 175 68 208 0.75508
00089.jpg 0 202 158 319 0.74889
00089.jpg 292 171 72 259 0.74597
00089.jpg 823 165 118 217 0.73774
00089.jpg 416 131 112 297 0.73548
00089.jpg 417 130 107 303 0.73173
00089.jpg 291 174 68 211 0.72985
00089.jpg 810 176 143 202 0.72979
00089.jpg 295 180 67 216 0.72049
00089.jpg 294 179 65 197 0.71755
00089.jpg 286 178 75 235 0.71273
00089.jpg 0 213 157 301 0.71245
00089.jpg 298 178 55 183 0.70753
00089.jpg 169 111 175 425 0.70464
00089.jpg 0 216 156 294 0.70155
00089.jpg 288 181 69 233 0.69718
00089.jpg 174 84 185 440 0.69487
00089.jpg 295 178 62 205 0.69007
00089.jpg 581 105 107 279 0.68954
00089.jpg 177 87 154 441 0.68825
00089.jpg 286 167 68 240 0.68814
00089.jpg 419 121 107 316 0.68607
00089.jpg 820 169 117 207 0.68226
00089.jpg 289 172 70 236 0.68029
00089.jpg 295 180 59 197 0.67687
00089.jpg 291 174 69 185 0.67323
00089.jpg 6 202 171 301 0.65959
00089.jpg 820 173 128 213 0.65839
00089.jpg 286 171 72 248 0.65475
00089.jpg 0 211 169 299 0.65362
00089.jpg 287 169 81 269 0.65188
00089.jpg 288 175 71 235 0.65079
00089.jpg 3 211 147 304 0.65000
00089.jpg 293 177 58 169 0.64506
00089.jpg 295 178 64 165 0.64249
00089.jpg 296 174 57 189 0.64100
00089.jpg 285 179 73 262 0.63998
00089.jpg 292 177 66 206 0.63978
00089.jpg 0 229 165 285 0.63245
00089.jpg 813 178 126 206 0.63002
00089.jpg 174 78 151 461 0.62753
00089.jpg 816 176 121 204 0.62508
00089.jpg 293 177 66 227 0.62306
00089.jpg 300 180 55 207 0.62070
00089.jpg 7 215 144 292 0.61951
00089.jpg 298 173 54 221 0.61673
00089.jpg 295 170 57 222 0.61578
00089.jpg 418 135 100 296 0.61513
00089.jpg 819 160 123 227 0.59541
00089.jpg 291 168 70 261 0.57976
00089.jpg 186 91 150 429 0.57810
00089.jpg 295 173 65 228 0.56973
00089.jpg 282 161 77 311 0.56518
00089.jpg 159 90 177 436 0.56470
00089.jpg 287 171 76 211 0.56078
00089.jpg 588 97 100 299 0.55996
00089.jpg 286 167 69 265 0.55930
00089.jpg 5 226 156 275 0.54289
00089.jpg 161 110 166 413 0.54229
00089.jpg 178 139 181 381 0.54054
00089.jpg 292 183 65 170 0.54015
00089.jpg 296 166 68 250 0.53844
00089.jpg 280 162 89 227 0.53833
00089.jpg 199 112 166 411 0.53515
00089.jpg 815 175 129 207 0.53200
00089.jpg 286 177 70 184 0.52772
00089.jpg 286 175 73 193 0.52592
00089.jpg 819 162 129 229 0.52550
00089.jpg 572 97 121 284 0.52380
00089.jpg 283 176 72 236 0.52049
00089.jpg 297 176 64 196 0.52045
00089.jpg 415 126 118 317 0.51515
00089.jpg 286 176 69 227 0.51482
00089.jpg 286 173 73 256 0.51465
00089.jpg 295 179 63 160 0.51342
00089.jpg 174 71 186 465 0.51166
00089.jpg 588 101 106 288 0.50889
00089.jpg 819 175 125 214 0.50665
