00097.jpg 589 99 117 286 0.99975
00097.jpg 600 96 107 292 0.99971
00097.jpg 595 97 110 295 0.99958
00097.jpg 832 200 124 172 0.99945
00097.jpg 430 160 115 268 0.99940
00097.jpg 595 103 106 286 0.99936
00097.jpg 592 99 111 291 0.99932
00097.jpg 598 93 106 296 0.99932
00097.jpg 444 158 92 272 0.99929
00097.jpg 595 105 105 282 0.99926
00097.jpg 434 158 107 259 0.99923
00097.jpg 593 98 111 288 0.99916
00097.jpg 599 95 108 285 0.99914
00097.jpg 596 102 105 288 0.99899
00097.jpg 601 103 102 289 0.99885
00097.jpg 436 163 100 269 0.99884
00097.jpg 591 99 114 285 0.99871
00097.jpg 596 95 102 291 0.99853
00097.jpg 835 203 122 167 0.99847
00097.jpg 836 202 123 168 0.99844
00097.jpg 440 162 104 262 0.99836
00097.jpg 435 164 100 255 0.99834
00097.jpg 432 154 110 275 0.99830
00097.jpg 441 156 101 270 0.99825
00097.jpg 831 196 128 175 0.99824
00097.jpg 592 95 109 296 0.99814
00097.jpg 435 156 106 267 0.99768
00097.jpg 597 105 105 276 0.99766
00097.jpg 435 164 104 264 0.99766
00097.jpg 435 164 104 255 0.99750
00097.jpg 598 99 108 290 0.99748
00097.jpg 834 200 119 171 0.99724
00097.jpg 838 199 120 167 0.99717
00097.jpg 439 159 94 259 0.99709
00097.jpg 836 200 122 173 0.99706
00097.jpg 833 195 123 178 0.99687
00097.jpg 438 159 102 260 0.99682
00097.jpg 598 99 105 284 0.99673
00097.jpg 827 196 132 169 0.99664
00097.jpg 835 203 122 164 0.99662
00097.jpg 434 165 100 258 0.99660
00097.jpg 594 98 110 290 0.99659
00097.jpg 440 164 99 261 0.99653
00097.jpg 593 95 110 292 0.99651
00097.jpg 834 200 125 177 0.99643
00097.jpg 437 160 99 265 0.99635
00097.jpg 437 165 100 261 0.99633
00097.jpg 832 197 127 175 0.99617
00097.jpg 438 166 103 258 0.99610
00097.jpg 98 82 195 430 0.99580
00097.jpg 839 191 115 180 0.99552
00097.jpg 594 90 111 295 0.99547
00097.jpg 835 200 124 171 0.99525
00097.jpg 598 101 105 283 0.99523
00097.jpg 834 201 125 174 0.99496
00097.jpg 439 166 99 256 0.99487
00097.jpg 441 154 96 269 0.99482
00097.jpg 64 81 227 439 0.99479
00097.jpg 843 203 109 173 0.99474
00097.jpg 440 161 99 265 0.99461
00097.jpg 442 158 93 271 0.99459
00097.jpg 831 194 126 173 0.99375
00097.jpg 440 162 101 269 0.99321
00097.jpg 832 196 127 178 0.99299
00097.jpg 832 200 127 165 0.99292
00097.jpg 834 200 125 173 0.99278
00097.jpg 84 78 237 434 0.99243
00097.jpg 836 202 122 168 0.99222
00097.jpg 835 205 124 166 0.99207
00097.jpg 598 96 103 299 0.99175
00097.jpg 94 79 203 424 0.99143
00097.jpg 599 100 104 289 0.99127
00097.jpg 835 203 124 163 0.99123
00097.jpg 841 199 118 166 0.99083
00097.jpg 838 199 119 174 0.99064
00097.jpg 439 158 103 267 0.99048
00097.jpg 437 160 104 260 0.99037
00097.jpg 65 79 225 437 0.98971
00097.jpg 598 90 102 303 0.98953
00097.jpg 77 70 221 443 0.98924
00097.jpg 828 207 131 162 0.98884
00097.jpg 596 97 104 288 0.98845
00097.jpg 597 104 106 282 0.98766
00097.jpg 109 77 177 427 0.98766
00097.jpg 837 202 122 169 0.98760
00097.jpg 74 93 222 414 0.98723
00097.jpg 93 75 208 443 0.98572
00097.jpg 595 95 106 296 0.98559
00097.jpg 592 105 112 276 0.98558
00097.jpg 435 167 102 251 0.98481
00097.jpg 834 197 119 174 0.98462
00097.jpg 835 199 122 169 0.98442
00097.jpg 833 197 124 182 0.98376
00097.jpg 437 170 99 250 0.98269
00097.jpg 437 156 105 256 0.98268
00097.jpg 832 204 125 169 0.98264
00097.jpg 597 102 110 292 0.98202
00097.jpg 433 167 110 262 0.98126
00097.jpg 442 160 93 265 0.98083
00097.jpg 99 78 194 426 0.98063
00097.jpg 77 71 235 451 0.97988
00097.jpg 442 162 97 265 0.97942
00097.jpg 599 92 109 284 0.97838
00097.jpg 76 75 201 430 0.97835
00097.jpg 74 72 222 443 0.97815
00097.jpg 435 162 108 257 0.97725
00097.jpg 602 111 96 269 0.97613
00097.jpg 94 80 197 441 0.97532
00097.jpg 598 105 110 286 0.97188
00097.jpg 80 75 225 448 0.97089
00097.jpg 599 101 103 286 0.97088
00097.jpg 122 90 182 433 0.97043
00097.jpg 838 201 119 171 0.96933
00097.jpg 437 171 106 254 0.96898
00097.jpg 106 66 193 458 0.96855
00097.jpg 836 204 123 165 0.96849
00097.jpg 598 98 109 286 0.96790
00097.jpg 596 99 106 288 0.96732
00097.jpg 833 206 125 166 0.96727
00097.jpg 592 99 112 286 0.96722
00097.jpg 835 208 124 161 0.96710
00097.jpg 118 70 166 445 0.96497
00097.jpg 598 98 102 283 0.95997
00097.jpg 436 157 99 262 0.95836
00097.jpg 436 162 105 268 0.95564
00097.jpg 21 92 249 426 0.95513
00097.jpg 436 159 105 269 0.95380
00097.jpg 837 203 116 167 0.95189
00097.jpg 438 163 97 263 0.95153
00097.jpg 98 74 209 448 0.95006
00097.jpg 109 76 188 449 0.94841
00097.jpg 836 207 115 162 0.94723
00097.jpg 100 68 214 459 0.94529
00097.jpg 26 94 223 413 0.94482
00097.jpg 836 197 119 174 0.94448
00097.jpg 831 201 128 169 0.94177
00097.jpg 104 74 204 457 0.94127
00097.jpg 832 195 121 178 0.94061
00097.jpg 837 199 122 171 0.93992
00097.jpg 435 159 107 269 0.93600
00097.jpg 50 80 274 445 0.93207
00097.jpg 829 200 129 175 0.93015
00097.jpg 841 205 115 165 0.92831
00097.jpg 435 160 100 260 0.92691
00097.jpg 593 105 112 279 0.92663
00097.jpg 74 80 241 448 0.92414
00097.jpg 18 85 248 440 0.92399
00097.jpg 87 80 220 419 0.92187
00097.jpg 435 161 102 258 0.92087
00097.jpg 101 81 207 440 0.92077
00097.jpg 107 83 189 436 0.91760
00097.jpg 433 163 109 263 0.91747
00097.jpg 110 81 186 435 0.91666
00097.jpg 114 74 169 423 0.91181
00097.jpg 125 60 165 468 0.90967
00097.jpg 837 204 118 161 0.90801
00097.jpg 96 71 191 426 0.90411
00097.jpg 437 157 103 277 0.90336
00097.jpg 590 91 108 282 0.90258
00097.jpg 841 205 116 164 0.90081
00097.jpg 839 204 120 164 0.90018
00097.jpg 101 80 185 442 0.89933
00097.jpg 269 226 101 210 0.89184
00097.jpg 16 98 198 402 0.88773
00097.jpg 837 196 116 175 0.88688
00097.jpg 599 108 104 273 0.88463
00097.jpg 38 85 262 448 0.87931
00097.jpg 599 103 103 275 0.87242
00097.jpg 52 86 274 441 0.87145
00097.jpg 269 227 100 208 0.86914
00097.jpg 98 71 221 433 0.86889
00097.jpg 834 192 124 174 0.86781
00097.jpg 600 100 105 272 0.86781
00097.jpg 835 199 122 176 0.86129
00097.jpg 61 73 244 440 0.85869
00097.jpg 88 71 187 443 0.85714
00097.jpg 256 215 120 225 0.85674
00097.jpg 112 78 179 438 0.85459
00097.jpg 835 197 124 172 0.85260
00097.jpg 262 224 109 212 0.85118
00097.jpg 257 225 132 209 0.84994
00097.jpg 36 81 269 430 0.84978
00097.jpg 43 66 244 460 0.84917
00097.jpg 596 100 99 280 0.84348
00097.jpg 439 166 96 259 0.84126
00097.jpg 86 79 232 427 0.84116
00097.jpg 94 88 201 427 0.84076
00097.jpg 108 81 205 447 0.83854
00097.jpg 245 224 146 211 0.83802
00097.jpg 106 71 173 444 0.83623
00097.jpg 25 65 246 454 0.83058
00097.jpg 843 199 114 174 0.82840
00097.jpg 598 103 110 283 0.82691
00097.jpg 842 205 106 163 0.82475
00097.jpg 833 202 124 163 0.82271
00097.jpg 36 80 296 441 0.82271
00097.jpg 268 266 63 166 0.81847
00097.jpg 438 167 98 256 0.81723
00097.jpg 591 95 119 288 0.81719
00097.jpg 436 165 102 253 0.81617
00097.jpg 265 230 100 205 0.81225
00097.jpg 6 84 192 437 0.81187
00097.jpg 837 197 117 174 0.80811
00097.jpg 272 224 88 218 0.80206
00097.jpg 67 80 283 427 0.80108
00097.jpg 115 67 208 441 0.80058
00097.jpg 440 157 99 269 0.79923
00097.jpg 255 223 131 217 0.79777
00097.jpg 436 162 98 259 0.79689
00097.jpg 440 160 98 266 0.79235
00097.jpg 251 220 133 211 0.79129
00097.jpg 258 228 129 200 0.78912
00097.jpg 432 168 109 262 0.78873
00097.jpg 255 228 129 210 0.78818
00097.jpg 272 261 64 173 0.78775
00097.jpg 262 221 115 216 0.78480
00097.jpg 132 89 170 438 0.78379
00097.jpg 263 219 117 212 0.78007
00097.jpg 429 152 108 276 0.77909
00097.jpg 597 98 102 282 0.77576
00097.jpg 259 216 128 229 0.77484
00097.jpg 15 68 231 452 0.77222
00097.jpg 258 230 118 205 0.77100
00097.jpg 593 99 102 276 0.77063
00097.jpg 4 119 197 398 0.76845
00097.jpg 598 98 104 275 0.76633
00097.jpg 256 236 117 203 0.76462
00097.jpg 273 257 61 179 0.76251
00097.jpg 7 90 210 394 0.76130
00097.jpg 833 200 126 163 0.76113
00097.jpg 271 219 106 221 0.76033
00097.jpg 29 95 169 414 0.75512
00097.jpg 594 96 109 288 0.74889
00097.jpg 9 111 185 411 0.74830
00097.jpg 261 229 108 209 0.74516
00097.jpg 258 233 110 210 0.74293
00097.jpg 276 262 61 168 0.74241
00097.jpg 259 224 126 209 0.73863
00097.jpg 434 166 103 249 0.73650
00097.jpg 39 86 312 440 0.72298
00097.jpg 269 241 68 190 0.71963
00097.jpg 259 230 122 202 0.71629
00097.jpg 39 104 257 396 0.71609
00097.jpg 80 70 211 469 0.71301
00097.jpg 87 70 187 438 0.71118
00097.jpg 262 229 118 204 0.71002
00097.jpg 105 76 185 430 0.70994
00097.jpg 832 200 127 169 0.70864
00097.jpg 269 265 69 167 0.70814
00097.jpg 263 232 87 203 0.68511
00097.jpg 265 225 99 218 0.68206
00097.jpg 104 103 187 406 0.67897
00097.jpg 260 236 118 198 0.67750
00097.jpg 262 219 91 223 0.67102
00097.jpg 14 98 173 410 0.66883
00097.jpg 259 220 122 213 0.66689
00097.jpg 126 67 176 445 0.66639
00097.jpg 262 221 121 217 0.66422
00097.jpg 600 98 102 288 0.65716
00097.jpg 118 86 165 376 0.65584
00097.jpg 250 239 124 206 0.65243
00097.jpg 244 226 131 213 0.64915
00097.jpg 262 218 101 221 0.64878
00097.jpg 260 221 114 225 0.64720
00097.jpg 838 200 113 171 0.64661
00097.jpg 125 71 193 428 0.64591
00097.jpg 255 229 128 206 0.64552
00097.jpg 266 217 121 213 0.64145
00097.jpg 262 218 123 216 0.64095
00097.jpg 841 200 111 167 0.63723
00097.jpg 262 228 82 216 0.63010
00097.jpg 254 224 128 206 0.62384
00097.jpg 262 221 120 210 0.62122
00097.jpg 15 84 294 445 0.62033
00097.jpg 255 214 121 232 0.61399
00097.jpg 257 225 105 215 0.61346
00097.jpg 593 92 102 280 0.61099
00097.jpg 596 105 106 281 0.61045
00097.jpg 256 218 117 216 0.61022
00097.jpg 593 90 111 309 0.60808
00097.jpg 254 222 130 218 0.60605
00097.jpg 593 96 103 297 0.60604
00097.jpg 269 268 55 162 0.60250
00097.jpg 263 228 112 216 0.59957
00097.jpg 258 223 127 218 0.59944
00097.jpg 68 85 206 440 0.59756
00097.jpg 255 224 105 219 0.58996
00097.jpg 840 205 116 166 0.58820
00097.jpg 427 156 113 280 0.58756
00097.jpg 114 90 156 386 0.58732
00097.jpg 446 160 100 263 0.58691
00097.jpg 270 260 60 170 0.57976
00097.jpg 30 81 205 440 0.57738
00097.jpg 260 226 119 203 0.57381
00097.jpg 840 200 119 167 0.57298
00097.jpg 267 243 81 201 0.57227
00097.jpg 275 270 52 165 0.57154
00097.jpg 263 244 107 200 0.56893
00097.jpg 438 158 103 261 0.56208
00097.jpg 258 221 101 219 0.56136
00097.jpg 252 231 141 199 0.55667
00097.jpg 30 67 221 448 0.55350
00097.jpg 251 213 129 215 0.55221
00097.jpg 36 86 324 404 0.54675
00097.jpg 834 201 119 177 0.54628
00097.jpg 9 94 197 392 0.54480
00097.jpg 265 220 121 215 0.54431
00097.jpg 268 223 79 218 0.54280
00097.jpg 273 250 54 183 0.54098
00097.jpg 833 195 126 179 0.54002
00097.jpg 259 226 102 219 0.53264
00097.jpg 43 73 236 431 0.53221
00097.jpg 263 227 108 220 0.52982
00097.jpg 0 277 150 242 0.52504
00097.jpg 118 75 174 452 0.52117
00097.jpg 591 93 116 295 0.51994
00097.jpg 439 160 91 270 0.51656
00097.jpg 597 110 119 265 0.51422
00097.jpg 829 194 128 175 0.51407
00097.jpg 12 98 164 381 0.51254
00097.jpg 263 222 124 208 0.51206
00097.jpg 247 240 133 191 0.50663
00097.jpg 7 281 142 224 0.50302
00097.jpg 8 112 178 399 0.50300
00097.jpg 263 218 126 226 0.49956
