00106.jpg 610 122 108 242 0.99973
00106.jpg 611 115 104 253 0.99942
00106.jpg 610 120 99 246 0.99941
00106.jpg 609 121 104 243 0.99925
00106.jpg 0 25 342 499 0.99910
00106.jpg 0 37 344 493 0.99905
00106.jpg 0 34 322 469 0.99870
00106.jpg 841 224 114 145 0.99862
00106.jpg 0 41 366 462 0.99820
00106.jpg 608 119 104 250 0.99777
00106.jpg 6 36 336 490 0.99774
00106.jpg 434 230 160 181 0.99750
00106.jpg 611 123 103 247 0.99749
00106.jpg 0 39 333 482 0.99704
00106.jpg 2 35 324 483 0.99682
00106.jpg 430 229 157 184 0.99647
00106.jpg 0 30 341 504 0.99602
00106.jpg 427 238 162 167 0.99590
00106.jpg 0 45 316 482 0.99577
00106.jpg 613 116 100 259 0.99568
00106.jpg 609 120 105 249 0.99564
00106.jpg 428 231 158 166 0.99559
00106.jpg 612 124 98 239 0.99528
00106.jpg 611 118 100 248 0.99485
00106.jpg 610 117 104 249 0.99482
00106.jpg 617 124 89 248 0.99448
00106.jpg 0 30 332 498 0.99446
00106.jpg 614 118 97 254 0.99439
00106.jpg 430 233 157 171 0.99432
00106.jpg 429 235 156 166 0.99430
00106.jpg 614 118 97 252 0.99411
00106.jpg 13 42 342 477 0.99409
00106.jpg 610 127 103 248 0.99383
00106.jpg 431 231 164 172 0.99358
00106.jpg 610 115 104 250 0.99326
00106.jpg 0 42 344 465 0.99320
00106.jpg 842 222 117 145 0.99314
00106.jpg 426 230 161 177 0.99288
00106.jpg 616 125 98 242 0.99276
00106.jpg 612 118 97 251 0.99269
00106.jpg 611 118 106 253 0.99265
00106.jpg 837 219 122 151 0.99237
00106.jpg 425 235 164 167 0.99232
00106.jpg 837 225 121 143 0.99219
00106.jpg 432 230 156 175 0.99186
00106.jpg 0 48 338 452 0.99162
00106.jpg 614 125 94 240 0.99154
00106.jpg 433 235 153 165 0.99126
00106.jpg 0 38 343 479 0.99089
00106.jpg 617 122 89 247 0.99085
00106.jpg 0 40 334 478 0.99075
00106.jpg 612 120 102 246 0.99074
00106.jpg 0 52 320 463 0.99060
00106.jpg 613 118 94 249 0.99011
00106.jpg 839 225 120 136 0.98925
00106.jpg 0 44 313 463 0.98910
00106.jpg 434 237 152 166 0.98884
00106.jpg 433 235 157 170 0.98871
00106.jpg 841 217 117 147 0.98831
00106.jpg 0 32 352 497 0.98768
00106.jpg 610 123 98 240 0.98761
00106.jpg 839 223 118 139 0.98730
00106.jpg 840 225 119 137 0.98730
00106.jpg 608 120 104 250 0.98632
00106.jpg 614 123 96 241 0.98618
00106.jpg 435 242 158 158 0.98594
00106.jpg 841 218 118 147 0.98576
00106.jpg 429 232 156 176 0.98570
00106.jpg 840 217 115 142 0.98507
00106.jpg 427 230 163 176 0.98499
00106.jpg 845 224 108 144 0.98470
00106.jpg 840 222 116 145 0.98429
00106.jpg 0 47 330 481 0.98426
00106.jpg 843 224 114 138 0.98374
00106.jpg 610 112 103 255 0.98318
00106.jpg 0 36 345 489 0.98302
00106.jpg 431 226 153 181 0.98301
00106.jpg 842 220 115 146 0.98246
00106.jpg 612 119 103 242 0.98211
00106.jpg 430 234 160 168 0.98197
00106.jpg 610 129 103 233 0.98120
00106.jpg 0 40 340 485 0.98104
00106.jpg 838 223 119 142 0.98095
00106.jpg 610 119 106 245 0.98019
00106.jpg 427 232 166 179 0.98014
00106.jpg 427 232 168 169 0.97988
00106.jpg 429 236 154 165 0.97985
00106.jpg 435 233 152 169 0.97979
00106.jpg 428 233 163 169 0.97946
00106.jpg 612 119 104 248 0.97921
00106.jpg 844 222 112 146 0.97908
00106.jpg 431 234 158 172 0.97884
00106.jpg 846 223 110 141 0.97742
00106.jpg 612 115 104 254 0.97741
00106.jpg 432 233 156 172 0.97729
00106.jpg 437 237 150 161 0.97722
00106.jpg 841 224 114 144 0.97702
00106.jpg 840 225 119 144 0.97635
00106.jpg 434 232 158 174 0.97617
00106.jpg 838 217 118 144 0.97600
00106.jpg 608 118 104 254 0.97573
00106.jpg 430 234 156 170 0.97562
00106.jpg 617 116 99 251 0.97521
00106.jpg 846 220 108 144 0.97401
00106.jpg 433 241 159 158 0.97397
00106.jpg 611 118 102 246 0.97333
00106.jpg 428 231 167 176 0.97317
00106.jpg 424 230 165 180 0.97241
00106.jpg 613 114 97 259 0.97189
00106.jpg 613 123 95 247 0.97132
00106.jpg 843 223 116 141 0.97027
00106.jpg 607 114 104 252 0.97018
00106.jpg 0 51 323 467 0.97009
00106.jpg 435 235 151 169 0.96943
00106.jpg 0 46 332 481 0.96916
00106.jpg 846 221 107 140 0.96650
00106.jpg 838 218 118 149 0.96541
00106.jpg 843 221 113 149 0.96521
00106.jpg 434 231 149 176 0.96313
00106.jpg 844 224 113 143 0.96232
00106.jpg 843 210 113 161 0.96191
00106.jpg 608 116 107 256 0.96172
00106.jpg 846 220 111 147 0.96053
00106.jpg 429 238 153 166 0.95792
00106.jpg 613 119 88 251 0.95752
00106.jpg 431 232 155 173 0.95721
00106.jpg 428 229 162 183 0.95696
00106.jpg 0 45 350 485 0.95654
00106.jpg 428 236 163 172 0.95644
00106.jpg 431 231 153 172 0.95576
00106.jpg 844 221 112 147 0.95445
00106.jpg 440 226 149 181 0.94949
00106.jpg 606 118 108 248 0.94738
00106.jpg 841 220 111 136 0.94735
00106.jpg 426 230 162 180 0.94658
00106.jpg 837 219 119 152 0.94379
00106.jpg 431 230 155 177 0.94209
00106.jpg 432 242 161 169 0.94006
00106.jpg 430 236 162 168 0.93807
00106.jpg 0 53 352 460 0.93771
00106.jpg 439 236 151 176 0.93674
00106.jpg 614 119 103 250 0.93526
00106.jpg 0 49 358 477 0.93492
00106.jpg 610 118 100 254 0.93433
00106.jpg 427 235 158 170 0.92824
00106.jpg 616 118 92 255 0.92422
00106.jpg 0 50 309 471 0.92174
00106.jpg 841 218 116 153 0.92048
00106.jpg 611 120 101 249 0.92042
00106.jpg 610 122 100 239 0.91892
00106.jpg 0 33 311 492 0.91623
00106.jpg 842 218 110 143 0.91395
00106.jpg 427 229 152 172 0.90927
00106.jpg 841 220 118 143 0.90482
00106.jpg 612 116 96 255 0.89885
00106.jpg 611 115 105 249 0.89740
00106.jpg 421 230 163 174 0.89373
00106.jpg 0 37 331 492 0.89356
00106.jpg 439 233 150 173 0.89320
00106.jpg 432 233 143 168 0.89306
00106.jpg 839 225 120 145 0.89110
00106.jpg 615 125 97 232 0.88936
00106.jpg 435 233 154 178 0.88849
00106.jpg 438 233 153 171 0.88445
00106.jpg 848 222 105 142 0.88355
00106.jpg 844 224 110 143 0.88307
00106.jpg 612 121 97 242 0.88239
00106.jpg 0 41 330 492 0.88013
00106.jpg 435 232 150 173 0.87311
00106.jpg 433 237 154 164 0.87267
00106.jpg 840 223 117 140 0.87223
00106.jpg 841 221 113 148 0.86822
00106.jpg 847 226 104 135 0.86531
00106.jpg 844 222 111 148 0.86234
00106.jpg 2 58 309 450 0.85987
00106.jpg 847 216 110 150 0.85135
00106.jpg 842 220 113 146 0.85007
00106.jpg 429 235 158 162 0.84832
00106.jpg 840 219 117 149 0.84515
00106.jpg 846 223 113 145 0.84434
00106.jpg 847 213 108 161 0.84050
00106.jpg 432 234 161 176 0.83827
00106.jpg 613 119 99 249 0.83608
00106.jpg 847 226 100 136 0.83596
00106.jpg 418 232 177 170 0.83331
00106.jpg 0 44 339 475 0.82856
00106.jpg 0 57 336 466 0.82576
00106.jpg 425 233 163 172 0.82528
00106.jpg 843 223 107 140 0.81999
00106.jpg 842 217 117 148 0.81970
00106.jpg 852 227 97 136 0.81757
00106.jpg 844 226 111 146 0.81025
00106.jpg 848 226 107 145 0.80632
00106.jpg 611 122 104 242 0.79954
00106.jpg 0 17 348 517 0.79281
00106.jpg 440 233 145 171 0.78879
00106.jpg 436 235 155 171 0.78745
00106.jpg 842 226 117 139 0.78595
00106.jpg 432 228 160 186 0.77741
00106.jpg 440 230 141 174 0.77383
00106.jpg 0 46 356 473 0.75994
00106.jpg 611 113 109 256 0.75889
00106.jpg 0 47 329 468 0.75740
00106.jpg 430 231 151 177 0.74579
00106.jpg 609 115 103 254 0.72064
00106.jpg 609 125 94 245 0.70655
00106.jpg 0 56 390 420 0.70317
00106.jpg 426 239 152 162 0.70206
00106.jpg 443 239 144 165 0.70183
00106.jpg 439 231 153 162 0.70169
00106.jpg 441 235 153 165 0.69769
00106.jpg 438 238 137 163 0.68859
00106.jpg 434 239 164 161 0.68033
00106.jpg 4 46 279 467 0.66988
00106.jpg 4 35 333 471 0.65595
00106.jpg 848 227 103 132 0.65193
00106.jpg 836 218 122 155 0.64436
00106.jpg 434 244 153 159 0.64052
00106.jpg 3 50 352 478 0.63610
00106.jpg 0 45 294 447 0.59088
00106.jpg 836 219 114 151 0.59054
00106.jpg 0 27 310 465 0.57641
00106.jpg 616 115 97 244 0.56921
00106.jpg 851 224 92 135 0.56639
00106.jpg 433 228 157 177 0.56138
00106.jpg 436 232 156 168 0.55519
00106.jpg 848 221 101 142 0.55075
00106.jpg 421 237 160 173 0.54849
00106.jpg 846 224 113 141 0.54154
00106.jpg 849 225 103 141 0.53725
00106.jpg 842 217 114 141 0.53550
00106.jpg 839 217 116 148 0.53535
00106.jpg 609 122 94 235 0.52202
00106.jpg 846 222 109 145 0.51059
00106.jpg 426 256 172 148 0.50687
