00109.jpg 612 145 104 217 0.99961
00109.jpg 0 13 331 515 0.99957
00109.jpg 412 219 199 190 0.99952
00109.jpg 0 9 329 520 0.99951
00109.jpg 607 145 108 216 0.99913
00109.jpg 4 42 348 486 0.99886
00109.jpg 606 145 115 213 0.99885
00109.jpg 609 143 108 223 0.99880
00109.jpg 419 217 191 202 0.99869
00109.jpg 610 146 106 218 0.99849
00109.jpg 0 37 300 472 0.99847
00109.jpg 608 144 112 218 0.99827
00109.jpg 0 36 338 478 0.99794
00109.jpg 0 40 304 477 0.99781
00109.jpg 0 38 326 483 0.99777
00109.jpg 411 221 193 192 0.99773
00109.jpg 610 145 104 218 0.99770
00109.jpg 611 142 103 219 0.99761
00109.jpg 425 225 170 188 0.99743
00109.jpg 612 147 105 218 0.99732
00109.jpg 413 219 194 186 0.99726
00109.jpg 421 228 184 182 0.99721
00109.jpg 425 220 180 185 0.99719
00109.jpg 422 226 175 185 0.99677
00109.jpg 617 146 97 216 0.99675
00109.jpg 423 224 179 183 0.99670
00109.jpg 0 40 330 469 0.99661
00109.jpg 613 143 103 220 0.99659
00109.jpg 415 217 199 191 0.99640
00109.jpg 611 145 99 225 0.99637
00109.jpg 0 39 319 480 0.99625
00109.jpg 413 221 199 185 0.99606
00109.jpg 418 221 184 192 0.99605
00109.jpg 0 35 332 465 0.99604
00109.jpg 0 30 313 476 0.99599
00109.jpg 423 222 178 191 0.99595
00109.jpg 0 42 321 491 0.99593
00109.jpg 418 225 192 192 0.99587
00109.jpg 0 41 313 474 0.99581
00109.jpg 611 149 112 210 0.99577
00109.jpg 413 221 193 189 0.99548
00109.jpg 608 147 109 218 0.99539
00109.jpg 418 219 190 196 0.99535
00109.jpg 422 228 185 180 0.99522
00109.jpg 613 144 106 216 0.99505
00109.jpg 608 142 106 214 0.99486
00109.jpg 420 221 186 201 0.99459
00109.jpg 420 220 184 198 0.99440
00109.jpg 608 143 104 222 0.99428
00109.jpg 422 212 187 193 0.99399
00109.jpg 0 52 304 459 0.99396
00109.jpg 423 222 179 194 0.99385
00109.jpg 2 43 302 471 0.99384
00109.jpg 612 145 104 216 0.99379
00109.jpg 411 221 194 190 0.99345
00109.jpg 418 224 187 186 0.99318
00109.jpg 843 220 109 142 0.99314
00109.jpg 418 223 186 199 0.99285
00109.jpg 0 41 321 473 0.99264
00109.jpg 408 225 207 187 0.99259
00109.jpg 413 223 188 191 0.99233
00109.jpg 420 226 189 185 0.99216
00109.jpg 417 212 182 205 0.99198
00109.jpg 607 139 108 227 0.99139
00109.jpg 608 142 105 217 0.99083
00109.jpg 422 226 179 186 0.99063
00109.jpg 413 217 195 196 0.99047
00109.jpg 415 220 200 193 0.99040
00109.jpg 0 51 315 474 0.99029
00109.jpg 613 150 102 208 0.99023
00109.jpg 417 225 192 190 0.98762
00109.jpg 419 225 189 184 0.98728
00109.jpg 419 228 184 180 0.98713
00109.jpg 610 144 106 214 0.98673
00109.jpg 0 23 330 493 0.98638
00109.jpg 417 219 195 193 0.98602
00109.jpg 0 50 325 473 0.98576
00109.jpg 414 224 192 190 0.98521
00109.jpg 616 151 96 212 0.98459
00109.jpg 845 220 107 148 0.98458
00109.jpg 416 221 186 192 0.98447
00109.jpg 607 149 106 212 0.98319
00109.jpg 422 227 183 181 0.98272
00109.jpg 428 228 165 176 0.98068
00109.jpg 0 51 313 460 0.98058
00109.jpg 837 218 122 145 0.98052
00109.jpg 841 220 113 146 0.98019
00109.jpg 614 142 101 224 0.98018
00109.jpg 410 227 196 188 0.97989
00109.jpg 834 220 125 147 0.97950
00109.jpg 0 41 294 477 0.97885
00109.jpg 413 219 198 196 0.97785
00109.jpg 410 223 191 198 0.97748
00109.jpg 619 149 93 213 0.97723
00109.jpg 615 144 97 221 0.97671
00109.jpg 414 214 188 199 0.97651
00109.jpg 840 216 116 159 0.97531
00109.jpg 1 37 292 482 0.97499
00109.jpg 408 218 207 193 0.97458
00109.jpg 840 217 114 144 0.97445
00109.jpg 426 220 182 198 0.97423
00109.jpg 421 223 190 187 0.97410
00109.jpg 609 144 109 216 0.97339
00109.jpg 422 224 173 186 0.97286
00109.jpg 0 49 311 467 0.97267
00109.jpg 610 148 104 212 0.97218
00109.jpg 607 148 113 215 0.97193
00109.jpg 422 218 185 193 0.97106
00109.jpg 412 221 194 199 0.96945
00109.jpg 613 147 105 216 0.96796
00109.jpg 419 221 190 195 0.96763
00109.jpg 0 42 322 450 0.96634
00109.jpg 410 225 202 188 0.96631
00109.jpg 836 213 122 150 0.96459
00109.jpg 422 219 175 188 0.96397
00109.jpg 836 219 116 144 0.96351
00109.jpg 0 33 319 477 0.96347
00109.jpg 612 147 103 218 0.95964
00109.jpg 5 57 362 422 0.95741
00109.jpg 428 220 173 188 0.95731
00109.jpg 839 212 117 152 0.95525
00109.jpg 834 220 124 146 0.95487
00109.jpg 612 148 100 212 0.95434
00109.jpg 838 218 116 150 0.95230
00109.jpg 616 146 100 212 0.95023
00109.jpg 841 219 113 147 0.94986
00109.jpg 0 47 303 458 0.94978
00109.jpg 607 149 116 208 0.94854
00109.jpg 613 143 102 219 0.94843
00109.jpg 416 226 186 176 0.94708
00109.jpg 835 216 122 153 0.94558
00109.jpg 0 43 324 471 0.94451
00109.jpg 843 222 112 133 0.94405
00109.jpg 611 151 102 211 0.94384
00109.jpg 0 33 312 471 0.93957
00109.jpg 612 152 103 211 0.93957
00109.jpg 842 219 116 140 0.93473
00109.jpg 619 139 96 225 0.93408
00109.jpg 416 212 172 206 0.93198
00109.jpg 836 215 121 147 0.93129
00109.jpg 609 150 103 205 0.93086
00109.jpg 301 331 98 104 0.93031
00109.jpg 836 223 120 141 0.92931
00109.jpg 414 218 182 179 0.92918
00109.jpg 419 229 182 181 0.92866
00109.jpg 844 220 113 148 0.92815
00109.jpg 839 222 120 142 0.92672
00109.jpg 411 215 195 205 0.92547
00109.jpg 616 141 91 220 0.92536
00109.jpg 0 35 311 485 0.92339
00109.jpg 0 48 322 460 0.92314
00109.jpg 0 30 312 480 0.91757
00109.jpg 841 219 117 138 0.91602
00109.jpg 416 220 186 191 0.91344
00109.jpg 839 219 120 146 0.91086
00109.jpg 838 222 120 146 0.91012
00109.jpg 607 134 111 233 0.90698
00109.jpg 843 222 107 141 0.90464
00109.jpg 844 214 114 152 0.90188
00109.jpg 302 325 99 108 0.90184
00109.jpg 427 225 180 187 0.90057
00109.jpg 837 216 114 146 0.90042
00109.jpg 415 220 193 197 0.90023
00109.jpg 610 149 105 213 0.89919
00109.jpg 607 153 107 208 0.89910
00109.jpg 841 218 114 147 0.89793
00109.jpg 422 222 182 189 0.89602
00109.jpg 0 41 318 477 0.89489
00109.jpg 841 214 110 148 0.89389
00109.jpg 839 223 116 137 0.89248
00109.jpg 419 214 186 186 0.89123
00109.jpg 417 223 192 188 0.88325
00109.jpg 845 223 112 145 0.88077
00109.jpg 613 144 93 213 0.87429
00109.jpg 306 325 93 110 0.86924
00109.jpg 305 328 92 103 0.86869
00109.jpg 612 145 102 212 0.86827
00109.jpg 836 217 115 150 0.86669
00109.jpg 847 220 111 143 0.86419
00109.jpg 425 221 171 185 0.86410
00109.jpg 838 221 117 138 0.86206
00109.jpg 301 327 96 112 0.86113
00109.jpg 300 328 95 105 0.85608
00109.jpg 422 219 171 192 0.85438
00109.jpg 303 330 92 107 0.85156
00109.jpg 413 221 196 200 0.84797
00109.jpg 837 222 119 146 0.83906
00109.jpg 836 222 119 147 0.83460
00109.jpg 844 220 106 148 0.83406
00109.jpg 834 217 125 150 0.83381
00109.jpg 845 224 107 141 0.82711
00109.jpg 303 328 93 111 0.82562
00109.jpg 614 148 97 205 0.82321
00109.jpg 309 330 89 107 0.82185
00109.jpg 837 222 122 140 0.82000
00109.jpg 425 223 175 193 0.81910
00109.jpg 0 36 311 458 0.81893
00109.jpg 0 30 310 485 0.81860
00109.jpg 309 332 87 106 0.81371
00109.jpg 420 231 182 182 0.80762
00109.jpg 607 149 102 214 0.80761
00109.jpg 0 27 332 475 0.80742
00109.jpg 0 80 296 407 0.79692
00109.jpg 841 212 111 156 0.79532
00109.jpg 416 224 186 183 0.79427
00109.jpg 309 325 87 113 0.79248
00109.jpg 842 212 111 160 0.78884
00109.jpg 843 216 113 148 0.78506
00109.jpg 304 334 95 92 0.77961
00109.jpg 611 144 106 214 0.77881
00109.jpg 0 31 316 471 0.77807
00109.jpg 605 142 113 223 0.77640
00109.jpg 416 220 199 191 0.77391
00109.jpg 839 214 120 152 0.77245
00109.jpg 614 144 102 212 0.77228
00109.jpg 414 215 187 193 0.77049
00109.jpg 414 221 188 194 0.76912
00109.jpg 309 331 89 109 0.76845
00109.jpg 306 327 100 106 0.76723
00109.jpg 842 218 112 155 0.76415
00109.jpg 310 329 86 99 0.76052
00109.jpg 613 150 98 209 0.75701
00109.jpg 842 223 114 142 0.75279
00109.jpg 841 221 115 151 0.75137
00109.jpg 843 222 116 145 0.74981
00109.jpg 839 220 115 148 0.74916
00109.jpg 301 334 96 90 0.74645
00109.jpg 413 213 185 179 0.74591
00109.jpg 618 160 101 190 0.73986
00109.jpg 0 51 331 460 0.73784
00109.jpg 604 147 108 212 0.73557
00109.jpg 612 147 103 219 0.73530
00109.jpg 309 332 92 104 0.73131
00109.jpg 299 326 101 98 0.72868
00109.jpg 299 324 97 107 0.72681
00109.jpg 411 230 204 173 0.72606
00109.jpg 307 326 88 107 0.72585
00109.jpg 306 335 90 102 0.72382
00109.jpg 0 34 349 479 0.72363
00109.jpg 845 223 107 141 0.71585
00109.jpg 395 206 215 195 0.71182
00109.jpg 608 147 106 217 0.70901
00109.jpg 297 329 95 110 0.70820
00109.jpg 838 223 121 140 0.70579
00109.jpg 615 146 110 215 0.70232
00109.jpg 846 226 108 132 0.69840
00109.jpg 411 213 187 200 0.69254
00109.jpg 0 56 330 475 0.68978
00109.jpg 10 35 329 469 0.68975
00109.jpg 411 221 196 200 0.68937
00109.jpg 409 225 208 188 0.68509
00109.jpg 411 219 203 194 0.68182
00109.jpg 16 310 81 107 0.68022
00109.jpg 420 220 202 184 0.67509
00109.jpg 420 225 178 195 0.67469
00109.jpg 844 218 115 154 0.67231
00109.jpg 617 145 97 212 0.67219
00109.jpg 845 223 114 144 0.66528
00109.jpg 421 230 188 187 0.65988
00109.jpg 417 213 190 195 0.65883
00109.jpg 617 141 93 222 0.64753
00109.jpg 1 35 321 489 0.64616
00109.jpg 288 326 105 108 0.64454
00109.jpg 606 150 106 207 0.64152
00109.jpg 844 221 115 139 0.62536
00109.jpg 305 332 95 102 0.62404
00109.jpg 608 152 98 207 0.62333
00109.jpg 845 223 107 136 0.62147
00109.jpg 305 332 98 113 0.62062
00109.jpg 6 317 99 89 0.62031
00109.jpg 845 224 107 136 0.61838
00109.jpg 306 332 86 97 0.60678
00109.jpg 305 335 94 96 0.60316
00109.jpg 0 25 291 502 0.60027
00109.jpg 837 217 115 147 0.59446
00109.jpg 838 220 111 141 0.58632
00109.jpg 838 226 120 145 0.58147
00109.jpg 2 44 258 454 0.58064
00109.jpg 309 332 95 96 0.57998
00109.jpg 3 320 101 92 0.56589
00109.jpg 838 226 120 143 0.56481
00109.jpg 302 330 93 86 0.56124
00109.jpg 5 315 90 108 0.55951
00109.jpg 309 331 85 107 0.55889
00109.jpg 616 149 91 205 0.54616
00109.jpg 836 213 119 158 0.54592
00109.jpg 21 321 73 94 0.54546
00109.jpg 846 221 99 137 0.54305
00109.jpg 297 333 97 85 0.53714
00109.jpg 848 223 101 144 0.53571
00109.jpg 277 325 113 105 0.53263
00109.jpg 272 319 119 102 0.52961
00109.jpg 7 278 69 135 0.52950
00109.jpg 306 322 83 106 0.52656
00109.jpg 291 323 107 103 0.52480
00109.jpg 305 325 95 111 0.52470
00109.jpg 279 323 117 107 0.52462
00109.jpg 309 329 96 102 0.52402
00109.jpg 305 333 94 95 0.52128
00109.jpg 406 226 198 189 0.51942
00109.jpg 12 313 87 100 0.50134
