00108.jpg 612 130 99 235 0.99979
00108.jpg 611 135 104 229 0.99955
00108.jpg 0 25 349 487 0.99951
00108.jpg 611 128 101 235 0.99929
00108.jpg 0 34 359 484 0.99913
00108.jpg 0 38 329 481 0.99878
00108.jpg 0 48 321 452 0.99865
00108.jpg 612 136 102 232 0.99862
00108.jpg 0 36 372 481 0.99842
00108.jpg 612 135 106 230 0.99832
00108.jpg 610 137 104 229 0.99813
00108.jpg 615 143 97 221 0.99810
00108.jpg 435 234 156 174 0.99805
00108.jpg 0 44 352 475 0.99784
00108.jpg 616 137 97 227 0.99777
00108.jpg 612 130 103 236 0.99776
00108.jpg 429 226 179 181 0.99753
00108.jpg 0 38 333 469 0.99736
00108.jpg 0 39 299 476 0.99691
00108.jpg 429 231 165 180 0.99662
00108.jpg 837 219 119 152 0.99659
00108.jpg 432 232 158 180 0.99657
00108.jpg 426 230 170 181 0.99618
00108.jpg 610 134 103 235 0.99610
00108.jpg 426 230 169 180 0.99600
00108.jpg 615 132 97 238 0.99588
00108.jpg 608 135 104 235 0.99576
00108.jpg 426 233 168 179 0.99534
00108.jpg 0 28 303 485 0.99533
00108.jpg 429 230 167 178 0.99528
00108.jpg 427 230 170 173 0.99472
00108.jpg 611 132 100 239 0.99468
00108.jpg 432 226 168 184 0.99464
00108.jpg 0 37 346 484 0.99442
00108.jpg 423 225 175 192 0.99412
00108.jpg 612 128 103 239 0.99403
00108.jpg 616 139 96 233 0.99395
00108.jpg 433 233 168 179 0.99392
00108.jpg 614 138 104 232 0.99387
00108.jpg 613 137 102 229 0.99379
00108.jpg 611 131 101 238 0.99373
00108.jpg 0 50 318 468 0.99336
00108.jpg 423 228 178 179 0.99328
00108.jpg 0 40 316 486 0.99318
00108.jpg 0 41 327 483 0.99308
00108.jpg 0 42 346 474 0.99290
00108.jpg 606 139 115 222 0.99273
00108.jpg 612 135 102 230 0.99227
00108.jpg 431 225 163 181 0.99226
00108.jpg 0 40 359 470 0.99213
00108.jpg 426 228 171 176 0.99188
00108.jpg 616 129 99 241 0.99174
00108.jpg 613 139 104 232 0.99167
00108.jpg 423 227 173 187 0.99146
00108.jpg 426 238 170 171 0.99140
00108.jpg 2 50 325 462 0.99135
00108.jpg 430 229 173 182 0.99135
00108.jpg 429 231 173 181 0.99114
00108.jpg 425 224 175 184 0.99109
00108.jpg 842 216 114 152 0.99098
00108.jpg 431 237 161 165 0.99076
00108.jpg 616 135 95 231 0.98976
00108.jpg 428 227 163 184 0.98945
00108.jpg 614 136 99 238 0.98944
00108.jpg 845 222 114 147 0.98937
00108.jpg 608 133 105 239 0.98932
00108.jpg 614 139 99 223 0.98888
00108.jpg 615 134 95 233 0.98884
00108.jpg 427 234 175 179 0.98853
00108.jpg 845 225 112 144 0.98823
00108.jpg 835 223 118 146 0.98813
00108.jpg 0 41 363 476 0.98755
00108.jpg 425 235 176 175 0.98622
00108.jpg 433 229 170 180 0.98596
00108.jpg 0 39 369 468 0.98546
00108.jpg 0 42 359 452 0.98518
00108.jpg 426 234 168 180 0.98511
00108.jpg 424 226 174 192 0.98509
00108.jpg 612 139 96 226 0.98448
00108.jpg 431 227 163 183 0.98362
00108.jpg 615 140 95 227 0.98362
00108.jpg 429 232 172 174 0.98343
00108.jpg 423 234 178 176 0.98288
00108.jpg 842 218 117 152 0.98187
00108.jpg 613 140 108 225 0.98141
00108.jpg 839 216 118 151 0.98110
00108.jpg 840 220 119 145 0.98098
00108.jpg 427 235 166 171 0.97946
00108.jpg 420 236 174 171 0.97931
00108.jpg 429 229 173 180 0.97900
00108.jpg 427 225 170 188 0.97793
00108.jpg 612 135 104 234 0.97722
00108.jpg 428 231 171 185 0.97687
00108.jpg 421 228 178 184 0.97643
00108.jpg 613 137 97 230 0.97641
00108.jpg 840 220 114 142 0.97628
00108.jpg 841 220 116 152 0.97600
00108.jpg 617 138 95 225 0.97597
00108.jpg 0 33 348 489 0.97432
00108.jpg 435 231 163 184 0.97319
00108.jpg 842 225 114 144 0.97221
00108.jpg 429 224 165 184 0.97164
00108.jpg 432 236 169 179 0.97135
00108.jpg 428 227 169 182 0.97129
00108.jpg 843 221 114 143 0.96965
00108.jpg 847 224 109 140 0.96850
00108.jpg 426 231 174 181 0.96799
00108.jpg 426 227 170 181 0.96608
00108.jpg 615 141 96 228 0.96522
00108.jpg 839 223 116 139 0.96368
00108.jpg 424 230 173 185 0.96272
00108.jpg 16 51 365 446 0.96028
00108.jpg 0 44 382 478 0.95802
00108.jpg 615 135 99 232 0.95598
00108.jpg 428 237 171 171 0.95582
00108.jpg 849 218 101 147 0.95492
00108.jpg 0 34 356 492 0.95045
00108.jpg 843 219 113 149 0.95033
00108.jpg 0 44 321 485 0.94944
00108.jpg 430 227 168 182 0.94803
00108.jpg 0 57 331 433 0.94730
00108.jpg 2 38 338 488 0.94503
00108.jpg 429 233 164 182 0.94472
00108.jpg 428 231 170 179 0.94403
00108.jpg 427 235 177 169 0.94394
00108.jpg 841 219 118 149 0.94335
00108.jpg 845 219 109 148 0.94324
00108.jpg 842 222 115 143 0.94230
00108.jpg 616 138 96 232 0.94206
00108.jpg 839 219 120 146 0.94147
00108.jpg 841 223 113 144 0.94122
00108.jpg 2 35 339 487 0.93997
00108.jpg 845 214 109 149 0.93783
00108.jpg 847 222 110 147 0.93650
00108.jpg 0 41 304 480 0.93394
00108.jpg 609 123 108 247 0.93343
00108.jpg 606 136 107 227 0.93079
00108.jpg 426 227 172 191 0.92839
00108.jpg 844 219 113 144 0.92524
00108.jpg 841 220 113 150 0.92488
00108.jpg 612 143 102 224 0.92419
00108.jpg 617 131 94 232 0.92323
00108.jpg 427 236 171 174 0.92092
00108.jpg 844 220 111 144 0.92003
00108.jpg 845 216 109 153 0.91926
00108.jpg 613 138 92 226 0.91812
00108.jpg 842 220 117 149 0.91727
00108.jpg 427 226 177 179 0.91543
00108.jpg 843 221 116 149 0.91477
00108.jpg 0 41 330 487 0.90971
00108.jpg 843 225 116 138 0.90605
00108.jpg 848 217 110 152 0.90350
00108.jpg 0 30 324 498 0.89870
00108.jpg 846 220 110 148 0.89794
00108.jpg 838 220 114 145 0.89115
00108.jpg 428 230 174 177 0.89025
00108.jpg 426 230 166 172 0.88773
00108.jpg 617 135 94 226 0.88670
00108.jpg 841 218 110 152 0.88324
00108.jpg 423 234 173 178 0.88090
00108.jpg 429 227 174 183 0.87768
00108.jpg 840 226 117 147 0.87144
00108.jpg 436 234 162 176 0.86640
00108.jpg 427 236 170 173 0.86492
00108.jpg 839 218 119 148 0.86046
00108.jpg 607 138 105 227 0.85939
00108.jpg 418 228 178 183 0.85334
00108.jpg 0 28 385 474 0.85274
00108.jpg 425 227 168 176 0.85261
00108.jpg 0 41 302 477 0.84576
00108.jpg 841 222 117 139 0.84334
00108.jpg 422 227 169 170 0.84058
00108.jpg 433 231 155 179 0.83620
00108.jpg 16 60 353 422 0.83603
00108.jpg 614 139 101 233 0.83591
00108.jpg 0 46 334 475 0.83033
00108.jpg 839 224 119 138 0.82681
00108.jpg 422 232 174 170 0.82640
00108.jpg 845 221 111 143 0.82167
00108.jpg 0 62 362 436 0.82050
00108.jpg 617 134 96 226 0.81311
00108.jpg 0 46 298 466 0.81170
00108.jpg 613 131 103 233 0.80719
00108.jpg 843 221 111 151 0.80699
00108.jpg 428 225 181 177 0.80579
00108.jpg 4 44 294 484 0.79368
00108.jpg 418 232 180 181 0.79127
00108.jpg 611 134 108 233 0.78954
00108.jpg 840 220 117 152 0.78917
00108.jpg 0 35 329 486 0.78464
00108.jpg 437 228 152 178 0.78414
00108.jpg 433 233 155 171 0.77735
00108.jpg 614 124 104 253 0.77139
00108.jpg 3 38 352 481 0.76189
00108.jpg 842 216 116 153 0.75827
00108.jpg 852 217 106 149 0.74732
00108.jpg 840 215 119 150 0.73958
00108.jpg 836 215 119 156 0.73874
00108.jpg 606 131 102 240 0.73858
00108.jpg 610 138 102 237 0.73632
00108.jpg 615 131 103 232 0.73131
00108.jpg 845 224 114 143 0.72667
00108.jpg 0 48 338 453 0.71349
00108.jpg 608 132 105 236 0.70969
00108.jpg 838 218 113 145 0.70630
00108.jpg 621 131 98 232 0.70390
00108.jpg 842 218 117 147 0.69426
00108.jpg 421 227 175 177 0.68797
00108.jpg 428 224 172 187 0.68686
00108.jpg 846 220 107 147 0.68524
00108.jpg 843 223 114 145 0.67999
00108.jpg 847 220 105 141 0.66165
00108.jpg 8 51 288 451 0.65366
00108.jpg 420 234 174 182 0.65058
00108.jpg 845 221 113 149 0.64488
00108.jpg 410 208 188 190 0.63714
00108.jpg 0 11 367 522 0.61700
00108.jpg 432 227 173 175 0.61689
00108.jpg 840 226 117 147 0.60809
00108.jpg 839 219 115 151 0.59925
00108.jpg 425 233 176 174 0.59893
00108.jpg 416 229 179 179 0.58864
00108.jpg 245 327 39 45 0.58741
00108.jpg 419 222 181 193 0.58552
00108.jpg 841 219 118 140 0.57991
00108.jpg 608 138 107 234 0.57625
00108.jpg 613 141 103 222 0.57482
00108.jpg 295 332 98 75 0.57026
00108.jpg 241 331 52 59 0.56955
00108.jpg 0 37 326 468 0.56865
00108.jpg 0 40 316 448 0.56501
00108.jpg 427 227 163 173 0.55344
00108.jpg 2 41 272 445 0.54517
00108.jpg 0 44 308 460 0.53889
00108.jpg 0 40 370 479 0.53500
00108.jpg 416 231 182 191 0.53448
00108.jpg 613 139 93 227 0.53120
00108.jpg 614 136 110 234 0.52908
00108.jpg 620 154 96 197 0.52764
00108.jpg 35 28 301 496 0.52621
00108.jpg 842 225 117 146 0.52620
00108.jpg 837 221 111 141 0.52433
00108.jpg 4 46 263 443 0.52165
00108.jpg 0 40 303 482 0.51641
00108.jpg 851 222 99 152 0.51635
00108.jpg 613 139 101 221 0.51145
00108.jpg 834 219 115 144 0.51070
00108.jpg 834 215 117 147 0.50376
00108.jpg 244 322 48 58 0.50347
