00008.jpg 8 3 226 343 0.99988
00008.jpg 8 3 234 341 0.99982
00008.jpg 22 0 213 343 0.99975
00008.jpg 18 0 218 348 0.99961
00008.jpg 8 0 224 339 0.99918
00008.jpg 384 89 322 370 0.99897
00008.jpg 388 90 335 363 0.99874
00008.jpg 389 77 331 370 0.99869
00008.jpg 17 0 209 339 0.99868
00008.jpg 27 0 200 345 0.99867
00008.jpg 374 92 335 349 0.99859
00008.jpg 16 0 212 346 0.99854
00008.jpg 384 88 329 383 0.99834
00008.jpg 9 3 225 327 0.99815
00008.jpg 24 0 204 340 0.99786
00008.jpg 235 116 214 338 0.99780
00008.jpg 1 0 246 339 0.99768
00008.jpg 385 98 341 349 0.99728
00008.jpg 16 0 222 345 0.99696
00008.jpg 13 0 223 343 0.99680
00008.jpg 380 85 331 368 0.99669
00008.jpg 10 0 222 339 0.99648
00008.jpg 375 88 333 361 0.99629
00008.jpg 370 83 331 363 0.99587
00008.jpg 33 9 202 340 0.99581
00008.jpg 11 0 220 324 0.99577
00008.jpg 227 95 217 370 0.99550
00008.jpg 230 106 205 347 0.99540
00008.jpg 23 0 204 327 0.99537
00008.jpg 236 121 203 336 0.99532
00008.jpg 217 96 238 355 0.99527
00008.jpg 392 88 320 358 0.99523
00008.jpg 16 0 227 341 0.99515
00008.jpg 18 0 215 346 0.99507
00008.jpg 384 89 329 350 0.99492
00008.jpg 382 91 335 345 0.99487
00008.jpg 13 1 231 346 0.99480
00008.jpg 13 0 220 336 0.99458
00008.jpg 381 82 338 367 0.99453
00008.jpg 216 109 236 356 0.99452
00008.jpg 221 104 218 354 0.99417
00008.jpg 380 93 324 349 0.99373
00008.jpg 231 93 199 370 0.99365
00008.jpg 374 90 335 364 0.99331
00008.jpg 393 85 318 375 0.99318
00008.jpg 16 0 212 339 0.99314
00008.jpg 369 95 351 354 0.99265
00008.jpg 18 0 216 329 0.99255
00008.jpg 235 102 221 353 0.99254
00008.jpg 379 81 333 386 0.99203
00008.jpg 391 103 317 352 0.99156
00008.jpg 390 86 310 372 0.99132
00008.jpg 242 102 204 362 0.99079
00008.jpg 26 0 201 343 0.99065
00008.jpg 377 101 315 343 0.98982
00008.jpg 377 97 335 360 0.98966
00008.jpg 1 10 242 331 0.98846
00008.jpg 225 97 223 364 0.98762
00008.jpg 14 0 225 343 0.98739
00008.jpg 230 105 215 352 0.98722
00008.jpg 224 104 232 358 0.98513
00008.jpg 237 120 212 335 0.98465
00008.jpg 11 0 225 361 0.98451
00008.jpg 232 113 215 334 0.98415
00008.jpg 378 88 335 359 0.98413
00008.jpg 224 87 229 373 0.98318
00008.jpg 386 94 298 360 0.98302
00008.jpg 387 92 328 350 0.98277
00008.jpg 15 0 220 337 0.98225
00008.jpg 10 3 230 341 0.98220
00008.jpg 399 80 299 380 0.98201
00008.jpg 388 85 336 368 0.97942
00008.jpg 397 94 306 365 0.97869
00008.jpg 230 103 201 353 0.97863
00008.jpg 239 99 196 355 0.97854
00008.jpg 394 90 313 361 0.97768
00008.jpg 380 96 318 351 0.97642
00008.jpg 383 93 328 355 0.97633
00008.jpg 227 108 216 344 0.97624
00008.jpg 391 82 314 355 0.97599
00008.jpg 385 95 331 346 0.97594
00008.jpg 224 107 218 350 0.97534
00008.jpg 388 86 315 356 0.97530
00008.jpg 371 89 342 352 0.97285
00008.jpg 226 110 212 340 0.97274
00008.jpg 223 98 232 365 0.97260
00008.jpg 229 108 220 353 0.97226
00008.jpg 16 0 209 354 0.97220
00008.jpg 8 0 226 335 0.97138
00008.jpg 6 3 230 347 0.97101
00008.jpg 227 101 210 361 0.96887
00008.jpg 220 104 236 349 0.96816
00008.jpg 375 99 333 356 0.96785
00008.jpg 383 96 333 348 0.96777
00008.jpg 24 10 199 325 0.96710
00008.jpg 233 106 219 350 0.96623
00008.jpg 226 112 227 345 0.96572
00008.jpg 22 2 203 330 0.96472
00008.jpg 384 95 314 352 0.96454
00008.jpg 31 6 209 334 0.96445
00008.jpg 382 85 328 352 0.96441
00008.jpg 383 92 329 360 0.95927
00008.jpg 371 94 351 356 0.95893
00008.jpg 243 108 198 324 0.95893
00008.jpg 223 104 228 351 0.95805
00008.jpg 372 110 348 337 0.95723
00008.jpg 20 0 218 341 0.95562
00008.jpg 211 99 243 359 0.95408
00008.jpg 227 105 229 352 0.95326
00008.jpg 30 0 197 346 0.94934
00008.jpg 229 114 206 351 0.94933
00008.jpg 364 100 357 336 0.94772
00008.jpg 240 112 191 351 0.93925
00008.jpg 219 103 252 361 0.93655
00008.jpg 4 0 231 348 0.93525
00008.jpg 240 111 185 349 0.93290
00008.jpg 13 8 218 330 0.93273
00008.jpg 231 104 223 360 0.93075
00008.jpg 222 119 230 336 0.92859
00008.jpg 237 116 188 337 0.92311
00008.jpg 366 96 371 385 0.92099
00008.jpg 15 0 223 339 0.91809
00008.jpg 228 108 197 354 0.91456
00008.jpg 226 112 208 355 0.91338
00008.jpg 230 109 205 332 0.91150
00008.jpg 405 85 273 364 0.91076
00008.jpg 224 110 216 350 0.91025
00008.jpg 5 0 234 341 0.90327
00008.jpg 395 76 302 391 0.89979
00008.jpg 242 107 187 350 0.88863
00008.jpg 383 93 307 356 0.88247
00008.jpg 400 91 276 357 0.86314
00008.jpg 400 87 311 357 0.85368
00008.jpg 387 88 321 362 0.85192
00008.jpg 235 104 189 352 0.84226
00008.jpg 8 14 219 324 0.84196
00008.jpg 239 111 186 357 0.83615
00008.jpg 377 89 339 358 0.82972
00008.jpg 14 3 210 339 0.81896
00008.jpg 380 103 327 349 0.80830
00008.jpg 21 8 212 335 0.80620
00008.jpg 229 109 237 344 0.79765
00008.jpg 234 118 189 347 0.79324
00008.jpg 18 3 212 334 0.79285
00008.jpg 231 89 268 382 0.79110
00008.jpg 391 85 327 358 0.78625
00008.jpg 395 87 299 364 0.74958
00008.jpg 223 114 209 344 0.74716
00008.jpg 2 0 225 335 0.74128
00008.jpg 12 2 219 355 0.72998
00008.jpg 392 84 314 344 0.72472
00008.jpg 226 87 226 381 0.71478
00008.jpg 211 112 245 345 0.70215
00008.jpg 221 122 223 323 0.69318
00008.jpg 378 85 338 382 0.68993
00008.jpg 232 108 191 352 0.68764
00008.jpg 223 94 242 359 0.68567
00008.jpg 218 103 235 360 0.67973
00008.jpg 353 80 356 387 0.66122
00008.jpg 237 107 221 355 0.65664
00008.jpg 14 0 228 322 0.65610
00008.jpg 391 94 308 358 0.65162
00008.jpg 230 106 223 360 0.64879
00008.jpg 227 117 203 345 0.64501
00008.jpg 234 105 198 362 0.64093
00008.jpg 228 100 231 360 0.62384
00008.jpg 222 112 270 332 0.62278
00008.jpg 14 1 218 338 0.61898
00008.jpg 218 97 264 373 0.60664
00008.jpg 17 1 232 337 0.60336
00008.jpg 231 99 205 364 0.59881
00008.jpg 403 107 289 323 0.59280
00008.jpg 234 102 204 362 0.59262
00008.jpg 233 107 232 355 0.58586
00008.jpg 374 92 330 372 0.58574
00008.jpg 16 0 224 339 0.58082
00008.jpg 402 91 266 359 0.57519
00008.jpg 237 110 196 347 0.56690
00008.jpg 13 2 214 331 0.56078
00008.jpg 17 2 212 342 0.55618
00008.jpg 16 2 210 334 0.55250
00008.jpg 383 90 330 371 0.52583
00008.jpg 225 84 232 389 0.52002
00008.jpg 344 78 334 369 0.51226
00008.jpg 339 94 371 365 0.50769
00008.jpg 15 0 219 337 0.50511
00008.jpg 350 85 366 376 0.50473
00008.jpg 235 106 197 356 0.50442
00008.jpg 373 95 336 364 0.50352
00008.jpg 251 101 313 347 0.49974
