00004.jpg 300 147 216 323 0.99964
00004.jpg 299 154 222 312 0.99958
00004.jpg 12 0 205 303 0.99939
00004.jpg 313 163 194 285 0.99932
00004.jpg 307 158 195 308 0.99919
00004.jpg 302 147 215 310 0.99910
00004.jpg 496 84 230 336 0.99903
00004.jpg 300 151 217 308 0.99891
00004.jpg 10 0 199 296 0.99884
00004.jpg 14 0 189 288 0.99884
00004.jpg 8 8 199 286 0.99861
00004.jpg 13 2 195 293 0.99853
00004.jpg 286 163 231 308 0.99852
00004.jpg 13 0 188 298 0.99847
00004.jpg 495 88 238 326 0.99816
00004.jpg 301 152 212 320 0.99811
00004.jpg 498 89 235 331 0.99809
00004.jpg 304 149 205 309 0.99806
00004.jpg 303 161 208 304 0.99774
00004.jpg 496 96 229 321 0.99769
00004.jpg 7 0 209 307 0.99768
00004.jpg 304 144 210 325 0.99764
00004.jpg 299 158 220 310 0.99759
00004.jpg 287 164 238 299 0.99723
00004.jpg 10 1 192 283 0.99722
00004.jpg 288 156 225 310 0.99686
00004.jpg 485 102 259 307 0.99686
00004.jpg 311 152 199 316 0.99684
00004.jpg 495 91 240 314 0.99672
00004.jpg 502 94 230 312 0.99671
00004.jpg 493 100 236 324 0.99668
00004.jpg 294 151 222 317 0.99666
00004.jpg 284 148 240 321 0.99654
00004.jpg 14 9 195 284 0.99651
00004.jpg 1 4 224 288 0.99648
00004.jpg 292 133 218 340 0.99636
00004.jpg 301 159 209 310 0.99627
00004.jpg 296 153 212 304 0.99622
00004.jpg 286 154 237 323 0.99587
00004.jpg 10 4 207 290 0.99580
00004.jpg 2 0 211 301 0.99550
00004.jpg 7 0 209 292 0.99542
00004.jpg 301 141 210 321 0.99533
00004.jpg 18 2 197 300 0.99511
00004.jpg 499 82 230 345 0.99508
00004.jpg 19 10 198 296 0.99483
00004.jpg 499 93 225 321 0.99420
00004.jpg 11 2 189 295 0.99419
00004.jpg 289 154 231 306 0.99415
00004.jpg 295 156 217 293 0.99415
00004.jpg 504 89 217 326 0.99409
00004.jpg 0 0 212 290 0.99401
00004.jpg 0 0 219 298 0.99348
00004.jpg 499 88 226 335 0.99337
00004.jpg 6 0 212 297 0.99324
00004.jpg 291 162 229 302 0.99322
00004.jpg 495 92 237 319 0.99299
00004.jpg 298 148 209 318 0.99280
00004.jpg 500 87 221 325 0.99276
00004.jpg 486 88 246 327 0.99269
00004.jpg 495 90 234 328 0.99268
00004.jpg 4 2 204 291 0.99242
00004.jpg 495 93 234 322 0.99200
00004.jpg 498 88 231 327 0.99199
00004.jpg 7 0 208 289 0.99114
00004.jpg 7 0 197 303 0.99107
00004.jpg 4 0 206 289 0.99100
00004.jpg 300 148 207 306 0.99058
00004.jpg 499 94 232 314 0.99056
00004.jpg 483 81 246 342 0.99018
00004.jpg 308 161 206 305 0.99006
00004.jpg 496 93 233 309 0.98999
00004.jpg 500 101 221 306 0.98976
00004.jpg 297 160 220 314 0.98940
00004.jpg 291 164 228 290 0.98918
00004.jpg 1 12 204 278 0.98900
00004.jpg 0 5 212 293 0.98850
00004.jpg 4 0 208 303 0.98820
00004.jpg 292 148 230 312 0.98813
00004.jpg 303 149 199 321 0.98802
00004.jpg 3 2 210 301 0.98750
00004.jpg 307 134 199 343 0.98749
00004.jpg 492 90 230 333 0.98726
00004.jpg 503 91 225 321 0.98710
00004.jpg 503 90 225 329 0.98694
00004.jpg 3 2 222 300 0.98618
00004.jpg 302 161 201 313 0.98530
00004.jpg 292 151 219 320 0.98513
00004.jpg 494 97 231 314 0.98399
00004.jpg 297 147 210 326 0.98372
00004.jpg 490 82 245 338 0.98271
00004.jpg 10 0 200 307 0.98264
00004.jpg 484 98 247 307 0.98260
00004.jpg 6 5 204 281 0.98046
00004.jpg 507 98 224 311 0.98026
00004.jpg 5 2 197 290 0.97960
00004.jpg 1 5 212 288 0.97899
00004.jpg 301 160 216 318 0.97771
00004.jpg 5 5 209 295 0.97634
00004.jpg 498 97 227 323 0.97625
00004.jpg 499 92 226 326 0.97589
00004.jpg 491 88 235 321 0.97567
00004.jpg 297 157 220 310 0.97405
00004.jpg 502 90 227 331 0.97266
00004.jpg 283 167 238 299 0.97234
00004.jpg 291 153 234 325 0.97164
00004.jpg 12 3 207 295 0.97040
00004.jpg 297 157 215 314 0.97030
00004.jpg 5 3 196 296 0.96990
00004.jpg 4 0 206 298 0.96973
00004.jpg 309 156 202 314 0.96959
00004.jpg 499 97 234 307 0.96501
00004.jpg 483 105 240 305 0.96243
00004.jpg 295 145 208 320 0.96218
00004.jpg 502 88 229 321 0.96107
00004.jpg 493 102 239 332 0.95726
00004.jpg 295 159 213 309 0.95510
00004.jpg 286 152 216 310 0.95050
00004.jpg 495 95 234 320 0.95024
00004.jpg 287 155 213 304 0.94852
00004.jpg 0 0 221 310 0.94750
00004.jpg 297 156 210 309 0.94539
00004.jpg 494 92 241 316 0.94442
00004.jpg 300 162 210 307 0.94056
00004.jpg 5 4 197 301 0.93824
00004.jpg 295 161 212 305 0.93729
00004.jpg 289 160 230 315 0.93628
00004.jpg 495 95 233 321 0.93565
00004.jpg 299 161 210 313 0.93387
00004.jpg 502 109 224 301 0.92331
00004.jpg 502 83 227 353 0.91911
00004.jpg 5 12 196 275 0.91420
00004.jpg 481 101 254 304 0.91290
00004.jpg 484 85 242 330 0.91135
00004.jpg 294 163 225 312 0.90979
00004.jpg 489 88 248 323 0.90919
00004.jpg 487 80 228 336 0.90866
00004.jpg 500 82 231 338 0.90828
00004.jpg 498 102 220 314 0.90608
00004.jpg 3 2 205 300 0.90292
00004.jpg 19 1 193 292 0.90258
00004.jpg 500 96 227 314 0.89922
00004.jpg 304 142 207 335 0.89787
00004.jpg 498 92 227 326 0.89583
00004.jpg 8 2 198 284 0.89398
00004.jpg 5 15 197 265 0.88803
00004.jpg 289 153 223 317 0.88722
00004.jpg 309 170 211 303 0.88659
00004.jpg 494 88 244 338 0.88463
00004.jpg 301 164 202 311 0.88442
00004.jpg 5 9 209 278 0.88125
00004.jpg 503 96 218 317 0.88004
00004.jpg 0 2 207 287 0.87859
00004.jpg 311 159 190 301 0.87407
00004.jpg 305 153 190 315 0.87036
00004.jpg 482 95 276 327 0.85670
00004.jpg 290 161 224 315 0.85011
00004.jpg 304 159 195 301 0.84961
00004.jpg 4 0 209 295 0.84780
00004.jpg 287 149 228 311 0.84770
00004.jpg 300 152 224 327 0.84668
00004.jpg 2 7 212 287 0.83959
00004.jpg 303 162 197 310 0.81869
00004.jpg 12 3 209 298 0.81497
00004.jpg 297 155 210 313 0.80337
00004.jpg 9 11 214 280 0.80128
00004.jpg 291 152 213 320 0.78095
00004.jpg 508 95 240 324 0.78031
00004.jpg 536 89 196 324 0.77540
00004.jpg 478 92 247 315 0.76849
00004.jpg 300 162 200 311 0.75479
00004.jpg 1 5 210 279 0.75326
00004.jpg 296 156 208 313 0.74638
00004.jpg 10 0 199 290 0.74550
00004.jpg 506 99 228 315 0.74456
00004.jpg 11 4 187 285 0.73895
00004.jpg 517 93 212 312 0.73361
00004.jpg 6 0 203 291 0.73042
00004.jpg 510 89 220 331 0.69763
00004.jpg 503 98 219 316 0.68812
00004.jpg 477 93 236 320 0.68516
00004.jpg 7 0 204 284 0.68464
00004.jpg 489 96 253 318 0.67129
00004.jpg 481 101 248 321 0.66076
00004.jpg 298 153 219 319 0.65956
00004.jpg 487 81 248 338 0.65652
00004.jpg 512 96 204 313 0.65355
00004.jpg 287 148 218 313 0.63226
00004.jpg 292 153 209 313 0.62972
00004.jpg 9 1 209 303 0.62574
00004.jpg 5 3 190 294 0.60434
00004.jpg 302 163 194 312 0.56823
00004.jpg 482 75 237 346 0.56124
00004.jpg 488 101 241 309 0.55810
00004.jpg 476 95 258 347 0.55701
00004.jpg 289 166 223 303 0.54780
00004.jpg 476 78 266 340 0.54550
00004.jpg 526 95 204 317 0.54080
00004.jpg 291 149 220 304 0.53711
00004.jpg 288 137 238 343 0.52741
00004.jpg 502 109 230 296 0.51844
00004.jpg 299 160 196 307 0.50891
00004.jpg 298 162 200 305 0.50620
00004.jpg 288 168 220 286 0.50544
00004.jpg 474 95 243 328 0.50347
