00014.jpg 57 2 195 376 0.99979
00014.jpg 47 0 208 377 0.99974
00014.jpg 586 205 216 315 0.99968
00014.jpg 231 92 176 370 0.99965
00014.jpg 41 5 226 365 0.99938
00014.jpg 584 220 217 290 0.99914
00014.jpg 589 211 219 302 0.99900
00014.jpg 575 210 231 293 0.99893
00014.jpg 583 204 216 305 0.99891
00014.jpg 240 80 168 392 0.99885
00014.jpg 590 209 221 298 0.99881
00014.jpg 41 0 214 379 0.99860
00014.jpg 594 202 211 306 0.99854
00014.jpg 570 207 245 293 0.99853
00014.jpg 578 198 233 316 0.99853
00014.jpg 247 82 163 398 0.99826
00014.jpg 45 0 208 368 0.99819
00014.jpg 35 3 212 364 0.99816
00014.jpg 578 209 231 289 0.99807
00014.jpg 37 0 227 366 0.99797
00014.jpg 33 5 226 368 0.99795
00014.jpg 242 81 175 400 0.99791
00014.jpg 43 0 213 366 0.99789
00014.jpg 592 212 206 306 0.99785
00014.jpg 52 3 214 377 0.99779
00014.jpg 43 6 210 382 0.99778
00014.jpg 37 0 229 383 0.99772
00014.jpg 46 0 216 382 0.99758
00014.jpg 244 81 164 386 0.99743
00014.jpg 584 212 231 294 0.99740
00014.jpg 38 2 225 358 0.99739
00014.jpg 42 0 220 367 0.99738
00014.jpg 228 78 186 400 0.99736
00014.jpg 46 0 213 362 0.99733
00014.jpg 232 77 183 398 0.99720
00014.jpg 53 4 194 370 0.99706
00014.jpg 572 203 233 316 0.99706
00014.jpg 574 219 226 293 0.99700
00014.jpg 585 213 232 298 0.99691
00014.jpg 49 0 203 366 0.99690
00014.jpg 37 10 218 361 0.99681
00014.jpg 583 203 217 312 0.99667
00014.jpg 41 0 207 373 0.99664
00014.jpg 238 73 163 408 0.99663
00014.jpg 242 83 168 388 0.99647
00014.jpg 50 0 202 369 0.99627
00014.jpg 241 88 155 387 0.99617
00014.jpg 234 87 176 383 0.99616
00014.jpg 232 71 172 397 0.99601
00014.jpg 233 86 176 386 0.99588
00014.jpg 227 82 185 394 0.99544
00014.jpg 234 72 171 416 0.99535
00014.jpg 41 1 208 370 0.99519
00014.jpg 51 4 202 370 0.99492
00014.jpg 585 219 218 283 0.99488
00014.jpg 584 214 211 288 0.99482
00014.jpg 240 79 163 407 0.99476
00014.jpg 580 191 229 317 0.99472
00014.jpg 47 0 218 366 0.99469
00014.jpg 236 87 168 390 0.99443
00014.jpg 593 212 212 300 0.99421
00014.jpg 236 80 170 393 0.99404
00014.jpg 237 89 173 397 0.99401
00014.jpg 55 1 204 365 0.99395
00014.jpg 582 217 223 298 0.99381
00014.jpg 43 0 218 377 0.99347
00014.jpg 579 209 232 283 0.99340
00014.jpg 593 214 218 299 0.99337
00014.jpg 231 82 171 398 0.99330
00014.jpg 237 82 174 418 0.99324
00014.jpg 49 0 203 380 0.99315
00014.jpg 59 0 191 382 0.99273
00014.jpg 586 204 211 310 0.99269
00014.jpg 238 87 168 392 0.99231
00014.jpg 42 5 218 375 0.99204
00014.jpg 45 2 206 373 0.99202
00014.jpg 580 216 218 304 0.99117
00014.jpg 572 192 232 329 0.99114
00014.jpg 234 88 173 375 0.99093
00014.jpg 234 75 173 397 0.99083
00014.jpg 578 216 231 300 0.99001
00014.jpg 582 216 214 302 0.98970
00014.jpg 247 87 160 393 0.98940
00014.jpg 578 214 226 301 0.98870
00014.jpg 235 86 175 395 0.98831
00014.jpg 571 205 234 311 0.98753
00014.jpg 238 75 173 409 0.98744
00014.jpg 241 85 164 396 0.98718
00014.jpg 238 87 161 392 0.98689
00014.jpg 227 85 187 391 0.98638
00014.jpg 584 221 219 290 0.98553
00014.jpg 579 218 239 291 0.98474
00014.jpg 581 205 231 309 0.98269
00014.jpg 587 216 223 300 0.98157
00014.jpg 235 87 172 387 0.98139
00014.jpg 579 201 234 321 0.98053
00014.jpg 586 198 222 323 0.98036
00014.jpg 52 0 201 379 0.98026
00014.jpg 40 8 207 359 0.97963
00014.jpg 573 204 238 309 0.97957
00014.jpg 229 77 179 409 0.97809
00014.jpg 240 82 166 392 0.97755
00014.jpg 40 0 223 375 0.97697
00014.jpg 576 208 236 297 0.97666
00014.jpg 579 202 232 303 0.97341
00014.jpg 604 214 208 284 0.97288
00014.jpg 579 204 234 303 0.97140
00014.jpg 42 2 204 360 0.97122
00014.jpg 584 212 225 304 0.96902
00014.jpg 242 84 164 402 0.96793
00014.jpg 237 90 164 380 0.96498
00014.jpg 590 202 215 313 0.96150
00014.jpg 571 215 252 298 0.96055
00014.jpg 34 4 223 369 0.95895
00014.jpg 585 211 220 303 0.95593
00014.jpg 584 209 225 300 0.95543
00014.jpg 238 81 164 390 0.95351
00014.jpg 589 214 219 299 0.95327
00014.jpg 41 0 213 380 0.95313
00014.jpg 43 0 206 392 0.94899
00014.jpg 581 197 217 308 0.94689
00014.jpg 236 75 163 410 0.94682
00014.jpg 574 223 224 285 0.94635
00014.jpg 239 81 161 399 0.94614
00014.jpg 50 5 200 360 0.94399
00014.jpg 583 203 231 305 0.94391
00014.jpg 575 213 240 297 0.94357
00014.jpg 591 219 210 299 0.93691
00014.jpg 587 207 217 307 0.93661
00014.jpg 580 200 211 313 0.93069
00014.jpg 226 76 181 407 0.92972
00014.jpg 243 71 170 400 0.92956
00014.jpg 38 8 205 347 0.92632
00014.jpg 588 212 213 306 0.91400
00014.jpg 585 206 222 308 0.90816
00014.jpg 234 91 169 368 0.90759
00014.jpg 220 85 190 384 0.90567
00014.jpg 570 215 235 298 0.89972
00014.jpg 237 86 160 397 0.89914
00014.jpg 227 73 183 403 0.89378
00014.jpg 585 209 232 300 0.88920
00014.jpg 54 0 196 376 0.88793
00014.jpg 234 87 175 384 0.88268
00014.jpg 38 6 228 372 0.87115
00014.jpg 231 78 186 403 0.86849
00014.jpg 53 0 197 364 0.85997
00014.jpg 241 91 162 393 0.85502
00014.jpg 233 72 183 425 0.84556
00014.jpg 586 212 228 280 0.84468
00014.jpg 231 89 178 392 0.83770
00014.jpg 252 67 156 427 0.83540
00014.jpg 587 200 221 316 0.83497
00014.jpg 605 201 207 301 0.83255
00014.jpg 46 2 210 370 0.82688
00014.jpg 585 213 210 301 0.82501
00014.jpg 236 78 165 404 0.82176
00014.jpg 573 196 228 321 0.82086
00014.jpg 230 83 179 399 0.79291
00014.jpg 51 0 195 366 0.78313
00014.jpg 245 86 153 394 0.78254
00014.jpg 40 0 211 378 0.77963
00014.jpg 65 0 203 368 0.77912
00014.jpg 593 218 217 286 0.76281
00014.jpg 49 0 216 356 0.75632
00014.jpg 230 85 165 391 0.75626
00014.jpg 584 224 220 291 0.74886
00014.jpg 570 211 230 296 0.74584
00014.jpg 239 94 163 391 0.74335
00014.jpg 37 3 208 379 0.74332
00014.jpg 233 97 171 362 0.73700
00014.jpg 227 86 176 397 0.71991
00014.jpg 45 4 214 377 0.71239
00014.jpg 230 73 179 404 0.71062
00014.jpg 235 78 172 401 0.71031
00014.jpg 572 225 225 281 0.70577
00014.jpg 37 0 201 377 0.69770
00014.jpg 237 91 164 387 0.69123
00014.jpg 245 80 169 406 0.64150
00014.jpg 226 64 188 431 0.63095
00014.jpg 220 83 193 402 0.62945
00014.jpg 229 75 185 401 0.62774
00014.jpg 584 212 223 308 0.60785
00014.jpg 567 193 234 320 0.60221
00014.jpg 577 224 226 289 0.54821
00014.jpg 233 80 187 394 0.53755
00014.jpg 46 0 214 368 0.52046
00014.jpg 57 0 199 383 0.51354
00014.jpg 32 0 229 374 0.51260
00014.jpg 231 91 187 389 0.50882
00014.jpg 230 69 184 424 0.50103
