00029.jpg 697 253 235 264 0.99967
00029.jpg 686 263 251 261 0.99960
00029.jpg 697 264 236 259 0.99951
00029.jpg 699 273 233 246 0.99949
00029.jpg 373 157 233 348 0.99939
00029.jpg 378 159 228 349 0.99924
00029.jpg 687 270 258 260 0.99917
00029.jpg 690 253 243 269 0.99916
00029.jpg 365 164 244 332 0.99906
00029.jpg 687 251 260 271 0.99897
00029.jpg 691 270 250 248 0.99896
00029.jpg 698 262 226 275 0.99889
00029.jpg 673 263 270 263 0.99887
00029.jpg 691 257 257 273 0.99879
00029.jpg 370 158 237 339 0.99862
00029.jpg 686 259 256 266 0.99857
00029.jpg 378 171 245 338 0.99851
00029.jpg 687 260 246 271 0.99842
00029.jpg 136 122 318 324 0.99842
00029.jpg 365 157 235 354 0.99824
00029.jpg 155 127 272 330 0.99823
00029.jpg 377 165 237 339 0.99821
00029.jpg 144 124 284 321 0.99819
00029.jpg 388 179 219 320 0.99816
00029.jpg 373 177 237 326 0.99804
00029.jpg 363 169 256 337 0.99787
00029.jpg 371 177 234 310 0.99784
00029.jpg 685 262 256 259 0.99777
00029.jpg 144 122 297 325 0.99755
00029.jpg 695 257 246 280 0.99735
00029.jpg 363 166 246 348 0.99726
00029.jpg 148 6 132 185 0.99719
00029.jpg 141 2 147 189 0.99716
00029.jpg 697 260 239 268 0.99707
00029.jpg 378 167 225 332 0.99653
00029.jpg 370 181 245 322 0.99642
00029.jpg 689 255 256 256 0.99630
00029.jpg 697 265 250 255 0.99598
00029.jpg 147 125 289 329 0.99597
00029.jpg 363 160 248 345 0.99584
00029.jpg 700 269 229 247 0.99573
00029.jpg 363 163 246 345 0.99553
00029.jpg 147 0 138 186 0.99525
00029.jpg 365 171 251 325 0.99501
00029.jpg 135 125 306 330 0.99498
00029.jpg 364 169 246 337 0.99496
00029.jpg 688 255 249 269 0.99436
00029.jpg 381 171 229 319 0.99404
00029.jpg 373 175 243 322 0.99401
00029.jpg 142 0 145 193 0.99390
00029.jpg 360 175 253 330 0.99389
00029.jpg 131 120 332 330 0.99383
00029.jpg 693 249 245 285 0.99381
00029.jpg 142 0 139 195 0.99375
00029.jpg 369 151 244 352 0.99373
00029.jpg 685 259 258 255 0.99363
00029.jpg 138 0 145 188 0.99359
00029.jpg 694 259 246 274 0.99344
00029.jpg 140 130 291 320 0.99307
00029.jpg 145 2 140 191 0.99297
00029.jpg 140 117 309 338 0.99276
00029.jpg 371 149 242 365 0.99189
00029.jpg 141 114 297 335 0.99184
00029.jpg 687 255 243 275 0.99182
00029.jpg 683 254 259 282 0.99169
00029.jpg 146 131 291 313 0.99164
00029.jpg 148 2 132 181 0.99054
00029.jpg 140 131 293 305 0.99050
00029.jpg 691 259 240 262 0.99047
00029.jpg 367 172 251 335 0.99026
00029.jpg 144 0 138 201 0.99015
00029.jpg 142 0 146 196 0.98995
00029.jpg 366 165 248 337 0.98950
00029.jpg 151 0 135 188 0.98939
00029.jpg 698 268 243 247 0.98926
00029.jpg 361 171 246 329 0.98904
00029.jpg 130 129 305 322 0.98904
00029.jpg 702 262 238 261 0.98831
00029.jpg 143 108 301 347 0.98829
00029.jpg 149 0 133 190 0.98829
00029.jpg 152 132 280 327 0.98814
00029.jpg 133 122 303 328 0.98791
00029.jpg 690 265 244 269 0.98789
00029.jpg 153 130 275 320 0.98772
00029.jpg 150 118 293 325 0.98738
00029.jpg 358 159 253 337 0.98718
00029.jpg 128 122 315 334 0.98715
00029.jpg 692 266 247 261 0.98684
00029.jpg 140 0 147 188 0.98664
00029.jpg 367 171 229 335 0.98637
00029.jpg 146 10 140 184 0.98483
00029.jpg 689 258 253 280 0.98483
00029.jpg 134 116 304 338 0.98470
00029.jpg 366 168 239 333 0.98429
00029.jpg 142 0 143 186 0.98355
00029.jpg 138 130 305 327 0.98315
00029.jpg 699 264 239 266 0.98295
00029.jpg 128 129 329 314 0.98245
00029.jpg 138 1 148 188 0.98223
00029.jpg 691 257 243 274 0.98184
00029.jpg 683 262 251 266 0.98181
00029.jpg 139 128 308 332 0.98180
00029.jpg 690 265 253 268 0.98128
00029.jpg 144 125 312 329 0.98031
00029.jpg 144 0 144 188 0.98023
00029.jpg 147 3 139 193 0.98023
00029.jpg 680 259 254 276 0.97956
00029.jpg 140 7 152 181 0.97942
00029.jpg 376 177 240 320 0.97880
00029.jpg 141 3 143 181 0.97768
00029.jpg 690 257 253 267 0.97708
00029.jpg 139 119 303 339 0.97660
00029.jpg 145 0 137 193 0.97638
00029.jpg 145 0 140 188 0.97630
00029.jpg 691 251 245 284 0.97615
00029.jpg 145 0 147 192 0.97484
00029.jpg 698 262 230 268 0.97465
00029.jpg 683 265 262 269 0.97342
00029.jpg 364 166 255 344 0.97272
00029.jpg 137 0 148 190 0.97208
00029.jpg 136 131 322 311 0.97169
00029.jpg 141 4 150 186 0.97143
00029.jpg 140 1 141 186 0.97121
00029.jpg 713 270 220 258 0.97078
00029.jpg 378 167 230 342 0.97076
00029.jpg 136 1 158 190 0.96952
00029.jpg 689 265 238 254 0.96951
00029.jpg 132 116 322 336 0.96873
00029.jpg 141 2 144 190 0.96824
00029.jpg 680 258 270 277 0.96790
00029.jpg 690 262 241 268 0.96724
00029.jpg 362 170 262 333 0.96619
00029.jpg 698 251 231 281 0.96609
00029.jpg 140 125 301 335 0.96493
00029.jpg 683 259 270 273 0.96450
00029.jpg 145 2 139 190 0.96424
00029.jpg 144 9 139 179 0.96234
00029.jpg 372 167 231 337 0.95762
00029.jpg 133 121 316 328 0.95614
00029.jpg 142 0 143 193 0.95442
00029.jpg 381 151 229 365 0.95367
00029.jpg 147 4 140 190 0.95339
00029.jpg 681 257 261 266 0.95300
00029.jpg 128 126 317 314 0.95284
00029.jpg 379 172 216 333 0.95272
00029.jpg 699 259 228 260 0.95071
00029.jpg 150 1 130 191 0.95020
00029.jpg 131 125 314 313 0.94850
00029.jpg 373 180 237 329 0.94395
00029.jpg 376 172 235 318 0.94222
00029.jpg 140 0 146 187 0.94151
00029.jpg 690 265 249 263 0.93607
00029.jpg 370 186 245 304 0.93155
00029.jpg 670 253 271 281 0.93126
00029.jpg 148 1 138 184 0.92888
00029.jpg 697 270 239 254 0.92383
00029.jpg 143 3 141 192 0.92101
00029.jpg 148 0 136 188 0.92098
00029.jpg 148 5 130 182 0.91999
00029.jpg 154 125 267 337 0.91855
00029.jpg 145 0 143 190 0.91813
00029.jpg 141 116 293 344 0.91638
00029.jpg 375 172 234 336 0.91083
00029.jpg 137 123 310 323 0.90604
00029.jpg 152 116 285 322 0.90594
00029.jpg 135 117 312 335 0.90277
00029.jpg 138 115 315 333 0.90099
00029.jpg 142 0 141 194 0.90001
00029.jpg 129 124 311 323 0.89922
00029.jpg 355 175 240 330 0.89851
00029.jpg 367 173 258 338 0.89819
00029.jpg 136 119 319 326 0.89481
00029.jpg 145 3 141 187 0.88786
00029.jpg 371 178 229 326 0.88276
00029.jpg 384 170 224 342 0.88128
00029.jpg 687 266 244 263 0.88125
00029.jpg 682 262 256 271 0.88008
00029.jpg 124 122 321 325 0.87861
00029.jpg 139 2 146 191 0.86946
00029.jpg 147 1 138 177 0.86881
00029.jpg 168 118 270 335 0.86781
00029.jpg 142 117 291 336 0.86290
00029.jpg 377 160 232 335 0.85036
00029.jpg 143 0 135 194 0.84967
00029.jpg 145 5 144 185 0.84933
00029.jpg 147 129 301 334 0.82723
00029.jpg 137 121 294 341 0.82550
00029.jpg 141 0 145 188 0.82037
00029.jpg 125 117 310 343 0.81908
00029.jpg 141 0 144 185 0.81448
00029.jpg 145 2 141 179 0.81065
00029.jpg 357 157 266 347 0.80838
00029.jpg 376 179 229 301 0.80811
00029.jpg 154 126 290 334 0.80801
00029.jpg 144 0 142 190 0.80714
00029.jpg 366 181 254 300 0.80097
00029.jpg 147 2 138 188 0.80023
00029.jpg 147 111 295 339 0.79709
00029.jpg 688 267 250 261 0.79184
00029.jpg 693 265 240 266 0.79143
00029.jpg 140 2 144 200 0.78854
00029.jpg 152 125 316 327 0.78558
00029.jpg 381 170 220 335 0.78011
00029.jpg 138 116 317 319 0.77898
00029.jpg 133 122 301 335 0.76946
00029.jpg 362 165 250 343 0.76437
00029.jpg 140 6 143 184 0.76298
00029.jpg 149 1 141 180 0.75328
00029.jpg 690 257 241 270 0.74477
00029.jpg 137 0 157 192 0.74450
00029.jpg 693 266 233 254 0.73950
00029.jpg 132 4 160 172 0.73795
00029.jpg 138 0 145 181 0.72748
00029.jpg 146 0 141 186 0.72593
00029.jpg 151 3 131 185 0.70840
00029.jpg 153 124 284 325 0.69918
00029.jpg 367 150 248 371 0.69248
00029.jpg 684 257 255 276 0.68569
00029.jpg 141 3 142 191 0.67555
00029.jpg 135 7 158 167 0.67086
00029.jpg 352 174 256 326 0.66787
00029.jpg 382 175 230 324 0.66683
00029.jpg 135 133 315 323 0.66291
00029.jpg 150 110 300 334 0.66124
00029.jpg 375 176 205 331 0.65524
00029.jpg 143 143 297 304 0.65500
00029.jpg 142 5 153 187 0.64358
00029.jpg 151 2 137 196 0.63800
00029.jpg 119 123 443 354 0.62429
00029.jpg 687 249 246 275 0.61773
00029.jpg 370 176 238 324 0.61727
00029.jpg 369 178 245 328 0.61186
00029.jpg 685 268 251 264 0.60774
00029.jpg 151 115 341 345 0.60351
00029.jpg 149 4 137 183 0.58822
00029.jpg 137 0 153 194 0.58250
00029.jpg 138 4 154 175 0.58004
00029.jpg 144 123 294 329 0.57271
00029.jpg 135 121 302 321 0.56985
00029.jpg 133 107 306 342 0.56561
00029.jpg 706 248 239 279 0.54995
00029.jpg 139 8 148 179 0.54487
00029.jpg 702 259 228 272 0.54410
00029.jpg 152 0 139 187 0.53229
00029.jpg 139 0 146 202 0.52856
00029.jpg 141 116 309 323 0.52577
00029.jpg 211 142 387 349 0.51951
00029.jpg 139 101 324 364 0.51526
00029.jpg 117 144 459 321 0.51107
