00031.jpg 444 176 204 300 0.99929
00031.jpg 429 165 224 323 0.99916
00031.jpg 431 169 229 320 0.99902
00031.jpg 679 257 251 269 0.99900
00031.jpg 103 114 363 318 0.99890
00031.jpg 426 166 229 322 0.99888
00031.jpg 97 100 374 343 0.99879
00031.jpg 424 169 236 332 0.99876
00031.jpg 106 113 346 318 0.99860
00031.jpg 444 170 202 316 0.99857
00031.jpg 690 256 240 269 0.99851
00031.jpg 658 242 276 277 0.99850
00031.jpg 673 246 257 288 0.99847
00031.jpg 678 260 257 255 0.99840
00031.jpg 434 167 216 320 0.99830
00031.jpg 430 181 220 297 0.99828
00031.jpg 433 174 214 312 0.99827
00031.jpg 680 254 243 266 0.99827
00031.jpg 412 162 243 328 0.99820
00031.jpg 429 162 232 326 0.99799
00031.jpg 679 244 253 276 0.99797
00031.jpg 116 117 349 320 0.99796
00031.jpg 676 248 262 280 0.99788
00031.jpg 690 253 231 272 0.99787
00031.jpg 100 107 373 342 0.99783
00031.jpg 428 166 226 320 0.99782
00031.jpg 437 169 217 327 0.99777
00031.jpg 684 246 243 284 0.99769
00031.jpg 439 178 204 300 0.99763
00031.jpg 95 104 392 333 0.99733
00031.jpg 142 1 140 196 0.99719
00031.jpg 85 110 398 321 0.99688
00031.jpg 677 253 259 259 0.99688
00031.jpg 673 253 270 267 0.99679
00031.jpg 666 247 258 279 0.99667
00031.jpg 105 108 362 330 0.99651
00031.jpg 143 2 136 194 0.99629
00031.jpg 683 257 242 262 0.99621
00031.jpg 660 248 281 275 0.99618
00031.jpg 136 0 145 205 0.99608
00031.jpg 685 256 231 273 0.99604
00031.jpg 112 108 356 323 0.99594
00031.jpg 138 4 142 193 0.99560
00031.jpg 430 173 228 323 0.99558
00031.jpg 676 249 261 274 0.99557
00031.jpg 419 167 246 312 0.99554
00031.jpg 433 169 222 330 0.99490
00031.jpg 678 235 255 285 0.99485
00031.jpg 140 0 140 199 0.99484
00031.jpg 99 104 386 349 0.99447
00031.jpg 424 171 232 313 0.99428
00031.jpg 673 254 265 252 0.99427
00031.jpg 108 109 366 325 0.99412
00031.jpg 679 257 242 273 0.99409
00031.jpg 142 4 143 196 0.99382
00031.jpg 420 171 240 319 0.99374
00031.jpg 673 245 268 276 0.99368
00031.jpg 116 106 342 334 0.99349
00031.jpg 670 249 256 261 0.99333
00031.jpg 140 1 142 197 0.99279
00031.jpg 422 169 224 316 0.99259
00031.jpg 143 0 142 201 0.99255
00031.jpg 677 248 266 277 0.99233
00031.jpg 676 263 245 256 0.99207
00031.jpg 102 99 359 343 0.99121
00031.jpg 104 107 375 335 0.99083
00031.jpg 431 171 222 324 0.99048
00031.jpg 422 179 237 302 0.99040
00031.jpg 673 254 266 273 0.99030
00031.jpg 115 100 343 346 0.99023
00031.jpg 108 109 354 340 0.99010
00031.jpg 100 95 384 356 0.98999
00031.jpg 435 163 228 322 0.98997
00031.jpg 109 124 368 310 0.98995
00031.jpg 139 1 142 196 0.98958
00031.jpg 429 168 243 312 0.98957
00031.jpg 427 174 242 312 0.98889
00031.jpg 118 118 362 332 0.98882
00031.jpg 673 249 254 276 0.98863
00031.jpg 419 174 234 310 0.98813
00031.jpg 100 108 371 326 0.98807
00031.jpg 143 8 139 187 0.98780
00031.jpg 140 1 142 196 0.98725
00031.jpg 109 109 362 336 0.98680
00031.jpg 420 175 247 306 0.98669
00031.jpg 429 167 226 332 0.98635
00031.jpg 673 259 263 273 0.98618
00031.jpg 685 257 255 269 0.98615
00031.jpg 99 106 370 331 0.98554
00031.jpg 672 250 250 273 0.98531
00031.jpg 436 179 219 314 0.98513
00031.jpg 112 106 357 327 0.98489
00031.jpg 118 103 344 334 0.98485
00031.jpg 437 172 216 312 0.98460
00031.jpg 93 115 382 310 0.98447
00031.jpg 671 261 259 256 0.98433
00031.jpg 684 264 248 237 0.98426
00031.jpg 138 0 147 199 0.98376
00031.jpg 140 2 142 190 0.98351
00031.jpg 428 185 233 293 0.98338
00031.jpg 664 261 260 263 0.98221
00031.jpg 107 104 361 345 0.98206
00031.jpg 144 10 136 186 0.98201
00031.jpg 119 92 338 354 0.98179
00031.jpg 143 0 146 197 0.98162
00031.jpg 144 1 141 193 0.98119
00031.jpg 410 169 245 315 0.98101
00031.jpg 683 264 237 258 0.98080
00031.jpg 144 3 139 190 0.97974
00031.jpg 91 101 387 340 0.97932
00031.jpg 432 176 222 306 0.97906
00031.jpg 144 4 137 191 0.97905
00031.jpg 430 180 226 311 0.97755
00031.jpg 662 253 266 284 0.97750
00031.jpg 137 4 149 190 0.97732
00031.jpg 681 234 248 283 0.97675
00031.jpg 674 251 250 272 0.97583
00031.jpg 421 187 233 286 0.97480
00031.jpg 140 2 143 192 0.97322
00031.jpg 421 174 239 314 0.97207
00031.jpg 432 181 223 308 0.97178
00031.jpg 113 109 352 336 0.97154
00031.jpg 140 4 148 190 0.97086
00031.jpg 670 255 269 273 0.96939
00031.jpg 139 2 149 190 0.96931
00031.jpg 138 0 149 198 0.96810
00031.jpg 116 113 339 345 0.96742
00031.jpg 144 0 135 193 0.96678
00031.jpg 117 107 349 334 0.96675
00031.jpg 145 6 133 192 0.96551
00031.jpg 445 185 208 302 0.96485
00031.jpg 438 186 214 301 0.96327
00031.jpg 684 250 252 272 0.96243
00031.jpg 436 175 209 318 0.96158
00031.jpg 677 254 250 280 0.96136
00031.jpg 110 108 340 334 0.96110
00031.jpg 431 173 236 321 0.96020
00031.jpg 682 248 245 276 0.95977
00031.jpg 427 162 227 335 0.95882
00031.jpg 437 173 218 321 0.95882
00031.jpg 145 0 138 185 0.95738
00031.jpg 674 254 266 278 0.95663
00031.jpg 435 173 215 304 0.95622
00031.jpg 101 102 367 355 0.95620
00031.jpg 434 177 228 314 0.95491
00031.jpg 675 254 262 282 0.95481
00031.jpg 677 264 259 253 0.95416
00031.jpg 429 177 226 317 0.95200
00031.jpg 105 98 360 342 0.95168
00031.jpg 141 0 142 201 0.95148
00031.jpg 138 0 147 194 0.94999
00031.jpg 684 229 261 310 0.94751
00031.jpg 419 160 234 329 0.94544
00031.jpg 140 7 145 188 0.94060
00031.jpg 93 100 383 343 0.93939
00031.jpg 123 108 353 320 0.93869
00031.jpg 139 0 148 197 0.93258
00031.jpg 138 0 143 192 0.93121
00031.jpg 427 157 225 335 0.93073
00031.jpg 142 4 140 183 0.92740
00031.jpg 104 111 371 329 0.92526
00031.jpg 100 72 363 372 0.92341
00031.jpg 138 8 141 192 0.92281
00031.jpg 101 101 364 337 0.91953
00031.jpg 124 88 341 349 0.91885
00031.jpg 141 0 136 196 0.91766
00031.jpg 141 4 145 184 0.91737
00031.jpg 438 183 218 307 0.91684
00031.jpg 145 0 129 190 0.91404
00031.jpg 135 5 155 186 0.91136
00031.jpg 144 0 142 198 0.91043
00031.jpg 137 0 148 199 0.90692
00031.jpg 125 78 340 381 0.90445
00031.jpg 678 257 255 278 0.89949
00031.jpg 427 168 240 316 0.89721
00031.jpg 682 253 251 280 0.89498
00031.jpg 138 6 149 187 0.89384
00031.jpg 427 174 232 322 0.88583
00031.jpg 138 3 148 199 0.88513
00031.jpg 426 185 230 301 0.88391
00031.jpg 138 1 139 195 0.88097
00031.jpg 421 170 235 314 0.87943
00031.jpg 658 246 284 276 0.87736
00031.jpg 428 168 233 324 0.87334
00031.jpg 138 3 144 187 0.86856
00031.jpg 111 112 352 325 0.86791
00031.jpg 143 4 138 186 0.86611
00031.jpg 677 263 249 267 0.86570
00031.jpg 437 169 212 323 0.86099
00031.jpg 417 167 235 318 0.85986
00031.jpg 145 4 134 191 0.85359
00031.jpg 138 0 145 200 0.85270
00031.jpg 89 102 384 339 0.85194
00031.jpg 104 97 360 342 0.84774
00031.jpg 423 176 226 313 0.83935
00031.jpg 667 256 260 282 0.83815
00031.jpg 145 5 138 199 0.83744
00031.jpg 432 172 221 330 0.83636
00031.jpg 101 106 373 338 0.83489
00031.jpg 107 105 354 343 0.83432
00031.jpg 139 1 142 197 0.83280
00031.jpg 146 10 135 180 0.82249
00031.jpg 142 0 143 187 0.81686
00031.jpg 679 248 262 255 0.81015
00031.jpg 428 176 213 307 0.78648
00031.jpg 416 169 232 321 0.78332
00031.jpg 109 99 341 351 0.78060
00031.jpg 145 2 129 196 0.76787
00031.jpg 111 102 360 328 0.76711
00031.jpg 146 6 134 193 0.76592
00031.jpg 113 75 343 380 0.75447
00031.jpg 139 1 142 197 0.74991
00031.jpg 142 5 137 189 0.74397
00031.jpg 144 2 140 188 0.73168
00031.jpg 681 250 238 284 0.71766
00031.jpg 126 86 341 357 0.71701
00031.jpg 143 4 129 200 0.71454
00031.jpg 676 260 271 262 0.70830
00031.jpg 668 253 268 276 0.70197
00031.jpg 424 173 239 317 0.69669
00031.jpg 673 261 251 267 0.68530
00031.jpg 133 0 152 188 0.68421
00031.jpg 424 175 242 316 0.68355
00031.jpg 673 261 273 258 0.67704
00031.jpg 670 261 260 273 0.67532
00031.jpg 117 92 353 331 0.65904
00031.jpg 679 261 244 262 0.65701
00031.jpg 409 170 241 320 0.63918
00031.jpg 119 113 346 330 0.62627
00031.jpg 138 4 149 193 0.62161
00031.jpg 438 183 211 295 0.61769
00031.jpg 673 258 264 265 0.61581
00031.jpg 145 9 133 180 0.60393
00031.jpg 100 45 345 416 0.60355
00031.jpg 124 6 172 172 0.59777
00031.jpg 676 257 274 262 0.58985
00031.jpg 72 78 431 378 0.57833
00031.jpg 670 256 248 265 0.57594
00031.jpg 684 251 255 265 0.56837
00031.jpg 421 171 241 322 0.56601
00031.jpg 431 161 235 335 0.56467
00031.jpg 680 240 247 295 0.56297
00031.jpg 115 108 330 324 0.54697
00031.jpg 688 262 232 259 0.52854
00031.jpg 111 124 350 292 0.52653
00031.jpg 451 181 197 273 0.50645
00031.jpg 670 253 278 273 0.50026
