00026.jpg 320 50 192 292 0.99940
00026.jpg 316 52 199 301 0.99929
00026.jpg 324 55 180 299 0.99927
00026.jpg 322 45 191 300 0.99921
00026.jpg 315 45 203 309 0.99914
00026.jpg 316 50 188 295 0.99908
00026.jpg 202 84 127 265 0.99897
00026.jpg 317 50 193 297 0.99877
00026.jpg 324 42 178 307 0.99844
00026.jpg 195 77 150 279 0.99830
00026.jpg 197 68 152 288 0.99810
00026.jpg 200 84 144 270 0.99795
00026.jpg 195 89 145 259 0.99775
00026.jpg 198 83 136 267 0.99740
00026.jpg 203 82 140 269 0.99722
00026.jpg 323 50 196 304 0.99666
00026.jpg 313 53 195 294 0.99639
00026.jpg 327 56 184 295 0.99624
00026.jpg 323 63 188 287 0.99620
00026.jpg 187 72 164 276 0.99581
00026.jpg 193 77 145 278 0.99579
00026.jpg 197 65 143 288 0.99537
00026.jpg 328 49 178 293 0.99533
00026.jpg 196 82 143 272 0.99504
00026.jpg 189 77 153 273 0.99358
00026.jpg 328 59 183 289 0.99320
00026.jpg 323 51 189 295 0.99306
00026.jpg 335 51 169 292 0.99238
00026.jpg 316 46 194 311 0.99220
00026.jpg 319 41 194 311 0.99090
00026.jpg 191 76 151 280 0.98968
00026.jpg 325 56 192 286 0.98953
00026.jpg 190 89 158 259 0.98926
00026.jpg 187 71 168 281 0.98855
00026.jpg 317 59 194 284 0.98854
00026.jpg 336 57 169 297 0.98838
00026.jpg 324 49 189 302 0.98695
00026.jpg 193 83 150 267 0.98690
00026.jpg 193 83 150 263 0.98668
00026.jpg 209 78 130 281 0.98592
00026.jpg 192 86 155 268 0.98579
00026.jpg 330 52 182 299 0.98509
00026.jpg 324 65 182 280 0.98454
00026.jpg 200 78 140 279 0.98449
00026.jpg 320 55 193 295 0.98400
00026.jpg 321 58 194 291 0.98284
00026.jpg 197 81 144 265 0.98259
00026.jpg 319 54 185 288 0.97712
00026.jpg 194 81 145 264 0.97664
00026.jpg 319 49 199 296 0.97495
00026.jpg 204 83 119 262 0.96844
00026.jpg 323 46 184 301 0.96770
00026.jpg 195 79 143 269 0.96627
00026.jpg 192 83 151 271 0.96399
00026.jpg 334 51 171 293 0.96309
00026.jpg 184 82 150 271 0.96297
00026.jpg 193 91 134 257 0.96265
00026.jpg 195 84 156 269 0.96102
00026.jpg 312 55 210 280 0.95872
00026.jpg 317 51 190 296 0.95359
00026.jpg 321 37 180 321 0.94996
00026.jpg 198 84 145 270 0.94279
00026.jpg 191 86 150 263 0.93964
00026.jpg 185 85 151 268 0.93671
00026.jpg 210 66 124 288 0.93333
00026.jpg 189 83 148 268 0.93312
00026.jpg 328 55 177 287 0.93312
00026.jpg 327 52 182 293 0.93204
00026.jpg 312 48 191 303 0.93128
00026.jpg 202 81 135 270 0.92874
00026.jpg 328 47 176 309 0.92487
00026.jpg 195 79 144 275 0.92441
00026.jpg 316 59 197 278 0.91703
00026.jpg 193 77 154 275 0.91519
00026.jpg 177 78 173 279 0.91505
00026.jpg 192 73 146 284 0.91215
00026.jpg 191 78 141 265 0.91032
00026.jpg 317 48 198 300 0.90291
00026.jpg 326 51 182 299 0.89646
00026.jpg 196 82 142 266 0.89330
00026.jpg 340 51 170 299 0.89261
00026.jpg 196 80 135 272 0.88747
00026.jpg 216 97 122 247 0.88692
00026.jpg 319 32 184 318 0.87998
00026.jpg 201 87 144 268 0.87810
00026.jpg 328 46 175 304 0.86998
00026.jpg 189 67 163 286 0.85472
00026.jpg 330 56 172 278 0.84838
00026.jpg 339 50 169 293 0.83191
00026.jpg 219 81 119 269 0.83064
00026.jpg 331 48 170 293 0.82879
00026.jpg 191 84 152 257 0.82738
00026.jpg 206 91 117 243 0.81460
00026.jpg 191 90 136 243 0.81243
00026.jpg 311 56 186 277 0.81108
00026.jpg 190 75 159 278 0.79843
00026.jpg 207 94 121 260 0.78990
00026.jpg 206 92 126 265 0.78981
00026.jpg 305 61 216 281 0.76020
00026.jpg 328 44 181 314 0.74655
00026.jpg 202 73 149 283 0.72685
00026.jpg 257 69 281 275 0.72567
00026.jpg 183 79 163 273 0.71939
00026.jpg 308 51 191 287 0.71138
00026.jpg 324 51 180 293 0.70768
00026.jpg 201 78 160 267 0.70764
00026.jpg 184 77 154 277 0.70760
00026.jpg 313 55 209 279 0.70223
00026.jpg 327 57 183 288 0.68871
00026.jpg 187 80 155 266 0.68117
00026.jpg 324 49 167 290 0.62189
00026.jpg 342 60 167 285 0.61992
00026.jpg 187 92 143 256 0.60863
00026.jpg 302 83 58 207 0.59682
00026.jpg 177 87 179 252 0.59344
00026.jpg 210 98 113 253 0.58183
00026.jpg 306 43 210 309 0.56965
00026.jpg 318 51 193 281 0.55492
00026.jpg 313 80 38 40 0.54556
00026.jpg 301 77 57 221 0.53557
00026.jpg 211 89 121 239 0.53468
00026.jpg 329 57 180 276 0.53025
00026.jpg 216 83 108 267 0.52365
00026.jpg 220 85 116 260 0.52292
