00025.jpg 313 50 195 296 0.99959
00025.jpg 323 51 185 300 0.99944
00025.jpg 320 41 198 309 0.99923
00025.jpg 328 47 180 301 0.99920
00025.jpg 315 50 189 297 0.99914
00025.jpg 323 50 183 303 0.99815
00025.jpg 314 43 197 304 0.99727
00025.jpg 325 58 172 293 0.99720
00025.jpg 311 46 198 302 0.99691
00025.jpg 316 50 195 302 0.99689
00025.jpg 187 77 163 269 0.99646
00025.jpg 317 52 199 301 0.99621
00025.jpg 314 65 196 273 0.99595
00025.jpg 333 52 176 301 0.99561
00025.jpg 186 79 160 280 0.99560
00025.jpg 318 55 186 296 0.99488
00025.jpg 188 79 155 271 0.99488
00025.jpg 190 77 161 271 0.99488
00025.jpg 186 76 163 271 0.99475
00025.jpg 314 56 194 295 0.99456
00025.jpg 180 82 170 277 0.99446
00025.jpg 181 77 168 274 0.99402
00025.jpg 317 53 191 291 0.99396
00025.jpg 315 54 181 292 0.99346
00025.jpg 310 46 198 297 0.99299
00025.jpg 194 73 159 286 0.99244
00025.jpg 182 80 157 269 0.99242
00025.jpg 181 80 178 273 0.99236
00025.jpg 184 74 171 273 0.99180
00025.jpg 179 79 169 273 0.99094
00025.jpg 180 83 183 264 0.99029
00025.jpg 318 46 192 302 0.99018
00025.jpg 192 83 153 268 0.98986
00025.jpg 323 44 182 303 0.98986
00025.jpg 317 48 189 305 0.98964
00025.jpg 322 52 188 291 0.98960
00025.jpg 186 70 165 282 0.98959
00025.jpg 318 47 188 302 0.98921
00025.jpg 315 51 186 302 0.98909
00025.jpg 183 79 164 273 0.98887
00025.jpg 320 49 183 301 0.98800
00025.jpg 320 43 185 315 0.98777
00025.jpg 323 56 190 297 0.98708
00025.jpg 183 77 163 279 0.98580
00025.jpg 185 74 169 275 0.98491
00025.jpg 182 79 162 272 0.98486
00025.jpg 181 86 164 270 0.98444
00025.jpg 188 69 156 284 0.98382
00025.jpg 187 71 163 283 0.98299
00025.jpg 186 74 161 279 0.98284
00025.jpg 319 60 185 282 0.97886
00025.jpg 320 46 197 309 0.97793
00025.jpg 192 76 160 280 0.97586
00025.jpg 311 57 203 283 0.97467
00025.jpg 199 85 146 262 0.97124
00025.jpg 191 80 150 271 0.96659
00025.jpg 188 80 163 272 0.96542
00025.jpg 185 84 151 265 0.96387
00025.jpg 336 56 166 292 0.96299
00025.jpg 173 71 179 284 0.96106
00025.jpg 322 48 187 294 0.95933
00025.jpg 201 77 135 276 0.95526
00025.jpg 186 82 182 264 0.95135
00025.jpg 186 80 148 270 0.95089
00025.jpg 177 83 175 270 0.94733
00025.jpg 325 51 185 290 0.94427
00025.jpg 188 76 156 279 0.94001
00025.jpg 326 49 178 303 0.93642
00025.jpg 329 47 172 303 0.92967
00025.jpg 191 78 155 272 0.92924
00025.jpg 297 46 194 305 0.92622
00025.jpg 191 91 146 259 0.92561
00025.jpg 198 78 158 270 0.92150
00025.jpg 199 79 152 279 0.91901
00025.jpg 305 53 202 286 0.91018
00025.jpg 304 58 198 290 0.90969
00025.jpg 192 84 161 263 0.90464
00025.jpg 185 77 176 260 0.89771
00025.jpg 196 71 137 278 0.89649
00025.jpg 180 85 161 262 0.87887
00025.jpg 317 45 180 311 0.87283
00025.jpg 200 82 146 263 0.86920
00025.jpg 193 80 144 261 0.86046
00025.jpg 169 87 185 268 0.85927
00025.jpg 188 87 164 268 0.85772
00025.jpg 175 81 176 275 0.85135
00025.jpg 178 77 160 277 0.84067
00025.jpg 329 64 177 275 0.83825
00025.jpg 184 85 147 261 0.83814
00025.jpg 315 30 198 328 0.82981
00025.jpg 171 70 172 283 0.82049
00025.jpg 191 79 163 274 0.81852
00025.jpg 180 80 145 261 0.79918
00025.jpg 207 84 139 265 0.79010
00025.jpg 171 87 184 267 0.77459
00025.jpg 305 53 203 300 0.76622
00025.jpg 321 53 187 289 0.75938
00025.jpg 309 47 197 298 0.74798
00025.jpg 304 49 193 297 0.74792
00025.jpg 176 76 168 279 0.74213
00025.jpg 212 66 301 287 0.69995
00025.jpg 188 70 211 288 0.68533
00025.jpg 177 85 178 264 0.65643
00025.jpg 206 87 126 257 0.63259
00025.jpg 318 51 194 294 0.62809
00025.jpg 191 75 139 280 0.62330
00025.jpg 179 82 163 265 0.61087
00025.jpg 326 55 181 299 0.61059
00025.jpg 313 54 191 288 0.59998
00025.jpg 329 50 162 291 0.59976
00025.jpg 325 55 174 280 0.59704
00025.jpg 208 92 123 252 0.59284
00025.jpg 208 90 128 265 0.58604
00025.jpg 186 77 137 259 0.58273
00025.jpg 306 59 197 291 0.57940
00025.jpg 319 36 187 320 0.57923
00025.jpg 203 73 156 286 0.57504
00025.jpg 323 62 184 278 0.57124
00025.jpg 176 58 216 289 0.56969
00025.jpg 202 93 131 251 0.56880
00025.jpg 177 80 161 264 0.56491
00025.jpg 285 65 214 287 0.55389
00025.jpg 183 87 162 258 0.55381
00025.jpg 324 133 47 136 0.54993
00025.jpg 327 45 185 298 0.54705
00025.jpg 322 53 168 290 0.53633
00025.jpg 291 46 179 309 0.52984
00025.jpg 210 90 133 252 0.51280
00025.jpg 210 111 117 243 0.51035
00025.jpg 180 85 149 268 0.50822
