00023.jpg 324 46 181 307 0.99962
00023.jpg 328 57 183 287 0.99949
00023.jpg 322 38 180 315 0.99898
00023.jpg 329 43 175 312 0.99893
00023.jpg 181 72 183 281 0.99879
00023.jpg 178 70 191 280 0.99874
00023.jpg 323 43 186 312 0.99870
00023.jpg 313 55 202 293 0.99835
00023.jpg 175 76 184 272 0.99832
00023.jpg 323 43 183 306 0.99801
00023.jpg 177 76 184 275 0.99792
00023.jpg 319 51 191 306 0.99791
00023.jpg 182 72 176 281 0.99768
00023.jpg 178 77 188 275 0.99757
00023.jpg 181 82 179 269 0.99703
00023.jpg 189 66 174 284 0.99701
00023.jpg 184 76 182 263 0.99700
00023.jpg 317 54 187 299 0.99675
00023.jpg 181 75 180 276 0.99640
00023.jpg 179 77 181 273 0.99616
00023.jpg 315 53 190 298 0.99602
00023.jpg 324 50 179 299 0.99594
00023.jpg 322 51 183 305 0.99594
00023.jpg 323 52 189 298 0.99590
00023.jpg 320 50 183 304 0.99554
00023.jpg 326 54 184 289 0.99545
00023.jpg 174 64 190 290 0.99545
00023.jpg 322 44 183 301 0.99498
00023.jpg 321 45 178 305 0.99478
00023.jpg 326 48 186 304 0.99452
00023.jpg 184 74 189 274 0.99393
00023.jpg 177 70 186 278 0.99345
00023.jpg 321 49 187 305 0.99324
00023.jpg 180 76 187 278 0.99294
00023.jpg 178 88 201 259 0.99287
00023.jpg 320 48 197 305 0.99218
00023.jpg 185 69 181 290 0.99193
00023.jpg 181 75 187 274 0.99175
00023.jpg 179 76 185 264 0.99110
00023.jpg 184 70 185 283 0.99097
00023.jpg 316 58 190 292 0.99002
00023.jpg 327 51 176 296 0.98988
00023.jpg 180 66 191 290 0.98940
00023.jpg 180 76 194 275 0.98831
00023.jpg 323 48 184 305 0.98797
00023.jpg 327 42 180 308 0.98780
00023.jpg 316 49 195 298 0.98742
00023.jpg 327 42 178 313 0.98518
00023.jpg 318 47 189 307 0.98504
00023.jpg 322 48 188 305 0.98407
00023.jpg 317 56 183 296 0.98375
00023.jpg 183 74 176 268 0.98056
00023.jpg 176 77 186 262 0.97973
00023.jpg 178 65 195 291 0.97720
00023.jpg 180 84 179 263 0.97604
00023.jpg 179 77 185 271 0.97464
00023.jpg 181 77 180 272 0.97449
00023.jpg 180 79 205 266 0.96934
00023.jpg 178 71 189 279 0.96934
00023.jpg 322 48 185 298 0.96887
00023.jpg 189 64 180 291 0.96618
00023.jpg 315 47 191 299 0.96498
00023.jpg 321 53 184 297 0.95737
00023.jpg 318 46 185 297 0.95212
00023.jpg 325 50 179 300 0.94456
00023.jpg 314 55 186 287 0.94454
00023.jpg 323 50 176 298 0.94115
00023.jpg 179 70 189 281 0.93394
00023.jpg 323 49 180 300 0.93388
00023.jpg 177 69 191 279 0.93256
00023.jpg 314 56 199 287 0.93103
00023.jpg 184 78 180 268 0.92619
00023.jpg 181 73 190 278 0.91043
00023.jpg 186 55 242 295 0.90737
00023.jpg 174 78 191 275 0.90517
00023.jpg 184 73 176 279 0.90423
00023.jpg 170 80 206 272 0.90003
00023.jpg 176 79 178 272 0.88645
00023.jpg 313 50 194 299 0.88287
00023.jpg 204 62 322 275 0.88081
00023.jpg 181 78 175 272 0.86734
00023.jpg 178 82 182 262 0.86098
00023.jpg 273 59 242 285 0.86058
00023.jpg 180 83 323 263 0.85717
00023.jpg 328 46 175 306 0.84586
00023.jpg 320 47 186 302 0.83638
00023.jpg 170 82 209 256 0.83565
00023.jpg 179 68 184 286 0.80468
00023.jpg 323 39 191 311 0.79046
00023.jpg 318 60 189 287 0.77464
00023.jpg 277 44 219 314 0.76678
00023.jpg 177 80 187 260 0.75690
00023.jpg 166 62 208 288 0.75296
00023.jpg 184 75 180 258 0.75202
00023.jpg 215 49 313 297 0.74341
00023.jpg 174 82 189 269 0.72887
00023.jpg 190 83 161 258 0.72102
00023.jpg 175 82 204 267 0.71435
00023.jpg 321 45 178 310 0.71252
00023.jpg 189 65 308 287 0.68490
00023.jpg 177 79 202 263 0.68366
00023.jpg 322 44 189 302 0.66868
00023.jpg 185 55 337 299 0.61569
00023.jpg 227 62 248 297 0.60075
00023.jpg 323 55 189 283 0.59148
00023.jpg 315 59 185 298 0.58314
00023.jpg 188 71 192 270 0.56884
00023.jpg 295 46 202 298 0.55129
00023.jpg 188 71 275 265 0.53313
00023.jpg 178 71 178 283 0.52227
00023.jpg 308 47 191 296 0.50404
