00059.jpg 295 83 108 254 0.99765
00059.jpg 297 77 113 263 0.99732
00059.jpg 388 114 135 237 0.99647
00059.jpg 381 114 135 227 0.99610
00059.jpg 379 117 146 234 0.99592
00059.jpg 377 112 146 239 0.99513
00059.jpg 298 80 108 263 0.99473
00059.jpg 298 79 100 268 0.99422
00059.jpg 379 108 146 247 0.99411
00059.jpg 298 79 108 258 0.99375
00059.jpg 293 80 117 253 0.99354
00059.jpg 299 80 102 264 0.99343
00059.jpg 386 115 135 232 0.99255
00059.jpg 288 78 116 276 0.99167
00059.jpg 381 121 141 230 0.99103
00059.jpg 295 78 114 271 0.99099
00059.jpg 381 104 141 246 0.99090
00059.jpg 301 80 97 268 0.99003
00059.jpg 385 109 131 238 0.98921
00059.jpg 386 110 137 232 0.98853
00059.jpg 297 82 98 270 0.98833
00059.jpg 378 110 147 241 0.98829
00059.jpg 387 105 135 246 0.98775
00059.jpg 301 82 100 271 0.98723
00059.jpg 383 110 141 239 0.98712
00059.jpg 304 84 111 259 0.98670
00059.jpg 300 84 96 268 0.98568
00059.jpg 380 113 143 231 0.98556
00059.jpg 387 110 130 243 0.98554
00059.jpg 295 83 115 261 0.98523
00059.jpg 380 115 143 236 0.98506
00059.jpg 300 87 98 252 0.98502
00059.jpg 304 85 96 264 0.98469
00059.jpg 388 115 133 228 0.98434
00059.jpg 382 114 142 232 0.98383
00059.jpg 295 79 103 265 0.98365
00059.jpg 386 110 128 240 0.98346
00059.jpg 301 85 108 269 0.98302
00059.jpg 376 109 155 236 0.98185
00059.jpg 297 83 107 252 0.98159
00059.jpg 300 86 97 251 0.98130
00059.jpg 296 82 101 265 0.98124
00059.jpg 303 82 98 270 0.98087
00059.jpg 299 89 107 257 0.98078
00059.jpg 384 112 139 231 0.97908
00059.jpg 305 82 104 265 0.97704
00059.jpg 379 115 148 239 0.97700
00059.jpg 297 78 113 271 0.97597
00059.jpg 293 80 114 264 0.97595
00059.jpg 301 79 110 265 0.97584
00059.jpg 300 86 109 258 0.97403
00059.jpg 298 83 105 264 0.97349
00059.jpg 381 117 145 221 0.97332
00059.jpg 386 109 143 239 0.97318
00059.jpg 297 72 104 281 0.97296
00059.jpg 294 69 107 280 0.97017
00059.jpg 388 112 126 233 0.96675
00059.jpg 299 86 103 260 0.96489
00059.jpg 298 76 110 271 0.96447
00059.jpg 391 118 130 232 0.96365
00059.jpg 376 106 151 247 0.96101
00059.jpg 378 107 144 242 0.95755
00059.jpg 297 78 105 274 0.95606
00059.jpg 301 68 106 282 0.94430
00059.jpg 302 84 99 251 0.93976
00059.jpg 386 107 131 244 0.93890
00059.jpg 379 110 147 239 0.93731
00059.jpg 374 113 148 241 0.93634
00059.jpg 379 115 147 239 0.93345
00059.jpg 385 108 138 243 0.93134
00059.jpg 302 85 96 268 0.93094
00059.jpg 298 79 102 267 0.92864
00059.jpg 304 79 106 275 0.92158
00059.jpg 296 84 106 268 0.92148
00059.jpg 299 83 96 254 0.89734
00059.jpg 300 83 103 254 0.89728
00059.jpg 381 121 140 228 0.88753
00059.jpg 368 105 160 244 0.88611
00059.jpg 387 115 134 231 0.88333
00059.jpg 380 122 143 234 0.88304
00059.jpg 377 109 134 234 0.87841
00059.jpg 300 80 98 257 0.87316
00059.jpg 298 90 107 253 0.87197
00059.jpg 296 84 111 264 0.86944
00059.jpg 382 122 139 227 0.86909
00059.jpg 385 113 136 244 0.86732
00059.jpg 378 119 144 236 0.86245
00059.jpg 303 83 94 256 0.86131
00059.jpg 301 76 103 276 0.84712
00059.jpg 386 115 136 238 0.84080
00059.jpg 295 79 128 266 0.83007
00059.jpg 297 82 118 262 0.79295
00059.jpg 299 67 122 286 0.78905
00059.jpg 302 84 89 259 0.78421
00059.jpg 381 117 137 238 0.77690
00059.jpg 385 126 135 221 0.77205
00059.jpg 378 110 143 242 0.76386
00059.jpg 374 110 157 244 0.76175
00059.jpg 300 82 94 261 0.75926
00059.jpg 296 82 100 266 0.75637
00059.jpg 377 111 140 245 0.75084
00059.jpg 386 125 133 225 0.73688
00059.jpg 294 73 112 265 0.73073
00059.jpg 297 85 101 256 0.72233
00059.jpg 389 120 134 226 0.71683
00059.jpg 296 81 99 246 0.71571
00059.jpg 379 111 137 229 0.69916
00059.jpg 300 84 106 257 0.68518
00059.jpg 300 87 102 250 0.68173
00059.jpg 16 129 13 19 0.67242
00059.jpg 383 121 141 220 0.65029
00059.jpg 376 115 145 231 0.61546
00059.jpg 390 116 132 241 0.61503
00059.jpg 301 82 116 270 0.61261
00059.jpg 345 95 165 264 0.58930
00059.jpg 305 67 115 289 0.58512
00059.jpg 385 114 135 236 0.56379
00059.jpg 391 107 136 247 0.55998
00059.jpg 389 121 138 234 0.55661
00059.jpg 16 129 13 22 0.54088
00059.jpg 390 119 123 235 0.53153
00059.jpg 304 83 87 263 0.52387
00059.jpg 362 101 163 255 0.51146
00059.jpg 17 131 14 20 0.50878
