00054.jpg 288 89 136 259 0.99448
00054.jpg 301 89 198 270 0.99344
00054.jpg 303 74 129 280 0.99303
00054.jpg 301 86 128 263 0.99264
00054.jpg 349 89 161 261 0.99253
00054.jpg 298 88 139 258 0.99162
00054.jpg 292 85 152 261 0.99010
00054.jpg 327 92 182 249 0.99003
00054.jpg 363 83 144 260 0.98943
00054.jpg 297 81 137 269 0.98916
00054.jpg 303 84 114 264 0.98906
00054.jpg 355 87 154 266 0.98817
00054.jpg 298 79 125 265 0.98741
00054.jpg 301 76 133 267 0.98469
00054.jpg 299 84 128 263 0.98404
00054.jpg 295 84 128 261 0.98385
00054.jpg 304 76 118 264 0.98353
00054.jpg 302 88 127 260 0.98264
00054.jpg 367 78 143 271 0.98208
00054.jpg 358 94 148 259 0.98187
00054.jpg 295 78 139 272 0.98183
00054.jpg 304 74 128 281 0.98182
00054.jpg 375 83 135 269 0.98181
00054.jpg 300 81 137 273 0.97940
00054.jpg 291 78 142 267 0.97776
00054.jpg 302 85 124 259 0.97626
00054.jpg 348 77 157 275 0.97558
00054.jpg 360 91 149 256 0.97402
00054.jpg 302 80 136 270 0.97254
00054.jpg 300 69 143 274 0.97088
00054.jpg 291 92 133 254 0.96905
00054.jpg 360 88 155 257 0.96886
00054.jpg 302 84 126 265 0.96823
00054.jpg 373 84 138 261 0.96821
00054.jpg 302 78 123 264 0.96715
00054.jpg 300 80 148 270 0.96404
00054.jpg 299 88 124 249 0.96333
00054.jpg 373 87 140 257 0.96172
00054.jpg 375 85 129 264 0.95724
00054.jpg 374 85 138 258 0.95513
00054.jpg 300 87 119 261 0.95274
00054.jpg 348 94 157 262 0.95167
00054.jpg 300 72 132 277 0.95085
00054.jpg 296 84 137 256 0.94973
00054.jpg 298 79 131 267 0.94951
00054.jpg 297 73 130 282 0.94949
00054.jpg 370 99 136 241 0.94869
00054.jpg 295 80 130 271 0.94797
00054.jpg 372 89 129 256 0.94784
00054.jpg 343 84 169 261 0.94687
00054.jpg 354 90 154 257 0.94011
00054.jpg 355 86 155 263 0.93988
00054.jpg 302 86 113 262 0.93803
00054.jpg 298 70 115 281 0.93531
00054.jpg 299 85 111 264 0.93514
00054.jpg 372 88 134 242 0.92734
00054.jpg 293 78 183 259 0.92696
00054.jpg 298 83 116 263 0.92583
00054.jpg 298 89 175 259 0.92425
00054.jpg 300 84 151 256 0.92274
00054.jpg 364 83 145 265 0.91574
00054.jpg 361 92 144 262 0.91073
00054.jpg 365 98 142 244 0.91052
00054.jpg 290 75 144 264 0.91041
00054.jpg 356 90 157 245 0.90963
00054.jpg 308 70 146 283 0.90926
00054.jpg 295 84 131 254 0.90644
00054.jpg 356 84 158 259 0.90640
00054.jpg 297 73 131 274 0.90484
00054.jpg 304 80 99 267 0.90414
00054.jpg 358 88 155 260 0.90414
00054.jpg 299 62 194 295 0.90349
00054.jpg 297 85 123 269 0.90128
00054.jpg 375 86 134 259 0.89925
00054.jpg 301 76 154 273 0.89872
00054.jpg 372 89 132 249 0.88730
00054.jpg 297 86 134 261 0.88680
00054.jpg 301 95 113 248 0.88552
00054.jpg 344 93 154 248 0.88332
00054.jpg 296 89 122 254 0.87785
00054.jpg 343 73 156 279 0.87358
00054.jpg 297 86 118 264 0.86443
00054.jpg 299 81 113 258 0.86033
00054.jpg 359 92 148 243 0.86026
00054.jpg 381 96 125 256 0.84601
00054.jpg 296 73 213 275 0.84044
00054.jpg 297 87 119 255 0.82015
00054.jpg 358 89 142 258 0.80405
00054.jpg 357 95 151 235 0.79981
00054.jpg 369 85 147 266 0.79016
00054.jpg 300 89 113 245 0.76109
00054.jpg 350 88 148 251 0.75363
00054.jpg 299 90 136 246 0.75223
00054.jpg 304 79 169 275 0.73123
00054.jpg 320 71 198 287 0.71425
00054.jpg 302 80 115 260 0.71357
00054.jpg 368 69 137 288 0.71167
00054.jpg 299 86 119 259 0.70493
00054.jpg 296 79 218 269 0.69560
00054.jpg 16 130 13 19 0.67258
00054.jpg 366 90 137 259 0.66520
00054.jpg 317 76 173 281 0.65108
00054.jpg 291 74 172 272 0.65104
00054.jpg 305 68 214 282 0.64788
00054.jpg 294 79 158 270 0.64634
00054.jpg 333 86 183 252 0.64503
00054.jpg 378 88 131 264 0.62949
00054.jpg 298 85 137 264 0.61318
00054.jpg 300 90 120 252 0.61302
00054.jpg 366 93 138 260 0.60956
00054.jpg 303 72 127 277 0.60822
00054.jpg 331 92 185 248 0.60355
00054.jpg 16 129 13 22 0.59493
00054.jpg 309 83 142 261 0.58854
00054.jpg 299 69 161 271 0.58186
00054.jpg 301 73 189 265 0.57568
00054.jpg 298 64 191 295 0.56652
00054.jpg 376 102 131 257 0.56087
00054.jpg 378 110 127 249 0.55160
00054.jpg 16 132 12 19 0.54924
00054.jpg 370 105 130 235 0.54387
00054.jpg 309 95 144 255 0.53551
00054.jpg 17 131 14 20 0.52483
