00050.jpg 305 87 204 268 0.99215
00050.jpg 341 62 166 290 0.98943
00050.jpg 282 74 174 278 0.98753
00050.jpg 320 65 188 287 0.98709
00050.jpg 281 77 177 273 0.98660
00050.jpg 314 68 187 280 0.98368
00050.jpg 275 74 183 281 0.98132
00050.jpg 285 74 224 273 0.98128
00050.jpg 312 69 191 283 0.97765
00050.jpg 307 54 195 292 0.97522
00050.jpg 282 69 160 287 0.97384
00050.jpg 322 64 185 293 0.97290
00050.jpg 287 85 136 260 0.97164
00050.jpg 321 57 191 297 0.97151
00050.jpg 342 69 161 281 0.97112
00050.jpg 289 83 141 275 0.97049
00050.jpg 297 71 211 273 0.96707
00050.jpg 279 89 155 256 0.96492
00050.jpg 296 63 212 291 0.96384
00050.jpg 284 73 140 277 0.96301
00050.jpg 279 86 162 260 0.96103
00050.jpg 273 88 191 260 0.95995
00050.jpg 280 72 136 282 0.95966
00050.jpg 291 68 218 281 0.95901
00050.jpg 326 70 185 273 0.95379
00050.jpg 361 71 148 271 0.95059
00050.jpg 278 91 162 259 0.95056
00050.jpg 333 65 172 285 0.94898
00050.jpg 285 100 114 250 0.94610
00050.jpg 289 84 119 258 0.94566
00050.jpg 284 85 150 259 0.94478
00050.jpg 317 68 191 282 0.94005
00050.jpg 347 67 167 274 0.93863
00050.jpg 343 73 164 260 0.93035
00050.jpg 292 63 214 277 0.92787
00050.jpg 292 74 126 275 0.92252
00050.jpg 353 66 157 284 0.92070
00050.jpg 285 88 133 259 0.92057
00050.jpg 336 60 176 290 0.92011
00050.jpg 363 66 148 279 0.91396
00050.jpg 278 65 156 278 0.91207
00050.jpg 276 71 234 280 0.91005
00050.jpg 276 54 238 285 0.90790
00050.jpg 282 77 146 270 0.90570
00050.jpg 353 64 158 280 0.90131
00050.jpg 283 91 142 252 0.90033
00050.jpg 275 61 224 287 0.89972
00050.jpg 320 81 187 264 0.89634
00050.jpg 350 63 152 290 0.89082
00050.jpg 288 88 116 262 0.88940
00050.jpg 328 73 180 271 0.88738
00050.jpg 285 60 205 286 0.88383
00050.jpg 338 70 168 268 0.87268
00050.jpg 336 52 177 294 0.86819
00050.jpg 345 73 168 275 0.86594
00050.jpg 283 80 129 270 0.86474
00050.jpg 322 78 191 273 0.85871
00050.jpg 357 61 152 287 0.85309
00050.jpg 284 71 124 279 0.85245
00050.jpg 287 68 122 278 0.85245
00050.jpg 350 61 154 287 0.84775
00050.jpg 282 106 119 233 0.83874
00050.jpg 286 97 125 223 0.83751
00050.jpg 292 80 104 266 0.83656
00050.jpg 289 66 234 270 0.83595
00050.jpg 288 89 111 252 0.83390
00050.jpg 364 73 146 279 0.82885
00050.jpg 285 90 128 262 0.82877
00050.jpg 329 71 189 274 0.82717
00050.jpg 285 93 118 244 0.82161
00050.jpg 306 68 195 283 0.81970
00050.jpg 323 57 181 291 0.81858
00050.jpg 291 80 131 273 0.81670
00050.jpg 287 93 112 238 0.81384
00050.jpg 282 93 119 238 0.81058
00050.jpg 281 86 127 250 0.80706
00050.jpg 284 78 225 275 0.80160
00050.jpg 285 84 139 251 0.80053
00050.jpg 348 66 163 284 0.79008
00050.jpg 280 91 127 263 0.78357
00050.jpg 340 73 167 267 0.78245
00050.jpg 345 73 156 268 0.78076
00050.jpg 286 84 128 258 0.74702
00050.jpg 282 77 186 271 0.72765
00050.jpg 287 76 115 274 0.71367
00050.jpg 351 64 167 273 0.70751
00050.jpg 287 78 127 270 0.70613
00050.jpg 289 94 107 245 0.69797
00050.jpg 283 87 122 249 0.69111
00050.jpg 335 73 173 268 0.68591
00050.jpg 283 91 112 256 0.67868
00050.jpg 341 74 173 268 0.67381
00050.jpg 367 68 142 270 0.64453
00050.jpg 280 88 146 249 0.64111
00050.jpg 351 70 150 279 0.63916
00050.jpg 347 65 162 288 0.62661
00050.jpg 305 75 176 268 0.62607
00050.jpg 284 85 108 262 0.62345
00050.jpg 290 82 122 260 0.62099
00050.jpg 281 85 138 265 0.62003
00050.jpg 16 129 13 22 0.60674
00050.jpg 290 64 226 271 0.60604
00050.jpg 287 66 208 288 0.59776
00050.jpg 324 67 196 288 0.59395
00050.jpg 279 74 128 278 0.58056
00050.jpg 316 77 178 263 0.57205
00050.jpg 282 84 147 257 0.56962
00050.jpg 366 70 143 274 0.56697
00050.jpg 282 72 131 278 0.56284
00050.jpg 289 89 103 253 0.55722
00050.jpg 16 132 12 19 0.55707
00050.jpg 372 91 129 259 0.55005
00050.jpg 357 80 146 262 0.54871
00050.jpg 284 83 148 255 0.53605
00050.jpg 270 61 175 296 0.53169
00050.jpg 17 131 14 20 0.52805
00050.jpg 279 72 246 279 0.52165
00050.jpg 287 87 119 255 0.51326
00050.jpg 18 130 13 18 0.49920
