00051.jpg 290 80 201 270 0.99854
00051.jpg 298 80 197 275 0.99600
00051.jpg 289 87 173 269 0.99279
00051.jpg 299 80 216 278 0.99177
00051.jpg 325 76 180 281 0.98913
00051.jpg 283 78 179 275 0.98662
00051.jpg 287 90 146 257 0.98135
00051.jpg 337 82 168 272 0.98033
00051.jpg 352 80 156 275 0.97996
00051.jpg 326 73 189 281 0.97766
00051.jpg 352 82 151 267 0.97718
00051.jpg 314 57 188 298 0.97687
00051.jpg 344 92 175 254 0.97682
00051.jpg 292 76 181 276 0.97667
00051.jpg 331 84 176 268 0.97455
00051.jpg 291 77 152 269 0.97221
00051.jpg 289 81 206 272 0.96979
00051.jpg 298 84 145 265 0.96910
00051.jpg 293 75 187 284 0.96813
00051.jpg 333 77 175 277 0.96520
00051.jpg 290 76 153 269 0.96299
00051.jpg 284 84 163 271 0.96251
00051.jpg 295 78 215 276 0.95583
00051.jpg 296 81 143 266 0.95542
00051.jpg 286 84 156 268 0.95398
00051.jpg 307 72 187 280 0.95139
00051.jpg 295 86 133 252 0.94855
00051.jpg 332 70 178 278 0.94805
00051.jpg 292 78 140 267 0.94680
00051.jpg 281 59 164 291 0.94625
00051.jpg 287 73 147 277 0.94610
00051.jpg 357 89 147 256 0.94484
00051.jpg 286 88 146 257 0.94131
00051.jpg 295 76 138 273 0.93943
00051.jpg 290 79 210 275 0.93895
00051.jpg 292 76 138 273 0.93871
00051.jpg 363 92 139 255 0.93081
00051.jpg 299 87 151 260 0.93054
00051.jpg 307 83 204 271 0.92892
00051.jpg 344 75 169 274 0.92757
00051.jpg 365 90 140 254 0.92627
00051.jpg 329 83 175 270 0.92471
00051.jpg 337 83 173 263 0.92437
00051.jpg 280 67 222 281 0.91710
00051.jpg 368 89 146 255 0.91134
00051.jpg 360 74 147 278 0.91118
00051.jpg 369 100 135 246 0.91010
00051.jpg 353 82 162 272 0.90941
00051.jpg 348 79 157 275 0.90693
00051.jpg 309 64 208 292 0.90183
00051.jpg 293 78 157 270 0.90117
00051.jpg 367 82 142 265 0.89900
00051.jpg 286 77 160 274 0.89809
00051.jpg 360 91 147 250 0.89615
00051.jpg 361 82 146 262 0.89210
00051.jpg 287 95 122 257 0.89104
00051.jpg 289 83 135 255 0.88738
00051.jpg 364 79 150 270 0.88723
00051.jpg 294 80 144 255 0.88670
00051.jpg 291 82 149 271 0.88666
00051.jpg 357 84 150 268 0.88348
00051.jpg 295 69 223 287 0.87529
00051.jpg 340 84 157 263 0.87068
00051.jpg 292 73 192 278 0.86820
00051.jpg 298 68 202 291 0.85508
00051.jpg 294 76 131 272 0.85404
00051.jpg 294 66 199 282 0.84682
00051.jpg 368 91 143 265 0.84468
00051.jpg 369 76 136 265 0.84366
00051.jpg 298 84 128 265 0.84310
00051.jpg 283 81 155 254 0.84245
00051.jpg 286 77 154 273 0.83472
00051.jpg 368 81 143 252 0.83461
00051.jpg 291 78 147 263 0.82345
00051.jpg 355 90 155 251 0.81030
00051.jpg 286 86 141 264 0.80510
00051.jpg 349 80 164 272 0.80329
00051.jpg 285 82 165 271 0.78134
00051.jpg 370 90 145 256 0.78011
00051.jpg 365 78 145 259 0.77832
00051.jpg 282 78 219 270 0.77093
00051.jpg 295 73 158 275 0.76199
00051.jpg 290 55 144 296 0.75692
00051.jpg 295 90 114 241 0.75618
00051.jpg 289 76 142 278 0.75551
00051.jpg 290 80 130 279 0.75194
00051.jpg 285 87 135 254 0.74973
00051.jpg 292 91 124 256 0.74266
00051.jpg 363 83 150 267 0.73737
00051.jpg 297 70 180 284 0.73653
00051.jpg 292 83 116 261 0.71514
00051.jpg 296 83 121 263 0.71508
00051.jpg 291 85 154 259 0.71103
00051.jpg 299 84 104 261 0.70778
00051.jpg 16 130 13 19 0.69981
00051.jpg 379 122 120 231 0.69606
00051.jpg 291 89 124 258 0.68778
00051.jpg 293 72 166 276 0.68476
00051.jpg 290 68 123 284 0.68358
00051.jpg 344 91 148 254 0.68228
00051.jpg 360 94 140 248 0.63245
00051.jpg 377 102 131 254 0.62903
00051.jpg 16 129 13 22 0.62470
00051.jpg 374 113 134 238 0.62337
00051.jpg 298 79 108 264 0.59222
00051.jpg 291 82 119 259 0.59145
00051.jpg 16 132 12 19 0.58829
00051.jpg 292 69 133 283 0.58590
00051.jpg 378 104 132 243 0.56312
00051.jpg 17 131 14 20 0.55758
00051.jpg 376 116 135 228 0.55710
00051.jpg 280 78 224 272 0.54413
00051.jpg 379 102 119 238 0.53220
00051.jpg 377 120 122 235 0.52458
00051.jpg 340 69 181 286 0.51715
00051.jpg 17 130 13 18 0.51242
00051.jpg 291 64 124 288 0.50554
