00061.jpg 302 80 96 276 0.99473
00061.jpg 300 77 108 277 0.99443
00061.jpg 305 85 115 270 0.99440
00061.jpg 295 84 115 261 0.99416
00061.jpg 300 78 98 277 0.99323
00061.jpg 309 84 91 274 0.99223
00061.jpg 301 82 107 265 0.99192
00061.jpg 294 84 117 270 0.99137
00061.jpg 300 82 106 259 0.98998
00061.jpg 295 84 122 265 0.98911
00061.jpg 301 78 97 275 0.98827
00061.jpg 291 82 117 268 0.98724
00061.jpg 306 82 99 267 0.98589
00061.jpg 299 80 107 255 0.98309
00061.jpg 298 78 106 267 0.98076
00061.jpg 296 86 109 263 0.98068
00061.jpg 295 79 108 271 0.98032
00061.jpg 295 79 113 267 0.97940
00061.jpg 295 87 116 263 0.97766
00061.jpg 291 81 120 262 0.97752
00061.jpg 296 71 114 282 0.97748
00061.jpg 298 80 113 267 0.97687
00061.jpg 296 89 106 259 0.97654
00061.jpg 294 76 118 280 0.97341
00061.jpg 296 81 109 265 0.97320
00061.jpg 298 80 112 271 0.97055
00061.jpg 300 80 100 269 0.96312
00061.jpg 292 81 115 269 0.96008
00061.jpg 297 81 115 268 0.95955
00061.jpg 299 83 101 264 0.95351
00061.jpg 297 78 113 269 0.95294
00061.jpg 297 79 106 266 0.94706
00061.jpg 301 82 111 272 0.94662
00061.jpg 303 90 94 261 0.94262
00061.jpg 303 78 125 262 0.93931
00061.jpg 385 97 138 246 0.93823
00061.jpg 296 72 100 282 0.93519
00061.jpg 295 80 117 268 0.93116
00061.jpg 296 82 101 269 0.92204
00061.jpg 345 103 178 239 0.91439
00061.jpg 297 96 103 256 0.91257
00061.jpg 383 106 146 251 0.90155
00061.jpg 378 103 152 246 0.88359
00061.jpg 353 92 164 257 0.87443
00061.jpg 391 143 137 205 0.86506
00061.jpg 368 105 158 250 0.86482
00061.jpg 292 72 112 282 0.86362
00061.jpg 290 71 235 280 0.85804
00061.jpg 372 105 153 249 0.85457
00061.jpg 295 85 115 268 0.85369
00061.jpg 301 88 102 259 0.84906
00061.jpg 296 81 105 270 0.84857
00061.jpg 297 84 128 254 0.84611
00061.jpg 380 119 141 229 0.83775
00061.jpg 376 87 151 270 0.83500
00061.jpg 297 85 99 261 0.83317
00061.jpg 297 89 99 255 0.83239
00061.jpg 294 79 111 268 0.82963
00061.jpg 395 113 126 232 0.82827
00061.jpg 395 94 138 262 0.82518
00061.jpg 301 82 94 267 0.82372
00061.jpg 361 103 153 254 0.82121
00061.jpg 381 116 140 237 0.81940
00061.jpg 304 80 108 272 0.81855
00061.jpg 299 82 111 271 0.81805
00061.jpg 397 133 125 220 0.81499
00061.jpg 393 117 134 239 0.81157
00061.jpg 301 87 118 260 0.81123
00061.jpg 395 104 130 244 0.80216
00061.jpg 378 107 146 251 0.79358
00061.jpg 382 112 141 227 0.78877
00061.jpg 381 128 155 222 0.78118
00061.jpg 383 112 149 244 0.76784
00061.jpg 294 78 107 270 0.76071
00061.jpg 385 116 129 225 0.75085
00061.jpg 385 98 141 240 0.74703
00061.jpg 387 112 145 238 0.74488
00061.jpg 303 105 94 245 0.74435
00061.jpg 296 87 132 263 0.73984
00061.jpg 394 141 124 212 0.73817
00061.jpg 380 115 159 230 0.73141
00061.jpg 387 131 141 213 0.73058
00061.jpg 379 110 145 242 0.72398
00061.jpg 299 77 127 276 0.72066
00061.jpg 301 90 103 262 0.71741
00061.jpg 289 95 230 251 0.71712
00061.jpg 296 85 105 268 0.69829
00061.jpg 387 114 145 240 0.69589
00061.jpg 395 115 137 227 0.69055
00061.jpg 383 103 151 236 0.68505
00061.jpg 391 136 136 223 0.67678
00061.jpg 387 120 143 231 0.66278
00061.jpg 398 98 132 242 0.66268
00061.jpg 16 130 13 19 0.64628
00061.jpg 395 115 137 239 0.64325
00061.jpg 299 82 92 258 0.63611
00061.jpg 391 167 131 189 0.63203
00061.jpg 303 87 94 265 0.62612
00061.jpg 394 121 132 232 0.61983
00061.jpg 371 96 140 257 0.61519
00061.jpg 366 114 158 221 0.61048
00061.jpg 16 131 12 20 0.59431
00061.jpg 350 93 184 255 0.59351
00061.jpg 304 85 128 264 0.58341
00061.jpg 387 122 144 233 0.53830
00061.jpg 303 93 229 258 0.53626
00061.jpg 399 129 130 224 0.52007
00061.jpg 305 82 99 258 0.51426
00061.jpg 299 82 109 267 0.51004
00061.jpg 299 76 91 281 0.50708
00061.jpg 296 81 96 270 0.50577
00061.jpg 301 78 107 266 0.50117
