00005.jpg 278 47 212 476 0.99908
00005.jpg 275 45 211 475 0.99907
00005.jpg 293 51 200 468 0.99900
00005.jpg 271 45 220 477 0.99891
00005.jpg 549 81 163 452 0.99889
00005.jpg 260 166 41 139 0.99873
00005.jpg 0 107 61 197 0.99860
00005.jpg 293 43 202 476 0.99838
00005.jpg 295 49 191 475 0.99825
00005.jpg 0 97 62 213 0.99787
00005.jpg 281 43 207 481 0.99781
00005.jpg 284 43 208 481 0.99781
00005.jpg 282 61 213 457 0.99744
00005.jpg 287 46 203 478 0.99739
00005.jpg 293 44 189 491 0.99734
00005.jpg 283 45 202 487 0.99728
00005.jpg 0 103 64 197 0.99710
00005.jpg 279 50 211 460 0.99698
00005.jpg 543 89 158 438 0.99686
00005.jpg 550 97 155 421 0.99648
00005.jpg 287 40 202 489 0.99643
00005.jpg 4 101 55 204 0.99573
00005.jpg 295 57 204 469 0.99564
00005.jpg 279 52 221 469 0.99562
00005.jpg 556 98 143 425 0.99560
00005.jpg 261 167 41 136 0.99493
00005.jpg 294 47 189 466 0.99468
00005.jpg 284 61 197 453 0.99462
00005.jpg 0 102 65 208 0.99449
00005.jpg 0 95 64 211 0.99422
00005.jpg 292 46 197 477 0.99414
00005.jpg 2 107 63 194 0.99386
00005.jpg 266 165 39 140 0.99349
00005.jpg 533 103 177 422 0.99344
00005.jpg 557 105 142 413 0.99300
00005.jpg 258 171 46 133 0.99281
00005.jpg 3 101 53 204 0.99229
00005.jpg 292 55 185 474 0.99211
00005.jpg 542 90 160 439 0.99208
00005.jpg 645 70 78 182 0.99201
00005.jpg 291 46 194 487 0.99173
00005.jpg 291 36 193 499 0.99152
00005.jpg 648 69 77 197 0.99151
00005.jpg 260 167 41 141 0.99149
00005.jpg 545 101 161 409 0.99115
00005.jpg 286 52 204 476 0.99108
00005.jpg 550 93 151 444 0.99037
00005.jpg 1 102 70 209 0.99004
00005.jpg 282 51 206 471 0.99001
00005.jpg 544 104 165 411 0.98996
00005.jpg 557 96 147 424 0.98977
00005.jpg 546 108 149 417 0.98922
00005.jpg 3 102 60 204 0.98896
00005.jpg 539 99 157 417 0.98878
00005.jpg 535 105 166 421 0.98854
00005.jpg 2 106 56 203 0.98844
00005.jpg 258 169 44 136 0.98834
00005.jpg 1 104 60 203 0.98799
00005.jpg 260 165 42 142 0.98776
00005.jpg 295 50 196 466 0.98746
00005.jpg 260 169 40 139 0.98677
00005.jpg 558 86 140 440 0.98613
00005.jpg 546 99 169 417 0.98611
00005.jpg 287 45 192 484 0.98599
00005.jpg 547 104 157 418 0.98596
00005.jpg 0 108 64 193 0.98429
00005.jpg 649 69 76 195 0.98353
00005.jpg 648 66 77 200 0.98239
00005.jpg 259 167 45 137 0.98209
00005.jpg 646 63 77 195 0.98187
00005.jpg 4 99 62 208 0.98181
00005.jpg 550 97 151 412 0.98173
00005.jpg 0 98 63 208 0.98141
00005.jpg 645 65 79 204 0.98076
00005.jpg 0 104 61 203 0.98064
00005.jpg 555 95 155 421 0.98036
00005.jpg 1 100 67 197 0.98035
00005.jpg 556 87 157 443 0.97976
00005.jpg 281 48 209 477 0.97967
00005.jpg 647 67 77 195 0.97958
00005.jpg 649 69 77 194 0.97894
00005.jpg 650 74 75 184 0.97849
00005.jpg 4 113 61 188 0.97789
00005.jpg 1 105 57 199 0.97773
00005.jpg 643 67 76 189 0.97737
00005.jpg 544 87 160 452 0.97692
00005.jpg 2 104 57 201 0.97618
00005.jpg 645 67 80 200 0.97597
00005.jpg 649 66 75 200 0.97574
00005.jpg 543 110 159 415 0.97566
00005.jpg 651 77 71 177 0.97564
00005.jpg 645 71 78 182 0.97514
00005.jpg 647 71 81 186 0.97427
00005.jpg 647 68 79 190 0.97424
00005.jpg 648 70 78 188 0.97336
00005.jpg 2 103 63 198 0.97240
00005.jpg 647 62 79 195 0.97221
00005.jpg 263 169 41 133 0.97160
00005.jpg 259 169 46 130 0.97105
00005.jpg 287 55 204 475 0.97031
00005.jpg 556 91 153 442 0.96892
00005.jpg 640 66 85 195 0.96889
00005.jpg 288 53 198 465 0.96888
00005.jpg 2 109 64 194 0.96853
00005.jpg 0 91 61 221 0.96834
00005.jpg 0 102 64 205 0.96813
00005.jpg 2 102 56 211 0.96805
00005.jpg 549 102 158 412 0.96802
00005.jpg 3 104 62 198 0.96792
00005.jpg 639 65 83 193 0.96788
00005.jpg 650 72 72 193 0.96612
00005.jpg 644 66 80 204 0.96605
00005.jpg 550 92 147 428 0.96604
00005.jpg 641 73 87 191 0.96422
00005.jpg 277 57 213 454 0.96378
00005.jpg 652 67 70 191 0.96367
00005.jpg 645 65 81 197 0.96346
00005.jpg 544 85 163 444 0.96232
00005.jpg 643 67 78 198 0.96191
00005.jpg 290 46 193 484 0.95963
00005.jpg 284 40 206 472 0.95813
00005.jpg 641 67 86 198 0.95699
00005.jpg 647 69 80 193 0.95501
00005.jpg 3 110 59 195 0.95486
00005.jpg 539 98 160 422 0.95467
00005.jpg 647 69 76 189 0.95279
00005.jpg 256 170 45 135 0.95079
00005.jpg 639 69 81 197 0.95068
00005.jpg 549 92 147 438 0.95043
00005.jpg 4 106 63 195 0.95006
00005.jpg 639 68 93 196 0.95004
00005.jpg 548 86 158 441 0.94977
00005.jpg 261 174 38 127 0.94967
00005.jpg 261 169 43 134 0.94953
00005.jpg 259 169 40 132 0.94763
00005.jpg 284 37 204 484 0.94753
00005.jpg 286 42 207 485 0.94531
00005.jpg 3 106 58 197 0.94526
00005.jpg 261 167 42 139 0.94408
00005.jpg 640 72 84 196 0.94266
00005.jpg 262 166 42 143 0.94161
00005.jpg 645 67 81 198 0.94114
00005.jpg 641 62 86 200 0.93918
00005.jpg 552 97 150 424 0.93866
00005.jpg 261 168 39 134 0.93853
00005.jpg 0 98 61 207 0.93650
00005.jpg 546 91 158 434 0.93624
00005.jpg 258 169 48 137 0.93536
00005.jpg 5 103 61 206 0.93143
00005.jpg 297 56 196 472 0.92886
00005.jpg 261 168 42 135 0.92784
00005.jpg 259 169 43 137 0.92622
00005.jpg 642 73 84 189 0.92542
00005.jpg 0 102 63 200 0.92500
00005.jpg 3 107 59 199 0.92348
00005.jpg 644 72 75 188 0.92287
00005.jpg 648 67 73 195 0.92241
00005.jpg 647 70 76 186 0.92217
00005.jpg 259 170 41 130 0.92134
00005.jpg 643 63 81 197 0.92080
00005.jpg 648 76 76 181 0.91790
00005.jpg 643 71 86 191 0.91689
00005.jpg 262 172 39 134 0.91366
00005.jpg 261 171 42 129 0.90989
00005.jpg 4 105 65 204 0.90966
00005.jpg 258 169 42 134 0.90836
00005.jpg 259 169 42 135 0.90657
00005.jpg 556 99 157 414 0.90640
00005.jpg 2 97 63 208 0.89757
00005.jpg 259 170 39 136 0.89240
00005.jpg 2 105 63 193 0.89203
00005.jpg 644 70 82 187 0.89147
00005.jpg 544 90 166 419 0.89141
00005.jpg 646 72 78 187 0.89134
00005.jpg 649 72 76 188 0.88861
00005.jpg 260 168 42 134 0.88723
00005.jpg 0 101 62 200 0.88708
00005.jpg 648 69 79 192 0.88306
00005.jpg 546 88 158 441 0.88196
00005.jpg 258 161 45 147 0.88118
00005.jpg 552 81 153 458 0.88082
00005.jpg 542 82 161 457 0.88073
00005.jpg 259 173 42 130 0.87929
00005.jpg 645 69 83 189 0.87842
00005.jpg 645 68 80 195 0.87836
00005.jpg 0 102 61 205 0.87709
00005.jpg 260 163 44 150 0.87041
00005.jpg 547 86 158 429 0.86383
00005.jpg 0 106 65 194 0.86263
00005.jpg 260 166 39 136 0.85941
00005.jpg 260 174 43 125 0.85577
00005.jpg 552 95 148 424 0.85505
00005.jpg 4 108 64 200 0.85455
00005.jpg 644 69 77 190 0.85244
00005.jpg 260 168 44 135 0.85207
00005.jpg 645 72 80 197 0.85090
00005.jpg 289 50 195 456 0.84515
00005.jpg 641 72 90 191 0.83806
00005.jpg 639 66 81 189 0.82150
00005.jpg 0 103 69 197 0.82123
00005.jpg 295 51 190 460 0.80674
00005.jpg 548 101 147 409 0.80077
00005.jpg 263 176 42 112 0.79931
00005.jpg 262 169 39 134 0.79697
00005.jpg 649 68 79 197 0.79661
00005.jpg 3 106 57 188 0.79331
00005.jpg 639 69 90 195 0.79150
00005.jpg 264 164 41 138 0.78961
00005.jpg 545 84 172 442 0.78666
00005.jpg 9 108 54 183 0.78473
00005.jpg 261 171 36 127 0.78147
00005.jpg 550 93 149 435 0.77863
00005.jpg 4 106 57 198 0.77696
00005.jpg 9 101 56 200 0.77372
00005.jpg 554 96 148 442 0.76266
00005.jpg 639 72 88 194 0.75878
00005.jpg 647 69 80 187 0.75529
00005.jpg 256 167 46 135 0.75273
00005.jpg 258 167 44 139 0.74349
00005.jpg 261 165 41 141 0.74151
00005.jpg 552 101 148 421 0.73204
00005.jpg 263 168 41 136 0.71169
00005.jpg 549 82 163 423 0.70636
00005.jpg 2 94 63 211 0.70467
00005.jpg 549 100 145 410 0.70316
00005.jpg 553 94 153 430 0.69494
00005.jpg 560 87 136 441 0.69465
00005.jpg 648 65 77 197 0.69452
00005.jpg 259 174 42 116 0.69286
00005.jpg 260 168 48 140 0.69238
00005.jpg 0 99 58 208 0.68934
00005.jpg 558 55 145 477 0.68767
00005.jpg 644 71 76 190 0.68493
00005.jpg 259 174 39 131 0.67444
00005.jpg 7 104 59 199 0.67437
00005.jpg 257 163 52 134 0.67034
00005.jpg 5 111 60 180 0.66963
00005.jpg 651 74 72 180 0.66895
00005.jpg 281 45 210 494 0.66202
00005.jpg 545 91 169 448 0.65392
00005.jpg 2 104 66 210 0.65206
00005.jpg 261 168 43 137 0.65011
00005.jpg 540 102 152 424 0.64837
00005.jpg 2 103 66 205 0.64693
00005.jpg 0 111 64 177 0.64618
00005.jpg 536 80 158 450 0.64616
00005.jpg 260 166 48 146 0.63838
00005.jpg 260 166 42 125 0.62388
00005.jpg 256 174 50 129 0.61817
00005.jpg 636 67 97 195 0.61415
00005.jpg 255 165 51 142 0.60911
00005.jpg 294 63 167 471 0.60695
00005.jpg 638 69 93 184 0.59200
00005.jpg 260 173 50 121 0.58909
00005.jpg 264 175 42 120 0.57743
00005.jpg 644 61 76 209 0.57474
00005.jpg 284 28 210 508 0.57108
00005.jpg 2 101 64 205 0.56723
00005.jpg 644 70 81 192 0.56424
00005.jpg 259 182 45 119 0.55830
00005.jpg 2 106 64 203 0.55709
00005.jpg 264 62 244 463 0.55599
00005.jpg 264 165 40 130 0.54989
00005.jpg 256 175 40 132 0.54586
00005.jpg 532 81 190 447 0.54531
00005.jpg 299 44 202 488 0.54154
00005.jpg 458 227 40 40 0.54061
00005.jpg 642 75 82 188 0.53737
00005.jpg 533 97 176 416 0.53640
00005.jpg 7 115 55 175 0.53345
00005.jpg 303 46 195 476 0.52477
00005.jpg 266 169 35 119 0.52471
00005.jpg 255 172 47 134 0.51716
00005.jpg 548 111 147 394 0.50960
