00011.jpg 284 65 205 458 0.99909
00011.jpg 557 89 166 448 0.99868
00011.jpg 562 94 157 440 0.99858
00011.jpg 561 106 160 422 0.99856
00011.jpg 5 103 75 199 0.99834
00011.jpg 285 50 212 458 0.99833
00011.jpg 4 101 77 204 0.99829
00011.jpg 287 53 213 459 0.99780
00011.jpg 295 56 185 463 0.99772
00011.jpg 283 57 218 467 0.99753
00011.jpg 282 60 205 453 0.99748
00011.jpg 275 175 31 137 0.99745
00011.jpg 274 49 213 477 0.99738
00011.jpg 554 83 159 441 0.99716
00011.jpg 300 41 194 478 0.99714
00011.jpg 561 94 154 425 0.99694
00011.jpg 302 57 188 476 0.99685
00011.jpg 306 71 182 448 0.99668
00011.jpg 295 58 201 462 0.99655
00011.jpg 4 99 79 210 0.99650
00011.jpg 554 84 172 446 0.99645
00011.jpg 285 63 191 460 0.99641
00011.jpg 275 168 35 140 0.99602
00011.jpg 295 66 188 446 0.99595
00011.jpg 302 37 183 486 0.99587
00011.jpg 294 51 195 474 0.99551
00011.jpg 566 100 148 410 0.99457
00011.jpg 287 60 205 448 0.99402
00011.jpg 297 58 196 463 0.99394
00011.jpg 553 93 168 411 0.99331
00011.jpg 282 47 206 475 0.99316
00011.jpg 289 56 198 465 0.99263
00011.jpg 276 171 32 136 0.99257
00011.jpg 273 170 37 140 0.99236
00011.jpg 563 97 152 426 0.99231
00011.jpg 295 50 208 470 0.99199
00011.jpg 653 67 65 172 0.99144
00011.jpg 295 48 185 475 0.99123
00011.jpg 8 103 73 204 0.99116
00011.jpg 7 106 75 206 0.99092
00011.jpg 295 56 189 464 0.99040
00011.jpg 650 67 72 173 0.99011
00011.jpg 284 60 218 466 0.98962
00011.jpg 286 58 213 459 0.98943
00011.jpg 558 88 158 447 0.98941
00011.jpg 3 106 76 202 0.98922
00011.jpg 10 103 70 207 0.98916
00011.jpg 275 168 33 141 0.98907
00011.jpg 12 96 69 216 0.98836
00011.jpg 561 97 152 431 0.98825
00011.jpg 652 71 70 169 0.98822
00011.jpg 293 47 198 476 0.98816
00011.jpg 277 176 32 129 0.98809
00011.jpg 550 98 172 427 0.98789
00011.jpg 649 66 70 178 0.98787
00011.jpg 7 107 77 195 0.98775
00011.jpg 290 54 210 453 0.98765
00011.jpg 651 68 70 170 0.98747
00011.jpg 548 86 161 453 0.98727
00011.jpg 276 171 31 131 0.98719
00011.jpg 10 109 76 191 0.98635
00011.jpg 651 73 67 165 0.98609
00011.jpg 275 171 32 134 0.98600
00011.jpg 296 56 189 455 0.98525
00011.jpg 560 79 155 451 0.98475
00011.jpg 4 107 77 201 0.98470
00011.jpg 275 174 34 134 0.98414
00011.jpg 10 103 77 198 0.98378
00011.jpg 655 69 66 173 0.98377
00011.jpg 288 47 204 476 0.98366
00011.jpg 278 57 216 455 0.98348
00011.jpg 7 96 74 212 0.98307
00011.jpg 555 96 152 429 0.98280
00011.jpg 562 99 152 421 0.98236
00011.jpg 13 105 71 198 0.98209
00011.jpg 294 46 185 483 0.98203
00011.jpg 5 101 75 206 0.98142
00011.jpg 655 70 62 173 0.98105
00011.jpg 294 70 203 454 0.98079
00011.jpg 555 98 152 426 0.98018
00011.jpg 555 90 158 440 0.97969
00011.jpg 287 57 199 467 0.97888
00011.jpg 7 109 75 202 0.97803
00011.jpg 274 45 233 484 0.97703
00011.jpg 566 94 149 434 0.97698
00011.jpg 562 104 157 426 0.97665
00011.jpg 294 69 207 457 0.97619
00011.jpg 553 113 161 406 0.97597
00011.jpg 273 174 34 130 0.97593
00011.jpg 654 71 69 165 0.97589
00011.jpg 8 105 75 206 0.97561
00011.jpg 564 101 148 410 0.97529
00011.jpg 4 105 74 200 0.97479
00011.jpg 5 105 75 198 0.97457
00011.jpg 651 73 70 170 0.97448
00011.jpg 553 105 166 418 0.97404
00011.jpg 290 54 194 468 0.97301
00011.jpg 4 105 78 205 0.97295
00011.jpg 7 103 73 207 0.97188
00011.jpg 274 173 34 134 0.97172
00011.jpg 563 105 151 422 0.97052
00011.jpg 9 99 70 212 0.97023
00011.jpg 2 105 77 203 0.96883
00011.jpg 648 61 73 185 0.96825
00011.jpg 651 71 69 167 0.96794
00011.jpg 6 101 76 206 0.96573
00011.jpg 273 171 34 138 0.96536
00011.jpg 553 85 163 454 0.96446
00011.jpg 646 63 77 190 0.96369
00011.jpg 556 97 165 442 0.96343
00011.jpg 649 67 74 179 0.96329
00011.jpg 650 73 71 164 0.96294
00011.jpg 272 171 32 136 0.96240
00011.jpg 275 172 31 135 0.96215
00011.jpg 274 176 33 133 0.96178
00011.jpg 651 69 69 171 0.95772
00011.jpg 280 172 30 136 0.95753
00011.jpg 300 54 177 462 0.95665
00011.jpg 8 104 74 206 0.95526
00011.jpg 651 67 75 174 0.95467
00011.jpg 551 106 170 421 0.95238
00011.jpg 3 107 78 198 0.95171
00011.jpg 5 103 79 205 0.95109
00011.jpg 646 60 72 190 0.95101
00011.jpg 275 170 35 134 0.95090
00011.jpg 3 102 80 206 0.95082
00011.jpg 559 98 154 436 0.95040
00011.jpg 655 72 68 166 0.94894
00011.jpg 654 62 60 191 0.94812
00011.jpg 299 62 180 463 0.94691
00011.jpg 553 94 152 425 0.94629
00011.jpg 298 56 196 455 0.94482
00011.jpg 650 69 72 170 0.94450
00011.jpg 650 71 69 169 0.94277
00011.jpg 558 100 152 426 0.94276
00011.jpg 558 100 160 422 0.94213
00011.jpg 6 101 79 209 0.94179
00011.jpg 649 70 73 173 0.94092
00011.jpg 274 167 32 142 0.94089
00011.jpg 276 168 33 136 0.93948
00011.jpg 5 105 78 201 0.93748
00011.jpg 302 59 192 448 0.93467
00011.jpg 651 70 68 171 0.93420
00011.jpg 552 97 159 442 0.93342
00011.jpg 654 65 64 173 0.93317
00011.jpg 558 105 159 414 0.93024
00011.jpg 646 65 74 182 0.92825
00011.jpg 10 104 75 206 0.92673
00011.jpg 274 168 34 139 0.92653
00011.jpg 565 99 151 440 0.92550
00011.jpg 274 172 32 133 0.92472
00011.jpg 651 67 68 182 0.92450
00011.jpg 651 63 72 186 0.92410
00011.jpg 654 69 64 173 0.92348
00011.jpg 557 105 153 417 0.92336
00011.jpg 6 106 80 192 0.92300
00011.jpg 650 71 75 163 0.92257
00011.jpg 649 62 70 182 0.92191
00011.jpg 653 64 67 178 0.92088
00011.jpg 13 108 66 197 0.92067
00011.jpg 274 171 34 139 0.92053
00011.jpg 286 45 192 488 0.91850
00011.jpg 653 66 67 175 0.91703
00011.jpg 651 71 73 167 0.91601
00011.jpg 553 96 161 429 0.91484
00011.jpg 277 173 33 134 0.91248
00011.jpg 275 169 33 135 0.91074
00011.jpg 274 174 36 134 0.90810
00011.jpg 7 106 74 202 0.90657
00011.jpg 649 68 76 172 0.90460
00011.jpg 2 99 78 214 0.90417
00011.jpg 287 53 210 479 0.90105
00011.jpg 6 110 76 202 0.90004
00011.jpg 274 176 30 130 0.89824
00011.jpg 282 57 199 455 0.89819
00011.jpg 5 112 73 196 0.89500
00011.jpg 278 173 32 129 0.89167
00011.jpg 653 71 65 165 0.88624
00011.jpg 8 105 74 203 0.88601
00011.jpg 559 107 154 419 0.88443
00011.jpg 9 113 71 189 0.88183
00011.jpg 7 103 75 210 0.88087
00011.jpg 650 69 69 172 0.87997
00011.jpg 653 70 70 171 0.87773
00011.jpg 271 176 32 128 0.87760
00011.jpg 656 71 69 166 0.87460
00011.jpg 551 88 160 444 0.87095
00011.jpg 6 100 74 210 0.85952
00011.jpg 276 171 32 136 0.85262
00011.jpg 273 171 40 132 0.85181
00011.jpg 274 162 36 143 0.84937
00011.jpg 652 56 71 195 0.84616
00011.jpg 272 173 38 135 0.84371
00011.jpg 6 105 69 197 0.84253
00011.jpg 653 72 67 163 0.84051
00011.jpg 653 71 68 168 0.83945
00011.jpg 2 110 80 189 0.83894
00011.jpg 277 169 33 137 0.83397
00011.jpg 2 106 79 204 0.83068
00011.jpg 4 99 79 211 0.82530
00011.jpg 277 172 32 132 0.82048
00011.jpg 7 98 73 214 0.82044
00011.jpg 650 61 71 181 0.81755
00011.jpg 1 104 78 209 0.81197
00011.jpg 279 170 32 129 0.81186
00011.jpg 11 105 71 202 0.80987
00011.jpg 273 167 33 136 0.80419
00011.jpg 277 171 32 134 0.80140
00011.jpg 555 100 154 439 0.80092
00011.jpg 653 67 72 171 0.79769
00011.jpg 549 92 169 436 0.79587
00011.jpg 650 71 71 166 0.79298
00011.jpg 651 74 67 156 0.79090
00011.jpg 646 68 80 180 0.78029
00011.jpg 273 171 38 140 0.77963
00011.jpg 283 57 197 454 0.77765
00011.jpg 652 66 68 180 0.77412
00011.jpg 276 169 34 138 0.75595
00011.jpg 652 71 69 168 0.75365
00011.jpg 562 86 151 434 0.74945
00011.jpg 646 66 75 187 0.74895
00011.jpg 281 51 206 460 0.74802
00011.jpg 555 93 166 437 0.72069
00011.jpg 569 91 154 413 0.72017
00011.jpg 2 103 75 206 0.71984
00011.jpg 2 99 88 202 0.71746
00011.jpg 652 70 72 168 0.70660
00011.jpg 6 109 75 201 0.70110
00011.jpg 271 175 33 127 0.69401
00011.jpg 564 99 138 433 0.69333
00011.jpg 279 62 212 439 0.69100
00011.jpg 7 106 72 201 0.68185
00011.jpg 554 100 167 435 0.68170
00011.jpg 269 173 45 134 0.68159
00011.jpg 571 95 145 444 0.68020
00011.jpg 278 174 32 134 0.67670
00011.jpg 1 144 16 144 0.67608
00011.jpg 272 174 41 128 0.66242
00011.jpg 7 100 83 203 0.65894
00011.jpg 6 99 82 200 0.65812
00011.jpg 649 56 70 190 0.65808
00011.jpg 647 69 71 180 0.65130
00011.jpg 6 112 79 203 0.64736
00011.jpg 656 76 63 170 0.64124
00011.jpg 268 159 40 150 0.63971
00011.jpg 649 61 74 199 0.63892
00011.jpg 0 158 23 134 0.63349
00011.jpg 11 108 63 198 0.63127
00011.jpg 289 60 187 464 0.61792
00011.jpg 10 104 61 204 0.61732
00011.jpg 647 74 72 185 0.60040
00011.jpg 1 142 19 141 0.59909
00011.jpg 7 105 77 207 0.59557
00011.jpg 647 65 73 171 0.59439
00011.jpg 271 167 37 137 0.59234
00011.jpg 266 67 225 458 0.58438
00011.jpg 271 169 45 140 0.58238
00011.jpg 273 177 21 130 0.58207
00011.jpg 278 170 31 135 0.57134
00011.jpg 2 128 14 155 0.56941
00011.jpg 276 64 217 460 0.56353
00011.jpg 651 70 70 169 0.56245
00011.jpg 644 71 81 193 0.55612
00011.jpg 292 52 182 482 0.55106
00011.jpg 7 108 72 194 0.54388
00011.jpg 277 168 34 141 0.53849
00011.jpg 651 63 70 200 0.52268
00011.jpg 12 104 70 211 0.52020
00011.jpg 554 87 171 452 0.51995
00011.jpg 568 71 154 465 0.51482
00011.jpg 271 167 45 150 0.51420
00011.jpg 567 107 141 422 0.51169
00011.jpg 296 51 194 463 0.50965
