00016.jpg 287 56 193 477 0.99983
00016.jpg 282 56 203 462 0.99975
00016.jpg 285 58 203 472 0.99970
00016.jpg 286 53 208 467 0.99966
00016.jpg 300 50 193 480 0.99932
00016.jpg 295 58 196 461 0.99930
00016.jpg 303 61 189 458 0.99893
00016.jpg 307 65 179 466 0.99870
00016.jpg 295 49 193 479 0.99855
00016.jpg 304 55 182 472 0.99841
00016.jpg 309 47 174 489 0.99841
00016.jpg 295 40 193 480 0.99837
00016.jpg 301 43 195 486 0.99831
00016.jpg 292 60 197 466 0.99826
00016.jpg 22 110 81 201 0.99821
00016.jpg 575 106 165 417 0.99819
00016.jpg 293 61 201 454 0.99781
00016.jpg 585 101 155 420 0.99753
00016.jpg 20 111 82 201 0.99733
00016.jpg 291 58 201 461 0.99698
00016.jpg 294 60 195 463 0.99681
00016.jpg 297 58 183 466 0.99679
00016.jpg 580 100 157 430 0.99675
00016.jpg 585 110 152 407 0.99641
00016.jpg 290 61 205 468 0.99640
00016.jpg 292 44 190 472 0.99557
00016.jpg 301 43 178 494 0.99534
00016.jpg 20 113 85 199 0.99519
00016.jpg 301 49 179 476 0.99484
00016.jpg 584 98 141 429 0.99481
00016.jpg 593 108 136 415 0.99470
00016.jpg 25 112 77 203 0.99454
00016.jpg 578 95 165 423 0.99438
00016.jpg 582 105 151 405 0.99424
00016.jpg 577 85 157 446 0.99398
00016.jpg 25 106 79 209 0.99397
00016.jpg 580 94 158 427 0.99378
00016.jpg 295 46 187 472 0.99374
00016.jpg 580 99 159 433 0.99345
00016.jpg 566 96 179 426 0.99305
00016.jpg 299 48 180 481 0.99304
00016.jpg 297 54 195 467 0.99301
00016.jpg 21 112 78 206 0.99254
00016.jpg 580 97 149 420 0.99194
00016.jpg 291 58 205 474 0.99175
00016.jpg 286 59 202 462 0.99172
00016.jpg 20 108 86 204 0.99142
00016.jpg 581 105 150 415 0.99142
00016.jpg 305 49 168 484 0.99082
00016.jpg 580 95 157 435 0.99030
00016.jpg 292 59 194 453 0.99025
00016.jpg 580 108 144 415 0.98968
00016.jpg 15 112 91 205 0.98795
00016.jpg 575 114 156 400 0.98699
00016.jpg 574 108 162 415 0.98583
00016.jpg 582 95 164 438 0.98527
00016.jpg 20 103 83 210 0.98518
00016.jpg 17 113 91 199 0.98490
00016.jpg 658 66 66 149 0.98434
00016.jpg 579 110 168 409 0.98416
00016.jpg 19 110 83 205 0.98360
00016.jpg 27 111 74 204 0.98270
00016.jpg 661 69 58 139 0.98205
00016.jpg 21 111 84 203 0.98196
00016.jpg 301 64 184 466 0.98133
00016.jpg 23 112 83 204 0.98119
00016.jpg 16 104 91 222 0.97942
00016.jpg 579 105 158 420 0.97933
00016.jpg 298 57 187 459 0.97838
00016.jpg 588 109 145 421 0.97721
00016.jpg 304 41 186 498 0.97657
00016.jpg 20 108 82 200 0.97594
00016.jpg 582 104 150 428 0.97583
00016.jpg 661 67 60 139 0.97564
00016.jpg 18 108 85 203 0.97407
00016.jpg 18 110 84 201 0.97367
00016.jpg 290 68 197 461 0.97360
00016.jpg 15 111 92 199 0.97336
00016.jpg 659 65 64 144 0.97334
00016.jpg 582 106 157 414 0.97237
00016.jpg 25 113 77 198 0.97210
00016.jpg 576 102 156 428 0.97012
00016.jpg 661 71 63 138 0.96925
00016.jpg 23 105 78 210 0.96851
00016.jpg 18 109 83 201 0.96745
00016.jpg 588 78 148 454 0.96649
00016.jpg 573 98 158 428 0.96509
00016.jpg 659 65 64 145 0.96448
00016.jpg 24 93 81 227 0.96336
00016.jpg 587 101 156 431 0.96324
00016.jpg 661 66 65 140 0.96283
00016.jpg 27 111 73 206 0.96257
00016.jpg 662 71 61 132 0.96161
00016.jpg 582 105 152 418 0.96135
00016.jpg 304 46 186 488 0.96133
00016.jpg 660 74 65 130 0.96123
00016.jpg 658 66 65 138 0.96053
00016.jpg 23 107 83 211 0.95949
00016.jpg 574 115 163 407 0.95843
00016.jpg 24 106 79 204 0.95842
00016.jpg 570 113 180 399 0.95777
00016.jpg 584 114 145 402 0.95716
00016.jpg 22 112 83 200 0.95496
00016.jpg 294 63 201 461 0.95367
00016.jpg 580 105 156 424 0.95340
00016.jpg 24 108 78 206 0.95320
00016.jpg 24 100 77 215 0.95260
00016.jpg 666 69 55 141 0.95256
00016.jpg 22 111 81 201 0.94761
00016.jpg 663 64 65 141 0.94720
00016.jpg 662 68 62 138 0.94530
00016.jpg 26 106 75 206 0.94482
00016.jpg 658 67 65 140 0.94472
00016.jpg 658 67 64 142 0.94332
00016.jpg 659 65 63 136 0.93901
00016.jpg 20 108 84 204 0.93887
00016.jpg 658 69 68 143 0.93879
00016.jpg 15 110 86 206 0.93813
00016.jpg 19 110 83 205 0.93807
00016.jpg 21 102 83 218 0.93761
00016.jpg 24 113 78 195 0.93703
00016.jpg 657 71 65 140 0.93425
00016.jpg 659 67 65 143 0.93167
00016.jpg 664 67 57 142 0.92888
00016.jpg 16 106 87 203 0.92549
00016.jpg 583 102 161 431 0.92159
00016.jpg 580 101 147 429 0.91993
00016.jpg 656 70 63 139 0.91944
00016.jpg 664 68 57 141 0.91877
00016.jpg 661 70 64 140 0.91853
00016.jpg 18 112 83 198 0.91512
00016.jpg 21 103 78 215 0.91443
00016.jpg 663 70 55 145 0.91433
00016.jpg 656 64 71 148 0.91208
00016.jpg 19 107 84 203 0.91187
00016.jpg 22 112 79 204 0.91166
00016.jpg 20 112 82 197 0.91063
00016.jpg 577 116 155 400 0.90961
00016.jpg 585 103 155 414 0.90866
00016.jpg 28 105 70 209 0.90825
00016.jpg 656 66 65 139 0.90819
00016.jpg 582 100 149 423 0.90760
00016.jpg 23 111 80 206 0.90721
00016.jpg 655 62 68 152 0.90712
00016.jpg 24 104 76 206 0.90524
00016.jpg 659 67 65 139 0.90497
00016.jpg 22 109 84 205 0.90486
00016.jpg 292 56 206 473 0.90433
00016.jpg 573 102 169 414 0.90370
00016.jpg 17 100 86 220 0.90050
00016.jpg 661 67 61 138 0.90048
00016.jpg 582 100 158 431 0.90006
00016.jpg 662 69 62 139 0.89417
00016.jpg 662 65 58 141 0.89086
00016.jpg 662 67 61 149 0.88592
00016.jpg 661 71 62 141 0.88364
00016.jpg 0 103 37 204 0.88284
00016.jpg 665 69 56 140 0.88252
00016.jpg 0 114 30 200 0.88072
00016.jpg 25 108 77 204 0.86986
00016.jpg 662 66 60 156 0.86860
00016.jpg 660 70 61 133 0.85551
00016.jpg 591 87 142 448 0.85115
00016.jpg 663 65 58 143 0.84830
00016.jpg 660 71 65 133 0.84825
00016.jpg 22 110 84 204 0.83836
00016.jpg 21 106 80 200 0.83587
00016.jpg 27 106 76 214 0.83228
00016.jpg 662 64 59 152 0.83191
00016.jpg 26 108 79 193 0.83069
00016.jpg 578 93 163 442 0.83019
00016.jpg 290 46 193 488 0.81994
00016.jpg 658 65 66 154 0.81504
00016.jpg 20 109 84 201 0.81247
00016.jpg 591 97 156 428 0.81088
00016.jpg 0 111 34 200 0.80909
00016.jpg 658 72 62 129 0.80471
00016.jpg 294 55 200 474 0.80432
00016.jpg 662 69 60 137 0.80243
00016.jpg 22 107 87 201 0.79806
00016.jpg 0 131 32 180 0.79738
00016.jpg 18 113 80 192 0.79324
00016.jpg 292 168 25 78 0.79315
00016.jpg 0 118 34 190 0.79265
00016.jpg 28 106 74 207 0.79260
00016.jpg 659 64 65 154 0.79229
00016.jpg 288 44 199 485 0.79040
00016.jpg 659 67 61 139 0.78963
00016.jpg 661 64 64 144 0.78710
00016.jpg 20 115 88 200 0.78373
00016.jpg 571 100 169 429 0.78174
00016.jpg 655 69 68 159 0.78116
00016.jpg 294 166 23 83 0.77384
00016.jpg 662 63 63 156 0.77199
00016.jpg 660 75 65 133 0.77035
00016.jpg 17 106 87 202 0.76684
00016.jpg 291 167 27 79 0.76675
00016.jpg 578 98 161 427 0.76514
00016.jpg 291 66 193 440 0.76413
00016.jpg 662 65 66 140 0.75344
00016.jpg 582 80 164 447 0.75042
00016.jpg 656 57 63 169 0.75006
00016.jpg 290 63 203 448 0.74479
00016.jpg 0 104 34 195 0.74469
00016.jpg 667 72 59 139 0.74299
00016.jpg 589 109 134 406 0.72824
00016.jpg 575 107 155 411 0.72421
00016.jpg 575 103 157 421 0.72289
00016.jpg 19 105 85 208 0.71968
00016.jpg 0 109 35 196 0.71932
00016.jpg 290 168 30 85 0.71576
00016.jpg 26 108 75 202 0.71483
00016.jpg 0 112 29 193 0.71410
00016.jpg 656 62 64 154 0.71402
00016.jpg 293 61 197 451 0.71267
00016.jpg 594 110 149 423 0.71086
00016.jpg 296 167 22 79 0.70993
00016.jpg 290 169 24 79 0.70421
00016.jpg 28 109 72 205 0.70139
00016.jpg 13 116 89 194 0.69880
00016.jpg 0 110 40 206 0.69545
00016.jpg 24 108 78 207 0.69537
00016.jpg 588 117 152 404 0.69231
00016.jpg 568 112 177 421 0.69123
00016.jpg 302 63 181 450 0.68857
00016.jpg 585 97 162 412 0.68683
00016.jpg 0 115 35 191 0.68478
00016.jpg 11 109 94 211 0.67665
00016.jpg 12 105 97 214 0.67326
00016.jpg 0 108 40 192 0.66581
00016.jpg 12 101 94 212 0.65678
00016.jpg 26 108 75 203 0.65360
00016.jpg 34 110 68 205 0.65189
00016.jpg 583 93 155 445 0.64953
00016.jpg 663 66 67 141 0.64670
00016.jpg 662 62 64 145 0.64520
00016.jpg 578 108 163 431 0.64399
00016.jpg 294 164 27 82 0.64278
00016.jpg 0 180 34 130 0.63036
00016.jpg 20 112 91 206 0.62995
00016.jpg 665 66 57 138 0.62695
00016.jpg 15 111 92 202 0.62570
00016.jpg 663 69 61 144 0.62109
00016.jpg 654 67 70 135 0.61691
00016.jpg 0 134 41 173 0.61385
00016.jpg 6 126 32 179 0.61160
00016.jpg 8 125 69 184 0.61022
00016.jpg 288 169 27 84 0.60992
00016.jpg 653 70 67 131 0.60964
00016.jpg 583 113 150 415 0.60492
00016.jpg 301 15 174 513 0.60318
00016.jpg 659 68 58 136 0.60265
00016.jpg 293 169 29 75 0.59970
00016.jpg 27 108 77 208 0.59613
00016.jpg 0 149 35 154 0.59412
00016.jpg 16 108 90 213 0.59256
00016.jpg 0 141 22 175 0.58766
00016.jpg 591 83 140 425 0.58623
00016.jpg 661 58 59 180 0.58339
00016.jpg 6 138 37 172 0.57717
00016.jpg 300 53 196 477 0.57498
00016.jpg 577 102 173 426 0.57101
00016.jpg 296 167 26 82 0.56745
00016.jpg 655 64 70 135 0.56632
00016.jpg 11 103 97 209 0.55702
00016.jpg 293 57 187 438 0.54194
00016.jpg 3 99 32 180 0.53230
00016.jpg 24 111 77 196 0.52966
00016.jpg 0 132 40 174 0.52578
00016.jpg 15 133 32 172 0.52260
00016.jpg 2 155 33 161 0.51947
00016.jpg 289 166 23 80 0.51657
00016.jpg 9 130 29 170 0.51150
00016.jpg 0 109 43 195 0.50899
00016.jpg 304 70 185 454 0.50702
00016.jpg 653 67 67 138 0.50357
00016.jpg 658 72 61 124 0.50263
