00035.jpg 383 61 227 455 0.99958
00035.jpg 379 52 228 467 0.99936
00035.jpg 379 59 228 471 0.99902
00035.jpg 382 46 221 487 0.99882
00035.jpg 381 42 218 488 0.99877
00035.jpg 384 59 218 461 0.99875
00035.jpg 751 79 171 434 0.99865
00035.jpg 381 60 221 454 0.99849
00035.jpg 378 46 219 474 0.99848
00035.jpg 372 53 247 469 0.99844
00035.jpg 370 59 231 461 0.99838
00035.jpg 366 46 245 478 0.99834
00035.jpg 743 71 181 450 0.99821
00035.jpg 387 50 222 476 0.99820
00035.jpg 378 44 231 478 0.99780
00035.jpg 377 52 228 459 0.99775
00035.jpg 745 61 181 465 0.99771
00035.jpg 739 67 190 447 0.99765
00035.jpg 741 72 180 448 0.99725
00035.jpg 383 49 220 471 0.99717
00035.jpg 751 81 159 436 0.99688
00035.jpg 749 69 164 450 0.99646
00035.jpg 731 78 206 430 0.99616
00035.jpg 370 52 236 457 0.99575
00035.jpg 752 71 171 435 0.99541
00035.jpg 750 60 183 467 0.99476
00035.jpg 370 43 231 479 0.99460
00035.jpg 734 73 186 447 0.99430
00035.jpg 218 122 67 180 0.99385
00035.jpg 758 68 159 456 0.99376
00035.jpg 742 78 171 447 0.99283
00035.jpg 376 56 236 467 0.99268
00035.jpg 217 126 66 177 0.99226
00035.jpg 745 62 168 455 0.99195
00035.jpg 743 62 179 459 0.99164
00035.jpg 740 59 189 467 0.99135
00035.jpg 217 127 68 176 0.99116
00035.jpg 147 111 75 240 0.99100
00035.jpg 384 54 227 476 0.99097
00035.jpg 743 69 193 451 0.99063
00035.jpg 747 68 179 455 0.99003
00035.jpg 154 111 74 227 0.98984
00035.jpg 370 69 233 442 0.98963
00035.jpg 744 74 184 445 0.98959
00035.jpg 213 132 77 171 0.98950
00035.jpg 371 56 235 462 0.98837
00035.jpg 149 113 81 219 0.98756
00035.jpg 372 56 228 470 0.98742
00035.jpg 380 64 206 447 0.98680
00035.jpg 371 49 231 482 0.98654
00035.jpg 222 129 64 178 0.98539
00035.jpg 90 114 84 255 0.98442
00035.jpg 748 70 177 443 0.98318
00035.jpg 741 64 178 442 0.98229
00035.jpg 85 107 94 257 0.98188
00035.jpg 32 116 129 335 0.98165
00035.jpg 146 110 79 244 0.98019
00035.jpg 214 127 70 170 0.97961
00035.jpg 87 103 94 261 0.97932
00035.jpg 737 64 189 453 0.97908
00035.jpg 750 62 176 465 0.97674
00035.jpg 214 127 67 177 0.97597
00035.jpg 44 105 120 349 0.97578
00035.jpg 145 103 80 251 0.97533
00035.jpg 744 93 168 408 0.97529
00035.jpg 151 114 69 228 0.97487
00035.jpg 30 122 123 335 0.97438
00035.jpg 221 132 70 169 0.97427
00035.jpg 146 106 85 239 0.97383
00035.jpg 152 111 73 225 0.97335
00035.jpg 380 40 225 490 0.97332
00035.jpg 33 125 106 338 0.97329
00035.jpg 29 121 126 327 0.97262
00035.jpg 737 63 195 449 0.97215
00035.jpg 218 130 64 175 0.96963
00035.jpg 215 134 74 175 0.96899
00035.jpg 215 130 71 173 0.96759
00035.jpg 219 134 60 171 0.96735
00035.jpg 23 121 130 340 0.96648
00035.jpg 145 104 92 239 0.96593
00035.jpg 216 131 70 175 0.96542
00035.jpg 85 101 93 259 0.96455
00035.jpg 219 126 70 181 0.96361
00035.jpg 217 129 68 176 0.96299
00035.jpg 33 120 121 337 0.96261
00035.jpg 150 110 76 226 0.96006
00035.jpg 745 74 181 428 0.95896
00035.jpg 739 66 192 450 0.95864
00035.jpg 744 79 178 450 0.95710
00035.jpg 218 132 68 172 0.95509
00035.jpg 26 139 121 321 0.95410
00035.jpg 27 128 129 329 0.95363
00035.jpg 146 116 81 232 0.95362
00035.jpg 24 127 120 323 0.95206
00035.jpg 84 102 89 268 0.95100
00035.jpg 151 110 80 230 0.95084
00035.jpg 144 111 86 235 0.94983
00035.jpg 215 125 70 181 0.94911
00035.jpg 149 108 76 223 0.94877
00035.jpg 375 55 227 456 0.94853
00035.jpg 75 105 88 301 0.94845
00035.jpg 222 128 64 175 0.94750
00035.jpg 219 127 63 180 0.94700
00035.jpg 740 70 169 448 0.94681
00035.jpg 152 102 78 248 0.94409
00035.jpg 219 132 60 175 0.94404
00035.jpg 217 128 67 183 0.94398
00035.jpg 214 125 71 179 0.94255
00035.jpg 154 104 73 247 0.94255
00035.jpg 219 138 69 158 0.94236
00035.jpg 82 105 96 257 0.94079
00035.jpg 150 110 75 238 0.93994
00035.jpg 148 109 75 235 0.93840
00035.jpg 16 127 130 325 0.93763
00035.jpg 384 50 228 477 0.93538
00035.jpg 84 112 93 247 0.93530
00035.jpg 152 108 69 232 0.93521
00035.jpg 216 128 74 176 0.93456
00035.jpg 150 109 80 238 0.93064
00035.jpg 142 112 88 220 0.92861
00035.jpg 32 139 109 321 0.92854
00035.jpg 83 100 94 280 0.92800
00035.jpg 90 114 83 246 0.92781
00035.jpg 218 130 69 176 0.92487
00035.jpg 221 127 67 179 0.92474
00035.jpg 216 129 70 173 0.92427
00035.jpg 222 125 69 181 0.92401
00035.jpg 219 130 64 172 0.92399
00035.jpg 218 120 66 184 0.92129
00035.jpg 737 72 192 443 0.92002
00035.jpg 215 128 72 175 0.91872
00035.jpg 69 103 116 271 0.91821
00035.jpg 746 69 183 453 0.91688
00035.jpg 90 99 90 273 0.91613
00035.jpg 741 58 177 468 0.91505
00035.jpg 94 120 80 242 0.91475
00035.jpg 147 110 86 226 0.91293
00035.jpg 19 124 125 338 0.91185
00035.jpg 17 123 133 340 0.91062
00035.jpg 218 128 67 175 0.91043
00035.jpg 220 130 68 170 0.90734
00035.jpg 62 107 101 315 0.90697
00035.jpg 767 57 81 168 0.90651
00035.jpg 92 104 81 266 0.90280
00035.jpg 377 48 226 477 0.90266
00035.jpg 217 127 73 172 0.90186
00035.jpg 387 52 217 460 0.90111
00035.jpg 216 134 73 171 0.90081
00035.jpg 370 59 241 463 0.89776
00035.jpg 146 106 86 237 0.89723
00035.jpg 152 104 77 232 0.89723
00035.jpg 742 44 190 483 0.89519
00035.jpg 218 130 66 174 0.89457
00035.jpg 35 113 107 347 0.89444
00035.jpg 219 129 62 174 0.89260
00035.jpg 92 102 84 269 0.89239
00035.jpg 116 101 87 261 0.89151
00035.jpg 375 57 231 456 0.89084
00035.jpg 90 95 88 263 0.89073
00035.jpg 84 111 89 242 0.88987
00035.jpg 373 51 227 481 0.88954
00035.jpg 89 103 90 269 0.88897
00035.jpg 65 113 111 303 0.88833
00035.jpg 32 123 115 341 0.88605
00035.jpg 25 129 130 311 0.88401
00035.jpg 146 96 77 264 0.88286
00035.jpg 24 118 110 338 0.88156
00035.jpg 145 109 80 248 0.87958
00035.jpg 132 106 78 242 0.87734
00035.jpg 64 104 93 327 0.87722
00035.jpg 20 129 127 314 0.87672
00035.jpg 766 67 76 148 0.87602
00035.jpg 82 105 92 267 0.87229
00035.jpg 226 130 56 175 0.87136
00035.jpg 95 103 81 266 0.86985
00035.jpg 148 109 78 232 0.86826
00035.jpg 84 107 88 245 0.86320
00035.jpg 765 58 78 159 0.86304
00035.jpg 112 104 92 266 0.86227
00035.jpg 388 59 217 443 0.86050
00035.jpg 88 93 87 293 0.85854
00035.jpg 741 64 168 449 0.85422
00035.jpg 147 108 80 233 0.85404
00035.jpg 34 121 122 325 0.85024
00035.jpg 154 101 68 251 0.84996
00035.jpg 214 126 82 182 0.84951
00035.jpg 32 114 115 340 0.84625
00035.jpg 368 54 238 456 0.84523
00035.jpg 83 98 94 294 0.84251
00035.jpg 82 94 94 290 0.83881
00035.jpg 82 111 94 253 0.83874
00035.jpg 214 126 71 174 0.83627
00035.jpg 22 130 124 327 0.83590
00035.jpg 148 100 86 242 0.83487
00035.jpg 18 139 121 309 0.83484
00035.jpg 146 108 82 222 0.83450
00035.jpg 142 115 92 225 0.83056
00035.jpg 101 105 96 262 0.82913
00035.jpg 29 123 108 334 0.82551
00035.jpg 23 128 128 317 0.82341
00035.jpg 147 112 79 218 0.81754
00035.jpg 94 114 86 252 0.81592
00035.jpg 156 111 74 222 0.81590
00035.jpg 778 57 62 47 0.81318
00035.jpg 214 131 74 176 0.81176
00035.jpg 734 75 187 458 0.81128
00035.jpg 149 108 79 231 0.80819
00035.jpg 82 100 97 271 0.80486
00035.jpg 25 138 123 319 0.80334
00035.jpg 87 104 89 276 0.80238
00035.jpg 768 64 74 166 0.80221
00035.jpg 210 127 83 183 0.78873
00035.jpg 81 114 110 254 0.78486
00035.jpg 148 111 80 224 0.78456
00035.jpg 384 47 223 473 0.78047
00035.jpg 212 125 78 184 0.78043
00035.jpg 762 59 172 456 0.77900
00035.jpg 85 95 99 293 0.77833
00035.jpg 745 76 173 439 0.77525
00035.jpg 152 112 78 215 0.77510
00035.jpg 211 128 67 173 0.77039
00035.jpg 150 112 74 218 0.76900
00035.jpg 138 92 78 267 0.76845
00035.jpg 733 83 204 389 0.76810
00035.jpg 99 108 97 253 0.76566
00035.jpg 219 130 65 171 0.76516
00035.jpg 153 110 81 230 0.75876
00035.jpg 14 129 132 327 0.75831
00035.jpg 388 56 215 465 0.75470
00035.jpg 95 100 88 271 0.75051
00035.jpg 385 53 223 463 0.74673
00035.jpg 155 104 70 248 0.74631
00035.jpg 20 116 120 349 0.74622
00035.jpg 83 112 90 219 0.74491
00035.jpg 91 95 90 284 0.74312
00035.jpg 68 79 114 335 0.74170
00035.jpg 736 81 159 433 0.74052
00035.jpg 21 134 116 324 0.74008
00035.jpg 44 111 128 323 0.73867
00035.jpg 27 127 125 329 0.73650
00035.jpg 142 109 91 235 0.73382
00035.jpg 750 68 173 447 0.73331
00035.jpg 53 129 100 313 0.73314
00035.jpg 85 95 81 263 0.73254
00035.jpg 206 127 72 177 0.72513
00035.jpg 731 66 194 447 0.72405
00035.jpg 27 133 103 323 0.72394
00035.jpg 750 76 182 430 0.72378
00035.jpg 13 124 132 334 0.72202
00035.jpg 754 71 159 444 0.72194
00035.jpg 779 55 59 62 0.72122
00035.jpg 32 113 138 327 0.72115
00035.jpg 220 125 74 182 0.71647
00035.jpg 21 117 140 335 0.71362
00035.jpg 33 143 107 316 0.71166
00035.jpg 765 59 77 141 0.71086
00035.jpg 776 61 63 53 0.70966
00035.jpg 17 118 151 329 0.70922
00035.jpg 24 135 114 331 0.69920
00035.jpg 142 108 80 243 0.69900
00035.jpg 769 59 68 142 0.69610
00035.jpg 392 54 211 444 0.69298
00035.jpg 29 143 102 318 0.69168
00035.jpg 225 127 60 176 0.68894
00035.jpg 15 113 125 349 0.68817
00035.jpg 784 59 52 53 0.68644
00035.jpg 20 122 137 335 0.68398
00035.jpg 78 104 124 270 0.68344
00035.jpg 150 109 77 232 0.68339
00035.jpg 783 62 58 40 0.68266
00035.jpg 773 55 68 147 0.68151
00035.jpg 151 112 80 233 0.68065
00035.jpg 211 123 79 183 0.67986
00035.jpg 730 69 204 448 0.67923
00035.jpg 761 74 162 457 0.67632
00035.jpg 214 129 66 166 0.67273
00035.jpg 81 106 115 261 0.66215
00035.jpg 136 112 75 226 0.65704
00035.jpg 36 115 126 340 0.65601
00035.jpg 772 53 67 120 0.65059
00035.jpg 769 61 77 160 0.65054
00035.jpg 148 108 77 231 0.64594
00035.jpg 94 98 89 291 0.64057
00035.jpg 772 56 75 167 0.63931
00035.jpg 127 107 96 247 0.63850
00035.jpg 776 59 54 56 0.63837
00035.jpg 93 111 87 245 0.63632
00035.jpg 222 130 67 178 0.63532
00035.jpg 153 107 78 235 0.63472
00035.jpg 19 109 141 337 0.63472
00035.jpg 209 127 76 178 0.63442
00035.jpg 52 97 116 342 0.63441
00035.jpg 97 96 82 293 0.63425
00035.jpg 764 57 73 168 0.63240
00035.jpg 760 58 87 169 0.63218
00035.jpg 369 35 243 480 0.63193
00035.jpg 762 58 73 174 0.62690
00035.jpg 130 109 111 245 0.62605
00035.jpg 752 85 185 421 0.62300
00035.jpg 774 58 58 154 0.62292
00035.jpg 774 62 66 133 0.62212
00035.jpg 762 47 88 197 0.62017
00035.jpg 76 117 115 259 0.61585
00035.jpg 780 61 58 95 0.61583
00035.jpg 14 115 143 317 0.61463
00035.jpg 780 60 59 36 0.61147
00035.jpg 78 107 76 275 0.60783
00035.jpg 220 125 75 178 0.59783
00035.jpg 89 99 88 286 0.59418
00035.jpg 83 109 99 243 0.59100
00035.jpg 57 102 120 306 0.59003
00035.jpg 746 87 171 408 0.58508
00035.jpg 229 128 59 169 0.58466
00035.jpg 770 60 81 127 0.58392
00035.jpg 122 96 86 276 0.58260
00035.jpg 95 111 81 264 0.58226
00035.jpg 105 96 86 288 0.57744
00035.jpg 149 109 88 225 0.57099
00035.jpg 784 62 49 57 0.57090
00035.jpg 767 68 68 144 0.56554
00035.jpg 33 158 94 292 0.56090
00035.jpg 151 109 74 223 0.55282
00035.jpg 783 57 50 47 0.55268
00035.jpg 86 121 116 247 0.55060
00035.jpg 732 57 197 475 0.55052
00035.jpg 783 60 59 40 0.54792
00035.jpg 777 65 65 66 0.54527
00035.jpg 144 105 84 229 0.54505
00035.jpg 30 138 118 315 0.53554
00035.jpg 217 133 58 163 0.53525
00035.jpg 769 49 73 154 0.52732
00035.jpg 151 105 86 242 0.52654
00035.jpg 18 137 111 328 0.52577
00035.jpg 212 130 61 170 0.52480
00035.jpg 149 121 67 214 0.52390
00035.jpg 86 102 35 44 0.52372
00035.jpg 774 56 65 137 0.52252
00035.jpg 788 56 48 46 0.51980
00035.jpg 791 60 47 38 0.51963
00035.jpg 20 115 34 106 0.51406
00035.jpg 763 65 79 181 0.51271
00035.jpg 17 122 122 347 0.51021
00035.jpg 21 142 117 327 0.50742
00035.jpg 782 60 51 51 0.50658
00035.jpg 145 109 81 228 0.50277
00035.jpg 152 115 67 229 0.50158
