00041.jpg 422 57 226 459 0.99974
00041.jpg 447 63 199 473 0.99943
00041.jpg 433 65 230 457 0.99931
00041.jpg 434 49 217 481 0.99924
00041.jpg 429 47 232 482 0.99900
00041.jpg 130 141 109 324 0.99879
00041.jpg 437 48 223 485 0.99875
00041.jpg 423 69 228 458 0.99871
00041.jpg 441 68 211 460 0.99866
00041.jpg 425 55 224 458 0.99862
00041.jpg 430 59 222 464 0.99842
00041.jpg 436 66 212 462 0.99818
00041.jpg 430 61 221 467 0.99808
00041.jpg 433 75 216 454 0.99793
00041.jpg 442 60 207 479 0.99695
00041.jpg 433 60 225 469 0.99689
00041.jpg 131 124 115 345 0.99681
00041.jpg 135 138 109 329 0.99618
00041.jpg 426 64 230 457 0.99595
00041.jpg 439 60 207 473 0.99564
00041.jpg 439 66 208 458 0.99525
00041.jpg 438 58 211 477 0.99508
00041.jpg 438 55 212 478 0.99417
00041.jpg 440 65 206 471 0.99379
00041.jpg 319 149 53 170 0.99365
00041.jpg 421 64 234 454 0.99360
00041.jpg 435 63 219 462 0.99327
00041.jpg 137 138 100 328 0.99324
00041.jpg 314 147 59 169 0.99303
00041.jpg 315 139 62 175 0.99184
00041.jpg 437 70 216 463 0.99134
00041.jpg 441 68 203 452 0.99070
00041.jpg 252 131 71 98 0.99033
00041.jpg 316 145 62 168 0.99000
00041.jpg 319 146 58 173 0.98969
00041.jpg 439 62 213 466 0.98963
00041.jpg 10 141 79 190 0.98893
00041.jpg 126 145 111 314 0.98889
00041.jpg 132 133 100 335 0.98785
00041.jpg 131 137 104 316 0.98783
00041.jpg 132 143 113 322 0.98730
00041.jpg 4 142 82 190 0.98644
00041.jpg 432 52 218 478 0.98533
00041.jpg 194 119 74 265 0.98439
00041.jpg 9 141 74 196 0.98332
00041.jpg 8 148 75 188 0.98309
00041.jpg 322 146 55 173 0.98302
00041.jpg 124 141 114 321 0.98224
00041.jpg 132 134 106 338 0.98224
00041.jpg 125 143 122 322 0.98188
00041.jpg 255 132 65 99 0.98184
00041.jpg 314 145 64 171 0.98108
00041.jpg 6 146 82 186 0.98058
00041.jpg 318 147 58 172 0.98054
00041.jpg 433 34 213 502 0.98010
00041.jpg 193 122 78 268 0.97957
00041.jpg 836 76 95 358 0.97942
00041.jpg 193 118 81 259 0.97937
00041.jpg 5 139 77 190 0.97922
00041.jpg 441 54 201 481 0.97894
00041.jpg 200 115 68 280 0.97848
00041.jpg 315 148 59 170 0.97841
00041.jpg 195 113 83 269 0.97692
00041.jpg 6 140 80 197 0.97575
00041.jpg 436 66 221 469 0.97551
00041.jpg 319 143 54 167 0.97425
00041.jpg 6 144 80 184 0.97421
00041.jpg 8 147 77 189 0.97289
00041.jpg 258 135 62 88 0.97283
00041.jpg 129 129 113 333 0.97267
00041.jpg 828 76 101 353 0.97129
00041.jpg 3 144 84 189 0.97126
00041.jpg 133 133 107 330 0.97097
00041.jpg 3 146 82 180 0.97010
00041.jpg 253 131 72 98 0.96964
00041.jpg 316 143 58 172 0.96937
00041.jpg 5 141 81 195 0.96885
00041.jpg 8 138 74 192 0.96837
00041.jpg 2 147 85 184 0.96817
00041.jpg 316 144 52 174 0.96789
00041.jpg 10 139 75 195 0.96678
00041.jpg 133 130 100 340 0.96523
00041.jpg 198 119 69 269 0.96444
00041.jpg 3 144 83 191 0.96350
00041.jpg 9 140 79 192 0.96206
00041.jpg 438 49 211 489 0.96161
00041.jpg 317 141 54 177 0.96104
00041.jpg 881 97 75 429 0.96049
00041.jpg 129 134 111 329 0.95936
00041.jpg 7 145 80 185 0.95926
00041.jpg 316 144 56 175 0.95878
00041.jpg 3 145 83 188 0.95849
00041.jpg 449 64 202 470 0.95813
00041.jpg 194 119 74 264 0.95738
00041.jpg 839 76 93 363 0.95709
00041.jpg 5 148 81 181 0.95662
00041.jpg 429 66 218 461 0.95662
00041.jpg 195 119 79 258 0.95659
00041.jpg 196 124 80 266 0.95647
00041.jpg 129 137 119 312 0.95637
00041.jpg 319 139 58 177 0.95631
00041.jpg 319 148 58 168 0.95432
00041.jpg 258 131 64 102 0.95384
00041.jpg 192 114 75 258 0.95360
00041.jpg 6 148 75 185 0.95329
00041.jpg 5 146 81 183 0.95302
00041.jpg 869 90 86 424 0.95302
00041.jpg 257 127 64 101 0.95297
00041.jpg 4 143 84 185 0.95238
00041.jpg 130 131 106 333 0.95168
00041.jpg 194 114 82 277 0.94992
00041.jpg 196 124 74 262 0.94957
00041.jpg 5 140 84 194 0.94851
00041.jpg 130 132 108 336 0.94792
00041.jpg 883 91 73 440 0.94730
00041.jpg 4 143 81 190 0.94702
00041.jpg 198 111 75 264 0.94682
00041.jpg 842 49 90 425 0.94668
00041.jpg 257 134 67 97 0.94655
00041.jpg 869 91 83 445 0.94639
00041.jpg 6 149 78 177 0.94637
00041.jpg 254 132 69 98 0.94616
00041.jpg 836 85 92 340 0.94479
00041.jpg 200 127 77 250 0.94468
00041.jpg 8 144 78 188 0.94410
00041.jpg 196 113 80 283 0.94409
00041.jpg 257 129 65 107 0.94086
00041.jpg 318 146 55 174 0.94012
00041.jpg 125 132 117 324 0.93998
00041.jpg 317 146 58 172 0.93990
00041.jpg 316 152 56 169 0.93973
00041.jpg 128 128 103 333 0.93923
00041.jpg 258 132 60 102 0.93849
00041.jpg 837 75 92 351 0.93654
00041.jpg 123 139 116 326 0.93650
00041.jpg 256 132 70 95 0.93650
00041.jpg 200 126 69 245 0.93518
00041.jpg 316 147 60 168 0.93484
00041.jpg 317 146 59 169 0.93454
00041.jpg 197 121 79 263 0.93321
00041.jpg 6 142 80 186 0.93073
00041.jpg 140 129 107 326 0.92935
00041.jpg 254 131 66 101 0.92838
00041.jpg 315 148 58 171 0.92807
00041.jpg 4 144 84 183 0.92805
00041.jpg 7 148 78 186 0.92591
00041.jpg 256 133 68 108 0.92579
00041.jpg 197 130 70 245 0.92514
00041.jpg 126 144 115 319 0.92462
00041.jpg 199 116 78 263 0.92457
00041.jpg 255 128 66 114 0.92237
00041.jpg 136 135 102 326 0.92114
00041.jpg 315 146 61 167 0.92058
00041.jpg 320 146 57 174 0.92025
00041.jpg 126 135 109 336 0.91959
00041.jpg 254 132 67 109 0.91761
00041.jpg 432 56 213 483 0.91718
00041.jpg 256 130 67 102 0.91685
00041.jpg 125 142 106 314 0.91588
00041.jpg 193 115 83 270 0.91473
00041.jpg 834 91 88 336 0.91262
00041.jpg 125 123 123 334 0.91187
00041.jpg 255 129 67 113 0.91138
00041.jpg 138 128 112 331 0.91137
00041.jpg 123 136 112 331 0.91121
00041.jpg 867 86 89 397 0.91064
00041.jpg 253 132 68 109 0.91055
00041.jpg 837 81 92 345 0.91048
00041.jpg 254 134 70 99 0.91023
00041.jpg 844 80 94 385 0.90990
00041.jpg 6 150 79 183 0.90746
00041.jpg 257 131 66 106 0.90491
00041.jpg 835 81 88 343 0.90481
00041.jpg 855 84 99 431 0.90481
00041.jpg 324 147 52 168 0.90399
00041.jpg 257 131 67 111 0.90265
00041.jpg 195 121 72 251 0.90117
00041.jpg 194 114 80 286 0.89930
00041.jpg 261 127 60 106 0.89805
00041.jpg 262 134 60 108 0.89728
00041.jpg 876 107 80 403 0.89717
00041.jpg 834 86 90 344 0.89573
00041.jpg 131 141 107 315 0.89539
00041.jpg 129 161 105 290 0.89142
00041.jpg 198 121 80 259 0.89094
00041.jpg 318 146 56 169 0.89074
00041.jpg 879 99 79 427 0.88998
00041.jpg 9 148 75 183 0.88979
00041.jpg 883 105 75 405 0.88958
00041.jpg 837 77 96 369 0.88880
00041.jpg 254 136 70 97 0.88718
00041.jpg 837 77 88 357 0.88689
00041.jpg 1 146 84 193 0.88643
00041.jpg 125 137 116 332 0.88630
00041.jpg 837 78 95 352 0.88626
00041.jpg 835 77 105 389 0.88566
00041.jpg 837 53 98 413 0.88432
00041.jpg 256 129 64 114 0.88220
00041.jpg 258 132 64 93 0.88192
00041.jpg 129 137 108 324 0.88168
00041.jpg 253 131 66 102 0.87945
00041.jpg 880 91 78 443 0.87644
00041.jpg 319 145 58 173 0.87625
00041.jpg 318 148 61 164 0.87594
00041.jpg 314 146 63 168 0.87480
00041.jpg 196 111 75 274 0.87412
00041.jpg 315 152 59 161 0.87306
00041.jpg 202 125 74 257 0.87210
00041.jpg 867 96 85 414 0.87201
00041.jpg 313 144 61 175 0.87109
00041.jpg 833 69 99 366 0.87074
00041.jpg 831 88 96 333 0.86942
00041.jpg 260 135 61 93 0.86910
00041.jpg 195 123 76 265 0.86854
00041.jpg 256 134 68 98 0.86654
00041.jpg 836 87 82 333 0.86503
00041.jpg 858 88 101 439 0.86360
00041.jpg 829 75 102 353 0.86359
00041.jpg 198 122 79 252 0.86349
00041.jpg 9 147 75 187 0.85965
00041.jpg 836 88 88 330 0.85954
00041.jpg 318 143 58 170 0.85751
00041.jpg 828 96 96 317 0.85516
00041.jpg 453 66 195 464 0.85471
00041.jpg 6 139 82 197 0.85425
00041.jpg 254 132 68 114 0.85229
00041.jpg 879 78 79 461 0.84750
00041.jpg 320 150 55 170 0.84641
00041.jpg 4 146 79 194 0.84632
00041.jpg 255 134 70 102 0.84630
00041.jpg 886 91 71 441 0.84453
00041.jpg 257 134 66 90 0.84374
00041.jpg 254 130 68 97 0.84116
00041.jpg 319 145 59 168 0.84017
00041.jpg 887 94 72 440 0.83551
00041.jpg 318 147 52 173 0.83364
00041.jpg 258 131 66 95 0.83323
00041.jpg 313 145 60 173 0.82890
00041.jpg 256 128 66 122 0.82890
00041.jpg 138 140 108 317 0.82814
00041.jpg 888 93 69 418 0.82771
00041.jpg 4 142 84 184 0.82558
00041.jpg 828 74 106 349 0.82186
00041.jpg 196 124 82 254 0.81757
00041.jpg 194 115 75 268 0.81493
00041.jpg 129 130 103 320 0.81452
00041.jpg 124 133 131 333 0.81215
00041.jpg 424 70 215 432 0.80887
00041.jpg 125 139 115 319 0.80863
00041.jpg 258 130 72 183 0.80770
00041.jpg 195 124 69 250 0.80499
00041.jpg 837 79 84 344 0.80367
00041.jpg 6 144 81 184 0.80283
00041.jpg 835 86 86 350 0.80238
00041.jpg 125 117 119 327 0.80024
00041.jpg 321 139 57 183 0.79988
00041.jpg 322 149 58 172 0.79781
00041.jpg 128 127 110 351 0.79754
00041.jpg 198 130 67 241 0.79586
00041.jpg 138 127 129 314 0.79566
00041.jpg 199 113 76 279 0.79492
00041.jpg 836 83 87 342 0.79399
00041.jpg 121 131 110 331 0.79242
00041.jpg 881 98 76 422 0.79124
00041.jpg 6 148 76 190 0.78817
00041.jpg 844 72 85 408 0.78795
00041.jpg 119 136 107 337 0.78760
00041.jpg 835 75 86 359 0.78477
00041.jpg 11 146 73 184 0.78428
00041.jpg 3 138 84 202 0.77966
00041.jpg 323 142 55 175 0.77919
00041.jpg 198 122 77 276 0.77857
00041.jpg 448 71 203 460 0.77803
00041.jpg 195 120 68 264 0.77737
00041.jpg 833 90 97 346 0.76947
00041.jpg 255 132 67 98 0.76796
00041.jpg 5 142 85 188 0.76763
00041.jpg 194 116 77 272 0.76644
00041.jpg 126 139 129 330 0.76274
00041.jpg 889 108 65 382 0.75902
00041.jpg 128 132 95 319 0.75595
00041.jpg 257 129 63 98 0.75519
00041.jpg 2 141 86 191 0.75392
00041.jpg 881 89 77 434 0.74839
00041.jpg 128 135 99 319 0.74618
00041.jpg 877 85 80 454 0.74479
00041.jpg 435 54 217 479 0.74322
00041.jpg 253 132 73 86 0.73912
00041.jpg 199 113 76 259 0.73868
00041.jpg 12 138 78 195 0.73858
00041.jpg 138 142 107 325 0.73741
00041.jpg 0 142 83 186 0.73498
00041.jpg 823 73 104 350 0.72942
00041.jpg 160 132 94 313 0.72809
00041.jpg 854 88 73 336 0.72581
00041.jpg 258 129 61 172 0.72528
00041.jpg 321 148 54 163 0.72279
00041.jpg 870 85 77 410 0.71909
00041.jpg 258 135 68 87 0.71894
00041.jpg 125 119 100 338 0.71796
00041.jpg 856 74 97 440 0.71758
00041.jpg 319 149 59 166 0.71301
00041.jpg 186 119 101 254 0.71104
00041.jpg 826 104 90 305 0.71066
00041.jpg 885 104 65 413 0.71041
00041.jpg 142 149 102 306 0.70908
00041.jpg 6 143 85 185 0.70834
00041.jpg 886 93 73 430 0.70716
00041.jpg 253 134 70 92 0.70020
00041.jpg 124 143 117 326 0.69809
00041.jpg 885 117 73 363 0.69786
00041.jpg 259 131 60 123 0.69636
00041.jpg 850 67 71 364 0.69628
00041.jpg 254 133 69 90 0.69114
00041.jpg 845 74 89 355 0.68962
00041.jpg 854 69 101 434 0.68501
00041.jpg 193 120 72 249 0.68439
00041.jpg 888 103 70 392 0.68351
00041.jpg 835 66 92 363 0.68055
00041.jpg 316 145 62 177 0.67841
00041.jpg 258 126 69 129 0.67684
00041.jpg 329 145 50 167 0.67338
00041.jpg 320 147 52 163 0.67210
00041.jpg 2 155 86 186 0.67090
00041.jpg 307 145 76 176 0.66934
00041.jpg 323 150 55 166 0.66033
00041.jpg 321 147 59 172 0.65861
00041.jpg 253 132 68 94 0.65823
00041.jpg 197 111 76 279 0.65376
00041.jpg 878 115 81 417 0.65281
00041.jpg 828 92 116 357 0.65260
00041.jpg 197 119 70 260 0.65062
00041.jpg 195 124 75 241 0.64955
00041.jpg 203 136 60 245 0.64863
00041.jpg 255 132 67 95 0.64769
00041.jpg 258 128 63 97 0.64625
00041.jpg 884 104 75 409 0.64511
00041.jpg 6 142 86 200 0.64078
00041.jpg 122 144 124 312 0.63988
00041.jpg 247 129 76 114 0.63844
00041.jpg 1 146 83 182 0.63430
00041.jpg 3 150 85 189 0.63283
00041.jpg 4 143 84 196 0.63198
00041.jpg 314 145 60 170 0.63136
00041.jpg 849 83 82 329 0.62818
00041.jpg 424 59 214 459 0.62462
00041.jpg 203 126 72 257 0.62205
00041.jpg 196 106 82 293 0.61594
00041.jpg 253 127 74 207 0.61540
00041.jpg 254 127 66 109 0.60965
00041.jpg 11 151 71 182 0.60805
00041.jpg 836 84 100 327 0.60664
00041.jpg 828 81 98 336 0.60068
00041.jpg 440 79 193 441 0.59488
00041.jpg 883 106 73 365 0.59388
00041.jpg 136 123 93 344 0.59214
00041.jpg 435 69 210 448 0.59213
00041.jpg 199 116 83 264 0.58991
00041.jpg 832 72 117 396 0.58223
00041.jpg 254 129 71 91 0.56942
00041.jpg 122 135 104 328 0.56934
00041.jpg 324 149 54 176 0.56632
00041.jpg 251 131 65 184 0.56264
00041.jpg 256 128 69 165 0.56157
00041.jpg 132 139 98 309 0.56058
00041.jpg 8 146 74 187 0.55924
00041.jpg 3 136 79 205 0.55671
00041.jpg 257 128 66 209 0.55159
00041.jpg 2 139 94 190 0.55028
00041.jpg 258 130 61 118 0.54892
00041.jpg 252 132 69 205 0.54728
00041.jpg 316 149 50 159 0.54696
00041.jpg 829 125 89 286 0.54671
00041.jpg 837 80 89 384 0.54643
00041.jpg 841 80 104 429 0.54487
00041.jpg 128 132 124 341 0.54483
00041.jpg 4 160 82 183 0.54246
00041.jpg 260 127 64 101 0.53904
00041.jpg 10 149 80 189 0.53840
00041.jpg 897 118 61 355 0.53474
00041.jpg 255 129 61 120 0.53308
00041.jpg 318 151 61 162 0.52781
00041.jpg 203 116 84 268 0.52436
00041.jpg 255 129 61 94 0.52032
00041.jpg 252 134 72 129 0.51927
00041.jpg 892 107 65 373 0.51882
00041.jpg 120 131 100 323 0.51487
00041.jpg 122 150 128 302 0.51472
00041.jpg 123 130 103 333 0.51356
00041.jpg 102 139 137 315 0.51280
00041.jpg 256 132 66 118 0.50624
00041.jpg 310 156 60 167 0.50096
00041.jpg 260 136 65 120 0.49943
