00008.jpg 232 46 460 483 0.99972
00008.jpg 210 43 476 481 0.99962
00008.jpg 207 58 473 458 0.99958
00008.jpg 187 47 494 480 0.99949
00008.jpg 0 280 102 253 0.99947
00008.jpg 204 54 497 463 0.99929
00008.jpg 217 31 457 503 0.99896
00008.jpg 0 273 102 261 0.99863
00008.jpg 203 59 462 453 0.99860
00008.jpg 228 38 438 497 0.99830
00008.jpg 227 56 450 462 0.99770
00008.jpg 228 41 428 480 0.99750
00008.jpg 223 46 425 493 0.99743
00008.jpg 0 277 102 255 0.99722
00008.jpg 232 44 431 483 0.99682
00008.jpg 220 40 456 494 0.99647
00008.jpg 227 45 456 485 0.99593
00008.jpg 49 258 242 262 0.99555
00008.jpg 48 268 264 257 0.99526
00008.jpg 198 61 460 477 0.99518
00008.jpg 196 46 458 485 0.99434
00008.jpg 209 48 478 484 0.99262
00008.jpg 226 52 466 476 0.99224
00008.jpg 0 280 105 250 0.99043
00008.jpg 219 48 466 483 0.98958
00008.jpg 2 270 96 269 0.98943
00008.jpg 47 272 249 257 0.98938
00008.jpg 2 277 102 252 0.98926
00008.jpg 264 24 368 502 0.98908
00008.jpg 245 35 419 495 0.98896
00008.jpg 4 275 98 264 0.98885
00008.jpg 22 250 307 280 0.98862
00008.jpg 2 280 101 256 0.98776
00008.jpg 238 50 426 476 0.98768
00008.jpg 0 281 104 254 0.98762
00008.jpg 0 276 108 263 0.98604
00008.jpg 28 252 292 283 0.98593
00008.jpg 0 277 107 254 0.98578
00008.jpg 2 271 97 262 0.98542
00008.jpg 224 66 433 434 0.98493
00008.jpg 257 38 407 477 0.98428
00008.jpg 218 45 472 478 0.98398
00008.jpg 2 275 103 258 0.98386
00008.jpg 2 273 94 265 0.98336
00008.jpg 33 253 287 276 0.98305
00008.jpg 230 62 441 462 0.98294
00008.jpg 4 275 99 260 0.98277
00008.jpg 27 266 293 266 0.98251
00008.jpg 62 275 234 263 0.98184
00008.jpg 0 272 107 260 0.98152
00008.jpg 30 262 290 263 0.98057
00008.jpg 29 266 279 264 0.98056
00008.jpg 42 255 253 271 0.98054
00008.jpg 2 280 103 254 0.97876
00008.jpg 2 276 100 259 0.97803
00008.jpg 5 280 95 259 0.97723
00008.jpg 231 56 440 469 0.97582
00008.jpg 234 33 429 498 0.97405
00008.jpg 220 41 452 478 0.97349
00008.jpg 0 280 103 251 0.97306
00008.jpg 33 259 285 263 0.97160
00008.jpg 37 263 268 266 0.97127
00008.jpg 42 256 264 270 0.97076
00008.jpg 218 53 461 468 0.97068
00008.jpg 40 262 270 268 0.97035
00008.jpg 0 279 103 252 0.96946
00008.jpg 38 265 283 267 0.96922
00008.jpg 6 276 94 258 0.96774
00008.jpg 28 253 286 282 0.96697
00008.jpg 23 260 304 266 0.96686
00008.jpg 0 273 105 266 0.96543
00008.jpg 34 259 277 263 0.96352
00008.jpg 41 267 264 260 0.96255
00008.jpg 25 268 283 262 0.96099
00008.jpg 226 36 442 496 0.96085
00008.jpg 4 278 102 254 0.95998
00008.jpg 59 275 228 254 0.95922
00008.jpg 0 284 101 251 0.95899
00008.jpg 46 253 273 265 0.95887
00008.jpg 4 268 95 262 0.95841
00008.jpg 3 281 100 258 0.95519
00008.jpg 2 279 103 253 0.95397
00008.jpg 60 270 234 261 0.94890
00008.jpg 2 283 98 247 0.94709
00008.jpg 0 278 106 255 0.94585
00008.jpg 28 262 298 254 0.94408
00008.jpg 230 49 442 475 0.94264
00008.jpg 246 43 426 485 0.94135
00008.jpg 204 35 435 481 0.94114
00008.jpg 54 257 245 272 0.93834
00008.jpg 31 266 281 260 0.93570
00008.jpg 0 269 102 260 0.93538
00008.jpg 0 279 102 250 0.93495
00008.jpg 6 254 320 275 0.93236
00008.jpg 46 268 249 271 0.93228
00008.jpg 0 275 105 258 0.93154
00008.jpg 51 272 247 261 0.92963
00008.jpg 40 273 271 260 0.92894
00008.jpg 4 273 96 256 0.92484
00008.jpg 203 73 468 447 0.92298
00008.jpg 1 276 101 256 0.91870
00008.jpg 45 268 254 263 0.90871
00008.jpg 244 54 407 466 0.90791
00008.jpg 2 280 101 247 0.90690
00008.jpg 60 272 235 264 0.90539
00008.jpg 5 279 88 248 0.90027
00008.jpg 0 280 104 256 0.89285
00008.jpg 220 52 454 484 0.86908
00008.jpg 64 256 224 280 0.86458
00008.jpg 232 53 435 479 0.85878
00008.jpg 247 45 430 457 0.84739
00008.jpg 27 271 273 259 0.84321
00008.jpg 40 275 260 255 0.84297
00008.jpg 236 33 431 504 0.82889
00008.jpg 22 252 304 280 0.82800
00008.jpg 188 58 498 440 0.82487
00008.jpg 37 265 248 262 0.81965
00008.jpg 2 292 98 244 0.81775
00008.jpg 59 272 242 257 0.81256
00008.jpg 55 267 254 272 0.79985
00008.jpg 225 36 441 497 0.79734
00008.jpg 42 251 260 273 0.78804
00008.jpg 230 36 435 492 0.76290
00008.jpg 0 268 102 267 0.76183
00008.jpg 2 282 96 250 0.75718
00008.jpg 21 253 290 274 0.74646
00008.jpg 56 271 242 256 0.74393
00008.jpg 52 264 267 257 0.74076
00008.jpg 56 274 245 247 0.71680
00008.jpg 44 268 260 271 0.71358
00008.jpg 263 59 382 448 0.69775
00008.jpg 3 274 106 254 0.68760
00008.jpg 61 271 242 256 0.68435
00008.jpg 4 285 97 244 0.67251
00008.jpg 2 276 106 261 0.67220
00008.jpg 2 298 97 240 0.66530
00008.jpg 14 275 286 257 0.66504
00008.jpg 131 46 538 472 0.65748
00008.jpg 154 42 477 488 0.65421
00008.jpg 1 290 106 239 0.65071
00008.jpg 201 65 469 417 0.64608
00008.jpg 5 268 99 262 0.63734
00008.jpg 216 38 453 490 0.63615
00008.jpg 208 50 471 466 0.61099
00008.jpg 243 57 418 450 0.60644
00008.jpg 68 269 225 253 0.60369
00008.jpg 2 262 97 270 0.59156
00008.jpg 53 267 245 270 0.57399
00008.jpg 1 284 99 245 0.57308
00008.jpg 3 262 109 265 0.56383
