00009.jpg 184 44 505 480 0.99972
00009.jpg 185 43 488 480 0.99962
00009.jpg 202 57 502 469 0.99960
00009.jpg 219 48 501 469 0.99947
00009.jpg 199 49 484 476 0.99881
00009.jpg 184 63 506 467 0.99872
00009.jpg 202 46 479 488 0.99851
00009.jpg 171 56 536 465 0.99840
00009.jpg 205 39 469 487 0.99819
00009.jpg 175 41 515 491 0.99736
00009.jpg 192 48 494 468 0.99704
00009.jpg 200 48 491 482 0.99626
00009.jpg 17 255 265 263 0.99519
00009.jpg 34 273 259 245 0.99511
00009.jpg 13 257 281 270 0.99499
00009.jpg 211 2 482 531 0.99489
00009.jpg 201 53 485 477 0.99469
00009.jpg 200 50 490 468 0.99446
00009.jpg 17 263 270 265 0.99304
00009.jpg 214 32 464 499 0.99268
00009.jpg 190 39 505 487 0.99137
00009.jpg 178 62 500 456 0.99097
00009.jpg 180 52 513 472 0.99056
00009.jpg 211 35 474 504 0.99044
00009.jpg 187 41 499 493 0.99031
00009.jpg 0 281 106 237 0.98991
00009.jpg 12 259 288 268 0.98928
00009.jpg 10 260 280 258 0.98894
00009.jpg 206 35 484 485 0.98869
00009.jpg 7 284 98 241 0.98860
00009.jpg 195 44 514 479 0.98825
00009.jpg 26 246 254 289 0.98812
00009.jpg 139 39 552 485 0.98698
00009.jpg 15 244 286 290 0.98462
00009.jpg 19 240 271 294 0.98462
00009.jpg 15 250 285 278 0.98458
00009.jpg 6 276 96 248 0.98451
00009.jpg 191 46 478 482 0.98394
00009.jpg 20 271 276 249 0.98251
00009.jpg 208 51 484 477 0.98227
00009.jpg 19 264 273 274 0.98198
00009.jpg 5 279 103 250 0.98145
00009.jpg 18 255 280 273 0.98011
00009.jpg 213 33 465 496 0.97841
00009.jpg 166 45 537 469 0.97722
00009.jpg 14 265 288 264 0.97587
00009.jpg 4 286 102 244 0.97480
00009.jpg 2 280 109 249 0.97286
00009.jpg 19 274 283 248 0.97157
00009.jpg 20 267 256 261 0.96963
00009.jpg 5 280 99 259 0.96962
00009.jpg 6 289 98 237 0.96940
00009.jpg 5 252 291 276 0.96835
00009.jpg 199 40 464 474 0.96766
00009.jpg 10 249 289 276 0.96647
00009.jpg 217 48 462 480 0.96628
00009.jpg 3 280 105 248 0.96625
00009.jpg 6 279 97 251 0.96448
00009.jpg 3 286 100 241 0.96418
00009.jpg 10 262 290 266 0.96416
00009.jpg 217 50 445 463 0.96403
00009.jpg 13 250 290 282 0.96277
00009.jpg 6 280 96 244 0.96176
00009.jpg 0 280 106 246 0.96115
00009.jpg 5 281 93 251 0.95747
00009.jpg 29 275 255 253 0.95681
00009.jpg 9 253 282 278 0.95547
00009.jpg 9 278 98 250 0.95503
00009.jpg 18 255 287 268 0.95483
00009.jpg 7 286 95 245 0.95454
00009.jpg 5 272 100 253 0.95378
00009.jpg 6 280 95 258 0.95190
00009.jpg 7 275 96 260 0.95079
00009.jpg 18 259 285 263 0.94925
00009.jpg 0 278 106 249 0.94871
00009.jpg 8 280 96 248 0.94809
00009.jpg 41 269 250 269 0.94661
00009.jpg 2 277 100 255 0.94590
00009.jpg 28 257 246 270 0.94171
00009.jpg 0 277 110 251 0.94000
00009.jpg 0 264 305 255 0.93710
00009.jpg 2 275 107 261 0.93599
00009.jpg 10 261 287 277 0.93280
00009.jpg 8 276 97 257 0.93033
00009.jpg 0 279 107 248 0.92517
00009.jpg 2 282 99 243 0.92498
00009.jpg 1 280 104 245 0.92461
00009.jpg 177 64 515 439 0.92431
00009.jpg 164 59 515 461 0.92380
00009.jpg 142 35 516 470 0.90908
00009.jpg 1 278 106 240 0.90621
00009.jpg 19 269 282 260 0.90374
00009.jpg 214 35 452 494 0.90181
00009.jpg 0 275 121 256 0.90077
00009.jpg 4 283 98 249 0.90042
00009.jpg 203 59 474 446 0.90037
00009.jpg 0 268 106 262 0.89983
00009.jpg 200 59 471 457 0.89477
00009.jpg 14 257 283 264 0.89304
00009.jpg 45 266 239 267 0.89239
00009.jpg 2 266 104 262 0.89014
00009.jpg 2 274 99 255 0.87923
00009.jpg 220 50 463 480 0.87758
00009.jpg 1 263 292 260 0.87665
00009.jpg 32 275 260 264 0.86372
00009.jpg 0 291 108 248 0.85307
00009.jpg 31 262 267 261 0.85226
00009.jpg 0 282 108 247 0.84894
00009.jpg 161 55 526 473 0.84701
00009.jpg 2 274 289 255 0.84257
00009.jpg 34 259 253 272 0.84255
00009.jpg 4 267 99 262 0.84025
00009.jpg 9 270 287 262 0.83894
00009.jpg 28 271 268 249 0.83861
00009.jpg 1 278 109 257 0.83819
00009.jpg 4 286 98 237 0.82781
00009.jpg 0 283 114 238 0.80943
00009.jpg 3 279 107 249 0.80899
00009.jpg 7 274 99 251 0.80787
00009.jpg 21 271 202 261 0.80737
00009.jpg 0 284 110 248 0.79041
00009.jpg 44 275 238 261 0.78808
00009.jpg 7 270 95 261 0.78669
00009.jpg 1 272 109 258 0.78084
00009.jpg 194 39 486 500 0.77500
00009.jpg 14 273 284 255 0.77494
00009.jpg 48 272 230 262 0.77271
00009.jpg 220 25 478 501 0.77038
00009.jpg 5 280 103 247 0.76993
00009.jpg 4 276 105 252 0.76313
00009.jpg 188 57 471 466 0.75792
00009.jpg 43 273 250 248 0.75251
00009.jpg 5 266 87 260 0.74503
00009.jpg 30 273 261 261 0.73130
00009.jpg 5 291 85 171 0.71574
00009.jpg 4 291 98 235 0.71203
00009.jpg 176 50 507 469 0.71045
00009.jpg 46 278 238 254 0.70826
00009.jpg 5 278 97 250 0.69634
00009.jpg 12 260 295 262 0.69441
00009.jpg 14 264 136 268 0.69026
00009.jpg 4 287 100 238 0.68005
00009.jpg 3 274 110 264 0.66871
00009.jpg 107 43 546 492 0.65242
00009.jpg 202 56 475 480 0.65237
00009.jpg 245 37 444 488 0.65037
00009.jpg 12 277 101 252 0.63510
00009.jpg 20 255 256 278 0.60328
00009.jpg 22 277 273 249 0.58761
00009.jpg 204 40 487 480 0.56913
00009.jpg 34 279 261 244 0.55728
00009.jpg 220 44 476 462 0.55672
00009.jpg 244 59 421 456 0.54994
00009.jpg 8 282 87 244 0.54987
00009.jpg 193 77 532 435 0.54981
00009.jpg 1 293 98 188 0.54649
00009.jpg 0 276 112 242 0.54552
00009.jpg 49 277 239 240 0.54127
00009.jpg 22 258 282 272 0.52046
00009.jpg 29 273 268 256 0.51303
00009.jpg 0 281 102 245 0.50142
