00013.jpg 124 25 574 497 0.99977
00013.jpg 121 25 578 503 0.99971
00013.jpg 119 37 582 491 0.99967
00013.jpg 0 281 99 257 0.99953
00013.jpg 154 45 591 480 0.99920
00013.jpg 140 19 562 509 0.99882
00013.jpg 154 31 537 485 0.99872
00013.jpg 137 25 579 495 0.99863
00013.jpg 143 47 535 477 0.99836
00013.jpg 0 277 106 258 0.99822
00013.jpg 113 46 602 492 0.99806
00013.jpg 1 283 99 255 0.99802
00013.jpg 139 40 597 498 0.99785
00013.jpg 0 278 103 254 0.99743
00013.jpg 3 283 104 253 0.99734
00013.jpg 137 23 562 503 0.99731
00013.jpg 3 271 97 268 0.99703
00013.jpg 147 47 537 480 0.99697
00013.jpg 149 34 545 485 0.99682
00013.jpg 6 280 99 259 0.99653
00013.jpg 125 38 572 497 0.99609
00013.jpg 133 31 596 505 0.99570
00013.jpg 1 275 106 264 0.99512
00013.jpg 158 35 536 484 0.99494
00013.jpg 156 37 556 495 0.99427
00013.jpg 2 275 97 264 0.99380
00013.jpg 3 278 97 261 0.99204
00013.jpg 0 284 108 255 0.99169
00013.jpg 1 276 104 259 0.99118
00013.jpg 3 281 97 257 0.99094
00013.jpg 0 281 109 258 0.99076
00013.jpg 1 279 104 255 0.99019
00013.jpg 90 58 610 458 0.98963
00013.jpg 1 269 104 270 0.98930
00013.jpg 149 22 528 480 0.98915
00013.jpg 104 51 611 444 0.98851
00013.jpg 145 46 549 460 0.98777
00013.jpg 0 276 103 262 0.98736
00013.jpg 139 38 551 478 0.98729
00013.jpg 88 56 623 471 0.98673
00013.jpg 125 47 549 479 0.98628
00013.jpg 3 273 95 262 0.98536
00013.jpg 1 268 98 271 0.98477
00013.jpg 0 274 103 261 0.98452
00013.jpg 0 279 102 260 0.98392
00013.jpg 2 276 98 263 0.98129
00013.jpg 138 51 564 425 0.97867
00013.jpg 3 282 95 255 0.97503
00013.jpg 0 280 100 259 0.97363
00013.jpg 5 280 90 253 0.97354
00013.jpg 117 29 606 502 0.97108
00013.jpg 157 18 567 506 0.97032
00013.jpg 126 28 584 504 0.96433
00013.jpg 3 281 104 258 0.96324
00013.jpg 111 22 549 505 0.96075
00013.jpg 0 277 106 261 0.95502
00013.jpg 0 277 104 262 0.95435
00013.jpg 5 284 95 252 0.95120
00013.jpg 209 275 40 66 0.94812
00013.jpg 2 283 101 256 0.94745
00013.jpg 205 270 48 72 0.94402
00013.jpg 179 37 531 496 0.94240
00013.jpg 2 267 98 269 0.94095
00013.jpg 3 271 101 268 0.93996
00013.jpg 0 276 106 263 0.93690
00013.jpg 3 273 102 262 0.93331
00013.jpg 0 271 100 265 0.93262
00013.jpg 1 277 104 259 0.93063
00013.jpg 0 273 100 266 0.92413
00013.jpg 206 273 42 67 0.92268
00013.jpg 99 29 618 510 0.91631
00013.jpg 1 284 100 247 0.91312
00013.jpg 159 27 526 509 0.91110
00013.jpg 163 284 77 136 0.90903
00013.jpg 204 277 49 66 0.90899
00013.jpg 203 273 45 72 0.90613
00013.jpg 205 271 47 76 0.90315
00013.jpg 205 273 47 66 0.89998
00013.jpg 203 272 50 65 0.89215
00013.jpg 112 21 625 501 0.89212
00013.jpg 164 32 546 502 0.88103
00013.jpg 205 273 41 66 0.86841
00013.jpg 2 275 104 264 0.85518
00013.jpg 172 282 65 129 0.84952
00013.jpg 206 272 44 73 0.84065
00013.jpg 209 269 39 71 0.83740
00013.jpg 164 293 81 124 0.83383
00013.jpg 1 278 99 261 0.83055
00013.jpg 1 272 104 267 0.82936
00013.jpg 2 274 107 251 0.82815
00013.jpg 175 279 73 109 0.82648
00013.jpg 1 268 92 269 0.82053
00013.jpg 0 277 110 259 0.81731
00013.jpg 2 277 104 249 0.81495
00013.jpg 2 268 99 271 0.81476
00013.jpg 206 271 42 69 0.81201
00013.jpg 136 272 133 237 0.81126
00013.jpg 163 290 72 119 0.80804
00013.jpg 205 272 49 68 0.80372
00013.jpg 159 31 556 498 0.79654
00013.jpg 205 272 43 62 0.79599
00013.jpg 172 278 77 129 0.78699
00013.jpg 7 280 99 256 0.78683
00013.jpg 202 274 47 65 0.78071
00013.jpg 144 41 582 468 0.77616
00013.jpg 162 283 79 141 0.77554
00013.jpg 2 274 102 265 0.77276
00013.jpg 204 273 42 64 0.77268
00013.jpg 209 269 44 69 0.77085
00013.jpg 206 272 48 64 0.76778
00013.jpg 207 267 44 78 0.76259
00013.jpg 208 271 42 68 0.76151
00013.jpg 202 271 51 71 0.75938
00013.jpg 206 276 47 72 0.75873
00013.jpg 116 272 163 239 0.75682
00013.jpg 208 271 44 72 0.75238
00013.jpg 206 275 43 68 0.74900
00013.jpg 146 45 572 483 0.74756
00013.jpg 135 270 144 245 0.74564
00013.jpg 204 267 47 75 0.74424
00013.jpg 157 36 544 497 0.73798
00013.jpg 131 275 148 237 0.73519
00013.jpg 175 279 57 132 0.73229
00013.jpg 142 32 588 497 0.72786
00013.jpg 165 281 68 128 0.72734
00013.jpg 205 20 501 499 0.72615
00013.jpg 168 295 66 105 0.72392
00013.jpg 210 271 43 66 0.72374
00013.jpg 1 265 104 274 0.71651
00013.jpg 131 271 146 222 0.70932
00013.jpg 136 266 139 230 0.70638
00013.jpg 200 277 50 68 0.69939
00013.jpg 202 277 52 53 0.69874
00013.jpg 209 273 42 60 0.69637
00013.jpg 164 279 79 127 0.69239
00013.jpg 132 270 133 236 0.69203
00013.jpg 206 274 46 79 0.68914
00013.jpg 182 286 63 106 0.68704
00013.jpg 133 264 132 241 0.68698
00013.jpg 123 276 145 232 0.67847
00013.jpg 122 274 138 241 0.67651
00013.jpg 134 270 119 224 0.67529
00013.jpg 137 274 131 249 0.67316
00013.jpg 103 51 612 462 0.67303
00013.jpg 0 283 133 240 0.67148
00013.jpg 132 255 153 274 0.66944
00013.jpg 143 272 130 214 0.66942
00013.jpg 208 272 42 78 0.66886
00013.jpg 139 268 116 217 0.66704
00013.jpg 122 255 175 264 0.66386
00013.jpg 121 260 168 255 0.66336
00013.jpg 137 23 571 492 0.66187
00013.jpg 203 278 42 67 0.65507
00013.jpg 145 267 98 187 0.65263
00013.jpg 118 243 199 287 0.65109
00013.jpg 131 276 128 216 0.65038
00013.jpg 121 275 161 229 0.64863
00013.jpg 210 272 41 67 0.64760
00013.jpg 124 266 141 242 0.64743
00013.jpg 209 275 43 70 0.64574
00013.jpg 123 283 165 238 0.63998
00013.jpg 125 269 163 241 0.63232
00013.jpg 145 273 111 196 0.63166
00013.jpg 107 55 620 422 0.62989
00013.jpg 120 254 175 269 0.62805
00013.jpg 164 286 77 134 0.62413
00013.jpg 152 271 105 198 0.62215
00013.jpg 166 274 80 123 0.62135
00013.jpg 169 274 80 127 0.62024
00013.jpg 198 273 48 82 0.61780
00013.jpg 116 270 164 255 0.61166
00013.jpg 203 271 48 101 0.61145
00013.jpg 188 285 54 89 0.60966
00013.jpg 205 274 43 71 0.60833
00013.jpg 0 272 110 267 0.60148
00013.jpg 153 275 91 158 0.59090
00013.jpg 168 286 72 129 0.59001
00013.jpg 116 262 162 267 0.58548
00013.jpg 168 285 65 126 0.58260
00013.jpg 172 282 68 114 0.58233
00013.jpg 146 275 114 201 0.58026
00013.jpg 135 270 137 235 0.57550
00013.jpg 130 268 139 212 0.57531
00013.jpg 148 273 115 174 0.57381
00013.jpg 160 275 88 135 0.57142
00013.jpg 200 278 47 69 0.56626
00013.jpg 134 275 146 207 0.56449
00013.jpg 126 262 146 240 0.56110
00013.jpg 135 270 144 237 0.55912
00013.jpg 106 245 216 290 0.55835
00013.jpg 0 275 104 258 0.55532
00013.jpg 164 296 81 116 0.55490
00013.jpg 167 295 81 111 0.55016
00013.jpg 8 273 95 253 0.54450
00013.jpg 131 266 149 231 0.54195
00013.jpg 162 283 86 139 0.54149
00013.jpg 153 272 95 215 0.53907
00013.jpg 143 274 101 182 0.53463
00013.jpg 138 272 134 224 0.53454
00013.jpg 122 259 147 274 0.53375
00013.jpg 201 278 44 69 0.52896
00013.jpg 147 273 116 185 0.52872
00013.jpg 202 271 53 92 0.52336
00013.jpg 125 271 140 243 0.52296
00013.jpg 116 275 137 235 0.52281
00013.jpg 153 279 93 145 0.51710
00013.jpg 165 285 69 133 0.51553
00013.jpg 119 274 136 226 0.51450
00013.jpg 152 267 113 212 0.51435
00013.jpg 156 294 87 135 0.51240
00013.jpg 134 275 152 204 0.51172
00013.jpg 142 260 125 251 0.51048
00013.jpg 212 272 40 69 0.50658
00013.jpg 120 275 149 227 0.50374
00013.jpg 208 27 514 482 0.49950
