00011.jpg 184 33 496 492 0.99987
00011.jpg 142 55 539 455 0.99982
00011.jpg 180 36 528 487 0.99973
00011.jpg 179 36 491 466 0.99962
00011.jpg 196 46 529 493 0.99961
00011.jpg 171 30 542 497 0.99946
00011.jpg 160 43 559 496 0.99912
00011.jpg 181 48 524 467 0.99894
00011.jpg 169 49 523 455 0.99867
00011.jpg 189 52 498 476 0.99866
00011.jpg 215 42 474 482 0.99843
00011.jpg 0 266 98 271 0.99786
00011.jpg 184 56 510 461 0.99756
00011.jpg 182 46 537 467 0.99744
00011.jpg 157 62 549 454 0.99732
00011.jpg 187 38 512 493 0.99664
00011.jpg 171 33 523 485 0.99528
00011.jpg 83 268 188 254 0.99410
00011.jpg 89 270 177 245 0.99359
00011.jpg 81 278 184 239 0.99359
00011.jpg 187 43 502 486 0.99280
00011.jpg 190 52 493 462 0.99280
00011.jpg 81 272 191 253 0.99246
00011.jpg 187 51 508 470 0.99111
00011.jpg 82 274 195 255 0.99092
00011.jpg 69 258 214 260 0.99081
00011.jpg 149 39 552 492 0.98986
00011.jpg 85 277 185 241 0.98949
00011.jpg 165 72 548 446 0.98887
00011.jpg 75 274 193 248 0.98862
00011.jpg 4 280 100 250 0.98821
00011.jpg 0 267 106 266 0.98653
00011.jpg 4 278 97 248 0.98612
00011.jpg 0 280 109 250 0.98538
00011.jpg 75 274 212 252 0.98532
00011.jpg 1 271 103 259 0.98450
00011.jpg 74 271 215 240 0.98349
00011.jpg 4 279 99 257 0.98339
00011.jpg 8 276 96 246 0.98292
00011.jpg 3 271 101 264 0.98266
00011.jpg 2 278 105 250 0.98233
00011.jpg 156 61 551 457 0.98220
00011.jpg 168 38 564 492 0.98219
00011.jpg 85 269 182 260 0.98214
00011.jpg 156 67 532 447 0.98210
00011.jpg 1 284 103 243 0.97963
00011.jpg 4 280 103 250 0.97942
00011.jpg 127 66 569 452 0.97731
00011.jpg 2 273 101 263 0.97711
00011.jpg 83 262 196 249 0.97654
00011.jpg 73 277 198 252 0.97634
00011.jpg 3 273 101 261 0.97550
00011.jpg 2 272 101 263 0.97437
00011.jpg 88 267 197 246 0.97298
00011.jpg 183 27 500 497 0.97289
00011.jpg 74 273 207 260 0.97288
00011.jpg 3 282 99 249 0.97196
00011.jpg 0 275 103 260 0.96972
00011.jpg 5 288 97 245 0.96907
00011.jpg 2 266 96 262 0.96833
00011.jpg 201 35 495 499 0.96787
00011.jpg 82 267 191 258 0.96645
00011.jpg 73 263 220 262 0.96367
00011.jpg 95 276 182 234 0.96336
00011.jpg 79 281 194 243 0.96335
00011.jpg 0 277 103 258 0.96305
00011.jpg 74 257 208 268 0.96216
00011.jpg 90 274 182 253 0.95972
00011.jpg 80 270 201 245 0.95906
00011.jpg 7 270 94 264 0.95878
00011.jpg 0 280 108 253 0.95805
00011.jpg 1 275 99 262 0.95721
00011.jpg 6 276 93 253 0.95715
00011.jpg 79 277 195 245 0.95620
00011.jpg 71 271 206 251 0.95569
00011.jpg 0 279 105 249 0.95381
00011.jpg 5 273 99 264 0.95176
00011.jpg 3 276 99 255 0.95090
00011.jpg 113 48 572 468 0.95002
00011.jpg 4 289 99 242 0.94960
00011.jpg 0 269 104 265 0.94948
00011.jpg 3 276 99 253 0.94810
00011.jpg 8 293 91 240 0.94715
00011.jpg 94 256 186 266 0.94495
00011.jpg 3 275 91 257 0.94438
00011.jpg 93 278 170 245 0.94283
00011.jpg 177 29 548 506 0.93868
00011.jpg 75 259 207 263 0.93431
00011.jpg 75 276 208 251 0.93361
00011.jpg 87 274 191 240 0.93168
00011.jpg 162 38 523 493 0.93073
00011.jpg 81 277 195 243 0.92951
00011.jpg 87 270 184 255 0.92940
00011.jpg 185 27 499 512 0.92842
00011.jpg 0 278 105 248 0.92805
00011.jpg 65 271 224 254 0.92779
00011.jpg 72 254 206 274 0.92564
00011.jpg 62 261 234 253 0.92498
00011.jpg 79 280 201 246 0.92442
00011.jpg 68 258 225 272 0.91784
00011.jpg 2 275 103 255 0.91464
00011.jpg 63 265 229 248 0.91201
00011.jpg 4 270 93 268 0.90887
00011.jpg 89 275 178 245 0.90249
00011.jpg 134 35 554 495 0.90209
00011.jpg 5 271 97 256 0.89465
00011.jpg 9 279 88 244 0.89136
00011.jpg 171 59 575 451 0.88903
00011.jpg 71 271 199 253 0.88785
00011.jpg 2 277 99 260 0.88503
00011.jpg 6 281 89 243 0.88277
00011.jpg 205 22 501 511 0.88271
00011.jpg 88 275 187 242 0.88221
00011.jpg 83 266 187 259 0.87910
00011.jpg 7 277 91 240 0.87640
00011.jpg 163 37 562 484 0.87539
00011.jpg 2 275 101 258 0.87337
00011.jpg 68 276 194 248 0.87334
00011.jpg 0 282 97 244 0.86195
00011.jpg 73 271 200 263 0.86132
00011.jpg 86 270 186 256 0.85831
00011.jpg 61 269 225 252 0.85461
00011.jpg 76 272 207 248 0.85128
00011.jpg 2 278 97 250 0.84868
00011.jpg 199 33 504 483 0.84478
00011.jpg 79 280 202 248 0.84449
00011.jpg 76 263 202 262 0.84134
00011.jpg 6 280 96 246 0.83454
00011.jpg 86 270 202 260 0.82932
00011.jpg 73 271 221 248 0.82642
00011.jpg 209 274 53 84 0.82047
00011.jpg 72 265 216 257 0.81559
00011.jpg 83 277 190 245 0.81448
00011.jpg 3 283 94 238 0.80314
00011.jpg 91 274 181 244 0.78662
00011.jpg 78 277 205 246 0.78313
00011.jpg 94 275 172 244 0.77329
00011.jpg 171 39 556 500 0.76606
00011.jpg 89 273 175 240 0.76340
00011.jpg 2 275 103 253 0.76332
00011.jpg 200 49 502 475 0.75981
00011.jpg 90 280 181 236 0.75953
00011.jpg 6 285 89 230 0.75292
00011.jpg 174 50 521 471 0.74958
00011.jpg 219 31 460 468 0.74125
00011.jpg 0 281 115 243 0.73633
00011.jpg 207 269 53 85 0.73618
00011.jpg 207 272 59 87 0.72799
00011.jpg 0 276 115 249 0.72799
00011.jpg 210 274 57 88 0.72577
00011.jpg 5 278 89 247 0.72416
00011.jpg 141 55 562 437 0.72218
00011.jpg 208 273 49 86 0.72112
00011.jpg 206 271 53 84 0.71879
00011.jpg 209 267 53 87 0.71529
00011.jpg 177 55 546 438 0.70575
00011.jpg 69 261 216 273 0.70567
00011.jpg 0 283 116 241 0.69635
00011.jpg 209 276 55 71 0.69505
00011.jpg 207 270 60 89 0.66797
00011.jpg 208 274 58 74 0.66100
00011.jpg 8 272 127 248 0.65436
00011.jpg 6 265 90 273 0.65181
00011.jpg 2 290 93 160 0.65111
00011.jpg 0 273 107 255 0.65097
00011.jpg 84 275 184 250 0.65002
00011.jpg 84 276 157 256 0.64556
00011.jpg 207 278 57 78 0.64462
00011.jpg 74 267 204 261 0.63828
00011.jpg 205 278 51 83 0.62437
00011.jpg 224 43 436 469 0.62295
00011.jpg 207 275 49 73 0.62035
00011.jpg 15 268 167 251 0.61724
00011.jpg 209 274 51 82 0.60915
00011.jpg 169 33 553 491 0.60862
00011.jpg 208 270 56 83 0.60801
00011.jpg 92 280 192 237 0.59559
00011.jpg 212 272 50 76 0.58909
00011.jpg 208 272 58 80 0.58172
00011.jpg 6 273 103 254 0.57976
00011.jpg 81 276 194 235 0.57909
00011.jpg 206 272 56 79 0.57683
00011.jpg 13 280 85 255 0.57638
00011.jpg 8 280 88 255 0.57359
00011.jpg 59 265 237 260 0.57201
00011.jpg 210 270 55 78 0.56940
00011.jpg 74 253 199 279 0.56575
00011.jpg 4 275 107 246 0.56493
00011.jpg 68 273 228 250 0.55351
00011.jpg 3 300 97 146 0.55036
00011.jpg 67 242 239 284 0.54944
00011.jpg 74 265 198 267 0.54944
00011.jpg 90 271 172 246 0.54897
00011.jpg 206 280 59 86 0.54846
00011.jpg 207 269 49 80 0.54541
00011.jpg 0 282 115 245 0.54010
00011.jpg 210 274 58 81 0.54000
00011.jpg 0 273 108 234 0.53785
00011.jpg 38 248 286 282 0.52993
00011.jpg 210 273 49 83 0.52902
00011.jpg 205 274 52 84 0.52184
00011.jpg 206 279 49 78 0.52110
00011.jpg 75 248 213 255 0.52047
00011.jpg 208 274 55 98 0.51406
00011.jpg 208 273 60 97 0.51065
00011.jpg 3 278 97 244 0.50905
00011.jpg 58 268 253 261 0.50809
00011.jpg 1 289 85 155 0.50293
