00037.jpg 136 36 430 503 0.99988
00037.jpg 144 68 440 454 0.99947
00037.jpg 133 66 466 462 0.99898
00037.jpg 157 45 420 476 0.99895
00037.jpg 154 54 425 470 0.99870
00037.jpg 118 37 467 477 0.99866
00037.jpg 1 269 128 269 0.99856
00037.jpg 3 282 134 249 0.99841
00037.jpg 152 60 408 471 0.99833
00037.jpg 141 58 437 478 0.99827
00037.jpg 149 61 425 461 0.99805
00037.jpg 2 278 132 255 0.99802
00037.jpg 0 284 134 243 0.99785
00037.jpg 141 58 438 469 0.99773
00037.jpg 150 58 411 459 0.99770
00037.jpg 0 280 132 252 0.99770
00037.jpg 0 281 135 253 0.99750
00037.jpg 146 48 432 480 0.99736
00037.jpg 0 275 136 258 0.99713
00037.jpg 1 272 132 264 0.99666
00037.jpg 140 56 444 467 0.99644
00037.jpg 157 50 416 484 0.99628
00037.jpg 157 74 422 445 0.99592
00037.jpg 0 277 139 258 0.99568
00037.jpg 0 271 132 268 0.99540
00037.jpg 153 45 424 484 0.99459
00037.jpg 145 62 442 457 0.99435
00037.jpg 0 281 133 250 0.99389
00037.jpg 150 56 428 472 0.99349
00037.jpg 0 278 136 260 0.99325
00037.jpg 0 267 129 267 0.99289
00037.jpg 151 50 410 489 0.99287
00037.jpg 0 278 137 243 0.99215
00037.jpg 0 280 135 246 0.99215
00037.jpg 158 81 452 434 0.99206
00037.jpg 5 276 126 261 0.99164
00037.jpg 0 268 135 267 0.99105
00037.jpg 144 48 445 479 0.99093
00037.jpg 164 66 404 459 0.99051
00037.jpg 0 276 131 259 0.98956
00037.jpg 144 51 437 477 0.98904
00037.jpg 115 56 472 475 0.98807
00037.jpg 0 275 137 263 0.98760
00037.jpg 0 269 137 266 0.98750
00037.jpg 0 278 137 249 0.98677
00037.jpg 4 280 125 250 0.98569
00037.jpg 3 278 126 250 0.98531
00037.jpg 0 285 135 244 0.98472
00037.jpg 163 49 401 465 0.98373
00037.jpg 133 72 436 449 0.98320
00037.jpg 0 277 129 252 0.98282
00037.jpg 150 48 420 482 0.98258
00037.jpg 0 282 138 251 0.98232
00037.jpg 1 281 134 255 0.98213
00037.jpg 3 278 130 257 0.98206
00037.jpg 136 66 471 460 0.98199
00037.jpg 0 275 133 249 0.98157
00037.jpg 0 276 140 255 0.98135
00037.jpg 4 290 135 218 0.98044
00037.jpg 0 275 131 264 0.98008
00037.jpg 0 278 136 257 0.97742
00037.jpg 0 274 136 265 0.97655
00037.jpg 1 279 133 245 0.97428
00037.jpg 100 69 512 445 0.97036
00037.jpg 157 59 422 472 0.97012
00037.jpg 2 281 130 251 0.96969
00037.jpg 2 276 133 258 0.96938
00037.jpg 1 279 128 255 0.96878
00037.jpg 140 65 446 464 0.95996
00037.jpg 1 279 136 256 0.95935
00037.jpg 143 55 426 471 0.95241
00037.jpg 0 285 134 245 0.95148
00037.jpg 2 287 122 236 0.94975
00037.jpg 171 56 408 462 0.94555
00037.jpg 114 41 471 498 0.93883
00037.jpg 164 51 411 484 0.93722
00037.jpg 0 270 134 257 0.93512
00037.jpg 0 272 134 257 0.93350
00037.jpg 140 64 435 449 0.93277
00037.jpg 0 280 138 249 0.91828
00037.jpg 168 54 408 466 0.91792
00037.jpg 0 265 137 274 0.91490
00037.jpg 150 49 443 486 0.91480
00037.jpg 167 51 410 474 0.90741
00037.jpg 141 57 420 482 0.90285
00037.jpg 129 50 445 472 0.89310
00037.jpg 155 66 428 465 0.89262
00037.jpg 2 266 130 267 0.88812
00037.jpg 117 64 466 432 0.88520
00037.jpg 175 61 403 474 0.87926
00037.jpg 164 44 404 485 0.86078
00037.jpg 6 268 130 268 0.84931
00037.jpg 0 281 131 251 0.84663
00037.jpg 2 277 131 257 0.81885
00037.jpg 3 276 127 252 0.81011
00037.jpg 1 279 132 259 0.79119
00037.jpg 147 50 431 481 0.77928
00037.jpg 110 48 470 461 0.77870
00037.jpg 6 270 131 265 0.76594
00037.jpg 160 47 415 488 0.75377
00037.jpg 154 65 412 464 0.71995
00037.jpg 7 280 129 243 0.71753
00037.jpg 179 63 383 468 0.68040
00037.jpg 148 56 437 474 0.67168
00037.jpg 6 280 118 250 0.67019
00037.jpg 1 279 125 249 0.64022
00037.jpg 3 279 131 249 0.63368
00037.jpg 136 71 446 451 0.62324
00037.jpg 4 275 130 255 0.61961
00037.jpg 0 281 143 241 0.61581
00037.jpg 125 69 454 432 0.59160
00037.jpg 192 47 386 471 0.57427
00037.jpg 0 278 131 249 0.55361
00037.jpg 153 75 409 434 0.55245
00037.jpg 1 260 127 274 0.54266
00037.jpg 151 62 421 467 0.50113
