00038.jpg 157 58 415 457 0.99970
00038.jpg 155 63 437 476 0.99970
00038.jpg 135 47 440 465 0.99961
00038.jpg 157 41 442 477 0.99952
00038.jpg 150 54 434 471 0.99928
00038.jpg 165 39 409 472 0.99912
00038.jpg 151 45 431 474 0.99888
00038.jpg 144 49 437 490 0.99875
00038.jpg 1 273 135 266 0.99873
00038.jpg 0 281 132 256 0.99872
00038.jpg 0 273 134 265 0.99843
00038.jpg 7 278 129 250 0.99840
00038.jpg 140 51 436 467 0.99831
00038.jpg 4 288 130 240 0.99825
00038.jpg 0 280 136 252 0.99788
00038.jpg 154 50 423 477 0.99767
00038.jpg 139 56 452 461 0.99767
00038.jpg 0 282 136 257 0.99766
00038.jpg 138 60 427 476 0.99762
00038.jpg 146 49 416 468 0.99745
00038.jpg 1 276 133 263 0.99742
00038.jpg 152 50 428 465 0.99730
00038.jpg 0 283 133 249 0.99724
00038.jpg 140 37 433 477 0.99671
00038.jpg 3 275 131 262 0.99668
00038.jpg 144 52 431 478 0.99653
00038.jpg 159 39 418 491 0.99635
00038.jpg 160 48 419 481 0.99626
00038.jpg 151 55 425 466 0.99624
00038.jpg 0 278 138 256 0.99572
00038.jpg 150 52 429 483 0.99560
00038.jpg 151 43 433 480 0.99530
00038.jpg 2 282 131 250 0.99510
00038.jpg 155 53 433 476 0.99467
00038.jpg 155 52 406 483 0.99427
00038.jpg 159 59 404 467 0.99388
00038.jpg 138 54 432 472 0.99355
00038.jpg 1 281 133 247 0.99294
00038.jpg 152 46 416 471 0.99275
00038.jpg 160 51 415 461 0.99247
00038.jpg 1 269 137 269 0.99206
00038.jpg 1 279 137 254 0.99182
00038.jpg 3 280 136 258 0.99069
00038.jpg 134 58 431 451 0.99067
00038.jpg 4 281 131 257 0.99032
00038.jpg 0 277 136 259 0.99007
00038.jpg 2 273 130 266 0.98998
00038.jpg 0 276 134 261 0.98919
00038.jpg 0 280 132 255 0.98855
00038.jpg 0 269 128 261 0.98786
00038.jpg 134 49 440 471 0.98774
00038.jpg 0 275 132 261 0.98763
00038.jpg 0 279 143 258 0.98722
00038.jpg 0 277 135 258 0.98650
00038.jpg 1 282 134 239 0.98537
00038.jpg 1 271 129 268 0.98514
00038.jpg 152 69 424 441 0.98422
00038.jpg 0 278 136 260 0.98378
00038.jpg 0 283 133 246 0.98316
00038.jpg 0 272 133 267 0.98193
00038.jpg 1 282 133 252 0.98153
00038.jpg 6 275 127 259 0.97960
00038.jpg 6 295 130 228 0.97916
00038.jpg 3 282 135 252 0.97523
00038.jpg 2 280 133 243 0.97482
00038.jpg 155 54 433 471 0.97298
00038.jpg 5 286 121 243 0.97296
00038.jpg 166 53 404 462 0.97221
00038.jpg 3 285 135 252 0.97214
00038.jpg 1 279 132 256 0.97157
00038.jpg 4 276 118 250 0.96670
00038.jpg 1 276 137 259 0.96422
00038.jpg 4 269 132 266 0.96340
00038.jpg 0 282 135 249 0.96114
00038.jpg 166 48 403 481 0.95893
00038.jpg 155 57 425 464 0.95882
00038.jpg 152 67 441 459 0.94704
00038.jpg 0 276 137 260 0.94266
00038.jpg 0 279 134 259 0.93713
00038.jpg 150 50 421 477 0.93064
00038.jpg 0 271 140 268 0.92981
00038.jpg 164 61 408 456 0.90526
00038.jpg 136 73 453 450 0.90250
00038.jpg 153 60 442 467 0.89969
00038.jpg 165 42 412 495 0.88755
00038.jpg 11 279 117 253 0.87850
00038.jpg 3 273 133 266 0.87375
00038.jpg 149 33 427 500 0.86544
00038.jpg 169 48 394 491 0.86285
00038.jpg 0 282 135 244 0.85386
00038.jpg 167 56 414 466 0.84214
00038.jpg 5 284 126 246 0.84165
00038.jpg 1 275 134 248 0.83897
00038.jpg 121 63 457 441 0.83682
00038.jpg 3 279 129 250 0.79454
00038.jpg 2 273 127 259 0.79439
00038.jpg 8 284 129 240 0.76766
00038.jpg 119 48 456 462 0.76368
00038.jpg 139 65 458 451 0.74990
00038.jpg 7 278 122 255 0.73507
00038.jpg 2 281 135 249 0.71170
00038.jpg 4 278 136 247 0.69924
00038.jpg 2 280 141 250 0.67090
00038.jpg 174 58 390 472 0.66509
00038.jpg 132 47 431 484 0.64993
00038.jpg 6 277 125 249 0.64226
00038.jpg 161 42 411 487 0.63791
00038.jpg 0 279 143 246 0.61569
00038.jpg 0 281 132 240 0.58331
00038.jpg 186 65 381 467 0.57608
00038.jpg 2 285 130 238 0.56096
00038.jpg 108 74 488 429 0.55953
00038.jpg 6 278 135 258 0.55619
00038.jpg 2 285 127 241 0.53224
00038.jpg 1 285 143 245 0.50299
