00030.jpg 209 48 365 473 0.99915
00030.jpg 215 52 359 478 0.99875
00030.jpg 206 45 401 474 0.99857
00030.jpg 2 280 133 259 0.99847
00030.jpg 7 276 130 259 0.99812
00030.jpg 224 52 361 471 0.99808
00030.jpg 218 53 359 455 0.99804
00030.jpg 208 38 391 484 0.99791
00030.jpg 3 274 143 262 0.99789
00030.jpg 1 274 131 262 0.99762
00030.jpg 200 56 374 477 0.99744
00030.jpg 216 44 370 478 0.99741
00030.jpg 202 43 379 486 0.99731
00030.jpg 204 47 374 478 0.99692
00030.jpg 6 274 129 259 0.99662
00030.jpg 204 49 387 484 0.99632
00030.jpg 203 39 364 486 0.99629
00030.jpg 223 54 373 471 0.99626
00030.jpg 0 281 134 253 0.99614
00030.jpg 185 62 394 458 0.99606
00030.jpg 206 34 382 473 0.99565
00030.jpg 3 281 139 242 0.99527
00030.jpg 213 49 374 473 0.99516
00030.jpg 2 276 138 262 0.99500
00030.jpg 0 279 142 253 0.99477
00030.jpg 220 42 362 478 0.99455
00030.jpg 0 270 138 269 0.99378
00030.jpg 7 277 135 262 0.99308
00030.jpg 216 41 371 489 0.99249
00030.jpg 4 279 136 253 0.99216
00030.jpg 217 59 346 468 0.99156
00030.jpg 2 282 136 257 0.99142
00030.jpg 1 282 132 250 0.99135
00030.jpg 3 281 136 250 0.98963
00030.jpg 5 284 139 232 0.98920
00030.jpg 195 51 397 475 0.98889
00030.jpg 4 277 138 245 0.98868
00030.jpg 2 273 136 266 0.98840
00030.jpg 6 277 135 257 0.98802
00030.jpg 2 275 131 264 0.98788
00030.jpg 221 46 365 477 0.98775
00030.jpg 1 277 137 261 0.98731
00030.jpg 144 262 107 273 0.98646
00030.jpg 4 277 139 259 0.98563
00030.jpg 151 253 107 275 0.98502
00030.jpg 3 280 137 249 0.98447
00030.jpg 0 268 143 271 0.98414
00030.jpg 143 260 114 266 0.98241
00030.jpg 2 276 141 260 0.98203
00030.jpg 214 43 357 476 0.98180
00030.jpg 5 280 135 250 0.98141
00030.jpg 209 46 366 473 0.98109
00030.jpg 147 263 108 268 0.98060
00030.jpg 9 273 132 266 0.97932
00030.jpg 202 48 383 475 0.97896
00030.jpg 214 61 375 457 0.97835
00030.jpg 4 282 136 250 0.97610
00030.jpg 5 280 130 254 0.97493
00030.jpg 5 273 135 260 0.97451
00030.jpg 142 255 117 271 0.97383
00030.jpg 150 266 107 258 0.97239
00030.jpg 0 278 132 258 0.97222
00030.jpg 208 56 382 466 0.97154
00030.jpg 2 276 140 263 0.97142
00030.jpg 3 284 133 245 0.97093
00030.jpg 172 62 424 462 0.97087
00030.jpg 149 259 107 275 0.96789
00030.jpg 153 272 96 256 0.96787
00030.jpg 7 281 132 252 0.96744
00030.jpg 145 256 111 278 0.96643
00030.jpg 147 262 105 269 0.96544
00030.jpg 139 253 120 277 0.96442
00030.jpg 217 43 367 493 0.96395
00030.jpg 145 262 113 266 0.96307
00030.jpg 142 261 113 264 0.96174
00030.jpg 152 260 104 266 0.96091
00030.jpg 148 258 112 275 0.96071
00030.jpg 217 42 356 490 0.95928
00030.jpg 146 266 102 262 0.95860
00030.jpg 1 282 134 249 0.95860
00030.jpg 175 42 415 490 0.95626
00030.jpg 145 258 105 270 0.95602
00030.jpg 1 279 139 258 0.95496
00030.jpg 10 277 137 252 0.95397
00030.jpg 148 263 97 263 0.95281
00030.jpg 209 31 372 508 0.95252
00030.jpg 161 48 417 486 0.95249
00030.jpg 143 260 112 266 0.95146
00030.jpg 196 61 380 453 0.95118
00030.jpg 221 38 359 495 0.94933
00030.jpg 0 268 141 264 0.94874
00030.jpg 218 49 367 470 0.94836
00030.jpg 0 285 137 248 0.94815
00030.jpg 142 264 112 255 0.94815
00030.jpg 147 267 106 259 0.94814
00030.jpg 212 60 366 467 0.94635
00030.jpg 149 257 108 270 0.94588
00030.jpg 145 264 108 267 0.94327
00030.jpg 144 270 110 259 0.94103
00030.jpg 145 263 102 265 0.93330
00030.jpg 142 263 118 258 0.92998
00030.jpg 149 270 100 257 0.92816
00030.jpg 153 261 103 268 0.92413
00030.jpg 7 281 120 254 0.92345
00030.jpg 0 272 144 262 0.92229
00030.jpg 143 261 108 264 0.92042
00030.jpg 2 279 135 250 0.91755
00030.jpg 146 265 100 256 0.91636
00030.jpg 153 260 94 265 0.91551
00030.jpg 149 257 99 274 0.91190
00030.jpg 147 264 104 257 0.90671
00030.jpg 0 276 149 251 0.90547
00030.jpg 232 52 339 477 0.90093
00030.jpg 217 44 355 473 0.89588
00030.jpg 0 275 144 264 0.88945
00030.jpg 147 263 106 266 0.88828
00030.jpg 150 261 103 267 0.88718
00030.jpg 139 270 120 260 0.88020
00030.jpg 145 261 110 264 0.87180
00030.jpg 153 266 92 260 0.84807
00030.jpg 9 282 131 246 0.84533
00030.jpg 4 279 136 260 0.84518
00030.jpg 4 284 135 248 0.83720
00030.jpg 148 263 106 264 0.83397
00030.jpg 149 266 103 254 0.83255
00030.jpg 4 275 130 264 0.82596
00030.jpg 8 265 127 270 0.81625
00030.jpg 146 263 104 267 0.81384
00030.jpg 146 267 103 266 0.80648
00030.jpg 155 257 95 272 0.80295
00030.jpg 139 260 117 268 0.79857
00030.jpg 212 49 372 479 0.79760
00030.jpg 220 58 373 467 0.79529
00030.jpg 209 60 365 470 0.78704
00030.jpg 152 254 110 284 0.76685
00030.jpg 246 25 316 512 0.75894
00030.jpg 144 260 108 267 0.75666
00030.jpg 6 277 132 253 0.75193
00030.jpg 140 260 119 272 0.73791
00030.jpg 230 54 345 478 0.73241
00030.jpg 151 256 103 276 0.72916
00030.jpg 150 254 112 268 0.72263
00030.jpg 144 256 103 272 0.70494
00030.jpg 226 35 356 481 0.69830
00030.jpg 152 258 97 270 0.69064
00030.jpg 140 269 106 249 0.68931
00030.jpg 1 278 136 253 0.68724
00030.jpg 3 278 148 247 0.68423
00030.jpg 156 263 107 258 0.67263
00030.jpg 150 262 110 267 0.67183
00030.jpg 212 54 372 473 0.67109
00030.jpg 144 260 100 262 0.66087
00030.jpg 148 48 412 456 0.65705
00030.jpg 151 262 110 271 0.64710
00030.jpg 155 255 111 263 0.64043
00030.jpg 151 263 103 257 0.63468
00030.jpg 226 59 335 464 0.62692
00030.jpg 137 263 127 263 0.61586
00030.jpg 161 73 446 425 0.61287
00030.jpg 2 267 129 264 0.61097
00030.jpg 2 276 130 252 0.60483
00030.jpg 178 46 392 481 0.60340
00030.jpg 140 263 104 268 0.59436
00030.jpg 153 263 101 265 0.58644
00030.jpg 151 264 107 256 0.58283
00030.jpg 222 61 341 448 0.56554
00030.jpg 232 50 341 473 0.56122
00030.jpg 149 269 98 252 0.56025
00030.jpg 188 59 407 416 0.55833
00030.jpg 157 258 106 264 0.55524
00030.jpg 198 34 401 485 0.55454
00030.jpg 148 261 112 262 0.55440
00030.jpg 139 246 100 279 0.54048
00030.jpg 143 268 113 246 0.53932
00030.jpg 215 54 355 475 0.53555
00030.jpg 154 267 104 260 0.53484
00030.jpg 154 252 113 275 0.52831
00030.jpg 196 49 390 468 0.52705
00030.jpg 139 263 111 264 0.51606
00030.jpg 213 49 379 459 0.50606
