00033.jpg 202 58 367 474 0.99958
00033.jpg 212 67 377 448 0.99942
00033.jpg 206 56 373 472 0.99941
00033.jpg 205 56 377 461 0.99870
00033.jpg 192 53 389 459 0.99867
00033.jpg 210 64 358 462 0.99863
00033.jpg 1 280 141 246 0.99826
00033.jpg 1 277 137 260 0.99805
00033.jpg 213 66 351 463 0.99777
00033.jpg 220 49 360 480 0.99762
00033.jpg 214 58 360 471 0.99744
00033.jpg 208 51 364 471 0.99724
00033.jpg 221 53 344 464 0.99708
00033.jpg 210 43 373 473 0.99703
00033.jpg 3 273 150 258 0.99666
00033.jpg 1 277 143 251 0.99651
00033.jpg 223 55 342 462 0.99589
00033.jpg 5 275 148 252 0.99576
00033.jpg 219 59 348 462 0.99571
00033.jpg 206 57 370 471 0.99570
00033.jpg 214 54 358 461 0.99555
00033.jpg 220 62 350 467 0.99551
00033.jpg 213 58 340 460 0.99439
00033.jpg 0 279 144 245 0.99374
00033.jpg 222 54 341 459 0.99258
00033.jpg 222 51 355 476 0.99231
00033.jpg 215 56 371 461 0.99209
00033.jpg 0 273 146 258 0.99158
00033.jpg 3 283 140 250 0.99062
00033.jpg 194 44 407 467 0.98979
00033.jpg 3 269 138 264 0.98852
00033.jpg 2 280 141 252 0.98831
00033.jpg 2 275 139 255 0.98742
00033.jpg 221 65 345 451 0.98713
00033.jpg 5 276 147 243 0.98706
00033.jpg 3 280 134 250 0.98696
00033.jpg 211 47 361 488 0.98628
00033.jpg 3 277 138 241 0.98549
00033.jpg 0 280 148 252 0.98501
00033.jpg 0 269 144 268 0.98483
00033.jpg 0 275 144 263 0.98427
00033.jpg 5 281 141 250 0.98277
00033.jpg 1 272 142 263 0.98154
00033.jpg 3 275 142 249 0.98113
00033.jpg 6 273 143 258 0.98070
00033.jpg 4 278 143 249 0.97995
00033.jpg 5 282 133 247 0.97969
00033.jpg 208 50 358 470 0.97946
00033.jpg 0 279 146 254 0.97860
00033.jpg 0 277 144 258 0.97760
00033.jpg 216 62 347 454 0.97750
00033.jpg 212 58 374 477 0.97696
00033.jpg 0 276 145 247 0.97620
00033.jpg 0 273 143 259 0.97605
00033.jpg 219 56 361 463 0.97278
00033.jpg 4 281 141 240 0.97210
00033.jpg 0 271 140 262 0.97149
00033.jpg 203 57 371 464 0.97112
00033.jpg 2 275 140 247 0.96975
00033.jpg 210 55 365 460 0.96888
00033.jpg 0 273 148 259 0.96799
00033.jpg 144 271 104 262 0.96707
00033.jpg 136 272 115 259 0.96487
00033.jpg 4 283 138 245 0.96352
00033.jpg 4 277 132 251 0.96095
00033.jpg 143 279 114 254 0.96080
00033.jpg 2 274 141 253 0.96047
00033.jpg 144 265 101 257 0.95991
00033.jpg 135 266 118 266 0.95985
00033.jpg 149 272 100 267 0.95943
00033.jpg 148 268 101 268 0.95796
00033.jpg 215 54 351 468 0.95418
00033.jpg 142 273 110 253 0.95077
00033.jpg 191 47 391 463 0.95038
00033.jpg 0 276 139 250 0.94850
00033.jpg 146 275 112 257 0.94490
00033.jpg 221 48 355 483 0.94398
00033.jpg 141 277 113 252 0.94111
00033.jpg 0 275 141 257 0.93938
00033.jpg 219 53 348 479 0.93878
00033.jpg 143 260 110 273 0.93369
00033.jpg 2 277 136 255 0.92979
00033.jpg 0 282 142 249 0.92774
00033.jpg 0 267 151 265 0.92748
00033.jpg 2 277 140 249 0.92339
00033.jpg 143 269 108 259 0.92259
00033.jpg 217 63 364 437 0.92133
00033.jpg 209 60 349 469 0.91747
00033.jpg 205 61 376 467 0.91701
00033.jpg 6 283 130 244 0.91658
00033.jpg 150 270 93 258 0.91182
00033.jpg 143 274 112 258 0.91092
00033.jpg 147 273 107 254 0.91034
00033.jpg 147 273 99 260 0.90985
00033.jpg 5 282 132 241 0.90683
00033.jpg 4 266 154 258 0.90465
00033.jpg 144 269 105 262 0.89715
00033.jpg 209 47 355 485 0.89009
00033.jpg 150 272 99 259 0.88984
00033.jpg 218 69 360 459 0.88927
00033.jpg 142 266 110 267 0.88789
00033.jpg 152 265 96 261 0.88678
00033.jpg 144 275 103 257 0.88642
00033.jpg 148 268 100 260 0.88427
00033.jpg 3 258 131 274 0.88397
00033.jpg 141 262 109 271 0.88392
00033.jpg 137 274 118 251 0.88365
00033.jpg 7 270 132 266 0.87829
00033.jpg 145 264 97 265 0.87436
00033.jpg 144 280 104 242 0.87227
00033.jpg 0 277 144 251 0.87101
00033.jpg 147 265 108 264 0.87035
00033.jpg 216 38 358 501 0.86272
00033.jpg 213 62 380 442 0.86206
00033.jpg 140 270 113 262 0.86197
00033.jpg 152 269 96 258 0.86124
00033.jpg 141 275 111 255 0.85152
00033.jpg 152 276 85 254 0.84908
00033.jpg 220 54 359 464 0.84826
00033.jpg 172 71 444 426 0.84463
00033.jpg 154 270 91 259 0.83109
00033.jpg 220 35 342 486 0.82721
00033.jpg 145 276 106 254 0.81303
00033.jpg 181 38 341 487 0.81232
00033.jpg 138 269 108 261 0.78033
00033.jpg 149 268 107 260 0.77806
00033.jpg 139 273 107 252 0.77226
00033.jpg 179 37 378 488 0.76458
00033.jpg 5 268 157 249 0.75926
00033.jpg 143 283 100 248 0.75687
00033.jpg 0 278 143 248 0.74867
00033.jpg 3 279 155 234 0.74616
00033.jpg 0 270 178 248 0.74582
00033.jpg 142 272 110 252 0.74284
00033.jpg 170 54 399 478 0.73609
00033.jpg 147 275 100 256 0.73028
00033.jpg 156 266 94 262 0.72353
00033.jpg 138 282 105 247 0.71917
00033.jpg 229 41 350 489 0.71542
00033.jpg 128 268 123 271 0.70428
00033.jpg 213 73 363 459 0.70291
00033.jpg 135 271 121 263 0.69871
00033.jpg 163 60 477 441 0.69574
00033.jpg 146 282 94 243 0.69182
00033.jpg 155 280 93 247 0.69064
00033.jpg 0 278 137 240 0.68447
00033.jpg 0 283 161 239 0.66172
00033.jpg 5 285 134 224 0.64991
00033.jpg 130 275 131 247 0.64103
00033.jpg 148 268 104 255 0.63896
00033.jpg 146 275 98 255 0.63691
00033.jpg 142 270 105 239 0.63571
00033.jpg 176 66 407 458 0.63456
00033.jpg 140 264 105 275 0.61313
00033.jpg 1 280 136 223 0.61105
00033.jpg 151 278 104 245 0.60448
00033.jpg 158 276 87 256 0.60048
00033.jpg 138 273 113 240 0.58874
00033.jpg 140 273 100 255 0.58857
00033.jpg 0 269 169 250 0.57871
00033.jpg 6 276 123 252 0.57458
00033.jpg 191 46 361 468 0.57387
00033.jpg 166 284 72 222 0.56679
00033.jpg 0 270 139 246 0.54754
00033.jpg 146 267 110 263 0.54032
00033.jpg 138 274 107 256 0.53550
00033.jpg 6 283 133 256 0.53462
00033.jpg 0 278 139 240 0.52887
00033.jpg 196 38 388 489 0.51741
