00044.jpg 155 32 419 492 0.99993
00044.jpg 137 43 461 474 0.99992
00044.jpg 162 27 445 501 0.99989
00044.jpg 156 20 426 509 0.99957
00044.jpg 175 31 385 491 0.99949
00044.jpg 148 43 437 483 0.99933
00044.jpg 136 29 466 505 0.99899
00044.jpg 153 48 429 480 0.99888
00044.jpg 153 34 430 502 0.99883
00044.jpg 147 27 443 505 0.99851
00044.jpg 176 29 397 479 0.99847
00044.jpg 5 277 131 257 0.99843
00044.jpg 144 18 438 498 0.99835
00044.jpg 161 38 417 492 0.99819
00044.jpg 6 271 128 263 0.99794
00044.jpg 5 276 123 252 0.99792
00044.jpg 2 282 130 241 0.99790
00044.jpg 157 41 436 487 0.99753
00044.jpg 0 280 131 248 0.99753
00044.jpg 126 58 450 464 0.99717
00044.jpg 143 26 454 508 0.99694
00044.jpg 3 272 127 260 0.99693
00044.jpg 156 32 426 484 0.99590
00044.jpg 184 49 374 451 0.99556
00044.jpg 166 20 418 516 0.99551
00044.jpg 145 47 462 478 0.99532
00044.jpg 0 279 137 250 0.99522
00044.jpg 144 33 446 504 0.99512
00044.jpg 1 279 134 251 0.99502
00044.jpg 0 281 131 250 0.99501
00044.jpg 179 26 404 506 0.99459
00044.jpg 158 36 443 493 0.99456
00044.jpg 0 275 132 254 0.99411
00044.jpg 157 53 437 469 0.99356
00044.jpg 146 48 445 471 0.99354
00044.jpg 0 277 130 258 0.99341
00044.jpg 0 276 136 258 0.99340
00044.jpg 158 34 424 504 0.99328
00044.jpg 157 58 424 461 0.99325
00044.jpg 165 50 425 450 0.99253
00044.jpg 0 280 133 254 0.99233
00044.jpg 7 273 121 257 0.99194
00044.jpg 2 284 127 238 0.99172
00044.jpg 0 274 133 261 0.99066
00044.jpg 0 279 133 253 0.99037
00044.jpg 0 278 140 257 0.99017
00044.jpg 2 281 131 246 0.98932
00044.jpg 138 46 459 450 0.98900
00044.jpg 145 36 446 493 0.98754
00044.jpg 2 275 133 256 0.98734
00044.jpg 176 40 406 491 0.98720
00044.jpg 150 39 438 486 0.98426
00044.jpg 0 278 140 256 0.98388
00044.jpg 0 277 133 254 0.98248
00044.jpg 2 278 131 247 0.98238
00044.jpg 3 283 130 244 0.98222
00044.jpg 0 277 135 256 0.97867
00044.jpg 0 277 138 258 0.97867
00044.jpg 0 277 133 257 0.97538
00044.jpg 148 22 438 492 0.97390
00044.jpg 0 278 136 250 0.97375
00044.jpg 0 275 126 256 0.97369
00044.jpg 0 276 133 261 0.97368
00044.jpg 168 30 418 508 0.97152
00044.jpg 0 282 137 249 0.96957
00044.jpg 159 29 447 509 0.96660
00044.jpg 5 281 120 246 0.96510
00044.jpg 0 279 137 259 0.96454
00044.jpg 0 285 122 245 0.96431
00044.jpg 5 274 122 262 0.96189
00044.jpg 1 265 136 274 0.95761
00044.jpg 167 34 418 505 0.95755
00044.jpg 152 28 431 486 0.95501
00044.jpg 142 27 456 502 0.95303
00044.jpg 2 282 131 236 0.95205
00044.jpg 0 280 130 243 0.94871
00044.jpg 145 37 433 481 0.94229
00044.jpg 0 285 138 246 0.94163
00044.jpg 144 36 451 489 0.94131
00044.jpg 157 44 429 482 0.93662
00044.jpg 165 33 441 465 0.93496
00044.jpg 5 280 117 248 0.92779
00044.jpg 0 279 133 249 0.92515
00044.jpg 130 51 480 450 0.92469
00044.jpg 158 43 414 478 0.92335
00044.jpg 4 272 122 259 0.92327
00044.jpg 158 49 444 485 0.92179
00044.jpg 1 271 132 257 0.92063
00044.jpg 191 32 389 496 0.92038
00044.jpg 5 282 113 247 0.91347
00044.jpg 4 301 131 224 0.90923
00044.jpg 160 38 436 500 0.90230
00044.jpg 2 266 127 267 0.89996
00044.jpg 137 53 482 466 0.88565
00044.jpg 177 43 407 477 0.88159
00044.jpg 0 277 139 252 0.87669
00044.jpg 0 283 134 231 0.84292
00044.jpg 148 33 453 493 0.83926
00044.jpg 1 281 132 246 0.83192
00044.jpg 163 24 431 510 0.81432
00044.jpg 151 53 467 477 0.80812
00044.jpg 143 54 449 456 0.80476
00044.jpg 161 27 415 486 0.77352
00044.jpg 1 270 134 262 0.74253
00044.jpg 6 281 103 246 0.73007
00044.jpg 9 267 129 268 0.70083
00044.jpg 2 275 128 249 0.67850
00044.jpg 132 53 439 462 0.65917
00044.jpg 9 281 122 230 0.63919
00044.jpg 7 278 126 242 0.63397
00044.jpg 0 282 131 238 0.55364
00044.jpg 129 31 439 507 0.53275
00044.jpg 2 283 134 248 0.52827
00044.jpg 149 48 455 468 0.50718
00044.jpg 0 277 136 252 0.50337
00044.jpg 2 274 120 263 0.49928
