00048.jpg 55 44 563 487 0.99971
00048.jpg 39 21 557 504 0.99958
00048.jpg 37 43 563 461 0.99933
00048.jpg 63 23 535 515 0.99902
00048.jpg 71 32 520 498 0.99888
00048.jpg 33 34 590 493 0.99884
00048.jpg 46 47 551 477 0.99877
00048.jpg 55 19 534 492 0.99819
00048.jpg 76 31 491 482 0.99771
00048.jpg 55 24 552 510 0.99769
00048.jpg 95 25 504 509 0.99726
00048.jpg 68 46 530 444 0.99701
00048.jpg 58 36 512 483 0.99681
00048.jpg 73 36 544 498 0.99679
00048.jpg 41 25 565 502 0.99652
00048.jpg 61 20 555 490 0.99542
00048.jpg 51 38 542 493 0.99442
00048.jpg 78 32 510 507 0.99119
00048.jpg 71 25 525 505 0.98936
00048.jpg 75 18 517 517 0.98854
00048.jpg 23 44 600 473 0.98680
00048.jpg 2 278 121 246 0.98412
00048.jpg 92 33 503 477 0.98356
00048.jpg 54 33 549 486 0.98280
00048.jpg 3 281 134 250 0.98264
00048.jpg 121 40 477 474 0.98121
00048.jpg 84 39 520 472 0.98065
00048.jpg 0 288 131 233 0.97986
00048.jpg 0 278 134 258 0.97969
00048.jpg 0 278 126 253 0.97803
00048.jpg 5 281 121 247 0.97742
00048.jpg 0 277 128 252 0.97654
00048.jpg 2 287 122 245 0.97468
00048.jpg 6 285 123 245 0.97356
00048.jpg 43 24 512 471 0.97308
00048.jpg 1 286 126 242 0.97218
00048.jpg 4 280 122 255 0.97116
00048.jpg 5 280 123 259 0.97027
00048.jpg 6 269 131 263 0.97006
00048.jpg 5 285 116 246 0.96930
00048.jpg 4 286 113 243 0.96775
00048.jpg 0 286 132 242 0.96681
00048.jpg 80 36 513 479 0.96220
00048.jpg 4 286 127 244 0.96026
00048.jpg 43 47 549 452 0.95993
00048.jpg 61 33 537 497 0.95797
00048.jpg 2 284 131 241 0.95669
00048.jpg 2 283 131 246 0.95218
00048.jpg 0 288 128 236 0.95158
00048.jpg 3 288 119 241 0.95026
00048.jpg 5 289 122 238 0.94661
00048.jpg 61 22 539 488 0.94504
00048.jpg 5 282 127 252 0.94305
00048.jpg 74 5 521 534 0.94131
00048.jpg 22 11 618 520 0.93932
00048.jpg 0 281 134 250 0.93766
00048.jpg 75 43 521 480 0.93577
00048.jpg 2 283 129 252 0.93321
00048.jpg 0 282 127 247 0.93245
00048.jpg 0 281 128 257 0.93142
00048.jpg 1 282 135 248 0.92940
00048.jpg 0 278 139 257 0.92637
00048.jpg 4 292 116 235 0.92328
00048.jpg 0 284 130 248 0.92164
00048.jpg 2 274 129 259 0.92043
00048.jpg 5 283 121 244 0.90850
00048.jpg 9 278 132 253 0.89269
00048.jpg 90 38 503 491 0.89224
00048.jpg 3 279 120 253 0.87154
00048.jpg 0 279 125 254 0.86561
00048.jpg 4 284 125 249 0.86520
00048.jpg 0 284 129 247 0.86047
00048.jpg 0 274 131 255 0.83922
00048.jpg 0 281 126 253 0.83876
00048.jpg 1 273 128 256 0.83785
00048.jpg 0 283 133 233 0.83328
00048.jpg 0 277 127 257 0.82135
00048.jpg 4 284 115 246 0.81888
00048.jpg 0 34 592 500 0.81610
00048.jpg 2 284 134 255 0.78410
00048.jpg 2 270 125 259 0.78166
00048.jpg 102 31 490 490 0.76363
00048.jpg 3 279 117 250 0.76076
00048.jpg 59 15 625 500 0.75139
00048.jpg 101 5 498 525 0.74018
00048.jpg 109 29 500 483 0.73860
00048.jpg 5 293 147 222 0.73091
00048.jpg 1 286 127 244 0.69701
00048.jpg 6 280 132 245 0.67713
00048.jpg 1 278 168 245 0.66178
00048.jpg 36 25 555 489 0.65624
00048.jpg 6 271 135 259 0.64907
00048.jpg 0 66 629 459 0.64735
00048.jpg 79 41 551 470 0.62999
00048.jpg 10 283 152 237 0.60441
00048.jpg 0 274 168 261 0.60412
00048.jpg 87 45 495 494 0.60267
00048.jpg 136 23 460 496 0.57740
00048.jpg 14 43 585 485 0.57405
00048.jpg 84 8 525 522 0.56853
00048.jpg 7 0 577 533 0.56850
00048.jpg 0 274 176 251 0.55418
00048.jpg 4 271 153 262 0.54967
00048.jpg 0 282 127 247 0.52797
00048.jpg 1 277 118 251 0.49921
