00055.jpg 40 19 582 517 0.99971
00055.jpg 59 26 585 489 0.99958
00055.jpg 41 39 582 443 0.99944
00055.jpg 36 17 616 506 0.99943
00055.jpg 84 36 541 464 0.99929
00055.jpg 107 19 520 509 0.99928
00055.jpg 59 48 595 468 0.99847
00055.jpg 56 41 579 461 0.99847
00055.jpg 40 39 606 460 0.99778
00055.jpg 53 47 573 462 0.99754
00055.jpg 96 30 525 484 0.99677
00055.jpg 39 50 608 456 0.99643
00055.jpg 69 30 588 498 0.99534
00055.jpg 35 47 586 435 0.99500
00055.jpg 32 42 612 476 0.99392
00055.jpg 46 34 613 482 0.99391
00055.jpg 54 27 578 497 0.99145
00055.jpg 0 265 140 262 0.99072
00055.jpg 106 30 529 490 0.98919
00055.jpg 71 45 576 452 0.98910
00055.jpg 62 33 568 498 0.98894
00055.jpg 0 267 144 269 0.98872
00055.jpg 67 48 551 471 0.98846
00055.jpg 1 276 139 255 0.98695
00055.jpg 1 264 146 263 0.98630
00055.jpg 4 274 135 246 0.98588
00055.jpg 65 41 582 478 0.98563
00055.jpg 5 273 138 256 0.98432
00055.jpg 2 268 140 265 0.98412
00055.jpg 0 271 141 264 0.98353
00055.jpg 2 278 137 244 0.98240
00055.jpg 0 276 141 256 0.98044
00055.jpg 0 270 149 255 0.98012
00055.jpg 49 36 602 477 0.97914
00055.jpg 4 276 135 253 0.97840
00055.jpg 64 50 584 459 0.97831
00055.jpg 71 50 561 458 0.97812
00055.jpg 7 282 130 239 0.97661
00055.jpg 0 274 143 253 0.97435
00055.jpg 48 43 580 479 0.97425
00055.jpg 55 56 600 429 0.97375
00055.jpg 0 279 138 247 0.97208
00055.jpg 43 64 589 451 0.96979
00055.jpg 0 271 138 248 0.96959
00055.jpg 4 274 134 245 0.96909
00055.jpg 0 268 138 261 0.96602
00055.jpg 2 265 139 268 0.96563
00055.jpg 61 35 570 495 0.96379
00055.jpg 1 267 143 253 0.96247
00055.jpg 3 274 140 244 0.96201
00055.jpg 4 265 137 258 0.96100
00055.jpg 2 272 134 250 0.95873
00055.jpg 0 256 145 257 0.95785
00055.jpg 1 280 144 235 0.95659
00055.jpg 48 35 599 476 0.95634
00055.jpg 0 269 140 258 0.95611
00055.jpg 0 265 138 270 0.95392
00055.jpg 0 276 141 259 0.95196
00055.jpg 0 272 137 258 0.95178
00055.jpg 0 253 136 279 0.94867
00055.jpg 0 267 141 263 0.94665
00055.jpg 0 259 141 263 0.94661
00055.jpg 1 274 143 242 0.93275
00055.jpg 1 265 139 268 0.92590
00055.jpg 9 266 117 251 0.91923
00055.jpg 0 265 142 261 0.91873
00055.jpg 4 268 139 254 0.91764
00055.jpg 0 266 153 251 0.90315
00055.jpg 59 37 605 486 0.89513
00055.jpg 1 271 146 243 0.89156
00055.jpg 6 277 137 245 0.89064
00055.jpg 0 272 143 250 0.88838
00055.jpg 51 26 532 485 0.87494
00055.jpg 0 273 142 249 0.87356
00055.jpg 31 57 622 440 0.87225
00055.jpg 88 35 545 494 0.87199
00055.jpg 60 27 583 490 0.86706
00055.jpg 3 277 135 246 0.86657
00055.jpg 8 259 116 266 0.85956
00055.jpg 69 49 591 471 0.84727
00055.jpg 4 277 136 243 0.84687
00055.jpg 102 55 542 401 0.84075
00055.jpg 94 35 527 498 0.80607
00055.jpg 0 270 142 241 0.79415
00055.jpg 4 277 125 238 0.78673
00055.jpg 37 48 604 410 0.78604
00055.jpg 0 267 143 259 0.77703
00055.jpg 71 30 555 501 0.73687
00055.jpg 0 266 146 263 0.73580
00055.jpg 0 277 141 254 0.72994
00055.jpg 1 274 138 252 0.72387
00055.jpg 3 263 149 251 0.70405
00055.jpg 3 277 141 242 0.69481
00055.jpg 3 271 141 246 0.69481
00055.jpg 89 25 541 478 0.68819
00055.jpg 0 264 148 269 0.68524
00055.jpg 6 254 140 275 0.68206
00055.jpg 2 277 140 245 0.68096
00055.jpg 50 55 540 467 0.66842
00055.jpg 4 267 153 252 0.59461
00055.jpg 108 39 508 478 0.58390
00055.jpg 3 280 130 238 0.56073
00055.jpg 94 46 536 479 0.55229
00055.jpg 5 276 141 234 0.55176
00055.jpg 61 57 583 473 0.54768
