00080.jpg 127 55 590 442 0.99981
00080.jpg 153 49 571 468 0.99963
00080.jpg 103 53 611 466 0.99961
00080.jpg 96 53 677 486 0.99935
00080.jpg 123 48 565 479 0.99909
00080.jpg 116 43 603 474 0.99908
00080.jpg 113 52 593 463 0.99881
00080.jpg 136 56 574 475 0.99863
00080.jpg 122 77 600 403 0.99845
00080.jpg 121 48 587 473 0.99825
00080.jpg 112 58 621 442 0.99786
00080.jpg 0 281 117 253 0.99769
00080.jpg 1 270 113 262 0.99746
00080.jpg 0 279 122 251 0.99723
00080.jpg 164 38 543 501 0.99715
00080.jpg 116 57 607 462 0.99694
00080.jpg 153 42 561 497 0.99678
00080.jpg 115 31 625 508 0.99624
00080.jpg 2 278 117 247 0.99623
00080.jpg 154 45 504 477 0.99564
00080.jpg 0 275 122 261 0.99534
00080.jpg 141 68 580 463 0.99521
00080.jpg 7 274 112 254 0.99463
00080.jpg 0 275 122 253 0.99411
00080.jpg 5 276 103 259 0.99409
00080.jpg 0 277 110 254 0.99361
00080.jpg 116 37 638 502 0.99233
00080.jpg 0 279 125 257 0.99215
00080.jpg 12 271 104 263 0.99208
00080.jpg 4 273 114 258 0.99159
00080.jpg 4 280 115 244 0.99153
00080.jpg 2 267 107 265 0.99131
00080.jpg 111 80 605 418 0.99101
00080.jpg 123 63 586 419 0.99097
00080.jpg 0 275 117 250 0.99027
00080.jpg 2 281 115 239 0.98987
00080.jpg 2 277 113 258 0.98971
00080.jpg 3 280 111 241 0.98960
00080.jpg 2 279 117 241 0.98956
00080.jpg 123 57 571 472 0.98942
00080.jpg 1 270 117 266 0.98747
00080.jpg 128 50 549 479 0.98686
00080.jpg 4 278 114 254 0.98665
00080.jpg 137 44 573 471 0.98515
00080.jpg 0 273 113 251 0.98475
00080.jpg 0 272 117 260 0.98263
00080.jpg 0 259 113 279 0.98215
00080.jpg 2 271 110 265 0.98062
00080.jpg 5 273 109 252 0.98046
00080.jpg 2 274 115 257 0.98024
00080.jpg 150 68 568 471 0.97942
00080.jpg 125 60 586 460 0.97779
00080.jpg 2 277 112 250 0.97766
00080.jpg 0 272 115 255 0.97644
00080.jpg 90 75 631 448 0.97626
00080.jpg 1 286 119 232 0.97573
00080.jpg 99 51 611 476 0.97176
00080.jpg 2 277 120 255 0.96966
00080.jpg 1 276 114 250 0.96868
00080.jpg 4 260 113 279 0.96708
00080.jpg 116 53 601 483 0.96096
00080.jpg 130 54 571 479 0.95181
00080.jpg 126 71 606 467 0.95135
00080.jpg 2 282 117 242 0.94311
00080.jpg 141 55 574 464 0.94281
00080.jpg 0 259 112 279 0.94072
00080.jpg 0 271 119 261 0.93752
00080.jpg 115 72 570 420 0.92172
00080.jpg 0 280 120 253 0.92147
00080.jpg 0 279 119 245 0.92009
00080.jpg 0 266 118 266 0.91758
00080.jpg 0 282 115 238 0.91635
00080.jpg 2 273 117 259 0.91367
00080.jpg 180 42 528 493 0.86966
00080.jpg 157 66 553 467 0.86524
00080.jpg 108 61 639 469 0.86253
00080.jpg 116 37 601 495 0.86002
00080.jpg 1 285 113 232 0.85977
00080.jpg 131 55 594 453 0.85120
00080.jpg 136 53 600 471 0.81925
00080.jpg 149 60 532 470 0.80011
00080.jpg 154 47 549 490 0.79901
00080.jpg 11 270 113 261 0.78839
00080.jpg 142 62 580 473 0.77047
00080.jpg 103 66 576 473 0.75313
00080.jpg 7 264 110 264 0.71234
00080.jpg 4 268 103 249 0.70149
00080.jpg 126 73 571 449 0.68669
00080.jpg 1 284 115 241 0.66175
00080.jpg 133 72 586 453 0.65766
00080.jpg 139 80 569 459 0.63675
00080.jpg 0 278 113 259 0.63256
00080.jpg 139 56 558 478 0.62976
00080.jpg 1 280 120 231 0.62829
00080.jpg 137 64 584 464 0.61374
00080.jpg 0 290 117 216 0.55996
00080.jpg 0 280 112 243 0.55394
00080.jpg 3 293 120 218 0.51687
00080.jpg 160 56 544 483 0.50883
00080.jpg 0 279 116 239 0.50441
