00103.jpg 113 62 538 463 0.99960
00103.jpg 87 70 615 443 0.99941
00103.jpg 74 50 586 473 0.99929
00103.jpg 104 38 562 496 0.99880
00103.jpg 84 50 590 489 0.99866
00103.jpg 102 48 553 475 0.99861
00103.jpg 125 47 538 492 0.99836
00103.jpg 69 37 618 493 0.99834
00103.jpg 90 52 584 482 0.99820
00103.jpg 104 49 551 474 0.99804
00103.jpg 103 52 565 454 0.99778
00103.jpg 6 273 101 256 0.99767
00103.jpg 57 78 639 426 0.99737
00103.jpg 85 56 550 468 0.99699
00103.jpg 79 62 585 424 0.99678
00103.jpg 132 66 535 460 0.99573
00103.jpg 94 43 602 490 0.99366
00103.jpg 5 275 106 245 0.99327
00103.jpg 2 277 112 249 0.99299
00103.jpg 109 77 562 438 0.99178
00103.jpg 0 266 117 266 0.99030
00103.jpg 1 264 116 270 0.99014
00103.jpg 120 53 553 480 0.98919
00103.jpg 1 271 109 263 0.98754
00103.jpg 102 63 595 476 0.98534
00103.jpg 1 270 109 262 0.98326
00103.jpg 5 272 105 256 0.98319
00103.jpg 4 275 112 256 0.98290
00103.jpg 120 53 510 482 0.98287
00103.jpg 0 273 111 250 0.98242
00103.jpg 83 74 622 454 0.98228
00103.jpg 3 273 109 253 0.98030
00103.jpg 6 278 103 249 0.97965
00103.jpg 2 277 111 240 0.97927
00103.jpg 68 101 586 416 0.97443
00103.jpg 3 267 108 262 0.97405
00103.jpg 0 268 120 265 0.97339
00103.jpg 2 277 108 250 0.96918
00103.jpg 4 266 109 265 0.96871
00103.jpg 88 49 597 472 0.96844
00103.jpg 2 268 109 255 0.96831
00103.jpg 80 69 619 453 0.96624
00103.jpg 71 67 631 433 0.96481
00103.jpg 4 269 110 263 0.96467
00103.jpg 108 55 573 476 0.96250
00103.jpg 89 103 590 402 0.96250
00103.jpg 123 52 549 466 0.96042
00103.jpg 74 73 598 433 0.96010
00103.jpg 0 266 118 264 0.95928
00103.jpg 0 271 119 261 0.95928
00103.jpg 0 283 118 241 0.95785
00103.jpg 0 270 118 265 0.95377
00103.jpg 1 270 106 263 0.95298
00103.jpg 6 260 105 277 0.95171
00103.jpg 1 274 111 254 0.95133
00103.jpg 146 56 517 475 0.95052
00103.jpg 9 271 98 262 0.94869
00103.jpg 2 271 112 261 0.94633
00103.jpg 131 63 541 466 0.94155
00103.jpg 1 260 110 279 0.94131
00103.jpg 91 60 589 460 0.94050
00103.jpg 4 276 111 246 0.93634
00103.jpg 108 54 560 485 0.93328
00103.jpg 0 267 112 267 0.93305
00103.jpg 4 266 106 261 0.93064
00103.jpg 4 282 103 243 0.92861
00103.jpg 3 271 111 247 0.92793
00103.jpg 4 268 108 262 0.92334
00103.jpg 4 276 107 258 0.92005
00103.jpg 99 76 592 461 0.91987
00103.jpg 97 64 586 428 0.91721
00103.jpg 1 282 108 242 0.90991
00103.jpg 115 53 555 486 0.90449
00103.jpg 79 83 600 435 0.90248
00103.jpg 5 269 97 259 0.89389
00103.jpg 96 66 553 473 0.88896
00103.jpg 1 276 114 239 0.87586
00103.jpg 1 268 116 262 0.87217
00103.jpg 154 46 514 493 0.87124
00103.jpg 128 33 542 506 0.86298
00103.jpg 123 60 564 419 0.86284
00103.jpg 104 48 562 482 0.85793
00103.jpg 0 265 116 267 0.84655
00103.jpg 0 267 109 264 0.82592
00103.jpg 7 274 99 244 0.81049
00103.jpg 110 81 587 456 0.79369
00103.jpg 69 62 632 435 0.79147
00103.jpg 94 66 620 459 0.78924
00103.jpg 2 269 120 260 0.78809
00103.jpg 6 279 99 244 0.75087
00103.jpg 2 278 111 242 0.74512
00103.jpg 2 269 104 257 0.73861
00103.jpg 111 77 555 453 0.70725
00103.jpg 3 267 100 259 0.70464
00103.jpg 5 251 105 278 0.69762
00103.jpg 65 55 599 470 0.66853
00103.jpg 130 48 531 468 0.65887
00103.jpg 4 272 113 264 0.64542
00103.jpg 4 269 106 262 0.62912
00103.jpg 106 104 545 435 0.58215
00103.jpg 6 278 105 228 0.56474
00103.jpg 198 57 472 460 0.53890
00103.jpg 2 269 110 258 0.53411
00103.jpg 0 277 110 239 0.52811
00103.jpg 96 75 578 454 0.52524
00103.jpg 3 275 111 246 0.51360
00103.jpg 113 69 436 453 0.50450
