00100.jpg 102 51 584 473 0.99954
00100.jpg 89 50 580 478 0.99925
00100.jpg 89 66 584 455 0.99910
00100.jpg 105 88 590 430 0.99905
00100.jpg 149 59 519 480 0.99861
00100.jpg 66 70 627 432 0.99859
00100.jpg 123 48 562 478 0.99857
00100.jpg 87 54 621 472 0.99849
00100.jpg 65 63 608 459 0.99843
00100.jpg 149 64 540 464 0.99738
00100.jpg 94 55 606 484 0.99730
00100.jpg 92 76 581 439 0.99693
00100.jpg 106 45 586 479 0.99584
00100.jpg 76 71 596 409 0.99528
00100.jpg 102 70 566 457 0.99353
00100.jpg 79 73 581 453 0.99322
00100.jpg 1 278 106 243 0.99288
00100.jpg 0 278 109 244 0.99273
00100.jpg 3 267 99 263 0.99247
00100.jpg 0 273 112 256 0.99228
00100.jpg 130 43 545 496 0.99186
00100.jpg 1 275 104 250 0.99062
00100.jpg 121 43 549 496 0.98974
00100.jpg 110 53 552 460 0.98767
00100.jpg 8 277 93 241 0.98743
00100.jpg 1 279 105 248 0.98703
00100.jpg 133 50 561 484 0.98679
00100.jpg 0 278 111 246 0.98331
00100.jpg 1 276 106 253 0.98302
00100.jpg 1 273 108 259 0.98276
00100.jpg 0 264 111 272 0.98227
00100.jpg 124 49 542 460 0.98204
00100.jpg 2 274 109 248 0.98110
00100.jpg 5 273 97 251 0.98107
00100.jpg 6 280 95 248 0.98059
00100.jpg 0 278 107 245 0.97993
00100.jpg 69 57 620 433 0.97934
00100.jpg 0 275 112 256 0.97571
00100.jpg 113 71 548 439 0.97562
00100.jpg 142 53 536 475 0.97401
00100.jpg 136 57 545 477 0.97292
00100.jpg 1 256 103 280 0.97260
00100.jpg 0 265 111 265 0.97126
00100.jpg 0 267 110 262 0.96912
00100.jpg 0 270 113 262 0.96758
00100.jpg 86 115 600 395 0.96713
00100.jpg 0 276 113 237 0.96516
00100.jpg 86 81 641 458 0.96452
00100.jpg 129 59 552 472 0.96236
00100.jpg 1 270 108 263 0.96117
00100.jpg 4 273 105 260 0.96043
00100.jpg 0 272 111 261 0.96006
00100.jpg 131 51 530 469 0.96005
00100.jpg 0 275 110 247 0.95791
00100.jpg 113 53 550 479 0.95678
00100.jpg 3 267 99 262 0.95621
00100.jpg 0 269 109 268 0.95548
00100.jpg 107 45 579 477 0.95545
00100.jpg 138 49 547 480 0.95516
00100.jpg 0 271 112 265 0.95347
00100.jpg 73 83 623 408 0.94482
00100.jpg 100 63 543 467 0.93757
00100.jpg 101 61 604 437 0.93243
00100.jpg 120 67 557 462 0.93089
00100.jpg 149 49 529 480 0.92995
00100.jpg 2 281 108 235 0.92856
00100.jpg 97 53 582 477 0.92162
00100.jpg 1 260 101 271 0.90927
00100.jpg 6 271 103 262 0.90477
00100.jpg 0 258 109 274 0.90434
00100.jpg 6 267 96 267 0.89499
00100.jpg 5 278 96 237 0.89457
00100.jpg 1 277 105 246 0.89283
00100.jpg 69 81 611 425 0.89073
00100.jpg 1 269 106 260 0.87871
00100.jpg 4 279 102 243 0.87569
00100.jpg 4 280 97 234 0.87374
00100.jpg 2 273 100 263 0.85028
00100.jpg 0 274 103 253 0.84961
00100.jpg 0 271 115 257 0.84938
00100.jpg 0 271 108 257 0.84060
00100.jpg 141 56 538 458 0.83833
00100.jpg 0 273 107 260 0.83031
00100.jpg 0 272 104 260 0.82424
00100.jpg 92 75 549 455 0.82417
00100.jpg 171 55 502 469 0.81395
00100.jpg 102 53 606 477 0.79267
00100.jpg 2 253 100 281 0.78701
00100.jpg 1 258 108 281 0.76679
00100.jpg 91 58 610 476 0.74386
00100.jpg 176 54 484 460 0.73680
00100.jpg 116 72 593 448 0.73310
00100.jpg 138 74 542 433 0.72616
00100.jpg 113 51 526 466 0.72217
00100.jpg 0 286 111 222 0.70590
00100.jpg 0 275 107 235 0.70531
00100.jpg 0 275 102 245 0.69062
00100.jpg 1 281 109 240 0.67714
00100.jpg 144 48 521 485 0.67078
00100.jpg 118 76 556 450 0.64568
00100.jpg 3 262 101 277 0.58707
00100.jpg 0 272 107 266 0.57359
00100.jpg 127 65 549 464 0.56500
00100.jpg 205 47 467 484 0.54608
00100.jpg 0 278 109 224 0.50511
