00010.jpg 332 72 123 384 0.99932
00010.jpg 660 46 91 222 0.99886
00010.jpg 662 43 82 229 0.99868
00010.jpg 662 42 82 225 0.99868
00010.jpg 660 46 83 222 0.99840
00010.jpg 657 45 88 220 0.99840
00010.jpg 804 33 63 210 0.99809
00010.jpg 331 64 123 398 0.99794
00010.jpg 337 69 114 391 0.99760
00010.jpg 475 32 80 272 0.99755
00010.jpg 658 39 89 234 0.99711
00010.jpg 812 33 55 210 0.99709
00010.jpg 663 46 82 226 0.99701
00010.jpg 659 41 87 227 0.99678
00010.jpg 805 30 62 213 0.99672
00010.jpg 477 30 74 275 0.99654
00010.jpg 338 62 111 404 0.99653
00010.jpg 332 68 114 386 0.99652
00010.jpg 346 72 102 400 0.99652
00010.jpg 660 44 89 231 0.99629
00010.jpg 473 28 82 273 0.99577
00010.jpg 659 43 88 229 0.99545
00010.jpg 804 33 67 206 0.99544
00010.jpg 334 63 114 407 0.99539
00010.jpg 664 35 81 238 0.99533
00010.jpg 659 40 87 233 0.99491
00010.jpg 806 38 64 205 0.99480
00010.jpg 477 31 83 274 0.99476
00010.jpg 664 46 85 223 0.99453
00010.jpg 340 73 113 382 0.99441
00010.jpg 655 49 89 218 0.99441
00010.jpg 659 38 86 232 0.99412
00010.jpg 668 42 77 226 0.99405
00010.jpg 341 70 113 389 0.99387
00010.jpg 476 26 77 284 0.99381
00010.jpg 655 41 90 224 0.99356
00010.jpg 806 33 63 210 0.99305
00010.jpg 338 58 109 407 0.99275
00010.jpg 479 26 80 286 0.99274
00010.jpg 659 41 87 227 0.99256
00010.jpg 477 35 79 270 0.99240
00010.jpg 658 44 88 227 0.99213
00010.jpg 339 59 115 406 0.99205
00010.jpg 811 27 59 219 0.99204
00010.jpg 481 38 79 278 0.99185
00010.jpg 344 70 118 385 0.99150
00010.jpg 662 38 82 228 0.99148
00010.jpg 804 34 67 205 0.99146
00010.jpg 335 65 117 395 0.99125
00010.jpg 473 28 83 280 0.99081
00010.jpg 337 75 120 365 0.99073
00010.jpg 807 37 61 206 0.99036
00010.jpg 666 45 80 224 0.99009
00010.jpg 337 77 112 383 0.98986
00010.jpg 806 31 64 218 0.98984
00010.jpg 333 72 115 387 0.98921
00010.jpg 802 37 69 209 0.98911
00010.jpg 474 31 86 275 0.98811
00010.jpg 474 28 85 279 0.98717
00010.jpg 477 37 79 269 0.98701
00010.jpg 333 63 117 404 0.98668
00010.jpg 808 32 60 213 0.98633
00010.jpg 337 72 110 379 0.98560
00010.jpg 807 37 65 210 0.98559
00010.jpg 479 31 74 268 0.98530
00010.jpg 812 31 57 217 0.98525
00010.jpg 474 34 85 275 0.98506
00010.jpg 336 66 109 392 0.98482
00010.jpg 477 35 76 275 0.98467
00010.jpg 808 34 60 214 0.98449
00010.jpg 662 43 84 224 0.98445
00010.jpg 658 41 83 232 0.98424
00010.jpg 479 21 75 293 0.98393
00010.jpg 663 44 85 227 0.98280
00010.jpg 478 27 78 274 0.98239
00010.jpg 665 49 78 223 0.98201
00010.jpg 811 38 56 208 0.98192
00010.jpg 811 34 59 213 0.98140
00010.jpg 341 64 111 396 0.98093
00010.jpg 658 38 85 232 0.98087
00010.jpg 663 46 82 224 0.98060
00010.jpg 474 29 87 283 0.98020
00010.jpg 338 66 120 396 0.97992
00010.jpg 342 69 108 392 0.97981
00010.jpg 340 57 118 399 0.97967
00010.jpg 807 29 62 220 0.97904
00010.jpg 664 46 82 224 0.97901
00010.jpg 473 30 84 269 0.97830
00010.jpg 478 33 74 273 0.97793
00010.jpg 335 60 116 405 0.97779
00010.jpg 337 69 108 393 0.97742
00010.jpg 661 47 84 221 0.97739
00010.jpg 661 40 87 231 0.97666
00010.jpg 806 32 61 214 0.97664
00010.jpg 810 37 57 205 0.97611
00010.jpg 478 32 80 266 0.97607
00010.jpg 474 26 81 280 0.97510
00010.jpg 340 72 115 385 0.97497
00010.jpg 810 36 58 207 0.97377
00010.jpg 479 30 77 282 0.97368
00010.jpg 804 30 64 213 0.97341
00010.jpg 807 30 62 214 0.97335
00010.jpg 809 35 62 206 0.97319
00010.jpg 807 37 64 205 0.97234
00010.jpg 478 29 76 277 0.97160
00010.jpg 660 45 79 229 0.97091
00010.jpg 660 41 86 227 0.97038
00010.jpg 341 62 104 403 0.97003
00010.jpg 340 65 113 398 0.96954
00010.jpg 337 63 116 405 0.96941
00010.jpg 339 54 112 405 0.96911
00010.jpg 476 30 81 274 0.96908
00010.jpg 476 27 77 279 0.96848
00010.jpg 809 37 60 201 0.96848
00010.jpg 662 41 79 227 0.96804
00010.jpg 331 73 119 391 0.96751
00010.jpg 809 37 62 204 0.96745
00010.jpg 478 26 75 282 0.96661
00010.jpg 335 71 113 387 0.96650
00010.jpg 807 36 64 209 0.96638
00010.jpg 476 22 79 288 0.96559
00010.jpg 473 28 79 280 0.96542
00010.jpg 661 43 76 228 0.96522
00010.jpg 806 36 66 207 0.96407
00010.jpg 805 30 64 213 0.96250
00010.jpg 665 36 83 231 0.96179
00010.jpg 472 36 89 263 0.95944
00010.jpg 472 31 89 276 0.95925
00010.jpg 804 34 62 219 0.95916
00010.jpg 334 66 128 380 0.95902
00010.jpg 661 50 85 218 0.95615
00010.jpg 472 32 86 273 0.95512
00010.jpg 805 36 65 202 0.95500
00010.jpg 343 62 108 395 0.95288
00010.jpg 811 33 61 210 0.95230
00010.jpg 662 45 79 223 0.95179
00010.jpg 473 32 84 275 0.95073
00010.jpg 664 45 80 222 0.94959
00010.jpg 336 69 118 394 0.94929
00010.jpg 666 45 78 225 0.94892
00010.jpg 342 67 114 383 0.94753
00010.jpg 808 35 65 209 0.94716
00010.jpg 478 29 79 274 0.94683
00010.jpg 475 30 82 280 0.94464
00010.jpg 663 47 87 218 0.94445
00010.jpg 341 84 121 368 0.94438
00010.jpg 808 33 60 210 0.94428
00010.jpg 803 31 69 214 0.94397
00010.jpg 480 28 72 280 0.94367
00010.jpg 656 44 87 229 0.94344
00010.jpg 479 30 76 279 0.94022
00010.jpg 811 36 60 207 0.93995
00010.jpg 656 37 94 239 0.93644
00010.jpg 479 29 77 278 0.93572
00010.jpg 659 38 83 235 0.93511
00010.jpg 663 41 81 228 0.93415
00010.jpg 343 70 110 392 0.93301
00010.jpg 476 25 80 284 0.93296
00010.jpg 809 34 57 207 0.93211
00010.jpg 336 75 111 383 0.93024
00010.jpg 660 51 88 209 0.93010
00010.jpg 339 61 112 399 0.92800
00010.jpg 344 73 104 393 0.92762
00010.jpg 804 34 67 214 0.92579
00010.jpg 809 37 61 208 0.92523
00010.jpg 332 78 140 370 0.92498
00010.jpg 662 38 87 237 0.91931
00010.jpg 666 44 77 222 0.91751
00010.jpg 805 32 67 215 0.91582
00010.jpg 337 66 118 388 0.91533
00010.jpg 660 40 89 229 0.91478
00010.jpg 339 78 113 382 0.91443
00010.jpg 658 43 87 227 0.91202
00010.jpg 477 42 72 265 0.90924
00010.jpg 804 32 66 216 0.90714
00010.jpg 660 46 90 219 0.90538
00010.jpg 340 65 125 394 0.90502
00010.jpg 337 68 115 396 0.90378
00010.jpg 800 29 74 215 0.89836
00010.jpg 474 35 73 266 0.89658
00010.jpg 664 43 84 225 0.89467
00010.jpg 479 35 76 260 0.89401
00010.jpg 807 41 58 207 0.89169
00010.jpg 342 68 112 389 0.88741
00010.jpg 661 46 83 221 0.88556
00010.jpg 337 61 105 407 0.88402
00010.jpg 478 31 76 279 0.88208
00010.jpg 338 67 109 392 0.87946
00010.jpg 341 69 110 391 0.87293
00010.jpg 473 39 80 271 0.87035
00010.jpg 327 64 135 394 0.86018
00010.jpg 807 35 64 212 0.86003
00010.jpg 804 28 66 212 0.85827
00010.jpg 809 28 61 224 0.85749
00010.jpg 662 46 82 218 0.85096
00010.jpg 336 73 110 382 0.84608
00010.jpg 477 34 80 271 0.84412
00010.jpg 476 25 77 285 0.83969
00010.jpg 808 35 65 206 0.83781
00010.jpg 474 20 86 294 0.82683
00010.jpg 801 36 74 211 0.81333
00010.jpg 807 27 64 217 0.81034
00010.jpg 338 79 114 373 0.80884
00010.jpg 802 34 68 205 0.80835
00010.jpg 476 33 73 268 0.80320
00010.jpg 476 24 76 286 0.79918
00010.jpg 473 29 85 281 0.79363
00010.jpg 807 31 58 215 0.79277
00010.jpg 332 77 121 380 0.79213
00010.jpg 804 30 65 218 0.78874
00010.jpg 341 66 125 371 0.78168
00010.jpg 474 28 82 278 0.77122
00010.jpg 810 37 58 200 0.76601
00010.jpg 807 30 57 220 0.74575
00010.jpg 474 36 80 270 0.72017
00010.jpg 335 59 130 407 0.71810
00010.jpg 659 40 83 231 0.71802
00010.jpg 655 46 85 226 0.71379
00010.jpg 474 23 82 291 0.69757
00010.jpg 474 26 80 275 0.69680
00010.jpg 338 86 127 374 0.69538
00010.jpg 328 69 142 384 0.69292
00010.jpg 667 34 88 239 0.69133
00010.jpg 805 32 59 212 0.68464
00010.jpg 656 29 90 246 0.68272
00010.jpg 801 32 75 212 0.66412
00010.jpg 481 30 79 271 0.66373
00010.jpg 657 44 98 228 0.65922
00010.jpg 654 42 90 232 0.65389
00010.jpg 476 32 82 272 0.65183
00010.jpg 666 45 76 218 0.63691
00010.jpg 340 90 117 367 0.63574
00010.jpg 473 27 88 280 0.62304
00010.jpg 811 36 60 205 0.61649
00010.jpg 479 26 75 287 0.60689
00010.jpg 667 48 84 212 0.58490
00010.jpg 657 48 97 230 0.57811
00010.jpg 476 24 84 282 0.55781
00010.jpg 651 44 100 232 0.54776
00010.jpg 801 38 62 208 0.54681
00010.jpg 335 72 114 380 0.54510
00010.jpg 470 25 86 276 0.54342
00010.jpg 452 431 113 41 0.53957
00010.jpg 797 31 72 218 0.51991
00010.jpg 423 246 42 69 0.50973
00010.jpg 382 67 35 51 0.50580
00010.jpg 333 70 147 377 0.50351
00010.jpg 801 39 69 206 0.50312
