00022.jpg 353 67 119 384 0.99862
00022.jpg 597 46 85 220 0.99840
00022.jpg 598 42 79 225 0.99824
00022.jpg 353 61 121 398 0.99785
00022.jpg 596 37 87 233 0.99767
00022.jpg 694 22 69 214 0.99701
00022.jpg 691 16 71 227 0.99668
00022.jpg 691 23 71 214 0.99658
00022.jpg 597 39 79 230 0.99594
00022.jpg 691 24 64 212 0.99582
00022.jpg 692 28 69 210 0.99469
00022.jpg 602 40 76 223 0.99458
00022.jpg 596 42 80 216 0.99449
00022.jpg 598 38 81 224 0.99439
00022.jpg 596 41 82 217 0.99428
00022.jpg 351 74 118 378 0.99419
00022.jpg 691 23 73 218 0.99361
00022.jpg 687 21 72 217 0.99351
00022.jpg 693 22 64 218 0.99338
00022.jpg 598 41 80 225 0.99300
00022.jpg 595 34 87 231 0.99281
00022.jpg 348 60 126 399 0.99218
00022.jpg 352 72 118 382 0.99206
00022.jpg 351 65 120 380 0.99166
00022.jpg 601 32 79 233 0.99097
00022.jpg 599 40 76 221 0.99074
00022.jpg 688 21 72 215 0.99045
00022.jpg 691 22 73 213 0.99034
00022.jpg 597 43 84 219 0.98946
00022.jpg 593 44 90 219 0.98903
00022.jpg 692 21 66 223 0.98862
00022.jpg 357 61 115 399 0.98832
00022.jpg 604 45 72 220 0.98831
00022.jpg 595 35 82 229 0.98797
00022.jpg 351 61 120 404 0.98756
00022.jpg 691 15 70 226 0.98750
00022.jpg 347 63 118 383 0.98740
00022.jpg 697 21 62 218 0.98714
00022.jpg 352 60 119 402 0.98701
00022.jpg 352 63 121 393 0.98677
00022.jpg 692 21 65 218 0.98677
00022.jpg 692 16 72 222 0.98662
00022.jpg 355 64 115 399 0.98586
00022.jpg 596 38 88 231 0.98551
00022.jpg 598 45 82 220 0.98503
00022.jpg 600 53 79 210 0.98473
00022.jpg 598 39 86 233 0.98447
00022.jpg 693 25 71 210 0.98422
00022.jpg 691 21 71 217 0.98414
00022.jpg 348 66 122 385 0.98264
00022.jpg 349 55 122 394 0.98225
00022.jpg 353 51 116 416 0.98102
00022.jpg 354 56 114 402 0.98084
00022.jpg 592 45 93 224 0.98076
00022.jpg 359 55 108 412 0.98069
00022.jpg 354 57 120 400 0.98055
00022.jpg 695 25 67 210 0.97993
00022.jpg 588 34 98 236 0.97906
00022.jpg 691 25 67 212 0.97885
00022.jpg 688 21 74 222 0.97861
00022.jpg 355 50 112 403 0.97857
00022.jpg 349 54 120 397 0.97827
00022.jpg 695 15 65 224 0.97709
00022.jpg 691 18 70 223 0.97657
00022.jpg 350 57 123 400 0.97639
00022.jpg 591 41 89 219 0.97586
00022.jpg 596 46 83 217 0.97565
00022.jpg 692 22 65 223 0.97445
00022.jpg 351 57 118 399 0.97391
00022.jpg 692 13 71 229 0.97383
00022.jpg 594 43 85 227 0.97305
00022.jpg 695 24 63 221 0.97212
00022.jpg 599 40 81 224 0.97180
00022.jpg 689 13 71 228 0.96962
00022.jpg 694 21 68 221 0.96948
00022.jpg 592 39 90 229 0.96704
00022.jpg 687 20 75 219 0.96534
00022.jpg 352 62 119 403 0.96522
00022.jpg 354 64 116 405 0.96463
00022.jpg 349 53 122 404 0.96439
00022.jpg 598 31 85 234 0.96341
00022.jpg 693 23 71 212 0.96319
00022.jpg 599 45 81 215 0.96291
00022.jpg 694 25 63 213 0.96261
00022.jpg 597 41 85 222 0.96217
00022.jpg 596 40 78 224 0.96184
00022.jpg 596 38 86 220 0.96142
00022.jpg 353 55 114 402 0.96090
00022.jpg 692 12 65 225 0.95966
00022.jpg 352 59 114 403 0.95933
00022.jpg 354 72 119 372 0.95921
00022.jpg 692 19 68 222 0.95863
00022.jpg 347 65 122 391 0.95779
00022.jpg 694 22 66 215 0.95729
00022.jpg 595 41 83 219 0.95601
00022.jpg 351 52 113 405 0.95288
00022.jpg 596 37 83 224 0.95273
00022.jpg 353 54 116 404 0.95178
00022.jpg 358 56 114 405 0.95054
00022.jpg 346 59 121 400 0.95023
00022.jpg 596 46 86 208 0.94296
00022.jpg 356 66 112 379 0.94048
00022.jpg 692 22 71 219 0.94033
00022.jpg 597 40 84 219 0.93711
00022.jpg 600 48 84 210 0.93471
00022.jpg 403 28 65 145 0.93434
00022.jpg 692 20 69 220 0.93339
00022.jpg 593 41 86 223 0.93303
00022.jpg 690 23 73 215 0.92772
00022.jpg 349 87 122 360 0.92526
00022.jpg 591 39 99 223 0.91708
00022.jpg 690 26 69 210 0.91625
00022.jpg 596 42 85 223 0.91598
00022.jpg 348 65 130 396 0.91283
00022.jpg 696 8 67 235 0.91119
00022.jpg 595 45 83 220 0.90758
00022.jpg 347 56 119 415 0.90345
00022.jpg 687 21 77 217 0.90002
00022.jpg 397 30 74 116 0.89589
00022.jpg 353 61 117 405 0.89556
00022.jpg 356 66 115 404 0.89445
00022.jpg 596 44 76 218 0.89405
00022.jpg 596 43 85 219 0.89292
00022.jpg 597 47 86 224 0.89148
00022.jpg 690 17 73 220 0.89070
00022.jpg 596 40 81 228 0.89004
00022.jpg 592 40 93 218 0.88742
00022.jpg 598 30 89 236 0.88546
00022.jpg 690 28 70 213 0.88533
00022.jpg 699 27 62 210 0.87767
00022.jpg 402 32 68 151 0.87532
00022.jpg 346 68 127 385 0.87275
00022.jpg 398 21 69 140 0.87170
00022.jpg 399 26 71 138 0.86956
00022.jpg 684 25 79 217 0.86529
00022.jpg 689 20 76 218 0.86178
00022.jpg 694 24 65 216 0.85670
00022.jpg 600 35 80 225 0.85450
00022.jpg 596 38 83 218 0.85357
00022.jpg 355 69 112 391 0.85287
00022.jpg 697 19 67 221 0.84663
00022.jpg 690 17 74 223 0.84580
00022.jpg 342 67 124 386 0.84476
00022.jpg 595 40 85 223 0.84278
00022.jpg 691 17 69 228 0.84083
00022.jpg 402 24 65 168 0.83976
00022.jpg 399 27 66 144 0.83438
00022.jpg 405 29 68 148 0.83118
00022.jpg 402 23 70 147 0.82744
00022.jpg 351 68 119 389 0.82203
00022.jpg 403 28 68 166 0.81864
00022.jpg 404 26 61 136 0.81472
00022.jpg 695 23 61 216 0.81175
00022.jpg 402 31 66 120 0.80893
00022.jpg 594 35 86 232 0.80804
00022.jpg 350 70 118 381 0.80443
00022.jpg 603 53 79 206 0.79980
00022.jpg 690 24 72 205 0.79899
00022.jpg 346 70 131 377 0.79896
00022.jpg 685 22 77 216 0.79830
00022.jpg 597 44 79 213 0.79677
00022.jpg 600 44 81 215 0.79173
00022.jpg 356 56 108 388 0.79041
00022.jpg 691 26 75 208 0.79017
00022.jpg 698 30 63 200 0.78670
00022.jpg 400 29 69 143 0.78246
00022.jpg 689 24 71 211 0.78208
00022.jpg 392 38 76 106 0.78191
00022.jpg 688 27 69 211 0.77819
00022.jpg 602 38 75 234 0.77576
00022.jpg 594 41 83 218 0.77556
00022.jpg 398 25 70 160 0.76817
00022.jpg 688 33 72 194 0.76702
00022.jpg 398 27 69 138 0.76183
00022.jpg 684 15 76 222 0.76121
00022.jpg 402 25 69 136 0.76061
00022.jpg 357 54 116 410 0.75935
00022.jpg 690 25 77 219 0.75774
00022.jpg 351 55 125 393 0.75664
00022.jpg 399 29 66 141 0.75486
00022.jpg 395 25 69 134 0.75155
00022.jpg 468 431 122 45 0.74762
00022.jpg 397 32 74 159 0.74151
00022.jpg 354 55 118 415 0.74044
00022.jpg 594 41 83 223 0.73619
00022.jpg 402 32 64 132 0.73218
00022.jpg 407 30 58 124 0.73125
00022.jpg 594 42 86 221 0.72788
00022.jpg 595 44 89 220 0.72544
00022.jpg 471 429 116 50 0.72384
00022.jpg 401 22 73 187 0.72383
00022.jpg 352 64 113 384 0.72314
00022.jpg 691 10 70 238 0.72259
00022.jpg 593 37 88 232 0.72203
00022.jpg 404 22 61 180 0.72050
00022.jpg 398 35 67 139 0.72006
00022.jpg 604 46 73 203 0.71774
00022.jpg 403 28 67 123 0.71692
00022.jpg 352 30 123 449 0.71307
00022.jpg 476 428 111 43 0.71087
00022.jpg 687 21 78 212 0.70635
00022.jpg 404 23 67 202 0.70128
00022.jpg 406 24 62 201 0.69960
00022.jpg 695 19 66 220 0.69946
00022.jpg 478 426 108 47 0.69774
00022.jpg 410 16 55 240 0.69199
00022.jpg 476 429 113 45 0.69029
00022.jpg 404 28 66 118 0.68957
00022.jpg 404 20 64 189 0.68341
00022.jpg 373 44 112 356 0.68089
00022.jpg 471 430 119 48 0.67726
00022.jpg 363 49 111 393 0.67359
00022.jpg 691 4 69 242 0.66954
00022.jpg 692 27 66 203 0.66567
00022.jpg 685 24 80 215 0.66514
00022.jpg 688 21 67 221 0.66296
00022.jpg 372 57 105 379 0.66218
00022.jpg 407 17 61 209 0.66062
00022.jpg 405 28 64 134 0.65755
00022.jpg 689 20 71 224 0.64982
00022.jpg 396 29 74 152 0.64393
00022.jpg 405 28 63 154 0.63577
00022.jpg 399 41 68 292 0.62776
00022.jpg 400 24 76 225 0.62219
00022.jpg 473 429 119 43 0.62168
00022.jpg 354 38 110 436 0.62165
00022.jpg 397 30 70 138 0.62059
00022.jpg 404 24 68 256 0.61902
00022.jpg 340 53 143 410 0.61845
00022.jpg 355 66 123 393 0.61396
00022.jpg 398 29 67 116 0.61368
00022.jpg 481 422 111 48 0.60970
00022.jpg 396 23 77 120 0.60887
00022.jpg 350 69 114 388 0.60685
00022.jpg 402 30 66 112 0.60636
00022.jpg 402 16 71 204 0.60420
00022.jpg 392 36 80 129 0.60267
00022.jpg 469 426 125 46 0.60258
00022.jpg 600 41 75 218 0.59985
00022.jpg 345 49 119 418 0.59859
00022.jpg 592 37 82 220 0.59767
00022.jpg 404 29 59 122 0.59734
00022.jpg 692 26 73 204 0.59654
00022.jpg 590 43 83 220 0.59287
00022.jpg 356 54 106 401 0.59234
00022.jpg 409 28 64 223 0.58746
00022.jpg 396 31 75 177 0.58729
00022.jpg 689 12 77 225 0.58681
00022.jpg 405 24 60 168 0.58373
00022.jpg 472 423 120 46 0.58200
00022.jpg 401 19 64 197 0.58173
00022.jpg 401 23 69 134 0.57981
00022.jpg 409 18 62 224 0.57868
00022.jpg 469 423 121 49 0.57650
00022.jpg 600 41 74 221 0.57492
00022.jpg 345 75 122 373 0.56907
00022.jpg 408 24 56 129 0.56778
00022.jpg 606 43 70 218 0.55782
00022.jpg 475 422 116 53 0.55158
00022.jpg 477 427 108 39 0.54625
00022.jpg 471 426 116 49 0.54185
00022.jpg 406 30 66 121 0.54022
00022.jpg 393 30 78 172 0.53949
00022.jpg 696 23 68 203 0.52966
00022.jpg 604 50 72 210 0.52800
00022.jpg 395 36 71 124 0.52800
00022.jpg 403 23 63 133 0.52702
00022.jpg 689 16 75 228 0.52694
00022.jpg 471 428 125 49 0.52648
00022.jpg 351 66 116 387 0.52502
00022.jpg 354 61 126 406 0.51508
00022.jpg 403 24 71 160 0.51430
00022.jpg 401 30 62 129 0.51416
00022.jpg 602 40 73 219 0.50951
00022.jpg 402 27 56 110 0.50136
00022.jpg 405 27 66 128 0.49990
