00038.jpg 250 30 112 273 0.99936
00038.jpg 246 31 118 273 0.99934
00038.jpg 250 27 108 273 0.99840
00038.jpg 393 73 129 388 0.99806
00038.jpg 255 29 106 272 0.99797
00038.jpg 388 76 145 387 0.99774
00038.jpg 530 43 75 228 0.99734
00038.jpg 254 32 105 264 0.99732
00038.jpg 531 32 75 236 0.99700
00038.jpg 394 69 125 385 0.99696
00038.jpg 397 74 129 393 0.99684
00038.jpg 529 38 85 229 0.99680
00038.jpg 396 64 128 399 0.99674
00038.jpg 251 29 109 271 0.99655
00038.jpg 530 37 85 232 0.99650
00038.jpg 400 70 136 385 0.99647
00038.jpg 254 26 104 271 0.99647
00038.jpg 532 47 85 221 0.99616
00038.jpg 257 26 101 274 0.99611
00038.jpg 251 21 103 277 0.99600
00038.jpg 250 34 112 263 0.99554
00038.jpg 526 38 86 228 0.99545
00038.jpg 253 33 109 269 0.99542
00038.jpg 248 28 113 269 0.99518
00038.jpg 254 26 106 272 0.99486
00038.jpg 253 28 106 271 0.99428
00038.jpg 247 27 115 267 0.99418
00038.jpg 526 41 85 228 0.99349
00038.jpg 526 39 82 225 0.99349
00038.jpg 252 26 105 271 0.99299
00038.jpg 254 23 111 276 0.99282
00038.jpg 400 76 117 381 0.99248
00038.jpg 392 66 130 395 0.99246
00038.jpg 391 71 134 379 0.99242
00038.jpg 526 39 87 226 0.99211
00038.jpg 392 71 130 399 0.99149
00038.jpg 526 32 86 242 0.99139
00038.jpg 247 33 113 268 0.99095
00038.jpg 249 27 106 267 0.99062
00038.jpg 395 75 133 363 0.98977
00038.jpg 389 77 134 368 0.98960
00038.jpg 397 78 120 386 0.98941
00038.jpg 529 39 85 229 0.98911
00038.jpg 254 28 100 279 0.98871
00038.jpg 582 35 62 210 0.98816
00038.jpg 254 28 100 271 0.98798
00038.jpg 523 35 97 230 0.98788
00038.jpg 587 35 60 200 0.98780
00038.jpg 246 31 115 271 0.98771
00038.jpg 585 29 64 221 0.98733
00038.jpg 248 27 111 272 0.98722
00038.jpg 253 24 99 275 0.98688
00038.jpg 529 42 79 216 0.98657
00038.jpg 400 68 126 400 0.98641
00038.jpg 398 78 129 388 0.98616
00038.jpg 250 26 107 265 0.98608
00038.jpg 391 63 130 412 0.98582
00038.jpg 253 32 106 260 0.98470
00038.jpg 528 43 84 228 0.98452
00038.jpg 245 26 113 272 0.98447
00038.jpg 393 80 133 386 0.98409
00038.jpg 249 33 113 259 0.98373
00038.jpg 535 33 77 236 0.98273
00038.jpg 537 40 80 226 0.98215
00038.jpg 400 75 132 374 0.98157
00038.jpg 390 67 136 391 0.98140
00038.jpg 255 23 103 276 0.98140
00038.jpg 251 33 114 262 0.98049
00038.jpg 249 30 103 270 0.98042
00038.jpg 252 26 102 278 0.98036
00038.jpg 533 36 84 227 0.98022
00038.jpg 392 64 126 401 0.98016
00038.jpg 398 80 130 373 0.97997
00038.jpg 394 71 122 388 0.97991
00038.jpg 586 37 60 200 0.97968
00038.jpg 526 41 83 223 0.97967
00038.jpg 528 40 78 219 0.97943
00038.jpg 585 37 61 196 0.97822
00038.jpg 386 71 143 383 0.97821
00038.jpg 394 59 129 410 0.97788
00038.jpg 400 71 123 386 0.97769
00038.jpg 394 66 127 399 0.97605
00038.jpg 393 80 125 383 0.97587
00038.jpg 252 27 102 269 0.97468
00038.jpg 531 39 76 232 0.97454
00038.jpg 254 21 106 268 0.97431
00038.jpg 248 31 111 264 0.97382
00038.jpg 587 34 61 200 0.97289
00038.jpg 527 42 78 220 0.97278
00038.jpg 392 80 132 382 0.97125
00038.jpg 534 44 77 216 0.97093
00038.jpg 392 69 139 399 0.97034
00038.jpg 393 63 129 400 0.97007
00038.jpg 389 72 134 383 0.96899
00038.jpg 524 40 82 222 0.96875
00038.jpg 529 30 77 237 0.96837
00038.jpg 393 76 124 389 0.96816
00038.jpg 587 35 58 201 0.96789
00038.jpg 532 32 74 229 0.96766
00038.jpg 529 36 80 231 0.96757
00038.jpg 390 65 141 388 0.96741
00038.jpg 586 33 60 216 0.96728
00038.jpg 584 39 56 201 0.96654
00038.jpg 584 37 62 199 0.96418
00038.jpg 588 36 55 203 0.96295
00038.jpg 394 74 131 389 0.96099
00038.jpg 527 38 84 226 0.96038
00038.jpg 525 26 84 241 0.95860
00038.jpg 588 33 56 209 0.95794
00038.jpg 248 37 113 253 0.95688
00038.jpg 532 38 76 229 0.95663
00038.jpg 397 71 137 374 0.95585
00038.jpg 250 30 105 269 0.95581
00038.jpg 581 30 67 214 0.95413
00038.jpg 397 76 129 384 0.95399
00038.jpg 532 31 78 238 0.95286
00038.jpg 581 33 62 216 0.95236
00038.jpg 522 45 90 217 0.95198
00038.jpg 397 73 138 389 0.95184
00038.jpg 531 39 83 221 0.95105
00038.jpg 531 39 81 225 0.95102
00038.jpg 391 66 139 401 0.95026
00038.jpg 532 41 77 224 0.94996
00038.jpg 588 35 56 200 0.94982
00038.jpg 255 27 102 277 0.94929
00038.jpg 586 33 59 207 0.94922
00038.jpg 522 33 90 234 0.94889
00038.jpg 249 24 105 277 0.94731
00038.jpg 591 31 51 207 0.94656
00038.jpg 523 35 89 231 0.94636
00038.jpg 393 77 132 383 0.94396
00038.jpg 525 35 89 234 0.94268
00038.jpg 584 34 61 210 0.94260
00038.jpg 588 36 57 202 0.94233
00038.jpg 254 22 110 280 0.94147
00038.jpg 254 29 95 264 0.94093
00038.jpg 395 70 147 380 0.94003
00038.jpg 247 33 109 257 0.93958
00038.jpg 385 75 142 394 0.93763
00038.jpg 250 23 109 278 0.93566
00038.jpg 253 25 105 269 0.93487
00038.jpg 582 37 61 209 0.93480
00038.jpg 591 38 50 201 0.93456
00038.jpg 531 41 79 221 0.93427
00038.jpg 588 37 57 202 0.93376
00038.jpg 392 75 131 379 0.93063
00038.jpg 249 29 109 267 0.93010
00038.jpg 250 24 112 272 0.92871
00038.jpg 583 38 61 198 0.92515
00038.jpg 529 36 83 239 0.92482
00038.jpg 588 35 53 200 0.92469
00038.jpg 390 78 134 386 0.92227
00038.jpg 585 33 60 206 0.92189
00038.jpg 259 26 99 275 0.92123
00038.jpg 255 24 105 277 0.92110
00038.jpg 389 65 136 389 0.91927
00038.jpg 258 30 91 265 0.91773
00038.jpg 392 74 132 388 0.91766
00038.jpg 587 37 60 197 0.91728
00038.jpg 530 35 82 232 0.91309
00038.jpg 586 35 57 206 0.91135
00038.jpg 590 35 54 201 0.91064
00038.jpg 521 38 92 230 0.90841
00038.jpg 589 33 55 205 0.90758
00038.jpg 584 39 62 202 0.90485
00038.jpg 588 34 56 208 0.90298
00038.jpg 249 39 108 259 0.90248
00038.jpg 583 34 62 205 0.90142
00038.jpg 588 37 57 202 0.89108
00038.jpg 390 66 124 401 0.89065
00038.jpg 581 36 64 198 0.89026
00038.jpg 586 36 58 198 0.88228
00038.jpg 396 63 128 402 0.88210
00038.jpg 525 33 95 232 0.88201
00038.jpg 249 22 108 283 0.88180
00038.jpg 535 40 75 220 0.88062
00038.jpg 587 32 54 207 0.87736
00038.jpg 528 38 104 218 0.87449
00038.jpg 527 38 99 230 0.87419
00038.jpg 528 39 89 222 0.86912
00038.jpg 584 32 60 209 0.86605
00038.jpg 586 36 58 212 0.86505
00038.jpg 530 42 76 208 0.85554
00038.jpg 526 42 101 232 0.85257
00038.jpg 590 39 54 199 0.84066
00038.jpg 396 78 128 381 0.83639
00038.jpg 582 31 59 218 0.82967
00038.jpg 399 61 136 401 0.82626
00038.jpg 533 34 77 230 0.82458
00038.jpg 251 36 100 258 0.82410
00038.jpg 582 39 64 200 0.82364
00038.jpg 588 32 59 210 0.82231
00038.jpg 530 42 79 217 0.82112
00038.jpg 392 71 141 400 0.81547
00038.jpg 578 33 66 211 0.81479
00038.jpg 390 75 137 378 0.81387
00038.jpg 253 25 108 266 0.80999
00038.jpg 252 28 103 271 0.79634
00038.jpg 525 44 75 223 0.79450
00038.jpg 530 40 88 227 0.79300
00038.jpg 253 42 104 250 0.78873
00038.jpg 578 39 64 193 0.78622
00038.jpg 581 40 62 208 0.78440
00038.jpg 382 71 143 394 0.78421
00038.jpg 534 50 72 209 0.78382
00038.jpg 248 29 107 270 0.77716
00038.jpg 525 31 104 233 0.77666
00038.jpg 584 32 60 210 0.76993
00038.jpg 520 36 118 226 0.76661
00038.jpg 530 35 92 230 0.76553
00038.jpg 395 69 143 392 0.76433
00038.jpg 578 32 64 217 0.75677
00038.jpg 577 36 64 211 0.75240
00038.jpg 527 46 82 217 0.73824
00038.jpg 585 37 58 207 0.72718
00038.jpg 244 30 105 264 0.70799
00038.jpg 530 42 71 218 0.70470
00038.jpg 388 80 142 360 0.70150
00038.jpg 389 65 133 397 0.70028
00038.jpg 396 78 122 374 0.69794
00038.jpg 385 65 134 405 0.68810
00038.jpg 587 30 61 215 0.68205
00038.jpg 393 66 134 388 0.67952
00038.jpg 394 74 142 385 0.67267
00038.jpg 556 34 85 220 0.67132
00038.jpg 532 41 79 232 0.67102
00038.jpg 251 32 103 264 0.65104
00038.jpg 258 28 98 271 0.64904
00038.jpg 387 56 136 409 0.64681
00038.jpg 543 38 79 221 0.64626
00038.jpg 247 37 111 249 0.63553
00038.jpg 254 28 109 256 0.63257
00038.jpg 533 35 72 233 0.63228
00038.jpg 381 75 137 390 0.62343
00038.jpg 524 44 85 210 0.60973
00038.jpg 588 28 59 216 0.60822
00038.jpg 588 36 59 196 0.60448
00038.jpg 251 26 111 262 0.60401
00038.jpg 523 42 84 220 0.60365
00038.jpg 249 24 104 273 0.60207
00038.jpg 528 42 81 225 0.59977
00038.jpg 531 41 103 219 0.58892
00038.jpg 400 65 114 406 0.58014
00038.jpg 388 75 143 388 0.57976
00038.jpg 585 36 60 206 0.57302
00038.jpg 540 51 63 210 0.56873
00038.jpg 531 40 76 223 0.56208
00038.jpg 591 33 58 208 0.56185
00038.jpg 244 30 114 266 0.55101
00038.jpg 593 31 51 209 0.54941
00038.jpg 397 67 133 382 0.53372
00038.jpg 580 43 66 206 0.52765
00038.jpg 440 65 34 30 0.52736
00038.jpg 390 71 146 394 0.52602
00038.jpg 388 69 146 368 0.51879
00038.jpg 524 44 93 221 0.51697
00038.jpg 527 44 75 219 0.51571
00038.jpg 248 23 118 269 0.50993
00038.jpg 579 44 67 199 0.50450
00038.jpg 567 31 72 226 0.50329
