00041.jpg 224 28 110 271 0.99913
00041.jpg 231 31 101 265 0.99886
00041.jpg 392 75 155 373 0.99875
00041.jpg 403 65 135 381 0.99859
00041.jpg 227 27 104 270 0.99850
00041.jpg 223 26 112 276 0.99825
00041.jpg 397 58 145 413 0.99817
00041.jpg 400 74 141 378 0.99805
00041.jpg 226 28 103 266 0.99805
00041.jpg 394 59 142 405 0.99792
00041.jpg 229 22 105 268 0.99791
00041.jpg 392 72 150 368 0.99718
00041.jpg 227 31 105 260 0.99689
00041.jpg 231 23 101 270 0.99686
00041.jpg 227 32 105 261 0.99654
00041.jpg 228 26 110 272 0.99637
00041.jpg 232 29 98 256 0.99593
00041.jpg 225 31 108 262 0.99561
00041.jpg 226 30 109 263 0.99560
00041.jpg 225 19 108 279 0.99552
00041.jpg 226 23 104 273 0.99549
00041.jpg 221 26 118 272 0.99548
00041.jpg 230 28 98 268 0.99519
00041.jpg 519 38 71 221 0.99475
00041.jpg 226 27 107 264 0.99466
00041.jpg 511 38 84 228 0.99452
00041.jpg 230 28 100 265 0.99429
00041.jpg 227 33 109 261 0.99428
00041.jpg 226 29 107 268 0.99406
00041.jpg 226 32 105 259 0.99389
00041.jpg 232 34 105 249 0.99372
00041.jpg 400 71 147 372 0.99337
00041.jpg 396 65 138 398 0.99297
00041.jpg 229 32 106 259 0.99281
00041.jpg 403 80 148 367 0.99233
00041.jpg 406 67 142 383 0.99222
00041.jpg 510 42 78 216 0.99140
00041.jpg 228 29 103 261 0.99089
00041.jpg 515 38 75 223 0.99074
00041.jpg 401 61 141 396 0.99004
00041.jpg 229 31 107 260 0.98962
00041.jpg 229 29 102 260 0.98895
00041.jpg 230 27 102 266 0.98854
00041.jpg 399 74 145 372 0.98848
00041.jpg 233 29 98 264 0.98759
00041.jpg 224 34 105 256 0.98759
00041.jpg 570 36 46 196 0.98753
00041.jpg 228 29 110 263 0.98743
00041.jpg 392 70 158 382 0.98686
00041.jpg 565 38 50 191 0.98564
00041.jpg 402 55 144 401 0.98478
00041.jpg 227 16 112 283 0.98414
00041.jpg 228 26 109 274 0.98379
00041.jpg 515 38 75 220 0.98294
00041.jpg 396 47 150 413 0.98231
00041.jpg 398 72 138 376 0.98230
00041.jpg 394 67 150 388 0.98186
00041.jpg 401 61 148 392 0.98152
00041.jpg 567 31 54 202 0.98122
00041.jpg 392 67 150 390 0.98106
00041.jpg 512 48 78 211 0.98091
00041.jpg 516 46 74 213 0.98031
00041.jpg 569 36 47 198 0.97986
00041.jpg 514 37 73 225 0.97928
00041.jpg 516 39 70 213 0.97852
00041.jpg 396 71 153 383 0.97779
00041.jpg 564 34 53 197 0.97763
00041.jpg 404 52 132 401 0.97668
00041.jpg 399 57 138 394 0.97598
00041.jpg 403 67 130 377 0.97590
00041.jpg 567 33 51 200 0.97520
00041.jpg 394 58 150 403 0.97483
00041.jpg 228 28 101 261 0.97408
00041.jpg 514 44 73 209 0.97379
00041.jpg 230 27 105 266 0.97327
00041.jpg 514 39 68 228 0.97298
00041.jpg 398 65 145 386 0.97264
00041.jpg 566 32 52 196 0.97237
00041.jpg 395 57 144 406 0.97194
00041.jpg 568 33 49 195 0.97121
00041.jpg 230 33 99 257 0.97072
00041.jpg 234 34 98 260 0.97039
00041.jpg 509 37 74 220 0.97020
00041.jpg 403 69 138 392 0.96988
00041.jpg 397 74 154 366 0.96972
00041.jpg 401 64 135 396 0.96969
00041.jpg 526 33 59 230 0.96966
00041.jpg 401 83 144 365 0.96966
00041.jpg 394 66 155 375 0.96822
00041.jpg 398 53 148 411 0.96633
00041.jpg 229 29 107 263 0.96485
00041.jpg 517 34 67 222 0.96447
00041.jpg 514 36 74 224 0.96379
00041.jpg 567 33 52 202 0.96143
00041.jpg 405 79 136 357 0.95970
00041.jpg 512 37 79 225 0.95887
00041.jpg 399 70 133 379 0.95768
00041.jpg 399 58 147 402 0.95676
00041.jpg 566 37 48 197 0.95441
00041.jpg 506 39 84 217 0.95421
00041.jpg 229 22 111 279 0.95353
00041.jpg 566 35 50 190 0.95301
00041.jpg 515 31 71 234 0.95173
00041.jpg 391 70 153 385 0.95055
00041.jpg 513 32 72 224 0.95047
00041.jpg 517 41 70 223 0.94926
00041.jpg 513 46 72 212 0.94922
00041.jpg 408 76 144 357 0.94911
00041.jpg 561 32 56 201 0.94825
00041.jpg 396 65 144 402 0.94759
00041.jpg 227 28 103 268 0.94679
00041.jpg 564 31 51 201 0.94606
00041.jpg 229 28 99 266 0.94389
00041.jpg 404 67 126 380 0.94359
00041.jpg 569 35 48 195 0.94247
00041.jpg 511 37 74 219 0.94203
00041.jpg 568 30 50 200 0.94168
00041.jpg 230 24 101 268 0.94073
00041.jpg 507 32 92 230 0.93930
00041.jpg 519 41 68 220 0.93735
00041.jpg 403 66 128 389 0.93718
00041.jpg 515 39 72 229 0.93618
00041.jpg 400 65 153 384 0.93444
00041.jpg 401 65 133 392 0.93125
00041.jpg 399 60 147 403 0.92887
00041.jpg 397 73 139 374 0.92639
00041.jpg 565 33 53 197 0.92616
00041.jpg 556 33 61 200 0.92596
00041.jpg 567 35 49 196 0.92580
00041.jpg 566 36 52 199 0.92471
00041.jpg 502 37 106 225 0.92444
00041.jpg 231 35 105 252 0.92222
00041.jpg 513 39 75 221 0.92054
00041.jpg 229 19 102 272 0.92039
00041.jpg 404 73 149 353 0.91919
00041.jpg 225 23 111 275 0.91591
00041.jpg 396 58 151 404 0.91426
00041.jpg 518 40 73 223 0.91317
00041.jpg 568 38 51 192 0.91265
00041.jpg 565 31 52 201 0.91207
00041.jpg 505 36 85 223 0.91197
00041.jpg 565 34 51 197 0.90569
00041.jpg 569 33 49 200 0.90474
00041.jpg 404 66 137 393 0.90170
00041.jpg 514 34 71 226 0.89976
00041.jpg 555 34 58 210 0.89923
00041.jpg 510 37 76 214 0.89852
00041.jpg 395 73 151 380 0.89790
00041.jpg 407 74 153 368 0.89733
00041.jpg 566 31 53 199 0.89715
00041.jpg 396 57 149 387 0.89577
00041.jpg 510 42 75 215 0.89358
00041.jpg 396 58 145 392 0.89322
00041.jpg 510 42 77 219 0.89301
00041.jpg 229 22 102 267 0.89095
00041.jpg 514 37 78 229 0.89020
00041.jpg 566 30 51 200 0.89006
00041.jpg 565 38 47 196 0.88838
00041.jpg 566 34 51 195 0.88818
00041.jpg 411 60 143 400 0.88763
00041.jpg 565 34 53 195 0.88659
00041.jpg 569 37 50 196 0.88490
00041.jpg 504 36 95 222 0.87476
00041.jpg 509 38 69 216 0.87349
00041.jpg 559 27 62 210 0.87116
00041.jpg 566 34 51 196 0.86959
00041.jpg 225 34 107 257 0.86944
00041.jpg 567 35 52 196 0.86841
00041.jpg 399 63 152 400 0.86602
00041.jpg 522 32 76 232 0.86595
00041.jpg 566 33 50 208 0.86145
00041.jpg 568 34 48 197 0.85466
00041.jpg 515 38 70 223 0.85258
00041.jpg 515 40 70 218 0.85014
00041.jpg 227 37 102 251 0.84821
00041.jpg 517 43 70 216 0.84759
00041.jpg 568 32 49 190 0.84728
00041.jpg 395 59 141 394 0.84221
00041.jpg 566 37 49 197 0.83348
00041.jpg 570 35 47 200 0.83275
00041.jpg 559 30 55 212 0.83034
00041.jpg 569 31 50 200 0.82616
00041.jpg 400 67 154 386 0.82229
00041.jpg 563 35 55 192 0.82120
00041.jpg 564 27 56 200 0.81864
00041.jpg 566 30 55 201 0.81385
00041.jpg 397 68 142 378 0.81046
00041.jpg 513 34 75 229 0.80051
00041.jpg 518 29 72 233 0.79872
00041.jpg 563 35 59 207 0.79496
00041.jpg 401 77 156 369 0.79403
00041.jpg 395 69 149 380 0.79237
00041.jpg 564 37 51 190 0.78285
00041.jpg 398 60 151 374 0.77026
00041.jpg 512 45 80 216 0.76871
00041.jpg 228 26 107 258 0.76770
00041.jpg 398 68 149 379 0.74686
00041.jpg 222 33 119 266 0.74225
00041.jpg 223 30 114 256 0.73970
00041.jpg 507 30 85 238 0.73674
00041.jpg 517 39 64 222 0.73308
00041.jpg 560 25 62 207 0.72388
00041.jpg 516 41 67 216 0.72136
00041.jpg 515 36 69 223 0.71353
00041.jpg 512 40 66 215 0.70228
00041.jpg 234 26 95 272 0.70112
00041.jpg 562 30 52 199 0.69792
00041.jpg 228 29 103 262 0.69635
00041.jpg 398 81 158 367 0.69320
00041.jpg 405 64 128 379 0.69289
00041.jpg 228 31 112 255 0.68731
00041.jpg 565 37 54 195 0.67931
00041.jpg 399 58 134 404 0.66779
00041.jpg 563 36 58 201 0.66141
00041.jpg 564 29 54 203 0.65258
00041.jpg 403 62 130 388 0.64615
00041.jpg 566 27 51 217 0.64570
00041.jpg 508 45 73 202 0.63731
00041.jpg 393 69 155 386 0.63316
00041.jpg 224 29 110 251 0.62767
00041.jpg 223 21 109 263 0.62754
00041.jpg 401 64 156 395 0.62479
00041.jpg 567 32 48 198 0.62434
00041.jpg 232 31 96 258 0.62182
00041.jpg 228 26 107 265 0.61676
00041.jpg 514 57 78 204 0.61000
00041.jpg 502 48 106 206 0.60889
00041.jpg 520 39 68 226 0.60864
00041.jpg 221 35 116 258 0.59927
00041.jpg 517 31 85 236 0.59735
00041.jpg 223 33 110 253 0.57533
00041.jpg 388 72 149 387 0.56446
00041.jpg 565 36 53 194 0.56236
00041.jpg 565 39 50 194 0.56230
00041.jpg 399 66 140 388 0.55710
00041.jpg 408 69 151 379 0.55535
00041.jpg 514 41 71 223 0.54187
00041.jpg 513 35 89 222 0.53726
00041.jpg 516 41 85 210 0.53501
00041.jpg 398 67 140 373 0.53290
00041.jpg 511 53 74 205 0.52795
00041.jpg 561 35 61 192 0.51987
00041.jpg 224 28 99 263 0.51488
00041.jpg 569 42 52 190 0.51297
00041.jpg 515 40 70 230 0.50608
