00087 575 106 113 290 0.99968
00087 811 165 118 213 0.99959
00087 411 131 112 303 0.99951
00087 191 81 184 448 0.99946
00087 2 165 145 337 0.99879
00087 304 154 44 106 0.84162
00066 529 124 101 279 0.99968
00066 342 101 159 412 0.99950
00066 181 112 115 361 0.99948
00066 764 140 75 252 0.99917
00066 0 138 104 389 0.99588
00067 760 140 82 249 0.99985
00067 530 121 108 284 0.99959
00067 185 111 113 358 0.99932
00067 331 81 168 427 0.99884
00067 0 142 104 381 0.99742
00055 171 112 106 367 0.99931
00055 410 125 176 397 0.99929
00055 350 148 107 327 0.99905
00055 742 142 77 265 0.99819
00055 1 213 84 310 0.99506
00055 523 142 95 293 0.99121
00055 927 228 32 145 0.71024
00022 440 137 246 373 0.99971
00022 196 155 109 317 0.99971
00022 385 138 100 280 0.99950
00022 796 168 87 211 0.99878
00022 10 119 124 375 0.99827
00022 626 155 55 164 0.95900
00037 280 163 117 313 0.99967
00037 111 119 115 376 0.99954
00037 463 126 188 393 0.99953
00037 689 146 71 261 0.99924
00037 877 165 82 214 0.99829
00037 468 126 75 294 0.97236
00037 1 303 17 91 0.71759
00003 288 136 93 282 0.99989
00003 69 154 132 318 0.99947
00003 437 122 267 360 0.99939
00003 841 166 77 186 0.99920
00003 698 172 88 210 0.99907
00003 0 199 34 228 0.99448
00003 911 175 47 153 0.99275
00073 542 120 108 277 0.99971
00073 780 130 80 253 0.99960
00073 304 91 181 436 0.99955
00073 193 104 117 364 0.99912
00073 0 133 115 379 0.99782
00073 413 138 42 46 0.94305
00073 408 138 74 198 0.80187
00079 559 101 104 290 0.99963
00079 798 123 85 252 0.99941
00079 0 128 127 383 0.99892
00079 208 105 98 360 0.99888
00079 404 126 94 324 0.99857
00079 275 77 181 453 0.99825
00051 734 147 72 256 0.99952
00051 333 157 111 307 0.99950
00051 160 119 109 363 0.99931
00051 431 101 166 437 0.99878
00051 929 203 30 169 0.99318
00051 2 217 76 275 0.97961
00050 333 161 110 313 0.99966
00050 731 148 71 259 0.99919
00050 161 123 105 363 0.99891
00050 456 107 135 426 0.99874
00050 924 195 35 176 0.99736
00050 0 213 74 277 0.98314
00050 527 142 73 267 0.90640
00098 589 93 114 289 0.99979
00098 434 166 111 259 0.99920
00098 12 69 289 444 0.99904
00098 840 202 116 164 0.99902
00098 245 207 148 224 0.75871
00047 327 157 103 308 0.99960
00047 147 124 112 365 0.99926
00047 1 238 60 144 0.99909
00047 721 151 69 252 0.99884
00047 442 121 153 407 0.99842
00047 914 165 45 209 0.99560
00047 529 137 57 96 0.94097
00047 531 129 63 291 0.79854
00025 453 121 198 394 0.99980
00025 397 138 111 287 0.99975
00025 218 156 113 305 0.99962
00025 811 172 92 201 0.99914
00025 29 132 125 356 0.99863
00025 623 155 81 255 0.99750
00099 588 95 115 281 0.99970
00099 441 173 105 246 0.99957
00099 13 68 262 461 0.99903
00099 845 211 113 150 0.99870
00054 419 125 175 404 0.99923
00054 162 124 115 361 0.99922
00054 338 151 113 317 0.99913
00054 740 142 71 261 0.99863
00054 0 212 80 309 0.98893
00054 931 199 28 179 0.98002
00054 523 135 97 296 0.96318
00097 589 99 117 286 0.99975
00097 832 200 124 172 0.99945
00097 430 160 115 268 0.99940
00097 98 82 195 430 0.99580
00097 269 226 101 210 0.89184
00052 328 152 117 317 0.99930
00052 736 148 73 253 0.99924
00052 162 119 113 370 0.99911
00052 420 104 166 413 0.99880
00052 929 200 30 182 0.99237
00052 2 206 74 322 0.98987
00052 515 142 92 274 0.88923
00002 291 134 82 285 0.99976
00002 70 154 129 314 0.99942
00002 830 167 90 184 0.99906
00002 691 178 94 202 0.99902
00002 451 124 251 366 0.99892
00002 901 173 58 157 0.99268
00002 0 214 29 213 0.99109
00030 247 162 116 302 0.99964
00030 433 142 101 282 0.99961
00030 457 130 180 379 0.99925
00030 844 174 86 208 0.99914
00030 656 161 73 247 0.99905
00030 73 133 116 354 0.99890
00053 162 125 115 360 0.99923
00053 740 143 71 260 0.99873
00053 340 159 113 301 0.99869
00053 407 133 199 395 0.99765
00053 0 211 81 308 0.98724
00053 931 199 28 180 0.98012
00053 525 137 92 289 0.96293
00083 571 101 106 292 0.99970
00083 805 156 112 225 0.99948
00083 408 134 104 308 0.99948
00083 0 140 133 365 0.99801
00083 226 80 146 404 0.99609
00083 301 477 105 62 0.94886
00045 312 163 118 302 0.99967
00045 453 123 175 400 0.99962
00045 905 167 54 203 0.99868
00045 136 129 119 370 0.99858
00045 712 145 71 259 0.99848
00045 2 252 52 131 0.99720
00012 414 120 273 384 0.99983
00012 127 149 121 320 0.99958
00012 328 132 84 288 0.99945
00012 735 173 83 201 0.99873
00012 876 167 83 181 0.99744
00012 0 147 66 320 0.99384
00012 587 152 35 33 0.85193
00102 600 96 98 273 0.99976
00102 9 62 268 464 0.99909
00102 450 214 109 201 0.99666
00102 851 220 108 134 0.99663
00068 535 118 108 290 0.99972
00068 190 103 108 369 0.99936
00068 329 97 164 427 0.99898
00068 770 132 74 254 0.99893
00068 0 136 112 401 0.99601
00094 828 181 131 197 0.99978
00094 428 144 106 281 0.99947
00094 590 97 108 288 0.99944
00094 147 89 144 434 0.99883
00094 269 204 104 247 0.99160
00094 0 278 155 227 0.98164
00093 825 177 134 203 0.99978
00093 423 135 110 295 0.99968
00093 594 100 109 287 0.99962
00093 158 84 135 361 0.99455
00093 0 267 162 240 0.98743
00093 272 207 96 243 0.97644
00061 177 113 115 372 0.99910
00061 520 127 107 301 0.99904
00061 401 118 146 419 0.99885
00061 752 138 78 251 0.99845
00061 352 142 97 322 0.99824
00061 0 155 97 369 0.99227
00092 589 104 103 282 0.99970
00092 826 174 131 206 0.99965
00092 423 136 111 296 0.99954
00092 152 82 164 404 0.99581
00092 3 256 167 245 0.99441
00092 281 190 85 236 0.94602
00004 295 139 94 284 0.99962
00004 85 150 128 319 0.99949
00004 434 120 259 366 0.99943
00004 850 176 71 177 0.99916
00004 705 171 80 199 0.99770
00004 917 180 40 152 0.99294
00004 3 190 33 222 0.98716
00088 578 102 106 294 0.99977
00088 816 169 124 216 0.99974
00088 186 96 182 431 0.99960
00088 413 131 113 302 0.99938
00088 0 188 149 328 0.99917
00088 305 166 44 144 0.84501
00104 606 100 101 266 0.99990
00104 0 55 306 462 0.99928
00104 441 225 117 188 0.99837
00104 848 221 111 149 0.99606
00049 151 125 113 369 0.99961
00049 324 156 116 311 0.99923
00049 725 144 72 260 0.99885
00049 462 100 129 431 0.99833
00049 927 172 32 201 0.99798
00049 2 233 66 155 0.99700
00049 531 129 65 279 0.89766
00039 465 127 204 387 0.99946
00039 117 120 117 369 0.99945
00039 293 162 108 307 0.99929
00039 699 147 71 258 0.99852
00039 882 158 77 221 0.99783
00039 474 144 62 165 0.97749
00039 0 281 31 114 0.97498
00105 2 40 290 470 0.99986
00105 607 114 104 253 0.99965
00105 842 222 113 143 0.99515
00105 433 233 145 175 0.99493
00029 247 162 116 301 0.99962
00029 433 142 101 282 0.99962
00029 457 131 180 379 0.99925
00029 844 174 86 208 0.99912
00029 656 160 73 248 0.99898
00029 72 132 116 356 0.99892
00035 276 161 119 309 0.99937
00035 467 133 173 388 0.99928
00035 107 128 112 369 0.99913
00035 685 152 72 257 0.99850
00035 876 173 76 212 0.99735
00035 466 140 73 278 0.96425
00015 439 133 241 368 0.99991
00015 340 129 96 290 0.99978
00015 142 153 122 314 0.99973
00015 891 174 68 171 0.99873
00015 749 167 88 207 0.99844
00015 0 132 88 347 0.99727
00015 603 152 34 59 0.92715
00038 284 155 123 311 0.99962
00038 468 125 184 398 0.99928
00038 115 127 116 367 0.99925
00038 691 143 75 261 0.99882
00038 882 167 76 210 0.99810
00038 0 289 26 111 0.98034
00038 470 137 73 258 0.97729
00020 368 140 100 277 0.99990
00020 179 151 114 313 0.99968
00020 422 125 260 398 0.99923
00020 779 174 86 202 0.99910
00020 0 120 109 377 0.99786
00020 923 179 36 173 0.99613
00020 615 156 50 175 0.90276
00013 741 175 81 200 0.99974
00013 404 130 292 384 0.99962
00013 128 155 122 313 0.99958
00013 331 131 88 284 0.99892
00013 881 171 78 179 0.99869
00013 0 145 78 328 0.99564
00013 592 155 39 37 0.88270
00110 611 150 107 208 0.99955
00110 0 41 333 488 0.99892
00110 410 209 203 209 0.99874
00110 833 219 119 151 0.99135
00110 291 330 102 104 0.96102
00005 89 146 125 332 0.99961
00005 412 109 270 377 0.99950
00005 707 172 86 201 0.99936
00005 301 135 91 284 0.99933
00005 850 175 90 175 0.99912
00005 922 177 36 144 0.98529
00005 1 175 42 243 0.95970
00108 612 130 99 235 0.99979
00108 0 25 349 487 0.99951
00108 435 234 156 174 0.99805
00108 837 219 119 152 0.99659
00021 190 153 105 316 0.99962
00021 380 138 96 277 0.99961
00021 450 130 224 387 0.99950
00021 783 177 90 200 0.99929
00021 1 128 118 363 0.99875
00021 931 201 28 146 0.93193
00021 620 152 58 198 0.90400
00007 308 142 85 283 0.99992
00007 438 127 232 371 0.99971
00007 91 155 128 314 0.99955
00007 851 171 83 181 0.99943
00007 713 172 84 201 0.99854
00007 926 175 32 152 0.98419
00007 3 148 48 298 0.92042
00063 756 140 82 251 0.99936
00063 523 124 109 290 0.99934
00063 180 109 115 370 0.99904
00063 369 114 170 405 0.99822
00063 0 136 98 388 0.99677
00064 530 123 99 279 0.99959
00064 377 110 139 400 0.99923
00064 759 134 79 262 0.99916
00064 181 109 120 376 0.99879
00064 0 141 104 382 0.99708
00074 195 107 114 355 0.99943
00074 545 113 112 283 0.99942
00074 298 88 190 445 0.99916
00074 781 126 84 252 0.99883
00074 0 130 122 389 0.99769
00074 410 125 81 316 0.84555
00090 585 104 105 295 0.99989
00090 824 170 122 207 0.99962
00090 418 132 110 301 0.99915
00090 183 80 165 458 0.99731
00090 0 213 160 293 0.99650
00090 292 169 62 226 0.92444
00076 555 108 100 285 0.99960
00076 207 98 105 370 0.99945
00076 785 132 89 249 0.99942
00076 0 125 122 399 0.99888
00076 286 97 195 442 0.99881
00076 409 134 83 298 0.96853
00107 612 132 99 233 0.99979
00107 0 43 317 460 0.99906
00107 429 226 179 181 0.99756
00107 837 219 118 152 0.99685
00017 356 136 96 283 0.99969
00017 158 160 122 312 0.99967
00017 767 176 83 194 0.99964
00017 423 130 251 377 0.99861
00017 1 122 97 381 0.99856
00017 905 177 54 168 0.99813
00017 590 158 71 225 0.90273
00017 608 153 43 93 0.86106
00028 419 142 110 284 0.99987
00028 237 162 118 303 0.99972
00028 835 180 89 199 0.99962
00028 640 154 87 261 0.99924
00028 56 122 119 380 0.99916
00028 480 127 158 381 0.99796
00101 600 96 98 273 0.99976
00101 10 63 266 461 0.99915
00101 448 211 114 198 0.99698
00101 851 220 108 135 0.99661
00085 572 110 107 282 0.99987
00085 408 125 108 311 0.99977
00085 807 157 116 222 0.99971
00085 0 141 135 362 0.99923
00085 221 83 155 418 0.99888
00084 571 102 105 292 0.99972
00084 408 134 104 309 0.99948
00084 798 150 122 236 0.99927
00084 0 131 135 382 0.99789
00084 215 86 175 390 0.99516
00084 301 476 110 62 0.90625
00024 389 138 109 280 0.99979
00024 453 113 218 411 0.99977
00024 207 156 116 309 0.99959
00024 22 115 123 380 0.99883
00024 803 171 87 207 0.99803
00024 620 156 72 249 0.98795
00095 589 96 111 291 0.99988
00095 431 151 106 272 0.99953
00095 135 92 168 443 0.99945
00095 828 192 131 183 0.99896
00095 2 288 141 224 0.98552
00095 262 225 114 212 0.95218
00041 138 120 104 383 0.99958
00041 301 155 117 307 0.99956
00041 465 126 202 388 0.99943
00041 705 148 71 255 0.99898
00041 899 158 60 220 0.99628
00041 1 263 39 127 0.99542
00041 477 155 52 153 0.82699
00009 402 123 278 377 0.99982
00009 111 147 118 325 0.99952
00009 724 170 83 203 0.99923
00009 316 131 87 288 0.99913
00009 864 170 85 179 0.99841
00009 1 153 59 313 0.97634
00009 937 182 21 140 0.95448
00033 455 149 94 273 0.99955
00033 858 173 89 209 0.99942
00033 264 165 120 309 0.99940
00033 92 132 115 361 0.99902
00033 672 155 73 258 0.99902
00033 483 124 160 404 0.99822
00070 309 97 177 424 0.99972
00070 188 107 115 364 0.99966
00070 771 135 89 254 0.99958
00070 536 120 102 276 0.99940
00070 0 138 118 377 0.99714
00069 534 121 107 282 0.99977
00069 316 97 176 420 0.99958
00069 189 98 117 379 0.99923
00069 774 137 79 256 0.99921
00069 0 140 116 385 0.99748
00034 269 160 120 311 0.99947
00034 96 129 117 365 0.99930
00034 871 170 88 217 0.99895
00034 476 132 168 380 0.99805
00034 675 153 75 258 0.99776
00034 456 148 90 266 0.99752
00014 342 132 83 277 0.99972
00014 416 118 268 405 0.99967
00014 136 150 120 318 0.99934
00014 747 168 88 209 0.99865
00014 890 168 69 181 0.99760
00014 0 145 82 327 0.99720
00014 591 153 43 44 0.82360
00001 280 129 93 293 0.99989
00001 64 149 127 323 0.99958
00001 895 175 64 147 0.99924
00001 686 175 88 201 0.99904
00001 830 180 83 170 0.99859
00001 481 130 220 351 0.99796
00001 0 262 28 163 0.96990
00001 456 148 123 243 0.83157
00075 552 108 99 287 0.99976
00075 203 100 102 368 0.99929
00075 791 130 76 247 0.99923
00075 297 97 193 433 0.99877
00075 0 127 124 395 0.99838
00075 413 131 83 312 0.95139
00042 305 152 110 312 0.99971
00042 465 118 201 397 0.99965
00042 138 121 103 381 0.99959
00042 705 148 71 255 0.99898
00042 899 156 60 220 0.99611
00042 4 269 33 115 0.99597
00042 477 155 52 154 0.82816
00060 751 141 76 259 0.99977
00060 520 134 101 283 0.99948
00060 414 132 152 396 0.99896
00060 176 121 114 362 0.99894
00060 352 154 88 310 0.99805
00060 0 196 96 325 0.99178
00100 588 93 115 282 0.99968
00100 9 68 267 459 0.99950
00100 440 186 117 229 0.99943
00100 847 210 112 152 0.99637
00100 256 216 149 224 0.94446
00010 318 134 92 284 0.99971
00010 730 171 89 205 0.99969
00010 427 129 260 373 0.99960
00010 116 149 122 313 0.99955
00010 872 169 78 174 0.99847
00010 1 151 65 315 0.98855
00010 589 156 27 33 0.76133
00023 389 138 109 280 0.99979
00023 452 111 219 413 0.99977
00023 207 156 116 309 0.99958
00023 22 115 123 379 0.99886
00023 803 171 87 208 0.99804
00023 621 153 69 249 0.99094
00082 807 145 99 231 0.99972
00082 568 107 99 284 0.99970
00082 407 143 104 295 0.99957
00082 0 131 136 376 0.99912
00082 238 86 139 443 0.99628
00082 305 481 135 57 0.93259
00077 559 107 99 286 0.99965
00077 205 103 109 359 0.99960
00077 786 126 83 250 0.99931
00077 0 134 126 375 0.99864
00077 281 94 176 437 0.99819
00077 402 129 96 306 0.99648
00106 610 122 108 242 0.99973
00106 0 25 342 499 0.99910
00106 841 224 114 145 0.99862
00106 434 230 160 181 0.99750
00019 363 142 96 271 0.99964
00019 437 113 255 412 0.99958
00019 171 153 115 308 0.99951
00019 767 177 88 198 0.99845
00019 0 130 100 348 0.99813
00019 920 178 39 166 0.99552
00019 602 160 69 243 0.91852
00109 612 145 104 217 0.99961
00109 0 13 331 515 0.99957
00109 412 219 199 190 0.99952
00109 843 220 109 142 0.99314
00109 301 331 98 104 0.93031
00008 299 137 106 283 0.99977
00008 429 117 254 388 0.99967
00008 101 150 127 316 0.99958
00008 720 177 78 200 0.99939
00008 862 172 78 180 0.99822
00008 925 175 34 151 0.98911
00008 1 163 54 296 0.96673
00048 326 157 103 308 0.99960
00048 147 124 112 365 0.99923
00048 0 236 62 141 0.99915
00048 721 151 69 252 0.99887
00048 446 110 146 412 0.99823
00048 914 165 45 209 0.99558
00048 529 137 57 95 0.93191
00048 531 129 65 283 0.76915
00080 797 122 102 260 0.99979
00080 560 108 112 283 0.99962
00080 0 131 135 375 0.99923
00080 399 126 104 318 0.99705
00080 216 104 82 369 0.99398
00080 278 95 125 421 0.99307
00011 423 134 266 356 0.99984
00011 328 133 84 287 0.99945
00011 120 156 120 299 0.99935
00011 735 174 84 201 0.99875
00011 872 171 85 183 0.99769
00011 0 147 66 320 0.99383
00011 588 152 34 33 0.86209
00111 603 158 118 200 0.99936
00111 11 22 300 488 0.99876
00111 412 223 195 203 0.99567
00111 833 215 122 145 0.99221
00032 255 166 124 304 0.99966
00032 853 182 93 205 0.99964
00032 470 134 170 378 0.99958
00032 80 129 125 370 0.99928
00032 446 150 95 265 0.99878
00032 667 151 74 255 0.99829
00103 605 100 90 262 0.99958
00103 0 42 294 491 0.99897
00103 844 221 111 146 0.99572
00103 440 207 125 206 0.99368
00103 444 244 41 139 0.93091
00103 4 240 125 252 0.70091
00089 580 104 112 284 0.99969
00089 824 170 122 207 0.99963
00089 418 132 110 301 0.99912
00089 0 211 164 305 0.99849
00089 164 95 188 430 0.99726
00089 292 171 61 227 0.94043
00043 302 154 119 304 0.99975
00043 459 118 181 398 0.99961
00043 707 151 73 255 0.99930
00043 130 111 114 380 0.99911
00043 902 167 57 205 0.99842
00043 3 260 43 122 0.99823
00081 801 139 101 237 0.99981
00081 566 103 109 289 0.99949
00081 0 127 135 375 0.99926
00081 398 133 116 319 0.99898
00081 227 81 187 432 0.99075
00081 219 113 80 347 0.91403
00072 540 120 110 279 0.99981
00072 307 107 176 410 0.99974
00072 190 106 114 363 0.99970
00072 779 125 77 266 0.99930
00072 0 127 112 396 0.99810
00072 417 139 40 51 0.93791
00072 416 139 63 161 0.86066
00026 460 111 188 420 0.99981
00026 228 162 110 309 0.99977
00026 410 138 98 279 0.99973
00026 818 176 92 199 0.99901
00026 42 118 120 377 0.99868
00026 630 152 78 254 0.99839
00031 250 159 119 311 0.99977
00031 437 144 103 280 0.99963
00031 660 156 76 252 0.99900
00031 851 172 83 205 0.99895
00031 80 124 121 374 0.99883
00031 485 126 150 385 0.99852
00065 530 123 101 279 0.99968
00065 341 100 160 412 0.99947
00065 181 113 115 360 0.99945
00065 764 140 75 252 0.99916
00065 0 137 104 389 0.99581
00058 746 148 79 253 0.99968
00058 348 155 108 305 0.99941
00058 175 114 114 370 0.99930
00058 519 131 101 290 0.99893
00058 425 119 153 406 0.99832
00058 0 202 90 330 0.99378
00044 457 120 179 405 0.99972
00044 309 155 116 306 0.99968
00044 130 124 116 368 0.99847
00044 717 147 61 255 0.99830
00044 903 163 56 206 0.99730
00044 0 256 49 135 0.99686
00059 752 141 75 260 0.99977
00059 352 146 93 310 0.99925
00059 519 128 101 291 0.99922
00059 176 121 114 361 0.99891
00059 407 109 158 418 0.99886
00059 0 191 92 336 0.99304
00057 351 151 101 319 0.99946
00057 166 116 115 361 0.99914
00057 427 124 150 394 0.99865
00057 749 146 72 255 0.99850
00057 524 132 94 284 0.99752
00057 0 210 85 317 0.99375
00057 934 334 25 39 0.80588
00006 89 146 124 332 0.99961
00006 435 110 244 395 0.99952
00006 707 172 86 201 0.99934
00006 300 134 92 286 0.99931
00006 846 169 92 181 0.99928
00006 922 178 37 144 0.98524
00006 1 175 42 243 0.95852
00056 349 150 98 320 0.99964
00056 746 149 75 254 0.99913
00056 167 114 122 372 0.99873
00056 415 115 174 408 0.99811
00056 0 215 85 308 0.99720
00056 523 134 94 304 0.99410
00056 932 333 27 38 0.80399
00046 313 157 119 306 0.99957
00046 139 120 112 371 0.99925
00046 461 118 144 393 0.99899
00046 720 148 69 252 0.99784
00046 912 168 47 206 0.99777
00046 0 245 57 141 0.99698
00046 530 136 52 98 0.85618
00071 307 107 176 410 0.99975
00071 546 113 98 282 0.99970
00071 191 106 114 362 0.99968
00071 779 126 76 265 0.99929
00071 0 131 116 385 0.99739
00071 417 139 40 50 0.93839
00071 420 137 59 167 0.81027
00086 574 103 99 287 0.99982
00086 409 129 109 307 0.99971
00086 806 163 124 219 0.99957
00086 207 82 171 417 0.99936
00086 0 159 141 344 0.99905
00016 349 140 96 273 0.99967
00016 154 151 117 309 0.99959
00016 755 173 87 201 0.99916
00016 426 131 269 385 0.99906
00016 898 174 61 172 0.99847
00016 0 133 90 359 0.99830
00016 604 152 47 87 0.87078
00016 585 157 89 242 0.81444
00078 559 107 99 286 0.99968
00078 205 103 109 359 0.99961
00078 786 127 83 249 0.99932
00078 0 134 126 375 0.99864
00078 281 93 177 438 0.99812
00078 402 128 96 306 0.99652
00018 356 136 96 284 0.99970
00018 158 160 122 312 0.99967
00018 0 142 98 345 0.99899
00018 763 172 84 209 0.99895
00018 413 131 279 387 0.99852
00018 905 177 53 169 0.99788
00018 588 156 79 239 0.89806
00018 608 153 43 94 0.85748
00040 462 117 204 399 0.99965
00040 297 157 121 305 0.99950
00040 126 124 111 363 0.99917
00040 703 142 69 262 0.99916
00040 890 168 69 209 0.99645
00040 0 273 34 117 0.99291
00040 473 161 58 148 0.89633
00062 523 125 101 284 0.99966
00062 184 112 103 368 0.99922
00062 753 139 79 250 0.99895
00062 371 112 166 409 0.99676
00062 0 154 100 372 0.99446
00062 357 139 77 323 0.80177
00036 457 138 204 373 0.99958
00036 272 164 128 314 0.99956
00036 107 128 112 369 0.99914
00036 685 150 73 259 0.99859
00036 877 173 76 212 0.99732
00036 463 140 79 281 0.99096
00096 589 96 111 291 0.99989
00096 431 152 106 272 0.99953
00096 130 81 169 443 0.99927
00096 831 193 126 179 0.99879
00096 2 288 140 224 0.98643
00096 258 222 118 223 0.95872
00027 832 178 82 202 0.99992
00027 411 140 111 290 0.99949
00027 228 160 118 308 0.99937
00027 51 127 124 368 0.99910
00027 634 155 81 248 0.99833
00027 462 126 169 393 0.99688
00091 825 172 122 202 0.99970
00091 589 103 107 287 0.99948
00091 419 134 108 293 0.99942
00091 170 91 178 445 0.99931
00091 4 250 158 267 0.99780
00091 276 180 86 207 0.88211
