00022 226 126 138 305 0.99929
00022 503 168 149 287 0.99901
00022 200 114 76 292 0.99399
00037 518 197 151 286 0.99956
00037 179 120 108 321 0.99889
00037 230 135 151 317 0.99758
00003 443 182 136 275 0.99917
00003 233 108 131 339 0.99671
00003 244 101 82 130 0.88203
00051 566 152 152 285 0.99937
00051 189 82 120 311 0.99931
00051 298 93 125 319 0.99889
00050 192 92 111 310 0.99982
00050 287 102 128 313 0.99948
00050 565 150 165 299 0.99944
00047 554 177 174 278 0.99950
00047 182 110 117 309 0.99930
00047 244 117 155 330 0.99701
00025 501 164 157 291 0.99933
00025 195 98 91 305 0.99908
00025 243 112 122 308 0.99827
00052 568 144 151 301 0.99967
00052 195 74 118 320 0.99961
00052 301 98 132 319 0.99943
00002 443 187 127 271 0.99959
00002 238 130 122 308 0.99899
00002 259 105 73 115 0.93872
00030 503 170 156 281 0.99969
00030 181 86 103 318 0.99905
00030 240 114 125 324 0.99824
00053 195 66 119 318 0.99982
00053 568 140 153 293 0.99953
00053 305 84 138 327 0.99902
00045 553 176 159 288 0.99927
00045 181 105 109 319 0.99924
00045 224 125 181 316 0.99784
00012 470 182 152 292 0.99948
00012 224 120 156 327 0.99817
00012 222 127 70 145 0.93136
00012 248 129 50 54 0.81862
00004 450 179 139 282 0.99968
00004 244 119 120 315 0.99819
00004 242 100 83 131 0.95994
00049 187 97 117 316 0.99930
00049 568 158 164 298 0.99902
00049 266 94 139 335 0.99868
00039 180 121 108 313 0.99974
00039 533 195 149 279 0.99973
00039 233 124 156 328 0.99866
00029 519 165 130 293 0.99957
00029 182 91 105 299 0.99933
00029 242 121 121 307 0.99844
00035 181 119 103 308 0.99962
00035 237 127 140 328 0.99935
00035 511 188 154 290 0.99907
00015 472 185 148 283 0.99966
00015 237 124 141 304 0.99727
00015 213 113 84 141 0.79945
00015 224 152 46 247 0.70083
00038 180 125 106 314 0.99984
00038 519 195 155 284 0.99950
00038 227 120 145 337 0.99845
00020 502 174 141 287 0.99910
00020 198 105 98 322 0.99717
00020 245 122 125 303 0.98702
00013 473 184 148 292 0.99977
00013 236 122 130 317 0.99596
00013 224 119 72 142 0.97091
00005 450 175 129 284 0.99976
00005 223 113 150 319 0.99333
00005 232 101 92 118 0.81311
00021 497 163 162 306 0.99959
00021 233 120 136 307 0.99878
00021 203 116 82 275 0.98948
00007 459 177 151 283 0.99965
00007 223 112 148 328 0.99946
00007 255 108 62 90 0.85316
00017 491 179 133 285 0.99980
00017 227 138 140 296 0.99528
00028 504 166 155 289 0.99969
00028 181 91 106 309 0.99915
00028 243 121 124 315 0.99739
00024 503 165 157 291 0.99970
00024 238 115 127 309 0.99900
00024 198 99 85 301 0.99829
00041 533 195 151 274 0.99970
00041 173 112 109 319 0.99921
00041 232 134 162 312 0.99670
00009 470 180 136 281 0.99937
00009 221 121 153 318 0.99894
00009 647 418 71 66 0.88660
00009 261 118 37 63 0.86515
00033 181 99 106 326 0.99943
00033 249 129 123 315 0.99931
00033 510 179 152 292 0.99925
00034 180 111 106 318 0.99977
00034 511 179 146 295 0.99903
00034 246 133 123 318 0.99901
00014 473 184 145 289 0.99976
00014 239 130 139 297 0.99739
00014 226 113 65 159 0.95983
00001 437 190 138 273 0.99965
00001 236 131 129 312 0.99910
00001 271 113 76 114 0.96102
00042 179 112 113 323 0.99934
00042 526 189 194 277 0.99907
00042 228 140 155 307 0.99715
00010 467 183 151 276 0.99950
00010 226 120 145 329 0.99884
00010 250 116 49 70 0.92068
00010 229 127 58 123 0.80240
00023 504 164 156 292 0.99957
00023 225 112 139 323 0.99724
00023 205 109 70 305 0.71010
00019 500 174 127 294 0.99974
00019 202 108 95 313 0.99888
00019 246 126 127 308 0.97637
00008 458 179 154 294 0.99964
00008 217 111 160 334 0.99940
00008 256 108 52 80 0.91027
00008 245 121 36 102 0.70282
00048 196 110 102 311 0.99978
00048 556 179 165 273 0.99924
00048 245 116 165 316 0.99887
00011 469 178 148 292 0.99941
00011 212 114 164 332 0.99884
00011 231 126 59 120 0.91794
00011 252 120 45 59 0.89180
00032 503 164 161 305 0.99957
00032 181 100 99 315 0.99957
00032 245 120 122 317 0.99906
00043 179 105 114 324 0.99920
00043 529 193 177 278 0.99901
00043 229 137 168 306 0.99709
00026 499 167 163 280 0.99955
00026 184 95 102 307 0.99937
00026 237 116 121 310 0.99891
00031 178 91 109 318 0.99959
00031 512 172 149 293 0.99951
00031 240 124 127 315 0.99870
00044 541 179 171 295 0.99930
00044 178 105 120 323 0.99923
00044 229 125 169 319 0.99778
00006 458 178 145 268 0.99967
00006 230 120 149 317 0.99698
00006 242 102 67 118 0.96592
00046 238 124 156 316 0.99959
00046 181 105 119 314 0.99902
00046 558 180 161 286 0.99840
00016 481 182 151 289 0.99956
00016 225 124 148 310 0.99768
00016 219 116 78 144 0.83389
00018 495 180 140 281 0.99975
00018 222 126 153 308 0.99639
00040 528 196 153 276 0.99963
00040 226 126 173 320 0.99883
00040 178 113 110 328 0.99819
00036 518 195 152 287 0.99975
00036 178 121 108 309 0.99934
00036 237 129 145 327 0.99794
00027 503 170 161 287 0.99970
00027 184 92 103 308 0.99923
00027 242 124 122 302 0.99893
