00022 641 272 109 247 0.99970
00022 175 70 100 231 0.99862
00022 460 261 105 271 0.99857
00022 27 131 62 181 0.99709
00022 0 144 44 221 0.99472
00022 565 187 75 210 0.99381
00022 929 340 30 195 0.98506
00022 246 207 60 94 0.96875
00037 671 286 94 246 0.99941
00037 491 272 104 263 0.99893
00037 85 175 67 212 0.99740
00037 142 171 68 142 0.99701
00037 38 148 59 181 0.99697
00037 570 192 74 197 0.99646
00037 0 211 43 243 0.99514
00037 146 294 77 62 0.89864
00003 19 167 55 172 0.99910
00003 389 240 98 189 0.99872
00003 260 212 76 194 0.99871
00003 902 316 56 221 0.99829
00003 611 301 99 227 0.99757
00003 452 293 118 241 0.99701
00003 598 223 71 158 0.99361
00025 645 278 104 239 0.99946
00025 151 80 133 238 0.99816
00025 462 253 111 272 0.99787
00025 0 155 67 204 0.99669
00025 569 177 63 215 0.99473
00025 934 336 24 202 0.99376
00025 46 132 39 181 0.99215
00002 19 171 57 171 0.99963
00002 400 249 102 183 0.99915
00002 256 219 80 189 0.99895
00002 460 290 112 244 0.99861
00002 903 314 51 225 0.99599
00002 596 240 88 136 0.99076
00002 604 297 99 216 0.96822
00030 650 282 101 237 0.99894
00030 479 259 97 268 0.99789
00030 21 169 81 204 0.99696
00030 563 188 79 198 0.99663
00030 931 388 25 148 0.99412
00030 155 236 92 123 0.98901
00030 130 152 113 119 0.98430
00030 0 240 33 133 0.98367
00030 32 140 49 58 0.95988
00012 222 142 89 241 0.99990
00012 573 208 84 212 0.99940
00012 17 150 62 166 0.99938
00012 634 298 99 241 0.99896
00012 295 156 97 213 0.99896
00012 461 273 93 257 0.99821
00012 918 338 38 198 0.99504
00004 377 241 98 180 0.99980
00004 259 211 79 185 0.99977
00004 16 165 55 171 0.99890
00004 902 318 56 217 0.99800
00004 611 298 107 234 0.99685
00004 451 290 116 246 0.99680
00004 599 224 71 184 0.96270
00039 671 292 98 229 0.99966
00039 0 214 41 245 0.99961
00039 495 276 107 249 0.99895
00039 43 148 56 183 0.99863
00039 95 185 76 199 0.99321
00039 574 203 64 182 0.98386
00039 145 165 52 129 0.98135
00029 651 278 102 244 0.99909
00029 476 255 98 271 0.99802
00029 566 188 74 194 0.99674
00029 132 142 114 102 0.99542
00029 931 374 27 164 0.99486
00029 22 167 72 209 0.98525
00029 178 219 71 133 0.98360
00029 31 143 61 71 0.96219
00029 0 249 26 111 0.88822
00035 489 266 105 262 0.99933
00035 670 285 91 242 0.99928
00035 62 167 81 216 0.99691
00035 566 190 81 194 0.99572
00035 143 172 76 141 0.99424
00035 41 148 45 177 0.98671
00035 0 203 36 251 0.98026
00035 929 421 28 114 0.97792
00015 197 87 108 273 0.99931
00015 19 144 67 172 0.99924
00015 582 200 75 210 0.99902
00015 636 285 99 252 0.99889
00015 463 266 99 273 0.99860
00015 927 338 32 201 0.99778
00015 290 144 87 190 0.98860
00038 80 184 95 211 0.99946
00038 668 284 95 241 0.99918
00038 499 278 98 255 0.99915
00038 42 151 56 177 0.99878
00038 574 194 61 192 0.99553
00038 0 208 41 245 0.99177
00038 148 164 51 149 0.98876
00020 27 135 65 177 0.99928
00020 459 262 108 259 0.99875
00020 648 274 101 245 0.99844
00020 571 195 82 198 0.99676
00020 1 150 29 230 0.99544
00020 200 60 83 257 0.99538
00020 935 339 23 198 0.98871
00020 262 209 72 95 0.86971
00013 218 116 87 268 0.99964
00013 18 149 64 164 0.99913
00013 628 294 101 238 0.99889
00013 919 334 39 205 0.99882
00013 294 156 86 208 0.99867
00013 461 273 101 260 0.99831
00013 581 198 81 216 0.99734
00005 616 296 101 237 0.99985
00005 366 236 104 181 0.99974
00005 259 207 88 194 0.99965
00005 20 163 53 172 0.99945
00005 907 320 50 214 0.99869
00005 460 280 106 259 0.99642
00005 594 224 66 191 0.98713
00021 27 130 64 178 0.99917
00021 570 188 74 204 0.99901
00021 183 70 99 238 0.99892
00021 640 272 108 248 0.99875
00021 462 261 103 264 0.99852
00021 1 143 34 238 0.99716
00021 935 336 24 202 0.99307
00021 255 207 65 97 0.96943
00007 627 299 95 228 0.99957
00007 23 152 54 176 0.99922
00007 910 320 47 213 0.99901
00007 259 201 71 194 0.99782
00007 346 225 92 189 0.99728
00007 457 281 109 249 0.99688
00007 598 212 61 217 0.99326
00017 639 281 108 248 0.99934
00017 578 195 77 201 0.99866
00017 205 73 92 272 0.99860
00017 24 146 65 168 0.99844
00017 455 263 114 268 0.99838
00017 928 337 28 202 0.99354
00017 292 211 67 108 0.99215
00028 645 278 105 237 0.99923
00028 474 254 101 269 0.99804
00028 566 182 71 201 0.99655
00028 137 130 121 99 0.98662
00028 9 166 78 205 0.98608
00028 928 351 31 185 0.98153
00028 39 138 50 107 0.95731
00028 172 221 84 126 0.95514
00024 644 279 105 237 0.99958
00024 165 80 114 237 0.99862
00024 462 256 103 263 0.99842
00024 569 180 65 210 0.99639
00024 33 133 54 176 0.99597
00024 0 151 57 214 0.99547
00024 933 331 23 208 0.99151
00041 678 285 85 246 0.99892
00041 41 150 71 178 0.99887
00041 495 276 109 251 0.99844
00041 0 220 44 237 0.99827
00041 570 201 74 181 0.99677
00041 95 171 86 221 0.99142
00041 161 279 59 71 0.98026
00041 152 180 38 160 0.90881
00009 616 297 104 232 0.99972
00009 23 148 56 174 0.99917
00009 912 322 46 212 0.99895
00009 459 280 106 252 0.99892
00009 585 216 69 215 0.99841
00009 317 202 100 196 0.99806
00009 233 188 88 202 0.99771
00033 488 263 99 264 0.99932
00033 660 285 94 237 0.99902
00033 50 160 77 222 0.99796
00033 563 194 86 188 0.99785
00033 30 146 51 172 0.99503
00033 927 415 31 122 0.99125
00033 131 165 94 150 0.98979
00033 0 200 36 231 0.95704
00034 492 272 101 260 0.99963
00034 665 280 94 246 0.99913
00034 142 168 86 171 0.99850
00034 53 164 83 217 0.99754
00034 562 189 86 195 0.99696
00034 0 196 35 251 0.99210
00034 930 418 27 117 0.98844
00034 37 149 47 170 0.98253
00014 204 104 102 266 0.99985
00014 583 202 76 213 0.99954
00014 20 150 63 161 0.99938
00014 630 289 107 235 0.99816
00014 921 332 35 201 0.99757
00014 293 133 87 221 0.99699
00014 463 268 98 270 0.99670
00001 248 218 97 188 0.99921
00001 21 175 53 168 0.99879
00001 906 315 49 219 0.99864
00001 407 255 97 185 0.99820
00001 464 290 109 241 0.99804
00001 595 237 110 294 0.96870
00010 303 188 105 207 0.99945
00010 624 291 104 244 0.99913
00010 19 148 62 169 0.99908
00010 912 325 46 207 0.99857
00010 227 181 85 201 0.99854
00010 456 279 110 256 0.99789
00010 585 216 72 204 0.99617
00023 158 77 129 233 0.99975
00023 641 271 106 248 0.99974
00023 464 254 101 269 0.99800
00023 574 190 58 199 0.99563
00023 31 132 56 181 0.99528
00023 0 148 47 220 0.99448
00023 935 335 24 203 0.99340
00019 26 137 66 178 0.99888
00019 643 272 108 257 0.99882
00019 572 199 82 200 0.99879
00019 459 257 116 273 0.99840
00019 277 204 68 109 0.99532
00019 209 54 85 275 0.99386
00019 0 181 27 150 0.99325
00019 936 343 23 192 0.99236
00008 623 298 98 230 0.99976
00008 910 315 46 224 0.99920
00008 228 193 97 189 0.99916
00008 590 220 64 205 0.99862
00008 22 150 54 172 0.99859
00008 462 275 101 260 0.99825
00008 334 217 85 191 0.99472
00011 219 157 86 223 0.99926
00011 20 144 60 176 0.99925
00011 309 186 98 210 0.99882
00011 633 281 97 255 0.99856
00011 461 268 105 268 0.99851
00011 581 217 78 203 0.99817
00011 913 330 46 209 0.99624
00032 659 283 94 235 0.99919
00032 139 164 82 120 0.99872
00032 481 263 95 274 0.99802
00032 559 191 83 193 0.99794
00032 41 159 72 221 0.99501
00032 928 405 30 133 0.98989
00032 0 211 36 190 0.97559
00032 159 279 78 70 0.95711
00032 31 151 42 164 0.94841
00026 642 272 103 248 0.99970
00026 147 101 121 217 0.99828
00026 464 257 99 265 0.99779
00026 0 157 68 208 0.99738
00026 934 337 24 200 0.99667
00026 568 177 61 207 0.99056
00026 47 128 36 183 0.98913
00031 655 282 96 238 0.99943
00031 481 260 97 267 0.99826
00031 33 157 75 223 0.99800
00031 929 404 28 134 0.99760
00031 140 154 92 120 0.99717
00031 563 200 77 182 0.99672
00031 166 265 79 88 0.99296
00031 0 229 29 163 0.98007
00031 37 146 35 66 0.95133
00006 623 300 98 231 0.99975
00006 28 158 44 180 0.99959
00006 258 200 84 191 0.99915
00006 908 313 49 220 0.99859
00006 364 228 92 182 0.99777
00006 601 223 60 199 0.99765
00006 465 278 110 252 0.99761
00016 202 103 100 234 0.99980
00016 20 151 65 160 0.99917
00016 458 267 109 272 0.99889
00016 580 198 77 209 0.99865
00016 634 284 103 243 0.99839
00016 927 335 32 204 0.99722
00016 290 156 80 172 0.92215
00018 24 138 63 177 0.99929
00018 458 261 113 267 0.99811
00018 640 280 109 254 0.99806
00018 577 196 78 200 0.99800
00018 933 336 22 201 0.99437
00018 215 80 77 248 0.99427
00018 265 137 89 181 0.85894
00040 499 266 105 267 0.99921
00040 669 287 95 238 0.99918
00040 0 220 41 239 0.99898
00040 40 150 65 183 0.99709
00040 573 198 67 182 0.99337
00040 96 191 81 193 0.98994
00040 148 174 42 136 0.95009
00040 157 277 53 66 0.77785
00036 671 284 93 246 0.99936
00036 495 273 104 258 0.99845
00036 67 167 81 217 0.99710
00036 570 188 78 202 0.99613
00036 44 152 48 166 0.99603
00036 141 168 79 142 0.99367
00036 0 204 42 254 0.99152
00027 643 279 106 240 0.99954
00027 469 254 100 266 0.99921
00027 0 159 78 206 0.99650
00027 136 112 136 203 0.99609
00027 565 180 66 204 0.99555
00027 934 348 25 186 0.99439
00027 46 136 39 137 0.93712
