00022 536 11 185 512 0.99959
00022 331 69 191 449 0.99950
00037 515 14 173 422 0.99973
00037 344 41 211 418 0.99912
00037 45 53 38 91 0.99839
00037 294 62 50 41 0.93646
00037 406 51 47 68 0.73305
00003 294 46 277 474 0.99985
00003 594 37 212 475 0.99938
00025 327 75 227 447 0.99966
00025 530 33 187 439 0.99925
00025 1 84 15 82 0.90349
00002 596 29 246 496 0.99966
00002 305 51 251 464 0.99957
00030 536 12 170 440 0.99980
00030 346 39 196 435 0.99761
00030 12 50 36 92 0.99754
00012 562 1 255 478 0.99962
00012 301 45 249 468 0.99916
00004 283 28 288 511 0.99979
00004 597 34 189 478 0.99953
00039 525 16 170 411 0.99951
00039 66 48 37 93 0.99899
00039 364 38 165 437 0.99714
00039 318 55 51 38 0.92103
00029 337 62 202 423 0.99968
00029 530 26 193 417 0.99954
00029 2 54 39 90 0.99640
00035 512 7 173 440 0.99961
00035 330 56 216 447 0.99946
00035 34 50 37 90 0.99789
00035 290 63 47 40 0.94871
00015 535 0 254 490 0.99947
00015 318 5 228 530 0.99857
00038 521 14 171 418 0.99966
00038 356 39 183 415 0.99953
00038 54 50 35 89 0.99799
00038 1 93 24 37 0.91726
00020 542 20 190 487 0.99981
00020 312 64 243 446 0.99859
00013 557 4 254 475 0.99952
00013 307 37 232 491 0.99946
00005 607 31 160 486 0.99975
00005 288 27 267 497 0.99933
00021 527 7 199 519 0.99953
00021 323 63 215 442 0.99936
00007 602 20 170 506 0.99977
00007 303 36 241 474 0.99974
00017 318 35 237 478 0.99986
00017 538 15 235 469 0.99977
00028 323 47 232 457 0.99950
00028 530 30 182 418 0.99945
00028 3 59 30 92 0.99599
00024 317 70 224 459 0.99980
00024 534 25 184 458 0.99939
00024 219 87 50 38 0.88965
00041 357 28 191 442 0.99952
00041 522 11 171 431 0.99940
00041 81 49 35 92 0.99929
00009 300 58 249 458 0.99977
00009 591 12 221 502 0.99975
00033 528 4 163 456 0.99955
00033 31 49 39 97 0.99787
00033 333 32 223 425 0.99564
00033 286 59 44 40 0.70638
00034 506 2 184 447 0.99962
00034 339 28 199 466 0.99939
00034 33 49 38 96 0.99878
00014 546 4 256 481 0.99961
00014 315 18 242 499 0.99907
00001 288 53 268 460 0.99984
00001 596 28 247 498 0.99964
00010 321 46 225 468 0.99978
00010 575 8 242 499 0.99962
00023 521 17 199 485 0.99909
00023 317 72 233 444 0.99903
00019 543 26 201 478 0.99978
00019 338 48 197 457 0.99926
00008 585 13 206 498 0.99986
00008 286 36 271 497 0.99983
00011 297 52 255 451 0.99979
00011 566 1 254 472 0.99953
00032 533 8 169 440 0.99982
00032 349 46 188 423 0.99791
00032 26 50 35 93 0.99711
00026 322 64 228 451 0.99984
00026 529 29 192 427 0.99944
00026 2 64 19 94 0.99087
00031 532 7 172 445 0.99982
00031 26 51 34 93 0.99720
00031 349 29 196 441 0.99694
00006 602 19 172 508 0.99976
00006 295 47 262 481 0.99970
00016 307 28 250 488 0.99985
00016 537 14 236 471 0.99977
00018 523 14 215 490 0.99981
00018 307 36 248 479 0.99925
00040 527 27 152 399 0.99894
00040 352 31 211 441 0.99846
00040 75 48 36 92 0.99796
00040 321 57 50 38 0.70135
00036 514 13 174 423 0.99974
00036 345 47 205 413 0.99926
00036 45 53 38 91 0.99816
00036 294 62 49 41 0.93734
00027 533 38 178 408 0.99976
00027 325 53 228 459 0.99972
00027 1 63 20 94 0.99166
