00022 639 204 300 323 0.99963
00022 490 177 180 345 0.99954
00022 254 191 237 340 0.99926
00022 102 159 185 360 0.99921
00037 578 254 165 272 0.99921
00037 44 233 293 299 0.99638
00037 149 154 98 78 0.99555
00003 549 147 278 369 0.99981
00003 182 122 301 388 0.99955
00003 822 143 137 379 0.99816
00003 0 344 48 190 0.99756
00025 176 180 214 346 0.99924
00025 344 201 134 334 0.99859
00025 569 213 209 317 0.99249
00025 669 216 92 123 0.99138
00025 688 291 128 241 0.88280
00002 146 117 336 412 0.99958
00002 547 150 229 361 0.99953
00002 778 160 169 361 0.99918
00002 1 352 19 169 0.98167
00030 373 205 177 314 0.99975
00030 733 214 209 307 0.99961
00030 543 242 190 269 0.99846
00030 277 207 144 318 0.99629
00030 51 110 135 214 0.97352
00012 628 129 274 405 0.99969
00012 20 97 241 439 0.99916
00012 230 130 224 389 0.99866
00004 565 125 332 397 0.99968
00004 204 100 288 431 0.99957
00004 0 323 89 205 0.99455
00004 896 150 63 178 0.97162
00004 894 350 63 180 0.91756
00039 0 260 120 273 0.99930
00039 313 279 185 253 0.99852
00039 0 169 65 75 0.99203
00029 715 207 213 315 0.99947
00029 489 214 260 319 0.99909
00029 335 202 192 318 0.99667
00029 12 102 121 176 0.97879
00029 22 116 99 61 0.79051
00035 717 251 158 280 0.99952
00035 35 252 178 283 0.99853
00035 324 237 175 284 0.99753
00035 198 139 103 179 0.99654
00035 200 237 204 237 0.96183
00015 609 150 324 366 0.99965
00015 160 120 302 402 0.99721
00015 286 136 96 279 0.95251
00015 1 498 39 40 0.83771
00038 437 266 196 268 0.99892
00038 50 233 183 302 0.99654
00038 44 164 99 112 0.98881
00038 4 275 97 219 0.92489
00020 411 165 184 356 0.99970
00020 648 182 217 345 0.99959
00020 21 152 170 368 0.99940
00020 268 172 160 349 0.99924
00013 631 141 214 367 0.99948
00013 183 132 328 399 0.99901
00013 86 104 226 415 0.99177
00005 219 131 249 390 0.99988
00005 591 146 356 375 0.99975
00005 0 159 90 378 0.88617
00005 924 430 33 107 0.82764
00021 282 174 181 352 0.99987
00021 642 184 271 348 0.99956
00021 457 165 198 363 0.99953
00021 61 158 176 359 0.99950
00007 623 146 256 375 0.99985
00007 229 125 279 389 0.99976
00007 4 166 47 360 0.92815
00017 641 174 285 349 0.99958
00017 268 150 185 370 0.99880
00017 4 128 89 400 0.98739
00028 683 218 222 300 0.99971
00028 312 195 181 329 0.99907
00028 515 228 235 290 0.99810
00028 0 105 58 72 0.98885
00024 150 172 214 360 0.99959
00024 527 205 204 320 0.99929
00024 322 202 115 326 0.99798
00024 653 195 160 326 0.99742
00041 71 296 203 234 0.99923
00041 875 365 84 161 0.97444
00009 614 145 273 373 0.99979
00009 225 113 322 397 0.99933
00009 0 102 142 420 0.99867
00009 0 227 41 153 0.72159
00033 371 233 169 286 0.99975
00033 740 257 176 270 0.99973
00033 487 241 152 285 0.99904
00033 177 216 173 306 0.99212
00033 176 130 103 187 0.98679
00034 734 248 163 281 0.99936
00034 107 225 169 290 0.99868
00034 328 240 226 279 0.99744
00034 187 136 108 104 0.98318
00034 392 258 52 55 0.91117
00014 616 160 247 354 0.99967
00014 222 142 309 375 0.99891
00014 111 79 240 453 0.97196
00001 726 155 179 370 0.99986
00001 124 120 281 405 0.99985
00001 520 162 319 352 0.99827
00010 627 128 298 408 0.99975
00010 232 119 267 401 0.99974
00010 6 109 166 412 0.99927
00023 642 197 246 338 0.99987
00023 501 186 169 340 0.99965
00023 116 174 221 353 0.99959
00023 285 190 143 325 0.99956
00019 624 186 228 350 0.99959
00019 364 154 178 382 0.99846
00019 7 144 148 362 0.99807
00019 262 152 184 372 0.99724
00008 220 127 342 398 0.99937
00008 583 138 251 367 0.99752
00008 0 173 112 337 0.99374
00011 618 142 317 362 0.99979
00011 241 115 196 420 0.99963
00011 0 92 224 439 0.99948
00032 384 219 164 303 0.99953
00032 500 246 190 270 0.99950
00032 743 251 188 276 0.99917
00032 221 205 160 314 0.99678
00032 149 124 107 185 0.99611
00026 580 208 290 315 0.99934
00026 214 186 230 346 0.99856
00026 353 216 132 301 0.96227
00026 370 216 62 90 0.76522
00031 375 204 185 315 0.99971
00031 255 213 147 316 0.99958
00031 733 231 214 293 0.99953
00031 541 246 179 293 0.99851
00031 111 125 113 180 0.98989
00006 625 152 306 360 0.99983
00006 211 119 252 411 0.99962
00006 3 239 67 285 0.98889
00016 634 169 316 366 0.99971
00016 215 133 263 384 0.99928
00016 0 463 93 70 0.99655
00016 3 206 41 98 0.99311
00016 9 219 60 313 0.86969
00018 629 176 239 345 0.99970
00018 291 154 179 372 0.99849
00018 4 135 115 394 0.99677
00018 285 169 75 282 0.90665
00040 206 292 183 236 0.99822
00036 685 256 152 274 0.99949
00036 5 245 134 279 0.99845
00036 288 245 173 284 0.99731
00036 131 239 230 277 0.98636
00036 195 152 114 179 0.97459
00027 241 196 237 326 0.99947
00027 645 206 262 309 0.99876
00027 544 206 176 292 0.97733
00027 400 221 40 59 0.74294
00027 440 502 109 31 0.72628
