00022 109 152 252 270 0.99932
00022 299 109 171 299 0.99582
00037 104 152 249 268 0.99957
00037 308 96 165 345 0.99512
00003 105 155 251 269 0.99932
00003 335 68 170 314 0.99786
00025 111 148 244 275 0.99960
00025 290 95 183 319 0.99537
00002 116 162 236 250 0.99945
00002 338 68 172 309 0.99862
00030 89 148 271 281 0.99880
00030 283 101 192 331 0.98879
00012 115 165 242 247 0.99969
00012 305 89 190 361 0.99667
00004 115 151 237 265 0.99927
00004 336 65 153 314 0.99849
00039 101 159 249 261 0.99975
00039 336 98 140 294 0.99367
00029 294 94 179 322 0.99854
00029 95 157 259 256 0.99847
00035 110 150 236 275 0.99961
00035 323 94 153 311 0.99814
00015 121 156 237 262 0.99904
00015 298 95 191 323 0.99614
00038 101 161 251 251 0.99939
00038 330 102 153 274 0.99122
00020 110 158 239 254 0.99922
00020 297 96 176 307 0.99784
00013 112 151 242 259 0.99949
00013 310 97 180 333 0.99594
00005 115 160 242 253 0.99937
00005 334 72 158 314 0.99863
00021 93 146 273 273 0.99800
00021 292 94 180 313 0.99640
00007 104 150 257 267 0.99952
00007 331 81 153 316 0.99787
00017 100 154 248 259 0.99966
00017 306 108 165 295 0.99669
00028 94 159 246 267 0.99900
00028 292 96 182 330 0.99811
00024 109 155 246 274 0.99954
00024 290 94 183 329 0.99660
00041 101 152 249 270 0.99972
00041 341 103 143 290 0.98015
00009 109 150 237 261 0.99973
00009 321 84 160 314 0.99705
00033 111 150 238 270 0.99961
00033 297 102 186 323 0.99412
00034 99 142 248 279 0.99873
00034 320 91 162 370 0.99547
00014 123 152 234 265 0.99917
00014 321 93 163 365 0.99776
00001 104 152 251 259 0.99963
00001 333 65 179 330 0.99812
00010 103 155 258 266 0.99968
00010 327 75 154 345 0.99399
00023 91 147 269 274 0.99872
00023 287 98 189 329 0.99841
00019 113 154 233 254 0.99887
00019 295 93 177 313 0.99822
00008 108 158 247 258 0.99945
00008 326 85 152 313 0.99788
00011 106 151 251 268 0.99982
00011 321 89 154 321 0.99683
00032 113 164 233 252 0.99924
00032 308 97 169 324 0.99747
00026 101 150 251 269 0.99922
00026 289 97 190 338 0.99708
00031 108 153 247 262 0.99947
00031 297 97 189 342 0.99814
00006 102 150 257 266 0.99966
00006 329 71 159 312 0.99835
00016 98 146 269 274 0.99969
00016 312 104 161 306 0.99771
00018 108 154 247 273 0.99958
00018 307 105 162 303 0.99609
00040 96 147 244 272 0.99901
00040 340 101 147 279 0.98616
00036 96 147 247 281 0.99841
00036 326 98 153 300 0.99459
00027 106 142 245 279 0.99938
00027 294 102 185 331 0.99664
