00022 596 138 96 121 0.99862
00022 711 216 59 44 0.99467
00022 795 169 164 361 0.99447
00022 356 40 199 277 0.97746
00022 888 172 65 182 0.97185
00022 74 284 222 250 0.94935
00022 103 71 496 399 0.91482
00037 598 140 93 116 0.99824
00037 704 209 65 54 0.99748
00037 797 161 162 371 0.99512
00037 888 171 67 186 0.97855
00037 73 277 207 259 0.95917
00037 103 54 524 439 0.94225
00037 364 53 191 246 0.89641
00003 612 141 92 116 0.99818
00003 800 183 159 340 0.99482
00003 714 212 57 56 0.99429
00003 49 276 571 221 0.97907
00003 889 175 66 177 0.96363
00003 346 31 227 326 0.96339
00025 598 136 100 127 0.99655
00025 711 213 59 50 0.99528
00025 790 175 169 360 0.99085
00025 889 172 65 180 0.98967
00025 79 278 213 256 0.96546
00025 356 45 203 263 0.95072
00025 92 60 500 417 0.92954
00002 611 141 94 119 0.99732
00002 803 155 151 378 0.99732
00002 719 214 56 55 0.99194
00002 85 276 493 226 0.98300
00002 349 35 214 308 0.97417
00002 896 161 57 199 0.93337
00002 94 55 558 370 0.73700
00002 0 178 24 59 0.70717
00030 598 139 93 120 0.99715
00030 707 212 63 51 0.99648
00030 792 170 167 356 0.99298
00030 52 274 537 205 0.98153
00030 364 43 190 270 0.97850
00030 888 178 67 171 0.97779
00012 608 146 88 112 0.99946
00012 802 177 157 357 0.99386
00012 713 216 59 52 0.99190
00012 358 52 190 273 0.98217
00012 888 176 64 175 0.97160
00012 44 27 587 426 0.93215
00012 81 270 224 268 0.85474
00012 0 169 26 175 0.82509
00004 612 141 93 119 0.99757
00004 800 186 159 337 0.99505
00004 715 212 57 55 0.99420
00004 74 281 500 230 0.98246
00004 891 177 64 186 0.98057
00004 352 46 192 272 0.97129
00039 598 139 94 119 0.99941
00039 799 177 160 349 0.99210
00039 707 212 63 51 0.99132
00039 884 172 72 172 0.97544
00039 79 275 219 258 0.95201
00039 273 47 301 396 0.92102
00029 603 138 87 119 0.99731
00029 707 211 63 52 0.99630
00029 785 182 170 333 0.99332
00029 363 39 193 293 0.97973
00029 888 167 68 188 0.97580
00029 49 258 556 229 0.96229
00035 599 140 93 117 0.99817
00035 705 210 65 55 0.99563
00035 797 168 162 363 0.99234
00035 366 47 190 276 0.98265
00035 887 166 69 190 0.98196
00035 52 247 517 256 0.98179
00015 602 143 100 119 0.99767
00015 795 172 164 356 0.99100
00015 712 217 56 48 0.98708
00015 890 170 64 198 0.97316
00015 65 254 502 260 0.95316
00015 332 54 240 332 0.95292
00015 2 305 88 40 0.93130
00038 597 141 97 121 0.99867
00038 705 209 65 55 0.99586
00038 796 175 163 351 0.99385
00038 56 270 535 225 0.96911
00038 887 179 72 180 0.92765
00038 365 47 192 277 0.92282
00020 598 140 92 120 0.99792
00020 782 160 174 355 0.99693
00020 713 214 55 51 0.99605
00020 358 47 192 304 0.98176
00020 83 282 219 252 0.98092
00020 891 173 63 188 0.93976
00020 92 69 487 382 0.93581
00013 607 143 92 117 0.99857
00013 793 174 166 364 0.98902
00013 889 172 68 191 0.98658
00013 359 52 190 263 0.98530
00013 710 216 60 52 0.98391
00013 104 54 514 406 0.90962
00013 77 283 234 243 0.87725
00013 8 303 77 42 0.79501
00005 613 142 89 116 0.99875
00005 799 175 160 354 0.99659
00005 715 212 56 55 0.98991
00005 351 44 185 281 0.98641
00005 72 267 505 217 0.98299
00005 892 180 65 175 0.97990
00021 598 141 94 117 0.99780
00021 713 214 54 51 0.99644
00021 801 178 155 339 0.99533
00021 79 278 226 260 0.98890
00021 359 47 191 299 0.98175
00021 890 171 64 184 0.97878
00021 148 76 440 389 0.78990
00007 616 139 85 119 0.99928
00007 713 213 60 55 0.99519
00007 796 186 163 332 0.99375
00007 348 43 200 260 0.98734
00007 74 279 506 234 0.98204
00007 892 174 64 177 0.95768
00007 171 39 458 403 0.80219
00017 599 142 92 117 0.99928
00017 709 211 61 56 0.99416
00017 785 175 174 339 0.99394
00017 884 174 70 179 0.98429
00017 358 53 187 281 0.97676
00017 79 285 209 246 0.94838
00017 118 44 445 432 0.93204
00028 598 139 92 121 0.99917
00028 708 211 62 52 0.99732
00028 796 165 163 357 0.99409
00028 362 40 194 291 0.96191
00028 887 168 70 183 0.95917
00028 59 265 541 245 0.95562
00024 602 138 91 121 0.99901
00024 788 171 171 360 0.99562
00024 710 213 60 50 0.99547
00024 362 47 190 271 0.98467
00024 82 282 223 250 0.97804
00024 891 171 62 177 0.97392
00024 101 64 519 387 0.80204
00024 170 294 392 136 0.70810
00041 606 140 85 124 0.99632
00041 709 213 62 51 0.99468
00041 789 184 170 349 0.99298
00041 888 165 65 190 0.97646
00041 362 54 198 255 0.95936
00041 77 285 204 243 0.94039
00041 146 32 457 467 0.91414
00009 610 143 90 115 0.99828
00009 796 174 163 349 0.99631
00009 713 213 60 55 0.99494
00009 364 46 177 257 0.98110
00009 892 175 64 177 0.95687
00009 104 42 496 444 0.95480
00009 80 272 224 259 0.74717
00033 600 137 93 121 0.99730
00033 707 213 63 49 0.99361
00033 783 167 176 364 0.99329
00033 887 165 64 191 0.98384
00033 357 58 205 248 0.95670
00033 93 68 476 389 0.90187
00033 74 284 232 253 0.70124
00034 604 140 90 119 0.99612
00034 706 211 64 54 0.99438
00034 795 179 164 347 0.99181
00034 364 55 195 252 0.97399
00034 885 170 68 171 0.96113
00034 48 254 518 241 0.91917
00014 609 140 84 120 0.99868
00014 793 171 166 353 0.99563
00014 709 212 60 54 0.99434
00014 887 168 69 196 0.97044
00014 359 58 190 262 0.96825
00014 84 274 235 262 0.93883
00014 49 123 614 375 0.86044
00001 609 143 101 117 0.99754
00001 799 155 160 364 0.99734
00001 722 213 53 53 0.99031
00001 349 27 203 334 0.94643
00001 48 271 573 233 0.93124
00001 892 181 65 180 0.84784
00001 0 177 25 59 0.73621
00010 609 142 87 115 0.99956
00010 787 176 172 352 0.99363
00010 713 214 60 53 0.99274
00010 890 175 65 185 0.98507
00010 349 39 201 256 0.98472
00010 70 56 530 429 0.92379
00010 89 279 230 250 0.84541
00010 0 172 22 158 0.79329
00023 597 134 95 124 0.99658
00023 709 213 60 50 0.99567
00023 788 170 171 361 0.99456
00023 360 39 186 300 0.98555
00023 887 176 66 162 0.96513
00023 81 277 203 259 0.96347
00023 61 116 576 381 0.87795
00019 598 136 98 122 0.99833
00019 795 169 164 350 0.99587
00019 712 214 55 52 0.99544
00019 84 275 221 260 0.99211
00019 361 51 186 272 0.98635
00019 888 169 70 177 0.92811
00019 137 54 434 405 0.90985
00008 609 143 90 116 0.99831
00008 713 213 60 55 0.99493
00008 796 186 163 331 0.99438
00008 364 46 178 257 0.98131
00008 890 181 66 170 0.94929
00008 72 263 517 236 0.93007
00011 608 143 88 115 0.99943
00011 713 215 58 51 0.99268
00011 796 178 163 346 0.99016
00011 343 51 204 244 0.98789
00011 892 173 63 188 0.97729
00011 71 252 507 267 0.95613
00011 0 168 25 170 0.74896
00032 600 136 91 120 0.99917
00032 792 174 167 351 0.99449
00032 707 212 63 51 0.99322
00032 49 258 540 246 0.97627
00032 364 54 195 256 0.97270
00032 885 170 70 172 0.96994
00026 597 136 96 121 0.99789
00026 709 211 62 51 0.99609
00026 792 172 167 364 0.98966
00026 888 168 69 177 0.98774
00026 82 275 214 261 0.97199
00026 336 52 233 296 0.96598
00026 102 67 542 415 0.86401
00031 599 137 92 118 0.99812
00031 788 169 171 362 0.99355
00031 710 212 59 49 0.99183
00031 889 164 64 187 0.98116
00031 70 274 501 232 0.98044
00031 361 55 198 267 0.94788
00006 608 141 96 121 0.99962
00006 796 173 163 352 0.99601
00006 713 213 60 55 0.99504
00006 359 48 195 260 0.98543
00006 71 259 502 252 0.98541
00006 894 174 64 192 0.97581
00006 0 171 26 168 0.70092
00016 600 143 97 119 0.99912
00016 791 177 168 350 0.99739
00016 709 212 61 54 0.99405
00016 348 55 202 263 0.98400
00016 76 278 232 260 0.96770
00016 100 58 473 411 0.95128
00016 888 174 59 183 0.87929
00018 602 142 88 118 0.99743
00018 794 164 165 357 0.99618
00018 709 215 60 45 0.99352
00018 340 41 220 315 0.98679
00018 76 285 192 246 0.96562
00018 885 170 69 183 0.94287
00018 24 266 566 229 0.83216
00040 599 140 92 121 0.99856
00040 794 172 165 365 0.99201
00040 707 211 62 54 0.99199
00040 55 266 537 224 0.97499
00040 885 173 71 173 0.96822
00040 341 46 224 319 0.89974
00036 599 139 90 115 0.99820
00036 704 210 64 53 0.99731
00036 793 153 166 380 0.99670
00036 886 168 67 188 0.97948
00036 362 52 190 271 0.96735
00036 75 274 202 265 0.95266
00036 84 244 501 220 0.84728
00027 598 136 98 124 0.99896
00027 708 211 62 52 0.99654
00027 796 181 163 356 0.98822
00027 354 42 202 275 0.98635
00027 887 173 69 167 0.97524
00027 110 55 476 392 0.93923
00027 71 285 242 238 0.92930
