00022 194 153 121 220 0.99286
00022 116 142 128 197 0.97137
00022 789 127 60 60 0.84710
00022 691 124 60 62 0.82808
00022 567 336 67 68 0.76976
00022 837 131 108 55 0.72283
00037 159 133 132 224 0.99950
00037 320 205 117 276 0.99510
00037 132 123 48 64 0.91820
00037 99 135 45 56 0.83293
00037 693 130 56 58 0.72338
00003 244 157 106 245 0.99987
00003 127 143 129 243 0.99874
00003 97 152 36 34 0.83642
00025 214 162 124 273 0.99843
00025 131 158 106 193 0.99794
00025 849 127 96 60 0.89077
00025 792 125 62 56 0.81200
00025 571 335 64 71 0.74388
00002 244 159 105 247 0.99973
00002 129 145 126 232 0.99844
00002 97 151 38 34 0.78458
00030 160 163 112 194 0.99977
00030 230 180 130 267 0.99635
00030 128 125 54 61 0.90514
00030 792 125 62 56 0.81372
00030 95 143 39 40 0.79673
00030 865 129 77 61 0.76331
00030 842 132 33 44 0.73879
00012 158 139 113 267 0.99924
00012 227 138 92 265 0.99799
00012 128 120 50 68 0.90434
00012 788 123 65 64 0.87253
00012 555 332 88 79 0.85484
00012 93 133 48 54 0.75677
00012 845 135 36 40 0.70742
00004 245 152 102 250 0.99979
00004 132 147 120 245 0.99908
00004 696 129 51 60 0.97170
00004 97 144 38 41 0.86785
00004 133 127 46 60 0.85466
00039 183 131 104 219 0.99964
00039 353 216 115 267 0.99902
00039 97 142 42 50 0.82141
00039 133 124 47 66 0.75675
00039 780 125 92 60 0.73867
00029 162 164 102 190 0.99955
00029 229 185 130 265 0.99749
00029 784 126 70 61 0.86877
00029 96 144 38 41 0.86690
00029 870 125 76 64 0.82335
00029 131 128 47 65 0.76541
00029 844 133 35 40 0.70014
00035 160 144 140 217 0.99922
00035 283 216 139 259 0.98155
00035 133 126 45 68 0.86509
00035 785 128 82 59 0.79666
00035 696 129 48 60 0.75074
00035 98 143 39 42 0.73509
00015 165 133 142 272 0.99744
00015 96 148 46 41 0.88397
00038 171 132 118 226 0.99948
00038 302 240 164 239 0.99721
00038 96 137 40 54 0.89660
00038 690 131 57 58 0.74892
00038 131 125 52 65 0.70399
00020 144 143 163 253 0.99568
00020 143 144 90 94 0.91320
00020 573 332 66 79 0.89237
00020 199 144 31 52 0.84509
00020 790 125 75 60 0.83918
00020 691 126 55 60 0.71083
00013 166 127 127 283 0.99598
00013 98 150 31 36 0.88752
00013 791 127 60 59 0.80033
00013 556 330 85 82 0.77305
00013 121 123 55 67 0.74481
00005 251 147 95 253 0.99974
00005 131 142 123 252 0.99936
00005 693 130 55 57 0.94614
00005 132 126 46 60 0.90744
00005 96 145 37 40 0.85941
00005 784 124 71 58 0.72609
00021 196 146 111 221 0.99064
00021 122 157 116 92 0.95865
00021 789 126 56 61 0.82414
00021 866 126 76 61 0.80572
00021 575 337 67 71 0.78782
00007 129 134 121 266 0.99971
00007 244 141 100 258 0.99871
00007 134 125 44 61 0.82322
00017 156 124 159 277 0.99824
00017 92 144 68 50 0.90238
00017 790 125 74 59 0.87565
00017 842 133 32 45 0.79014
00028 157 161 89 192 0.99957
00028 226 174 133 262 0.99788
00028 96 144 39 41 0.90854
00028 577 336 64 72 0.83936
00028 126 126 53 65 0.82193
00028 790 127 57 61 0.80860
00028 846 129 96 57 0.76527
00024 112 149 133 199 0.99934
00024 223 162 105 268 0.99683
00024 569 334 69 74 0.93992
00024 848 129 97 58 0.90246
00024 791 126 56 61 0.84132
00041 350 214 134 269 0.99952
00041 175 132 106 225 0.99897
00041 131 123 47 64 0.91584
00041 100 139 39 49 0.88828
00041 788 122 68 63 0.76519
00009 133 138 116 262 0.99876
00009 235 146 90 247 0.99803
00009 133 127 45 59 0.94308
00009 91 131 50 60 0.89563
00009 692 129 58 60 0.80234
00033 154 151 158 207 0.99955
00033 227 198 174 244 0.99709
00033 133 123 45 63 0.95481
00033 788 127 66 57 0.81309
00033 841 131 34 46 0.79658
00033 98 143 38 43 0.76516
00034 162 146 147 203 0.99777
00034 225 196 184 245 0.99411
00034 785 127 88 60 0.79701
00034 841 131 33 45 0.75860
00034 99 148 42 37 0.71291
00014 160 141 150 258 0.99549
00014 125 147 42 41 0.93773
00014 97 152 33 37 0.93595
00014 786 126 59 63 0.83656
00014 574 332 68 72 0.82511
00001 247 157 100 257 0.99978
00001 131 162 118 228 0.99863
00001 97 145 39 39 0.81644
00001 122 125 57 63 0.76844
00010 140 138 120 265 0.99960
00010 233 148 86 245 0.99856
00010 694 132 49 59 0.80119
00010 131 124 46 63 0.76210
00010 788 128 55 62 0.75612
00010 96 147 42 38 0.74350
00023 114 145 124 204 0.99907
00023 207 155 117 275 0.99847
00023 846 129 100 58 0.86394
00023 573 336 69 72 0.85496
00023 789 125 77 62 0.83689
00023 695 125 47 63 0.74663
00019 177 142 127 259 0.99343
00019 199 143 31 59 0.94449
00019 570 329 71 82 0.93076
00019 134 143 103 95 0.91455
00019 92 136 57 50 0.81442
00019 789 126 58 61 0.77927
00008 127 139 125 260 0.99943
00008 243 147 89 247 0.99925
00008 132 126 45 60 0.80350
00008 90 130 51 60 0.79126
00008 694 130 55 58 0.76581
00008 790 128 62 59 0.73308
00011 148 141 113 265 0.99937
00011 226 144 91 248 0.99722
00011 792 126 58 60 0.91702
00011 697 123 49 65 0.88403
00011 132 123 45 65 0.75952
00011 559 329 83 82 0.73911
00011 96 144 41 41 0.72343
00011 843 133 37 41 0.70193
00032 155 149 142 212 0.99980
00032 258 196 137 263 0.97676
00032 133 123 48 67 0.90026
00032 784 126 71 60 0.83791
00032 97 143 38 41 0.82410
00032 290 190 82 130 0.75579
00032 877 125 65 62 0.72786
00026 118 156 125 196 0.99952
00026 222 161 129 270 0.99913
00026 852 125 93 62 0.91883
00026 575 336 66 72 0.79314
00026 792 126 55 61 0.76497
00026 98 148 34 38 0.71108
00031 161 156 120 201 0.99979
00031 247 171 118 236 0.98530
00031 788 127 57 58 0.83897
00031 131 122 50 63 0.83430
00031 841 132 34 45 0.77352
00031 95 143 39 41 0.75442
00031 860 126 85 66 0.74405
00006 132 135 114 267 0.99969
00006 246 150 96 240 0.99965
00006 139 124 38 61 0.77064
00006 785 124 73 60 0.73733
00006 96 142 39 42 0.71075
00016 163 144 153 257 0.99822
00016 93 141 57 50 0.92495
00016 692 127 53 63 0.92466
00016 788 123 64 63 0.88454
00016 130 133 36 57 0.83183
00016 842 133 31 45 0.76262
00018 146 137 177 271 0.99842
00018 841 133 33 47 0.91095
00018 788 126 56 60 0.87195
00018 99 149 51 45 0.83228
00018 165 138 63 97 0.82524
00040 340 215 144 266 0.99968
00040 179 126 107 236 0.99893
00040 99 143 38 43 0.90441
00040 131 123 49 66 0.87033
00040 789 125 66 61 0.79765
00040 856 125 90 59 0.72584
00036 158 138 143 221 0.99870
00036 311 192 118 288 0.99627
00036 133 122 46 63 0.97416
00036 97 137 44 52 0.85519
00036 783 128 83 58 0.73234
00027 139 158 98 193 0.99962
00027 227 166 130 269 0.99826
00027 130 128 51 62 0.89874
00027 853 127 92 63 0.85463
00027 98 149 40 41 0.78380
00027 792 125 62 56 0.73210
