00022 683 271 87 222 0.99914
00022 623 334 69 131 0.99902
00022 96 251 112 285 0.99865
00022 205 228 117 304 0.99807
00022 483 265 130 248 0.99703
00022 16 301 62 165 0.99666
00022 822 66 137 441 0.99611
00022 792 335 44 122 0.99418
00022 0 268 24 188 0.84849
00022 187 310 30 119 0.76904
00022 482 297 55 143 0.73030
00022 528 257 52 155 0.71487
00037 701 258 74 243 0.99935
00037 558 252 89 271 0.99804
00037 454 292 70 189 0.99785
00037 163 314 53 140 0.99446
00037 24 212 133 316 0.99420
00037 637 302 73 171 0.99269
00037 795 43 164 467 0.98842
00037 772 333 32 120 0.98284
00037 0 255 35 200 0.91129
00037 867 64 63 67 0.74601
00003 97 300 55 163 0.99935
00003 614 327 73 140 0.99896
00003 0 260 72 262 0.99860
00003 252 122 172 336 0.99804
00003 828 335 39 126 0.99796
00003 513 297 69 152 0.99092
00003 248 314 60 155 0.98965
00003 692 265 53 239 0.98864
00003 412 146 95 335 0.95968
00003 911 79 40 300 0.80198
00025 689 264 91 225 0.99866
00025 78 264 105 273 0.99788
00025 7 302 61 151 0.99735
00025 625 328 68 132 0.99664
00025 479 290 63 189 0.99547
00025 509 246 95 280 0.99505
00025 171 210 102 324 0.99369
00025 801 58 158 455 0.98749
00025 784 334 38 115 0.97511
00025 875 73 72 66 0.95008
00002 100 300 57 176 0.99951
00002 0 261 72 258 0.99906
00002 513 303 65 145 0.99840
00002 618 329 69 138 0.99839
00002 829 335 39 125 0.99825
00002 267 95 157 376 0.99765
00002 401 136 115 391 0.99589
00002 244 313 62 150 0.99214
00002 690 271 60 231 0.98379
00002 925 121 33 234 0.80881
00030 702 261 72 233 0.99924
00030 471 290 67 192 0.99869
00030 636 321 66 131 0.99764
00030 48 271 95 230 0.99708
00030 796 59 163 464 0.99625
00030 541 225 68 307 0.99034
00030 106 236 120 298 0.98523
00030 1 305 50 138 0.95452
00030 146 240 61 136 0.89522
00030 864 68 78 68 0.86676
00030 772 331 32 115 0.83056
00012 701 277 74 213 0.99899
00012 630 344 72 125 0.99853
00012 209 206 156 311 0.99784
00012 829 339 40 124 0.99699
00012 330 229 143 259 0.99616
00012 70 309 64 166 0.99614
00012 3 256 65 262 0.99608
00012 435 265 125 260 0.98487
00012 526 296 60 173 0.98022
00004 94 304 54 162 0.99887
00004 829 336 40 124 0.99793
00004 249 137 177 337 0.99740
00004 1 261 77 255 0.99626
00004 615 323 67 121 0.99602
00004 244 309 64 159 0.99061
00004 513 297 65 165 0.99019
00004 694 279 57 225 0.98188
00004 402 226 114 293 0.94353
00004 254 143 54 124 0.84471
00004 458 259 47 110 0.78423
00004 914 72 38 302 0.76362
00004 490 297 32 102 0.72813
00039 567 248 81 271 0.99873
00039 702 254 79 239 0.99841
00039 159 317 56 138 0.99782
00039 814 61 145 478 0.99527
00039 6 230 123 302 0.99371
00039 446 286 67 186 0.99366
00039 634 294 71 172 0.99346
00039 0 249 31 184 0.92168
00039 774 335 32 123 0.89939
00029 699 258 72 228 0.99898
00029 52 275 99 242 0.99760
00029 475 282 61 202 0.99706
00029 794 57 165 462 0.99664
00029 541 233 62 290 0.99418
00029 124 237 111 298 0.99027
00029 641 324 51 123 0.99008
00029 1 306 55 136 0.96329
00029 865 65 82 76 0.91646
00029 776 331 30 111 0.75055
00035 700 263 70 235 0.99901
00035 454 290 70 188 0.99838
00035 547 260 86 265 0.99838
00035 638 313 68 155 0.99831
00035 45 240 141 280 0.99656
00035 771 333 33 119 0.99032
00035 171 314 47 149 0.98869
00035 798 47 161 477 0.97850
00035 0 268 48 169 0.95895
00035 51 264 47 180 0.91498
00035 865 63 64 69 0.75627
00015 697 266 83 228 0.99936
00015 63 308 61 169 0.99922
00015 633 343 74 124 0.99887
00015 468 255 102 257 0.99845
00015 310 231 100 300 0.99814
00015 0 257 61 267 0.99771
00015 176 217 130 304 0.99709
00015 829 337 43 124 0.99687
00015 544 299 42 153 0.93625
00015 881 70 78 340 0.88401
00038 705 255 72 237 0.99924
00038 640 304 68 170 0.99762
00038 565 249 79 272 0.99727
00038 163 318 51 135 0.99723
00038 446 285 72 197 0.99710
00038 10 225 133 299 0.99586
00038 0 251 32 190 0.96238
00038 803 41 152 470 0.96151
00038 772 332 32 116 0.95190
00038 866 63 66 69 0.79294
00020 233 248 108 286 0.99938
00020 474 256 104 268 0.99881
00020 682 265 88 221 0.99875
00020 111 232 118 294 0.99872
00020 802 334 42 124 0.99694
00020 625 339 67 112 0.99329
00020 26 310 64 156 0.99233
00020 825 44 134 468 0.98317
00020 0 252 35 221 0.97560
00020 891 65 64 85 0.73627
00013 67 314 64 162 0.99919
00013 193 213 141 296 0.99918
00013 0 258 76 261 0.99914
00013 701 276 78 214 0.99909
00013 320 234 145 294 0.99904
00013 626 343 76 122 0.99891
00013 437 255 126 269 0.99869
00013 829 339 41 124 0.99803
00013 530 297 52 169 0.98635
00005 94 302 56 164 0.99862
00005 617 330 68 132 0.99841
00005 829 336 41 123 0.99803
00005 692 275 60 222 0.99705
00005 253 128 170 364 0.99546
00005 0 249 76 264 0.99421
00005 508 297 69 152 0.99344
00005 364 108 160 408 0.95468
00005 246 312 56 147 0.94736
00005 449 260 63 175 0.90178
00005 928 109 29 261 0.79100
00021 680 273 95 216 0.99945
00021 210 242 124 287 0.99807
00021 617 335 81 134 0.99737
00021 798 333 42 118 0.99540
00021 22 304 61 160 0.99486
00021 101 245 122 287 0.99342
00021 475 254 115 273 0.99095
00021 807 70 152 438 0.97858
00021 1 254 29 208 0.96631
00021 485 300 48 118 0.89869
00007 697 277 62 222 0.99893
00007 89 306 57 159 0.99842
00007 0 255 78 259 0.99789
00007 829 333 43 133 0.99734
00007 621 333 66 125 0.99598
00007 393 315 152 207 0.99536
00007 511 295 73 178 0.99227
00007 230 181 153 334 0.98431
00007 373 181 89 155 0.96490
00007 241 181 61 150 0.93625
00007 924 141 33 227 0.80791
00007 455 278 53 79 0.73938
00007 245 281 45 164 0.73869
00017 695 276 88 223 0.99928
00017 279 230 94 269 0.99822
00017 51 309 55 163 0.99755
00017 645 339 59 116 0.99682
00017 495 250 84 266 0.99557
00017 0 251 49 266 0.99542
00017 815 336 48 126 0.99529
00017 150 201 121 301 0.98378
00017 863 65 95 369 0.95664
00028 700 259 77 224 0.99932
00028 468 275 74 210 0.99763
00028 57 269 104 253 0.99662
00028 790 53 169 462 0.99656
00028 537 230 70 301 0.99579
00028 635 324 60 115 0.99372
00028 4 301 61 149 0.97516
00028 143 223 103 303 0.97046
00028 863 67 81 71 0.81420
00024 177 213 113 320 0.99907
00024 682 266 86 227 0.99836
00024 77 263 116 268 0.99761
00024 10 303 65 157 0.99700
00024 626 331 69 130 0.99536
00024 487 264 105 253 0.98614
00024 812 63 147 427 0.97887
00024 784 336 37 124 0.91534
00024 1 304 15 138 0.75114
00041 569 249 83 273 0.99961
00041 688 250 109 249 0.99947
00041 155 319 54 129 0.99924
00041 449 291 49 159 0.99884
00041 805 49 151 467 0.99579
00041 17 216 89 297 0.99043
00041 634 289 69 152 0.98325
00041 2 250 31 147 0.89319
00041 69 282 46 219 0.84504
00041 871 55 60 80 0.83076
00009 0 259 82 259 0.99958
00009 630 339 71 130 0.99804
00009 830 338 42 126 0.99762
00009 79 303 66 179 0.99711
00009 695 275 69 216 0.99658
00009 350 191 142 304 0.99302
00009 418 273 131 257 0.98980
00009 514 303 67 144 0.98812
00009 243 216 124 302 0.90731
00009 232 219 82 153 0.90019
00033 695 257 81 225 0.99915
00033 460 293 69 186 0.99902
00033 547 246 76 280 0.99852
00033 793 46 155 466 0.99823
00033 638 311 65 155 0.99520
00033 39 264 80 241 0.99348
00033 772 330 34 122 0.98967
00033 178 316 55 142 0.98012
00033 72 230 121 309 0.97048
00033 3 300 44 139 0.96578
00033 115 239 63 161 0.72410
00034 695 262 78 220 0.99934
00034 639 309 66 163 0.99778
00034 456 287 71 195 0.99729
00034 547 246 79 278 0.99576
00034 772 335 32 116 0.99316
00034 801 38 158 485 0.99126
00034 174 315 43 137 0.98448
00034 56 221 128 311 0.98260
00034 44 263 64 228 0.96182
00034 2 283 48 171 0.93662
00034 866 63 65 68 0.79578
00014 695 268 89 222 0.99899
00014 67 312 65 166 0.99863
00014 444 256 124 267 0.99838
00014 830 336 42 125 0.99736
00014 631 340 67 116 0.99723
00014 0 258 73 266 0.99500
00014 314 234 119 294 0.99476
00014 189 197 100 268 0.99240
00014 534 296 52 155 0.98397
00001 1 266 70 253 0.99878
00001 282 101 138 365 0.99821
00001 101 302 60 167 0.99818
00001 829 336 39 124 0.99788
00001 616 324 71 147 0.99777
00001 246 314 62 149 0.99726
00001 510 300 69 146 0.99664
00001 686 269 61 204 0.96975
00001 414 150 102 364 0.95166
00001 924 111 34 243 0.80431
00001 428 167 59 136 0.75357
00010 219 226 141 300 0.99954
00010 74 304 66 166 0.99855
00010 696 279 72 210 0.99831
00010 0 257 75 261 0.99794
00010 631 343 73 125 0.99793
00010 830 337 42 126 0.99785
00010 342 209 138 294 0.99388
00010 520 300 63 164 0.98160
00010 442 273 121 257 0.92162
00010 474 260 54 185 0.77592
00010 926 141 33 233 0.70152
00023 84 264 116 274 0.99931
00023 684 265 89 222 0.99867
00023 13 302 64 174 0.99762
00023 185 218 115 320 0.99654
00023 626 329 66 133 0.99642
00023 813 77 146 430 0.99455
00023 790 336 40 118 0.98679
00023 484 254 114 263 0.98603
00023 1 266 22 196 0.82922
00019 129 222 104 309 0.99922
00019 803 333 49 122 0.99902
00019 682 270 89 219 0.99898
00019 631 338 64 120 0.99547
00019 475 242 103 279 0.99513
00019 36 306 60 162 0.99453
00019 241 257 122 282 0.98727
00019 2 249 35 238 0.97578
00019 828 57 131 447 0.95770
00019 230 317 31 122 0.86533
00008 0 257 81 253 0.99941
00008 630 340 71 129 0.99802
00008 830 338 42 126 0.99765
00008 76 306 69 168 0.99688
00008 695 275 69 216 0.99645
00008 428 267 117 263 0.99363
00008 517 301 67 148 0.99099
00008 354 186 136 332 0.97497
00008 236 215 144 304 0.90061
00008 234 213 75 154 0.71536
00011 205 216 153 302 0.99795
00011 695 275 75 226 0.99770
00011 630 345 75 124 0.99757
00011 831 340 40 123 0.99756
00011 75 307 62 168 0.99724
00011 0 256 72 264 0.99715
00011 327 223 151 243 0.98624
00011 519 290 64 203 0.98358
00011 487 258 54 167 0.93447
00032 697 256 77 232 0.99904
00032 466 292 70 187 0.99869
00032 550 234 66 289 0.99805
00032 639 315 69 137 0.99468
00032 39 270 93 240 0.99438
00032 796 66 158 454 0.99360
00032 187 316 42 132 0.97404
00032 776 332 32 118 0.96557
00032 4 306 41 146 0.96276
00032 98 229 101 288 0.93325
00026 693 262 87 235 0.99913
00026 473 288 71 187 0.99806
00026 65 265 112 265 0.99726
00026 511 238 101 290 0.99723
00026 791 57 168 468 0.99522
00026 634 323 61 140 0.99464
00026 149 255 110 273 0.99133
00026 3 296 63 159 0.98544
00026 870 69 80 72 0.83477
00026 208 217 52 129 0.73242
00031 638 316 65 139 0.99793
00031 698 253 78 237 0.99780
00031 467 287 65 190 0.99704
00031 790 64 169 454 0.99702
00031 38 262 111 235 0.99656
00031 542 237 72 281 0.99532
00031 133 236 71 164 0.97337
00031 3 306 46 133 0.96919
00031 773 337 36 111 0.92257
00031 865 65 69 68 0.85811
00031 95 277 111 256 0.83366
00031 186 314 44 126 0.72647
00006 90 302 58 167 0.99936
00006 694 281 61 217 0.99887
00006 616 327 71 144 0.99767
00006 829 338 41 120 0.99760
00006 222 171 195 352 0.99463
00006 0 262 79 246 0.99354
00006 506 295 74 165 0.97459
00006 361 119 107 229 0.92812
00006 243 170 67 168 0.89868
00006 452 261 60 136 0.88327
00006 925 129 31 244 0.81435
00006 404 276 158 245 0.76561
00016 702 277 85 212 0.99948
00016 55 308 62 167 0.99922
00016 819 337 48 120 0.99881
00016 3 254 57 265 0.99829
00016 636 337 69 127 0.99613
00016 478 252 101 270 0.99588
00016 166 205 117 257 0.99306
00016 293 233 100 293 0.99258
00016 868 84 91 312 0.93289
00016 542 295 39 154 0.86302
00018 686 271 86 224 0.99928
00018 263 242 99 280 0.99894
00018 137 210 111 307 0.99883
00018 811 336 42 124 0.99765
00018 632 336 64 118 0.99620
00018 38 304 64 167 0.99594
00018 487 254 89 260 0.99542
00018 0 251 42 248 0.98789
00018 845 63 114 416 0.96780
00018 237 317 36 140 0.84261
00040 157 318 52 133 0.99908
00040 698 243 91 245 0.99834
00040 562 251 89 271 0.99806
00040 804 43 153 476 0.99270
00040 638 296 64 154 0.99182
00040 445 287 66 176 0.99155
00040 17 226 101 300 0.98812
00040 0 254 29 175 0.94750
00036 701 261 70 234 0.99884
00036 32 234 137 294 0.99831
00036 635 304 74 168 0.99597
00036 556 255 88 271 0.99484
00036 452 291 71 183 0.99377
00036 168 316 44 138 0.99187
00036 770 336 34 114 0.99120
00036 802 53 157 480 0.99049
00036 2 250 39 185 0.93475
00036 866 63 65 71 0.76290
00027 695 258 83 235 0.99914
00027 474 284 66 192 0.99819
00027 67 265 96 267 0.99805
00027 789 63 170 451 0.99790
00027 143 209 108 326 0.99532
00027 524 243 75 285 0.99475
00027 632 326 60 109 0.99080
00027 2 303 64 141 0.98527
00027 869 66 72 71 0.94389
