1,1,795.3166,211.7418,88.6185,302.1747,1,1,1,1,
2,1,790.9467,208.5371,93.1966,305.5319,1,1,1,1,
3,1,789.6726,195.8574,102.9142,334.2209,1,1,1,1,
4,1,788.8957,201.3649,120.0055,329.0325,1,1,1,1,
5,1,786.0795,206.5672,133.1292,324.4545,1,1,1,1,
6,1,786.0795,206.5672,133.1292,324.4545,1,1,1,1,
7,1,784.0541,201.0319,141.0645,330.2533,1,1,1,1,
8,1,778.0649,198.6597,136.5841,333.6105,1,1,1,1,
9,1,761.0013,198.6597,145.7402,333.6105,1,1,1,1,
10,1,747.9187,197.4944,164.9802,334.8314,1,1,1,1,
11,1,735.3638,195.7464,172.6102,336.6626,1,1,1,1,
12,1,725.8609,195.455,174.1362,336.9678,1,1,1,1,
13,1,718.8479,195.4689,163.6129,336.6626,1,1,1,1,
14,1,713.3476,197.5177,168.6426,334.8069,1,1,1,1,
15,1,707.6042,200.1396,166.8114,332.0601,1,1,1,1,
16,1,707.6458,201.2816,165.8958,330.8637,1,1,1,1,
17,1,701.8193,201.2955,178.1039,330.5585,1,1,1,1,
18,1,699.5857,201.2955,184.5131,330.5585,1,1,1,1,
19,1,700.7855,201.2955,158.1192,330.5585,1,1,1,1,
20,1,703.9901,201.4897,154.762,326.2857,1,1,1,1,
21,1,703.9901,198.2851,154.762,329.6429,1,1,1,1,
22,1,714.2005,200.3383,137.6707,327.2013,1,1,1,1,
23,1,714.6766,196.2597,148.9265,331.4741,1,1,1,1,
24,1,685.8072,191.0157,191.96,336.9678,1,1,1,1,
25,1,671.1991,191.4181,220.3439,328.1169,1,1,1,1,
26,1,664.5402,186.1741,238.656,333.6105,1,1,1,1,
27,1,662.7506,186.1602,247.5069,333.9157,1,1,1,1,
28,1,655.176,186.1602,261.5462,333.9157,1,1,1,1,
29,1,649.072,182.0816,267.6502,338.1886,1,1,1,1,
30,1,648.7668,183.8019,268.2606,336.9678,1,1,1,1,
31,1,647.976,183.2192,267.345,337.5782,1,1,1,1,
32,1,644.7714,183.1915,252.3901,338.1886,1,1,1,1,
33,1,642.1633,174.4749,248.7277,347.3202,1,1,1,1,
34,1,646.4084,158.6965,228.5843,364.8266,1,1,1,1,
35,1,648.8361,147.4595,211.7982,380.0868,1,1,1,1,
36,1,650.8616,141.8549,185.5508,387.4116,1,1,1,1,
37,1,656.0716,135.7231,168.5938,394.1261,1,1,1,1,
38,1,667.5029,140.3843,155.1649,389.2428,1,1,1,1,
39,1,678.4763,165.4387,145.7036,362.9954,1,1,1,1,
40,1,686.2606,192.5323,137.5486,334.6116,1,1,1,1,
41,1,682.7785,201.3876,134.8018,328.532,1,1,1,1,
1,2,419.9791,226.7413,133.7824,313.2587,1,1,1,1,
2,2,402.3467,210.4269,161.5558,329.5731,1,1,1,1,
3,2,391.623,203.1159,177.7315,336.8841,1,1,1,1,
4,2,385.1444,207.1806,167.6598,332.8194,1,1,1,1,
5,2,372.6727,203.976,173.4587,336.024,1,1,1,1,
6,2,366.6841,203.9483,170.9194,336.0517,1,1,1,1,
7,2,362.5084,213.045,171.2246,298.1643,1,1,1,1,
8,2,359.054,209.2241,167.8674,314.9566,1,1,1,1,
9,2,359.4147,204.3428,159.9321,320.6517,1,1,1,1,
10,2,359.4147,209.4877,159.9321,315.2618,1,1,1,1,
11,2,381.5888,211.1388,122.4594,260.6245,1,1,1,1,
12,2,378.2593,209.6822,116.3553,262.1505,1,1,1,1,
13,2,377.3853,216.1608,111.1669,253.91,1,1,1,1,
14,2,377.4086,224.0187,110.6542,245.9686,1,1,1,1,
15,2,373.3855,229.0026,113.7062,310.9974,1,1,1,1,
16,2,373.6213,220.3321,108.5177,319.6679,1,1,1,1,
17,2,371.1658,220.3737,107.6021,319.6263,1,1,1,1,
18,2,368.6402,228.5171,108.2308,311.4829,1,1,1,1,
19,2,366.6008,227.6569,116.4713,312.3431,1,1,1,1,
20,2,369.5141,227.6569,113.4193,312.3431,1,1,1,1,
21,2,370.6021,239.7604,89.4853,237.3253,1,1,1,1,
22,2,365.5895,243.6612,95.9922,243.0692,1,1,1,1,
23,2,359.1076,246.408,113.8283,249.7837,1,1,1,1,
24,2,340.6012,247.1988,148.6213,244.5952,1,1,1,1,
25,2,325.022,244.6878,186.1612,244.9004,1,1,1,1,
26,2,311.6625,242.2878,211.493,242.764,1,1,1,1,
27,2,306.6267,235.4485,224.6167,252.8357,1,1,1,1,
28,2,308.7215,230.0242,233.4676,256.1929,1,1,1,1,
29,2,300.8972,224.267,265.2086,254.6669,1,1,1,1,
30,2,300.8278,221.1456,236.2144,262.297,1,1,1,1,
31,2,288.9527,219.7558,234.9936,256.2479,1,1,1,1,
32,2,291.3527,214.6947,212.7138,263.823,1,1,1,1,
33,2,286.3168,189.9714,201.4213,286.8169,1,1,1,1,
34,2,296.9104,199.6408,163.6922,269.4204,1,1,1,1,
35,2,301.4191,163.9876,156.0622,302.9926,1,1,1,1,
36,2,316.374,174.9055,138.3604,288.6481,1,1,1,1,
37,2,319.5539,190.998,134.4477,276.44,1,1,1,1,
38,2,318.8603,204.5101,131.3957,259.9591,1,1,1,1,
39,2,317.9585,208.9772,132.9217,265.4528,1,1,1,1,
40,2,311.0082,208.6304,133.2269,273.0828,1,1,1,1,
41,2,304.142,207.0538,169.4056,332.9462,1,1,1,1,
1,3,517.7831,126.5692,132.3052,294.8254,1,1,1,1,
2,3,516.923,122.6016,132.9156,296.6566,1,1,1,1,
3,3,514.1137,123.8779,127.5746,305.2023,1,1,1,1,
4,3,510.9923,127.8594,129.1006,296.9618,1,1,1,1,
5,3,506.6779,126.3611,132.4578,299.4035,1,1,1,1,
6,3,507.2467,126.8605,132.1526,300.6243,1,1,1,1,
7,3,513.2259,127.6929,122.6913,300.6243,1,1,1,1,
8,3,517.9634,128.775,116.1295,301.2347,1,1,1,1,
9,3,527.7715,130.7172,113.9931,301.2347,1,1,1,1,
10,3,518.9207,128.6918,131.6948,303.0659,1,1,1,1,
11,3,511.0686,128.6918,139.6301,303.0659,1,1,1,1,
12,3,505.2837,129.5658,144.8185,302.1503,1,1,1,1,
13,3,499.8386,129.5658,148.6335,302.1503,1,1,1,1,
14,3,494.7611,129.5796,162.6728,301.8451,1,1,1,1,
15,3,489.434,129.5796,133.3734,301.8451,1,1,1,1,
16,3,485.1681,129.5796,135.6624,301.8451,1,1,1,1,
17,3,479.6328,129.5519,141.4613,302.4555,1,1,1,1,
18,3,476.4212,128.3866,132.763,303.6763,1,1,1,1,
19,3,472.9461,128.3866,135.9676,303.6763,1,1,1,1,
20,3,475.2906,121.3253,133.2208,312.5272,1,1,1,1,
21,3,474.6316,125.8201,129.4058,311.3064,1,1,1,1,
22,3,477.8363,123.3785,126.0486,310.0855,1,1,1,1,
23,3,479.6259,121.6305,123.3017,311.9168,1,1,1,1,
24,3,482.0744,121.6305,118.2659,311.9168,1,1,1,1,
25,3,509.6952,113.1819,87.4405,320.7676,1,1,1,1,
26,3,510.0143,110.8513,86.5249,323.2092,1,1,1,1,
27,3,490.4397,110.3103,105.1422,322.904,1,1,1,1,
28,3,477.5103,107.7993,139.3249,323.2092,1,1,1,1,
29,3,472.3634,106.4814,160.9942,321.6832,1,1,1,1,
30,3,468.812,108.5345,184.1896,319.2416,1,1,1,1,
31,3,463.3461,108.59,200.6705,318.0208,1,1,1,1,
32,3,461.5565,107.8825,203.4173,321.378,1,1,1,1,
33,3,455.1473,108.8259,204.0277,325.0405,1,1,1,1,
34,3,449.8617,110.879,204.3329,322.5988,1,1,1,1,
35,3,448.9461,103.1588,181.748,330.6867,1,1,1,1,
36,3,451.2074,97.0686,150.3121,336.4855,1,1,1,1,
37,3,454.5923,69.6837,130.7792,365.1746,1,1,1,1,
38,3,462.6525,70.1276,124.3699,367.6162,1,1,1,1,
39,3,473.5704,82.1415,116.1295,353.5769,1,1,1,1,
40,3,474.153,97.1449,115.5191,337.859,1,1,1,1,
41,3,474.153,104.1022,115.5191,334.3491,1,1,1,1,
1,4,660.0207,13.0958,73.4134,320.5662,1,1,1,1,
2,4,659.1883,12.2635,73.4134,320.5662,1,1,1,1,
3,4,644.5816,19.186,89.5586,314.7674,1,1,1,1,
4,4,655.037,17.327,85.3895,319.0402,1,1,1,1,
5,4,653.7468,18.4507,89.3571,318.735,1,1,1,1,
6,4,646.6764,18.7005,92.3054,319.3454,1,1,1,1,
7,4,635.8972,19.2554,103.5979,319.3454,1,1,1,1,
8,4,659.6134,20.5872,69.1894,314.4622,1,1,1,1,
9,4,659.6134,23.7918,69.1894,311.1049,1,1,1,1,
10,4,616.6958,23.7918,110.9532,311.1049,1,1,1,1,
11,4,617.3756,24.3467,108.2064,311.1049,1,1,1,1,
12,4,613.6854,24.3467,110.0376,311.1049,1,1,1,1,
13,4,608.497,24.3467,114.3105,311.1049,1,1,1,1,
14,4,604.46,24.3467,117.6677,311.1049,1,1,1,1,
15,4,604.571,28.134,115.2261,307.1373,1,1,1,1,
16,4,602.3929,28.0369,114.3105,309.2737,1,1,1,1,
17,4,599.2022,28.0369,117.3625,309.2737,1,1,1,1,
18,4,596.7051,27.7594,117.3625,309.2737,1,1,1,1,
19,4,596.7051,27.7594,117.3625,309.2737,1,1,1,1,
20,4,593.1259,30.3814,116.7521,306.5269,1,1,1,1,
21,4,593.1259,30.3814,116.7521,306.5269,1,1,1,1,
22,4,589.7409,24.8461,117.9729,312.3257,1,1,1,1,
23,4,587.7571,21.0588,118.8885,316.2934,1,1,1,1,
24,4,583.3733,21.7833,117.6677,300.3557,1,1,1,1,
25,4,580.8762,20.6735,117.6677,300.3557,1,1,1,1,
26,4,585.3122,17.5351,123.845,320.5662,1,1,1,1,
27,4,585.9226,14.6912,140.9363,322.0922,1,1,1,1,
28,4,588.1145,14.3721,153.7548,323.0078,1,1,1,1,
29,4,580.3987,15.4542,173.4648,323.6182,1,1,1,1,
30,4,572.5883,12.2635,186.5885,320.5662,1,1,1,1,
31,4,509.0116,13.2623,258.134,323.0078,1,1,1,1,
32,4,501.6728,11.5421,260.8808,324.2286,1,1,1,1,
33,4,507.5688,11.6947,234.9386,320.8714,1,1,1,1,
34,4,518.7087,11.6947,203.5028,320.8714,1,1,1,1,
35,4,529.3214,0,165.3525,335.8179,1,1,1,1,
36,4,551.074,0,132.3907,335.5682,1,1,1,1,
37,4,563.9757,0,117.1305,338.6202,1,1,1,1,
38,4,557.3975,13.4121,124.022,325.6936,1,1,1,1,
39,4,556.5929,13.1208,123.4116,325.9988,1,1,1,1,
40,4,554.0983,8.5705,120.793,328.4404,1,1,1,1,
41,4,541.6682,0,125.6762,337.7046,1,1,1,1,
1,5,110.4415,284.3322,99.6302,205.804,1,1,1,1,
2,5,108.8173,275.0929,117.0512,219.8433,1,1,1,1,
3,5,107.1941,263.3148,134.4477,234.7982,1,1,1,1,
4,5,106.1259,264.4247,145.7402,228.6942,1,1,1,1,
5,5,101.2288,265.5484,143.6038,228.389,1,1,1,1,
6,5,102.9868,264.9901,141.5528,275.0099,1,1,1,1,
7,5,90.7604,262.2156,154.6521,271.1906,1,1,1,1,
8,5,73.2667,262.493,161.0614,265.0865,1,1,1,1,
9,5,67.7731,251.5623,159.8406,270.4337,1,1,1,1,
10,5,59.5188,249.6756,152.2105,275.3169,1,1,1,1,
11,5,57.8124,251.6178,134.814,275.3169,1,1,1,1,
12,5,48.3101,259.0259,136.3278,277.1481,1,1,1,1,
13,5,41.1239,268.8606,141.8214,271.1394,1,1,1,1,
14,5,38.0858,268.8468,141.5162,271.1532,1,1,1,1,
15,5,29.5956,268.6387,151.2827,271.3613,1,1,1,1,
16,5,29.443,270.9693,154.6399,269.0307,1,1,1,1,
17,5,23.8523,270.9416,161.6596,269.0584,1,1,1,1,
18,5,67.2043,267.7553,115.9525,231.5997,1,1,1,1,
19,5,68.9523,266.2143,114.1212,232.0514,1,1,1,1,
20,5,63.7639,264.1472,118.3941,234.7982,1,1,1,1,
21,5,66.8292,264.0085,124.2051,237.8503,1,1,1,1,
22,5,67.7176,264.2859,110.764,231.7462,1,1,1,1,
23,5,70.2008,264.0085,111.0692,225.6422,1,1,1,1,
24,5,73.8217,264.0085,98.5559,225.6422,1,1,1,1,
25,5,77.498,255.5877,90.9259,239.9867,1,1,1,1,
26,5,80.0783,255.4073,89.0947,243.9543,1,1,1,1,
27,5,84.8667,255.1715,81.1716,243.0387,1,1,1,1,
28,5,59.9821,252.4524,115.8914,241.8179,1,1,1,1,
29,5,36.9116,251.1622,153.4313,239.6815,1,1,1,1,
30,5,11.4133,248.7484,195.5492,237.8503,1,1,1,1,
31,5,0,252.1245,213.5938,236.8248,1,1,1,1,
32,5,0,248.6701,226.2181,245.6757,1,1,1,1,
33,5,17.1805,254.025,223.225,243.8444,1,1,1,1,
34,5,13.1852,254.025,219.5625,243.8444,1,1,1,1,
35,5,12.0753,254.2193,219.5625,239.5716,1,1,1,1,
36,5,14.6418,252.832,199.7244,239.5716,1,1,1,1,
37,5,19.8025,244.0238,177.7498,247.0552,1,1,1,1,
38,5,7.1189,224.0386,192.3629,315.9614,1,1,1,1,
39,5,24.8167,217.9485,171.2063,322.0515,1,1,1,1,
40,5,30.352,224.649,165.4074,315.351,1,1,1,1,
41,5,38.5503,235.2839,113.2301,280.6274,1,1,1,1,
1,6,12.2987,63.6043,126.9947,299.4401,1,1,1,1,
2,6,2.3658,55.4471,144.086,307.9858,1,1,1,1,
3,6,0.70295,55.4332,144.0433,308.291,1,1,1,1,
4,6,0,52.5199,144.7454,311.343,1,1,1,1,
5,6,39.9423,52.2425,103.8481,311.343,1,1,1,1,
6,6,35.5831,42.8223,103.1828,321.7931,1,1,1,1,
7,6,29.1911,38.4384,99.9965,326.6763,1,1,1,1,
8,6,27.7503,44.4176,95.0705,323.3191,1,1,1,1,
9,6,30.6358,42.5356,86.5249,325.2907,1,1,1,1,
10,6,31.1641,46.3091,81.0068,321.6283,1,1,1,1,
11,6,25.5317,50.679,82.838,317.0503,1,1,1,1,
12,6,25.4346,53.8836,84.9744,313.693,1,1,1,1,
13,6,17.2358,59.7518,88.3317,306.6734,1,1,1,1,
14,6,12.1167,63.2478,91.0785,303.011,1,1,1,1,
15,6,6.8162,69.6154,91.7133,297.2121,1,1,1,1,
16,6,0.78147,78.2679,96.2913,288.1476,1,1,1,1,
17,6,3.9914,78.365,90.6207,286.0112,1,1,1,1,
18,6,0,73.4124,94.8063,291.1996,1,1,1,1,
19,6,0,73.5373,96.2907,288.4528,1,1,1,1,
20,6,0,67.6968,92.6005,294.8621,1,1,1,1,
21,6,0,65.1997,89.3553,294.8621,1,1,1,1,
22,6,0,57.5558,93.5172,304.3233,1,1,1,1,
23,6,0,57.5558,93.4606,304.3233,1,1,1,1,
24,6,0,48.802,95.2086,313.7846,1,1,1,1,
25,6,0,42.9893,92.323,319.5834,1,1,1,1,
26,6,0,43.35,99.9115,317.7522,1,1,1,1,
27,6,0,44.0667,97.3128,234.841,1,1,1,1,
28,6,4.3232,38.2401,101.6324,234.841,1,1,1,1,
29,6,4.5452,38.5036,96.7491,229.0421,1,1,1,1,
30,6,9.1909,38.6008,75.6047,226.9057,1,1,1,1,
31,6,5.1972,40.1448,70.1965,225.2881,1,1,1,1,
32,6,6.213,9.5691,53.9537,263.1332,1,1,1,1,
33,6,6.7124,1.0928,49.0704,272.5945,1,1,1,1,
34,6,6.9344,7.6408,44.1872,262.828,1,1,1,1,
35,6,1.2604,15.2431,46.934,260.3864,1,1,1,1,
36,6,1.4546,25.9668,42.6612,250.3147,1,1,1,1,
37,6,3.3402,39.7286,34.8724,240.5483,1,1,1,1,
38,6,0.32977,39.4512,33.9568,246.6523,1,1,1,1,
39,6,0.064526,31.2384,32.2233,256.4188,1,1,1,1,
40,6,9.3246,24.7598,20.7782,258.5552,1,1,1,1,
41,6,0,17.7449,70.7677,345.7393,1,1,1,1,
1,7,221.3415,127.3933,97.0543,319.4247,1,1,1,1,
2,7,219.5616,121.858,99.5875,325.2236,1,1,1,1,
3,7,233.0793,122.732,103.7383,324.308,1,1,1,1,
4,7,198.8495,122.7459,158.4916,324.0028,1,1,1,1,
5,7,188.1258,125.2568,186.8754,323.6976,1,1,1,1,
6,7,177.9431,124.0915,203.3563,324.9184,1,1,1,1,
7,7,170.8679,124.0915,218.6164,324.9184,1,1,1,1,
8,7,163.8205,131.3748,221.058,317.2883,1,1,1,1,
9,7,156.2737,147.3979,228.3829,300.5022,1,1,1,1,
10,7,140.5419,148.9086,238.7598,303.2795,1,1,1,1,
11,7,139.6763,149.0834,233.3882,303.0964,1,1,1,1,
12,7,192.3209,150.4846,176.3764,302.7912,1,1,1,1,
13,7,133.6888,156.1586,236.9286,293.9403,1,1,1,1,
14,7,188.5419,156.4499,180.1609,293.6351,1,1,1,1,
15,7,128.7584,159.1829,241.6287,294.5508,1,1,1,1,
16,7,123.5755,165.9042,245.7794,290.1253,1,1,1,1,
17,7,123.6726,158.0384,243.643,298.3658,1,1,1,1,
18,7,132.3847,157.6222,222.8892,295.3138,1,1,1,1,
19,7,143.5107,148.369,210.0708,303.5542,1,1,1,1,
20,7,153.9015,143.1528,176.8037,308.4375,1,1,1,1,
21,7,166.2483,136.4522,149.3355,315.4571,1,1,1,1,
22,7,170.8208,132.1794,128.0934,324.0028,1,1,1,1,
23,7,174.6358,121.5389,117.4113,332.2432,1,1,1,1,
24,7,173.5218,116.2673,111.3988,338.3473,1,1,1,1,
25,7,150.0032,112.4938,140.4846,342.0097,1,1,1,1,
26,7,130.8864,107.9852,170.3945,343.5357,1,1,1,1,
27,7,117.194,108.1669,196.9471,339.5376,1,1,1,1,
28,7,100.8518,105.7253,226.8569,344.4208,1,1,1,1,
29,7,94.3732,106.4744,247.3054,346.252,1,1,1,1,
30,7,87.5893,106.1415,262.2603,347.4728,1,1,1,1,
31,7,90.4333,106.3912,254.6303,348.0832,1,1,1,1,
32,7,90.1003,109.2074,243.643,353.2717,1,1,1,1,
33,7,106.8726,104.0175,185.9598,356.9646,1,1,1,1,
34,7,120.8425,97.4834,153.3031,366.4259,1,1,1,1,
35,7,135.9334,90.4305,138.7145,372.652,1,1,1,1,
36,7,136.5923,94.1762,133.3734,369.6,1,1,1,1,
37,7,137.3692,105.4548,128.4902,359.5283,1,1,1,1,
38,7,134.9415,103.5958,120.8601,363.8012,1,1,1,1,
39,7,130.0166,101.2652,119.3341,366.2428,1,1,1,1,
40,7,116.553,90.3473,119.4867,374.4832,1,1,1,1,
41,7,90.1808,84.923,132,377.8405,1,1,1,1,
1,8,314.0794,45.1479,60.778,299.0738,1,1,1,1,
2,8,314.3707,41.7074,60.4728,301.5155,1,1,1,1,
3,8,310.3063,41.7074,76.6424,301.5155,1,1,1,1,
4,8,301.3722,41.7074,102.2794,301.5155,1,1,1,1,
5,8,285.46,41.7074,128.832,301.5155,1,1,1,1,
6,8,275.6797,40.7086,142.5661,311.2819,1,1,1,1,
7,8,253.2196,41.6381,166.6771,309.1455,1,1,1,1,
8,8,303.4917,41.6381,105.5817,309.1455,1,1,1,1,
9,8,298.7888,45.134,105.2765,305.4831,1,1,1,1,
10,8,290.687,58.0496,100.3932,296.0218,1,1,1,1,
11,8,284.8815,62.8219,99.9293,282.5929,1,1,1,1,
12,8,303.9201,70.3271,78.8215,276.1837,1,1,1,1,
13,8,302.3108,70.1756,77.6007,276.3424,1,1,1,1,
14,8,300.9235,74.2403,77.6007,272.3748,1,1,1,1,
15,8,269.7047,74.2403,110.3062,272.3748,1,1,1,1,
16,8,267.6376,77.5976,113.053,271.7643,1,1,1,1,
17,8,268.359,76.8196,109.3906,273.7421,1,1,1,1,
18,8,267.2353,69.578,109.6958,274.3525,1,1,1,1,
19,8,294.5559,65.1664,77.2955,279.8461,1,1,1,1,
20,8,293.1686,64.0566,71.1915,279.8461,1,1,1,1,
21,8,296.0403,57.8277,62.951,288.697,1,1,1,1,
22,8,291.566,49.7814,69.8242,288.697,1,1,1,1,
23,8,287.9386,42.9976,64.1718,297.5478,1,1,1,1,
24,8,277.7065,37.5178,73.4378,308.2299,1,1,1,1,
25,8,276.9235,36.0473,74.5487,303.9571,1,1,1,1,
26,8,274.2045,35.4785,79.432,304.2623,1,1,1,1,
27,8,267.4223,31.5803,117.7898,304.5675,1,1,1,1,
28,8,265.6882,27.5017,143.732,321.0484,1,1,1,1,
29,8,178.2785,27.682,246.6401,317.0808,1,1,1,1,
30,8,173.7699,29.9294,260.3742,310.3663,1,1,1,1,
31,8,171.8693,29.9294,253.3545,310.3663,1,1,1,1,
32,8,169.9826,29.8323,246.0297,312.5028,1,1,1,1,
33,8,182.3988,16.9317,217.0355,324.5643,1,1,1,1,
34,8,198.741,2.9479,174.9175,339.2141,1,1,1,1,
35,8,208.8959,0,140.7349,346.0879,1,1,1,1,
36,8,222.5701,0,126.7932,346.2405,1,1,1,1,
37,8,232.4275,0,119.6637,345.422,1,1,1,1,
38,8,233.5374,2.171,119.6637,344.0973,1,1,1,1,
39,8,233.7016,15.3427,91.6339,322.8979,1,1,1,1,
40,8,233.9025,15.3288,99.4227,323.2031,1,1,1,1,
41,8,232.099,9.419,96.3707,337.2425,1,1,1,1,
1,9,126.7732,0,158.339,253.9856,1,1,1,1,
2,9,121.6125,0,162.0014,248.2118,1,1,1,1,
3,9,118.3246,0,161.0858,251.0002,1,1,1,1,
4,9,113.0335,0,161.5131,251.4941,1,1,1,1,
5,9,153.0982,0,122.4472,254.4074,1,1,1,1,
6,9,152.8069,0,122.7524,255.6143,1,1,1,1,
7,9,152.8069,0,122.7524,255.3008,1,1,1,1,
8,9,153.015,0,118.1743,256.9655,1,1,1,1,
9,9,106.4162,0,166.7015,258.6303,1,1,1,1,
10,9,106.7907,0,164.5651,260.0758,1,1,1,1,
11,9,108.3861,0,159.9871,251.9186,1,1,1,1,
12,9,106.8046,0,158.1558,250.8088,1,1,1,1,
13,9,108.5248,6.1475,150.831,238.1799,1,1,1,1,
14,9,109.9815,0,143.2009,248.7112,1,1,1,1,
15,9,112.8753,0,128.3681,245.9366,1,1,1,1,
16,9,115.6277,0,128.8564,247.876,1,1,1,1,
17,9,115.9745,0,127.3304,249.1801,1,1,1,1,
18,9,120.0948,0,122.142,250.3593,1,1,1,1,
19,9,122.5641,0,116.6483,255.5061,1,1,1,1,
20,9,124.7838,0,110.5443,255.4367,1,1,1,1,
21,9,124.1928,0,111.3378,254.2853,1,1,1,1,
22,9,124.4425,0,118.0523,252.8564,1,1,1,1,
23,9,125.2,0,123.3628,251.15,1,1,1,1,
24,9,117.889,0,137.7073,248.7639,1,1,1,1,
25,9,107.1237,0,154.7986,248.7639,1,1,1,1,
26,9,92.4323,0,172.8055,252.6344,1,1,1,1,
27,9,77.1722,0,191.1177,253.0229,1,1,1,1,
28,9,61.2878,0,198.7477,252.0545,1,1,1,1,
29,9,48.9271,0,202.105,252.0545,1,1,1,1,
30,9,34,0,164.2599,252.0545,1,1,1,1,
31,9,23.637,0,172.5003,252.0545,1,1,1,1,
32,9,81.0955,0,109.6897,252.3375,1,1,1,1,
33,9,116.2492,0,48.0388,252.1516,1,1,1,1,
34,9,84.5137,0,77.2162,258.1503,1,1,1,1,
35,9,86.8,0,75.7512,261.6379,1,1,1,1,
36,9,82.6104,0,76.3616,265.0312,1,1,1,1,
37,9,80.1688,0,75.1408,265.6416,1,1,1,1,
38,9,75.9514,0,70.2576,265.2587,1,1,1,1,
39,9,62.9831,0,82.0994,263.6411,1,1,1,1,
40,9,54.7981,0,85.1514,264.3209,1,1,1,1,
41,9,36.8328,0,101.9376,259.4099,1,1,1,1,
1,10,407.6586,24.0862,66.3022,203.9118,1,1,1,1,
2,10,410.0464,0,62.6031,231.4184,1,1,1,1,
3,10,406.6415,0,76.4715,232.1537,1,1,1,1,
4,10,402.7848,43.3139,100.2773,183.7684,1,1,1,1,
5,10,397.8322,32.8538,123.7778,194.1453,1,1,1,1,
6,10,395.1825,21.568,139.3432,186.0635,1,1,1,1,
7,10,391.964,0,143.0056,210.1009,1,1,1,1,
8,10,384.9998,0,149.72,206.272,1,1,1,1,
9,10,381.803,38.4967,91.8659,165.7126,1,1,1,1,
10,10,371.8145,37.8308,97.9699,168.1543,1,1,1,1,
11,10,371.9671,40.4528,94.6127,165.4074,1,1,1,1,
12,10,365.9602,44.2262,98.5803,161.745,1,1,1,1,
13,10,360.3778,45.3848,111.5209,178.9828,1,1,1,1,
14,10,364.6645,47.2993,108.7741,185.6973,1,1,1,1,
15,10,364.6645,47.2993,108.7741,185.6973,1,1,1,1,
16,10,366.2321,47.7571,104.8065,175.6256,1,1,1,1,
17,10,365.9408,47.7571,105.1117,175.6256,1,1,1,1,
18,10,365.9408,47.4658,105.1117,175.9308,1,1,1,1,
19,10,365.9408,47.1744,105.1117,176.236,1,1,1,1,
20,10,364.8587,4.0677,128.9175,223.1395,1,1,1,1,
21,10,365.1223,18.0515,123.1186,208.4898,1,1,1,1,
22,10,369.6149,27.3274,121.9466,198.7722,1,1,1,1,
23,10,367.9501,29.7047,121.9466,196.2817,1,1,1,1,
24,10,359.1553,29.5609,139.8803,198.467,1,1,1,1,
25,10,351.1229,21.695,157.8873,206.7074,1,1,1,1,
26,10,350.6929,14.9945,173.4526,213.7271,1,1,1,1,
27,10,328.4408,4.7979,205.1936,224.4092,1,1,1,1,
28,10,318.0917,0,225.337,228.2893,1,1,1,1,
29,10,315.7217,0,149.2928,225.503,1,1,1,1,
30,10,375.8105,54.1403,87.2146,173.8799,1,1,1,1,
31,10,350.4864,56.755,109.3845,171.2917,1,1,1,1,
32,10,350.0841,59.3354,106.0273,169.4605,1,1,1,1,
33,10,350.1396,60.792,104.8065,167.9345,1,1,1,1,
34,10,352.3293,0,78.8521,238.7605,1,1,1,1,
35,10,344.3191,0,108.5788,242.2936,1,1,1,1,
36,10,343.6949,0,110.1048,245.7063,1,1,1,1,
37,10,337.9376,0,114.6828,248.0919,1,1,1,1,
38,10,330.3631,0,122.6181,247.8977,1,1,1,1,
39,10,330.0024,0,118.3452,249.285,1,1,1,1,
40,10,332.8047,0,111.6308,249.8399,1,1,1,1,
41,10,331.4035,0,99.7279,246.2191,1,1,1,1,
