00013.jpg 99 0 159 262 0.99821
00013.jpg 98 3 158 261 0.99687
00013.jpg 608 53 125 287 0.99669
00013.jpg 486 148 154 280 0.99617
00013.jpg 490 131 164 304 0.99594
00013.jpg 357 0 142 244 0.99550
00013.jpg 812 0 79 143 0.99478
00013.jpg 487 146 169 289 0.99458
00013.jpg 482 145 173 280 0.99426
00013.jpg 810 1 87 146 0.99423
00013.jpg 807 3 87 140 0.99399
00013.jpg 487 126 172 309 0.99376
00013.jpg 360 3 130 239 0.99366
00013.jpg 484 135 163 296 0.99366
00013.jpg 704 189 177 331 0.99349
00013.jpg 361 3 138 237 0.99271
00013.jpg 104 1 163 263 0.99257
00013.jpg 359 4 138 241 0.99238
00013.jpg 811 0 78 147 0.99185
00013.jpg 608 43 124 297 0.99117
00013.jpg 355 1 141 236 0.99088
00013.jpg 806 0 86 148 0.99085
00013.jpg 809 1 86 144 0.99084
00013.jpg 487 142 177 291 0.99079
00013.jpg 100 0 159 266 0.99079
00013.jpg 354 2 148 234 0.99070
00013.jpg 480 143 179 291 0.99062
00013.jpg 357 0 142 242 0.99005
00013.jpg 489 140 161 296 0.99000
00013.jpg 496 142 153 282 0.98983
00013.jpg 814 3 77 137 0.98980
00013.jpg 492 137 158 290 0.98923
00013.jpg 707 190 180 332 0.98909
00013.jpg 360 1 142 231 0.98905
00013.jpg 355 4 144 232 0.98888
00013.jpg 611 58 124 285 0.98866
00013.jpg 361 2 136 234 0.98808
00013.jpg 355 3 145 230 0.98779
00013.jpg 106 0 149 260 0.98693
00013.jpg 814 1 81 146 0.98683
00013.jpg 704 188 167 331 0.98647
00013.jpg 485 134 172 302 0.98635
00013.jpg 98 1 156 269 0.98558
00013.jpg 811 4 84 140 0.98556
00013.jpg 108 8 145 248 0.98551
00013.jpg 807 2 87 143 0.98547
00013.jpg 108 0 142 266 0.98541
00013.jpg 809 4 85 138 0.98450
00013.jpg 615 35 120 308 0.98397
00013.jpg 608 47 124 296 0.98380
00013.jpg 486 138 172 294 0.98333
00013.jpg 103 0 161 267 0.98318
00013.jpg 810 0 85 146 0.98318
00013.jpg 356 0 141 239 0.98310
00013.jpg 809 0 87 145 0.98295
00013.jpg 705 209 172 311 0.98291
00013.jpg 100 8 163 255 0.98277
00013.jpg 809 0 90 146 0.98267
00013.jpg 610 50 123 291 0.98243
00013.jpg 713 190 172 321 0.98226
00013.jpg 712 189 177 324 0.98193
00013.jpg 96 3 165 263 0.98192
00013.jpg 353 3 139 244 0.98174
00013.jpg 485 139 165 298 0.98158
00013.jpg 97 0 163 269 0.98146
00013.jpg 812 3 78 139 0.98136
00013.jpg 106 3 150 259 0.98122
00013.jpg 608 33 117 319 0.98114
00013.jpg 703 194 172 314 0.98096
00013.jpg 353 0 148 244 0.98050
00013.jpg 609 45 121 298 0.98044
00013.jpg 340 204 146 331 0.98021
00013.jpg 701 185 176 328 0.97962
00013.jpg 344 217 138 316 0.97950
00013.jpg 802 2 91 144 0.97883
00013.jpg 808 0 90 148 0.97870
00013.jpg 342 226 144 303 0.97838
00013.jpg 359 9 144 225 0.97788
00013.jpg 717 189 169 327 0.97781
00013.jpg 807 1 88 140 0.97734
00013.jpg 700 180 177 341 0.97727
00013.jpg 810 0 80 143 0.97725
00013.jpg 362 7 132 234 0.97687
00013.jpg 809 2 89 142 0.97676
00013.jpg 811 0 81 146 0.97666
00013.jpg 482 142 162 283 0.97631
00013.jpg 360 4 139 240 0.97614
00013.jpg 606 35 131 308 0.97568
00013.jpg 357 2 137 228 0.97556
00013.jpg 606 42 125 286 0.97489
00013.jpg 107 5 150 260 0.97486
00013.jpg 712 203 166 315 0.97445
00013.jpg 101 0 155 264 0.97408
00013.jpg 610 53 124 291 0.97392
00013.jpg 808 0 88 143 0.97334
00013.jpg 342 227 143 300 0.97304
00013.jpg 812 1 83 139 0.97300
00013.jpg 482 140 175 290 0.97298
00013.jpg 485 140 166 271 0.97291
00013.jpg 104 4 153 255 0.97267
00013.jpg 722 188 161 333 0.97258
00013.jpg 106 3 155 262 0.97203
00013.jpg 7 65 128 293 0.97160
00013.jpg 616 46 112 293 0.97149
00013.jpg 611 62 120 280 0.97137
00013.jpg 708 191 181 324 0.97110
00013.jpg 499 128 148 302 0.97081
00013.jpg 342 212 146 320 0.96988
00013.jpg 480 141 170 292 0.96974
00013.jpg 350 0 145 235 0.96931
00013.jpg 354 0 150 236 0.96869
00013.jpg 805 2 87 142 0.96761
00013.jpg 811 0 85 148 0.96738
00013.jpg 489 131 157 305 0.96725
00013.jpg 608 52 128 294 0.96719
00013.jpg 479 139 178 293 0.96605
00013.jpg 356 0 141 240 0.96593
00013.jpg 484 142 174 293 0.96467
00013.jpg 480 141 175 291 0.96419
00013.jpg 809 0 77 141 0.96371
00013.jpg 487 136 160 302 0.96363
00013.jpg 703 200 180 314 0.96345
00013.jpg 353 8 147 236 0.96309
00013.jpg 207 56 170 323 0.96213
00013.jpg 704 207 178 322 0.96190
00013.jpg 612 55 123 300 0.96150
00013.jpg 36 260 158 279 0.96092
00013.jpg 704 175 183 342 0.96077
00013.jpg 705 211 168 307 0.96020
00013.jpg 482 136 180 305 0.95938
00013.jpg 103 0 158 270 0.95938
00013.jpg 695 204 203 288 0.95929
00013.jpg 488 122 164 327 0.95883
00013.jpg 710 187 177 323 0.95815
00013.jpg 4 55 110 308 0.95680
00013.jpg 618 35 115 313 0.95655
00013.jpg 610 57 125 277 0.95650
00013.jpg 108 0 148 260 0.95629
00013.jpg 487 136 165 296 0.95628
00013.jpg 335 207 151 323 0.95597
00013.jpg 96 10 166 250 0.95524
00013.jpg 610 49 124 288 0.95489
00013.jpg 811 0 82 145 0.95488
00013.jpg 803 6 97 142 0.95425
00013.jpg 338 235 148 298 0.95386
00013.jpg 337 212 156 319 0.95371
00013.jpg 7 62 135 314 0.95358
00013.jpg 339 219 147 319 0.95344
00013.jpg 710 199 174 337 0.95301
00013.jpg 709 206 172 314 0.95278
00013.jpg 358 0 135 242 0.95221
00013.jpg 606 58 123 280 0.95171
00013.jpg 483 134 173 303 0.95044
00013.jpg 606 32 121 324 0.95036
00013.jpg 1 64 119 299 0.95022
00013.jpg 709 195 176 334 0.94989
00013.jpg 5 65 114 296 0.94840
00013.jpg 343 222 137 311 0.94732
00013.jpg 710 200 164 332 0.94594
00013.jpg 337 223 147 316 0.94591
00013.jpg 604 45 131 303 0.94561
00013.jpg 813 0 81 144 0.94549
00013.jpg 695 193 192 342 0.94374
00013.jpg 104 0 151 260 0.94355
00013.jpg 611 54 122 287 0.94289
00013.jpg 615 41 115 302 0.94176
00013.jpg 106 3 156 266 0.94139
00013.jpg 191 53 186 345 0.94106
00013.jpg 187 60 191 317 0.94061
00013.jpg 341 233 146 287 0.94005
00013.jpg 489 143 165 291 0.93979
00013.jpg 38 257 157 280 0.93891
00013.jpg 615 44 113 287 0.93887
00013.jpg 106 0 150 264 0.93864
00013.jpg 479 140 172 288 0.93827
00013.jpg 606 34 123 315 0.93803
00013.jpg 341 199 154 316 0.93774
00013.jpg 357 4 145 234 0.93703
00013.jpg 343 225 138 312 0.93686
00013.jpg 603 42 129 309 0.93650
00013.jpg 608 43 129 291 0.93505
00013.jpg 487 138 167 283 0.93429
00013.jpg 345 220 144 295 0.93186
00013.jpg 94 2 174 267 0.93152
00013.jpg 607 41 130 298 0.92602
00013.jpg 202 60 169 340 0.92548
00013.jpg 608 67 117 271 0.92316
00013.jpg 805 0 88 140 0.91817
00013.jpg 811 2 84 142 0.91750
00013.jpg 5 67 117 310 0.91727
00013.jpg 340 224 147 307 0.91724
00013.jpg 38 272 155 264 0.91650
00013.jpg 9 72 120 263 0.91641
00013.jpg 1 44 127 329 0.91542
00013.jpg 492 133 164 305 0.91513
00013.jpg 34 268 163 268 0.91331
00013.jpg 481 146 170 280 0.91273
00013.jpg 344 225 147 309 0.91132
00013.jpg 610 55 121 281 0.91092
00013.jpg 104 0 160 285 0.90982
00013.jpg 352 240 137 290 0.90863
00013.jpg 1 57 129 305 0.90794
00013.jpg 346 237 146 293 0.90612
00013.jpg 41 263 150 276 0.90555
00013.jpg 4 56 121 320 0.90467
00013.jpg 610 48 121 298 0.90393
00013.jpg 355 3 141 244 0.90343
00013.jpg 28 257 170 276 0.90256
00013.jpg 478 115 175 324 0.90202
00013.jpg 613 44 126 305 0.90195
00013.jpg 199 47 188 354 0.90175
00013.jpg 486 135 165 298 0.90102
00013.jpg 194 44 179 347 0.89959
00013.jpg 357 9 140 235 0.89792
00013.jpg 604 58 129 281 0.89775
00013.jpg 696 210 189 317 0.89759
00013.jpg 194 49 176 341 0.89611
00013.jpg 35 275 161 264 0.89567
00013.jpg 356 0 140 244 0.89480
00013.jpg 804 3 86 144 0.89428
00013.jpg 45 292 146 241 0.89396
00013.jpg 102 0 156 265 0.89271
00013.jpg 35 268 153 268 0.89265
00013.jpg 614 50 120 296 0.89195
00013.jpg 804 0 89 148 0.89182
00013.jpg 611 61 122 287 0.88994
00013.jpg 618 30 116 317 0.88942
00013.jpg 2 60 124 301 0.88906
00013.jpg 602 38 139 291 0.88878
00013.jpg 348 204 144 315 0.88831
00013.jpg 6 49 124 316 0.88797
00013.jpg 486 131 160 305 0.88776
00013.jpg 32 258 166 279 0.88695
00013.jpg 37 271 150 268 0.88683
00013.jpg 705 210 181 315 0.88499
00013.jpg 616 66 112 264 0.88498
00013.jpg 2 49 116 320 0.88196
00013.jpg 91 12 174 246 0.88132
00013.jpg 3 65 123 297 0.88077
00013.jpg 357 0 142 240 0.88036
00013.jpg 347 236 135 294 0.87964
00013.jpg 492 136 157 301 0.87809
00013.jpg 208 67 154 344 0.87771
00013.jpg 86 5 180 271 0.87731
00013.jpg 704 204 179 325 0.87665
00013.jpg 184 84 188 302 0.87623
00013.jpg 803 0 87 146 0.87606
00013.jpg 104 11 156 241 0.87483
00013.jpg 3 59 125 319 0.87456
00013.jpg 345 212 136 308 0.87419
00013.jpg 354 0 144 236 0.87371
00013.jpg 92 3 182 272 0.87371
00013.jpg 100 4 167 251 0.87354
00013.jpg 35 258 149 280 0.87336
00013.jpg 99 0 175 270 0.87298
00013.jpg 345 190 137 329 0.87270
00013.jpg 348 1 147 236 0.87250
00013.jpg 176 63 205 321 0.87135
00013.jpg 351 194 129 329 0.86992
00013.jpg 46 267 147 265 0.86920
00013.jpg 606 34 121 300 0.86830
00013.jpg 813 0 81 144 0.86805
00013.jpg 103 0 153 255 0.86783
00013.jpg 473 146 180 280 0.86761
00013.jpg 173 73 207 302 0.86479
00013.jpg 28 262 177 259 0.86465
00013.jpg 88 4 162 271 0.86340
00013.jpg 357 0 139 246 0.86199
00013.jpg 82 8 182 249 0.86111
00013.jpg 8 66 111 289 0.86107
00013.jpg 347 214 133 301 0.86052
00013.jpg 32 268 153 259 0.85981
00013.jpg 608 51 125 295 0.85801
00013.jpg 351 185 136 331 0.85723
00013.jpg 607 63 119 270 0.85673
00013.jpg 34 251 161 288 0.85652
00013.jpg 346 199 149 332 0.85523
00013.jpg 601 41 129 304 0.85506
00013.jpg 803 1 86 145 0.85451
00013.jpg 186 62 183 316 0.85257
00013.jpg 203 84 171 298 0.85248
00013.jpg 343 234 143 300 0.85222
00013.jpg 33 255 180 272 0.85114
00013.jpg 813 0 82 148 0.85024
00013.jpg 6 62 118 298 0.84906
00013.jpg 478 125 162 308 0.84696
00013.jpg 105 1 153 267 0.84652
00013.jpg 352 209 139 318 0.84599
00013.jpg 32 270 173 259 0.84477
00013.jpg 90 7 195 280 0.84377
00013.jpg 34 267 168 270 0.84075
00013.jpg 192 35 188 366 0.83993
00013.jpg 0 57 130 311 0.83957
00013.jpg 351 4 144 279 0.83785
00013.jpg 2 62 125 308 0.83738
00013.jpg 607 39 128 304 0.83646
00013.jpg 344 191 131 321 0.83632
00013.jpg 482 134 168 294 0.83520
00013.jpg 609 29 123 333 0.83490
00013.jpg 1 67 138 301 0.83455
00013.jpg 809 0 90 145 0.83365
00013.jpg 700 211 184 322 0.83304
00013.jpg 196 51 168 347 0.83106
00013.jpg 701 203 187 332 0.82899
00013.jpg 343 1 159 251 0.82681
00013.jpg 12 59 128 307 0.82653
00013.jpg 348 0 154 229 0.82646
00013.jpg 5 54 115 319 0.82588
00013.jpg 37 269 177 268 0.82368
00013.jpg 352 0 147 248 0.81892
00013.jpg 350 6 155 238 0.81635
00013.jpg 37 269 152 270 0.81633
00013.jpg 173 76 209 271 0.81569
00013.jpg 346 241 143 285 0.81365
00013.jpg 335 180 157 351 0.81287
00013.jpg 1 61 117 314 0.81219
00013.jpg 9 65 106 284 0.81215
00013.jpg 481 129 180 318 0.81213
00013.jpg 350 220 136 314 0.81124
00013.jpg 3 62 118 290 0.81109
00013.jpg 23 259 181 261 0.81089
00013.jpg 352 7 138 228 0.80973
00013.jpg 608 47 127 290 0.80863
00013.jpg 185 40 210 356 0.80685
00013.jpg 28 270 167 267 0.80668
00013.jpg 30 256 163 282 0.80648
00013.jpg 182 57 210 327 0.80636
00013.jpg 0 79 127 287 0.80596
00013.jpg 349 223 134 313 0.80540
00013.jpg 365 0 131 238 0.80516
00013.jpg 805 0 87 147 0.80178
00013.jpg 348 227 136 292 0.80152
00013.jpg 603 24 137 332 0.80143
00013.jpg 5 57 122 310 0.80121
00013.jpg 355 3 139 242 0.80037
00013.jpg 2 56 135 305 0.79997
00013.jpg 611 39 122 306 0.79870
00013.jpg 99 4 166 288 0.79850
00013.jpg 362 0 135 244 0.79759
00013.jpg 95 0 166 271 0.79571
00013.jpg 39 275 164 258 0.79571
00013.jpg 615 34 117 299 0.79455
00013.jpg 41 272 154 266 0.79163
00013.jpg 480 140 172 289 0.78726
00013.jpg 485 124 188 318 0.78695
00013.jpg 201 70 167 327 0.78641
00013.jpg 99 6 171 250 0.78472
00013.jpg 200 90 192 259 0.78428
00013.jpg 359 6 141 247 0.78428
00013.jpg 483 127 175 315 0.78396
00013.jpg 200 61 177 353 0.78281
00013.jpg 35 269 166 263 0.78098
00013.jpg 813 0 80 139 0.77939
00013.jpg 34 259 158 280 0.77867
00013.jpg 24 265 171 259 0.77862
00013.jpg 198 41 184 379 0.77787
00013.jpg 42 251 150 288 0.77632
00013.jpg 190 35 187 342 0.77542
00013.jpg 0 184 37 78 0.77466
00013.jpg 189 63 203 321 0.77324
00013.jpg 470 126 192 301 0.76984
00013.jpg 349 197 141 337 0.76948
00013.jpg 39 277 150 261 0.76699
00013.jpg 197 49 178 342 0.76664
00013.jpg 0 63 133 320 0.75866
00013.jpg 724 182 173 341 0.75854
00013.jpg 209 61 163 371 0.75698
00013.jpg 0 184 36 82 0.75515
00013.jpg 702 180 174 343 0.75349
00013.jpg 609 24 133 303 0.75296
00013.jpg 29 270 168 266 0.75292
00013.jpg 347 229 143 303 0.75217
00013.jpg 597 58 143 281 0.75027
00013.jpg 598 34 148 314 0.74513
00013.jpg 351 231 135 295 0.74256
00013.jpg 354 2 149 223 0.74158
00013.jpg 40 271 151 268 0.74123
00013.jpg 97 0 170 264 0.74092
00013.jpg 484 138 171 301 0.73756
00013.jpg 168 95 210 279 0.73747
00013.jpg 23 265 171 274 0.73663
00013.jpg 98 5 157 257 0.73599
00013.jpg 97 14 171 283 0.73542
00013.jpg 709 204 173 314 0.73360
00013.jpg 35 269 164 270 0.73056
00013.jpg 200 68 197 312 0.72816
00013.jpg 612 58 120 274 0.72803
00013.jpg 14 54 155 310 0.72801
00013.jpg 485 137 181 281 0.72761
00013.jpg 607 58 128 281 0.72606
00013.jpg 7 54 111 305 0.72491
00013.jpg 15 57 118 309 0.72255
00013.jpg 160 36 228 336 0.72068
00013.jpg 714 186 175 326 0.72044
00013.jpg 2 66 126 287 0.71813
00013.jpg 160 77 224 333 0.71687
00013.jpg 36 263 178 268 0.71621
00013.jpg 101 17 159 241 0.71583
00013.jpg 67 1 205 265 0.71503
00013.jpg 346 205 139 313 0.71350
00013.jpg 1 60 125 307 0.71168
00013.jpg 805 0 93 147 0.70898
00013.jpg 611 55 127 275 0.70728
00013.jpg 804 1 82 150 0.70682
00013.jpg 712 184 171 343 0.70413
00013.jpg 97 4 168 257 0.70118
00013.jpg 80 6 189 240 0.69961
00013.jpg 1 62 123 289 0.69808
00013.jpg 2 77 152 279 0.69783
00013.jpg 482 136 175 303 0.69698
00013.jpg 33 272 160 267 0.69592
00013.jpg 803 0 86 145 0.69503
00013.jpg 207 69 172 337 0.69446
00013.jpg 4 73 110 289 0.69299
00013.jpg 107 10 149 250 0.69284
00013.jpg 224 38 168 397 0.69019
00013.jpg 217 56 162 334 0.68890
00013.jpg 701 193 194 324 0.68804
00013.jpg 23 271 186 259 0.68794
00013.jpg 33 272 161 265 0.68689
00013.jpg 358 1 140 231 0.68624
00013.jpg 170 77 203 283 0.68540
00013.jpg 47 264 165 257 0.67777
00013.jpg 6 69 117 295 0.67777
00013.jpg 105 0 200 309 0.67765
00013.jpg 29 260 182 252 0.67742
00013.jpg 7 62 136 313 0.67348
00013.jpg 98 3 228 317 0.67181
00013.jpg 2 57 133 323 0.67168
00013.jpg 3 64 118 304 0.66848
00013.jpg 13 73 101 189 0.66668
00013.jpg 6 63 112 271 0.66536
00013.jpg 340 14 170 217 0.66175
00013.jpg 0 179 34 81 0.66134
00013.jpg 801 0 93 145 0.65762
00013.jpg 33 279 174 255 0.65544
00013.jpg 609 41 126 312 0.65336
00013.jpg 359 190 144 329 0.65134
00013.jpg 7 57 112 312 0.64853
00013.jpg 613 47 122 294 0.64834
00013.jpg 343 225 143 314 0.64712
00013.jpg 33 278 173 255 0.64685
00013.jpg 203 49 174 367 0.64597
00013.jpg 361 0 146 243 0.64585
00013.jpg 5 64 122 313 0.64563
00013.jpg 97 0 161 261 0.64332
00013.jpg 696 182 197 334 0.64095
00013.jpg 194 54 188 387 0.63364
00013.jpg 172 105 201 263 0.63207
00013.jpg 112 3 174 296 0.63196
00013.jpg 167 39 212 363 0.63114
00013.jpg 18 73 93 245 0.63026
00013.jpg 205 114 189 236 0.62836
00013.jpg 338 160 178 350 0.62829
00013.jpg 353 224 138 315 0.62723
00013.jpg 702 209 173 304 0.62679
00013.jpg 480 138 188 290 0.62537
00013.jpg 112 8 176 283 0.62452
00013.jpg 371 0 137 233 0.62205
00013.jpg 28 266 178 265 0.62143
00013.jpg 2 71 131 299 0.61859
00013.jpg 161 112 228 231 0.61794
00013.jpg 359 0 142 243 0.61225
00013.jpg 365 0 129 251 0.61107
00013.jpg 343 231 144 276 0.61004
00013.jpg 38 260 169 278 0.60957
00013.jpg 92 4 195 247 0.60860
00013.jpg 1 96 126 267 0.60809
00013.jpg 108 14 163 247 0.60584
00013.jpg 213 102 165 257 0.60475
00013.jpg 335 2 166 309 0.60227
00013.jpg 167 124 224 225 0.59656
00013.jpg 97 0 185 261 0.59582
00013.jpg 46 250 167 289 0.59546
00013.jpg 112 39 293 337 0.59315
00013.jpg 487 143 164 288 0.58939
00013.jpg 3 58 125 269 0.58536
00013.jpg 149 40 241 338 0.58500
00013.jpg 476 135 169 305 0.58226
00013.jpg 0 81 139 288 0.57612
00013.jpg 171 20 234 365 0.57272
00013.jpg 714 187 164 352 0.57138
00013.jpg 350 0 136 232 0.56924
00013.jpg 6 75 121 265 0.56881
00013.jpg 25 262 165 263 0.56837
00013.jpg 347 10 159 213 0.56807
00013.jpg 17 70 83 159 0.56775
00013.jpg 11 74 103 233 0.56705
00013.jpg 187 97 193 256 0.56547
00013.jpg 8 49 140 318 0.56480
00013.jpg 597 45 132 302 0.56480
00013.jpg 329 15 186 231 0.56293
00013.jpg 598 23 141 324 0.56044
00013.jpg 193 99 195 249 0.55648
00013.jpg 102 6 165 251 0.55407
00013.jpg 98 11 174 307 0.55389
00013.jpg 809 0 82 143 0.55082
00013.jpg 339 210 150 324 0.54756
00013.jpg 335 196 158 340 0.54576
00013.jpg 1 182 38 74 0.54514
00013.jpg 345 11 149 224 0.54390
00013.jpg 600 51 132 301 0.54358
00013.jpg 473 126 170 310 0.54309
00013.jpg 8 56 139 295 0.54080
00013.jpg 13 61 107 262 0.54030
00013.jpg 43 256 142 283 0.53636
00013.jpg 197 50 171 318 0.52952
00013.jpg 10 66 104 231 0.52523
00013.jpg 214 78 183 269 0.52435
00013.jpg 0 178 40 91 0.52426
00013.jpg 596 78 141 258 0.52370
00013.jpg 604 65 135 274 0.52276
00013.jpg 719 204 153 308 0.52027
00013.jpg 88 5 320 401 0.51443
00013.jpg 10 66 102 209 0.51362
00013.jpg 34 215 163 288 0.51356
00013.jpg 337 186 159 350 0.51261
00013.jpg 16 58 136 338 0.51261
00013.jpg 0 185 38 83 0.51085
00013.jpg 0 94 129 271 0.51000
00013.jpg 193 95 208 257 0.50897
00013.jpg 701 183 197 333 0.50852
00013.jpg 36 256 183 276 0.50209
00013.jpg 357 2 154 245 0.49989
