00026.jpg 798 0 84 145 0.99963
00026.jpg 800 0 82 148 0.99877
00026.jpg 582 29 142 298 0.99821
00026.jpg 798 0 90 145 0.99805
00026.jpg 804 0 76 148 0.99732
00026.jpg 581 31 143 309 0.99714
00026.jpg 675 176 236 338 0.99694
00026.jpg 662 169 248 353 0.99648
00026.jpg 110 127 194 326 0.99631
00026.jpg 663 183 238 340 0.99615
00026.jpg 352 0 176 240 0.99604
00026.jpg 662 167 250 353 0.99603
00026.jpg 110 133 193 321 0.99533
00026.jpg 798 0 83 147 0.99526
00026.jpg 800 0 84 142 0.99500
00026.jpg 659 169 241 353 0.99494
00026.jpg 803 0 81 151 0.99444
00026.jpg 347 0 187 243 0.99419
00026.jpg 590 27 128 309 0.99412
00026.jpg 801 1 81 143 0.99412
00026.jpg 354 0 168 236 0.99384
00026.jpg 672 182 235 334 0.99351
00026.jpg 801 0 81 146 0.99341
00026.jpg 657 181 251 340 0.99309
00026.jpg 590 29 130 303 0.99305
00026.jpg 655 180 259 328 0.99288
00026.jpg 802 1 80 145 0.99287
00026.jpg 796 0 83 147 0.99286
00026.jpg 580 27 141 304 0.99284
00026.jpg 347 7 181 224 0.99271
00026.jpg 578 30 149 303 0.99227
00026.jpg 579 29 140 300 0.99221
00026.jpg 115 124 210 337 0.99219
00026.jpg 584 36 134 298 0.99214
00026.jpg 309 244 206 282 0.99209
00026.jpg 582 29 137 301 0.99118
00026.jpg 656 179 248 331 0.99109
00026.jpg 576 29 148 296 0.99101
00026.jpg 486 118 121 306 0.99083
00026.jpg 799 1 85 144 0.99047
00026.jpg 289 251 231 275 0.99020
00026.jpg 801 3 84 142 0.99018
00026.jpg 799 2 80 148 0.98999
00026.jpg 111 122 192 330 0.98979
00026.jpg 580 28 142 300 0.98971
00026.jpg 801 0 82 155 0.98970
00026.jpg 577 24 149 312 0.98937
00026.jpg 648 181 253 331 0.98933
00026.jpg 107 115 204 344 0.98928
00026.jpg 488 121 121 306 0.98912
00026.jpg 683 166 219 357 0.98795
00026.jpg 306 240 214 286 0.98780
00026.jpg 108 118 226 352 0.98725
00026.jpg 583 31 141 300 0.98697
00026.jpg 801 1 80 142 0.98660
00026.jpg 349 2 185 237 0.98654
00026.jpg 259 38 107 321 0.98650
00026.jpg 670 188 219 315 0.98587
00026.jpg 668 185 232 334 0.98553
00026.jpg 796 1 88 147 0.98546
00026.jpg 802 2 81 143 0.98546
00026.jpg 582 28 145 308 0.98540
00026.jpg 488 115 121 310 0.98346
00026.jpg 580 25 144 299 0.98324
00026.jpg 301 261 204 261 0.98308
00026.jpg 351 0 176 244 0.98307
00026.jpg 585 23 142 316 0.98303
00026.jpg 100 127 231 322 0.98297
00026.jpg 671 184 230 325 0.98273
00026.jpg 795 0 89 149 0.98260
00026.jpg 305 253 226 266 0.98248
00026.jpg 649 196 253 327 0.98246
00026.jpg 119 120 189 326 0.98235
00026.jpg 796 0 90 145 0.98228
00026.jpg 663 181 239 338 0.98219
00026.jpg 673 176 232 342 0.98209
00026.jpg 578 30 147 298 0.98160
00026.jpg 310 243 208 289 0.98157
00026.jpg 664 175 257 350 0.98150
00026.jpg 288 244 241 289 0.98127
00026.jpg 583 33 132 302 0.98119
00026.jpg 350 0 177 240 0.98080
00026.jpg 347 0 180 236 0.98063
00026.jpg 655 172 243 353 0.98059
00026.jpg 795 0 90 145 0.98038
00026.jpg 308 254 227 281 0.98029
00026.jpg 493 126 112 299 0.97984
00026.jpg 350 0 169 244 0.97979
00026.jpg 493 110 112 332 0.97931
00026.jpg 800 2 85 146 0.97894
00026.jpg 307 254 219 276 0.97888
00026.jpg 489 116 115 315 0.97881
00026.jpg 582 26 137 304 0.97830
00026.jpg 577 18 141 306 0.97786
00026.jpg 486 124 125 310 0.97757
00026.jpg 110 137 195 313 0.97730
00026.jpg 338 0 189 240 0.97721
00026.jpg 797 0 88 151 0.97718
00026.jpg 350 0 180 243 0.97701
00026.jpg 491 113 119 314 0.97621
00026.jpg 341 0 191 238 0.97607
00026.jpg 797 0 81 146 0.97596
00026.jpg 485 119 123 304 0.97532
00026.jpg 494 121 109 307 0.97532
00026.jpg 583 26 132 288 0.97525
00026.jpg 351 0 176 239 0.97460
00026.jpg 304 246 217 290 0.97455
00026.jpg 668 162 249 355 0.97420
00026.jpg 349 1 175 240 0.97400
00026.jpg 299 256 223 266 0.97400
00026.jpg 647 183 249 334 0.97390
00026.jpg 88 4 182 239 0.97382
00026.jpg 305 250 213 266 0.97341
00026.jpg 350 0 181 249 0.97330
00026.jpg 487 121 121 306 0.97291
00026.jpg 658 181 260 322 0.97279
00026.jpg 345 0 177 242 0.97279
00026.jpg 659 176 244 353 0.97266
00026.jpg 659 179 247 346 0.97264
00026.jpg 346 11 179 229 0.97227
00026.jpg 493 119 115 306 0.97117
00026.jpg 0 56 111 321 0.97041
00026.jpg 585 26 133 301 0.97013
00026.jpg 104 119 218 329 0.96986
00026.jpg 307 245 211 284 0.96965
00026.jpg 664 160 252 350 0.96935
00026.jpg 87 0 180 257 0.96931
00026.jpg 106 114 216 368 0.96890
00026.jpg 258 35 117 300 0.96844
00026.jpg 487 119 123 321 0.96840
00026.jpg 676 184 219 324 0.96683
00026.jpg 580 28 143 311 0.96647
00026.jpg 670 183 246 346 0.96583
00026.jpg 584 23 138 301 0.96546
00026.jpg 302 252 233 263 0.96535
00026.jpg 340 0 185 251 0.96523
00026.jpg 296 256 245 275 0.96475
00026.jpg 660 185 241 312 0.96387
00026.jpg 113 134 206 315 0.96296
00026.jpg 673 164 222 338 0.96243
00026.jpg 37 40 252 445 0.96172
00026.jpg 252 48 117 294 0.95967
00026.jpg 295 253 227 271 0.95938
00026.jpg 254 47 121 302 0.95881
00026.jpg 491 130 118 295 0.95873
00026.jpg 92 61 216 402 0.95865
00026.jpg 489 117 119 320 0.95830
00026.jpg 78 39 223 444 0.95649
00026.jpg 354 3 176 236 0.95619
00026.jpg 342 0 190 244 0.95603
00026.jpg 655 179 270 341 0.95584
00026.jpg 799 1 85 140 0.95572
00026.jpg 583 31 146 294 0.95502
00026.jpg 801 0 82 145 0.95391
00026.jpg 663 180 237 334 0.95380
00026.jpg 113 136 185 319 0.95256
00026.jpg 492 120 117 308 0.95210
00026.jpg 255 50 119 300 0.95200
00026.jpg 658 194 226 318 0.95109
00026.jpg 582 20 136 303 0.95093
00026.jpg 17 102 169 427 0.95064
00026.jpg 121 116 184 349 0.95050
00026.jpg 806 0 72 146 0.95049
00026.jpg 317 239 202 289 0.94985
00026.jpg 46 97 237 384 0.94957
00026.jpg 297 248 218 286 0.94953
00026.jpg 249 50 123 301 0.94889
00026.jpg 314 250 207 274 0.94887
00026.jpg 484 116 126 320 0.94791
00026.jpg 78 109 248 375 0.94754
00026.jpg 794 0 90 150 0.94680
00026.jpg 297 254 220 278 0.94640
00026.jpg 87 0 172 235 0.94623
00026.jpg 83 2 185 245 0.94571
00026.jpg 302 245 214 288 0.94536
00026.jpg 314 243 205 288 0.94517
00026.jpg 306 249 211 281 0.94446
00026.jpg 85 0 186 244 0.94418
00026.jpg 801 1 81 143 0.94397
00026.jpg 492 119 114 313 0.94389
00026.jpg 125 127 179 338 0.94375
00026.jpg 577 27 145 287 0.94368
00026.jpg 134 132 180 331 0.94198
00026.jpg 484 122 121 305 0.94172
00026.jpg 581 25 146 305 0.94077
00026.jpg 110 117 214 346 0.94031
00026.jpg 29 224 149 297 0.94026
00026.jpg 254 38 121 315 0.93940
00026.jpg 666 172 249 353 0.93918
00026.jpg 88 1 179 245 0.93910
00026.jpg 258 51 115 292 0.93893
00026.jpg 486 124 126 304 0.93892
00026.jpg 578 30 155 302 0.93886
00026.jpg 584 33 135 287 0.93861
00026.jpg 297 248 219 291 0.93855
00026.jpg 488 117 119 322 0.93748
00026.jpg 253 48 123 295 0.93626
00026.jpg 7 66 178 444 0.93607
00026.jpg 587 31 135 299 0.93467
00026.jpg 671 181 217 335 0.93296
00026.jpg 485 121 128 307 0.93285
00026.jpg 583 30 143 278 0.93278
00026.jpg 294 247 234 292 0.93162
00026.jpg 485 128 121 290 0.93137
00026.jpg 82 0 178 245 0.93017
00026.jpg 313 244 207 286 0.92997
00026.jpg 482 126 121 294 0.92988
00026.jpg 89 1 173 239 0.92976
00026.jpg 302 245 211 288 0.92953
00026.jpg 38 246 147 267 0.92927
00026.jpg 492 122 117 301 0.92860
00026.jpg 89 11 178 226 0.92772
00026.jpg 119 138 188 326 0.92728
00026.jpg 90 8 186 266 0.92648
00026.jpg 124 127 190 331 0.92536
00026.jpg 253 60 120 288 0.92427
00026.jpg 804 0 76 145 0.92374
00026.jpg 111 118 210 327 0.92347
00026.jpg 301 246 220 269 0.92333
00026.jpg 86 0 180 254 0.92316
00026.jpg 352 7 167 235 0.92200
00026.jpg 253 54 122 296 0.92175
00026.jpg 248 56 132 276 0.92130
00026.jpg 296 254 231 276 0.92040
00026.jpg 347 0 183 238 0.92022
00026.jpg 302 248 216 290 0.91970
00026.jpg 323 244 191 281 0.91967
00026.jpg 488 118 120 311 0.91944
00026.jpg 29 226 148 303 0.91879
00026.jpg 316 227 216 295 0.91710
00026.jpg 353 8 178 234 0.91658
00026.jpg 302 242 227 279 0.91591
00026.jpg 342 6 189 225 0.91556
00026.jpg 480 127 128 306 0.91459
00026.jpg 587 29 135 289 0.91315
00026.jpg 320 234 197 295 0.91274
00026.jpg 297 244 231 277 0.91249
00026.jpg 21 43 237 460 0.91044
00026.jpg 14 109 149 424 0.91029
00026.jpg 312 240 208 284 0.91010
00026.jpg 489 123 119 307 0.90955
00026.jpg 70 17 225 333 0.90796
00026.jpg 801 0 81 147 0.90728
00026.jpg 353 2 171 240 0.90662
00026.jpg 254 42 121 305 0.90428
00026.jpg 88 0 181 253 0.90287
00026.jpg 346 0 183 242 0.90155
00026.jpg 488 113 119 315 0.89878
00026.jpg 256 52 113 296 0.89716
00026.jpg 342 16 190 220 0.89706
00026.jpg 89 7 165 237 0.89449
00026.jpg 302 252 219 286 0.89383
00026.jpg 309 259 215 258 0.89371
00026.jpg 304 255 211 281 0.89233
00026.jpg 581 31 137 289 0.89017
00026.jpg 67 5 211 249 0.88969
00026.jpg 348 3 184 242 0.88020
00026.jpg 349 1 178 245 0.87942
00026.jpg 585 29 129 291 0.87683
00026.jpg 90 7 173 238 0.87678
00026.jpg 82 11 194 253 0.87560
00026.jpg 96 4 171 249 0.87425
00026.jpg 25 237 151 286 0.87384
00026.jpg 309 255 199 284 0.87253
00026.jpg 90 3 181 251 0.87243
00026.jpg 801 0 85 145 0.87198
00026.jpg 251 58 121 292 0.87025
00026.jpg 117 123 192 350 0.86878
00026.jpg 254 51 119 302 0.86793
00026.jpg 250 56 123 294 0.86693
00026.jpg 487 120 120 303 0.86574
00026.jpg 79 0 195 291 0.86525
00026.jpg 351 0 174 245 0.86479
00026.jpg 803 0 74 151 0.86477
00026.jpg 252 61 124 293 0.86289
00026.jpg 90 2 180 255 0.86232
00026.jpg 585 34 137 301 0.86001
00026.jpg 344 1 205 234 0.85971
00026.jpg 300 254 228 275 0.85879
00026.jpg 490 117 121 313 0.85726
00026.jpg 489 93 115 339 0.85718
00026.jpg 39 243 142 281 0.85626
00026.jpg 259 50 112 311 0.85559
00026.jpg 662 200 241 313 0.85532
00026.jpg 581 33 139 281 0.85441
00026.jpg 325 230 192 300 0.85360
00026.jpg 255 47 118 299 0.85356
00026.jpg 39 230 135 296 0.85318
00026.jpg 665 193 239 319 0.85215
00026.jpg 342 0 175 244 0.85056
00026.jpg 91 82 190 364 0.84848
00026.jpg 258 42 114 298 0.84614
00026.jpg 8 107 179 418 0.84516
00026.jpg 345 0 184 244 0.84455
00026.jpg 351 1 180 236 0.84422
00026.jpg 344 2 196 226 0.84339
00026.jpg 249 48 125 302 0.84269
00026.jpg 95 5 176 239 0.84214
00026.jpg 14 72 168 452 0.84095
00026.jpg 297 256 240 271 0.83917
00026.jpg 583 31 142 284 0.83870
00026.jpg 343 3 187 224 0.83645
00026.jpg 800 0 82 148 0.83585
00026.jpg 799 0 82 150 0.83460
00026.jpg 251 44 125 304 0.83458
00026.jpg 85 3 190 266 0.83441
00026.jpg 16 144 166 366 0.83440
00026.jpg 84 0 175 250 0.83303
00026.jpg 267 49 99 298 0.83298
00026.jpg 252 55 121 296 0.83260
00026.jpg 349 5 178 241 0.83070
00026.jpg 651 185 267 323 0.83034
00026.jpg 91 1 182 266 0.83013
00026.jpg 6 53 172 454 0.83009
00026.jpg 96 64 221 404 0.82977
00026.jpg 349 0 182 253 0.82674
00026.jpg 1 67 110 277 0.82658
00026.jpg 95 1 171 262 0.82563
00026.jpg 87 0 184 256 0.82531
00026.jpg 325 250 205 274 0.82508
00026.jpg 349 0 172 231 0.82424
00026.jpg 88 1 176 225 0.82380
00026.jpg 93 2 170 237 0.82101
00026.jpg 120 66 186 392 0.81819
00026.jpg 23 233 157 298 0.81765
00026.jpg 6 65 108 282 0.81615
00026.jpg 88 0 170 257 0.81587
00026.jpg 5 85 146 366 0.81446
00026.jpg 302 242 217 296 0.81366
00026.jpg 25 129 159 393 0.81174
00026.jpg 797 0 85 150 0.81103
00026.jpg 36 246 143 268 0.80897
00026.jpg 107 82 177 324 0.80685
00026.jpg 584 28 139 287 0.80428
00026.jpg 299 258 222 280 0.80328
00026.jpg 22 114 164 414 0.80312
00026.jpg 347 7 180 220 0.80272
00026.jpg 2 52 111 294 0.80225
00026.jpg 74 17 196 426 0.79877
00026.jpg 91 3 170 244 0.79648
00026.jpg 26 214 145 308 0.79304
00026.jpg 86 0 193 243 0.79080
00026.jpg 37 151 235 318 0.79020
00026.jpg 581 36 143 282 0.78449
00026.jpg 341 0 192 265 0.78360
00026.jpg 794 0 87 145 0.78336
00026.jpg 69 123 256 342 0.78300
00026.jpg 259 44 110 318 0.78246
00026.jpg 116 121 174 343 0.78218
00026.jpg 126 118 201 338 0.78117
00026.jpg 351 4 180 222 0.77954
00026.jpg 19 147 157 377 0.77874
00026.jpg 257 47 116 282 0.77684
00026.jpg 489 123 126 304 0.77647
00026.jpg 117 134 187 333 0.77474
00026.jpg 648 179 251 341 0.77173
00026.jpg 341 0 199 256 0.76905
00026.jpg 35 238 138 288 0.76833
00026.jpg 87 3 186 230 0.76689
00026.jpg 24 206 145 316 0.76473
00026.jpg 87 7 175 229 0.76449
00026.jpg 8 135 175 388 0.76334
00026.jpg 27 135 224 372 0.76235
00026.jpg 30 236 136 287 0.76173
00026.jpg 49 35 256 400 0.75496
00026.jpg 345 11 178 233 0.75428
00026.jpg 112 123 192 350 0.75231
00026.jpg 800 1 82 146 0.74956
00026.jpg 590 25 119 312 0.74954
00026.jpg 252 37 117 311 0.74884
00026.jpg 30 230 134 298 0.74644
00026.jpg 93 0 172 263 0.74630
00026.jpg 489 120 117 305 0.74531
00026.jpg 32 239 144 293 0.74502
00026.jpg 302 250 195 289 0.74307
00026.jpg 2 68 162 357 0.74268
00026.jpg 579 30 147 293 0.74091
00026.jpg 795 0 89 153 0.74090
00026.jpg 587 32 136 286 0.73767
00026.jpg 485 131 112 300 0.73765
00026.jpg 116 107 178 355 0.73532
00026.jpg 95 0 171 263 0.73269
00026.jpg 79 2 205 234 0.73201
00026.jpg 99 131 203 304 0.73187
00026.jpg 92 0 175 265 0.73157
00026.jpg 354 0 184 260 0.73043
00026.jpg 86 2 181 255 0.73033
00026.jpg 95 1 172 250 0.72883
00026.jpg 575 24 158 287 0.72755
00026.jpg 14 145 164 388 0.72598
00026.jpg 5 59 98 289 0.72547
00026.jpg 653 189 258 326 0.72497
00026.jpg 77 28 203 222 0.72080
00026.jpg 77 141 237 272 0.71991
00026.jpg 344 2 184 231 0.71309
00026.jpg 300 252 228 287 0.71226
00026.jpg 54 83 273 405 0.71069
00026.jpg 669 190 236 327 0.70959
00026.jpg 263 52 109 295 0.70934
00026.jpg 116 124 194 347 0.70861
00026.jpg 23 209 147 330 0.70855
00026.jpg 96 108 217 356 0.70514
00026.jpg 121 122 185 352 0.70039
00026.jpg 250 49 125 311 0.70035
00026.jpg 3 64 109 277 0.69705
00026.jpg 46 235 123 294 0.69524
00026.jpg 47 69 312 410 0.69000
00026.jpg 357 10 172 227 0.68799
00026.jpg 2 67 114 285 0.68681
00026.jpg 300 248 225 291 0.68475
00026.jpg 336 0 179 242 0.68378
00026.jpg 250 50 116 289 0.68270
00026.jpg 4 61 109 296 0.67859
00026.jpg 584 20 154 301 0.67772
00026.jpg 115 133 224 325 0.67772
00026.jpg 96 0 163 253 0.67590
00026.jpg 789 0 87 148 0.67397
00026.jpg 303 254 213 274 0.67315
00026.jpg 260 45 114 323 0.67193
00026.jpg 85 97 252 367 0.67017
00026.jpg 102 36 226 420 0.66981
00026.jpg 20 121 185 405 0.66962
00026.jpg 0 52 163 337 0.66700
00026.jpg 91 9 177 238 0.66538
00026.jpg 3 51 112 282 0.65654
00026.jpg 572 23 139 300 0.65454
00026.jpg 32 256 144 274 0.65422
00026.jpg 28 238 154 270 0.65381
00026.jpg 488 129 115 304 0.65092
00026.jpg 334 0 198 261 0.65075
00026.jpg 341 2 192 237 0.64858
00026.jpg 349 4 173 234 0.64703
00026.jpg 26 216 149 294 0.64392
00026.jpg 476 112 130 319 0.63778
00026.jpg 122 112 205 343 0.63777
00026.jpg 253 49 117 289 0.63699
00026.jpg 325 231 193 303 0.63314
00026.jpg 656 184 247 322 0.63199
00026.jpg 16 251 176 259 0.63192
00026.jpg 119 105 174 412 0.62668
00026.jpg 578 20 148 313 0.62653
00026.jpg 94 8 182 234 0.62565
00026.jpg 2 64 110 279 0.61997
00026.jpg 7 77 169 425 0.61819
00026.jpg 8 58 122 333 0.61795
00026.jpg 0 52 116 304 0.61600
00026.jpg 318 229 214 306 0.61600
00026.jpg 0 44 115 307 0.61453
00026.jpg 80 16 201 219 0.61249
00026.jpg 483 121 116 312 0.61212
00026.jpg 331 17 221 213 0.61121
00026.jpg 97 13 165 239 0.60908
00026.jpg 252 49 118 292 0.60677
00026.jpg 89 6 173 240 0.60401
00026.jpg 799 7 81 149 0.60381
00026.jpg 257 42 119 305 0.59723
00026.jpg 479 123 123 290 0.59676
00026.jpg 578 47 143 278 0.59632
00026.jpg 488 112 123 331 0.59454
00026.jpg 485 119 123 300 0.59304
00026.jpg 117 134 179 313 0.59181
00026.jpg 7 65 142 361 0.59134
00026.jpg 338 0 206 233 0.58715
00026.jpg 99 117 216 348 0.58294
00026.jpg 348 4 168 261 0.58172
00026.jpg 305 249 233 270 0.58088
00026.jpg 27 250 147 281 0.57836
00026.jpg 488 133 119 296 0.57627
00026.jpg 1 59 119 280 0.57548
00026.jpg 18 222 156 310 0.57175
00026.jpg 9 168 156 362 0.57144
00026.jpg 3 151 186 354 0.56793
00026.jpg 28 246 143 288 0.56784
00026.jpg 808 0 77 152 0.56409
00026.jpg 292 261 230 259 0.56316
00026.jpg 13 173 204 305 0.55940
00026.jpg 64 4 216 304 0.55663
00026.jpg 260 47 110 314 0.55519
00026.jpg 26 264 175 243 0.55418
00026.jpg 120 125 188 341 0.55366
00026.jpg 252 39 130 310 0.55156
00026.jpg 67 24 279 432 0.55045
00026.jpg 299 250 204 283 0.54670
00026.jpg 78 14 199 255 0.54505
00026.jpg 84 0 171 251 0.54481
00026.jpg 7 62 146 459 0.54444
00026.jpg 343 7 182 224 0.54443
00026.jpg 8 63 103 289 0.54136
00026.jpg 251 36 128 303 0.53996
00026.jpg 483 125 121 310 0.53847
00026.jpg 4 85 188 340 0.53804
00026.jpg 35 118 208 407 0.53634
00026.jpg 587 9 135 338 0.53514
00026.jpg 0 48 126 297 0.53500
00026.jpg 588 29 149 280 0.53361
00026.jpg 305 259 208 277 0.52996
00026.jpg 253 61 128 288 0.52743
00026.jpg 258 48 116 302 0.52728
00026.jpg 94 14 168 233 0.52474
00026.jpg 305 245 203 277 0.52309
00026.jpg 1 51 119 289 0.51870
00026.jpg 102 131 251 329 0.51794
00026.jpg 303 254 212 276 0.51578
00026.jpg 301 248 222 257 0.51548
00026.jpg 785 2 98 140 0.51510
00026.jpg 97 2 179 229 0.51484
00026.jpg 96 18 171 209 0.51224
00026.jpg 489 103 120 315 0.51185
00026.jpg 0 53 115 306 0.50953
00026.jpg 6 56 112 301 0.50812
00026.jpg 253 37 126 329 0.50681
00026.jpg 89 5 179 224 0.50642
00026.jpg 252 44 125 300 0.50395
00026.jpg 497 120 103 293 0.50263
00026.jpg 489 122 113 306 0.50127
