00035.jpg 213 21 159 329 0.99951
00035.jpg 442 96 163 344 0.99908
00035.jpg 443 99 157 335 0.99892
00035.jpg 657 152 198 363 0.99838
00035.jpg 658 155 205 369 0.99828
00035.jpg 440 100 163 328 0.99822
00035.jpg 660 150 199 370 0.99734
00035.jpg 657 153 206 371 0.99719
00035.jpg 211 26 152 330 0.99653
00035.jpg 786 0 85 143 0.99614
00035.jpg 788 1 81 148 0.99609
00035.jpg 648 144 214 380 0.99585
00035.jpg 657 147 208 364 0.99552
00035.jpg 316 221 178 318 0.99544
00035.jpg 659 146 214 375 0.99492
00035.jpg 545 11 153 330 0.99485
00035.jpg 536 5 168 343 0.99468
00035.jpg 665 158 200 343 0.99461
00035.jpg 788 0 84 150 0.99443
00035.jpg 784 0 87 152 0.99401
00035.jpg 447 99 149 337 0.99378
00035.jpg 320 215 163 320 0.99349
00035.jpg 650 143 211 376 0.99349
00035.jpg 216 23 161 311 0.99314
00035.jpg 5 70 71 240 0.99292
00035.jpg 787 0 82 145 0.99279
00035.jpg 662 144 205 387 0.99277
00035.jpg 662 148 194 380 0.99252
00035.jpg 785 0 86 142 0.99246
00035.jpg 665 149 192 356 0.99241
00035.jpg 112 54 172 414 0.99235
00035.jpg 784 2 85 141 0.99215
00035.jpg 788 0 79 151 0.99189
00035.jpg 789 3 81 136 0.99186
00035.jpg 536 18 158 325 0.99164
00035.jpg 662 156 196 361 0.99123
00035.jpg 219 32 147 315 0.99116
00035.jpg 660 146 211 387 0.99102
00035.jpg 6 268 174 266 0.99079
00035.jpg 443 112 162 323 0.99058
00035.jpg 657 155 217 363 0.99035
00035.jpg 662 140 200 377 0.99015
00035.jpg 653 155 212 365 0.99006
00035.jpg 228 16 154 334 0.98994
00035.jpg 318 209 171 318 0.98976
00035.jpg 655 148 217 379 0.98956
00035.jpg 543 11 152 343 0.98906
00035.jpg 328 206 150 323 0.98894
00035.jpg 784 1 83 145 0.98891
00035.jpg 326 214 156 309 0.98862
00035.jpg 658 134 194 390 0.98828
00035.jpg 439 103 164 338 0.98813
00035.jpg 534 2 170 344 0.98805
00035.jpg 541 0 151 352 0.98774
00035.jpg 4 250 173 275 0.98670
00035.jpg 8 256 162 263 0.98669
00035.jpg 785 4 85 145 0.98649
00035.jpg 554 4 136 337 0.98645
00035.jpg 326 204 155 320 0.98631
00035.jpg 313 5 150 265 0.98606
00035.jpg 785 1 89 145 0.98598
00035.jpg 456 118 137 307 0.98585
00035.jpg 320 216 164 311 0.98565
00035.jpg 785 0 84 154 0.98539
00035.jpg 786 2 82 145 0.98537
00035.jpg 517 4 195 337 0.98480
00035.jpg 663 155 190 366 0.98454
00035.jpg 445 103 161 337 0.98411
00035.jpg 109 33 170 438 0.98396
00035.jpg 442 103 157 334 0.98377
00035.jpg 324 214 161 309 0.98364
00035.jpg 659 138 194 387 0.98362
00035.jpg 656 150 206 376 0.98342
00035.jpg 3 270 169 258 0.98341
00035.jpg 456 114 151 323 0.98339
00035.jpg 786 0 86 151 0.98310
00035.jpg 2 246 185 284 0.98297
00035.jpg 322 0 138 260 0.98287
00035.jpg 5 242 175 285 0.98266
00035.jpg 452 98 151 333 0.98257
00035.jpg 655 150 214 362 0.98242
00035.jpg 320 1 138 262 0.98235
00035.jpg 323 215 159 317 0.98228
00035.jpg 14 231 159 301 0.98161
00035.jpg 318 0 145 264 0.98155
00035.jpg 322 222 158 307 0.98134
00035.jpg 776 1 100 143 0.98035
00035.jpg 788 3 79 144 0.97952
00035.jpg 217 22 148 335 0.97945
00035.jpg 110 57 171 425 0.97915
00035.jpg 667 152 186 370 0.97895
00035.jpg 9 242 169 271 0.97878
00035.jpg 654 151 209 366 0.97877
00035.jpg 4 50 77 290 0.97829
00035.jpg 5 262 175 277 0.97785
00035.jpg 788 0 81 147 0.97752
00035.jpg 118 57 165 418 0.97666
00035.jpg 0 258 182 279 0.97633
00035.jpg 322 214 161 324 0.97600
00035.jpg 537 4 162 346 0.97593
00035.jpg 449 102 153 335 0.97588
00035.jpg 9 246 167 264 0.97577
00035.jpg 781 1 89 145 0.97523
00035.jpg 323 217 160 313 0.97520
00035.jpg 788 0 81 152 0.97454
00035.jpg 4 267 171 268 0.97414
00035.jpg 6 260 174 275 0.97366
00035.jpg 540 16 158 332 0.97354
00035.jpg 445 100 155 339 0.97341
00035.jpg 323 0 136 280 0.97325
00035.jpg 540 9 160 341 0.97316
00035.jpg 3 261 172 271 0.97307
00035.jpg 318 0 139 266 0.97262
00035.jpg 330 219 151 303 0.97213
00035.jpg 1 270 173 258 0.97213
00035.jpg 317 2 145 258 0.97208
00035.jpg 326 218 154 313 0.97155
00035.jpg 450 102 155 329 0.97142
00035.jpg 664 140 192 382 0.97064
00035.jpg 3 55 75 277 0.97063
00035.jpg 116 63 149 397 0.96959
00035.jpg 320 0 141 262 0.96951
00035.jpg 0 266 179 265 0.96942
00035.jpg 790 0 80 146 0.96902
00035.jpg 650 139 217 374 0.96894
00035.jpg 223 28 140 315 0.96893
00035.jpg 440 112 166 312 0.96847
00035.jpg 786 0 86 150 0.96845
00035.jpg 313 0 144 263 0.96749
00035.jpg 659 139 203 391 0.96747
00035.jpg 438 92 168 351 0.96730
00035.jpg 4 264 179 265 0.96715
00035.jpg 786 1 88 146 0.96666
00035.jpg 0 272 180 261 0.96657
00035.jpg 312 215 168 299 0.96561
00035.jpg 320 219 164 315 0.96546
00035.jpg 321 214 170 309 0.96543
00035.jpg 309 1 147 251 0.96514
00035.jpg 450 91 154 342 0.96488
00035.jpg 69 4 115 283 0.96452
00035.jpg 216 18 141 325 0.96412
00035.jpg 0 70 81 249 0.96411
00035.jpg 539 8 159 341 0.96405
00035.jpg 449 95 151 347 0.96388
00035.jpg 324 10 136 237 0.96370
00035.jpg 209 26 163 316 0.96366
00035.jpg 542 8 154 346 0.96281
00035.jpg 321 229 155 287 0.96203
00035.jpg 77 4 103 270 0.96193
00035.jpg 99 31 185 450 0.96180
00035.jpg 319 209 164 330 0.96140
00035.jpg 108 41 182 424 0.96125
00035.jpg 8 54 71 288 0.96123
00035.jpg 97 33 192 428 0.96064
00035.jpg 3 256 174 277 0.95924
00035.jpg 449 92 143 343 0.95888
00035.jpg 0 253 183 266 0.95846
00035.jpg 0 253 184 286 0.95797
00035.jpg 72 4 109 274 0.95774
00035.jpg 436 101 171 318 0.95744
00035.jpg 312 0 153 252 0.95653
00035.jpg 323 217 159 322 0.95630
00035.jpg 539 8 159 333 0.95588
00035.jpg 543 9 154 331 0.95581
00035.jpg 9 247 172 281 0.95557
00035.jpg 656 134 209 398 0.95492
00035.jpg 332 0 128 270 0.95491
00035.jpg 314 4 150 262 0.95412
00035.jpg 323 220 156 307 0.95324
00035.jpg 70 12 116 266 0.95259
00035.jpg 100 46 180 417 0.95225
00035.jpg 3 53 82 275 0.95206
00035.jpg 320 4 137 253 0.95182
00035.jpg 319 2 142 256 0.95062
00035.jpg 322 218 159 321 0.95056
00035.jpg 448 97 158 343 0.94993
00035.jpg 14 235 158 295 0.94961
00035.jpg 108 56 175 433 0.94935
00035.jpg 235 8 125 355 0.94719
00035.jpg 781 1 92 144 0.94690
00035.jpg 5 56 75 275 0.94689
00035.jpg 537 13 164 342 0.94669
00035.jpg 441 93 162 346 0.94607
00035.jpg 123 67 157 394 0.94504
00035.jpg 209 20 158 321 0.94461
00035.jpg 93 66 195 399 0.94384
00035.jpg 531 4 177 359 0.94290
00035.jpg 5 59 70 273 0.94198
00035.jpg 533 8 166 338 0.94197
00035.jpg 316 5 141 269 0.94169
00035.jpg 314 8 146 248 0.94162
00035.jpg 71 6 109 266 0.94006
00035.jpg 443 96 160 342 0.94003
00035.jpg 100 43 207 424 0.93996
00035.jpg 325 220 165 308 0.93919
00035.jpg 4 51 75 284 0.93862
00035.jpg 323 0 142 251 0.93796
00035.jpg 776 0 94 146 0.93777
00035.jpg 6 57 76 270 0.93708
00035.jpg 78 0 105 280 0.93676
00035.jpg 219 27 141 321 0.93657
00035.jpg 439 93 169 346 0.93581
00035.jpg 73 4 108 277 0.93070
00035.jpg 330 218 143 308 0.92957
00035.jpg 319 217 162 310 0.92902
00035.jpg 3 56 83 274 0.92838
00035.jpg 320 0 145 255 0.92806
00035.jpg 210 21 162 325 0.92776
00035.jpg 450 97 155 318 0.92634
00035.jpg 313 2 149 279 0.92628
00035.jpg 1 43 82 303 0.92518
00035.jpg 320 0 142 278 0.92480
00035.jpg 73 0 115 284 0.92474
00035.jpg 665 155 207 381 0.92472
00035.jpg 75 1 102 282 0.92468
00035.jpg 327 232 169 297 0.92404
00035.jpg 4 266 174 273 0.92296
00035.jpg 221 31 153 297 0.92288
00035.jpg 9 270 169 269 0.92280
00035.jpg 72 9 112 260 0.92067
00035.jpg 452 108 143 327 0.92054
00035.jpg 467 89 150 341 0.92036
00035.jpg 208 28 168 322 0.91954
00035.jpg 440 100 156 346 0.91909
00035.jpg 115 48 166 416 0.91855
00035.jpg 333 212 144 323 0.91804
00035.jpg 319 0 141 268 0.91741
00035.jpg 318 5 147 259 0.91731
00035.jpg 657 141 214 373 0.91720
00035.jpg 209 21 170 329 0.91649
00035.jpg 127 58 162 419 0.91577
00035.jpg 317 0 145 266 0.91414
00035.jpg 202 20 171 359 0.91394
00035.jpg 326 228 158 293 0.91385
00035.jpg 1 44 79 301 0.91384
00035.jpg 441 101 162 338 0.91384
00035.jpg 224 14 145 331 0.91350
00035.jpg 443 106 147 330 0.91227
00035.jpg 1 253 177 279 0.91163
00035.jpg 321 223 167 307 0.91027
00035.jpg 212 26 158 318 0.90956
00035.jpg 213 21 158 321 0.90889
00035.jpg 540 5 165 321 0.90874
00035.jpg 2 39 82 300 0.90782
00035.jpg 322 215 159 323 0.90741
00035.jpg 668 144 195 394 0.90667
00035.jpg 444 108 155 331 0.90644
00035.jpg 317 8 138 275 0.90626
00035.jpg 784 0 85 143 0.90495
00035.jpg 545 7 158 333 0.90480
00035.jpg 64 6 122 275 0.90443
00035.jpg 524 7 182 342 0.90375
00035.jpg 321 224 160 313 0.90290
00035.jpg 316 8 150 269 0.90193
00035.jpg 117 54 163 416 0.90187
00035.jpg 212 30 155 313 0.90083
00035.jpg 111 36 169 422 0.90040
00035.jpg 785 0 88 146 0.89804
00035.jpg 440 109 166 330 0.89774
00035.jpg 445 77 165 357 0.89489
00035.jpg 3 56 80 275 0.89369
00035.jpg 67 4 118 277 0.89355
00035.jpg 5 50 76 284 0.89290
00035.jpg 540 6 167 342 0.89289
00035.jpg 313 5 147 260 0.89083
00035.jpg 2 49 82 283 0.88967
00035.jpg 3 60 81 268 0.88796
00035.jpg 204 24 162 324 0.88682
00035.jpg 322 3 141 267 0.88661
00035.jpg 8 261 163 268 0.88495
00035.jpg 2 229 188 301 0.88170
00035.jpg 91 53 194 433 0.87981
00035.jpg 446 104 157 328 0.87932
00035.jpg 1 52 83 282 0.87781
00035.jpg 329 218 137 318 0.87747
00035.jpg 68 2 113 279 0.87746
00035.jpg 2 233 188 306 0.87738
00035.jpg 44 36 266 440 0.87474
00035.jpg 211 31 160 312 0.87325
00035.jpg 790 3 84 141 0.87217
00035.jpg 784 3 86 149 0.86868
00035.jpg 210 19 162 343 0.86830
00035.jpg 778 0 91 146 0.86783
00035.jpg 63 7 125 282 0.86749
00035.jpg 49 21 243 468 0.86676
00035.jpg 107 103 171 304 0.86557
00035.jpg 332 213 145 326 0.86251
00035.jpg 446 101 159 339 0.86170
00035.jpg 6 258 166 281 0.86121
00035.jpg 324 212 158 318 0.86081
00035.jpg 315 8 145 267 0.85683
00035.jpg 112 65 194 383 0.85535
00035.jpg 231 14 148 321 0.85340
00035.jpg 7 58 72 274 0.85327
00035.jpg 538 4 151 351 0.85318
00035.jpg 74 2 105 271 0.85292
00035.jpg 453 75 155 357 0.85149
00035.jpg 783 1 88 142 0.85126
00035.jpg 4 52 72 279 0.85109
00035.jpg 530 7 178 322 0.84917
00035.jpg 470 75 158 370 0.84827
00035.jpg 96 45 184 444 0.84802
00035.jpg 75 13 108 265 0.84661
00035.jpg 531 1 184 341 0.84659
00035.jpg 205 19 168 334 0.84572
00035.jpg 543 14 153 324 0.84092
00035.jpg 87 42 186 402 0.84039
00035.jpg 438 92 169 346 0.83932
00035.jpg 51 31 306 422 0.83806
00035.jpg 321 227 163 298 0.83786
00035.jpg 4 46 77 296 0.83755
00035.jpg 69 0 112 292 0.83733
00035.jpg 3 46 82 294 0.83575
00035.jpg 214 29 154 312 0.83537
00035.jpg 107 115 178 345 0.83531
00035.jpg 30 22 237 389 0.83356
00035.jpg 330 213 153 312 0.83343
00035.jpg 117 93 166 363 0.83162
00035.jpg 786 0 85 148 0.83041
00035.jpg 654 147 205 381 0.82924
00035.jpg 3 48 77 284 0.82738
00035.jpg 451 103 159 332 0.82606
00035.jpg 449 100 159 357 0.82566
00035.jpg 321 216 160 322 0.82390
00035.jpg 3 59 80 266 0.82332
00035.jpg 68 12 185 473 0.82144
00035.jpg 223 13 140 361 0.82081
00035.jpg 10 191 194 346 0.81788
00035.jpg 786 1 80 145 0.81788
00035.jpg 212 30 154 314 0.81515
00035.jpg 68 0 119 283 0.81360
00035.jpg 789 2 81 146 0.81351
00035.jpg 0 263 173 270 0.81307
00035.jpg 72 0 114 289 0.81234
00035.jpg 11 261 161 278 0.81215
00035.jpg 109 48 174 418 0.81051
00035.jpg 539 15 156 325 0.80811
00035.jpg 320 0 144 255 0.80769
00035.jpg 781 0 90 149 0.80721
00035.jpg 216 20 162 325 0.80571
00035.jpg 62 0 146 377 0.80168
00035.jpg 70 3 121 282 0.79873
00035.jpg 444 106 158 341 0.79868
00035.jpg 531 16 175 295 0.79827
00035.jpg 220 43 158 310 0.79586
00035.jpg 539 6 159 341 0.79522
00035.jpg 81 10 102 270 0.79454
00035.jpg 314 3 150 253 0.79314
00035.jpg 532 13 170 316 0.79080
00035.jpg 73 1 115 269 0.78571
00035.jpg 186 22 219 341 0.78399
00035.jpg 0 256 176 273 0.78263
00035.jpg 74 26 108 245 0.78201
00035.jpg 314 15 154 244 0.78126
00035.jpg 447 108 151 306 0.77335
00035.jpg 440 107 160 323 0.77325
00035.jpg 122 63 158 392 0.77279
00035.jpg 652 168 219 339 0.76984
00035.jpg 541 16 153 339 0.76945
00035.jpg 8 269 176 270 0.76944
00035.jpg 6 277 191 240 0.76684
00035.jpg 654 154 204 370 0.76524
00035.jpg 81 70 192 404 0.76481
00035.jpg 529 21 169 333 0.76377
00035.jpg 0 58 89 270 0.76347
00035.jpg 320 11 142 239 0.76216
00035.jpg 4 261 177 272 0.76206
00035.jpg 325 192 159 347 0.76135
00035.jpg 781 0 91 146 0.76107
00035.jpg 325 203 167 336 0.76028
00035.jpg 318 7 147 255 0.75801
00035.jpg 7 66 66 254 0.75730
00035.jpg 108 27 252 397 0.75634
00035.jpg 217 20 142 346 0.75539
00035.jpg 334 205 147 329 0.75511
00035.jpg 11 267 161 260 0.75362
00035.jpg 77 11 183 448 0.74723
00035.jpg 322 216 146 299 0.74654
00035.jpg 101 103 186 359 0.74565
00035.jpg 444 97 164 332 0.74347
00035.jpg 62 7 113 270 0.73765
00035.jpg 121 81 143 370 0.73325
00035.jpg 98 50 194 423 0.73290
00035.jpg 539 52 161 280 0.72980
00035.jpg 528 12 173 339 0.72723
00035.jpg 543 8 154 359 0.72548
00035.jpg 538 34 163 281 0.72508
00035.jpg 553 36 139 324 0.72233
00035.jpg 550 13 156 312 0.72046
00035.jpg 299 11 160 246 0.71661
00035.jpg 114 91 158 355 0.71373
00035.jpg 214 20 141 335 0.71317
00035.jpg 499 8 188 339 0.71018
00035.jpg 8 253 171 265 0.70877
00035.jpg 326 8 136 276 0.70833
00035.jpg 319 228 168 299 0.70543
00035.jpg 65 4 118 274 0.70344
00035.jpg 310 0 159 246 0.70206
00035.jpg 780 4 83 139 0.70007
00035.jpg 285 5 176 263 0.70005
00035.jpg 209 21 185 322 0.69991
00035.jpg 643 134 227 394 0.69980
00035.jpg 520 43 187 298 0.69891
00035.jpg 23 61 213 468 0.69722
00035.jpg 7 270 170 264 0.69145
00035.jpg 779 0 95 139 0.68905
00035.jpg 95 52 176 428 0.68546
00035.jpg 498 13 217 305 0.68498
00035.jpg 0 71 79 248 0.68470
00035.jpg 315 0 163 249 0.68311
00035.jpg 115 101 168 372 0.68267
00035.jpg 789 0 79 149 0.68034
00035.jpg 216 15 157 340 0.67851
00035.jpg 46 27 269 443 0.67841
00035.jpg 160 0 244 394 0.67783
00035.jpg 2 51 76 281 0.67600
00035.jpg 326 215 152 305 0.67485
00035.jpg 10 254 193 268 0.67005
00035.jpg 447 97 160 311 0.66404
00035.jpg 312 4 138 267 0.66152
00035.jpg 0 10 43 58 0.65935
00035.jpg 211 26 191 327 0.65796
00035.jpg 47 1 154 306 0.65534
00035.jpg 203 26 163 309 0.65523
00035.jpg 220 41 149 311 0.65510
00035.jpg 12 11 219 437 0.65499
00035.jpg 77 20 103 240 0.65316
00035.jpg 653 149 213 385 0.65040
00035.jpg 67 0 121 294 0.64944
00035.jpg 123 83 156 374 0.64911
00035.jpg 317 224 181 310 0.64249
00035.jpg 121 38 198 417 0.64163
00035.jpg 212 47 167 308 0.63571
00035.jpg 9 59 76 262 0.63464
00035.jpg 133 67 165 390 0.63102
00035.jpg 783 1 94 145 0.62917
00035.jpg 57 20 227 396 0.62898
00035.jpg 75 0 110 311 0.62450
00035.jpg 215 15 186 332 0.62433
00035.jpg 327 212 160 325 0.62377
00035.jpg 66 0 122 289 0.62268
00035.jpg 442 111 159 311 0.62199
00035.jpg 543 19 145 335 0.62165
00035.jpg 205 15 176 350 0.61805
00035.jpg 4 271 173 263 0.61513
00035.jpg 111 85 152 360 0.61022
00035.jpg 42 6 156 320 0.60594
00035.jpg 781 1 91 142 0.60588
00035.jpg 538 15 160 342 0.59976
00035.jpg 25 222 173 315 0.59755
00035.jpg 324 0 134 269 0.59640
00035.jpg 278 3 179 284 0.59246
00035.jpg 646 155 216 369 0.59008
00035.jpg 434 127 162 286 0.58977
00035.jpg 312 0 143 261 0.58946
00035.jpg 0 14 43 56 0.58823
00035.jpg 104 60 172 415 0.58780
00035.jpg 777 0 93 154 0.58760
00035.jpg 177 14 248 338 0.58742
00035.jpg 108 114 190 289 0.58339
00035.jpg 542 0 152 344 0.58292
00035.jpg 664 157 213 342 0.58095
00035.jpg 450 101 154 328 0.57738
00035.jpg 317 0 156 250 0.57621
00035.jpg 317 1 139 302 0.57615
00035.jpg 64 11 121 252 0.57120
00035.jpg 50 5 149 370 0.56762
00035.jpg 303 220 167 304 0.56493
00035.jpg 3 66 71 236 0.56157
00035.jpg 85 19 247 438 0.55788
00035.jpg 548 22 151 341 0.55713
00035.jpg 217 21 154 316 0.55550
00035.jpg 317 216 165 322 0.55521
00035.jpg 1 11 40 62 0.55432
00035.jpg 59 18 141 262 0.55309
00035.jpg 8 62 60 250 0.55059
00035.jpg 53 17 276 443 0.54967
00035.jpg 57 3 141 268 0.54955
00035.jpg 657 156 210 373 0.54763
00035.jpg 6 115 219 412 0.54745
00035.jpg 81 16 387 336 0.54652
00035.jpg 0 13 36 50 0.54410
00035.jpg 651 134 206 403 0.54110
00035.jpg 79 9 98 287 0.53889
00035.jpg 190 22 182 306 0.53866
00035.jpg 658 151 202 379 0.53693
00035.jpg 5 273 164 247 0.53659
00035.jpg 195 9 206 362 0.53475
00035.jpg 667 151 196 383 0.53237
00035.jpg 0 11 36 61 0.53229
00035.jpg 204 24 151 312 0.53180
00035.jpg 319 197 175 342 0.52987
00035.jpg 0 69 86 262 0.52880
00035.jpg 194 12 258 320 0.52704
00035.jpg 209 12 174 338 0.52590
00035.jpg 525 4 171 361 0.52567
00035.jpg 319 210 167 321 0.52519
00035.jpg 67 12 109 281 0.52515
00035.jpg 18 233 153 296 0.52247
00035.jpg 448 115 157 312 0.51822
00035.jpg 549 5 166 314 0.51487
00035.jpg 7 228 180 291 0.51448
00035.jpg 87 30 260 417 0.50686
00035.jpg 503 38 179 344 0.50475
00035.jpg 126 30 304 369 0.50355
00035.jpg 777 2 94 148 0.50161
00035.jpg 208 27 165 301 0.49956
