00010.jpg 103 155 258 266 0.99968
00010.jpg 99 148 262 271 0.99936
00010.jpg 100 155 253 260 0.99932
00010.jpg 108 154 245 261 0.99857
00010.jpg 99 157 250 266 0.99850
00010.jpg 102 151 255 264 0.99747
00010.jpg 104 156 241 253 0.99728
00010.jpg 102 153 246 268 0.99715
00010.jpg 107 161 252 264 0.99694
00010.jpg 108 151 252 265 0.99692
00010.jpg 101 157 258 255 0.99663
00010.jpg 109 160 233 255 0.99630
00010.jpg 107 147 244 266 0.99603
00010.jpg 108 157 244 259 0.99591
00010.jpg 101 158 250 263 0.99589
00010.jpg 110 163 245 251 0.99561
00010.jpg 114 143 237 270 0.99546
00010.jpg 99 147 250 268 0.99486
00010.jpg 96 163 259 258 0.99403
00010.jpg 327 75 154 345 0.99399
00010.jpg 106 144 248 272 0.99390
00010.jpg 321 85 156 338 0.99318
00010.jpg 111 154 234 262 0.99309
00010.jpg 95 159 263 246 0.99308
00010.jpg 113 160 235 254 0.99155
00010.jpg 104 151 237 260 0.99147
00010.jpg 328 88 152 303 0.99139
00010.jpg 321 94 158 314 0.99056
00010.jpg 329 94 152 310 0.98851
00010.jpg 112 155 225 265 0.98746
00010.jpg 322 89 157 313 0.98732
00010.jpg 315 82 173 319 0.98703
00010.jpg 113 145 237 270 0.98630
00010.jpg 99 146 260 280 0.98576
00010.jpg 97 156 266 255 0.98566
00010.jpg 319 85 162 320 0.98468
00010.jpg 99 155 253 259 0.98450
00010.jpg 326 99 158 277 0.98352
00010.jpg 322 78 155 339 0.98287
00010.jpg 323 82 159 336 0.98259
00010.jpg 332 78 144 332 0.98210
00010.jpg 335 85 145 309 0.97946
00010.jpg 113 151 241 258 0.97910
00010.jpg 96 165 266 233 0.97872
00010.jpg 87 156 289 263 0.97594
00010.jpg 320 80 162 336 0.97578
00010.jpg 107 150 243 270 0.97535
00010.jpg 108 165 234 246 0.97128
00010.jpg 323 82 160 331 0.97015
00010.jpg 114 150 224 277 0.96996
00010.jpg 108 147 255 283 0.96838
00010.jpg 108 155 242 256 0.96775
00010.jpg 109 154 238 270 0.96526
00010.jpg 326 90 155 292 0.96492
00010.jpg 325 84 152 311 0.96482
00010.jpg 327 82 150 305 0.96444
00010.jpg 326 83 150 336 0.96428
00010.jpg 111 155 226 263 0.96382
00010.jpg 332 89 147 317 0.96343
00010.jpg 330 81 152 326 0.96250
00010.jpg 315 84 173 326 0.96148
00010.jpg 321 94 160 292 0.96101
00010.jpg 320 88 159 324 0.95988
00010.jpg 318 78 169 342 0.95900
00010.jpg 331 77 150 328 0.95838
00010.jpg 328 71 149 356 0.95766
00010.jpg 318 77 165 340 0.95555
00010.jpg 316 84 178 312 0.95470
00010.jpg 97 153 265 270 0.95462
00010.jpg 321 86 158 316 0.95310
00010.jpg 332 79 143 316 0.95228
00010.jpg 322 80 157 332 0.95157
00010.jpg 99 147 260 279 0.95089
00010.jpg 320 77 162 356 0.94867
00010.jpg 99 161 259 265 0.94857
00010.jpg 112 148 229 269 0.94711
00010.jpg 332 83 142 316 0.94641
00010.jpg 328 75 152 338 0.94551
00010.jpg 118 159 234 253 0.94403
00010.jpg 319 95 150 316 0.94125
00010.jpg 332 74 148 353 0.94106
00010.jpg 110 155 231 268 0.94102
00010.jpg 312 94 174 323 0.94095
00010.jpg 104 152 256 256 0.93445
00010.jpg 320 83 161 329 0.93384
00010.jpg 314 82 171 330 0.93341
00010.jpg 325 85 153 346 0.93316
00010.jpg 322 80 163 336 0.93305
00010.jpg 323 94 153 311 0.93217
00010.jpg 111 153 247 266 0.92714
00010.jpg 321 93 152 326 0.91800
00010.jpg 330 82 148 304 0.91426
00010.jpg 324 82 153 323 0.91331
00010.jpg 105 165 240 249 0.91165
00010.jpg 326 84 153 324 0.90154
00010.jpg 324 90 157 317 0.89473
00010.jpg 104 146 248 276 0.89299
00010.jpg 95 150 258 271 0.88218
00010.jpg 102 152 252 261 0.87694
00010.jpg 331 85 155 296 0.86759
00010.jpg 94 142 257 284 0.86756
00010.jpg 323 86 164 334 0.86648
00010.jpg 321 91 163 314 0.86551
00010.jpg 101 150 250 271 0.85182
00010.jpg 322 90 164 334 0.85090
00010.jpg 324 76 153 332 0.84067
00010.jpg 93 164 261 242 0.82241
00010.jpg 337 95 145 320 0.82128
00010.jpg 123 159 208 260 0.80011
00010.jpg 112 145 256 279 0.79610
00010.jpg 105 151 252 257 0.77593
00010.jpg 329 78 152 345 0.75906
00010.jpg 113 152 224 261 0.75164
00010.jpg 109 151 241 269 0.74451
00010.jpg 321 90 161 291 0.73419
00010.jpg 86 135 275 291 0.73074
00010.jpg 104 159 246 271 0.72708
00010.jpg 326 89 152 295 0.71828
00010.jpg 312 89 174 311 0.71086
00010.jpg 96 153 258 272 0.70780
00010.jpg 334 86 144 302 0.69387
00010.jpg 124 146 245 269 0.67954
00010.jpg 319 85 165 345 0.65260
00010.jpg 319 92 158 336 0.64371
00010.jpg 307 88 183 333 0.62641
00010.jpg 317 77 157 338 0.61884
00010.jpg 85 164 259 257 0.59270
00010.jpg 105 113 312 302 0.57139
00010.jpg 320 92 158 327 0.56554
00010.jpg 324 83 158 321 0.55726
00010.jpg 90 159 376 260 0.53982
00010.jpg 95 170 249 227 0.53017
00010.jpg 114 150 242 278 0.52714
