00023.jpg 91 147 269 274 0.99872
00023.jpg 287 98 189 329 0.99841
00023.jpg 108 157 265 269 0.99799
00023.jpg 96 151 257 269 0.99734
00023.jpg 94 150 268 277 0.99729
00023.jpg 102 157 248 262 0.99720
00023.jpg 100 145 248 278 0.99656
00023.jpg 103 149 246 261 0.99621
00023.jpg 105 154 256 262 0.99579
00023.jpg 89 155 279 271 0.99493
00023.jpg 104 136 239 284 0.99457
00023.jpg 94 142 270 283 0.99387
00023.jpg 109 139 239 289 0.99363
00023.jpg 284 100 182 325 0.99326
00023.jpg 114 148 242 274 0.99250
00023.jpg 100 154 254 268 0.99224
00023.jpg 101 149 264 268 0.99096
00023.jpg 110 159 250 258 0.99076
00023.jpg 94 153 262 261 0.99075
00023.jpg 114 147 232 271 0.99037
00023.jpg 288 91 200 344 0.98896
00023.jpg 292 100 173 329 0.98760
00023.jpg 105 146 249 265 0.98611
00023.jpg 90 139 274 278 0.98593
00023.jpg 116 147 221 275 0.98541
00023.jpg 101 153 256 265 0.98477
00023.jpg 104 152 250 279 0.98341
00023.jpg 105 152 246 262 0.98215
00023.jpg 93 151 258 275 0.98142
00023.jpg 284 101 199 317 0.98103
00023.jpg 96 157 256 241 0.97959
00023.jpg 279 101 207 326 0.97878
00023.jpg 109 147 247 268 0.97760
00023.jpg 284 97 195 336 0.97703
00023.jpg 107 146 250 265 0.97700
00023.jpg 98 146 249 269 0.97535
00023.jpg 286 102 192 319 0.97396
00023.jpg 91 168 270 241 0.97348
00023.jpg 291 107 192 333 0.97245
00023.jpg 111 149 244 259 0.97229
00023.jpg 105 137 248 286 0.96744
00023.jpg 294 100 182 316 0.96680
00023.jpg 105 154 242 263 0.96626
00023.jpg 292 101 191 338 0.96438
00023.jpg 293 99 185 336 0.96342
00023.jpg 281 96 196 344 0.96188
00023.jpg 290 90 189 329 0.96157
00023.jpg 285 91 199 335 0.96008
00023.jpg 289 95 194 332 0.95852
00023.jpg 105 144 258 271 0.95732
00023.jpg 121 152 222 259 0.95601
00023.jpg 286 111 194 308 0.95517
00023.jpg 98 149 266 270 0.95492
00023.jpg 100 158 257 259 0.95209
00023.jpg 290 90 186 335 0.95060
00023.jpg 103 145 249 277 0.95025
00023.jpg 297 91 172 335 0.94957
00023.jpg 271 92 205 324 0.93880
00023.jpg 103 149 254 269 0.93548
00023.jpg 104 140 238 284 0.93423
00023.jpg 100 150 263 267 0.93211
00023.jpg 285 96 196 321 0.93195
00023.jpg 298 103 175 317 0.93039
00023.jpg 292 93 188 337 0.92553
00023.jpg 302 98 163 315 0.92447
00023.jpg 106 154 243 264 0.92381
00023.jpg 299 97 176 338 0.92269
00023.jpg 286 107 190 311 0.91464
00023.jpg 92 132 374 286 0.91034
00023.jpg 277 86 210 343 0.90918
00023.jpg 288 95 183 324 0.90493
00023.jpg 291 94 171 317 0.90380
00023.jpg 303 93 173 348 0.89680
00023.jpg 92 165 252 228 0.88279
00023.jpg 309 106 153 298 0.87622
00023.jpg 294 106 193 320 0.87165
00023.jpg 94 154 258 271 0.87095
00023.jpg 296 105 176 324 0.86989
00023.jpg 269 99 212 336 0.86326
00023.jpg 302 101 161 292 0.86012
00023.jpg 295 104 169 316 0.85984
00023.jpg 287 101 187 334 0.85620
00023.jpg 106 151 247 273 0.85531
00023.jpg 111 137 249 291 0.85258
00023.jpg 109 123 276 298 0.84885
00023.jpg 288 105 190 310 0.84579
00023.jpg 266 106 223 332 0.84000
00023.jpg 132 115 346 309 0.83616
00023.jpg 106 146 249 282 0.83417
00023.jpg 285 116 190 285 0.83158
00023.jpg 300 90 170 336 0.82859
00023.jpg 108 152 248 248 0.82060
00023.jpg 105 150 254 269 0.81711
00023.jpg 109 161 239 239 0.79761
00023.jpg 100 143 260 270 0.79655
00023.jpg 110 145 238 276 0.79470
00023.jpg 302 97 174 303 0.79455
00023.jpg 109 163 238 254 0.79384
00023.jpg 294 103 192 340 0.79030
00023.jpg 280 107 192 290 0.78538
00023.jpg 112 142 242 281 0.78511
00023.jpg 100 153 244 259 0.78455
00023.jpg 100 138 271 285 0.77810
00023.jpg 97 117 341 303 0.77307
00023.jpg 284 96 196 325 0.76951
00023.jpg 110 160 234 257 0.75394
00023.jpg 277 109 200 306 0.73060
00023.jpg 295 104 192 337 0.72603
00023.jpg 293 95 188 349 0.70919
00023.jpg 116 155 229 272 0.69863
00023.jpg 124 151 242 271 0.67133
00023.jpg 259 115 228 290 0.66608
00023.jpg 149 132 301 287 0.66537
00023.jpg 293 105 192 339 0.66323
00023.jpg 109 121 326 312 0.65705
00023.jpg 121 140 244 279 0.64270
00023.jpg 293 109 168 271 0.63935
00023.jpg 303 104 169 323 0.63533
00023.jpg 285 104 198 302 0.62779
00023.jpg 129 154 214 243 0.62339
00023.jpg 310 104 155 303 0.62001
00023.jpg 109 155 245 268 0.61899
00023.jpg 102 131 365 308 0.61534
00023.jpg 93 144 268 287 0.61525
00023.jpg 295 99 194 338 0.61407
00023.jpg 282 98 201 337 0.60432
00023.jpg 109 155 242 265 0.59736
00023.jpg 140 105 301 335 0.59195
00023.jpg 308 101 170 296 0.58593
00023.jpg 294 101 188 332 0.58317
00023.jpg 124 105 361 316 0.57962
00023.jpg 128 153 209 242 0.57621
00023.jpg 292 98 183 352 0.56906
00023.jpg 306 112 162 277 0.55558
00023.jpg 95 125 287 312 0.55530
00023.jpg 295 105 174 288 0.55019
00023.jpg 195 124 259 303 0.54888
00023.jpg 196 124 263 333 0.54270
00023.jpg 120 126 371 317 0.53842
00023.jpg 288 106 198 337 0.52066
00023.jpg 107 154 236 267 0.51877
00023.jpg 291 90 189 350 0.50843
00023.jpg 282 101 198 334 0.49915
