00033.jpg 111 150 238 270 0.99961
00033.jpg 114 156 224 256 0.99897
00033.jpg 101 153 261 273 0.99874
00033.jpg 98 155 248 262 0.99847
00033.jpg 97 151 257 269 0.99781
00033.jpg 107 146 241 280 0.99746
00033.jpg 100 151 253 274 0.99734
00033.jpg 99 158 255 264 0.99699
00033.jpg 110 157 229 255 0.99661
00033.jpg 103 153 250 269 0.99639
00033.jpg 97 152 255 265 0.99639
00033.jpg 90 162 258 255 0.99616
00033.jpg 93 149 258 273 0.99561
00033.jpg 107 160 233 261 0.99539
00033.jpg 106 149 239 275 0.99496
00033.jpg 297 102 186 323 0.99412
00033.jpg 100 155 245 263 0.99409
00033.jpg 90 165 268 254 0.99376
00033.jpg 94 152 269 273 0.99191
00033.jpg 101 151 245 274 0.99170
00033.jpg 87 163 275 266 0.99127
00033.jpg 100 153 259 263 0.99074
00033.jpg 305 98 170 310 0.99059
00033.jpg 97 147 252 267 0.99022
00033.jpg 95 148 265 272 0.98930
00033.jpg 108 149 253 275 0.98641
00033.jpg 104 157 241 261 0.98579
00033.jpg 107 154 241 266 0.98377
00033.jpg 109 149 242 262 0.98322
00033.jpg 298 109 188 304 0.98292
00033.jpg 101 152 249 258 0.98277
00033.jpg 106 147 245 274 0.98253
00033.jpg 104 159 248 258 0.97922
00033.jpg 290 101 190 308 0.97905
00033.jpg 105 143 244 274 0.97686
00033.jpg 105 168 240 249 0.97679
00033.jpg 301 86 176 333 0.97537
00033.jpg 299 103 180 299 0.97395
00033.jpg 93 145 258 270 0.97092
00033.jpg 301 90 194 344 0.96776
00033.jpg 297 93 176 322 0.96612
00033.jpg 96 147 267 274 0.96315
00033.jpg 303 92 181 336 0.96241
00033.jpg 312 88 172 340 0.96143
00033.jpg 105 154 247 266 0.95805
00033.jpg 296 98 189 321 0.95801
00033.jpg 104 149 248 269 0.95681
00033.jpg 293 96 188 350 0.95672
00033.jpg 98 151 252 260 0.95611
00033.jpg 311 89 173 331 0.95546
00033.jpg 303 101 176 317 0.95374
00033.jpg 291 98 204 339 0.95175
00033.jpg 308 102 181 336 0.95007
00033.jpg 285 86 195 338 0.94900
00033.jpg 298 98 176 319 0.94688
00033.jpg 295 97 193 309 0.94680
00033.jpg 319 101 161 282 0.94561
00033.jpg 297 99 181 325 0.94323
00033.jpg 101 149 253 258 0.93958
00033.jpg 312 91 165 328 0.93665
00033.jpg 313 92 165 315 0.93657
00033.jpg 296 94 189 308 0.92936
00033.jpg 298 99 175 316 0.92834
00033.jpg 294 91 178 318 0.92768
00033.jpg 102 143 251 281 0.92765
00033.jpg 284 98 188 314 0.92655
00033.jpg 307 100 176 317 0.91956
00033.jpg 299 100 175 316 0.91953
00033.jpg 301 87 188 335 0.91875
00033.jpg 286 95 198 312 0.91800
00033.jpg 107 155 227 262 0.91619
00033.jpg 295 88 189 339 0.91420
00033.jpg 287 88 209 344 0.90636
00033.jpg 311 98 169 320 0.90556
00033.jpg 101 155 259 270 0.90298
00033.jpg 95 162 263 237 0.90069
00033.jpg 98 142 258 283 0.89896
00033.jpg 291 99 206 340 0.89806
00033.jpg 310 98 173 315 0.89592
00033.jpg 110 152 246 260 0.89277
00033.jpg 305 100 188 327 0.89208
00033.jpg 102 167 242 234 0.89001
00033.jpg 107 151 252 275 0.88877
00033.jpg 303 93 173 314 0.88700
00033.jpg 94 144 263 271 0.88062
00033.jpg 114 150 228 261 0.87948
00033.jpg 318 109 161 272 0.87940
00033.jpg 105 147 247 270 0.87460
00033.jpg 311 95 175 339 0.87348
00033.jpg 310 84 164 324 0.86502
00033.jpg 309 97 171 299 0.85573
00033.jpg 300 96 183 311 0.85476
00033.jpg 315 95 163 305 0.85340
00033.jpg 114 147 228 264 0.85238
00033.jpg 95 150 268 281 0.85150
00033.jpg 298 104 189 324 0.85088
00033.jpg 106 164 243 253 0.85086
00033.jpg 311 92 160 341 0.84519
00033.jpg 313 96 161 292 0.83176
00033.jpg 293 101 191 338 0.82843
00033.jpg 313 102 166 273 0.82548
00033.jpg 324 98 154 304 0.82517
00033.jpg 97 153 247 262 0.81310
00033.jpg 294 94 194 354 0.80666
00033.jpg 59 128 423 301 0.80545
00033.jpg 301 102 177 332 0.79772
00033.jpg 316 89 170 311 0.79705
00033.jpg 297 107 173 303 0.79660
00033.jpg 304 92 180 324 0.79642
00033.jpg 307 96 164 290 0.79557
00033.jpg 102 148 260 273 0.79011
00033.jpg 109 129 266 280 0.77951
00033.jpg 281 100 209 325 0.77690
00033.jpg 307 91 163 319 0.75675
00033.jpg 319 95 160 309 0.74126
00033.jpg 88 155 277 277 0.73184
00033.jpg 311 106 177 293 0.73117
00033.jpg 89 152 260 268 0.73022
00033.jpg 98 145 259 280 0.72923
00033.jpg 132 139 290 277 0.72868
00033.jpg 279 108 219 294 0.72734
00033.jpg 305 89 180 357 0.71983
00033.jpg 286 105 203 300 0.71355
00033.jpg 309 103 175 276 0.70513
00033.jpg 312 88 168 305 0.69833
00033.jpg 132 116 360 307 0.69067
00033.jpg 124 157 210 249 0.68450
00033.jpg 105 157 252 277 0.68168
00033.jpg 87 135 284 294 0.64348
00033.jpg 84 149 270 274 0.64023
00033.jpg 314 94 175 337 0.63607
00033.jpg 283 107 218 320 0.62553
00033.jpg 102 145 246 269 0.62130
00033.jpg 316 100 171 352 0.62105
00033.jpg 298 96 193 353 0.62006
00033.jpg 87 140 281 304 0.61983
00033.jpg 285 77 190 323 0.56105
00033.jpg 120 149 229 251 0.55840
00033.jpg 88 147 279 278 0.55433
00033.jpg 88 129 334 305 0.55250
00033.jpg 125 162 201 240 0.54935
00033.jpg 298 103 182 287 0.53847
00033.jpg 286 75 195 372 0.52916
00033.jpg 97 161 250 244 0.52387
00033.jpg 90 150 285 277 0.52085
00033.jpg 301 98 204 318 0.50317
00033.jpg 298 89 187 357 0.50240
00033.jpg 92 176 267 232 0.50234
