00032.jpg 113 164 233 252 0.99924
00032.jpg 94 148 260 276 0.99835
00032.jpg 97 151 245 264 0.99832
00032.jpg 97 149 257 262 0.99818
00032.jpg 308 97 169 324 0.99747
00032.jpg 100 149 255 269 0.99697
00032.jpg 106 151 231 267 0.99642
00032.jpg 100 154 264 255 0.99533
00032.jpg 107 150 236 261 0.99470
00032.jpg 97 145 263 271 0.99460
00032.jpg 108 152 240 268 0.99385
00032.jpg 106 145 244 273 0.99349
00032.jpg 92 150 272 279 0.99320
00032.jpg 99 152 244 273 0.99318
00032.jpg 97 147 253 270 0.99243
00032.jpg 316 98 163 329 0.99234
00032.jpg 108 144 241 272 0.99234
00032.jpg 306 101 173 337 0.99205
00032.jpg 102 164 251 254 0.99204
00032.jpg 101 148 261 266 0.99200
00032.jpg 99 148 261 269 0.99165
00032.jpg 91 155 268 257 0.99095
00032.jpg 95 159 254 249 0.99073
00032.jpg 95 145 263 276 0.99068
00032.jpg 111 154 240 260 0.98910
00032.jpg 105 153 245 260 0.98753
00032.jpg 297 99 184 331 0.98727
00032.jpg 108 145 236 275 0.98637
00032.jpg 94 150 267 270 0.98597
00032.jpg 99 141 267 281 0.98458
00032.jpg 94 158 257 264 0.98387
00032.jpg 109 156 241 262 0.98338
00032.jpg 298 91 183 342 0.98300
00032.jpg 105 150 243 275 0.98260
00032.jpg 300 102 172 327 0.97875
00032.jpg 103 136 247 285 0.97850
00032.jpg 315 102 160 341 0.97823
00032.jpg 315 98 160 331 0.97810
00032.jpg 310 106 172 308 0.97523
00032.jpg 95 146 268 273 0.97330
00032.jpg 296 99 188 331 0.97240
00032.jpg 108 144 244 272 0.97081
00032.jpg 301 94 175 333 0.97056
00032.jpg 292 96 196 338 0.96912
00032.jpg 310 98 176 330 0.96854
00032.jpg 96 164 259 259 0.96729
00032.jpg 118 154 228 271 0.96697
00032.jpg 299 87 178 350 0.96684
00032.jpg 301 90 195 355 0.96508
00032.jpg 312 100 160 334 0.95991
00032.jpg 110 151 241 259 0.95872
00032.jpg 96 139 262 284 0.95584
00032.jpg 283 99 195 327 0.95288
00032.jpg 303 93 177 354 0.95240
00032.jpg 315 106 166 333 0.95217
00032.jpg 111 151 233 263 0.94920
00032.jpg 290 99 191 318 0.94718
00032.jpg 311 104 155 314 0.94568
00032.jpg 106 158 240 270 0.94122
00032.jpg 315 93 163 330 0.93677
00032.jpg 112 142 229 275 0.93505
00032.jpg 96 148 249 263 0.93202
00032.jpg 307 110 178 312 0.93030
00032.jpg 314 102 170 335 0.92850
00032.jpg 114 156 228 257 0.91925
00032.jpg 307 107 179 330 0.91827
00032.jpg 297 105 190 323 0.91746
00032.jpg 309 94 164 336 0.91375
00032.jpg 313 101 161 291 0.91253
00032.jpg 296 101 191 341 0.91127
00032.jpg 321 108 155 315 0.90748
00032.jpg 107 158 242 254 0.90648
00032.jpg 102 162 246 250 0.90607
00032.jpg 100 157 261 266 0.90573
00032.jpg 301 108 177 321 0.90475
00032.jpg 96 167 248 239 0.90429
00032.jpg 300 102 183 320 0.90211
00032.jpg 319 107 158 285 0.90159
00032.jpg 307 100 169 309 0.90003
00032.jpg 98 152 263 261 0.89747
00032.jpg 115 154 224 252 0.89747
00032.jpg 109 152 246 261 0.89592
00032.jpg 121 159 228 245 0.89533
00032.jpg 98 146 255 271 0.89131
00032.jpg 299 88 175 340 0.89095
00032.jpg 286 106 210 327 0.88832
00032.jpg 278 94 213 340 0.88389
00032.jpg 99 154 251 261 0.88118
00032.jpg 292 105 189 311 0.88035
00032.jpg 308 101 173 345 0.87917
00032.jpg 299 107 187 327 0.86239
00032.jpg 307 98 173 323 0.85826
00032.jpg 313 101 163 295 0.85344
00032.jpg 320 103 148 293 0.84079
00032.jpg 306 103 173 319 0.83853
00032.jpg 299 98 186 337 0.82900
00032.jpg 315 97 155 297 0.82604
00032.jpg 120 147 240 280 0.82432
00032.jpg 292 98 177 342 0.81684
00032.jpg 302 93 179 357 0.81578
00032.jpg 299 101 170 341 0.80948
00032.jpg 117 147 239 277 0.80278
00032.jpg 304 110 179 333 0.80171
00032.jpg 96 127 365 299 0.80114
00032.jpg 296 88 181 354 0.78938
00032.jpg 294 93 193 349 0.78250
00032.jpg 96 163 256 229 0.76581
00032.jpg 102 158 248 256 0.75640
00032.jpg 297 99 199 338 0.75534
00032.jpg 127 139 244 298 0.73961
00032.jpg 304 111 183 333 0.71985
00032.jpg 310 102 154 283 0.70736
00032.jpg 124 157 218 248 0.70566
00032.jpg 314 110 161 267 0.69574
00032.jpg 97 144 279 276 0.68948
00032.jpg 103 155 254 279 0.68860
00032.jpg 98 155 261 253 0.67090
00032.jpg 94 144 262 283 0.65761
00032.jpg 100 171 247 247 0.65391
00032.jpg 108 154 252 268 0.64649
00032.jpg 324 97 154 284 0.64621
00032.jpg 100 154 257 257 0.64119
00032.jpg 287 107 201 305 0.63951
00032.jpg 96 165 258 230 0.62979
00032.jpg 307 105 159 279 0.61251
00032.jpg 296 98 177 305 0.61202
00032.jpg 315 110 165 301 0.59456
00032.jpg 312 102 165 350 0.58866
00032.jpg 113 152 234 258 0.58278
00032.jpg 92 130 350 304 0.57443
00032.jpg 286 92 196 339 0.56210
00032.jpg 293 103 182 303 0.55819
00032.jpg 324 96 167 345 0.54954
00032.jpg 94 148 281 275 0.53856
00032.jpg 312 105 164 286 0.52628
00032.jpg 92 157 267 247 0.52518
00032.jpg 82 139 359 268 0.50764
00032.jpg 315 101 171 338 0.50200
00032.jpg 323 102 158 272 0.50005
00032.jpg 307 111 158 272 0.49968
