00003.jpg 804 69 94 246 0.99955
00003.jpg 795 63 109 251 0.99952
00003.jpg 800 64 94 244 0.99904
00003.jpg 799 62 105 258 0.99897
00003.jpg 791 59 114 268 0.99886
00003.jpg 428 68 103 271 0.99884
00003.jpg 1 69 162 337 0.99858
00003.jpg 3 79 159 328 0.99857
00003.jpg 430 65 94 268 0.99848
00003.jpg 208 33 63 168 0.99831
00003.jpg 209 30 63 171 0.99770
00003.jpg 432 66 97 259 0.99749
00003.jpg 433 63 95 262 0.99742
00003.jpg 428 64 104 266 0.99735
00003.jpg 7 70 163 335 0.99719
00003.jpg 3 86 162 319 0.99673
00003.jpg 530 84 73 177 0.99635
00003.jpg 528 81 81 186 0.99617
00003.jpg 208 30 61 178 0.99610
00003.jpg 2 73 161 336 0.99608
00003.jpg 805 68 102 237 0.99577
00003.jpg 0 80 160 340 0.99508
00003.jpg 799 64 101 257 0.99482
00003.jpg 207 33 62 166 0.99448
00003.jpg 335 11 49 67 0.99405
00003.jpg 95 33 57 164 0.99398
00003.jpg 527 81 77 184 0.99391
00003.jpg 529 83 76 172 0.99376
00003.jpg 1 72 160 339 0.99337
00003.jpg 426 68 96 260 0.99299
00003.jpg 529 84 72 180 0.99266
00003.jpg 337 11 48 65 0.99237
00003.jpg 209 35 63 166 0.99213
00003.jpg 209 32 61 172 0.99198
00003.jpg 873 92 86 225 0.99158
00003.jpg 4 78 162 328 0.99137
00003.jpg 428 62 99 271 0.99123
00003.jpg 880 81 79 244 0.99118
00003.jpg 798 53 110 269 0.99117
00003.jpg 428 72 95 255 0.99115
00003.jpg 796 52 107 264 0.99112
00003.jpg 428 67 100 261 0.99103
00003.jpg 793 58 115 255 0.99101
00003.jpg 338 8 42 71 0.99091
00003.jpg 793 59 112 257 0.99089
00003.jpg 800 64 100 249 0.99056
00003.jpg 873 89 86 232 0.99005
00003.jpg 797 60 106 256 0.98953
00003.jpg 799 60 105 249 0.98929
00003.jpg 427 71 97 258 0.98922
00003.jpg 302 14 38 67 0.98898
00003.jpg 208 30 61 174 0.98896
00003.jpg 338 11 44 69 0.98893
00003.jpg 342 9 41 72 0.98886
00003.jpg 805 58 103 261 0.98853
00003.jpg 76 1 80 72 0.98829
00003.jpg 875 78 84 243 0.98811
00003.jpg 338 8 43 68 0.98798
00003.jpg 797 58 107 259 0.98784
00003.jpg 530 84 78 181 0.98725
00003.jpg 431 77 95 247 0.98717
00003.jpg 339 11 44 67 0.98693
00003.jpg 528 76 82 190 0.98678
00003.jpg 533 86 75 174 0.98675
00003.jpg 879 89 80 245 0.98659
00003.jpg 877 91 82 223 0.98585
00003.jpg 0 71 162 356 0.98578
00003.jpg 880 88 79 223 0.98570
00003.jpg 211 30 55 172 0.98558
00003.jpg 795 64 110 250 0.98545
00003.jpg 875 81 82 242 0.98463
00003.jpg 799 63 101 246 0.98427
00003.jpg 209 29 60 173 0.98394
00003.jpg 431 69 97 252 0.98377
00003.jpg 0 69 156 338 0.98375
00003.jpg 435 69 94 255 0.98373
00003.jpg 0 71 161 349 0.98358
00003.jpg 435 73 90 255 0.98344
00003.jpg 534 83 70 184 0.98323
00003.jpg 306 13 33 63 0.98319
00003.jpg 876 87 81 240 0.98238
00003.jpg 209 32 60 173 0.98227
00003.jpg 531 82 77 178 0.98219
00003.jpg 0 68 160 346 0.98206
00003.jpg 434 74 96 252 0.98186
00003.jpg 302 14 40 61 0.98174
00003.jpg 0 69 161 353 0.98161
00003.jpg 436 68 93 258 0.98151
00003.jpg 423 52 43 152 0.98135
00003.jpg 0 67 166 349 0.98089
00003.jpg 798 53 102 262 0.98046
00003.jpg 342 9 40 70 0.98046
00003.jpg 532 74 74 194 0.98043
00003.jpg 438 71 88 252 0.97953
00003.jpg 77 4 79 69 0.97946
00003.jpg 78 2 81 71 0.97925
00003.jpg 431 70 95 267 0.97860
00003.jpg 529 77 73 188 0.97844
00003.jpg 530 85 78 185 0.97751
00003.jpg 308 16 31 63 0.97749
00003.jpg 433 72 85 259 0.97729
00003.jpg 0 71 158 350 0.97710
00003.jpg 422 52 43 155 0.97707
00003.jpg 1 75 159 349 0.97706
00003.jpg 0 70 164 353 0.97625
00003.jpg 534 86 74 179 0.97598
00003.jpg 796 59 106 261 0.97584
00003.jpg 72 3 93 68 0.97575
00003.jpg 531 80 72 180 0.97569
00003.jpg 339 10 43 66 0.97568
00003.jpg 209 30 60 177 0.97494
00003.jpg 0 75 160 334 0.97455
00003.jpg 3 73 166 338 0.97434
00003.jpg 428 68 95 260 0.97434
00003.jpg 336 9 49 68 0.97422
00003.jpg 209 38 63 168 0.97419
00003.jpg 81 3 76 68 0.97389
00003.jpg 75 2 80 67 0.97382
00003.jpg 799 63 104 245 0.97306
00003.jpg 0 71 162 342 0.97269
00003.jpg 876 85 79 241 0.97259
00003.jpg 215 32 57 168 0.97251
00003.jpg 208 31 60 178 0.97244
00003.jpg 77 1 84 72 0.97213
00003.jpg 884 79 75 241 0.97190
00003.jpg 78 2 85 69 0.97176
00003.jpg 428 56 95 284 0.97154
00003.jpg 337 10 45 68 0.97120
00003.jpg 433 74 89 256 0.97079
00003.jpg 806 66 98 247 0.97057
00003.jpg 0 75 164 337 0.97039
00003.jpg 696 55 39 144 0.96973
00003.jpg 535 80 76 182 0.96883
00003.jpg 426 67 95 268 0.96820
00003.jpg 211 35 56 165 0.96811
00003.jpg 530 76 78 187 0.96757
00003.jpg 207 28 59 175 0.96673
00003.jpg 338 7 46 70 0.96672
00003.jpg 208 33 60 172 0.96670
00003.jpg 74 3 84 70 0.96620
00003.jpg 95 37 63 158 0.96604
00003.jpg 527 85 76 174 0.96592
00003.jpg 796 58 109 261 0.96592
00003.jpg 885 79 74 241 0.96569
00003.jpg 84 7 71 109 0.96567
00003.jpg 530 80 78 188 0.96564
00003.jpg 0 61 164 353 0.96452
00003.jpg 208 31 62 174 0.96423
00003.jpg 532 79 69 181 0.96393
00003.jpg 531 83 74 180 0.96384
00003.jpg 873 92 83 224 0.96309
00003.jpg 213 34 58 163 0.96272
00003.jpg 76 1 82 69 0.96215
00003.jpg 74 0 83 73 0.96149
00003.jpg 425 66 99 267 0.96145
00003.jpg 337 8 45 71 0.96125
00003.jpg 695 50 43 156 0.96068
00003.jpg 876 85 83 242 0.96007
00003.jpg 429 63 101 273 0.95988
00003.jpg 801 56 95 270 0.95905
00003.jpg 206 34 67 174 0.95885
00003.jpg 305 13 32 61 0.95829
00003.jpg 698 47 44 151 0.95826
00003.jpg 76 2 83 72 0.95725
00003.jpg 209 32 62 174 0.95711
00003.jpg 76 2 86 68 0.95687
00003.jpg 427 64 101 266 0.95687
00003.jpg 210 32 56 173 0.95461
00003.jpg 97 47 61 143 0.95460
00003.jpg 431 70 96 254 0.95423
00003.jpg 0 71 165 340 0.95422
00003.jpg 874 84 82 240 0.95392
00003.jpg 529 81 81 186 0.95329
00003.jpg 340 10 43 69 0.95301
00003.jpg 503 48 50 166 0.95259
00003.jpg 798 56 98 259 0.95235
00003.jpg 440 68 86 270 0.95150
00003.jpg 697 46 44 159 0.95130
00003.jpg 209 30 61 176 0.95123
00003.jpg 430 58 97 283 0.95117
00003.jpg 801 48 38 62 0.95103
00003.jpg 0 66 163 355 0.95087
00003.jpg 74 2 87 69 0.95044
00003.jpg 802 61 100 255 0.94993
00003.jpg 208 33 61 167 0.94986
00003.jpg 340 9 44 68 0.94889
00003.jpg 429 70 96 264 0.94868
00003.jpg 339 8 42 67 0.94826
00003.jpg 429 67 100 267 0.94820
00003.jpg 302 13 37 63 0.94789
00003.jpg 0 55 157 355 0.94777
00003.jpg 211 33 58 169 0.94752
00003.jpg 95 34 61 165 0.94700
00003.jpg 799 53 100 257 0.94682
00003.jpg 74 0 86 71 0.94673
00003.jpg 798 60 106 251 0.94648
00003.jpg 207 32 65 172 0.94621
00003.jpg 307 11 29 65 0.94618
00003.jpg 879 87 78 233 0.94613
00003.jpg 880 84 76 242 0.94610
00003.jpg 0 74 168 348 0.94607
00003.jpg 77 2 84 73 0.94530
00003.jpg 336 0 47 82 0.94511
00003.jpg 77 0 80 74 0.94464
00003.jpg 208 27 65 172 0.94424
00003.jpg 793 46 42 142 0.94412
00003.jpg 72 4 88 67 0.94327
00003.jpg 81 1 77 70 0.94219
00003.jpg 533 79 79 188 0.94204
00003.jpg 0 56 162 371 0.94125
00003.jpg 800 60 106 255 0.94117
00003.jpg 336 10 46 67 0.94083
00003.jpg 91 32 64 156 0.94053
00003.jpg 304 14 32 63 0.94019
00003.jpg 798 62 101 247 0.93911
00003.jpg 797 62 107 257 0.93872
00003.jpg 306 16 33 59 0.93795
00003.jpg 503 53 47 130 0.93716
00003.jpg 882 84 77 243 0.93695
00003.jpg 873 81 83 245 0.93671
00003.jpg 880 85 78 241 0.93614
00003.jpg 527 78 81 179 0.93599
00003.jpg 0 73 168 328 0.93587
00003.jpg 74 4 86 68 0.93514
00003.jpg 334 9 48 68 0.93497
00003.jpg 884 82 75 242 0.93487
00003.jpg 878 88 80 231 0.93354
00003.jpg 95 35 62 164 0.93217
00003.jpg 808 64 98 254 0.93192
00003.jpg 341 7 41 72 0.93180
00003.jpg 527 80 82 183 0.93178
00003.jpg 527 81 79 185 0.93178
00003.jpg 431 67 93 259 0.93171
00003.jpg 536 86 76 176 0.93153
00003.jpg 79 4 78 69 0.93024
00003.jpg 83 1 76 74 0.92979
00003.jpg 431 69 97 254 0.92951
00003.jpg 532 87 75 177 0.92917
00003.jpg 213 30 58 170 0.92891
00003.jpg 422 50 41 163 0.92783
00003.jpg 874 90 85 228 0.92736
00003.jpg 795 57 105 261 0.92643
00003.jpg 797 63 102 250 0.92595
00003.jpg 433 72 103 262 0.92570
00003.jpg 426 70 103 256 0.92474
00003.jpg 802 64 105 256 0.92471
00003.jpg 796 58 105 267 0.92397
00003.jpg 799 49 40 68 0.92356
00003.jpg 305 14 35 59 0.92329
00003.jpg 879 86 79 239 0.92273
00003.jpg 76 2 82 72 0.92258
00003.jpg 423 50 41 143 0.92182
00003.jpg 503 47 49 111 0.92053
00003.jpg 209 30 65 177 0.92018
00003.jpg 436 62 84 269 0.91910
00003.jpg 337 8 47 73 0.91895
00003.jpg 792 54 108 265 0.91876
00003.jpg 304 13 33 63 0.91672
00003.jpg 529 81 78 180 0.91599
00003.jpg 502 52 50 102 0.91595
00003.jpg 433 64 92 268 0.91588
00003.jpg 0 76 159 351 0.91534
00003.jpg 422 54 45 140 0.91511
00003.jpg 209 31 56 174 0.91481
00003.jpg 340 7 41 74 0.91448
00003.jpg 92 33 66 168 0.91265
00003.jpg 799 45 38 69 0.91140
00003.jpg 342 11 43 66 0.91020
00003.jpg 877 90 82 229 0.90980
00003.jpg 75 3 90 72 0.90822
00003.jpg 879 87 80 228 0.90717
00003.jpg 532 82 77 181 0.90667
00003.jpg 696 43 39 160 0.90598
00003.jpg 423 53 44 161 0.90497
00003.jpg 304 16 31 60 0.90459
00003.jpg 338 10 42 68 0.90414
00003.jpg 697 52 38 141 0.90365
00003.jpg 798 46 38 84 0.90267
00003.jpg 505 51 49 121 0.90250
00003.jpg 97 37 57 162 0.90206
00003.jpg 430 62 91 264 0.90201
00003.jpg 503 51 48 112 0.90142
00003.jpg 422 51 43 149 0.90078
00003.jpg 207 29 58 171 0.90069
00003.jpg 502 47 50 138 0.89911
00003.jpg 96 38 58 154 0.89815
00003.jpg 499 52 61 148 0.89763
00003.jpg 532 87 76 173 0.89676
00003.jpg 795 43 43 154 0.89589
00003.jpg 532 79 80 184 0.89573
00003.jpg 883 89 76 222 0.89566
00003.jpg 210 36 56 163 0.89559
00003.jpg 0 79 165 331 0.89458
00003.jpg 306 14 33 58 0.89242
00003.jpg 502 51 53 96 0.89167
00003.jpg 796 42 42 80 0.89130
00003.jpg 424 63 107 266 0.88931
00003.jpg 4 74 167 341 0.88890
00003.jpg 97 34 59 165 0.88799
00003.jpg 95 27 64 171 0.88775
00003.jpg 75 2 85 64 0.88764
00003.jpg 526 82 85 179 0.88697
00003.jpg 504 50 51 118 0.88611
00003.jpg 875 85 84 234 0.88472
00003.jpg 876 73 81 251 0.88410
00003.jpg 96 35 60 163 0.88269
00003.jpg 98 34 60 168 0.88248
00003.jpg 503 47 54 120 0.88238
00003.jpg 799 50 103 266 0.88142
00003.jpg 97 46 58 146 0.88137
00003.jpg 338 8 47 73 0.88132
00003.jpg 73 3 92 66 0.88113
00003.jpg 212 31 62 177 0.88014
00003.jpg 337 7 45 74 0.87827
00003.jpg 97 14 60 184 0.87823
00003.jpg 306 15 31 61 0.87819
00003.jpg 212 30 56 187 0.87639
00003.jpg 499 49 53 138 0.87617
00003.jpg 795 37 42 85 0.87552
00003.jpg 210 31 62 173 0.87549
00003.jpg 91 30 65 166 0.87544
00003.jpg 696 56 42 121 0.87453
00003.jpg 208 31 62 170 0.87382
00003.jpg 69 5 94 68 0.87379
00003.jpg 797 47 44 64 0.87372
00003.jpg 801 62 100 257 0.86990
00003.jpg 695 50 43 152 0.86891
00003.jpg 499 51 54 121 0.86810
00003.jpg 98 45 57 149 0.86769
00003.jpg 78 0 81 75 0.86757
00003.jpg 98 48 59 145 0.86692
00003.jpg 880 87 79 225 0.86581
00003.jpg 698 57 38 131 0.86568
00003.jpg 797 63 108 244 0.86540
00003.jpg 303 14 36 63 0.86487
00003.jpg 82 4 78 69 0.86422
00003.jpg 694 53 38 149 0.86244
00003.jpg 421 51 48 158 0.86231
00003.jpg 878 78 80 248 0.85897
00003.jpg 214 31 55 170 0.85768
00003.jpg 339 7 46 72 0.85700
00003.jpg 76 0 84 74 0.85475
00003.jpg 795 47 40 72 0.85434
00003.jpg 332 9 50 71 0.85406
00003.jpg 794 52 45 142 0.85320
00003.jpg 306 12 33 64 0.85187
00003.jpg 528 84 77 180 0.85105
00003.jpg 798 44 40 68 0.84958
00003.jpg 305 15 33 61 0.84727
00003.jpg 423 51 42 161 0.84700
00003.jpg 793 25 44 186 0.84483
00003.jpg 795 61 97 252 0.84423
00003.jpg 95 40 61 158 0.84418
00003.jpg 424 50 41 168 0.84365
00003.jpg 504 50 45 144 0.84363
00003.jpg 699 54 38 74 0.84362
00003.jpg 422 50 48 144 0.84308
00003.jpg 209 30 56 177 0.84139
00003.jpg 96 44 60 147 0.84028
00003.jpg 78 4 77 73 0.83840
00003.jpg 503 45 52 141 0.83559
00003.jpg 870 82 89 241 0.83502
00003.jpg 527 77 71 186 0.83463
00003.jpg 869 76 89 239 0.83419
00003.jpg 499 47 53 108 0.83030
00003.jpg 0 61 159 349 0.82995
00003.jpg 502 47 50 117 0.82948
00003.jpg 531 80 75 178 0.82717
00003.jpg 421 40 43 186 0.82372
00003.jpg 0 0 26 78 0.82303
00003.jpg 337 6 46 75 0.82276
00003.jpg 429 74 103 258 0.82119
00003.jpg 0 71 156 337 0.81881
00003.jpg 694 47 39 156 0.81858
00003.jpg 875 84 78 243 0.81836
00003.jpg 424 46 41 145 0.81608
00003.jpg 699 56 37 74 0.81599
00003.jpg 428 54 36 150 0.81472
00003.jpg 797 46 40 70 0.81421
00003.jpg 340 12 46 67 0.81419
00003.jpg 705 53 36 80 0.81338
00003.jpg 505 47 48 161 0.81275
00003.jpg 425 41 45 192 0.81212
00003.jpg 439 75 92 259 0.81177
00003.jpg 338 4 49 80 0.80959
00003.jpg 532 80 75 182 0.80924
00003.jpg 798 45 39 70 0.80809
00003.jpg 505 48 50 132 0.80774
00003.jpg 338 9 43 64 0.80589
00003.jpg 879 84 80 236 0.80515
00003.jpg 99 42 56 162 0.80401
00003.jpg 694 54 39 139 0.80354
00003.jpg 795 47 49 87 0.80241
00003.jpg 800 49 39 53 0.80105
00003.jpg 502 50 51 108 0.80063
00003.jpg 78 3 81 65 0.79943
00003.jpg 503 50 47 124 0.79695
00003.jpg 338 7 47 70 0.79640
00003.jpg 71 2 92 73 0.79229
00003.jpg 702 57 38 73 0.79051
00003.jpg 796 45 38 100 0.79036
00003.jpg 429 66 85 258 0.78782
00003.jpg 424 69 111 268 0.78741
00003.jpg 80 1 80 79 0.78733
00003.jpg 504 38 49 199 0.78275
00003.jpg 503 44 54 138 0.77941
00003.jpg 334 9 45 60 0.77835
00003.jpg 697 51 43 152 0.77758
00003.jpg 798 49 41 109 0.77565
00003.jpg 534 82 72 181 0.77499
00003.jpg 534 77 71 195 0.77407
00003.jpg 694 51 43 141 0.77342
00003.jpg 158 14 33 52 0.77287
00003.jpg 702 54 33 76 0.77171
00003.jpg 423 49 43 159 0.77158
00003.jpg 425 53 93 275 0.77094
00003.jpg 799 60 91 249 0.76982
00003.jpg 423 50 36 143 0.76855
00003.jpg 333 10 46 67 0.76556
00003.jpg 421 49 44 137 0.76439
00003.jpg 636 430 267 108 0.76241
00003.jpg 793 38 45 132 0.76204
00003.jpg 796 56 109 267 0.75892
00003.jpg 500 47 47 97 0.75560
00003.jpg 501 44 48 152 0.75505
00003.jpg 793 38 41 149 0.75177
00003.jpg 98 45 62 147 0.75162
00003.jpg 796 47 42 149 0.75118
00003.jpg 504 47 51 116 0.75101
00003.jpg 214 34 52 176 0.75071
00003.jpg 876 80 82 241 0.74980
00003.jpg 501 52 51 87 0.74948
00003.jpg 422 52 45 150 0.74930
00003.jpg 643 424 274 106 0.74889
00003.jpg 337 9 39 70 0.74756
00003.jpg 74 2 83 74 0.74741
00003.jpg 501 50 50 96 0.74718
00003.jpg 694 52 45 141 0.74660
00003.jpg 877 69 82 257 0.74548
00003.jpg 694 50 43 151 0.74452
00003.jpg 426 73 107 255 0.74110
00003.jpg 435 66 80 262 0.73999
00003.jpg 793 60 108 256 0.73721
00003.jpg 503 41 47 170 0.73552
00003.jpg 534 79 73 173 0.73475
00003.jpg 302 14 38 62 0.73363
00003.jpg 523 75 86 179 0.73326
00003.jpg 95 51 54 140 0.73301
00003.jpg 800 45 39 64 0.73271
00003.jpg 420 41 51 196 0.73207
00003.jpg 307 14 36 65 0.73154
00003.jpg 335 5 46 76 0.73149
00003.jpg 213 27 59 173 0.73121
00003.jpg 798 48 36 92 0.72429
00003.jpg 501 48 62 176 0.72376
00003.jpg 791 56 108 268 0.72151
00003.jpg 90 39 62 166 0.72139
00003.jpg 704 55 31 74 0.71827
00003.jpg 791 46 40 154 0.71765
00003.jpg 529 87 72 164 0.71705
00003.jpg 500 43 56 117 0.71583
00003.jpg 0 69 163 347 0.71489
00003.jpg 873 90 82 231 0.71420
00003.jpg 799 46 41 64 0.71239
00003.jpg 339 10 44 60 0.71152
00003.jpg 694 48 43 153 0.71112
00003.jpg 645 422 262 113 0.70852
00003.jpg 423 49 39 134 0.70594
00003.jpg 700 52 42 118 0.70508
00003.jpg 420 50 49 165 0.70506
00003.jpg 499 43 53 166 0.70318
00003.jpg 96 24 59 191 0.70118
00003.jpg 503 48 52 106 0.70097
00003.jpg 95 41 60 150 0.70068
00003.jpg 502 47 53 101 0.70046
00003.jpg 799 63 106 245 0.70002
00003.jpg 501 51 54 127 0.69713
00003.jpg 796 61 117 256 0.69567
00003.jpg 419 51 50 176 0.69458
00003.jpg 697 48 41 151 0.69446
00003.jpg 698 56 34 82 0.69432
00003.jpg 424 48 41 143 0.69417
00003.jpg 664 438 220 94 0.69316
00003.jpg 500 40 53 172 0.69273
00003.jpg 13 82 145 328 0.69262
00003.jpg 660 431 254 105 0.69019
00003.jpg 794 45 112 284 0.68828
00003.jpg 803 66 97 246 0.68753
00003.jpg 503 47 47 100 0.68752
00003.jpg 791 39 37 162 0.68730
00003.jpg 300 16 38 59 0.68464
00003.jpg 97 19 60 198 0.68297
00003.jpg 499 47 52 136 0.68219
00003.jpg 631 424 263 107 0.68201
00003.jpg 630 427 272 102 0.68179
00003.jpg 797 47 41 68 0.68176
00003.jpg 701 57 35 80 0.68146
00003.jpg 801 50 94 272 0.68018
00003.jpg 0 41 168 370 0.67844
00003.jpg 0 0 26 72 0.67824
00003.jpg 531 77 78 190 0.67789
00003.jpg 796 46 40 65 0.67775
00003.jpg 534 88 69 176 0.67732
00003.jpg 424 52 42 126 0.67705
00003.jpg 440 69 89 251 0.67666
00003.jpg 96 30 55 162 0.67626
00003.jpg 77 2 82 67 0.67578
00003.jpg 798 47 41 66 0.67526
00003.jpg 523 88 89 172 0.67289
00003.jpg 94 35 62 158 0.67194
00003.jpg 797 46 47 71 0.67168
00003.jpg 883 80 76 242 0.67092
00003.jpg 532 77 80 184 0.66655
00003.jpg 304 13 38 59 0.66566
00003.jpg 503 50 53 87 0.66419
00003.jpg 646 435 246 99 0.66200
00003.jpg 95 41 62 170 0.65969
00003.jpg 337 9 43 68 0.65859
00003.jpg 658 430 231 109 0.65788
00003.jpg 649 425 267 114 0.65636
00003.jpg 0 0 26 79 0.65516
00003.jpg 694 52 39 131 0.65467
00003.jpg 505 50 55 130 0.64891
00003.jpg 158 10 33 53 0.64874
00003.jpg 422 43 44 171 0.64819
00003.jpg 645 425 265 109 0.64730
00003.jpg 796 37 42 92 0.64605
00003.jpg 302 14 37 61 0.64566
00003.jpg 421 48 48 159 0.64497
00003.jpg 159 10 31 54 0.64391
00003.jpg 878 92 78 218 0.64267
00003.jpg 0 74 156 336 0.64160
00003.jpg 879 80 80 244 0.63843
00003.jpg 793 30 43 176 0.63766
00003.jpg 795 45 45 91 0.63681
00003.jpg 89 0 68 88 0.63571
00003.jpg 94 29 58 168 0.63404
00003.jpg 691 71 45 116 0.63373
00003.jpg 97 30 63 184 0.63317
00003.jpg 527 75 68 195 0.62876
00003.jpg 95 37 61 159 0.62735
00003.jpg 872 78 87 234 0.62676
00003.jpg 797 31 39 126 0.62658
00003.jpg 338 8 44 66 0.62351
00003.jpg 796 49 38 71 0.62298
00003.jpg 74 2 81 64 0.62135
00003.jpg 414 65 118 272 0.61904
00003.jpg 440 72 82 252 0.61725
00003.jpg 835 72 101 241 0.61338
00003.jpg 341 10 41 57 0.61279
00003.jpg 637 424 262 111 0.60973
00003.jpg 688 52 49 152 0.60770
00003.jpg 431 69 104 263 0.60653
00003.jpg 642 430 259 106 0.60636
00003.jpg 633 432 261 98 0.60527
00003.jpg 438 64 92 257 0.60526
00003.jpg 304 16 33 60 0.60496
00003.jpg 427 51 40 135 0.60471
00003.jpg 694 56 43 123 0.60467
00003.jpg 796 55 100 268 0.60421
00003.jpg 424 51 43 122 0.60192
00003.jpg 501 51 67 189 0.60173
00003.jpg 427 56 69 228 0.60151
00003.jpg 93 30 64 190 0.59788
00003.jpg 77 3 82 69 0.59629
00003.jpg 703 57 40 66 0.59115
00003.jpg 304 15 31 61 0.59004
00003.jpg 799 69 112 256 0.58797
00003.jpg 336 6 47 75 0.58734
00003.jpg 441 64 83 264 0.58394
00003.jpg 657 425 246 113 0.58291
00003.jpg 304 13 40 63 0.58093
00003.jpg 697 49 48 143 0.58017
00003.jpg 1 0 26 79 0.57976
00003.jpg 66 3 97 74 0.57959
00003.jpg 696 50 47 131 0.57955
00003.jpg 791 48 47 143 0.57917
00003.jpg 706 54 33 69 0.57757
00003.jpg 639 427 251 106 0.57632
00003.jpg 648 428 250 108 0.57570
00003.jpg 645 433 276 101 0.57561
00003.jpg 699 56 36 80 0.57437
00003.jpg 420 50 50 200 0.57376
00003.jpg 699 55 34 76 0.57337
00003.jpg 699 57 40 68 0.57264
00003.jpg 159 19 32 49 0.57258
00003.jpg 801 46 41 61 0.57241
00003.jpg 520 65 68 189 0.57171
00003.jpg 796 46 43 138 0.57112
00003.jpg 501 42 52 162 0.57076
00003.jpg 160 16 31 47 0.57001
00003.jpg 505 47 43 170 0.56935
00003.jpg 498 54 68 171 0.56865
00003.jpg 655 422 254 112 0.56807
00003.jpg 72 0 92 79 0.56792
00003.jpg 804 65 98 240 0.56757
00003.jpg 796 44 39 84 0.56649
00003.jpg 304 12 39 63 0.56504
00003.jpg 700 52 39 147 0.56386
00003.jpg 158 18 32 48 0.56161
00003.jpg 645 426 268 108 0.56084
00003.jpg 790 25 46 212 0.56041
00003.jpg 338 7 48 71 0.56036
00003.jpg 0 0 18 72 0.56018
00003.jpg 431 74 94 252 0.55923
00003.jpg 535 82 78 180 0.55921
00003.jpg 794 45 47 156 0.55837
00003.jpg 530 84 72 189 0.55707
00003.jpg 524 81 87 194 0.55561
00003.jpg 426 51 47 162 0.55423
00003.jpg 498 48 58 92 0.55309
00003.jpg 503 52 47 126 0.55292
00003.jpg 704 55 32 69 0.55037
00003.jpg 794 60 132 253 0.55017
00003.jpg 505 45 47 98 0.54957
00003.jpg 161 14 32 57 0.54555
00003.jpg 788 27 53 202 0.54487
00003.jpg 155 13 33 47 0.54461
00003.jpg 153 8 40 57 0.54197
00003.jpg 640 428 264 108 0.54076
00003.jpg 794 47 40 95 0.53879
00003.jpg 500 48 49 122 0.53778
00003.jpg 636 423 269 107 0.53716
00003.jpg 419 53 47 194 0.53664
00003.jpg 622 432 291 104 0.53626
00003.jpg 419 68 111 261 0.53453
00003.jpg 100 48 59 152 0.53444
00003.jpg 795 43 41 97 0.53397
00003.jpg 84 9 65 118 0.53380
00003.jpg 341 11 44 69 0.53338
00003.jpg 101 40 58 163 0.53148
00003.jpg 501 52 51 100 0.53037
00003.jpg 624 426 288 113 0.52977
00003.jpg 637 426 273 105 0.52675
00003.jpg 209 32 65 172 0.52522
00003.jpg 794 63 114 255 0.52373
00003.jpg 90 34 62 170 0.52261
00003.jpg 792 49 39 134 0.51984
00003.jpg 305 14 39 65 0.51973
00003.jpg 438 75 87 221 0.51676
00003.jpg 696 59 38 72 0.51654
00003.jpg 422 71 113 255 0.51356
00003.jpg 887 95 66 194 0.51098
00003.jpg 656 427 269 111 0.51049
00003.jpg 80 0 77 72 0.50948
00003.jpg 99 48 54 133 0.50714
00003.jpg 701 56 38 71 0.50679
00003.jpg 885 84 73 235 0.50592
00003.jpg 427 51 40 140 0.50560
00003.jpg 535 77 66 177 0.50551
00003.jpg 211 28 62 171 0.50547
00003.jpg 1 62 159 345 0.50535
00003.jpg 690 60 50 67 0.50457
00003.jpg 3 0 26 81 0.50000
00003.jpg 292 55 21 20 0.49965
