00018.jpg 563 81 58 196 0.99785
00018.jpg 785 53 55 158 0.99781
00018.jpg 785 55 49 160 0.99685
00018.jpg 81 82 123 337 0.99669
00018.jpg 199 32 62 182 0.99664
00018.jpg 455 76 82 283 0.99660
00018.jpg 74 84 126 336 0.99653
00018.jpg 857 87 79 246 0.99646
00018.jpg 458 72 83 289 0.99640
00018.jpg 79 80 127 340 0.99602
00018.jpg 787 55 53 156 0.99553
00018.jpg 200 35 62 180 0.99552
00018.jpg 853 90 85 245 0.99543
00018.jpg 76 89 126 334 0.99536
00018.jpg 459 77 79 283 0.99527
00018.jpg 331 12 40 71 0.99521
00018.jpg 75 86 127 336 0.99511
00018.jpg 460 74 77 285 0.99501
00018.jpg 856 96 87 244 0.99500
00018.jpg 75 91 119 322 0.99470
00018.jpg 683 59 41 140 0.99469
00018.jpg 416 77 53 204 0.99468
00018.jpg 203 40 59 174 0.99463
00018.jpg 201 38 63 178 0.99459
00018.jpg 565 86 61 191 0.99418
00018.jpg 76 97 125 326 0.99408
00018.jpg 860 84 81 253 0.99358
00018.jpg 684 57 40 148 0.99356
00018.jpg 205 40 53 175 0.99352
00018.jpg 80 79 119 351 0.99314
00018.jpg 563 83 60 191 0.99308
00018.jpg 326 12 45 74 0.99306
00018.jpg 457 77 79 278 0.99292
00018.jpg 567 81 54 197 0.99282
00018.jpg 784 51 51 163 0.99282
00018.jpg 854 84 82 257 0.99262
00018.jpg 74 82 128 345 0.99255
00018.jpg 201 30 60 188 0.99252
00018.jpg 782 49 55 166 0.99230
00018.jpg 861 88 73 242 0.99208
00018.jpg 74 95 126 328 0.99189
00018.jpg 331 15 41 69 0.99189
00018.jpg 77 93 121 337 0.99127
00018.jpg 82 89 120 333 0.99105
00018.jpg 81 71 116 354 0.99093
00018.jpg 684 57 46 144 0.99085
00018.jpg 200 40 62 172 0.99075
00018.jpg 859 94 71 235 0.99040
00018.jpg 78 90 120 340 0.99015
00018.jpg 199 31 65 187 0.98968
00018.jpg 199 35 63 183 0.98951
00018.jpg 78 93 122 311 0.98926
00018.jpg 787 49 48 162 0.98831
00018.jpg 781 53 54 157 0.98726
00018.jpg 459 77 80 279 0.98717
00018.jpg 686 54 41 148 0.98666
00018.jpg 685 54 40 148 0.98597
00018.jpg 294 20 35 64 0.98593
00018.jpg 71 95 131 322 0.98565
00018.jpg 84 93 114 331 0.98537
00018.jpg 686 57 41 138 0.98534
00018.jpg 461 77 75 286 0.98509
00018.jpg 782 48 53 167 0.98488
00018.jpg 76 98 119 307 0.98476
00018.jpg 205 35 59 183 0.98453
00018.jpg 785 48 49 165 0.98340
00018.jpg 785 52 50 158 0.98234
00018.jpg 409 65 68 212 0.98195
00018.jpg 69 0 74 80 0.98178
00018.jpg 563 89 61 188 0.98153
00018.jpg 459 78 77 283 0.98145
00018.jpg 76 88 124 330 0.98144
00018.jpg 565 83 57 191 0.98121
00018.jpg 412 71 59 201 0.98108
00018.jpg 567 86 54 189 0.98104
00018.jpg 567 84 51 195 0.98097
00018.jpg 785 53 49 152 0.98081
00018.jpg 296 19 32 67 0.98066
00018.jpg 682 60 46 139 0.98020
00018.jpg 783 50 55 161 0.98017
00018.jpg 458 78 83 283 0.98008
00018.jpg 861 96 78 234 0.97995
00018.jpg 456 78 78 284 0.97994
00018.jpg 783 49 52 166 0.97968
00018.jpg 859 86 77 251 0.97929
00018.jpg 64 2 84 69 0.97893
00018.jpg 79 89 117 330 0.97891
00018.jpg 411 67 61 209 0.97861
00018.jpg 61 0 81 78 0.97838
00018.jpg 859 86 71 246 0.97793
00018.jpg 858 89 75 251 0.97770
00018.jpg 410 62 57 211 0.97714
00018.jpg 860 92 77 246 0.97703
00018.jpg 564 84 60 192 0.97672
00018.jpg 682 50 51 154 0.97670
00018.jpg 293 18 35 68 0.97654
00018.jpg 80 90 121 334 0.97640
00018.jpg 862 83 78 260 0.97613
00018.jpg 78 91 120 327 0.97506
00018.jpg 296 19 32 64 0.97466
00018.jpg 459 73 77 293 0.97452
00018.jpg 859 91 71 240 0.97312
00018.jpg 566 83 57 197 0.97279
00018.jpg 566 79 58 198 0.97244
00018.jpg 782 49 56 166 0.97192
00018.jpg 408 53 45 121 0.97131
00018.jpg 203 35 56 179 0.97124
00018.jpg 461 71 81 293 0.97109
00018.jpg 418 71 52 203 0.97094
00018.jpg 850 85 93 257 0.97090
00018.jpg 454 73 83 291 0.97045
00018.jpg 859 77 68 265 0.97040
00018.jpg 202 32 61 186 0.97032
00018.jpg 456 76 80 285 0.97028
00018.jpg 569 83 55 198 0.96955
00018.jpg 683 55 43 143 0.96876
00018.jpg 201 35 63 181 0.96866
00018.jpg 413 71 58 203 0.96854
00018.jpg 463 72 74 286 0.96818
00018.jpg 683 58 45 141 0.96784
00018.jpg 459 77 83 282 0.96738
00018.jpg 784 54 53 159 0.96599
00018.jpg 199 37 63 175 0.96599
00018.jpg 683 59 43 142 0.96587
00018.jpg 459 79 74 286 0.96544
00018.jpg 202 34 61 182 0.96522
00018.jpg 457 80 84 282 0.96450
00018.jpg 861 89 77 250 0.96424
00018.jpg 468 86 66 266 0.96392
00018.jpg 567 85 55 186 0.96356
00018.jpg 857 92 77 244 0.96325
00018.jpg 565 87 58 186 0.96236
00018.jpg 569 79 51 203 0.96195
00018.jpg 783 51 51 160 0.96138
00018.jpg 462 74 74 292 0.96134
00018.jpg 65 2 82 75 0.96100
00018.jpg 414 73 54 194 0.96025
00018.jpg 456 82 81 271 0.95947
00018.jpg 60 1 91 75 0.95936
00018.jpg 782 52 55 161 0.95907
00018.jpg 868 100 66 226 0.95743
00018.jpg 87 92 112 329 0.95622
00018.jpg 294 21 34 65 0.95559
00018.jpg 686 54 43 149 0.95555
00018.jpg 858 91 75 257 0.95497
00018.jpg 76 84 121 335 0.95468
00018.jpg 62 0 87 75 0.95396
00018.jpg 464 69 77 289 0.95384
00018.jpg 59 0 89 77 0.95380
00018.jpg 826 66 62 177 0.95376
00018.jpg 412 68 58 195 0.95335
00018.jpg 619 437 224 96 0.95293
00018.jpg 64 1 84 76 0.95273
00018.jpg 329 11 43 70 0.95257
00018.jpg 856 83 84 260 0.95257
00018.jpg 564 87 60 193 0.95231
00018.jpg 205 34 57 178 0.95149
00018.jpg 412 82 60 203 0.95118
00018.jpg 294 21 33 60 0.94962
00018.jpg 460 78 78 279 0.94945
00018.jpg 71 84 132 343 0.94857
00018.jpg 64 1 88 74 0.94857
00018.jpg 405 55 52 120 0.94829
00018.jpg 464 75 73 279 0.94799
00018.jpg 332 11 41 73 0.94791
00018.jpg 563 79 59 197 0.94782
00018.jpg 410 55 35 117 0.94771
00018.jpg 458 77 80 285 0.94759
00018.jpg 329 13 45 75 0.94746
00018.jpg 61 1 92 75 0.94670
00018.jpg 202 39 61 173 0.94617
00018.jpg 779 51 63 168 0.94566
00018.jpg 686 57 42 141 0.94520
00018.jpg 827 65 60 171 0.94438
00018.jpg 782 49 52 169 0.94423
00018.jpg 683 59 46 140 0.94306
00018.jpg 414 72 54 213 0.94305
00018.jpg 59 0 95 82 0.94269
00018.jpg 204 36 59 173 0.94257
00018.jpg 62 0 87 79 0.94240
00018.jpg 856 87 86 252 0.94220
00018.jpg 462 78 75 276 0.94193
00018.jpg 412 62 59 218 0.94086
00018.jpg 68 1 82 75 0.94083
00018.jpg 407 51 42 130 0.94081
00018.jpg 454 69 82 292 0.93957
00018.jpg 199 33 63 186 0.93931
00018.jpg 331 14 39 72 0.93856
00018.jpg 416 68 58 209 0.93842
00018.jpg 409 58 67 224 0.93808
00018.jpg 462 73 76 290 0.93770
00018.jpg 826 67 59 207 0.93760
00018.jpg 827 61 58 252 0.93720
00018.jpg 563 84 57 196 0.93662
00018.jpg 71 83 133 342 0.93647
00018.jpg 830 64 57 247 0.93619
00018.jpg 683 58 42 140 0.93490
00018.jpg 203 37 59 172 0.93440
00018.jpg 204 36 57 178 0.93387
00018.jpg 199 34 60 185 0.93379
00018.jpg 783 55 51 155 0.93356
00018.jpg 77 96 133 311 0.93352
00018.jpg 563 79 62 197 0.93233
00018.jpg 334 14 39 71 0.93170
00018.jpg 204 40 62 170 0.93115
00018.jpg 851 80 82 265 0.93078
00018.jpg 565 85 57 194 0.93071
00018.jpg 852 82 87 262 0.93065
00018.jpg 779 56 55 148 0.93041
00018.jpg 85 32 56 160 0.93002
00018.jpg 457 77 78 280 0.92996
00018.jpg 413 72 57 214 0.92957
00018.jpg 294 17 33 68 0.92952
00018.jpg 66 0 84 81 0.92897
00018.jpg 418 69 54 211 0.92889
00018.jpg 455 80 78 272 0.92860
00018.jpg 560 84 64 197 0.92783
00018.jpg 563 83 60 193 0.92773
00018.jpg 64 2 86 73 0.92758
00018.jpg 202 33 56 183 0.92748
00018.jpg 853 83 83 253 0.92634
00018.jpg 567 84 57 191 0.92576
00018.jpg 851 83 71 245 0.92556
00018.jpg 460 74 80 281 0.92503
00018.jpg 201 42 56 172 0.92479
00018.jpg 68 92 124 330 0.92472
00018.jpg 329 15 45 71 0.92394
00018.jpg 64 0 81 80 0.92334
00018.jpg 64 0 82 77 0.92312
00018.jpg 859 88 77 247 0.92306
00018.jpg 65 0 83 77 0.92299
00018.jpg 461 77 81 283 0.92271
00018.jpg 781 48 59 168 0.92270
00018.jpg 459 79 79 276 0.92268
00018.jpg 413 64 50 174 0.92255
00018.jpg 411 45 49 218 0.92114
00018.jpg 565 83 59 198 0.92059
00018.jpg 328 13 43 71 0.92057
00018.jpg 460 73 73 293 0.91956
00018.jpg 296 19 35 67 0.91876
00018.jpg 295 19 33 63 0.91806
00018.jpg 61 1 87 75 0.91794
00018.jpg 831 62 56 159 0.91733
00018.jpg 329 10 42 77 0.91621
00018.jpg 824 68 61 222 0.91529
00018.jpg 826 62 63 252 0.91266
00018.jpg 407 51 44 128 0.91265
00018.jpg 565 84 53 191 0.91181
00018.jpg 199 39 61 174 0.91165
00018.jpg 329 15 43 72 0.91111
00018.jpg 829 56 66 255 0.91107
00018.jpg 786 51 50 162 0.91004
00018.jpg 684 58 42 139 0.90954
00018.jpg 328 13 45 74 0.90944
00018.jpg 416 76 59 205 0.90910
00018.jpg 829 66 58 158 0.90880
00018.jpg 566 83 56 192 0.90799
00018.jpg 567 82 62 193 0.90742
00018.jpg 416 75 58 207 0.90724
00018.jpg 609 434 251 95 0.90703
00018.jpg 411 71 59 211 0.90688
00018.jpg 832 55 53 270 0.90615
00018.jpg 684 56 38 148 0.90586
00018.jpg 74 80 129 340 0.90583
00018.jpg 564 87 53 189 0.90568
00018.jpg 67 0 82 71 0.90561
00018.jpg 81 72 116 364 0.90532
00018.jpg 296 21 36 64 0.90506
00018.jpg 848 81 94 262 0.90425
00018.jpg 861 78 74 267 0.90058
00018.jpg 619 433 227 100 0.90006
00018.jpg 198 30 62 193 0.89999
00018.jpg 459 76 77 270 0.89932
00018.jpg 62 77 136 348 0.89891
00018.jpg 562 89 60 187 0.89831
00018.jpg 862 85 76 246 0.89781
00018.jpg 411 74 63 204 0.89777
00018.jpg 412 64 53 215 0.89710
00018.jpg 202 38 61 179 0.89572
00018.jpg 413 86 63 195 0.89428
00018.jpg 65 0 82 79 0.89351
00018.jpg 565 85 59 198 0.89289
00018.jpg 623 430 239 103 0.89235
00018.jpg 63 0 86 76 0.89211
00018.jpg 203 35 59 180 0.89209
00018.jpg 67 3 80 66 0.89134
00018.jpg 202 38 59 172 0.88992
00018.jpg 65 2 84 74 0.88946
00018.jpg 206 37 55 176 0.88876
00018.jpg 329 8 44 81 0.88800
00018.jpg 66 0 80 78 0.88771
00018.jpg 607 437 251 96 0.88768
00018.jpg 412 67 53 214 0.88752
00018.jpg 826 60 62 253 0.88722
00018.jpg 499 52 41 129 0.88479
00018.jpg 827 58 51 260 0.88428
00018.jpg 327 9 42 77 0.88426
00018.jpg 565 82 61 199 0.88205
00018.jpg 613 433 250 105 0.88161
00018.jpg 501 55 40 121 0.88153
00018.jpg 926 114 33 66 0.88110
00018.jpg 616 430 237 103 0.88032
00018.jpg 460 75 79 295 0.88018
00018.jpg 72 98 133 316 0.87956
00018.jpg 868 89 65 237 0.87952
00018.jpg 831 64 59 162 0.87900
00018.jpg 294 19 34 62 0.87831
00018.jpg 331 7 43 78 0.87822
00018.jpg 503 55 42 139 0.87816
00018.jpg 869 93 64 228 0.87799
00018.jpg 65 0 79 78 0.87610
00018.jpg 84 87 123 340 0.87547
00018.jpg 606 433 244 97 0.87533
00018.jpg 923 113 34 66 0.87499
00018.jpg 77 89 130 330 0.87428
00018.jpg 411 77 58 205 0.87411
00018.jpg 601 430 261 109 0.87406
00018.jpg 198 33 63 182 0.87376
00018.jpg 409 54 42 115 0.87328
00018.jpg 563 82 57 196 0.87253
00018.jpg 329 13 43 68 0.87148
00018.jpg 564 83 58 199 0.87146
00018.jpg 83 32 54 152 0.87120
00018.jpg 329 14 43 72 0.87052
00018.jpg 686 53 40 146 0.86877
00018.jpg 780 50 57 155 0.86716
00018.jpg 332 11 41 74 0.86663
00018.jpg 408 44 46 149 0.86585
00018.jpg 415 56 53 221 0.86516
00018.jpg 611 439 246 88 0.86505
00018.jpg 838 65 70 269 0.86437
00018.jpg 295 24 32 58 0.86421
00018.jpg 563 77 62 206 0.86335
00018.jpg 65 0 82 78 0.85980
00018.jpg 416 67 54 222 0.85932
00018.jpg 858 81 84 258 0.85627
00018.jpg 607 432 251 105 0.85589
00018.jpg 413 83 57 194 0.85550
00018.jpg 291 16 35 67 0.85484
00018.jpg 605 437 243 95 0.85451
00018.jpg 68 0 75 77 0.85442
00018.jpg 616 433 244 95 0.85238
00018.jpg 76 98 121 331 0.85208
00018.jpg 84 31 51 146 0.85079
00018.jpg 505 50 38 133 0.85051
00018.jpg 686 57 39 142 0.85041
00018.jpg 326 13 49 74 0.85019
00018.jpg 604 432 247 101 0.84955
00018.jpg 830 55 53 269 0.84912
00018.jpg 65 1 82 73 0.84640
00018.jpg 333 18 36 70 0.84613
00018.jpg 456 78 87 281 0.84611
00018.jpg 84 37 54 109 0.84597
00018.jpg 846 79 79 252 0.84377
00018.jpg 458 89 70 257 0.84166
00018.jpg 416 61 52 218 0.84040
00018.jpg 500 51 40 118 0.84000
00018.jpg 612 444 247 91 0.83886
00018.jpg 411 77 63 195 0.83870
00018.jpg 559 80 58 198 0.83787
00018.jpg 412 68 60 216 0.83652
00018.jpg 81 35 57 119 0.83645
00018.jpg 140 17 43 58 0.83556
00018.jpg 825 65 62 153 0.83381
00018.jpg 69 0 77 80 0.83374
00018.jpg 561 80 58 195 0.83353
00018.jpg 606 433 257 99 0.83245
00018.jpg 852 92 88 246 0.83127
00018.jpg 297 23 28 59 0.83037
00018.jpg 616 433 230 96 0.83003
00018.jpg 849 87 88 251 0.82963
00018.jpg 80 90 125 322 0.82951
00018.jpg 829 66 54 151 0.82937
00018.jpg 73 1 76 100 0.82802
00018.jpg 619 437 234 96 0.82765
00018.jpg 860 82 77 261 0.82764
00018.jpg 294 20 32 61 0.82735
00018.jpg 58 7 92 70 0.82720
00018.jpg 602 427 252 109 0.82715
00018.jpg 782 50 54 163 0.82588
00018.jpg 828 59 53 171 0.82563
00018.jpg 782 48 56 172 0.82553
00018.jpg 201 38 61 176 0.82543
00018.jpg 76 76 122 351 0.82491
00018.jpg 332 13 39 69 0.82475
00018.jpg 683 56 46 143 0.82389
00018.jpg 779 52 60 155 0.82246
00018.jpg 689 58 38 139 0.82188
00018.jpg 328 13 42 71 0.82147
00018.jpg 932 114 27 65 0.82105
00018.jpg 412 54 41 123 0.81998
00018.jpg 406 55 49 134 0.81964
00018.jpg 613 438 241 93 0.81946
00018.jpg 409 56 46 207 0.81924
00018.jpg 85 43 54 150 0.81917
00018.jpg 827 61 61 165 0.81876
00018.jpg 824 61 65 259 0.81816
00018.jpg 563 83 57 193 0.81678
00018.jpg 825 59 57 173 0.81560
00018.jpg 829 60 59 191 0.81555
00018.jpg 610 432 236 100 0.81294
00018.jpg 461 73 79 283 0.81051
00018.jpg 292 20 37 62 0.81034
00018.jpg 845 82 73 253 0.81019
00018.jpg 82 88 122 334 0.80945
00018.jpg 414 82 64 187 0.80882
00018.jpg 408 53 41 117 0.80781
00018.jpg 81 28 58 179 0.80742
00018.jpg 563 78 62 196 0.80693
00018.jpg 462 73 73 263 0.80686
00018.jpg 68 71 139 346 0.80649
00018.jpg 409 53 39 122 0.80568
00018.jpg 505 58 39 114 0.80495
00018.jpg 199 38 63 177 0.80460
00018.jpg 65 0 84 75 0.80405
00018.jpg 413 52 38 113 0.80361
00018.jpg 410 52 41 120 0.80212
00018.jpg 500 52 43 138 0.80182
00018.jpg 416 72 59 213 0.80160
00018.jpg 606 437 252 98 0.80142
00018.jpg 828 62 63 261 0.80113
00018.jpg 601 429 254 106 0.80113
00018.jpg 503 55 40 134 0.80103
00018.jpg 329 9 47 76 0.79940
00018.jpg 205 36 57 174 0.79924
00018.jpg 330 14 42 71 0.79849
00018.jpg 828 68 64 238 0.79837
00018.jpg 406 53 48 131 0.79797
00018.jpg 506 49 37 156 0.79679
00018.jpg 409 51 61 227 0.79606
00018.jpg 499 56 45 138 0.79605
00018.jpg 860 89 81 243 0.79392
00018.jpg 613 437 235 95 0.79111
00018.jpg 407 56 40 124 0.79097
00018.jpg 833 65 57 256 0.79016
00018.jpg 293 17 36 64 0.78974
00018.jpg 501 55 46 153 0.78711
00018.jpg 414 79 58 182 0.78488
00018.jpg 331 12 42 71 0.78462
00018.jpg 859 95 78 223 0.78433
00018.jpg 603 440 245 92 0.78373
00018.jpg 828 67 64 220 0.78268
00018.jpg 688 60 43 134 0.78253
00018.jpg 782 50 56 163 0.78202
00018.jpg 931 110 27 61 0.78139
00018.jpg 573 82 50 190 0.78089
00018.jpg 499 49 43 144 0.78003
00018.jpg 409 54 55 148 0.77773
00018.jpg 500 55 45 125 0.77679
00018.jpg 329 16 42 70 0.77584
00018.jpg 500 54 39 137 0.77525
00018.jpg 148 23 33 51 0.77354
00018.jpg 602 432 259 106 0.77290
00018.jpg 616 434 229 102 0.77124
00018.jpg 61 3 90 69 0.77089
00018.jpg 296 22 35 65 0.76768
00018.jpg 327 12 46 69 0.76751
00018.jpg 331 11 44 73 0.76538
00018.jpg 65 2 82 80 0.76486
00018.jpg 62 4 85 84 0.76479
00018.jpg 334 13 39 72 0.76417
00018.jpg 503 54 36 163 0.76263
00018.jpg 823 59 64 244 0.76184
00018.jpg 63 0 85 76 0.76143
00018.jpg 502 57 40 108 0.76119
00018.jpg 408 55 39 114 0.76014
00018.jpg 502 46 42 127 0.75772
00018.jpg 683 62 46 139 0.75748
00018.jpg 457 77 84 276 0.75704
00018.jpg 683 58 39 144 0.75688
00018.jpg 925 116 34 53 0.75614
00018.jpg 499 53 38 118 0.75484
00018.jpg 83 90 115 325 0.75426
00018.jpg 147 21 35 49 0.75413
00018.jpg 409 58 41 106 0.75405
00018.jpg 62 1 89 73 0.75318
00018.jpg 870 97 63 217 0.75311
00018.jpg 291 20 43 65 0.75282
00018.jpg 927 113 32 70 0.75251
00018.jpg 613 431 237 108 0.75210
00018.jpg 84 40 58 107 0.75207
00018.jpg 828 59 58 176 0.75085
00018.jpg 503 51 38 115 0.75002
00018.jpg 612 433 245 104 0.74675
00018.jpg 783 51 51 160 0.74675
00018.jpg 330 15 46 72 0.74349
00018.jpg 81 34 61 143 0.74300
00018.jpg 685 57 48 141 0.74294
00018.jpg 566 84 51 188 0.73905
00018.jpg 69 69 129 349 0.73826
00018.jpg 821 74 64 189 0.73732
00018.jpg 828 66 58 158 0.73502
00018.jpg 777 50 60 170 0.73459
00018.jpg 76 13 70 93 0.73427
00018.jpg 457 75 85 286 0.73412
00018.jpg 870 91 68 230 0.73175
00018.jpg 820 43 68 269 0.73169
00018.jpg 411 53 41 116 0.73095
00018.jpg 850 78 96 260 0.73091
00018.jpg 458 62 84 299 0.73054
00018.jpg 851 91 96 251 0.72909
00018.jpg 501 50 41 125 0.72905
00018.jpg 463 69 75 301 0.72357
00018.jpg 781 45 55 171 0.72303
00018.jpg 200 35 67 182 0.72022
00018.jpg 406 55 40 132 0.71931
00018.jpg 327 13 51 74 0.71829
00018.jpg 604 433 256 105 0.71808
00018.jpg 609 435 248 99 0.71800
00018.jpg 503 55 42 173 0.71751
00018.jpg 865 80 76 258 0.71694
00018.jpg 827 67 62 172 0.71665
00018.jpg 617 436 239 100 0.71664
00018.jpg 498 57 41 115 0.71660
00018.jpg 927 112 32 62 0.71654
00018.jpg 295 22 30 64 0.71524
00018.jpg 689 54 40 148 0.71510
00018.jpg 567 81 57 195 0.71433
00018.jpg 613 443 236 86 0.71087
00018.jpg 88 30 51 119 0.70969
00018.jpg 422 78 52 195 0.70965
00018.jpg 411 57 39 95 0.70702
00018.jpg 143 23 35 50 0.70678
00018.jpg 873 88 57 246 0.70374
00018.jpg 83 36 55 118 0.70085
00018.jpg 413 68 62 219 0.70048
00018.jpg 331 16 40 57 0.69981
00018.jpg 501 55 46 144 0.69935
00018.jpg 572 78 50 202 0.69865
00018.jpg 330 11 41 76 0.69855
00018.jpg 826 63 62 235 0.69629
00018.jpg 830 100 112 238 0.69585
00018.jpg 65 0 84 74 0.69321
00018.jpg 294 17 37 68 0.69170
00018.jpg 405 55 48 115 0.69107
00018.jpg 64 88 142 337 0.69080
00018.jpg 825 52 64 272 0.68855
00018.jpg 840 74 68 260 0.68654
00018.jpg 406 57 50 111 0.68548
00018.jpg 75 77 135 352 0.68480
00018.jpg 619 423 239 110 0.68467
00018.jpg 406 54 54 123 0.68441
00018.jpg 500 50 50 179 0.68349
00018.jpg 502 52 38 110 0.68194
00018.jpg 295 17 31 69 0.68184
00018.jpg 869 92 70 242 0.68166
00018.jpg 603 431 257 104 0.68137
00018.jpg 609 429 241 106 0.68130
00018.jpg 506 55 39 114 0.68049
00018.jpg 781 59 60 146 0.67849
00018.jpg 849 80 92 263 0.67426
00018.jpg 613 435 242 95 0.67362
00018.jpg 329 9 48 79 0.67306
00018.jpg 411 56 63 200 0.67260
00018.jpg 204 37 58 178 0.67117
00018.jpg 413 58 42 104 0.67103
00018.jpg 83 40 64 158 0.67042
00018.jpg 617 435 246 101 0.66918
00018.jpg 203 39 54 181 0.66871
00018.jpg 409 80 64 201 0.66867
00018.jpg 557 78 69 202 0.66783
00018.jpg 447 71 89 283 0.66594
00018.jpg 410 76 60 196 0.66515
00018.jpg 204 35 60 180 0.66432
00018.jpg 69 4 72 96 0.66145
00018.jpg 294 21 35 65 0.66102
00018.jpg 83 40 64 154 0.65930
00018.jpg 84 40 58 85 0.65906
00018.jpg 61 0 90 65 0.65894
00018.jpg 87 33 49 118 0.65829
00018.jpg 85 38 50 149 0.65788
00018.jpg 419 70 59 218 0.65745
00018.jpg 63 0 85 84 0.65496
00018.jpg 680 54 51 149 0.65413
00018.jpg 826 58 59 168 0.65276
00018.jpg 824 65 58 153 0.65120
00018.jpg 146 14 33 56 0.65118
00018.jpg 828 61 52 257 0.64990
00018.jpg 65 0 84 95 0.64987
00018.jpg 684 59 48 142 0.64947
00018.jpg 408 57 44 145 0.64648
00018.jpg 148 17 34 53 0.64641
00018.jpg 826 58 59 263 0.64526
00018.jpg 72 76 130 353 0.64364
00018.jpg 461 75 76 277 0.64310
00018.jpg 295 20 36 64 0.64260
00018.jpg 68 92 134 326 0.64249
00018.jpg 833 53 54 279 0.64237
00018.jpg 83 46 56 79 0.64225
00018.jpg 199 36 63 172 0.64167
00018.jpg 413 61 56 220 0.64106
00018.jpg 142 20 36 51 0.64047
00018.jpg 76 33 68 96 0.63990
00018.jpg 332 15 41 73 0.63882
00018.jpg 413 56 62 208 0.63822
00018.jpg 73 6 71 85 0.63767
00018.jpg 147 22 33 57 0.63754
00018.jpg 828 56 62 226 0.63687
00018.jpg 407 49 51 207 0.63504
00018.jpg 82 42 59 91 0.63492
00018.jpg 80 90 120 334 0.63462
00018.jpg 686 59 38 141 0.63280
00018.jpg 83 45 52 127 0.63134
00018.jpg 825 57 57 177 0.63026
00018.jpg 562 85 57 189 0.63021
00018.jpg 406 57 53 128 0.62974
00018.jpg 204 37 60 179 0.62913
00018.jpg 829 61 54 212 0.62862
00018.jpg 411 55 42 99 0.62818
00018.jpg 71 0 73 76 0.62800
00018.jpg 329 13 44 58 0.62591
00018.jpg 869 93 63 226 0.62571
00018.jpg 148 13 35 61 0.62387
00018.jpg 838 94 105 237 0.62376
00018.jpg 70 90 123 332 0.62312
00018.jpg 409 57 54 221 0.62267
00018.jpg 92 93 102 317 0.62264
00018.jpg 326 9 44 82 0.62183
00018.jpg 681 60 47 145 0.62156
00018.jpg 827 60 61 162 0.61550
00018.jpg 79 43 60 156 0.61521
00018.jpg 327 19 43 68 0.61380
00018.jpg 151 18 31 57 0.61169
00018.jpg 930 112 28 64 0.61049
00018.jpg 412 53 36 113 0.60935
00018.jpg 624 429 218 108 0.60699
00018.jpg 69 9 86 76 0.60431
00018.jpg 74 96 133 321 0.60411
00018.jpg 824 65 60 149 0.60106
00018.jpg 82 40 56 101 0.59936
00018.jpg 856 97 65 226 0.59925
00018.jpg 144 22 36 53 0.59813
00018.jpg 841 80 103 255 0.59722
00018.jpg 681 62 48 142 0.59713
00018.jpg 136 21 42 56 0.59569
00018.jpg 828 56 67 270 0.59201
00018.jpg 415 78 54 211 0.59153
00018.jpg 818 68 61 231 0.59057
00018.jpg 501 54 42 104 0.58979
00018.jpg 498 50 38 107 0.58829
00018.jpg 830 56 59 224 0.58823
00018.jpg 926 114 31 61 0.58803
00018.jpg 571 90 47 195 0.58736
00018.jpg 82 25 53 130 0.58667
00018.jpg 501 40 43 191 0.58630
00018.jpg 333 21 41 66 0.58496
00018.jpg 786 48 54 160 0.58492
00018.jpg 501 56 47 148 0.58233
00018.jpg 140 25 43 43 0.58197
00018.jpg 692 56 34 143 0.57881
00018.jpg 87 57 45 118 0.57738
00018.jpg 823 64 61 162 0.57692
00018.jpg 56 5 93 76 0.57638
00018.jpg 564 76 65 204 0.57621
00018.jpg 680 57 53 133 0.57525
00018.jpg 295 19 36 62 0.57437
00018.jpg 858 85 66 248 0.57424
00018.jpg 82 39 61 80 0.57229
00018.jpg 785 57 56 151 0.57149
00018.jpg 497 53 43 134 0.56957
00018.jpg 85 49 57 91 0.56873
00018.jpg 498 51 45 153 0.56645
00018.jpg 83 35 57 137 0.56630
00018.jpg 501 45 36 181 0.56461
00018.jpg 501 51 46 174 0.56417
00018.jpg 332 11 42 70 0.56233
00018.jpg 849 79 81 254 0.56204
00018.jpg 291 20 34 64 0.56021
00018.jpg 201 31 63 197 0.55877
00018.jpg 932 112 27 63 0.55787
00018.jpg 85 30 53 163 0.55672
00018.jpg 499 53 44 109 0.55480
00018.jpg 502 52 40 92 0.55110
00018.jpg 435 71 85 286 0.55086
00018.jpg 501 52 46 115 0.55029
00018.jpg 406 46 52 136 0.54901
00018.jpg 826 68 55 151 0.54768
00018.jpg 83 36 53 93 0.54664
00018.jpg 84 72 50 109 0.54502
00018.jpg 504 51 35 123 0.54252
00018.jpg 82 28 57 166 0.54153
00018.jpg 71 52 132 393 0.54098
00018.jpg 144 24 35 43 0.54095
00018.jpg 630 441 220 94 0.54049
00018.jpg 783 55 47 161 0.54039
00018.jpg 406 58 63 125 0.53979
00018.jpg 414 86 58 193 0.53822
00018.jpg 829 75 81 265 0.53239
00018.jpg 814 94 71 207 0.52993
00018.jpg 506 52 36 110 0.52972
00018.jpg 331 10 45 80 0.52951
00018.jpg 81 30 53 112 0.52938
00018.jpg 150 25 34 46 0.52708
00018.jpg 462 69 73 292 0.52652
00018.jpg 864 88 65 244 0.52513
00018.jpg 410 54 38 107 0.52421
00018.jpg 415 67 59 214 0.52413
00018.jpg 146 27 33 47 0.52396
00018.jpg 506 51 37 162 0.52277
00018.jpg 829 41 55 270 0.52179
00018.jpg 142 13 40 59 0.52047
00018.jpg 328 18 42 68 0.52037
00018.jpg 83 39 58 94 0.52036
00018.jpg 84 38 57 95 0.52036
00018.jpg 90 89 111 325 0.51987
00018.jpg 410 53 61 238 0.51939
00018.jpg 293 21 30 64 0.51898
00018.jpg 61 2 92 69 0.51880
00018.jpg 84 38 48 103 0.51876
00018.jpg 826 65 66 146 0.51689
00018.jpg 601 433 266 100 0.51472
00018.jpg 140 18 40 53 0.50934
00018.jpg 822 64 66 154 0.50885
00018.jpg 499 56 48 147 0.50853
00018.jpg 327 11 42 68 0.50363
00018.jpg 604 431 259 100 0.50281
00018.jpg 933 112 26 51 0.50073
00018.jpg 613 434 244 100 0.49996
