00026.jpg 561 87 60 187 0.99843
00026.jpg 784 51 46 156 0.99749
00026.jpg 197 36 60 174 0.99740
00026.jpg 563 94 61 175 0.99681
00026.jpg 784 50 48 150 0.99650
00026.jpg 321 18 47 70 0.99635
00026.jpg 566 84 58 191 0.99578
00026.jpg 780 46 56 164 0.99525
00026.jpg 818 74 114 260 0.99467
00026.jpg 198 39 63 174 0.99440
00026.jpg 683 56 41 145 0.99270
00026.jpg 812 77 124 262 0.99267
00026.jpg 817 79 119 256 0.99246
00026.jpg 810 72 124 257 0.99234
00026.jpg 682 63 40 141 0.99187
00026.jpg 782 55 52 152 0.99182
00026.jpg 810 76 127 248 0.99177
00026.jpg 684 55 40 146 0.99147
00026.jpg 324 16 43 74 0.99143
00026.jpg 198 37 59 172 0.99104
00026.jpg 810 77 126 252 0.99088
00026.jpg 323 17 47 69 0.99076
00026.jpg 61 2 83 80 0.99072
00026.jpg 778 54 53 154 0.99064
00026.jpg 783 59 50 146 0.99052
00026.jpg 820 71 113 263 0.99027
00026.jpg 392 59 59 116 0.99006
00026.jpg 452 68 80 298 0.98997
00026.jpg 36 97 210 308 0.98952
00026.jpg 197 36 61 170 0.98946
00026.jpg 568 87 52 191 0.98935
00026.jpg 567 84 58 193 0.98899
00026.jpg 568 93 53 182 0.98894
00026.jpg 562 93 63 183 0.98826
00026.jpg 681 59 41 151 0.98824
00026.jpg 452 65 84 303 0.98813
00026.jpg 563 89 59 182 0.98765
00026.jpg 781 51 55 152 0.98759
00026.jpg 323 17 44 70 0.98732
00026.jpg 290 23 31 65 0.98663
00026.jpg 56 109 176 295 0.98608
00026.jpg 64 5 78 73 0.98602
00026.jpg 778 56 53 148 0.98573
00026.jpg 779 55 51 151 0.98572
00026.jpg 809 74 129 253 0.98564
00026.jpg 454 63 82 308 0.98482
00026.jpg 783 52 49 153 0.98468
00026.jpg 812 76 126 254 0.98429
00026.jpg 811 79 126 252 0.98414
00026.jpg 562 92 60 183 0.98383
00026.jpg 323 18 47 69 0.98356
00026.jpg 386 61 72 220 0.98349
00026.jpg 810 80 127 248 0.98316
00026.jpg 452 66 80 311 0.98307
00026.jpg 564 91 58 184 0.98294
00026.jpg 814 83 122 262 0.98281
00026.jpg 381 79 78 205 0.98261
00026.jpg 63 3 81 76 0.98224
00026.jpg 60 4 87 74 0.98214
00026.jpg 811 74 121 263 0.98167
00026.jpg 391 63 60 161 0.98156
00026.jpg 812 69 120 269 0.98148
00026.jpg 382 68 77 217 0.98119
00026.jpg 780 44 51 165 0.98100
00026.jpg 452 70 90 294 0.98066
00026.jpg 678 54 50 149 0.98048
00026.jpg 86 39 56 156 0.98022
00026.jpg 807 81 125 242 0.98018
00026.jpg 394 57 61 113 0.97998
00026.jpg 60 1 88 77 0.97964
00026.jpg 60 5 89 76 0.97961
00026.jpg 819 75 116 251 0.97939
00026.jpg 817 74 114 258 0.97932
00026.jpg 812 76 120 246 0.97911
00026.jpg 200 37 58 176 0.97907
00026.jpg 455 61 80 318 0.97851
00026.jpg 779 54 53 157 0.97847
00026.jpg 57 2 85 76 0.97836
00026.jpg 60 5 94 73 0.97828
00026.jpg 196 34 64 180 0.97823
00026.jpg 562 94 63 185 0.97780
00026.jpg 456 64 76 304 0.97729
00026.jpg 199 32 61 181 0.97699
00026.jpg 458 70 79 305 0.97569
00026.jpg 560 98 62 176 0.97540
00026.jpg 197 36 62 175 0.97533
00026.jpg 290 20 35 69 0.97524
00026.jpg 562 85 63 188 0.97453
00026.jpg 63 88 179 317 0.97444
00026.jpg 780 57 49 150 0.97395
00026.jpg 61 4 84 71 0.97316
00026.jpg 393 59 63 112 0.97263
00026.jpg 456 73 80 280 0.97252
00026.jpg 782 56 49 145 0.97229
00026.jpg 196 38 60 173 0.97227
00026.jpg 808 82 131 244 0.97220
00026.jpg 455 65 85 309 0.97169
00026.jpg 60 3 91 72 0.97164
00026.jpg 814 82 120 250 0.97136
00026.jpg 72 16 72 138 0.97125
00026.jpg 64 4 79 75 0.97109
00026.jpg 388 57 69 195 0.97061
00026.jpg 291 23 31 65 0.97011
00026.jpg 59 1 90 78 0.96959
00026.jpg 48 105 200 315 0.96906
00026.jpg 562 91 59 186 0.96870
00026.jpg 80 108 157 287 0.96829
00026.jpg 195 41 62 167 0.96818
00026.jpg 65 2 81 81 0.96799
00026.jpg 561 92 60 184 0.96763
00026.jpg 781 48 50 162 0.96739
00026.jpg 196 39 59 170 0.96699
00026.jpg 289 21 37 62 0.96679
00026.jpg 323 15 47 72 0.96647
00026.jpg 20 104 228 302 0.96627
00026.jpg 198 36 60 174 0.96582
00026.jpg 61 2 87 75 0.96574
00026.jpg 819 76 110 261 0.96549
00026.jpg 454 64 86 301 0.96537
00026.jpg 812 79 119 245 0.96534
00026.jpg 811 73 128 253 0.96530
00026.jpg 782 50 47 157 0.96470
00026.jpg 781 45 48 162 0.96455
00026.jpg 293 20 28 62 0.96452
00026.jpg 67 2 75 77 0.96413
00026.jpg 824 80 105 247 0.96393
00026.jpg 85 39 51 160 0.96358
00026.jpg 779 61 52 140 0.96314
00026.jpg 196 37 61 174 0.96309
00026.jpg 387 79 73 203 0.96258
00026.jpg 566 89 54 188 0.96193
00026.jpg 813 82 121 250 0.96163
00026.jpg 59 2 91 79 0.96122
00026.jpg 199 35 58 172 0.96077
00026.jpg 43 94 199 314 0.96069
00026.jpg 562 95 61 181 0.96047
00026.jpg 809 86 129 244 0.95944
00026.jpg 451 58 87 318 0.95828
00026.jpg 82 43 58 155 0.95772
00026.jpg 325 15 45 73 0.95764
00026.jpg 53 92 190 320 0.95712
00026.jpg 386 81 75 208 0.95655
00026.jpg 32 82 218 326 0.95638
00026.jpg 327 15 42 71 0.95601
00026.jpg 48 93 195 312 0.95554
00026.jpg 454 75 79 293 0.95508
00026.jpg 196 36 62 179 0.95440
00026.jpg 199 37 58 182 0.95367
00026.jpg 73 103 159 298 0.95367
00026.jpg 66 94 167 312 0.95356
00026.jpg 381 72 79 221 0.95329
00026.jpg 454 71 87 302 0.95266
00026.jpg 814 76 125 258 0.95256
00026.jpg 387 69 78 223 0.95231
00026.jpg 391 61 64 150 0.95228
00026.jpg 199 39 58 173 0.95214
00026.jpg 83 36 59 159 0.95170
00026.jpg 811 79 124 251 0.95165
00026.jpg 389 57 68 113 0.95128
00026.jpg 565 94 56 179 0.95110
00026.jpg 324 15 45 71 0.95097
00026.jpg 397 55 57 127 0.95032
00026.jpg 683 56 40 149 0.94978
00026.jpg 568 85 59 199 0.94958
00026.jpg 74 109 159 290 0.94951
00026.jpg 323 14 47 75 0.94901
00026.jpg 776 60 50 145 0.94843
00026.jpg 381 64 86 220 0.94749
00026.jpg 68 92 161 320 0.94706
00026.jpg 449 67 86 307 0.94654
00026.jpg 82 41 60 158 0.94650
00026.jpg 456 64 83 309 0.94614
00026.jpg 783 52 47 156 0.94596
00026.jpg 85 47 57 146 0.94541
00026.jpg 562 91 62 177 0.94466
00026.jpg 808 82 134 249 0.94419
00026.jpg 52 108 185 304 0.94389
00026.jpg 197 33 60 182 0.94355
00026.jpg 385 65 75 230 0.94201
00026.jpg 195 30 62 175 0.94191
00026.jpg 83 29 57 168 0.94145
00026.jpg 326 13 41 77 0.94114
00026.jpg 292 21 33 64 0.94015
00026.jpg 820 85 109 238 0.93965
00026.jpg 382 84 76 204 0.93833
00026.jpg 81 39 60 155 0.93819
00026.jpg 813 72 119 262 0.93730
00026.jpg 776 51 56 156 0.93702
00026.jpg 44 102 184 308 0.93701
00026.jpg 289 20 35 64 0.93661
00026.jpg 64 91 174 317 0.93648
00026.jpg 321 15 50 73 0.93588
00026.jpg 808 75 124 254 0.93512
00026.jpg 567 90 54 188 0.93502
00026.jpg 380 74 83 210 0.93437
00026.jpg 60 2 86 80 0.93428
00026.jpg 60 3 86 71 0.93419
00026.jpg 83 106 143 293 0.93358
00026.jpg 815 79 122 250 0.93350
00026.jpg 195 37 65 173 0.93350
00026.jpg 68 5 77 75 0.93334
00026.jpg 680 59 40 147 0.93310
00026.jpg 83 47 59 148 0.93270
00026.jpg 561 88 59 191 0.93266
00026.jpg 394 60 63 141 0.93195
00026.jpg 780 54 53 152 0.93170
00026.jpg 325 18 42 68 0.93050
00026.jpg 57 2 90 79 0.93031
00026.jpg 197 37 63 169 0.92995
00026.jpg 200 40 60 173 0.92948
00026.jpg 323 17 47 72 0.92895
00026.jpg 683 60 37 145 0.92865
00026.jpg 400 57 48 106 0.92757
00026.jpg 86 38 54 179 0.92615
00026.jpg 199 35 58 174 0.92476
00026.jpg 30 103 219 293 0.92464
00026.jpg 328 16 42 71 0.92417
00026.jpg 63 4 81 83 0.92270
00026.jpg 75 96 162 310 0.92268
00026.jpg 564 93 57 180 0.92265
00026.jpg 392 81 62 197 0.92200
00026.jpg 383 64 73 213 0.92065
00026.jpg 680 59 44 142 0.92024
00026.jpg 382 87 80 187 0.92013
00026.jpg 195 37 62 173 0.91986
00026.jpg 558 93 67 179 0.91922
00026.jpg 778 50 56 152 0.91883
00026.jpg 325 15 45 73 0.91828
00026.jpg 452 66 91 299 0.91782
00026.jpg 321 15 48 75 0.91779
00026.jpg 61 3 81 78 0.91636
00026.jpg 564 89 61 188 0.91633
00026.jpg 813 71 128 265 0.91623
00026.jpg 818 71 119 268 0.91476
00026.jpg 390 55 61 121 0.91456
00026.jpg 323 15 43 76 0.91456
00026.jpg 388 59 64 171 0.91424
00026.jpg 810 76 120 249 0.91385
00026.jpg 324 14 42 75 0.91371
00026.jpg 72 101 166 300 0.91355
00026.jpg 75 47 68 148 0.91258
00026.jpg 26 91 216 319 0.91257
00026.jpg 386 60 81 237 0.91256
00026.jpg 386 67 80 229 0.91072
00026.jpg 194 34 58 175 0.91043
00026.jpg 815 72 121 263 0.91042
00026.jpg 577 435 280 99 0.91014
00026.jpg 61 0 79 84 0.90852
00026.jpg 197 36 64 173 0.90750
00026.jpg 59 96 184 306 0.90719
00026.jpg 34 90 200 321 0.90651
00026.jpg 380 52 89 234 0.90632
00026.jpg 680 61 41 139 0.90614
00026.jpg 564 87 55 185 0.90600
00026.jpg 83 35 59 166 0.90567
00026.jpg 581 437 287 98 0.90487
00026.jpg 62 3 82 74 0.90403
00026.jpg 925 116 34 68 0.90381
00026.jpg 383 68 78 215 0.90320
00026.jpg 36 84 221 322 0.90283
00026.jpg 83 33 57 160 0.90235
00026.jpg 780 51 50 149 0.90222
00026.jpg 78 34 66 136 0.90172
00026.jpg 290 22 30 61 0.90166
00026.jpg 198 36 58 177 0.90069
00026.jpg 457 63 78 305 0.90067
00026.jpg 383 59 87 230 0.89944
00026.jpg 291 20 30 66 0.89864
00026.jpg 66 114 165 289 0.89822
00026.jpg 815 79 115 247 0.89710
00026.jpg 292 22 30 61 0.89614
00026.jpg 57 5 94 76 0.89596
00026.jpg 591 434 263 101 0.89585
00026.jpg 59 1 88 74 0.89500
00026.jpg 385 86 77 176 0.89439
00026.jpg 383 62 75 220 0.89324
00026.jpg 198 39 64 174 0.89258
00026.jpg 324 17 45 73 0.89252
00026.jpg 198 38 60 174 0.89213
00026.jpg 565 94 53 184 0.89179
00026.jpg 57 88 192 325 0.89164
00026.jpg 61 3 83 80 0.89031
00026.jpg 584 437 282 98 0.88963
00026.jpg 778 63 56 134 0.88961
00026.jpg 685 61 37 141 0.88867
00026.jpg 324 13 43 77 0.88852
00026.jpg 377 70 85 213 0.88794
00026.jpg 84 48 56 149 0.88691
00026.jpg 807 73 130 246 0.88638
00026.jpg 292 22 32 63 0.88616
00026.jpg 288 21 35 64 0.88560
00026.jpg 62 2 86 80 0.88547
00026.jpg 322 14 44 71 0.88428
00026.jpg 380 50 87 234 0.88263
00026.jpg 808 74 130 249 0.88250
00026.jpg 927 115 32 68 0.88245
00026.jpg 806 78 124 245 0.88193
00026.jpg 682 62 41 138 0.88132
00026.jpg 453 72 84 297 0.88128
00026.jpg 43 102 191 302 0.88022
00026.jpg 31 85 221 337 0.87957
00026.jpg 63 3 85 78 0.87896
00026.jpg 381 86 82 202 0.87845
00026.jpg 779 52 57 151 0.87840
00026.jpg 779 52 55 152 0.87822
00026.jpg 83 42 60 151 0.87610
00026.jpg 387 69 80 224 0.87531
00026.jpg 70 101 164 303 0.87476
00026.jpg 293 18 31 66 0.87475
00026.jpg 199 40 61 171 0.87249
00026.jpg 781 54 52 154 0.87200
00026.jpg 451 69 88 291 0.87146
00026.jpg 585 434 280 105 0.87093
00026.jpg 31 101 207 314 0.86888
00026.jpg 56 107 192 306 0.86888
00026.jpg 397 55 58 108 0.86875
00026.jpg 322 16 47 70 0.86795
00026.jpg 200 35 54 176 0.86736
00026.jpg 137 14 40 60 0.86544
00026.jpg 78 26 64 171 0.86401
00026.jpg 782 58 48 138 0.86292
00026.jpg 324 14 46 71 0.86288
00026.jpg 583 437 277 94 0.86177
00026.jpg 292 21 33 64 0.86156
00026.jpg 383 78 74 207 0.86112
00026.jpg 325 17 46 68 0.86048
00026.jpg 394 53 63 131 0.85944
00026.jpg 782 56 49 138 0.85791
00026.jpg 925 115 34 70 0.85791
00026.jpg 198 32 56 180 0.85588
00026.jpg 564 93 59 184 0.85507
00026.jpg 821 71 56 105 0.85501
00026.jpg 69 107 159 302 0.85486
00026.jpg 398 57 55 111 0.85423
00026.jpg 141 13 35 66 0.85369
00026.jpg 63 2 82 76 0.85288
00026.jpg 327 16 43 72 0.85215
00026.jpg 292 22 32 63 0.85168
00026.jpg 819 80 119 244 0.85148
00026.jpg 682 60 44 147 0.85127
00026.jpg 387 77 62 200 0.85057
00026.jpg 782 54 48 155 0.85027
00026.jpg 780 52 52 148 0.84977
00026.jpg 387 72 76 207 0.84941
00026.jpg 394 54 56 160 0.84902
00026.jpg 683 56 44 145 0.84882
00026.jpg 67 4 79 80 0.84788
00026.jpg 562 88 59 192 0.84732
00026.jpg 328 17 40 70 0.84732
00026.jpg 780 54 54 151 0.84691
00026.jpg 59 4 95 71 0.84648
00026.jpg 381 64 82 214 0.84565
00026.jpg 777 61 54 138 0.84556
00026.jpg 569 92 56 177 0.84530
00026.jpg 561 88 62 184 0.84458
00026.jpg 393 57 55 115 0.84450
00026.jpg 26 100 200 322 0.84367
00026.jpg 504 54 33 81 0.84334
00026.jpg 68 89 182 327 0.84070
00026.jpg 288 20 32 66 0.84058
00026.jpg 390 72 62 199 0.84041
00026.jpg 591 442 261 95 0.83962
00026.jpg 807 76 114 260 0.83573
00026.jpg 143 14 32 59 0.83513
00026.jpg 291 21 34 63 0.83512
00026.jpg 823 77 112 254 0.83502
00026.jpg 72 13 68 115 0.83346
00026.jpg 924 115 35 65 0.83326
00026.jpg 816 69 116 270 0.83085
00026.jpg 62 4 83 72 0.83082
00026.jpg 586 437 273 102 0.82971
00026.jpg 682 58 40 152 0.82937
00026.jpg 325 15 45 73 0.82814
00026.jpg 809 79 122 254 0.82515
00026.jpg 293 22 34 63 0.82428
00026.jpg 814 75 115 260 0.82379
00026.jpg 326 16 44 73 0.82372
00026.jpg 585 440 274 90 0.82330
00026.jpg 99 94 138 325 0.82327
00026.jpg 384 66 78 207 0.82324
00026.jpg 926 119 33 60 0.82303
00026.jpg 59 3 89 74 0.82123
00026.jpg 682 58 39 141 0.81904
00026.jpg 288 18 33 69 0.81898
00026.jpg 600 435 261 95 0.81880
00026.jpg 683 59 47 147 0.81825
00026.jpg 59 90 182 301 0.81777
00026.jpg 678 58 47 150 0.81648
00026.jpg 444 74 98 305 0.81611
00026.jpg 52 96 197 328 0.81608
00026.jpg 594 438 267 98 0.81365
00026.jpg 84 34 53 159 0.81314
00026.jpg 321 15 49 75 0.81270
00026.jpg 810 81 125 242 0.81260
00026.jpg 455 60 82 310 0.81251
00026.jpg 461 72 80 286 0.81138
00026.jpg 382 88 78 199 0.80976
00026.jpg 387 82 77 207 0.80883
00026.jpg 80 41 58 180 0.80831
00026.jpg 390 61 63 107 0.80512
00026.jpg 322 14 45 73 0.80468
00026.jpg 818 84 117 235 0.80378
00026.jpg 326 14 43 76 0.80310
00026.jpg 82 43 58 161 0.80206
00026.jpg 685 61 41 137 0.79873
00026.jpg 68 1 79 77 0.79832
00026.jpg 61 2 84 79 0.79782
00026.jpg 320 15 48 75 0.79606
00026.jpg 776 55 59 149 0.79554
00026.jpg 587 436 270 103 0.79442
00026.jpg 197 34 58 179 0.79424
00026.jpg 455 79 84 276 0.79190
00026.jpg 681 58 43 144 0.79161
00026.jpg 387 51 75 241 0.79150
00026.jpg 381 80 80 192 0.78925
00026.jpg 84 37 57 159 0.78803
00026.jpg 381 83 77 207 0.78774
00026.jpg 456 57 84 315 0.78617
00026.jpg 591 436 270 90 0.78554
00026.jpg 680 58 44 149 0.78450
00026.jpg 140 10 38 64 0.78401
00026.jpg 398 57 55 119 0.78393
00026.jpg 194 40 66 180 0.78371
00026.jpg 576 432 280 107 0.77961
00026.jpg 926 114 33 67 0.77870
00026.jpg 82 40 60 167 0.77673
00026.jpg 323 12 42 72 0.77625
00026.jpg 581 436 277 103 0.77374
00026.jpg 83 46 58 166 0.77298
00026.jpg 458 60 76 306 0.77170
00026.jpg 825 71 54 90 0.77099
00026.jpg 391 53 60 133 0.77094
00026.jpg 392 78 61 202 0.77055
00026.jpg 287 19 37 64 0.76893
00026.jpg 394 87 63 182 0.76863
00026.jpg 583 437 269 98 0.76775
00026.jpg 200 39 60 177 0.76487
00026.jpg 455 77 74 270 0.76421
00026.jpg 324 15 47 66 0.76406
00026.jpg 84 43 63 139 0.76274
00026.jpg 782 47 56 166 0.76248
00026.jpg 591 440 272 91 0.76176
00026.jpg 84 51 55 129 0.76163
00026.jpg 381 72 84 208 0.76129
00026.jpg 780 43 48 167 0.76092
00026.jpg 136 9 39 70 0.76007
00026.jpg 202 42 57 170 0.75963
00026.jpg 71 123 163 293 0.75805
00026.jpg 81 40 62 179 0.75789
00026.jpg 320 15 51 73 0.75749
00026.jpg 678 61 38 141 0.75694
00026.jpg 595 440 266 99 0.75689
00026.jpg 583 439 265 98 0.75654
00026.jpg 456 62 87 313 0.75651
00026.jpg 58 8 86 68 0.75509
00026.jpg 324 21 43 70 0.75496
00026.jpg 66 106 170 293 0.75478
00026.jpg 396 55 58 112 0.75283
00026.jpg 31 98 216 316 0.75180
00026.jpg 39 85 217 319 0.74953
00026.jpg 295 19 33 64 0.74920
00026.jpg 327 17 42 71 0.74899
00026.jpg 386 75 79 203 0.74848
00026.jpg 69 4 76 84 0.74630
00026.jpg 562 92 59 179 0.74424
00026.jpg 511 77 44 218 0.74369
00026.jpg 680 58 38 141 0.74046
00026.jpg 327 21 37 69 0.73666
00026.jpg 85 53 56 128 0.73602
00026.jpg 831 71 47 70 0.73484
00026.jpg 687 56 39 143 0.73400
00026.jpg 600 429 260 110 0.73336
00026.jpg 326 18 41 54 0.73113
00026.jpg 324 18 44 58 0.73113
00026.jpg 27 91 220 321 0.73100
00026.jpg 61 4 83 73 0.72991
00026.jpg 808 77 115 225 0.72921
00026.jpg 382 85 87 191 0.72909
00026.jpg 811 73 122 267 0.72908
00026.jpg 390 64 77 234 0.72742
00026.jpg 326 16 40 62 0.72597
00026.jpg 586 436 284 102 0.72360
00026.jpg 816 74 120 260 0.72091
00026.jpg 924 114 35 67 0.71944
00026.jpg 781 52 55 143 0.71720
00026.jpg 385 57 66 173 0.71696
00026.jpg 392 90 64 87 0.71611
00026.jpg 80 48 68 146 0.71588
00026.jpg 389 70 77 225 0.71267
00026.jpg 379 85 80 195 0.70961
00026.jpg 323 17 46 76 0.70890
00026.jpg 596 439 261 92 0.70890
00026.jpg 507 72 39 66 0.70769
00026.jpg 595 435 257 98 0.70730
00026.jpg 790 54 47 146 0.70407
00026.jpg 568 88 58 193 0.70132
00026.jpg 379 71 83 200 0.70132
00026.jpg 86 54 58 125 0.69895
00026.jpg 196 36 58 177 0.69667
00026.jpg 323 18 46 74 0.69665
00026.jpg 396 55 59 115 0.69665
00026.jpg 313 18 51 68 0.69459
00026.jpg 142 8 36 66 0.69198
00026.jpg 597 438 245 97 0.69147
00026.jpg 382 62 75 204 0.69010
00026.jpg 783 55 47 149 0.68941
00026.jpg 813 86 123 237 0.68906
00026.jpg 200 39 62 173 0.68894
00026.jpg 388 50 68 133 0.68784
00026.jpg 68 113 162 269 0.68603
00026.jpg 507 79 37 76 0.68587
00026.jpg 822 71 55 79 0.68565
00026.jpg 396 53 52 112 0.68544
00026.jpg 60 4 92 70 0.68527
00026.jpg 458 66 85 304 0.68309
00026.jpg 509 79 33 58 0.68244
00026.jpg 144 16 33 64 0.68173
00026.jpg 559 89 63 184 0.68062
00026.jpg 823 65 70 146 0.68035
00026.jpg 395 55 49 117 0.68035
00026.jpg 57 2 94 76 0.68031
00026.jpg 65 94 165 305 0.68002
00026.jpg 780 54 54 61 0.67957
00026.jpg 144 14 33 58 0.67784
00026.jpg 597 434 265 102 0.67744
00026.jpg 399 56 59 118 0.67646
00026.jpg 32 99 201 326 0.67582
00026.jpg 85 49 57 127 0.67204
00026.jpg 928 118 31 56 0.67023
00026.jpg 324 20 43 69 0.67001
00026.jpg 377 62 81 225 0.66814
00026.jpg 584 440 264 89 0.66713
00026.jpg 393 51 61 133 0.66667
00026.jpg 80 107 148 284 0.66653
00026.jpg 777 53 55 156 0.66423
00026.jpg 784 52 49 148 0.66397
00026.jpg 82 28 66 194 0.66352
00026.jpg 504 55 32 55 0.66153
00026.jpg 504 57 36 90 0.66131
00026.jpg 502 56 36 73 0.66115
00026.jpg 600 445 255 89 0.66097
00026.jpg 380 93 85 194 0.66067
00026.jpg 58 107 169 303 0.66048
00026.jpg 139 12 41 61 0.65967
00026.jpg 817 63 69 109 0.65806
00026.jpg 562 99 62 177 0.65794
00026.jpg 587 439 261 97 0.65741
00026.jpg 806 74 122 261 0.65654
00026.jpg 17 87 217 315 0.65479
00026.jpg 197 37 57 178 0.65335
00026.jpg 812 67 115 259 0.65316
00026.jpg 820 76 105 247 0.65201
00026.jpg 505 66 38 75 0.65200
00026.jpg 927 113 32 69 0.65146
00026.jpg 453 81 72 263 0.65017
00026.jpg 141 13 36 64 0.64882
00026.jpg 685 61 42 142 0.64769
00026.jpg 821 68 60 124 0.64703
00026.jpg 593 445 263 87 0.64641
00026.jpg 817 67 69 113 0.64626
00026.jpg 502 55 28 40 0.64576
00026.jpg 290 21 35 64 0.64286
00026.jpg 590 438 258 101 0.64254
00026.jpg 597 436 259 101 0.64220
00026.jpg 821 75 114 244 0.64048
00026.jpg 146 11 32 65 0.63973
00026.jpg 584 438 270 99 0.63728
00026.jpg 826 73 52 71 0.63720
00026.jpg 813 65 63 136 0.63670
00026.jpg 396 75 63 97 0.63648
00026.jpg 507 76 38 59 0.63503
00026.jpg 67 111 168 296 0.63099
00026.jpg 685 59 40 138 0.62935
00026.jpg 143 13 32 57 0.62786
00026.jpg 66 113 169 302 0.62770
00026.jpg 378 57 77 122 0.62737
00026.jpg 75 4 61 79 0.62562
00026.jpg 328 17 42 72 0.62432
00026.jpg 505 54 24 48 0.62419
00026.jpg 507 83 37 210 0.62294
00026.jpg 82 40 63 147 0.62171
00026.jpg 72 3 79 94 0.62154
00026.jpg 81 32 63 160 0.62133
00026.jpg 80 40 62 181 0.61788
00026.jpg 55 107 178 294 0.61770
00026.jpg 504 52 31 52 0.61488
00026.jpg 381 66 69 217 0.61376
00026.jpg 80 48 57 161 0.61184
00026.jpg 779 55 45 150 0.61065
00026.jpg 449 77 86 282 0.60897
00026.jpg 924 112 35 72 0.60870
00026.jpg 383 66 79 218 0.60822
00026.jpg 452 54 91 322 0.60725
00026.jpg 319 17 49 69 0.60439
00026.jpg 448 71 94 269 0.60381
00026.jpg 812 74 95 221 0.60368
00026.jpg 826 71 49 77 0.60274
00026.jpg 393 52 64 154 0.60268
00026.jpg 509 91 40 43 0.60252
00026.jpg 827 68 54 84 0.60236
00026.jpg 400 50 64 125 0.60232
00026.jpg 374 94 88 183 0.60010
00026.jpg 391 70 82 211 0.59950
00026.jpg 382 69 84 198 0.59814
00026.jpg 397 61 57 94 0.59740
00026.jpg 69 0 73 96 0.59704
00026.jpg 814 63 67 135 0.59622
00026.jpg 459 73 76 265 0.59606
00026.jpg 824 65 52 100 0.59366
00026.jpg 507 63 36 72 0.59336
00026.jpg 505 88 42 44 0.59193
00026.jpg 462 72 75 296 0.59152
00026.jpg 60 0 89 87 0.58829
00026.jpg 564 91 58 183 0.58732
00026.jpg 452 85 75 256 0.58608
00026.jpg 66 7 76 78 0.58526
00026.jpg 404 59 50 109 0.58525
00026.jpg 507 66 43 67 0.58493
00026.jpg 59 4 84 84 0.58383
00026.jpg 193 43 65 175 0.57846
00026.jpg 138 13 40 66 0.57819
00026.jpg 390 56 61 123 0.57749
00026.jpg 325 15 43 66 0.57711
00026.jpg 44 122 201 277 0.57640
00026.jpg 84 38 55 183 0.57476
00026.jpg 824 68 57 91 0.57211
00026.jpg 136 6 40 74 0.57145
00026.jpg 69 8 73 68 0.57144
00026.jpg 505 54 27 63 0.56744
00026.jpg 402 56 53 97 0.56718
00026.jpg 194 39 57 174 0.56692
00026.jpg 507 55 18 31 0.56642
00026.jpg 460 78 79 274 0.56547
00026.jpg 502 53 27 35 0.56464
00026.jpg 70 95 148 294 0.56358
00026.jpg 454 72 85 273 0.56094
00026.jpg 463 71 82 285 0.56089
00026.jpg 505 71 38 87 0.55995
00026.jpg 794 61 142 237 0.55851
00026.jpg 328 14 46 69 0.55784
00026.jpg 509 85 35 50 0.55686
00026.jpg 927 114 32 68 0.55658
00026.jpg 83 46 61 131 0.55595
00026.jpg 323 16 45 48 0.55591
00026.jpg 780 54 52 137 0.55434
00026.jpg 928 267 31 210 0.55418
00026.jpg 926 254 33 233 0.55265
00026.jpg 385 50 73 128 0.55258
00026.jpg 319 14 50 71 0.55188
00026.jpg 559 97 57 174 0.55125
00026.jpg 391 58 67 108 0.54989
00026.jpg 507 82 40 59 0.54950
00026.jpg 455 70 93 297 0.54896
00026.jpg 394 64 64 97 0.54819
00026.jpg 77 103 143 280 0.54807
00026.jpg 401 58 49 83 0.54562
00026.jpg 565 96 54 182 0.54524
00026.jpg 820 75 117 263 0.54357
00026.jpg 509 91 35 48 0.54300
00026.jpg 777 53 52 152 0.54066
00026.jpg 30 100 215 297 0.54039
00026.jpg 290 20 36 62 0.53875
00026.jpg 141 15 39 59 0.53863
00026.jpg 825 68 51 72 0.53650
00026.jpg 504 57 30 39 0.53623
00026.jpg 813 68 63 132 0.53430
00026.jpg 826 67 57 82 0.53422
00026.jpg 811 67 69 137 0.53392
00026.jpg 82 55 53 135 0.53332
00026.jpg 504 55 38 67 0.53302
00026.jpg 920 116 39 66 0.53139
00026.jpg 81 37 58 156 0.53123
00026.jpg 828 65 54 85 0.53021
00026.jpg 76 116 162 284 0.52989
00026.jpg 601 438 270 93 0.52985
00026.jpg 446 70 97 292 0.52969
00026.jpg 387 63 60 152 0.52750
00026.jpg 504 52 26 63 0.52688
00026.jpg 685 62 35 133 0.52367
00026.jpg 816 66 64 124 0.52308
00026.jpg 287 23 40 64 0.52225
00026.jpg 68 0 78 80 0.52216
00026.jpg 467 78 78 270 0.52202
00026.jpg 73 23 75 194 0.52136
00026.jpg 819 67 55 116 0.51990
00026.jpg 677 60 47 145 0.51834
00026.jpg 88 43 59 170 0.51624
00026.jpg 503 84 61 210 0.51491
00026.jpg 933 269 26 181 0.51425
00026.jpg 780 53 56 154 0.51348
00026.jpg 817 65 125 252 0.51211
00026.jpg 199 37 55 178 0.51079
00026.jpg 821 68 55 110 0.50984
00026.jpg 595 444 272 91 0.50945
00026.jpg 504 81 35 214 0.50829
00026.jpg 289 20 37 58 0.50813
00026.jpg 83 40 58 145 0.50751
00026.jpg 502 53 23 41 0.50569
00026.jpg 512 78 37 73 0.50566
00026.jpg 776 59 54 135 0.50518
00026.jpg 400 61 45 94 0.50241
