00025.jpg 558 85 60 196 0.99883
00025.jpg 818 69 118 258 0.99755
00025.jpg 565 79 57 204 0.99724
00025.jpg 783 53 47 156 0.99656
00025.jpg 560 88 61 188 0.99636
00025.jpg 322 17 45 68 0.99635
00025.jpg 780 55 51 151 0.99612
00025.jpg 322 17 46 70 0.99588
00025.jpg 782 47 47 165 0.99559
00025.jpg 197 38 60 168 0.99502
00025.jpg 779 53 54 155 0.99498
00025.jpg 780 54 51 154 0.99476
00025.jpg 812 75 124 252 0.99471
00025.jpg 681 60 41 151 0.99443
00025.jpg 321 17 46 69 0.99426
00025.jpg 83 98 152 307 0.99403
00025.jpg 86 93 150 320 0.99370
00025.jpg 325 16 44 71 0.99324
00025.jpg 781 52 48 163 0.99293
00025.jpg 814 79 124 250 0.99290
00025.jpg 449 55 88 319 0.99277
00025.jpg 382 92 79 183 0.99236
00025.jpg 813 75 120 250 0.99236
00025.jpg 779 58 50 149 0.99223
00025.jpg 814 76 119 249 0.99187
00025.jpg 783 53 44 161 0.99186
00025.jpg 680 58 42 153 0.99185
00025.jpg 454 69 74 296 0.99104
00025.jpg 198 38 61 172 0.99012
00025.jpg 81 87 158 324 0.98935
00025.jpg 560 89 58 192 0.98910
00025.jpg 810 77 127 250 0.98903
00025.jpg 62 3 81 73 0.98902
00025.jpg 779 51 51 160 0.98878
00025.jpg 85 102 150 306 0.98867
00025.jpg 819 75 115 249 0.98864
00025.jpg 385 90 71 199 0.98858
00025.jpg 85 90 143 322 0.98843
00025.jpg 564 92 56 187 0.98752
00025.jpg 782 53 48 159 0.98741
00025.jpg 454 59 82 313 0.98695
00025.jpg 387 86 73 190 0.98688
00025.jpg 564 89 57 190 0.98684
00025.jpg 195 34 60 173 0.98683
00025.jpg 563 88 58 192 0.98672
00025.jpg 783 60 48 155 0.98554
00025.jpg 61 2 82 77 0.98548
00025.jpg 453 56 80 313 0.98528
00025.jpg 813 79 126 244 0.98518
00025.jpg 455 59 80 302 0.98518
00025.jpg 817 78 119 247 0.98437
00025.jpg 782 51 47 157 0.98421
00025.jpg 196 38 61 174 0.98394
00025.jpg 565 85 55 194 0.98392
00025.jpg 681 58 43 146 0.98387
00025.jpg 387 97 78 173 0.98385
00025.jpg 780 55 48 156 0.98379
00025.jpg 81 37 60 175 0.98346
00025.jpg 197 35 59 171 0.98326
00025.jpg 82 103 154 307 0.98313
00025.jpg 454 64 78 312 0.98304
00025.jpg 815 83 122 240 0.98298
00025.jpg 324 14 41 74 0.98288
00025.jpg 59 5 95 72 0.98280
00025.jpg 84 92 157 319 0.98273
00025.jpg 678 60 43 143 0.98272
00025.jpg 80 34 58 191 0.98263
00025.jpg 566 90 49 184 0.98211
00025.jpg 816 73 118 255 0.98203
00025.jpg 197 39 59 171 0.98202
00025.jpg 811 76 124 249 0.98194
00025.jpg 61 2 80 74 0.98184
00025.jpg 780 49 49 167 0.98165
00025.jpg 811 78 128 250 0.98164
00025.jpg 454 53 78 316 0.98157
00025.jpg 781 53 52 160 0.98112
00025.jpg 293 21 29 65 0.98110
00025.jpg 60 0 85 75 0.98083
00025.jpg 397 54 54 121 0.97980
00025.jpg 810 65 126 267 0.97964
00025.jpg 561 89 59 190 0.97962
00025.jpg 817 76 116 244 0.97944
00025.jpg 564 89 55 191 0.97920
00025.jpg 681 58 42 144 0.97916
00025.jpg 385 75 73 212 0.97869
00025.jpg 78 98 151 309 0.97788
00025.jpg 323 17 46 69 0.97668
00025.jpg 69 95 174 315 0.97642
00025.jpg 198 36 56 173 0.97641
00025.jpg 61 3 89 75 0.97572
00025.jpg 459 68 73 304 0.97535
00025.jpg 564 89 55 193 0.97522
00025.jpg 88 106 148 305 0.97517
00025.jpg 452 63 83 313 0.97481
00025.jpg 399 57 54 101 0.97460
00025.jpg 291 15 32 67 0.97454
00025.jpg 85 97 149 306 0.97448
00025.jpg 291 19 31 68 0.97364
00025.jpg 61 3 83 72 0.97362
00025.jpg 562 91 58 184 0.97259
00025.jpg 200 37 57 171 0.97258
00025.jpg 78 88 163 322 0.97252
00025.jpg 810 80 126 248 0.97216
00025.jpg 676 55 51 149 0.97200
00025.jpg 396 60 61 149 0.97164
00025.jpg 453 64 80 311 0.97148
00025.jpg 61 5 84 69 0.97111
00025.jpg 457 68 76 295 0.97109
00025.jpg 196 37 62 173 0.97040
00025.jpg 823 75 109 253 0.97005
00025.jpg 61 3 81 73 0.97005
00025.jpg 199 39 52 166 0.97003
00025.jpg 561 86 59 194 0.97002
00025.jpg 453 66 80 300 0.96974
00025.jpg 80 92 152 306 0.96900
00025.jpg 291 19 35 64 0.96861
00025.jpg 386 92 79 186 0.96853
00025.jpg 327 14 42 72 0.96848
00025.jpg 323 14 46 73 0.96777
00025.jpg 780 55 52 154 0.96769
00025.jpg 818 76 114 242 0.96754
00025.jpg 62 2 86 73 0.96657
00025.jpg 389 82 68 203 0.96594
00025.jpg 387 80 71 188 0.96574
00025.jpg 198 39 59 169 0.96528
00025.jpg 392 62 63 143 0.96519
00025.jpg 65 2 79 79 0.96503
00025.jpg 78 24 62 178 0.96478
00025.jpg 565 92 55 188 0.96400
00025.jpg 564 93 57 186 0.96394
00025.jpg 62 5 83 75 0.96391
00025.jpg 452 65 79 304 0.96331
00025.jpg 561 91 61 190 0.96249
00025.jpg 562 95 57 186 0.96230
00025.jpg 460 52 73 321 0.96171
00025.jpg 814 71 122 256 0.96080
00025.jpg 823 66 108 265 0.96056
00025.jpg 83 95 149 308 0.96055
00025.jpg 561 79 64 202 0.96042
00025.jpg 561 93 59 182 0.96016
00025.jpg 81 91 157 316 0.96003
00025.jpg 814 75 119 244 0.95998
00025.jpg 64 4 78 73 0.95935
00025.jpg 194 34 63 175 0.95872
00025.jpg 680 61 42 143 0.95845
00025.jpg 454 71 83 281 0.95806
00025.jpg 386 83 72 204 0.95794
00025.jpg 781 53 47 160 0.95784
00025.jpg 814 75 120 251 0.95779
00025.jpg 196 40 58 168 0.95697
00025.jpg 559 92 57 190 0.95671
00025.jpg 200 32 59 183 0.95671
00025.jpg 816 72 113 252 0.95658
00025.jpg 678 61 43 137 0.95642
00025.jpg 71 95 167 312 0.95638
00025.jpg 198 36 57 179 0.95631
00025.jpg 680 55 42 153 0.95613
00025.jpg 75 85 158 330 0.95606
00025.jpg 814 77 126 247 0.95587
00025.jpg 197 40 58 171 0.95577
00025.jpg 198 33 61 173 0.95533
00025.jpg 456 72 79 289 0.95527
00025.jpg 819 71 116 257 0.95496
00025.jpg 81 31 60 183 0.95484
00025.jpg 62 3 86 75 0.95482
00025.jpg 455 66 84 303 0.95474
00025.jpg 388 64 75 228 0.95418
00025.jpg 322 16 46 72 0.95366
00025.jpg 564 87 53 194 0.95357
00025.jpg 814 67 122 261 0.95275
00025.jpg 84 99 153 307 0.95182
00025.jpg 455 66 77 293 0.95168
00025.jpg 78 25 58 208 0.95165
00025.jpg 324 15 46 73 0.95160
00025.jpg 77 94 165 306 0.95144
00025.jpg 200 34 54 177 0.95124
00025.jpg 384 71 75 221 0.95113
00025.jpg 820 76 113 250 0.95047
00025.jpg 323 13 47 76 0.94997
00025.jpg 198 35 58 173 0.94990
00025.jpg 84 109 148 293 0.94981
00025.jpg 390 89 73 169 0.94877
00025.jpg 390 58 63 141 0.94840
00025.jpg 324 15 45 72 0.94776
00025.jpg 197 38 62 169 0.94704
00025.jpg 389 90 69 186 0.94702
00025.jpg 681 60 43 139 0.94699
00025.jpg 383 74 80 209 0.94689
00025.jpg 925 114 34 65 0.94685
00025.jpg 825 85 107 231 0.94684
00025.jpg 384 77 74 201 0.94676
00025.jpg 395 55 60 116 0.94653
00025.jpg 324 12 44 79 0.94625
00025.jpg 462 67 70 302 0.94622
00025.jpg 680 59 39 146 0.94603
00025.jpg 84 107 152 295 0.94590
00025.jpg 63 3 81 72 0.94565
00025.jpg 85 36 56 192 0.94559
00025.jpg 75 110 172 288 0.94542
00025.jpg 66 4 78 71 0.94443
00025.jpg 387 91 71 186 0.94440
00025.jpg 565 90 55 192 0.94419
00025.jpg 197 38 61 181 0.94399
00025.jpg 196 40 63 168 0.94360
00025.jpg 290 19 30 66 0.94331
00025.jpg 782 52 49 157 0.94324
00025.jpg 60 3 91 75 0.94317
00025.jpg 199 36 56 173 0.94177
00025.jpg 199 38 56 165 0.94172
00025.jpg 454 68 79 291 0.94116
00025.jpg 290 19 33 65 0.94039
00025.jpg 63 3 81 75 0.94030
00025.jpg 815 79 123 242 0.94022
00025.jpg 383 94 77 188 0.94022
00025.jpg 777 54 55 156 0.93994
00025.jpg 808 85 123 235 0.93952
00025.jpg 327 15 42 70 0.93914
00025.jpg 389 89 69 194 0.93896
00025.jpg 821 68 111 256 0.93868
00025.jpg 61 3 83 73 0.93817
00025.jpg 814 67 118 260 0.93697
00025.jpg 70 91 170 320 0.93539
00025.jpg 75 94 164 312 0.93524
00025.jpg 84 100 148 321 0.93473
00025.jpg 778 49 55 162 0.93446
00025.jpg 86 87 156 331 0.93443
00025.jpg 814 73 122 258 0.93411
00025.jpg 326 17 41 68 0.93344
00025.jpg 71 104 175 298 0.93302
00025.jpg 382 95 71 187 0.93208
00025.jpg 399 52 54 116 0.93182
00025.jpg 398 58 51 105 0.93098
00025.jpg 925 116 34 66 0.93017
00025.jpg 293 21 31 63 0.92947
00025.jpg 323 16 46 73 0.92892
00025.jpg 563 89 56 191 0.92729
00025.jpg 567 89 56 189 0.92669
00025.jpg 61 3 84 79 0.92665
00025.jpg 812 72 124 258 0.92625
00025.jpg 681 59 38 146 0.92620
00025.jpg 78 89 170 325 0.92574
00025.jpg 326 13 43 74 0.92541
00025.jpg 817 80 119 238 0.92432
00025.jpg 680 58 41 148 0.92421
00025.jpg 560 97 60 180 0.92414
00025.jpg 813 71 119 253 0.92392
00025.jpg 63 4 78 70 0.92362
00025.jpg 71 103 152 287 0.92265
00025.jpg 566 86 51 194 0.92259
00025.jpg 198 35 60 174 0.92219
00025.jpg 85 37 56 167 0.92218
00025.jpg 385 79 75 211 0.92087
00025.jpg 381 89 73 193 0.92082
00025.jpg 575 434 288 100 0.92026
00025.jpg 393 53 61 107 0.92019
00025.jpg 682 56 43 147 0.92009
00025.jpg 93 105 140 305 0.91995
00025.jpg 816 78 121 236 0.91959
00025.jpg 778 62 54 139 0.91873
00025.jpg 680 58 44 149 0.91860
00025.jpg 292 20 29 62 0.91855
00025.jpg 194 37 58 163 0.91830
00025.jpg 399 54 55 109 0.91711
00025.jpg 326 17 41 69 0.91704
00025.jpg 396 51 57 125 0.91612
00025.jpg 198 33 53 186 0.91610
00025.jpg 454 52 83 321 0.91555
00025.jpg 59 0 85 79 0.91540
00025.jpg 396 50 56 132 0.91534
00025.jpg 196 39 61 167 0.91459
00025.jpg 563 88 57 193 0.91452
00025.jpg 595 437 255 93 0.91413
00025.jpg 87 99 147 310 0.91378
00025.jpg 783 54 49 155 0.91280
00025.jpg 452 57 85 331 0.91263
00025.jpg 777 54 49 151 0.91086
00025.jpg 778 60 53 147 0.91020
00025.jpg 81 39 58 177 0.91002
00025.jpg 62 3 82 73 0.90969
00025.jpg 681 59 43 142 0.90833
00025.jpg 90 98 142 322 0.90731
00025.jpg 394 55 54 113 0.90652
00025.jpg 200 37 56 169 0.90650
00025.jpg 454 59 82 317 0.90604
00025.jpg 813 75 121 243 0.90478
00025.jpg 80 100 153 310 0.90477
00025.jpg 60 2 87 74 0.90470
00025.jpg 560 92 55 188 0.90453
00025.jpg 778 57 51 154 0.90406
00025.jpg 81 41 60 150 0.90398
00025.jpg 70 102 175 292 0.90338
00025.jpg 585 433 282 102 0.90317
00025.jpg 291 20 31 67 0.90118
00025.jpg 782 51 48 161 0.90090
00025.jpg 322 13 44 73 0.90034
00025.jpg 380 89 81 188 0.90001
00025.jpg 388 77 70 206 0.89961
00025.jpg 85 98 154 319 0.89952
00025.jpg 63 4 80 80 0.89943
00025.jpg 454 62 80 315 0.89940
00025.jpg 60 4 82 76 0.89829
00025.jpg 566 84 57 188 0.89761
00025.jpg 385 69 74 220 0.89729
00025.jpg 380 81 78 196 0.89725
00025.jpg 322 14 50 74 0.89716
00025.jpg 66 4 74 71 0.89704
00025.jpg 449 67 76 299 0.89698
00025.jpg 81 30 58 188 0.89619
00025.jpg 61 3 88 75 0.89617
00025.jpg 57 7 92 72 0.89584
00025.jpg 88 94 152 321 0.89532
00025.jpg 80 31 62 176 0.89436
00025.jpg 294 20 32 68 0.89434
00025.jpg 65 5 80 71 0.89225
00025.jpg 388 70 62 211 0.89216
00025.jpg 85 30 53 188 0.89189
00025.jpg 813 73 118 252 0.89161
00025.jpg 922 117 35 65 0.89129
00025.jpg 322 18 50 68 0.89113
00025.jpg 86 110 152 297 0.89093
00025.jpg 591 444 270 89 0.88981
00025.jpg 77 34 64 186 0.88954
00025.jpg 85 45 57 168 0.88943
00025.jpg 586 439 278 100 0.88860
00025.jpg 68 88 167 314 0.88840
00025.jpg 924 117 35 67 0.88741
00025.jpg 779 54 51 158 0.88738
00025.jpg 681 58 41 147 0.88726
00025.jpg 195 37 60 173 0.88687
00025.jpg 784 53 43 155 0.88661
00025.jpg 780 50 52 159 0.88584
00025.jpg 396 54 50 112 0.88538
00025.jpg 55 2 97 78 0.88410
00025.jpg 459 63 71 303 0.88209
00025.jpg 322 15 45 70 0.88091
00025.jpg 388 90 72 193 0.88017
00025.jpg 813 78 117 228 0.88015
00025.jpg 291 22 30 59 0.87985
00025.jpg 812 75 112 247 0.87928
00025.jpg 566 96 53 184 0.87767
00025.jpg 559 89 61 188 0.87760
00025.jpg 325 13 45 73 0.87669
00025.jpg 390 71 69 209 0.87473
00025.jpg 394 51 58 124 0.87395
00025.jpg 325 11 42 79 0.87319
00025.jpg 576 436 286 100 0.87251
00025.jpg 564 89 58 191 0.87234
00025.jpg 79 96 163 311 0.87065
00025.jpg 451 68 79 290 0.86872
00025.jpg 392 52 64 113 0.86769
00025.jpg 65 2 79 74 0.86747
00025.jpg 65 0 80 77 0.86717
00025.jpg 61 5 85 68 0.86715
00025.jpg 453 68 79 300 0.86660
00025.jpg 564 89 57 186 0.86620
00025.jpg 62 3 82 74 0.86544
00025.jpg 59 5 88 73 0.86535
00025.jpg 85 124 151 295 0.86522
00025.jpg 395 56 58 107 0.86488
00025.jpg 401 56 54 113 0.86468
00025.jpg 453 55 85 314 0.86338
00025.jpg 385 66 65 214 0.86254
00025.jpg 392 64 61 167 0.86252
00025.jpg 582 441 281 96 0.86214
00025.jpg 453 58 79 315 0.86199
00025.jpg 397 53 60 125 0.86120
00025.jpg 387 66 75 169 0.85939
00025.jpg 814 74 118 252 0.85937
00025.jpg 595 431 254 108 0.85889
00025.jpg 60 2 87 74 0.85861
00025.jpg 78 11 61 203 0.85782
00025.jpg 322 16 46 69 0.85651
00025.jpg 399 53 50 110 0.85592
00025.jpg 322 15 43 68 0.85556
00025.jpg 558 95 63 185 0.85495
00025.jpg 778 55 51 155 0.85417
00025.jpg 83 45 61 167 0.84903
00025.jpg 60 1 88 80 0.84886
00025.jpg 579 437 291 98 0.84836
00025.jpg 82 39 62 155 0.84816
00025.jpg 778 50 54 167 0.84762
00025.jpg 456 65 78 297 0.84676
00025.jpg 71 0 71 119 0.84663
00025.jpg 324 16 42 73 0.84622
00025.jpg 81 41 58 179 0.84482
00025.jpg 292 20 33 64 0.84471
00025.jpg 380 72 81 204 0.84462
00025.jpg 193 36 66 173 0.84317
00025.jpg 677 58 43 150 0.84154
00025.jpg 329 17 39 70 0.84030
00025.jpg 196 33 60 173 0.84018
00025.jpg 195 42 63 169 0.83880
00025.jpg 384 60 78 231 0.83845
00025.jpg 587 438 275 101 0.83826
00025.jpg 399 53 56 101 0.83742
00025.jpg 826 68 110 259 0.83650
00025.jpg 79 48 63 162 0.83642
00025.jpg 678 57 43 148 0.83605
00025.jpg 450 57 82 308 0.83580
00025.jpg 197 40 58 170 0.83503
00025.jpg 583 433 275 103 0.83443
00025.jpg 385 77 70 191 0.83221
00025.jpg 61 2 85 74 0.83176
00025.jpg 80 50 62 175 0.82998
00025.jpg 77 108 158 301 0.82959
00025.jpg 402 55 57 116 0.82944
00025.jpg 459 55 75 322 0.82899
00025.jpg 81 37 57 194 0.82847
00025.jpg 327 14 42 71 0.82788
00025.jpg 385 53 82 232 0.82399
00025.jpg 782 53 49 159 0.82330
00025.jpg 449 71 92 287 0.82284
00025.jpg 579 434 284 104 0.82239
00025.jpg 564 88 57 192 0.82113
00025.jpg 597 431 265 104 0.82098
00025.jpg 388 92 69 189 0.82012
00025.jpg 84 93 150 326 0.81969
00025.jpg 922 117 37 65 0.81907
00025.jpg 677 60 49 145 0.81689
00025.jpg 289 19 33 64 0.81676
00025.jpg 290 23 33 59 0.81590
00025.jpg 91 102 141 311 0.81511
00025.jpg 80 43 60 185 0.81405
00025.jpg 199 29 59 179 0.81207
00025.jpg 78 108 161 290 0.81167
00025.jpg 779 55 48 153 0.81119
00025.jpg 680 56 43 151 0.80999
00025.jpg 583 434 279 95 0.80895
00025.jpg 59 8 85 66 0.80783
00025.jpg 195 37 56 171 0.80781
00025.jpg 576 432 282 107 0.80723
00025.jpg 451 61 86 313 0.80469
00025.jpg 590 437 273 100 0.80397
00025.jpg 678 61 38 144 0.80349
00025.jpg 560 87 63 193 0.80150
00025.jpg 509 77 33 114 0.80110
00025.jpg 75 45 63 185 0.80089
00025.jpg 392 51 60 133 0.80086
00025.jpg 59 4 94 71 0.79763
00025.jpg 324 15 47 66 0.79681
00025.jpg 325 14 44 74 0.79630
00025.jpg 322 12 44 77 0.79612
00025.jpg 677 57 42 143 0.79544
00025.jpg 779 54 45 159 0.79438
00025.jpg 192 36 70 178 0.79372
00025.jpg 404 58 50 109 0.79245
00025.jpg 76 44 66 184 0.78978
00025.jpg 290 17 31 68 0.78830
00025.jpg 390 93 66 182 0.78650
00025.jpg 459 59 78 307 0.78296
00025.jpg 390 55 61 120 0.78252
00025.jpg 573 434 301 104 0.78211
00025.jpg 386 83 78 202 0.78197
00025.jpg 461 65 77 302 0.78070
00025.jpg 450 65 84 306 0.77757
00025.jpg 58 5 96 68 0.77741
00025.jpg 197 44 56 165 0.77660
00025.jpg 322 14 49 74 0.77652
00025.jpg 582 434 277 104 0.77650
00025.jpg 782 48 49 166 0.77591
00025.jpg 818 71 116 262 0.77542
00025.jpg 83 35 60 166 0.77123
00025.jpg 597 439 265 92 0.77073
00025.jpg 396 52 57 121 0.77043
00025.jpg 922 116 37 64 0.76942
00025.jpg 680 55 45 149 0.76885
00025.jpg 460 60 71 294 0.76863
00025.jpg 577 440 299 99 0.76696
00025.jpg 325 16 40 64 0.76609
00025.jpg 403 58 49 92 0.76411
00025.jpg 923 114 36 65 0.76336
00025.jpg 815 67 61 121 0.76278
00025.jpg 293 20 32 65 0.76195
00025.jpg 390 55 67 119 0.76191
00025.jpg 403 52 45 97 0.75616
00025.jpg 289 19 36 65 0.75612
00025.jpg 814 71 111 251 0.75334
00025.jpg 394 90 64 189 0.75282
00025.jpg 681 58 46 144 0.75236
00025.jpg 683 62 38 137 0.75138
00025.jpg 507 69 39 168 0.75107
00025.jpg 385 67 78 212 0.75039
00025.jpg 814 67 122 256 0.74943
00025.jpg 77 43 68 195 0.74917
00025.jpg 819 68 57 132 0.74727
00025.jpg 505 54 23 44 0.74654
00025.jpg 324 17 45 70 0.74619
00025.jpg 71 3 79 85 0.74605
00025.jpg 82 36 60 162 0.74378
00025.jpg 59 2 91 76 0.74198
00025.jpg 326 17 42 56 0.74001
00025.jpg 63 3 82 78 0.73800
00025.jpg 70 1 74 89 0.73691
00025.jpg 816 63 54 127 0.73594
00025.jpg 79 42 64 183 0.73585
00025.jpg 679 62 40 140 0.73424
00025.jpg 67 2 72 95 0.73408
00025.jpg 401 55 53 94 0.73159
00025.jpg 821 77 112 245 0.73110
00025.jpg 508 78 38 138 0.73087
00025.jpg 564 87 58 197 0.72842
00025.jpg 401 55 49 83 0.72636
00025.jpg 584 445 271 89 0.72579
00025.jpg 565 84 59 200 0.72435
00025.jpg 386 48 69 135 0.72416
00025.jpg 195 40 54 167 0.72392
00025.jpg 773 53 58 154 0.72382
00025.jpg 325 16 43 71 0.72340
00025.jpg 321 17 50 74 0.72323
00025.jpg 820 84 115 234 0.72283
00025.jpg 823 69 54 111 0.72151
00025.jpg 81 40 62 196 0.72013
00025.jpg 66 101 171 320 0.71964
00025.jpg 390 66 63 104 0.71944
00025.jpg 827 77 108 249 0.71897
00025.jpg 69 7 76 84 0.71825
00025.jpg 201 43 57 168 0.71760
00025.jpg 807 60 122 263 0.71582
00025.jpg 821 66 55 127 0.71386
00025.jpg 326 16 42 70 0.71365
00025.jpg 319 17 48 70 0.71278
00025.jpg 384 61 79 235 0.70991
00025.jpg 405 54 42 101 0.70954
00025.jpg 397 54 59 117 0.70857
00025.jpg 583 433 270 106 0.70759
00025.jpg 809 82 132 242 0.70735
00025.jpg 387 72 78 215 0.70650
00025.jpg 141 15 34 58 0.70423
00025.jpg 585 436 284 103 0.70339
00025.jpg 399 52 58 122 0.70261
00025.jpg 596 438 250 98 0.70051
00025.jpg 70 0 73 99 0.69996
00025.jpg 79 43 65 164 0.69857
00025.jpg 581 438 275 99 0.69749
00025.jpg 70 108 179 299 0.69689
00025.jpg 139 16 35 57 0.69655
00025.jpg 293 18 34 63 0.69650
00025.jpg 323 15 47 76 0.69591
00025.jpg 826 70 48 77 0.69570
00025.jpg 586 438 270 96 0.69495
00025.jpg 778 54 56 156 0.69080
00025.jpg 321 18 42 70 0.69053
00025.jpg 400 42 55 126 0.68962
00025.jpg 324 17 39 75 0.68831
00025.jpg 581 434 273 105 0.68760
00025.jpg 79 31 61 168 0.68476
00025.jpg 327 12 43 78 0.68465
00025.jpg 400 50 61 142 0.68436
00025.jpg 399 55 58 104 0.68418
00025.jpg 677 55 50 154 0.68289
00025.jpg 817 62 62 115 0.68243
00025.jpg 819 65 58 129 0.68216
00025.jpg 319 14 49 69 0.68073
00025.jpg 293 24 34 61 0.67617
00025.jpg 80 27 59 181 0.67396
00025.jpg 83 54 58 121 0.67074
00025.jpg 313 17 50 68 0.66977
00025.jpg 503 52 23 41 0.66966
00025.jpg 558 90 63 187 0.66836
00025.jpg 820 83 115 248 0.66731
00025.jpg 395 56 61 124 0.66575
00025.jpg 585 438 269 101 0.66552
00025.jpg 400 56 57 101 0.66510
00025.jpg 681 57 46 147 0.66414
00025.jpg 392 59 68 205 0.66384
00025.jpg 383 85 74 168 0.66336
00025.jpg 920 115 39 65 0.66320
00025.jpg 590 444 264 89 0.66162
00025.jpg 815 64 60 127 0.66129
00025.jpg 821 68 50 112 0.66077
00025.jpg 83 96 158 316 0.65905
00025.jpg 143 19 28 53 0.65730
00025.jpg 507 69 35 170 0.65667
00025.jpg 454 54 81 326 0.65466
00025.jpg 507 74 42 140 0.65401
00025.jpg 323 20 46 70 0.65319
00025.jpg 292 24 32 59 0.65020
00025.jpg 445 67 97 306 0.64933
00025.jpg 809 69 121 254 0.64350
00025.jpg 63 7 84 65 0.64328
00025.jpg 91 88 132 312 0.64296
00025.jpg 393 58 63 96 0.64180
00025.jpg 605 436 268 97 0.63895
00025.jpg 817 64 50 134 0.63895
00025.jpg 403 59 50 85 0.63577
00025.jpg 823 69 52 100 0.63424
00025.jpg 924 114 35 71 0.62793
00025.jpg 459 59 74 314 0.62666
00025.jpg 404 51 49 105 0.62584
00025.jpg 808 72 117 239 0.62538
00025.jpg 401 58 45 96 0.62410
00025.jpg 928 116 31 64 0.62376
00025.jpg 461 64 84 304 0.62263
00025.jpg 396 54 52 100 0.62244
00025.jpg 190 33 63 176 0.62214
00025.jpg 583 442 276 91 0.62208
00025.jpg 143 19 31 55 0.62159
00025.jpg 597 429 264 106 0.62045
00025.jpg 919 115 40 67 0.61957
00025.jpg 583 439 272 97 0.61862
00025.jpg 319 14 50 71 0.61856
00025.jpg 84 96 168 303 0.61826
00025.jpg 502 57 30 60 0.61770
00025.jpg 66 3 80 76 0.61666
00025.jpg 510 72 36 118 0.61371
00025.jpg 72 5 69 238 0.61340
00025.jpg 82 37 65 191 0.61090
00025.jpg 818 66 59 132 0.61082
00025.jpg 819 66 61 79 0.60975
00025.jpg 194 35 57 178 0.60730
00025.jpg 505 51 26 43 0.60700
00025.jpg 813 61 60 142 0.60352
00025.jpg 452 49 83 331 0.60310
00025.jpg 818 63 59 140 0.60273
00025.jpg 582 436 272 99 0.60095
00025.jpg 322 20 44 69 0.59980
00025.jpg 811 75 120 251 0.59807
00025.jpg 561 97 57 190 0.59759
00025.jpg 820 63 57 129 0.59753
00025.jpg 405 56 41 80 0.59734
00025.jpg 77 44 60 184 0.59715
00025.jpg 923 116 36 66 0.59674
00025.jpg 781 63 52 150 0.59570
00025.jpg 503 53 20 39 0.59438
00025.jpg 587 433 278 102 0.59396
00025.jpg 62 2 79 77 0.59330
00025.jpg 816 69 62 100 0.59287
00025.jpg 796 56 45 151 0.59272
00025.jpg 385 62 68 179 0.59152
00025.jpg 503 54 26 41 0.59059
00025.jpg 928 112 30 68 0.59047
00025.jpg 387 59 70 101 0.58927
00025.jpg 88 108 142 271 0.58667
00025.jpg 68 13 76 233 0.58650
00025.jpg 323 21 44 67 0.58538
00025.jpg 828 65 48 91 0.58295
00025.jpg 507 81 39 68 0.58236
00025.jpg 87 101 138 282 0.58193
00025.jpg 785 59 47 144 0.58126
00025.jpg 392 68 62 181 0.57961
00025.jpg 815 65 58 117 0.57960
00025.jpg 814 76 100 229 0.57883
00025.jpg 74 29 73 206 0.57814
00025.jpg 396 56 63 130 0.57739
00025.jpg 405 56 47 79 0.57725
00025.jpg 508 79 36 95 0.57686
00025.jpg 925 257 34 238 0.57563
00025.jpg 400 33 54 167 0.57519
00025.jpg 607 435 255 103 0.57486
00025.jpg 600 439 242 94 0.57416
00025.jpg 74 33 69 155 0.57303
00025.jpg 824 79 117 236 0.57255
00025.jpg 451 64 97 310 0.57165
00025.jpg 505 54 18 32 0.57121
00025.jpg 78 25 61 196 0.56936
00025.jpg 781 54 52 154 0.56656
00025.jpg 323 15 45 50 0.56544
00025.jpg 509 84 38 89 0.56482
00025.jpg 396 54 52 108 0.56479
00025.jpg 925 114 34 66 0.56133
00025.jpg 600 445 248 89 0.56003
00025.jpg 596 434 257 103 0.55987
00025.jpg 503 51 24 40 0.55980
00025.jpg 579 438 285 97 0.55856
00025.jpg 500 53 28 49 0.55812
00025.jpg 824 63 53 92 0.55578
00025.jpg 586 441 274 92 0.55551
00025.jpg 573 438 279 98 0.55490
00025.jpg 821 66 50 104 0.55395
00025.jpg 198 35 59 173 0.55345
00025.jpg 580 442 273 87 0.55271
00025.jpg 582 438 278 95 0.55270
00025.jpg 397 57 56 79 0.55100
00025.jpg 83 45 60 187 0.55030
00025.jpg 558 89 62 183 0.54958
00025.jpg 328 13 45 70 0.54928
00025.jpg 509 79 38 118 0.54893
00025.jpg 395 65 61 97 0.54833
00025.jpg 55 4 91 83 0.54764
00025.jpg 391 52 58 132 0.54644
00025.jpg 927 115 32 59 0.54624
00025.jpg 686 58 40 133 0.54507
00025.jpg 83 43 58 184 0.54447
00025.jpg 803 63 65 134 0.54355
00025.jpg 393 56 54 107 0.54140
00025.jpg 574 435 274 96 0.53994
00025.jpg 505 73 36 103 0.53991
00025.jpg 567 87 56 192 0.53932
00025.jpg 507 79 38 106 0.53920
00025.jpg 192 38 60 173 0.53470
00025.jpg 505 58 45 219 0.53413
00025.jpg 79 43 61 190 0.53299
00025.jpg 142 17 30 50 0.53257
00025.jpg 823 77 113 245 0.53173
00025.jpg 828 70 50 64 0.52956
00025.jpg 92 93 144 325 0.52875
00025.jpg 820 69 54 86 0.52788
00025.jpg 389 59 71 210 0.52491
00025.jpg 325 15 44 63 0.52459
00025.jpg 571 430 306 109 0.52444
00025.jpg 452 75 73 263 0.52340
00025.jpg 511 84 35 94 0.52299
00025.jpg 202 38 61 167 0.52110
00025.jpg 83 86 150 311 0.52088
00025.jpg 63 2 82 76 0.51741
00025.jpg 587 429 253 106 0.51655
00025.jpg 502 51 25 47 0.51207
00025.jpg 825 70 52 89 0.50748
00025.jpg 508 80 37 74 0.50726
00025.jpg 507 55 18 37 0.50719
00025.jpg 920 119 36 65 0.50406
00025.jpg 500 55 28 49 0.50382
00025.jpg 78 43 68 162 0.50307
00025.jpg 923 117 36 60 0.50305
00025.jpg 507 53 17 34 0.50256
00025.jpg 80 35 60 194 0.50087
00025.jpg 820 68 55 73 0.49999
