00020.jpg 863 92 71 244 0.99868
00020.jpg 826 65 57 245 0.99671
00020.jpg 206 38 55 175 0.99671
00020.jpg 862 87 71 257 0.99668
00020.jpg 204 40 61 174 0.99652
00020.jpg 860 86 79 255 0.99636
00020.jpg 862 93 74 248 0.99586
00020.jpg 113 101 112 317 0.99568
00020.jpg 204 44 53 170 0.99548
00020.jpg 461 81 80 278 0.99471
00020.jpg 113 98 118 321 0.99407
00020.jpg 469 77 74 276 0.99376
00020.jpg 109 88 125 332 0.99371
00020.jpg 460 76 84 280 0.99348
00020.jpg 864 91 71 246 0.99347
00020.jpg 108 85 119 337 0.99344
00020.jpg 459 80 83 271 0.99327
00020.jpg 64 1 87 72 0.99291
00020.jpg 106 78 122 337 0.99263
00020.jpg 460 71 89 282 0.99260
00020.jpg 688 53 40 147 0.99249
00020.jpg 202 37 62 177 0.99219
00020.jpg 821 71 60 239 0.99190
00020.jpg 111 95 112 326 0.99189
00020.jpg 785 50 53 170 0.99179
00020.jpg 204 36 60 178 0.99137
00020.jpg 869 71 66 274 0.99103
00020.jpg 111 94 110 320 0.99098
00020.jpg 567 90 58 189 0.99060
00020.jpg 114 87 117 329 0.99041
00020.jpg 459 76 86 268 0.99035
00020.jpg 786 54 50 159 0.99021
00020.jpg 113 85 117 334 0.99006
00020.jpg 867 85 69 258 0.98977
00020.jpg 566 91 62 190 0.98912
00020.jpg 567 90 58 192 0.98902
00020.jpg 686 54 40 143 0.98896
00020.jpg 789 54 49 160 0.98868
00020.jpg 203 35 62 184 0.98859
00020.jpg 468 76 69 275 0.98859
00020.jpg 109 93 118 320 0.98788
00020.jpg 110 102 117 315 0.98755
00020.jpg 461 68 86 285 0.98746
00020.jpg 203 34 62 175 0.98746
00020.jpg 686 53 41 150 0.98716
00020.jpg 567 93 64 183 0.98715
00020.jpg 857 94 81 248 0.98686
00020.jpg 865 90 70 246 0.98638
00020.jpg 865 86 71 247 0.98629
00020.jpg 120 90 105 324 0.98618
00020.jpg 466 74 80 271 0.98598
00020.jpg 687 55 38 147 0.98593
00020.jpg 206 39 57 173 0.98575
00020.jpg 332 15 45 75 0.98560
00020.jpg 567 89 63 188 0.98535
00020.jpg 823 76 57 235 0.98525
00020.jpg 786 53 50 161 0.98521
00020.jpg 111 88 110 330 0.98484
00020.jpg 824 61 66 247 0.98469
00020.jpg 459 75 86 266 0.98446
00020.jpg 465 75 82 269 0.98436
00020.jpg 68 2 84 74 0.98433
00020.jpg 297 19 30 66 0.98429
00020.jpg 864 78 73 260 0.98361
00020.jpg 566 89 61 193 0.98359
00020.jpg 566 93 63 191 0.98315
00020.jpg 683 56 43 142 0.98275
00020.jpg 788 57 45 156 0.98262
00020.jpg 204 39 61 170 0.98182
00020.jpg 683 60 40 140 0.98179
00020.jpg 413 63 56 212 0.98178
00020.jpg 784 54 52 156 0.98168
00020.jpg 867 87 70 252 0.98112
00020.jpg 861 89 76 252 0.98062
00020.jpg 864 88 73 249 0.98059
00020.jpg 874 100 65 238 0.98044
00020.jpg 685 56 37 146 0.98042
00020.jpg 406 65 59 210 0.98035
00020.jpg 199 38 66 175 0.98012
00020.jpg 66 2 86 74 0.98010
00020.jpg 567 89 58 188 0.97998
00020.jpg 117 102 106 320 0.97967
00020.jpg 868 94 68 233 0.97912
00020.jpg 209 35 54 176 0.97909
00020.jpg 462 69 85 281 0.97847
00020.jpg 683 50 48 154 0.97829
00020.jpg 332 16 44 70 0.97825
00020.jpg 570 88 59 189 0.97774
00020.jpg 408 49 46 130 0.97725
00020.jpg 787 53 51 163 0.97710
00020.jpg 867 96 72 235 0.97678
00020.jpg 204 37 61 171 0.97672
00020.jpg 297 24 29 60 0.97649
00020.jpg 296 20 34 64 0.97594
00020.jpg 460 76 85 276 0.97585
00020.jpg 67 6 84 69 0.97474
00020.jpg 861 88 76 249 0.97437
00020.jpg 784 51 52 163 0.97411
00020.jpg 687 57 39 146 0.97307
00020.jpg 826 67 54 235 0.97295
00020.jpg 331 14 41 69 0.97281
00020.jpg 111 84 112 329 0.97268
00020.jpg 782 48 55 165 0.97240
00020.jpg 461 68 80 282 0.97231
00020.jpg 569 96 58 178 0.97212
00020.jpg 203 36 57 179 0.97182
00020.jpg 107 94 124 322 0.97163
00020.jpg 201 35 58 175 0.97158
00020.jpg 88 38 57 160 0.97134
00020.jpg 564 88 61 192 0.97124
00020.jpg 684 57 41 146 0.97096
00020.jpg 570 90 60 186 0.97047
00020.jpg 203 40 61 167 0.97031
00020.jpg 458 79 90 267 0.97004
00020.jpg 567 82 64 197 0.96915
00020.jpg 827 58 56 252 0.96890
00020.jpg 329 14 43 72 0.96864
00020.jpg 406 68 62 220 0.96847
00020.jpg 412 68 53 225 0.96847
00020.jpg 108 85 117 339 0.96802
00020.jpg 410 89 57 182 0.96795
00020.jpg 786 51 50 163 0.96730
00020.jpg 205 40 56 176 0.96611
00020.jpg 202 35 61 173 0.96603
00020.jpg 569 93 57 188 0.96530
00020.jpg 866 84 68 258 0.96475
00020.jpg 786 52 51 160 0.96475
00020.jpg 72 6 78 66 0.96409
00020.jpg 117 91 110 318 0.96394
00020.jpg 465 76 80 267 0.96370
00020.jpg 684 58 41 141 0.96267
00020.jpg 202 32 58 176 0.96238
00020.jpg 828 58 53 257 0.96222
00020.jpg 68 2 84 71 0.96198
00020.jpg 68 1 83 72 0.96169
00020.jpg 115 108 109 278 0.96041
00020.jpg 405 56 56 119 0.96038
00020.jpg 459 78 88 270 0.96023
00020.jpg 69 2 79 71 0.95962
00020.jpg 119 90 112 328 0.95883
00020.jpg 786 53 55 160 0.95856
00020.jpg 82 33 67 149 0.95820
00020.jpg 784 60 53 152 0.95789
00020.jpg 67 3 86 69 0.95774
00020.jpg 64 3 92 69 0.95761
00020.jpg 865 77 69 263 0.95741
00020.jpg 462 84 81 262 0.95736
00020.jpg 108 91 120 318 0.95727
00020.jpg 783 54 55 158 0.95715
00020.jpg 295 19 31 65 0.95701
00020.jpg 466 70 79 271 0.95695
00020.jpg 824 62 62 251 0.95640
00020.jpg 593 438 258 97 0.95564
00020.jpg 67 2 85 71 0.95528
00020.jpg 84 30 63 163 0.95503
00020.jpg 466 84 81 260 0.95502
00020.jpg 861 86 71 249 0.95488
00020.jpg 333 15 42 72 0.95458
00020.jpg 113 97 108 332 0.95385
00020.jpg 112 94 108 321 0.95373
00020.jpg 566 89 61 188 0.95355
00020.jpg 827 71 60 229 0.95350
00020.jpg 408 70 63 209 0.95338
00020.jpg 205 41 59 172 0.95325
00020.jpg 409 72 55 212 0.95224
00020.jpg 298 19 30 64 0.95164
00020.jpg 330 13 43 67 0.95153
00020.jpg 565 90 64 192 0.95144
00020.jpg 566 87 63 194 0.95108
00020.jpg 300 21 31 62 0.95085
00020.jpg 569 93 59 180 0.95061
00020.jpg 405 53 55 116 0.95031
00020.jpg 205 40 56 170 0.94948
00020.jpg 462 70 86 278 0.94908
00020.jpg 205 38 62 175 0.94877
00020.jpg 408 61 55 143 0.94803
00020.jpg 868 91 65 236 0.94730
00020.jpg 869 89 66 252 0.94694
00020.jpg 823 67 57 236 0.94685
00020.jpg 66 3 91 73 0.94636
00020.jpg 786 53 50 164 0.94629
00020.jpg 823 68 55 237 0.94600
00020.jpg 61 5 97 70 0.94586
00020.jpg 404 66 58 217 0.94564
00020.jpg 111 88 114 345 0.94480
00020.jpg 686 57 41 141 0.94450
00020.jpg 688 58 39 140 0.94450
00020.jpg 593 433 260 97 0.94387
00020.jpg 68 2 83 75 0.94320
00020.jpg 205 37 60 176 0.94311
00020.jpg 864 88 73 253 0.94288
00020.jpg 408 52 47 127 0.94262
00020.jpg 689 58 39 139 0.94203
00020.jpg 298 21 26 65 0.94157
00020.jpg 566 91 64 192 0.94139
00020.jpg 115 94 114 327 0.94086
00020.jpg 333 15 40 71 0.94066
00020.jpg 784 52 52 163 0.94001
00020.jpg 462 69 75 289 0.93991
00020.jpg 110 80 115 344 0.93960
00020.jpg 66 2 86 73 0.93952
00020.jpg 869 81 71 261 0.93944
00020.jpg 409 62 59 217 0.93820
00020.jpg 201 40 63 169 0.93762
00020.jpg 468 83 76 267 0.93727
00020.jpg 333 14 40 71 0.93725
00020.jpg 571 90 56 190 0.93722
00020.jpg 112 101 116 323 0.93704
00020.jpg 206 38 59 172 0.93680
00020.jpg 201 39 65 173 0.93616
00020.jpg 408 71 60 208 0.93482
00020.jpg 464 77 81 271 0.93460
00020.jpg 460 66 89 287 0.93402
00020.jpg 598 434 252 100 0.93376
00020.jpg 564 89 69 194 0.93354
00020.jpg 828 67 56 243 0.93320
00020.jpg 826 66 60 241 0.93295
00020.jpg 858 88 82 247 0.93202
00020.jpg 90 27 47 172 0.93200
00020.jpg 408 54 53 216 0.93155
00020.jpg 459 82 93 257 0.93075
00020.jpg 566 86 64 191 0.93048
00020.jpg 87 32 54 163 0.92993
00020.jpg 406 55 57 125 0.92976
00020.jpg 67 2 82 76 0.92909
00020.jpg 402 77 69 196 0.92850
00020.jpg 295 19 33 66 0.92773
00020.jpg 862 86 71 248 0.92756
00020.jpg 566 94 63 183 0.92737
00020.jpg 565 90 66 191 0.92662
00020.jpg 828 59 53 247 0.92636
00020.jpg 104 97 124 317 0.92576
00020.jpg 110 89 118 321 0.92516
00020.jpg 569 85 59 195 0.92498
00020.jpg 824 63 62 243 0.92494
00020.jpg 65 4 92 71 0.92473
00020.jpg 408 59 61 214 0.92446
00020.jpg 412 52 46 122 0.92406
00020.jpg 565 87 65 197 0.92389
00020.jpg 114 74 114 359 0.92340
00020.jpg 684 58 41 146 0.92340
00020.jpg 66 2 91 77 0.92302
00020.jpg 68 3 84 70 0.92278
00020.jpg 785 49 55 169 0.92250
00020.jpg 826 54 58 269 0.92233
00020.jpg 459 82 84 263 0.92232
00020.jpg 72 3 79 71 0.92208
00020.jpg 408 77 61 204 0.92172
00020.jpg 408 77 64 196 0.92091
00020.jpg 86 35 57 171 0.92004
00020.jpg 110 83 120 333 0.91983
00020.jpg 67 2 85 74 0.91855
00020.jpg 404 71 59 200 0.91851
00020.jpg 199 37 68 178 0.91814
00020.jpg 407 52 45 127 0.91789
00020.jpg 408 60 58 191 0.91483
00020.jpg 868 93 64 247 0.91381
00020.jpg 464 81 76 262 0.91288
00020.jpg 785 54 51 155 0.91287
00020.jpg 333 15 44 70 0.91285
00020.jpg 824 63 63 243 0.91281
00020.jpg 67 1 91 76 0.91235
00020.jpg 785 52 52 160 0.91218
00020.jpg 295 19 32 65 0.91095
00020.jpg 685 60 42 138 0.91084
00020.jpg 298 20 29 64 0.90985
00020.jpg 87 24 57 172 0.90977
00020.jpg 67 1 90 71 0.90903
00020.jpg 336 17 35 69 0.90859
00020.jpg 863 90 74 243 0.90807
00020.jpg 110 79 112 342 0.90766
00020.jpg 780 55 54 155 0.90723
00020.jpg 295 21 33 63 0.90605
00020.jpg 120 84 106 332 0.90596
00020.jpg 205 39 58 173 0.90471
00020.jpg 685 60 42 138 0.90452
00020.jpg 461 71 80 277 0.90448
00020.jpg 461 79 85 273 0.90398
00020.jpg 821 70 63 231 0.90229
00020.jpg 87 41 58 156 0.90198
00020.jpg 866 87 69 269 0.90181
00020.jpg 460 82 82 268 0.90130
00020.jpg 570 90 59 187 0.90066
00020.jpg 822 68 60 236 0.90009
00020.jpg 332 12 42 68 0.90008
00020.jpg 330 15 45 71 0.89962
00020.jpg 827 66 59 233 0.89870
00020.jpg 864 87 70 249 0.89848
00020.jpg 566 88 64 191 0.89814
00020.jpg 407 58 55 120 0.89797
00020.jpg 788 52 49 161 0.89772
00020.jpg 685 54 44 150 0.89768
00020.jpg 408 51 45 118 0.89727
00020.jpg 299 19 31 65 0.89593
00020.jpg 593 430 272 104 0.89450
00020.jpg 688 56 41 143 0.89299
00020.jpg 862 89 76 245 0.88956
00020.jpg 784 55 54 155 0.88930
00020.jpg 111 89 120 332 0.88928
00020.jpg 603 432 261 96 0.88898
00020.jpg 470 76 75 274 0.88866
00020.jpg 204 37 55 179 0.88793
00020.jpg 199 39 64 168 0.88753
00020.jpg 685 56 41 144 0.88743
00020.jpg 466 81 82 282 0.88697
00020.jpg 408 51 52 117 0.88572
00020.jpg 109 96 114 310 0.88504
00020.jpg 92 47 50 144 0.88429
00020.jpg 831 64 52 231 0.88427
00020.jpg 103 85 129 334 0.88378
00020.jpg 333 17 40 67 0.88296
00020.jpg 566 89 57 188 0.88288
00020.jpg 67 3 87 71 0.88217
00020.jpg 596 432 268 106 0.88197
00020.jpg 462 74 83 278 0.88170
00020.jpg 296 21 34 64 0.88119
00020.jpg 824 66 65 250 0.88115
00020.jpg 404 65 64 216 0.88044
00020.jpg 67 0 86 73 0.87978
00020.jpg 296 17 30 69 0.87832
00020.jpg 405 70 65 218 0.87803
00020.jpg 598 425 260 114 0.87709
00020.jpg 201 40 62 174 0.87703
00020.jpg 62 6 95 70 0.87679
00020.jpg 828 62 55 234 0.87662
00020.jpg 75 8 74 140 0.87620
00020.jpg 298 22 33 64 0.87571
00020.jpg 853 77 58 258 0.87427
00020.jpg 685 60 40 140 0.87392
00020.jpg 825 61 57 254 0.87321
00020.jpg 203 39 57 173 0.87293
00020.jpg 593 429 276 103 0.87268
00020.jpg 86 42 57 150 0.87146
00020.jpg 784 53 52 162 0.87143
00020.jpg 590 429 267 108 0.87022
00020.jpg 404 79 64 202 0.87003
00020.jpg 104 83 122 348 0.86962
00020.jpg 412 60 56 221 0.86862
00020.jpg 87 42 52 154 0.86810
00020.jpg 825 70 56 236 0.86770
00020.jpg 687 55 40 146 0.86716
00020.jpg 298 19 31 69 0.86577
00020.jpg 870 92 67 229 0.86533
00020.jpg 780 57 58 155 0.86525
00020.jpg 207 35 58 177 0.86463
00020.jpg 332 13 43 64 0.86036
00020.jpg 685 60 47 143 0.86024
00020.jpg 689 57 40 145 0.85972
00020.jpg 298 18 33 67 0.85756
00020.jpg 458 76 86 265 0.85733
00020.jpg 326 22 54 63 0.85722
00020.jpg 331 17 45 71 0.85604
00020.jpg 331 12 46 74 0.85474
00020.jpg 329 17 47 67 0.85474
00020.jpg 333 13 40 64 0.85462
00020.jpg 865 88 73 241 0.85312
00020.jpg 332 11 43 75 0.85111
00020.jpg 598 430 262 104 0.85021
00020.jpg 789 53 48 160 0.85012
00020.jpg 605 431 258 108 0.85001
00020.jpg 459 75 81 253 0.84978
00020.jpg 604 431 265 108 0.84760
00020.jpg 200 35 59 173 0.84651
00020.jpg 332 14 45 67 0.84612
00020.jpg 929 115 30 67 0.84578
00020.jpg 822 69 60 236 0.84446
00020.jpg 822 69 62 242 0.84322
00020.jpg 329 16 44 72 0.84318
00020.jpg 783 53 51 158 0.84171
00020.jpg 866 88 76 244 0.84142
00020.jpg 333 13 40 70 0.84115
00020.jpg 687 56 42 139 0.84056
00020.jpg 594 431 267 104 0.83973
00020.jpg 64 1 91 80 0.83900
00020.jpg 408 67 60 204 0.83860
00020.jpg 407 62 56 219 0.83713
00020.jpg 65 2 89 69 0.83710
00020.jpg 205 36 57 182 0.83635
00020.jpg 84 37 63 155 0.83506
00020.jpg 329 16 41 69 0.83188
00020.jpg 784 52 52 166 0.83140
00020.jpg 85 45 53 144 0.83035
00020.jpg 403 56 65 122 0.82888
00020.jpg 560 87 74 194 0.82821
00020.jpg 584 434 289 105 0.82716
00020.jpg 867 87 74 246 0.82715
00020.jpg 113 74 117 353 0.82711
00020.jpg 203 35 61 181 0.82693
00020.jpg 330 14 43 70 0.82623
00020.jpg 202 41 59 170 0.82547
00020.jpg 88 34 52 169 0.82529
00020.jpg 67 2 87 70 0.82483
00020.jpg 826 65 53 233 0.82464
00020.jpg 570 89 58 189 0.82427
00020.jpg 827 70 59 217 0.82341
00020.jpg 112 91 114 329 0.82310
00020.jpg 68 3 78 73 0.82229
00020.jpg 83 18 61 176 0.82215
00020.jpg 405 61 62 161 0.82184
00020.jpg 337 16 39 68 0.82181
00020.jpg 825 67 60 227 0.81978
00020.jpg 788 53 50 157 0.81963
00020.jpg 785 53 51 159 0.81877
00020.jpg 67 1 86 72 0.81833
00020.jpg 334 13 42 69 0.81760
00020.jpg 408 54 50 112 0.81737
00020.jpg 85 40 59 155 0.81729
00020.jpg 333 16 44 67 0.81547
00020.jpg 831 66 60 250 0.81448
00020.jpg 405 62 58 213 0.81448
00020.jpg 565 88 64 183 0.81438
00020.jpg 404 46 55 131 0.81203
00020.jpg 608 434 252 96 0.81010
00020.jpg 409 53 55 140 0.80794
00020.jpg 409 51 48 146 0.80251
00020.jpg 68 6 84 65 0.80079
00020.jpg 88 48 51 151 0.80078
00020.jpg 689 53 39 149 0.79983
00020.jpg 84 26 63 183 0.79980
00020.jpg 407 54 56 112 0.79966
00020.jpg 70 4 83 76 0.79872
00020.jpg 298 19 33 64 0.79814
00020.jpg 114 84 111 338 0.79719
00020.jpg 598 432 264 102 0.79609
00020.jpg 82 30 59 162 0.79572
00020.jpg 507 57 34 70 0.79383
00020.jpg 591 431 264 107 0.79369
00020.jpg 106 82 125 339 0.79332
00020.jpg 572 87 53 186 0.79257
00020.jpg 202 37 57 176 0.79247
00020.jpg 570 86 62 191 0.79047
00020.jpg 207 40 57 176 0.78884
00020.jpg 333 12 41 66 0.78881
00020.jpg 783 50 54 161 0.78872
00020.jpg 828 63 56 244 0.78840
00020.jpg 65 2 94 77 0.78407
00020.jpg 594 438 253 94 0.78355
00020.jpg 927 113 32 60 0.78333
00020.jpg 605 431 256 101 0.78158
00020.jpg 115 93 104 307 0.78069
00020.jpg 408 64 61 210 0.78064
00020.jpg 91 45 55 165 0.77890
00020.jpg 411 55 45 108 0.77832
00020.jpg 89 39 57 173 0.77518
00020.jpg 463 75 78 254 0.77384
00020.jpg 411 56 45 102 0.77316
00020.jpg 404 52 59 123 0.77245
00020.jpg 786 57 49 154 0.77115
00020.jpg 330 17 43 60 0.76841
00020.jpg 66 1 93 77 0.76819
00020.jpg 783 65 55 138 0.76699
00020.jpg 206 25 58 186 0.76627
00020.jpg 569 89 67 187 0.76438
00020.jpg 615 434 230 105 0.76420
00020.jpg 857 92 84 249 0.76414
00020.jpg 67 7 88 75 0.76179
00020.jpg 102 86 128 343 0.76170
00020.jpg 333 16 47 70 0.75813
00020.jpg 64 4 87 73 0.75786
00020.jpg 598 432 266 102 0.75588
00020.jpg 599 435 253 99 0.75526
00020.jpg 328 15 43 63 0.75416
00020.jpg 410 59 51 100 0.75276
00020.jpg 334 16 43 53 0.75234
00020.jpg 685 56 46 140 0.75104
00020.jpg 87 30 59 174 0.75050
00020.jpg 110 79 124 341 0.74963
00020.jpg 603 437 262 98 0.74922
00020.jpg 201 36 65 169 0.74732
00020.jpg 406 56 49 120 0.74718
00020.jpg 410 54 51 213 0.74641
00020.jpg 408 52 50 173 0.74481
00020.jpg 404 59 63 136 0.74133
00020.jpg 507 53 33 57 0.74077
00020.jpg 859 86 79 260 0.74014
00020.jpg 328 14 49 66 0.73986
00020.jpg 78 24 67 147 0.73919
00020.jpg 298 20 27 63 0.73903
00020.jpg 82 12 62 187 0.73892
00020.jpg 565 89 58 182 0.73777
00020.jpg 608 432 248 99 0.73622
00020.jpg 112 102 111 325 0.73549
00020.jpg 597 432 266 102 0.73472
00020.jpg 601 427 263 110 0.73337
00020.jpg 602 432 269 107 0.73190
00020.jpg 89 35 57 161 0.73155
00020.jpg 930 109 29 68 0.73128
00020.jpg 202 42 60 172 0.72912
00020.jpg 411 77 58 195 0.72640
00020.jpg 408 50 46 149 0.72385
00020.jpg 408 57 53 127 0.72348
00020.jpg 332 16 46 71 0.72257
00020.jpg 110 98 116 308 0.72241
00020.jpg 77 14 71 120 0.71897
00020.jpg 933 115 26 68 0.71881
00020.jpg 67 3 91 68 0.71803
00020.jpg 406 53 56 125 0.71793
00020.jpg 863 88 68 251 0.71747
00020.jpg 410 81 59 200 0.71591
00020.jpg 110 86 115 333 0.71460
00020.jpg 335 14 42 73 0.71338
00020.jpg 823 74 56 230 0.71253
00020.jpg 509 54 35 81 0.71203
00020.jpg 206 38 55 177 0.71106
00020.jpg 409 52 54 114 0.70859
00020.jpg 405 56 53 111 0.70755
00020.jpg 827 66 55 240 0.70663
00020.jpg 610 435 244 99 0.70586
00020.jpg 113 81 115 336 0.70503
00020.jpg 410 79 64 188 0.70376
00020.jpg 610 434 251 100 0.70369
00020.jpg 860 83 66 249 0.70193
00020.jpg 113 92 108 317 0.70176
00020.jpg 203 43 52 168 0.69984
00020.jpg 587 437 279 94 0.69936
00020.jpg 331 16 42 63 0.69936
00020.jpg 685 58 46 143 0.69757
00020.jpg 85 50 46 135 0.69618
00020.jpg 610 430 238 108 0.69610
00020.jpg 331 15 43 75 0.69216
00020.jpg 404 92 65 189 0.69216
00020.jpg 606 437 238 98 0.69148
00020.jpg 335 12 39 67 0.69125
00020.jpg 201 43 59 173 0.69086
00020.jpg 81 46 58 153 0.68992
00020.jpg 787 52 51 162 0.68953
00020.jpg 107 84 113 331 0.68856
00020.jpg 591 428 278 109 0.68726
00020.jpg 929 113 30 71 0.68503
00020.jpg 926 114 33 65 0.68385
00020.jpg 83 29 53 158 0.68226
00020.jpg 504 52 37 56 0.68037
00020.jpg 412 54 54 199 0.67972
00020.jpg 605 426 252 110 0.67958
00020.jpg 785 50 57 160 0.67903
00020.jpg 408 46 53 134 0.67820
00020.jpg 683 60 40 141 0.67713
00020.jpg 784 58 48 162 0.67699
00020.jpg 66 4 88 69 0.67593
00020.jpg 601 437 258 96 0.67376
00020.jpg 88 35 52 159 0.67318
00020.jpg 407 79 57 196 0.67205
00020.jpg 331 16 40 51 0.67169
00020.jpg 408 51 48 120 0.67164
00020.jpg 284 62 20 19 0.67136
00020.jpg 327 50 35 37 0.67023
00020.jpg 853 83 84 257 0.67003
00020.jpg 403 54 58 147 0.66950
00020.jpg 829 64 59 234 0.66919
00020.jpg 928 114 31 63 0.66861
00020.jpg 65 4 89 79 0.66845
00020.jpg 330 13 44 54 0.66802
00020.jpg 87 35 56 165 0.66790
00020.jpg 416 75 53 206 0.66773
00020.jpg 414 55 47 119 0.66592
00020.jpg 465 77 81 276 0.66429
00020.jpg 604 441 248 93 0.66229
00020.jpg 507 55 33 69 0.66083
00020.jpg 293 16 32 69 0.65854
00020.jpg 406 65 66 217 0.65769
00020.jpg 929 112 30 61 0.65351
00020.jpg 411 54 45 103 0.65074
00020.jpg 76 2 75 70 0.64813
00020.jpg 825 79 58 215 0.64572
00020.jpg 105 97 133 309 0.64419
00020.jpg 867 88 74 251 0.64386
00020.jpg 406 56 55 142 0.64261
00020.jpg 785 52 53 158 0.64239
00020.jpg 406 69 66 196 0.64082
00020.jpg 819 65 63 250 0.63879
00020.jpg 330 14 45 71 0.63789
00020.jpg 869 92 64 234 0.63707
00020.jpg 508 54 37 63 0.63633
00020.jpg 151 15 31 51 0.63547
00020.jpg 328 55 35 32 0.63354
00020.jpg 70 1 82 76 0.62811
00020.jpg 90 34 53 162 0.62785
00020.jpg 569 91 62 187 0.62567
00020.jpg 856 83 90 253 0.62522
00020.jpg 67 6 87 75 0.62293
00020.jpg 409 66 60 214 0.62279
00020.jpg 820 61 63 250 0.62094
00020.jpg 148 19 31 49 0.62061
00020.jpg 504 56 37 46 0.61599
00020.jpg 331 13 44 64 0.61217
00020.jpg 69 7 83 69 0.60962
00020.jpg 455 75 91 260 0.60899
00020.jpg 330 15 42 53 0.60715
00020.jpg 782 50 53 170 0.60391
00020.jpg 455 82 82 253 0.60314
00020.jpg 509 54 39 52 0.60242
00020.jpg 789 49 49 161 0.59950
00020.jpg 89 55 59 121 0.59727
00020.jpg 512 55 35 93 0.59517
00020.jpg 74 5 80 69 0.59236
00020.jpg 785 57 59 169 0.59163
00020.jpg 585 430 272 100 0.59156
00020.jpg 327 16 49 70 0.59047
00020.jpg 510 51 37 77 0.58932
00020.jpg 566 92 62 190 0.58684
00020.jpg 824 73 60 221 0.58608
00020.jpg 691 57 39 138 0.58548
00020.jpg 407 62 65 235 0.58544
00020.jpg 64 3 93 70 0.57981
00020.jpg 339 18 34 68 0.57818
00020.jpg 861 80 73 256 0.57784
00020.jpg 571 99 55 184 0.57763
00020.jpg 409 85 55 188 0.57673
00020.jpg 511 55 33 56 0.57417
00020.jpg 153 20 30 52 0.57384
00020.jpg 295 18 33 67 0.57092
00020.jpg 827 67 59 230 0.57013
00020.jpg 408 75 67 210 0.56907
00020.jpg 405 51 53 138 0.56883
00020.jpg 866 85 64 247 0.56870
00020.jpg 816 55 65 255 0.56849
00020.jpg 80 18 62 164 0.56824
00020.jpg 783 56 55 160 0.56486
00020.jpg 64 3 91 74 0.56446
00020.jpg 327 50 35 31 0.56362
00020.jpg 410 66 58 200 0.56337
00020.jpg 154 22 28 49 0.56226
00020.jpg 857 82 77 256 0.55994
00020.jpg 330 48 34 35 0.55971
00020.jpg 858 75 72 266 0.55780
00020.jpg 298 18 33 65 0.55726
00020.jpg 560 83 65 186 0.55653
00020.jpg 411 87 57 199 0.55292
00020.jpg 88 47 65 150 0.55245
00020.jpg 330 52 38 34 0.55166
00020.jpg 332 36 35 53 0.55075
00020.jpg 411 53 48 102 0.54927
00020.jpg 401 51 63 213 0.54814
00020.jpg 842 57 65 273 0.54740
00020.jpg 787 67 55 130 0.54692
00020.jpg 407 54 44 128 0.54627
00020.jpg 606 432 261 103 0.54613
00020.jpg 78 50 59 138 0.54390
00020.jpg 75 47 63 146 0.54194
00020.jpg 405 56 52 124 0.54096
00020.jpg 595 437 263 89 0.54012
00020.jpg 509 62 35 84 0.53726
00020.jpg 826 56 62 275 0.53687
00020.jpg 92 47 49 165 0.53555
00020.jpg 510 72 34 94 0.53507
00020.jpg 933 112 26 61 0.53423
00020.jpg 286 62 22 20 0.53377
00020.jpg 510 66 33 88 0.53162
00020.jpg 414 56 37 93 0.53129
00020.jpg 508 54 32 44 0.53048
00020.jpg 460 75 87 281 0.53033
00020.jpg 510 53 33 38 0.53017
00020.jpg 681 53 48 150 0.52850
00020.jpg 199 42 62 170 0.52837
00020.jpg 408 56 42 103 0.52642
00020.jpg 329 12 40 60 0.52458
00020.jpg 336 18 39 71 0.52389
00020.jpg 682 61 47 143 0.52373
00020.jpg 607 426 230 105 0.52208
00020.jpg 90 29 57 169 0.52149
00020.jpg 506 54 31 46 0.51734
00020.jpg 559 90 63 186 0.51714
00020.jpg 466 113 78 233 0.51633
00020.jpg 330 38 39 45 0.51575
00020.jpg 598 429 261 108 0.51511
00020.jpg 297 18 36 65 0.51212
00020.jpg 408 53 53 109 0.51128
00020.jpg 405 43 63 236 0.51046
00020.jpg 511 72 32 110 0.51030
00020.jpg 81 38 62 177 0.50925
00020.jpg 512 70 34 110 0.50745
00020.jpg 87 35 47 176 0.50280
00020.jpg 112 86 127 340 0.50239
