00031.jpg 786 91 133 245 0.99849
00031.jpg 191 41 61 168 0.99841
00031.jpg 190 41 64 170 0.99832
00031.jpg 445 82 84 293 0.99807
00031.jpg 443 83 88 296 0.99800
00031.jpg 786 88 126 239 0.99769
00031.jpg 557 101 65 177 0.99743
00031.jpg 781 87 137 256 0.99734
00031.jpg 783 88 137 243 0.99729
00031.jpg 448 81 82 289 0.99686
00031.jpg 786 86 134 255 0.99670
00031.jpg 781 86 141 244 0.99649
00031.jpg 190 36 65 175 0.99632
00031.jpg 779 94 144 243 0.99618
00031.jpg 450 86 77 282 0.99599
00031.jpg 781 86 136 247 0.99575
00031.jpg 680 63 38 147 0.99546
00031.jpg 16 96 210 336 0.99522
00031.jpg 789 82 132 253 0.99514
00031.jpg 317 18 52 71 0.99460
00031.jpg 769 54 58 149 0.99426
00031.jpg 318 18 49 70 0.99394
00031.jpg 80 42 56 141 0.99356
00031.jpg 453 71 81 301 0.99309
00031.jpg 785 92 130 244 0.99302
00031.jpg 784 90 132 237 0.99259
00031.jpg 1 91 222 341 0.99204
00031.jpg 193 44 58 164 0.99183
00031.jpg 780 90 134 244 0.99162
00031.jpg 193 36 58 176 0.99146
00031.jpg 774 56 53 149 0.99144
00031.jpg 787 88 132 245 0.99142
00031.jpg 12 93 214 340 0.99137
00031.jpg 784 86 136 249 0.99134
00031.jpg 785 90 128 238 0.99076
00031.jpg 449 79 80 286 0.99074
00031.jpg 778 84 140 257 0.99053
00031.jpg 774 57 54 149 0.99026
00031.jpg 194 37 57 178 0.99024
00031.jpg 382 56 63 155 0.99021
00031.jpg 11 88 210 350 0.99018
00031.jpg 451 71 76 306 0.98994
00031.jpg 454 72 78 305 0.98985
00031.jpg 17 106 197 322 0.98913
00031.jpg 8 91 203 334 0.98895
00031.jpg 681 56 40 146 0.98894
00031.jpg 558 103 62 178 0.98818
00031.jpg 18 97 219 340 0.98785
00031.jpg 446 75 88 296 0.98766
00031.jpg 772 53 58 151 0.98759
00031.jpg 784 94 134 246 0.98715
00031.jpg 679 61 42 145 0.98704
00031.jpg 786 78 130 264 0.98701
00031.jpg 556 101 67 177 0.98699
00031.jpg 55 0 86 75 0.98605
00031.jpg 195 40 58 175 0.98538
00031.jpg 379 55 69 158 0.98515
00031.jpg 10 102 221 314 0.98512
00031.jpg 446 76 83 292 0.98497
00031.jpg 773 55 54 150 0.98482
00031.jpg 379 54 67 158 0.98477
00031.jpg 675 59 43 152 0.98442
00031.jpg 445 76 88 296 0.98418
00031.jpg 322 14 45 75 0.98352
00031.jpg 7 101 238 330 0.98271
00031.jpg 448 76 85 295 0.98209
00031.jpg 56 0 85 80 0.98206
00031.jpg 375 52 75 161 0.98201
00031.jpg 772 60 56 143 0.98195
00031.jpg 559 98 63 181 0.98139
00031.jpg 61 4 80 75 0.98134
00031.jpg 11 92 197 334 0.98113
00031.jpg 448 85 81 284 0.98092
00031.jpg 287 22 35 64 0.98065
00031.jpg 783 83 131 255 0.98042
00031.jpg 444 72 87 305 0.98016
00031.jpg 772 47 55 164 0.97996
00031.jpg 82 42 59 152 0.97917
00031.jpg 787 83 130 252 0.97897
00031.jpg 678 61 41 145 0.97866
00031.jpg 191 40 62 173 0.97833
00031.jpg 791 81 125 264 0.97828
00031.jpg 789 81 135 256 0.97823
00031.jpg 8 116 223 319 0.97805
00031.jpg 558 104 64 172 0.97739
00031.jpg 195 40 63 174 0.97729
00031.jpg 192 38 62 174 0.97722
00031.jpg 558 101 65 178 0.97684
00031.jpg 57 1 86 73 0.97665
00031.jpg 194 37 60 180 0.97665
00031.jpg 775 55 54 153 0.97663
00031.jpg 557 99 66 183 0.97647
00031.jpg 778 58 52 147 0.97628
00031.jpg 376 123 78 162 0.97589
00031.jpg 564 104 60 173 0.97576
00031.jpg 58 3 83 72 0.97571
00031.jpg 450 77 77 291 0.97504
00031.jpg 782 80 137 253 0.97454
00031.jpg 515 100 50 233 0.97446
00031.jpg 558 104 61 173 0.97442
00031.jpg 83 47 59 140 0.97424
00031.jpg 774 55 58 149 0.97423
00031.jpg 14 96 197 329 0.97396
00031.jpg 447 75 84 292 0.97393
00031.jpg 6 117 217 296 0.97353
00031.jpg 319 15 50 71 0.97304
00031.jpg 57 1 87 80 0.97294
00031.jpg 508 106 57 219 0.97283
00031.jpg 785 84 130 262 0.97270
00031.jpg 446 71 87 300 0.97222
00031.jpg 3 90 255 353 0.97199
00031.jpg 321 14 46 72 0.97198
00031.jpg 783 90 137 235 0.97152
00031.jpg 317 15 48 72 0.97133
00031.jpg 780 104 135 214 0.97116
00031.jpg 782 81 137 250 0.97095
00031.jpg 772 56 54 149 0.97089
00031.jpg 444 82 90 286 0.97057
00031.jpg 325 17 40 72 0.97057
00031.jpg 383 114 70 175 0.96972
00031.jpg 445 76 85 305 0.96936
00031.jpg 560 104 64 173 0.96920
00031.jpg 513 99 58 245 0.96915
00031.jpg 509 96 57 244 0.96915
00031.jpg 680 59 39 143 0.96891
00031.jpg 677 60 45 148 0.96850
00031.jpg 318 17 51 71 0.96842
00031.jpg 10 89 208 349 0.96822
00031.jpg 195 37 56 176 0.96775
00031.jpg 509 99 60 222 0.96762
00031.jpg 191 41 64 170 0.96742
00031.jpg 557 106 64 165 0.96712
00031.jpg 59 2 79 77 0.96710
00031.jpg 56 4 89 75 0.96685
00031.jpg 195 43 57 170 0.96672
00031.jpg 774 55 53 148 0.96668
00031.jpg 772 52 56 157 0.96661
00031.jpg 680 51 39 159 0.96636
00031.jpg 2 100 223 338 0.96579
00031.jpg 558 101 62 174 0.96495
00031.jpg 60 5 78 74 0.96476
00031.jpg 375 52 73 157 0.96420
00031.jpg 787 91 135 244 0.96412
00031.jpg 776 57 51 151 0.96402
00031.jpg 776 54 54 153 0.96371
00031.jpg 554 107 65 172 0.96365
00031.jpg 19 98 203 322 0.96334
00031.jpg 559 99 66 178 0.96289
00031.jpg 772 54 55 146 0.96274
00031.jpg 509 102 58 259 0.96272
00031.jpg 558 106 67 171 0.96224
00031.jpg 449 85 79 285 0.96218
00031.jpg 60 3 86 74 0.96205
00031.jpg 191 36 65 175 0.96196
00031.jpg 512 103 58 243 0.96191
00031.jpg 680 60 38 143 0.96151
00031.jpg 58 4 86 69 0.96131
00031.jpg 559 100 63 179 0.96131
00031.jpg 14 105 192 322 0.96063
00031.jpg 563 102 56 177 0.95999
00031.jpg 193 37 65 181 0.95995
00031.jpg 82 40 54 146 0.95957
00031.jpg 788 86 123 248 0.95937
00031.jpg 83 43 56 142 0.95870
00031.jpg 556 107 66 173 0.95821
00031.jpg 560 103 61 176 0.95709
00031.jpg 81 40 55 144 0.95560
00031.jpg 286 22 36 63 0.95521
00031.jpg 15 100 210 334 0.95517
00031.jpg 62 5 77 72 0.95494
00031.jpg 556 100 68 179 0.95488
00031.jpg 554 106 70 170 0.95479
00031.jpg 375 116 83 172 0.95468
00031.jpg 62 4 78 75 0.95465
00031.jpg 80 40 54 146 0.95446
00031.jpg 679 57 41 151 0.95402
00031.jpg 192 42 58 174 0.95372
00031.jpg 380 124 81 169 0.95314
00031.jpg 510 100 55 242 0.95289
00031.jpg 58 2 84 74 0.95287
00031.jpg 319 19 48 67 0.95284
00031.jpg 513 109 62 203 0.95276
00031.jpg 55 4 91 73 0.95216
00031.jpg 454 69 73 309 0.95199
00031.jpg 319 16 49 74 0.95172
00031.jpg 317 16 51 73 0.95148
00031.jpg 778 83 152 249 0.95124
00031.jpg 379 120 78 165 0.95117
00031.jpg 4 98 216 340 0.95103
00031.jpg 787 87 130 248 0.95101
00031.jpg 788 88 126 236 0.95059
00031.jpg 0 99 239 339 0.95050
00031.jpg 445 84 85 280 0.95023
00031.jpg 448 78 81 296 0.94939
00031.jpg 448 79 80 291 0.94884
00031.jpg 786 75 134 265 0.94857
00031.jpg 510 109 60 189 0.94850
00031.jpg 57 1 84 77 0.94843
00031.jpg 190 42 61 169 0.94712
00031.jpg 319 16 50 71 0.94668
00031.jpg 61 4 79 73 0.94638
00031.jpg 378 125 77 163 0.94606
00031.jpg 558 102 66 178 0.94586
00031.jpg 320 16 49 71 0.94581
00031.jpg 791 84 128 254 0.94576
00031.jpg 189 33 63 188 0.94558
00031.jpg 785 91 135 249 0.94509
00031.jpg 287 22 31 62 0.94444
00031.jpg 320 15 47 76 0.94439
00031.jpg 378 59 72 152 0.94350
00031.jpg 319 20 48 67 0.94331
00031.jpg 286 24 32 63 0.94323
00031.jpg 380 54 61 157 0.94323
00031.jpg 773 51 58 154 0.94280
00031.jpg 83 44 56 149 0.94277
00031.jpg 319 18 49 69 0.94257
00031.jpg 286 24 34 57 0.94234
00031.jpg 559 102 65 180 0.94199
00031.jpg 16 103 203 325 0.94169
00031.jpg 378 59 70 154 0.94127
00031.jpg 496 56 39 66 0.94116
00031.jpg 81 42 56 151 0.94111
00031.jpg 320 18 47 67 0.94102
00031.jpg 379 106 78 183 0.94013
00031.jpg 773 61 59 139 0.93987
00031.jpg 188 40 61 167 0.93953
00031.jpg 446 85 85 277 0.93889
00031.jpg 17 106 189 322 0.93874
00031.jpg 319 17 47 72 0.93802
00031.jpg 774 54 55 152 0.93793
00031.jpg 58 3 86 74 0.93610
00031.jpg 382 57 64 151 0.93520
00031.jpg 564 98 56 182 0.93451
00031.jpg 515 96 55 249 0.93412
00031.jpg 496 57 38 57 0.93410
00031.jpg 290 21 31 64 0.93394
00031.jpg 559 105 64 172 0.93369
00031.jpg 380 56 66 160 0.93307
00031.jpg 447 72 86 301 0.93284
00031.jpg 78 47 59 138 0.93230
00031.jpg 322 15 45 78 0.93218
00031.jpg 284 22 32 63 0.93173
00031.jpg 677 63 40 139 0.93148
00031.jpg 773 55 57 146 0.93146
00031.jpg 194 40 58 170 0.93096
00031.jpg 82 48 60 142 0.92965
00031.jpg 587 436 257 103 0.92959
00031.jpg 1 83 241 358 0.92936
00031.jpg 514 104 58 214 0.92894
00031.jpg 380 127 78 156 0.92876
00031.jpg 514 104 52 212 0.92872
00031.jpg 776 55 51 147 0.92851
00031.jpg 319 16 48 73 0.92806
00031.jpg 779 94 140 226 0.92784
00031.jpg 15 104 206 322 0.92776
00031.jpg 318 15 51 74 0.92744
00031.jpg 448 76 89 291 0.92663
00031.jpg 5 101 208 336 0.92619
00031.jpg 378 46 64 170 0.92589
00031.jpg 187 40 63 173 0.92580
00031.jpg 677 61 43 138 0.92524
00031.jpg 562 98 60 185 0.92488
00031.jpg 509 101 57 244 0.92438
00031.jpg 510 93 61 251 0.92419
00031.jpg 773 53 56 152 0.92338
00031.jpg 319 14 45 76 0.92305
00031.jpg 191 40 63 170 0.92292
00031.jpg 289 20 33 69 0.92215
00031.jpg 385 94 62 190 0.92151
00031.jpg 511 100 56 252 0.91975
00031.jpg 55 5 92 71 0.91961
00031.jpg 380 53 68 160 0.91923
00031.jpg 448 85 78 270 0.91900
00031.jpg 59 2 81 76 0.91875
00031.jpg 13 86 191 360 0.91854
00031.jpg 287 20 33 64 0.91797
00031.jpg 82 50 60 138 0.91779
00031.jpg 58 2 86 75 0.91767
00031.jpg 379 49 68 164 0.91747
00031.jpg 82 46 62 136 0.91739
00031.jpg 510 110 59 186 0.91616
00031.jpg 773 51 55 155 0.91611
00031.jpg 509 103 63 207 0.91610
00031.jpg 287 21 32 64 0.91607
00031.jpg 3 99 248 333 0.91587
00031.jpg 378 128 78 156 0.91401
00031.jpg 781 89 147 249 0.91377
00031.jpg 286 17 32 67 0.91325
00031.jpg 930 117 29 66 0.91219
00031.jpg 785 89 131 249 0.90767
00031.jpg 561 103 64 174 0.90754
00031.jpg 512 111 61 229 0.90537
00031.jpg 0 91 245 336 0.90495
00031.jpg 59 4 89 74 0.90416
00031.jpg 4 97 207 336 0.90414
00031.jpg 513 101 58 227 0.90397
00031.jpg 505 89 64 274 0.90228
00031.jpg 57 2 85 74 0.90147
00031.jpg 322 17 45 69 0.90029
00031.jpg 555 99 68 182 0.89945
00031.jpg 12 92 186 348 0.89910
00031.jpg 449 77 80 291 0.89863
00031.jpg 318 14 53 74 0.89723
00031.jpg 198 38 53 173 0.89721
00031.jpg 58 0 83 78 0.89689
00031.jpg 510 98 58 254 0.89674
00031.jpg 191 44 63 169 0.89673
00031.jpg 374 130 86 159 0.89626
00031.jpg 516 110 54 185 0.89595
00031.jpg 56 6 92 70 0.89585
00031.jpg 495 54 39 62 0.89552
00031.jpg 676 56 46 149 0.89462
00031.jpg 379 57 66 155 0.89403
00031.jpg 509 95 64 245 0.89381
00031.jpg 382 62 66 161 0.89315
00031.jpg 557 100 65 178 0.89209
00031.jpg 445 86 76 284 0.89121
00031.jpg 556 106 65 173 0.88982
00031.jpg 676 58 44 148 0.88633
00031.jpg 192 37 63 172 0.88627
00031.jpg 78 42 63 145 0.88591
00031.jpg 81 36 51 152 0.88508
00031.jpg 554 101 67 176 0.88353
00031.jpg 288 19 31 68 0.88335
00031.jpg 57 1 85 76 0.88327
00031.jpg 767 57 61 144 0.88311
00031.jpg 57 3 83 73 0.88241
00031.jpg 496 57 38 64 0.88219
00031.jpg 319 14 49 75 0.88172
00031.jpg 383 56 62 153 0.88096
00031.jpg 82 51 57 127 0.88020
00031.jpg 321 17 46 69 0.87945
00031.jpg 192 40 62 170 0.87885
00031.jpg 79 49 59 139 0.87696
00031.jpg 510 106 56 230 0.87641
00031.jpg 384 55 60 154 0.87622
00031.jpg 496 57 43 60 0.87536
00031.jpg 496 55 39 63 0.87286
00031.jpg 514 103 59 225 0.87231
00031.jpg 189 38 69 173 0.87188
00031.jpg 495 56 41 71 0.87025
00031.jpg 513 103 58 225 0.87009
00031.jpg 22 98 164 321 0.86780
00031.jpg 380 51 64 162 0.86751
00031.jpg 499 55 36 59 0.86692
00031.jpg 679 61 42 148 0.86689
00031.jpg 55 1 88 81 0.86677
00031.jpg 383 56 66 158 0.86676
00031.jpg 560 101 64 176 0.86657
00031.jpg 596 438 253 98 0.86633
00031.jpg 76 47 75 150 0.86611
00031.jpg 677 62 42 142 0.86599
00031.jpg 81 38 54 153 0.86443
00031.jpg 507 102 54 250 0.86407
00031.jpg 787 79 136 253 0.86382
00031.jpg 16 111 194 301 0.86332
00031.jpg 85 49 59 141 0.86327
00031.jpg 379 44 68 191 0.85840
00031.jpg 194 38 60 176 0.85802
00031.jpg 3 103 228 326 0.85782
00031.jpg 783 80 142 254 0.85745
00031.jpg 501 89 65 270 0.85744
00031.jpg 500 57 39 71 0.85694
00031.jpg 17 80 178 347 0.85675
00031.jpg 496 57 38 59 0.85671
00031.jpg 319 18 43 70 0.85638
00031.jpg 782 92 144 240 0.85595
00031.jpg 375 57 72 156 0.85477
00031.jpg 195 42 60 173 0.85467
00031.jpg 61 2 86 79 0.85446
00031.jpg 379 52 73 199 0.85356
00031.jpg 496 58 37 55 0.85318
00031.jpg 787 90 133 241 0.85218
00031.jpg 681 59 39 144 0.85120
00031.jpg 558 103 63 191 0.85093
00031.jpg 498 56 39 65 0.84925
00031.jpg 380 57 67 155 0.84918
00031.jpg 382 51 65 159 0.84854
00031.jpg 82 42 55 143 0.84846
00031.jpg 61 6 83 71 0.84729
00031.jpg 496 52 39 72 0.84596
00031.jpg 509 107 58 210 0.84558
00031.jpg 54 0 90 78 0.84519
00031.jpg 379 123 77 165 0.84445
00031.jpg 0 96 265 335 0.84362
00031.jpg 509 104 53 239 0.84331
00031.jpg 676 59 45 150 0.84294
00031.jpg 446 70 86 306 0.84250
00031.jpg 6 93 214 339 0.84013
00031.jpg 511 101 57 235 0.83865
00031.jpg 555 102 63 179 0.83832
00031.jpg 504 91 67 272 0.83797
00031.jpg 65 5 78 77 0.83792
00031.jpg 76 44 62 148 0.83693
00031.jpg 55 1 88 81 0.83659
00031.jpg 287 24 36 62 0.83272
00031.jpg 508 105 54 227 0.83201
00031.jpg 378 132 80 152 0.83132
00031.jpg 925 116 31 68 0.82954
00031.jpg 322 14 43 77 0.82864
00031.jpg 381 59 65 139 0.82801
00031.jpg 680 60 42 144 0.82794
00031.jpg 587 433 260 98 0.82764
00031.jpg 780 81 140 246 0.82685
00031.jpg 75 29 68 129 0.82544
00031.jpg 8 109 188 319 0.82440
00031.jpg 514 108 59 181 0.82420
00031.jpg 60 7 83 73 0.82332
00031.jpg 497 56 38 64 0.82225
00031.jpg 926 116 31 65 0.82031
00031.jpg 57 5 82 67 0.81846
00031.jpg 83 50 57 134 0.81800
00031.jpg 60 3 82 71 0.81671
00031.jpg 564 103 58 169 0.81592
00031.jpg 678 60 41 147 0.81550
00031.jpg 447 82 94 311 0.81090
00031.jpg 767 56 62 146 0.81058
00031.jpg 678 58 41 145 0.80973
00031.jpg 319 16 49 76 0.80937
00031.jpg 378 123 84 172 0.80875
00031.jpg 23 101 200 316 0.80812
00031.jpg 586 438 262 95 0.80769
00031.jpg 769 54 64 144 0.80710
00031.jpg 287 22 31 64 0.80588
00031.jpg 925 117 30 67 0.80563
00031.jpg 318 16 52 71 0.80480
00031.jpg 20 87 171 345 0.80441
00031.jpg 773 58 54 145 0.80286
00031.jpg 597 431 247 108 0.80179
00031.jpg 61 1 78 97 0.80057
00031.jpg 20 96 252 330 0.79977
00031.jpg 317 16 51 70 0.79950
00031.jpg 374 101 83 157 0.79824
00031.jpg 378 62 71 163 0.79779
00031.jpg 283 23 35 64 0.79695
00031.jpg 681 62 38 133 0.79614
00031.jpg 19 105 207 348 0.79612
00031.jpg 580 438 260 97 0.79598
00031.jpg 682 60 41 136 0.79471
00031.jpg 373 73 82 222 0.79446
00031.jpg 496 54 44 63 0.79388
00031.jpg 376 103 85 169 0.79323
00031.jpg 379 57 68 188 0.79287
00031.jpg 320 17 47 73 0.79218
00031.jpg 924 118 34 69 0.78920
00031.jpg 373 114 90 154 0.78774
00031.jpg 318 17 49 67 0.78758
00031.jpg 448 81 76 286 0.78758
00031.jpg 787 85 133 253 0.78717
00031.jpg 512 88 59 275 0.78572
00031.jpg 496 56 37 64 0.78409
00031.jpg 454 77 77 284 0.78311
00031.jpg 497 55 36 63 0.78218
00031.jpg 74 43 72 155 0.78096
00031.jpg 928 115 31 73 0.77850
00031.jpg 320 17 49 73 0.77842
00031.jpg 373 62 69 153 0.77713
00031.jpg 197 37 56 177 0.77665
00031.jpg 15 92 265 343 0.77546
00031.jpg 510 106 61 201 0.77458
00031.jpg 57 4 88 67 0.77370
00031.jpg 496 56 36 60 0.77228
00031.jpg 371 76 88 210 0.77199
00031.jpg 515 105 55 203 0.77006
00031.jpg 382 62 60 122 0.76924
00031.jpg 381 53 74 154 0.76741
00031.jpg 8 83 187 359 0.76640
00031.jpg 61 3 82 75 0.76437
00031.jpg 377 124 82 164 0.76388
00031.jpg 3 125 195 297 0.76237
00031.jpg 62 3 78 71 0.76005
00031.jpg 512 106 54 195 0.75974
00031.jpg 381 41 64 169 0.75657
00031.jpg 82 58 52 118 0.75642
00031.jpg 323 16 46 71 0.75588
00031.jpg 196 35 59 179 0.75482
00031.jpg 317 16 48 70 0.75415
00031.jpg 498 57 39 64 0.75171
00031.jpg 374 120 78 166 0.75076
00031.jpg 589 440 246 99 0.74963
00031.jpg 384 138 64 147 0.74919
00031.jpg 568 102 56 169 0.74713
00031.jpg 191 36 64 182 0.74587
00031.jpg 581 446 265 85 0.74330
00031.jpg 374 117 79 162 0.74146
00031.jpg 288 24 38 62 0.74090
00031.jpg 930 114 29 67 0.74017
00031.jpg 85 45 55 136 0.73732
00031.jpg 77 43 55 141 0.73565
00031.jpg 376 55 72 185 0.73517
00031.jpg 769 58 63 157 0.73340
00031.jpg 782 86 142 250 0.73187
00031.jpg 322 14 48 74 0.73161
00031.jpg 194 39 63 168 0.73104
00031.jpg 506 93 60 261 0.73066
00031.jpg 449 73 83 295 0.72971
00031.jpg 379 61 65 138 0.72961
00031.jpg 18 115 178 326 0.72573
00031.jpg 560 103 67 175 0.72528
00031.jpg 786 81 141 256 0.72497
00031.jpg 587 438 253 95 0.72491
00031.jpg 500 89 67 277 0.72283
00031.jpg 374 68 81 219 0.72275
00031.jpg 315 16 54 73 0.72005
00031.jpg 516 101 57 193 0.71718
00031.jpg 771 54 59 147 0.71167
00031.jpg 593 438 258 96 0.71154
00031.jpg 788 84 129 246 0.71057
00031.jpg 10 96 219 327 0.70765
00031.jpg 7 106 214 319 0.70696
00031.jpg 55 5 88 74 0.70604
00031.jpg 497 54 39 62 0.70426
00031.jpg 286 22 38 64 0.70351
00031.jpg 192 47 62 161 0.70273
00031.jpg 795 85 121 245 0.70109
00031.jpg 454 69 78 295 0.70105
00031.jpg 583 438 257 98 0.70077
00031.jpg 63 4 86 80 0.70023
00031.jpg 75 56 59 128 0.69778
00031.jpg 189 38 64 177 0.69701
00031.jpg 580 437 255 102 0.69630
00031.jpg 776 59 51 112 0.69437
00031.jpg 386 60 54 140 0.69408
00031.jpg 775 51 60 148 0.69401
00031.jpg 588 438 253 100 0.69121
00031.jpg 379 147 73 146 0.69109
00031.jpg 496 56 37 62 0.69105
00031.jpg 82 44 71 151 0.69094
00031.jpg 506 105 64 236 0.69068
00031.jpg 501 57 40 63 0.68928
00031.jpg 85 46 50 141 0.68850
00031.jpg 378 107 84 166 0.68523
00031.jpg 497 56 37 70 0.68506
00031.jpg 78 33 59 151 0.68454
00031.jpg 325 17 42 68 0.68256
00031.jpg 444 84 79 284 0.68213
00031.jpg 770 46 65 169 0.68195
00031.jpg 372 60 70 151 0.68070
00031.jpg 594 445 255 84 0.67956
00031.jpg 922 117 37 64 0.67893
00031.jpg 386 56 61 141 0.67724
00031.jpg 586 438 267 100 0.67471
00031.jpg 12 107 188 312 0.67298
00031.jpg 318 16 46 59 0.67155
00031.jpg 597 442 246 89 0.67129
00031.jpg 927 115 30 68 0.67118
00031.jpg 80 41 63 139 0.67110
00031.jpg 55 3 89 81 0.67090
00031.jpg 517 106 60 189 0.67039
00031.jpg 376 102 84 187 0.66937
00031.jpg 775 56 58 145 0.66933
00031.jpg 585 441 254 93 0.66917
00031.jpg 513 97 58 237 0.66910
00031.jpg 194 36 60 179 0.66900
00031.jpg 924 116 34 71 0.66862
00031.jpg 195 38 61 173 0.66785
00031.jpg 508 106 55 207 0.66610
00031.jpg 498 53 37 74 0.66411
00031.jpg 585 440 263 94 0.66170
00031.jpg 923 116 34 69 0.66126
00031.jpg 769 101 158 240 0.66114
00031.jpg 390 57 57 139 0.66016
00031.jpg 791 95 129 231 0.65946
00031.jpg 377 99 82 191 0.65769
00031.jpg 371 100 89 192 0.65601
00031.jpg 67 15 74 106 0.65420
00031.jpg 287 22 40 62 0.64746
00031.jpg 322 18 43 64 0.64683
00031.jpg 557 100 72 172 0.64478
00031.jpg 776 58 50 136 0.64404
00031.jpg 589 445 265 82 0.64332
00031.jpg 85 41 53 145 0.64268
00031.jpg 497 56 35 58 0.64254
00031.jpg 321 19 45 73 0.63962
00031.jpg 556 99 65 185 0.63857
00031.jpg 596 444 253 91 0.63823
00031.jpg 20 94 170 328 0.63738
00031.jpg 317 16 48 76 0.63642
00031.jpg 455 84 73 277 0.63614
00031.jpg 284 23 37 64 0.63578
00031.jpg 591 441 246 90 0.63385
00031.jpg 683 61 40 143 0.62825
00031.jpg 771 58 60 63 0.62768
00031.jpg 77 51 74 136 0.62751
00031.jpg 318 17 53 78 0.62719
00031.jpg 82 52 60 138 0.62381
00031.jpg 451 75 88 293 0.62330
00031.jpg 794 87 128 253 0.62252
00031.jpg 372 119 89 167 0.62064
00031.jpg 496 49 37 94 0.61958
00031.jpg 18 126 175 289 0.61882
00031.jpg 10 103 242 324 0.61576
00031.jpg 379 141 80 155 0.61382
00031.jpg 608 442 245 84 0.61107
00031.jpg 510 112 60 215 0.61063
00031.jpg 768 58 57 146 0.61015
00031.jpg 25 113 167 312 0.60753
00031.jpg 514 111 61 186 0.60481
00031.jpg 69 2 85 89 0.60376
00031.jpg 373 46 69 173 0.60298
00031.jpg 675 61 38 137 0.60154
00031.jpg 511 109 58 230 0.60140
00031.jpg 558 100 68 170 0.60111
00031.jpg 20 100 168 315 0.59916
00031.jpg 447 77 92 283 0.59849
00031.jpg 776 54 57 145 0.59809
00031.jpg 496 58 45 61 0.59386
00031.jpg 383 78 78 223 0.59365
00031.jpg 591 442 250 92 0.59266
00031.jpg 597 437 242 93 0.59040
00031.jpg 581 439 258 89 0.59029
00031.jpg 505 95 56 253 0.58929
00031.jpg 55 2 89 68 0.58802
00031.jpg 581 449 249 83 0.58411
00031.jpg 22 85 226 354 0.58370
00031.jpg 422 106 50 68 0.58317
00031.jpg 561 96 64 177 0.58303
00031.jpg 769 67 59 142 0.58204
00031.jpg 765 57 58 151 0.57997
00031.jpg 381 52 71 161 0.57934
00031.jpg 60 0 80 99 0.57845
00031.jpg 75 41 57 140 0.57811
00031.jpg 554 103 66 172 0.57798
00031.jpg 58 7 82 67 0.57691
00031.jpg 65 10 78 121 0.57649
00031.jpg 770 56 62 167 0.57512
00031.jpg 791 98 121 237 0.57305
00031.jpg 317 21 50 71 0.57209
00031.jpg 76 25 51 104 0.57112
00031.jpg 66 2 75 86 0.57026
00031.jpg 776 54 55 155 0.56909
00031.jpg 588 438 251 97 0.56804
00031.jpg 507 107 57 226 0.56768
00031.jpg 498 56 36 87 0.56585
00031.jpg 508 106 58 199 0.56561
00031.jpg 378 54 68 148 0.56423
00031.jpg 82 49 63 140 0.56293
00031.jpg 371 43 69 174 0.56292
00031.jpg 590 442 248 96 0.56233
00031.jpg 780 96 140 243 0.56211
00031.jpg 137 26 33 43 0.56005
00031.jpg 320 14 49 71 0.55984
00031.jpg 506 88 63 280 0.55916
00031.jpg 134 19 36 57 0.55846
00031.jpg 552 103 65 190 0.55786
00031.jpg 927 118 31 55 0.55773
00031.jpg 75 38 60 143 0.55705
00031.jpg 775 56 47 78 0.55566
00031.jpg 289 23 32 59 0.55238
00031.jpg 65 1 82 77 0.55134
00031.jpg 918 116 41 66 0.55068
00031.jpg 54 7 85 66 0.54915
00031.jpg 777 94 153 248 0.54912
00031.jpg 677 63 43 124 0.54710
00031.jpg 45 93 215 336 0.54704
00031.jpg 787 92 123 225 0.54588
00031.jpg 70 40 82 161 0.54346
00031.jpg 140 23 30 44 0.54261
00031.jpg 773 52 64 138 0.53920
00031.jpg 388 129 69 163 0.53874
00031.jpg 505 99 62 257 0.53866
00031.jpg 771 55 61 137 0.53808
00031.jpg 451 79 74 275 0.53665
00031.jpg 54 4 86 78 0.53660
00031.jpg 765 63 62 148 0.53544
00031.jpg 1 180 39 41 0.53274
00031.jpg 686 63 37 124 0.53230
00031.jpg 496 57 44 70 0.53178
00031.jpg 22 114 156 306 0.53105
00031.jpg 491 54 51 62 0.53089
00031.jpg 78 44 70 157 0.53024
00031.jpg 451 81 97 285 0.52936
00031.jpg 60 2 82 93 0.52894
00031.jpg 10 117 179 303 0.52454
00031.jpg 381 133 70 149 0.52302
00031.jpg 566 98 60 172 0.52283
00031.jpg 767 56 62 153 0.52190
00031.jpg 62 2 81 75 0.52073
00031.jpg 86 53 54 126 0.52064
00031.jpg 599 439 237 96 0.51792
00031.jpg 929 111 30 72 0.51764
00031.jpg 431 107 36 127 0.51667
00031.jpg 321 16 44 56 0.51640
00031.jpg 487 58 57 63 0.51583
00031.jpg 598 441 240 85 0.51467
00031.jpg 778 99 137 213 0.51448
00031.jpg 34 97 154 301 0.50893
00031.jpg 286 21 39 65 0.50854
00031.jpg 5 173 31 44 0.50802
00031.jpg 385 101 74 201 0.50798
00031.jpg 59 3 83 78 0.50708
00031.jpg 140 24 31 48 0.50613
00031.jpg 501 54 34 93 0.50587
00031.jpg 502 82 69 299 0.50045
00031.jpg 444 79 75 283 0.49934
