00010.jpg 261 269 79 177 0.99910
00010.jpg 261 269 80 171 0.99905
00010.jpg 92 274 62 137 0.99903
00010.jpg 256 274 89 171 0.99902
00010.jpg 731 251 80 266 0.99893
00010.jpg 98 271 53 142 0.99891
00010.jpg 259 268 86 172 0.99879
00010.jpg 96 276 53 133 0.99852
00010.jpg 258 266 92 173 0.99848
00010.jpg 93 274 64 136 0.99844
00010.jpg 264 270 86 176 0.99832
00010.jpg 93 279 63 130 0.99823
00010.jpg 734 248 78 276 0.99808
00010.jpg 258 267 83 175 0.99805
00010.jpg 722 250 88 264 0.99799
00010.jpg 96 272 61 144 0.99736
00010.jpg 263 268 78 177 0.99724
00010.jpg 97 274 55 143 0.99692
00010.jpg 734 245 76 274 0.99669
00010.jpg 91 280 64 133 0.99665
00010.jpg 261 269 82 175 0.99642
00010.jpg 257 268 89 174 0.99641
00010.jpg 723 245 90 273 0.99641
00010.jpg 727 244 89 274 0.99610
00010.jpg 93 276 64 140 0.99607
00010.jpg 259 262 84 189 0.99607
00010.jpg 728 246 82 270 0.99605
00010.jpg 87 278 71 135 0.99603
00010.jpg 722 251 90 269 0.99597
00010.jpg 96 278 57 135 0.99588
00010.jpg 732 250 84 264 0.99575
00010.jpg 728 246 84 267 0.99567
00010.jpg 95 275 61 142 0.99549
00010.jpg 97 276 56 138 0.99522
00010.jpg 260 262 88 182 0.99512
00010.jpg 261 270 84 174 0.99467
00010.jpg 94 277 59 137 0.99455
00010.jpg 266 266 82 175 0.99454
00010.jpg 728 253 85 261 0.99436
00010.jpg 94 279 65 134 0.99411
00010.jpg 728 252 85 264 0.99406
00010.jpg 92 279 63 131 0.99399
00010.jpg 733 250 76 273 0.99385
00010.jpg 731 250 76 270 0.99367
00010.jpg 96 277 55 137 0.99364
00010.jpg 96 276 61 137 0.99339
00010.jpg 259 267 82 181 0.99336
00010.jpg 720 253 96 265 0.99283
00010.jpg 95 276 60 145 0.99272
00010.jpg 728 251 85 276 0.99248
00010.jpg 262 271 80 171 0.99235
00010.jpg 264 265 73 178 0.99220
00010.jpg 94 273 59 144 0.99219
00010.jpg 258 275 86 164 0.99217
00010.jpg 732 249 82 267 0.99213
00010.jpg 262 270 85 173 0.99125
00010.jpg 261 271 84 171 0.99067
00010.jpg 257 269 87 176 0.99026
00010.jpg 727 245 82 272 0.99007
00010.jpg 259 270 87 175 0.98965
00010.jpg 725 251 90 268 0.98952
00010.jpg 93 278 64 134 0.98919
00010.jpg 92 275 67 135 0.98844
00010.jpg 260 267 87 173 0.98839
00010.jpg 727 248 82 272 0.98818
00010.jpg 257 269 87 178 0.98782
00010.jpg 263 268 77 174 0.98758
00010.jpg 734 249 73 263 0.98680
00010.jpg 731 243 79 280 0.98678
00010.jpg 97 278 53 135 0.98636
00010.jpg 93 277 61 138 0.98606
00010.jpg 92 273 69 141 0.98600
00010.jpg 728 237 84 280 0.98594
00010.jpg 260 272 82 169 0.98559
00010.jpg 729 250 75 267 0.98390
00010.jpg 260 272 85 169 0.98388
00010.jpg 729 241 84 285 0.98293
00010.jpg 725 245 82 278 0.98210
00010.jpg 261 271 82 170 0.98132
00010.jpg 95 275 62 136 0.98123
00010.jpg 259 266 84 181 0.98041
00010.jpg 93 274 73 140 0.98017
00010.jpg 728 248 87 271 0.97964
00010.jpg 96 278 53 136 0.97931
00010.jpg 733 255 77 261 0.97924
00010.jpg 725 248 90 269 0.97916
00010.jpg 93 278 64 134 0.97904
00010.jpg 96 275 60 142 0.97883
00010.jpg 257 273 89 175 0.97880
00010.jpg 724 243 87 274 0.97830
00010.jpg 258 264 84 183 0.97821
00010.jpg 262 271 81 167 0.97794
00010.jpg 259 274 88 165 0.97703
00010.jpg 96 280 63 133 0.97645
00010.jpg 257 268 90 176 0.97522
00010.jpg 94 274 61 142 0.97460
00010.jpg 257 271 91 178 0.97450
00010.jpg 98 273 68 143 0.97423
00010.jpg 96 276 65 141 0.97210
00010.jpg 256 265 89 176 0.97207
00010.jpg 256 268 90 172 0.96914
00010.jpg 259 275 87 169 0.96896
00010.jpg 267 263 83 178 0.96858
00010.jpg 731 249 79 270 0.96627
00010.jpg 723 250 90 274 0.96593
00010.jpg 93 276 58 140 0.96558
00010.jpg 729 245 87 277 0.96537
00010.jpg 259 272 83 171 0.96466
00010.jpg 726 248 82 269 0.96369
00010.jpg 95 275 58 138 0.96367
00010.jpg 727 254 85 264 0.96294
00010.jpg 734 245 77 273 0.96284
00010.jpg 726 241 83 278 0.96281
00010.jpg 727 248 85 272 0.96213
00010.jpg 98 277 54 139 0.96052
00010.jpg 263 275 82 169 0.96022
00010.jpg 92 275 73 131 0.96011
00010.jpg 726 255 90 256 0.95871
00010.jpg 94 277 54 139 0.95701
00010.jpg 97 270 65 149 0.95620
00010.jpg 91 275 73 139 0.95585
00010.jpg 724 247 92 270 0.95458
00010.jpg 725 236 84 282 0.95176
00010.jpg 93 277 66 136 0.95113
00010.jpg 94 277 61 138 0.95093
00010.jpg 728 255 85 254 0.94645
00010.jpg 95 278 63 133 0.94276
00010.jpg 93 279 66 133 0.94005
00010.jpg 93 275 66 140 0.93946
00010.jpg 260 271 85 172 0.93877
00010.jpg 728 252 78 260 0.93842
00010.jpg 725 245 92 279 0.93799
00010.jpg 260 265 84 180 0.93731
00010.jpg 727 245 82 273 0.93669
00010.jpg 256 263 92 184 0.93634
00010.jpg 258 270 88 171 0.93619
00010.jpg 260 265 88 175 0.93593
00010.jpg 95 276 67 139 0.93076
00010.jpg 263 267 76 174 0.92882
00010.jpg 720 247 98 279 0.92792
00010.jpg 259 271 81 172 0.92756
00010.jpg 93 277 61 137 0.92514
00010.jpg 730 249 82 271 0.92435
00010.jpg 724 241 90 278 0.92250
00010.jpg 263 271 80 169 0.92191
00010.jpg 260 269 84 171 0.92092
00010.jpg 726 248 85 269 0.91491
00010.jpg 259 272 86 174 0.90930
00010.jpg 91 276 59 140 0.90569
00010.jpg 731 252 82 256 0.90559
00010.jpg 94 270 68 147 0.90493
00010.jpg 95 274 63 138 0.90430
00010.jpg 91 276 73 131 0.89766
00010.jpg 91 269 72 143 0.89623
00010.jpg 730 246 89 269 0.88972
00010.jpg 257 270 85 166 0.88774
00010.jpg 730 245 73 265 0.88600
00010.jpg 261 262 85 176 0.87651
00010.jpg 728 245 83 272 0.85657
00010.jpg 99 267 72 154 0.85654
00010.jpg 92 265 78 144 0.85623
00010.jpg 256 270 89 176 0.84830
00010.jpg 261 269 82 174 0.84351
00010.jpg 730 245 86 270 0.83497
00010.jpg 93 272 72 141 0.82997
00010.jpg 260 268 83 171 0.82472
00010.jpg 723 242 96 273 0.82461
00010.jpg 728 255 86 265 0.81147
00010.jpg 92 283 66 129 0.80599
00010.jpg 731 245 87 271 0.79606
00010.jpg 265 269 83 175 0.79335
00010.jpg 730 241 84 281 0.79168
00010.jpg 94 272 58 150 0.78713
00010.jpg 722 245 86 275 0.78502
00010.jpg 263 272 79 171 0.78030
00010.jpg 93 275 67 133 0.77414
00010.jpg 98 276 62 138 0.76869
00010.jpg 258 271 93 167 0.75991
00010.jpg 258 267 81 178 0.75284
00010.jpg 99 271 54 144 0.74368
00010.jpg 92 274 56 143 0.73328
00010.jpg 94 276 52 134 0.73210
00010.jpg 563 363 17 18 0.72109
00010.jpg 93 280 58 124 0.72107
00010.jpg 96 274 62 134 0.71452
00010.jpg 89 282 64 137 0.70284
00010.jpg 721 247 95 264 0.69070
00010.jpg 92 276 73 134 0.68804
00010.jpg 264 272 71 173 0.67384
00010.jpg 729 256 78 243 0.67249
00010.jpg 726 250 90 271 0.66254
00010.jpg 99 278 53 143 0.65716
00010.jpg 261 266 83 179 0.65414
00010.jpg 98 277 62 131 0.64968
00010.jpg 730 254 79 250 0.64504
00010.jpg 722 243 85 280 0.64173
00010.jpg 91 273 73 142 0.63625
00010.jpg 723 250 93 274 0.63223
00010.jpg 566 361 16 19 0.62177
00010.jpg 725 236 93 286 0.62051
00010.jpg 254 266 85 175 0.61665
00010.jpg 728 254 90 258 0.60446
00010.jpg 89 281 61 130 0.59633
00010.jpg 730 252 86 260 0.59544
00010.jpg 89 275 75 142 0.59472
00010.jpg 721 254 84 254 0.59408
00010.jpg 249 271 104 172 0.59329
00010.jpg 98 281 40 130 0.59026
00010.jpg 259 264 94 182 0.58661
00010.jpg 94 274 69 140 0.58328
00010.jpg 92 276 72 141 0.57824
00010.jpg 265 272 84 164 0.56416
00010.jpg 732 262 72 228 0.56098
00010.jpg 93 279 54 135 0.54782
00010.jpg 266 271 80 165 0.53539
00010.jpg 730 242 89 281 0.53443
00010.jpg 85 279 71 132 0.53092
00010.jpg 732 255 68 253 0.52304
00010.jpg 730 251 72 258 0.52245
00010.jpg 100 277 59 128 0.52006
00010.jpg 95 273 50 143 0.51901
00010.jpg 100 271 70 142 0.51419
00010.jpg 94 286 55 123 0.51407
00010.jpg 562 366 18 19 0.51017
00010.jpg 722 254 82 263 0.50492
00010.jpg 102 271 61 139 0.50488
00010.jpg 91 269 70 143 0.50116
