00016.jpg 96 274 65 137 0.99951
00016.jpg 730 249 91 269 0.99881
00016.jpg 261 262 74 183 0.99858
00016.jpg 96 271 63 144 0.99857
00016.jpg 725 251 99 269 0.99830
00016.jpg 731 254 92 264 0.99822
00016.jpg 96 274 70 141 0.99802
00016.jpg 255 266 80 176 0.99798
00016.jpg 733 245 89 279 0.99773
00016.jpg 259 270 73 174 0.99749
00016.jpg 260 265 72 185 0.99743
00016.jpg 256 264 79 180 0.99704
00016.jpg 732 246 89 274 0.99703
00016.jpg 727 242 98 288 0.99679
00016.jpg 729 241 88 285 0.99666
00016.jpg 95 274 67 140 0.99663
00016.jpg 729 252 91 268 0.99652
00016.jpg 99 277 66 136 0.99616
00016.jpg 94 274 74 137 0.99610
00016.jpg 96 275 72 138 0.99608
00016.jpg 259 263 76 186 0.99595
00016.jpg 726 251 98 270 0.99567
00016.jpg 257 265 77 182 0.99565
00016.jpg 737 249 87 268 0.99557
00016.jpg 251 270 82 175 0.99547
00016.jpg 727 249 89 270 0.99527
00016.jpg 256 268 74 178 0.99527
00016.jpg 97 274 62 142 0.99523
00016.jpg 728 256 94 268 0.99488
00016.jpg 100 277 59 139 0.99486
00016.jpg 736 253 86 261 0.99461
00016.jpg 256 270 80 178 0.99454
00016.jpg 252 270 85 177 0.99448
00016.jpg 730 250 94 266 0.99444
00016.jpg 257 267 77 178 0.99417
00016.jpg 258 271 76 178 0.99369
00016.jpg 253 271 85 170 0.99336
00016.jpg 737 250 83 273 0.99316
00016.jpg 256 274 75 168 0.99314
00016.jpg 733 247 87 274 0.99297
00016.jpg 255 271 84 171 0.99283
00016.jpg 257 272 76 170 0.99272
00016.jpg 98 273 65 139 0.99207
00016.jpg 253 270 82 177 0.99200
00016.jpg 254 268 77 184 0.99171
00016.jpg 725 253 99 261 0.99164
00016.jpg 731 247 92 273 0.99159
00016.jpg 96 275 67 146 0.99130
00016.jpg 737 252 78 269 0.99117
00016.jpg 735 253 82 263 0.99076
00016.jpg 730 251 96 265 0.99066
00016.jpg 728 250 91 269 0.99065
00016.jpg 96 276 69 136 0.99053
00016.jpg 254 262 80 179 0.99041
00016.jpg 260 267 78 178 0.99040
00016.jpg 93 273 79 138 0.99002
00016.jpg 255 267 83 172 0.98995
00016.jpg 98 274 58 139 0.98972
00016.jpg 98 275 64 138 0.98927
00016.jpg 258 264 76 175 0.98906
00016.jpg 730 251 91 274 0.98904
00016.jpg 99 276 67 139 0.98873
00016.jpg 731 249 89 275 0.98840
00016.jpg 738 248 79 265 0.98806
00016.jpg 94 277 68 139 0.98790
00016.jpg 94 276 68 139 0.98748
00016.jpg 256 262 77 185 0.98705
00016.jpg 97 276 68 136 0.98698
00016.jpg 92 268 84 153 0.98626
00016.jpg 254 267 82 181 0.98620
00016.jpg 253 268 83 178 0.98615
00016.jpg 94 276 74 139 0.98572
00016.jpg 253 267 82 184 0.98530
00016.jpg 729 246 97 272 0.98403
00016.jpg 731 247 92 274 0.98275
00016.jpg 97 276 66 139 0.98258
00016.jpg 260 261 70 183 0.98257
00016.jpg 736 249 78 272 0.98205
00016.jpg 97 278 70 138 0.98190
00016.jpg 729 250 92 270 0.98160
00016.jpg 251 268 84 179 0.98123
00016.jpg 730 255 93 261 0.98093
00016.jpg 734 248 85 270 0.97952
00016.jpg 733 246 84 273 0.97939
00016.jpg 734 253 89 265 0.97924
00016.jpg 258 274 77 168 0.97923
00016.jpg 95 275 67 140 0.97906
00016.jpg 254 269 82 181 0.97885
00016.jpg 98 276 55 139 0.97860
00016.jpg 728 255 92 260 0.97740
00016.jpg 733 250 84 274 0.97720
00016.jpg 734 254 90 259 0.97599
00016.jpg 732 242 90 283 0.97499
00016.jpg 95 276 70 137 0.97440
00016.jpg 730 253 92 269 0.97397
00016.jpg 97 276 58 139 0.97393
00016.jpg 735 244 86 272 0.97325
00016.jpg 732 256 86 263 0.97320
00016.jpg 97 269 66 146 0.97314
00016.jpg 735 250 82 270 0.97229
00016.jpg 251 266 83 183 0.97074
00016.jpg 255 261 80 183 0.96996
00016.jpg 95 269 78 144 0.96956
00016.jpg 97 266 79 150 0.96846
00016.jpg 731 247 89 276 0.96678
00016.jpg 254 269 81 178 0.96649
00016.jpg 733 256 87 258 0.96648
00016.jpg 732 244 93 277 0.96608
00016.jpg 93 274 76 141 0.96469
00016.jpg 251 268 87 180 0.96328
00016.jpg 94 267 83 150 0.96251
00016.jpg 257 267 76 185 0.95958
00016.jpg 97 274 61 140 0.95881
00016.jpg 255 268 83 177 0.95870
00016.jpg 256 271 79 172 0.95798
00016.jpg 247 268 91 179 0.95550
00016.jpg 95 272 77 144 0.95250
00016.jpg 95 275 84 139 0.95228
00016.jpg 730 251 95 262 0.95137
00016.jpg 96 267 78 141 0.94991
00016.jpg 95 272 78 143 0.94693
00016.jpg 91 277 83 133 0.94643
00016.jpg 95 265 83 154 0.94075
00016.jpg 251 265 76 178 0.94063
00016.jpg 724 244 95 278 0.94052
00016.jpg 730 252 91 269 0.93333
00016.jpg 253 271 84 171 0.93314
00016.jpg 98 275 70 139 0.93288
00016.jpg 92 270 82 149 0.93233
00016.jpg 258 268 74 171 0.93216
00016.jpg 734 254 86 265 0.93030
00016.jpg 257 270 73 171 0.92669
00016.jpg 91 272 84 140 0.92423
00016.jpg 93 272 72 142 0.92084
00016.jpg 739 249 83 274 0.92047
00016.jpg 252 265 84 182 0.91801
00016.jpg 253 267 81 178 0.91696
00016.jpg 94 275 75 135 0.91547
00016.jpg 731 248 93 275 0.91432
00016.jpg 93 273 75 139 0.91387
00016.jpg 97 272 71 146 0.90808
00016.jpg 727 246 95 279 0.90111
00016.jpg 731 247 90 274 0.89714
00016.jpg 733 253 82 270 0.89582
00016.jpg 259 268 70 176 0.88700
00016.jpg 254 259 84 184 0.88528
00016.jpg 97 268 70 147 0.88337
00016.jpg 91 271 85 140 0.88285
00016.jpg 736 249 86 279 0.88008
00016.jpg 91 274 68 140 0.87487
00016.jpg 734 247 88 272 0.87473
00016.jpg 94 275 66 145 0.87408
00016.jpg 94 267 85 151 0.87309
00016.jpg 729 241 93 280 0.87164
00016.jpg 730 247 92 275 0.86860
00016.jpg 97 262 78 158 0.86838
00016.jpg 256 273 75 167 0.86744
00016.jpg 97 272 81 142 0.86245
00016.jpg 731 243 94 279 0.85860
00016.jpg 92 270 78 141 0.85717
00016.jpg 255 268 75 174 0.85670
00016.jpg 96 278 65 141 0.85337
00016.jpg 94 274 74 139 0.85202
00016.jpg 730 251 83 269 0.85192
00016.jpg 259 268 75 178 0.84928
00016.jpg 258 259 82 190 0.84560
00016.jpg 255 269 77 174 0.84544
00016.jpg 93 277 65 137 0.84412
00016.jpg 735 257 84 238 0.84141
00016.jpg 99 277 56 139 0.83977
00016.jpg 99 277 54 142 0.83264
00016.jpg 255 266 78 180 0.82912
00016.jpg 99 276 72 132 0.82150
00016.jpg 255 268 78 175 0.81836
00016.jpg 100 277 55 142 0.81640
00016.jpg 736 251 88 265 0.81480
00016.jpg 730 253 93 268 0.80201
00016.jpg 93 278 67 132 0.80117
00016.jpg 252 268 84 175 0.80062
00016.jpg 730 246 87 269 0.80001
00016.jpg 247 264 97 182 0.79314
00016.jpg 90 271 87 143 0.79073
00016.jpg 92 274 65 146 0.78682
00016.jpg 93 268 86 149 0.78643
00016.jpg 94 273 86 149 0.78424
00016.jpg 93 275 62 142 0.78381
00016.jpg 728 249 85 274 0.77765
00016.jpg 259 274 82 170 0.76772
00016.jpg 105 277 60 141 0.76621
00016.jpg 97 269 88 151 0.76595
00016.jpg 724 252 96 264 0.75861
00016.jpg 725 256 90 254 0.75289
00016.jpg 95 274 87 136 0.74342
00016.jpg 728 248 84 266 0.73633
00016.jpg 255 265 77 185 0.73385
00016.jpg 96 273 81 136 0.72784
00016.jpg 253 268 85 172 0.72242
00016.jpg 90 270 92 143 0.71893
00016.jpg 92 274 66 147 0.71592
00016.jpg 727 251 90 275 0.71524
00016.jpg 728 252 81 265 0.71066
00016.jpg 88 276 91 139 0.70672
00016.jpg 740 256 80 249 0.69686
00016.jpg 101 267 83 144 0.69511
00016.jpg 726 246 92 272 0.68752
00016.jpg 92 281 62 138 0.68540
00016.jpg 254 267 72 186 0.68176
00016.jpg 740 252 81 261 0.68154
00016.jpg 93 271 82 141 0.67640
00016.jpg 98 275 59 139 0.67328
00016.jpg 258 274 78 165 0.66895
00016.jpg 99 263 89 157 0.66688
00016.jpg 259 271 65 174 0.66557
00016.jpg 257 265 79 166 0.66298
00016.jpg 99 272 68 138 0.65751
00016.jpg 93 273 62 143 0.65603
00016.jpg 101 274 75 132 0.65312
00016.jpg 98 277 64 137 0.63749
00016.jpg 733 238 82 288 0.63290
00016.jpg 256 262 90 178 0.63190
00016.jpg 99 276 72 131 0.62527
00016.jpg 249 269 88 175 0.60809
00016.jpg 252 258 84 187 0.60097
00016.jpg 255 260 86 190 0.60021
00016.jpg 259 271 83 167 0.59654
00016.jpg 258 265 74 177 0.58564
00016.jpg 258 262 82 177 0.58043
00016.jpg 97 280 53 132 0.57247
00016.jpg 261 267 67 170 0.54346
00016.jpg 257 270 77 170 0.54236
00016.jpg 90 274 65 139 0.53992
00016.jpg 96 279 64 133 0.53543
00016.jpg 253 263 88 178 0.53223
00016.jpg 87 272 92 144 0.53218
00016.jpg 728 251 103 260 0.51270
00016.jpg 260 271 72 167 0.51084
00016.jpg 95 276 52 136 0.50997
00016.jpg 94 276 55 141 0.50259
00016.jpg 259 264 74 182 0.50146
