00034.jpg 231 262 74 195 0.99959
00034.jpg 731 248 112 275 0.99956
00034.jpg 100 281 61 134 0.99912
00034.jpg 98 279 63 132 0.99898
00034.jpg 97 279 65 133 0.99893
00034.jpg 101 282 56 131 0.99891
00034.jpg 99 278 62 137 0.99884
00034.jpg 101 279 53 134 0.99850
00034.jpg 727 248 113 276 0.99840
00034.jpg 731 244 111 283 0.99840
00034.jpg 227 262 76 194 0.99840
00034.jpg 739 242 100 286 0.99837
00034.jpg 737 247 101 273 0.99810
00034.jpg 233 263 68 188 0.99800
00034.jpg 738 242 104 282 0.99792
00034.jpg 225 257 80 194 0.99755
00034.jpg 100 277 63 135 0.99753
00034.jpg 232 261 69 191 0.99746
00034.jpg 101 281 61 137 0.99744
00034.jpg 741 250 98 279 0.99729
00034.jpg 736 247 107 272 0.99719
00034.jpg 100 278 58 136 0.99653
00034.jpg 736 249 108 269 0.99636
00034.jpg 735 247 107 278 0.99605
00034.jpg 235 267 69 191 0.99601
00034.jpg 733 253 104 273 0.99520
00034.jpg 220 261 84 199 0.99500
00034.jpg 99 276 60 139 0.99453
00034.jpg 734 246 111 273 0.99425
00034.jpg 230 260 73 195 0.99417
00034.jpg 732 251 109 271 0.99410
00034.jpg 731 249 108 276 0.99362
00034.jpg 225 257 76 199 0.99361
00034.jpg 735 249 108 276 0.99326
00034.jpg 735 241 106 289 0.99324
00034.jpg 735 249 106 275 0.99324
00034.jpg 100 281 59 133 0.99301
00034.jpg 95 278 66 135 0.99298
00034.jpg 101 280 57 140 0.99271
00034.jpg 731 251 111 271 0.99271
00034.jpg 99 272 61 151 0.99269
00034.jpg 737 250 100 274 0.99253
00034.jpg 231 264 71 200 0.99231
00034.jpg 97 280 61 139 0.99197
00034.jpg 736 250 107 268 0.99160
00034.jpg 228 259 78 195 0.99141
00034.jpg 731 246 113 283 0.99130
00034.jpg 735 250 106 271 0.99066
00034.jpg 100 280 59 133 0.99032
00034.jpg 231 264 74 194 0.99003
00034.jpg 229 262 76 196 0.99000
00034.jpg 730 245 109 282 0.98989
00034.jpg 224 263 80 193 0.98986
00034.jpg 227 262 75 195 0.98983
00034.jpg 97 284 65 129 0.98972
00034.jpg 95 277 70 142 0.98968
00034.jpg 225 266 82 188 0.98965
00034.jpg 97 278 67 137 0.98962
00034.jpg 97 281 59 135 0.98951
00034.jpg 735 250 104 272 0.98935
00034.jpg 228 266 76 190 0.98929
00034.jpg 230 264 69 192 0.98927
00034.jpg 228 262 79 194 0.98869
00034.jpg 738 259 104 263 0.98848
00034.jpg 737 251 106 265 0.98764
00034.jpg 733 242 103 277 0.98737
00034.jpg 732 247 108 280 0.98736
00034.jpg 739 250 100 278 0.98717
00034.jpg 227 268 74 184 0.98696
00034.jpg 97 283 62 129 0.98683
00034.jpg 731 252 109 265 0.98676
00034.jpg 228 269 78 189 0.98639
00034.jpg 734 251 96 268 0.98556
00034.jpg 102 280 53 136 0.98555
00034.jpg 228 265 76 190 0.98552
00034.jpg 228 267 75 184 0.98525
00034.jpg 735 250 107 264 0.98464
00034.jpg 229 269 75 181 0.98461
00034.jpg 229 269 74 180 0.98453
00034.jpg 224 265 78 191 0.98436
00034.jpg 226 258 77 202 0.98314
00034.jpg 737 245 105 283 0.98297
00034.jpg 734 247 108 277 0.98132
00034.jpg 223 263 84 186 0.98121
00034.jpg 227 263 78 191 0.98097
00034.jpg 735 251 109 269 0.98086
00034.jpg 232 267 72 179 0.98013
00034.jpg 230 263 74 197 0.97993
00034.jpg 97 283 59 132 0.97981
00034.jpg 229 260 79 194 0.97850
00034.jpg 100 280 61 138 0.97715
00034.jpg 231 267 72 182 0.97709
00034.jpg 228 265 73 189 0.97695
00034.jpg 735 251 107 265 0.97675
00034.jpg 735 249 106 273 0.97661
00034.jpg 96 279 66 132 0.97655
00034.jpg 231 268 71 182 0.97611
00034.jpg 231 264 70 192 0.97463
00034.jpg 735 247 109 281 0.97357
00034.jpg 229 267 67 185 0.97306
00034.jpg 97 281 64 130 0.97275
00034.jpg 97 284 64 128 0.97269
00034.jpg 97 280 60 137 0.96960
00034.jpg 736 248 102 271 0.96919
00034.jpg 228 263 73 195 0.96889
00034.jpg 226 265 76 188 0.96829
00034.jpg 741 250 101 277 0.96805
00034.jpg 740 251 101 270 0.96741
00034.jpg 101 269 66 148 0.96670
00034.jpg 97 281 62 133 0.96566
00034.jpg 101 272 60 145 0.96501
00034.jpg 225 261 81 195 0.96485
00034.jpg 737 250 106 269 0.96446
00034.jpg 739 243 100 277 0.96424
00034.jpg 100 276 62 140 0.96199
00034.jpg 731 247 107 281 0.96126
00034.jpg 99 281 58 135 0.96028
00034.jpg 736 255 102 272 0.95869
00034.jpg 731 251 113 263 0.95568
00034.jpg 95 283 64 130 0.95456
00034.jpg 732 249 108 279 0.95323
00034.jpg 99 280 57 133 0.95321
00034.jpg 734 244 107 275 0.95291
00034.jpg 97 273 65 143 0.94030
00034.jpg 226 264 78 189 0.93819
00034.jpg 732 246 108 282 0.93806
00034.jpg 734 246 101 275 0.93777
00034.jpg 101 283 54 139 0.93362
00034.jpg 98 279 62 134 0.93275
00034.jpg 99 279 72 136 0.92966
00034.jpg 101 281 61 130 0.92776
00034.jpg 218 265 88 193 0.92769
00034.jpg 102 274 64 139 0.92564
00034.jpg 223 265 79 181 0.92082
00034.jpg 99 278 65 142 0.91879
00034.jpg 732 249 104 270 0.91560
00034.jpg 102 281 64 128 0.91401
00034.jpg 225 254 82 207 0.91385
00034.jpg 101 283 58 137 0.91070
00034.jpg 231 262 78 196 0.90734
00034.jpg 231 261 79 192 0.90644
00034.jpg 735 248 104 276 0.90643
00034.jpg 98 280 56 136 0.90590
00034.jpg 231 268 73 181 0.90492
00034.jpg 736 248 99 276 0.90046
00034.jpg 231 267 64 185 0.90015
00034.jpg 228 273 74 176 0.89872
00034.jpg 730 246 115 274 0.89768
00034.jpg 98 277 67 139 0.89531
00034.jpg 102 279 62 132 0.88943
00034.jpg 736 245 105 281 0.88842
00034.jpg 233 269 63 189 0.88657
00034.jpg 97 276 70 133 0.88616
00034.jpg 226 269 81 181 0.88552
00034.jpg 229 269 73 182 0.88031
00034.jpg 230 270 74 177 0.87611
00034.jpg 731 260 111 261 0.87530
00034.jpg 736 246 97 272 0.87429
00034.jpg 96 272 73 146 0.86881
00034.jpg 233 267 69 185 0.86862
00034.jpg 231 264 73 191 0.86263
00034.jpg 98 280 62 131 0.85682
00034.jpg 93 281 64 133 0.85424
00034.jpg 227 260 80 202 0.85381
00034.jpg 103 282 60 134 0.84084
00034.jpg 228 265 76 192 0.84082
00034.jpg 102 279 60 133 0.83318
00034.jpg 739 255 108 254 0.83194
00034.jpg 228 262 77 190 0.82574
00034.jpg 97 274 75 148 0.80915
00034.jpg 734 245 106 276 0.80626
00034.jpg 736 251 103 274 0.80369
00034.jpg 97 271 69 145 0.77842
00034.jpg 96 277 73 139 0.77632
00034.jpg 99 284 52 126 0.77288
00034.jpg 225 264 79 192 0.76471
00034.jpg 93 274 71 143 0.75967
00034.jpg 102 281 51 139 0.75736
00034.jpg 97 281 53 133 0.75218
00034.jpg 226 265 79 184 0.73618
00034.jpg 95 279 59 136 0.73297
00034.jpg 229 260 82 202 0.72406
00034.jpg 102 282 47 131 0.72393
00034.jpg 93 282 63 137 0.72121
00034.jpg 98 277 63 139 0.71979
00034.jpg 105 277 58 134 0.71947
00034.jpg 223 259 88 195 0.71216
00034.jpg 230 262 78 188 0.70225
00034.jpg 97 280 54 132 0.69405
00034.jpg 99 268 74 156 0.68720
00034.jpg 223 262 83 195 0.68613
00034.jpg 730 245 118 275 0.68127
00034.jpg 97 280 69 141 0.67305
00034.jpg 742 250 93 267 0.67197
00034.jpg 732 252 108 254 0.65230
00034.jpg 734 247 110 264 0.64456
00034.jpg 94 284 76 137 0.64292
00034.jpg 97 287 70 125 0.63664
00034.jpg 235 263 73 195 0.63341
00034.jpg 227 270 73 186 0.63317
00034.jpg 233 267 80 186 0.63163
00034.jpg 719 254 125 257 0.63072
00034.jpg 744 240 96 282 0.60777
00034.jpg 734 247 115 276 0.59889
00034.jpg 223 259 86 194 0.59566
00034.jpg 739 270 111 241 0.58798
00034.jpg 101 275 69 140 0.58122
00034.jpg 233 268 66 183 0.58110
00034.jpg 94 274 73 138 0.57724
00034.jpg 223 268 75 182 0.57678
00034.jpg 224 274 82 181 0.55283
00034.jpg 229 266 73 182 0.53640
00034.jpg 730 257 117 262 0.53563
00034.jpg 231 268 69 181 0.52914
00034.jpg 95 281 60 131 0.52789
00034.jpg 223 263 76 183 0.52493
00034.jpg 231 270 80 187 0.52275
00034.jpg 94 274 71 138 0.52067
00034.jpg 100 274 72 142 0.51957
00034.jpg 230 268 79 174 0.51791
00034.jpg 223 266 74 183 0.51647
00034.jpg 99 280 71 133 0.51336
00034.jpg 730 254 96 277 0.51285
