00044.jpg 214 261 78 194 0.99956
00044.jpg 726 248 115 276 0.99920
00044.jpg 734 255 107 262 0.99919
00044.jpg 93 279 59 135 0.99916
00044.jpg 733 254 115 271 0.99900
00044.jpg 98 281 52 130 0.99887
00044.jpg 215 267 83 187 0.99877
00044.jpg 731 249 111 276 0.99875
00044.jpg 216 262 80 188 0.99808
00044.jpg 217 259 76 189 0.99808
00044.jpg 95 280 53 136 0.99799
00044.jpg 736 253 103 275 0.99792
00044.jpg 94 279 59 131 0.99768
00044.jpg 215 265 80 188 0.99729
00044.jpg 218 261 71 195 0.99705
00044.jpg 737 253 106 261 0.99702
00044.jpg 734 253 105 266 0.99682
00044.jpg 736 251 106 275 0.99672
00044.jpg 94 280 53 138 0.99657
00044.jpg 739 254 102 262 0.99657
00044.jpg 216 264 81 192 0.99647
00044.jpg 733 255 111 267 0.99624
00044.jpg 737 259 106 264 0.99611
00044.jpg 736 250 106 273 0.99568
00044.jpg 217 267 79 192 0.99556
00044.jpg 96 283 54 129 0.99543
00044.jpg 217 269 80 183 0.99542
00044.jpg 95 276 56 144 0.99536
00044.jpg 96 280 55 135 0.99526
00044.jpg 96 282 55 132 0.99516
00044.jpg 737 252 103 270 0.99513
00044.jpg 739 252 107 271 0.99490
00044.jpg 94 281 55 134 0.99425
00044.jpg 215 260 86 202 0.99392
00044.jpg 216 263 76 190 0.99380
00044.jpg 740 249 103 273 0.99362
00044.jpg 735 252 106 269 0.99322
00044.jpg 95 280 55 134 0.99316
00044.jpg 734 257 105 268 0.99307
00044.jpg 732 253 112 270 0.99294
00044.jpg 217 263 75 188 0.99269
00044.jpg 95 282 57 133 0.99262
00044.jpg 218 265 73 186 0.99261
00044.jpg 213 258 82 202 0.99260
00044.jpg 736 255 106 263 0.99212
00044.jpg 219 258 77 194 0.99172
00044.jpg 739 256 98 269 0.99145
00044.jpg 95 276 56 139 0.99137
00044.jpg 219 261 67 195 0.99109
00044.jpg 732 255 108 259 0.99105
00044.jpg 218 254 74 203 0.99093
00044.jpg 216 265 76 188 0.99077
00044.jpg 736 257 103 269 0.99073
00044.jpg 214 260 81 188 0.99062
00044.jpg 215 259 78 202 0.99049
00044.jpg 95 276 57 139 0.99048
00044.jpg 218 269 79 183 0.99044
00044.jpg 735 259 106 261 0.99029
00044.jpg 216 259 73 200 0.98999
00044.jpg 94 280 57 136 0.98969
00044.jpg 739 253 102 272 0.98942
00044.jpg 741 252 98 273 0.98937
00044.jpg 214 265 82 188 0.98928
00044.jpg 731 258 117 262 0.98905
00044.jpg 95 283 54 129 0.98855
00044.jpg 90 282 64 133 0.98841
00044.jpg 97 280 50 138 0.98779
00044.jpg 217 263 77 196 0.98762
00044.jpg 93 283 54 131 0.98647
00044.jpg 217 268 75 185 0.98638
00044.jpg 94 272 57 147 0.98631
00044.jpg 92 278 60 136 0.98562
00044.jpg 217 268 75 182 0.98560
00044.jpg 215 266 82 186 0.98560
00044.jpg 731 259 108 259 0.98532
00044.jpg 218 262 74 194 0.98483
00044.jpg 96 283 55 133 0.98447
00044.jpg 94 282 53 133 0.98426
00044.jpg 740 259 95 259 0.98398
00044.jpg 94 281 58 133 0.98385
00044.jpg 732 251 106 276 0.98300
00044.jpg 730 254 115 270 0.98288
00044.jpg 93 281 62 133 0.98271
00044.jpg 220 267 77 187 0.98250
00044.jpg 216 266 77 188 0.98210
00044.jpg 97 281 53 135 0.98144
00044.jpg 216 270 76 185 0.98120
00044.jpg 212 264 85 187 0.98092
00044.jpg 735 243 111 281 0.98036
00044.jpg 216 264 78 192 0.98029
00044.jpg 216 267 71 181 0.97996
00044.jpg 217 267 75 186 0.97942
00044.jpg 94 280 61 133 0.97941
00044.jpg 215 263 77 190 0.97938
00044.jpg 733 248 103 276 0.97818
00044.jpg 93 279 60 135 0.97772
00044.jpg 737 260 99 258 0.97768
00044.jpg 734 256 110 262 0.97741
00044.jpg 92 283 64 125 0.97732
00044.jpg 93 278 58 134 0.97682
00044.jpg 737 251 105 265 0.97617
00044.jpg 736 261 106 259 0.97594
00044.jpg 217 266 73 193 0.97583
00044.jpg 94 279 58 142 0.97575
00044.jpg 92 282 57 137 0.97383
00044.jpg 94 280 58 137 0.97361
00044.jpg 732 256 110 266 0.97340
00044.jpg 93 281 58 131 0.97332
00044.jpg 736 251 100 265 0.97151
00044.jpg 731 256 114 266 0.97131
00044.jpg 210 262 86 194 0.97067
00044.jpg 728 257 112 260 0.97039
00044.jpg 733 253 107 266 0.97005
00044.jpg 94 280 54 134 0.96741
00044.jpg 98 283 53 128 0.96690
00044.jpg 215 265 78 188 0.96553
00044.jpg 212 266 80 186 0.96244
00044.jpg 219 255 72 199 0.96235
00044.jpg 218 261 77 193 0.95755
00044.jpg 97 279 55 134 0.95666
00044.jpg 732 260 108 251 0.94781
00044.jpg 95 282 58 129 0.94678
00044.jpg 739 252 95 269 0.94609
00044.jpg 215 267 74 183 0.94593
00044.jpg 93 280 61 134 0.94552
00044.jpg 213 264 84 185 0.94114
00044.jpg 735 252 107 271 0.94092
00044.jpg 734 257 107 262 0.93763
00044.jpg 93 280 59 133 0.93740
00044.jpg 93 283 56 130 0.93108
00044.jpg 739 251 106 267 0.93044
00044.jpg 736 259 99 260 0.93013
00044.jpg 91 283 63 132 0.92923
00044.jpg 213 256 83 204 0.92723
00044.jpg 96 281 54 134 0.92607
00044.jpg 736 253 105 262 0.92401
00044.jpg 94 280 59 134 0.92388
00044.jpg 213 260 85 195 0.92278
00044.jpg 93 283 61 128 0.92256
00044.jpg 216 266 74 187 0.92254
00044.jpg 214 268 80 188 0.91968
00044.jpg 740 250 104 271 0.91862
00044.jpg 735 256 104 258 0.91728
00044.jpg 739 257 102 248 0.91411
00044.jpg 94 279 62 135 0.91232
00044.jpg 734 261 111 251 0.91218
00044.jpg 737 253 102 267 0.91204
00044.jpg 213 267 81 191 0.91120
00044.jpg 214 267 83 186 0.91077
00044.jpg 218 267 77 188 0.90827
00044.jpg 213 262 83 195 0.90744
00044.jpg 95 284 53 124 0.90160
00044.jpg 93 280 60 133 0.89639
00044.jpg 98 282 56 128 0.89133
00044.jpg 96 279 51 140 0.89003
00044.jpg 94 284 61 126 0.87976
00044.jpg 96 283 54 138 0.87481
00044.jpg 741 249 104 276 0.87415
00044.jpg 96 280 61 138 0.87350
00044.jpg 92 280 63 139 0.85700
00044.jpg 98 277 57 141 0.85606
00044.jpg 210 266 89 183 0.84075
00044.jpg 93 278 61 140 0.82869
00044.jpg 92 283 55 129 0.81772
00044.jpg 732 248 115 272 0.81386
00044.jpg 215 269 75 191 0.81348
00044.jpg 217 260 72 198 0.80685
00044.jpg 731 256 109 266 0.80064
00044.jpg 97 280 59 137 0.79902
00044.jpg 223 263 74 189 0.79809
00044.jpg 217 263 79 190 0.78688
00044.jpg 88 286 63 132 0.78255
00044.jpg 735 253 111 262 0.77615
00044.jpg 216 256 79 200 0.77568
00044.jpg 212 264 81 198 0.77476
00044.jpg 92 284 54 130 0.76831
00044.jpg 214 260 81 199 0.76325
00044.jpg 213 268 76 184 0.74815
00044.jpg 727 254 118 262 0.74556
00044.jpg 735 253 111 262 0.74446
00044.jpg 219 263 75 194 0.73936
00044.jpg 94 285 49 124 0.73750
00044.jpg 94 277 57 132 0.73240
00044.jpg 222 262 75 190 0.71895
00044.jpg 729 244 114 284 0.71578
00044.jpg 730 256 117 270 0.70690
00044.jpg 219 268 68 189 0.70160
00044.jpg 92 273 64 142 0.69915
00044.jpg 739 253 95 260 0.69511
00044.jpg 215 259 75 202 0.69225
00044.jpg 220 267 74 188 0.68846
00044.jpg 744 246 98 279 0.68739
00044.jpg 99 283 47 129 0.68547
00044.jpg 217 262 74 192 0.66810
00044.jpg 735 253 97 264 0.66687
00044.jpg 96 276 61 143 0.64519
00044.jpg 93 279 54 133 0.64175
00044.jpg 734 254 109 266 0.63800
00044.jpg 100 274 57 145 0.62948
00044.jpg 223 264 69 192 0.62126
00044.jpg 745 256 102 261 0.62125
00044.jpg 214 270 73 177 0.61418
00044.jpg 99 280 53 131 0.59844
00044.jpg 727 250 109 268 0.59599
00044.jpg 93 279 53 134 0.59266
00044.jpg 731 255 110 257 0.59233
00044.jpg 99 280 55 139 0.59061
00044.jpg 215 274 69 174 0.58982
00044.jpg 213 269 86 178 0.58709
00044.jpg 89 283 57 133 0.58547
00044.jpg 92 278 51 136 0.58422
00044.jpg 94 274 61 143 0.58328
00044.jpg 90 278 69 131 0.58271
00044.jpg 92 281 66 133 0.57391
00044.jpg 733 252 107 262 0.55662
00044.jpg 99 282 55 126 0.55619
00044.jpg 727 256 116 258 0.55268
00044.jpg 745 257 91 255 0.54493
00044.jpg 220 267 62 181 0.54422
00044.jpg 219 273 75 170 0.54278
00044.jpg 220 265 66 184 0.53581
00044.jpg 94 281 51 127 0.51979
00044.jpg 726 254 121 255 0.50847
00044.jpg 96 281 48 125 0.50489
00044.jpg 725 252 117 275 0.50471
