00054.jpg 222 263 73 194 0.99972
00054.jpg 92 279 59 136 0.99953
00054.jpg 95 283 54 131 0.99899
00054.jpg 95 273 52 148 0.99877
00054.jpg 219 257 72 204 0.99872
00054.jpg 730 246 108 269 0.99864
00054.jpg 731 250 110 267 0.99850
00054.jpg 92 277 59 137 0.99848
00054.jpg 730 244 112 276 0.99840
00054.jpg 735 254 106 269 0.99832
00054.jpg 96 275 57 138 0.99822
00054.jpg 219 265 77 193 0.99801
00054.jpg 728 246 116 280 0.99792
00054.jpg 96 277 55 142 0.99784
00054.jpg 220 266 77 193 0.99777
00054.jpg 224 256 63 212 0.99766
00054.jpg 96 281 55 131 0.99746
00054.jpg 218 254 72 209 0.99704
00054.jpg 219 260 73 195 0.99700
00054.jpg 214 256 78 208 0.99694
00054.jpg 736 254 106 263 0.99689
00054.jpg 93 276 59 134 0.99659
00054.jpg 217 251 77 215 0.99659
00054.jpg 731 253 110 267 0.99638
00054.jpg 734 251 108 266 0.99634
00054.jpg 735 250 106 276 0.99610
00054.jpg 727 249 120 276 0.99573
00054.jpg 224 260 69 204 0.99568
00054.jpg 730 246 114 277 0.99559
00054.jpg 222 264 69 195 0.99540
00054.jpg 731 246 106 274 0.99507
00054.jpg 96 278 52 135 0.99502
00054.jpg 730 249 115 274 0.99500
00054.jpg 94 276 58 140 0.99464
00054.jpg 90 281 65 132 0.99455
00054.jpg 221 260 74 200 0.99437
00054.jpg 730 251 114 269 0.99420
00054.jpg 733 248 111 274 0.99412
00054.jpg 734 249 109 276 0.99409
00054.jpg 221 261 69 200 0.99405
00054.jpg 733 252 106 257 0.99378
00054.jpg 219 266 75 191 0.99370
00054.jpg 94 274 57 142 0.99370
00054.jpg 733 256 113 266 0.99367
00054.jpg 731 250 110 269 0.99337
00054.jpg 224 264 64 201 0.99304
00054.jpg 734 254 107 264 0.99282
00054.jpg 735 245 105 290 0.99205
00054.jpg 739 246 102 275 0.99205
00054.jpg 729 252 113 263 0.99195
00054.jpg 93 279 60 136 0.99171
00054.jpg 728 250 116 271 0.99155
00054.jpg 730 250 113 270 0.99131
00054.jpg 731 244 115 272 0.99081
00054.jpg 224 261 74 201 0.99069
00054.jpg 221 264 71 193 0.99065
00054.jpg 737 247 109 272 0.99049
00054.jpg 729 253 114 266 0.98986
00054.jpg 223 262 69 204 0.98963
00054.jpg 735 251 105 271 0.98937
00054.jpg 93 272 57 147 0.98925
00054.jpg 222 263 72 200 0.98923
00054.jpg 736 249 103 269 0.98912
00054.jpg 220 259 74 203 0.98865
00054.jpg 94 279 55 136 0.98865
00054.jpg 94 281 58 131 0.98743
00054.jpg 734 250 107 266 0.98740
00054.jpg 219 262 72 195 0.98737
00054.jpg 219 257 78 204 0.98705
00054.jpg 221 262 66 195 0.98688
00054.jpg 94 276 53 140 0.98648
00054.jpg 216 263 83 200 0.98636
00054.jpg 734 250 104 271 0.98630
00054.jpg 222 262 70 201 0.98539
00054.jpg 223 268 66 187 0.98496
00054.jpg 94 276 55 137 0.98476
00054.jpg 94 275 58 144 0.98471
00054.jpg 96 280 54 136 0.98452
00054.jpg 223 267 68 191 0.98447
00054.jpg 91 278 60 132 0.98423
00054.jpg 96 279 50 133 0.98368
00054.jpg 97 280 49 134 0.98360
00054.jpg 221 263 67 199 0.98331
00054.jpg 94 278 58 137 0.98284
00054.jpg 222 263 68 201 0.98232
00054.jpg 90 277 61 137 0.98135
00054.jpg 92 279 57 136 0.98111
00054.jpg 215 254 79 214 0.98109
00054.jpg 96 278 55 138 0.98092
00054.jpg 732 245 111 278 0.98081
00054.jpg 90 273 61 142 0.98052
00054.jpg 92 276 62 136 0.98041
00054.jpg 96 281 53 133 0.97939
00054.jpg 221 265 72 195 0.97908
00054.jpg 95 279 59 134 0.97790
00054.jpg 730 250 109 269 0.97733
00054.jpg 93 277 57 139 0.97703
00054.jpg 95 280 59 134 0.97635
00054.jpg 732 245 106 271 0.97534
00054.jpg 731 250 114 274 0.97454
00054.jpg 221 265 70 192 0.97427
00054.jpg 737 255 102 261 0.97256
00054.jpg 733 246 109 276 0.97222
00054.jpg 95 280 56 134 0.97178
00054.jpg 94 277 57 135 0.97098
00054.jpg 732 248 107 273 0.96936
00054.jpg 97 280 54 131 0.96882
00054.jpg 731 250 114 280 0.96789
00054.jpg 220 262 75 201 0.96737
00054.jpg 728 255 117 259 0.96589
00054.jpg 223 255 66 209 0.96274
00054.jpg 220 263 75 200 0.96142
00054.jpg 728 251 109 266 0.96118
00054.jpg 94 282 57 132 0.96095
00054.jpg 731 254 117 267 0.96056
00054.jpg 95 279 55 134 0.95999
00054.jpg 95 278 52 135 0.95939
00054.jpg 213 260 81 200 0.95898
00054.jpg 94 276 59 140 0.95897
00054.jpg 222 267 70 190 0.95754
00054.jpg 217 260 80 203 0.95733
00054.jpg 225 254 70 216 0.95697
00054.jpg 218 265 74 197 0.95694
00054.jpg 730 244 113 273 0.95523
00054.jpg 730 244 114 272 0.95084
00054.jpg 219 266 78 193 0.94734
00054.jpg 221 266 74 195 0.94668
00054.jpg 224 266 70 192 0.94646
00054.jpg 97 275 55 136 0.94071
00054.jpg 740 249 95 274 0.93890
00054.jpg 735 248 110 278 0.93857
00054.jpg 733 248 104 272 0.93011
00054.jpg 95 270 61 148 0.92935
00054.jpg 96 277 55 135 0.92761
00054.jpg 218 257 79 206 0.92477
00054.jpg 733 250 109 273 0.92307
00054.jpg 94 274 59 143 0.92031
00054.jpg 220 264 74 196 0.91944
00054.jpg 737 250 107 270 0.91638
00054.jpg 93 272 63 144 0.91293
00054.jpg 92 283 59 128 0.91199
00054.jpg 224 266 68 192 0.91177
00054.jpg 223 264 72 192 0.91104
00054.jpg 95 283 57 126 0.90761
00054.jpg 93 280 59 133 0.90756
00054.jpg 97 273 59 144 0.90469
00054.jpg 93 280 58 133 0.90375
00054.jpg 728 250 114 272 0.90255
00054.jpg 729 252 111 268 0.90039
00054.jpg 95 274 54 135 0.89867
00054.jpg 95 278 59 139 0.89788
00054.jpg 223 263 73 196 0.89332
00054.jpg 217 262 76 205 0.88933
00054.jpg 91 280 58 132 0.88349
00054.jpg 219 251 75 211 0.88311
00054.jpg 730 250 105 271 0.87960
00054.jpg 95 275 58 136 0.87256
00054.jpg 220 261 68 194 0.87004
00054.jpg 91 280 56 135 0.86499
00054.jpg 216 257 77 209 0.86257
00054.jpg 95 283 59 126 0.86122
00054.jpg 94 278 60 138 0.85632
00054.jpg 226 259 64 202 0.85619
00054.jpg 730 254 113 259 0.85311
00054.jpg 89 272 70 148 0.84726
00054.jpg 720 246 130 268 0.84506
00054.jpg 90 273 65 146 0.84104
00054.jpg 223 257 73 205 0.83133
00054.jpg 222 263 63 196 0.83100
00054.jpg 735 247 99 269 0.82574
00054.jpg 97 271 60 145 0.81916
00054.jpg 730 250 109 268 0.81786
00054.jpg 93 272 64 144 0.81634
00054.jpg 220 267 68 191 0.81498
00054.jpg 216 271 75 181 0.81454
00054.jpg 225 265 66 197 0.81267
00054.jpg 736 246 108 265 0.81171
00054.jpg 214 260 81 201 0.80060
00054.jpg 219 262 74 199 0.79674
00054.jpg 729 248 115 268 0.79472
00054.jpg 94 281 58 124 0.78496
00054.jpg 220 262 80 202 0.77551
00054.jpg 733 248 112 265 0.77167
00054.jpg 93 271 63 142 0.76829
00054.jpg 215 265 74 190 0.74879
00054.jpg 731 252 117 266 0.74853
00054.jpg 734 249 108 273 0.74852
00054.jpg 89 274 58 142 0.74645
00054.jpg 736 242 111 277 0.73805
00054.jpg 722 243 136 265 0.72188
00054.jpg 87 283 64 135 0.71903
00054.jpg 222 261 66 199 0.71718
00054.jpg 224 267 66 182 0.69897
00054.jpg 739 254 99 255 0.69535
00054.jpg 95 281 54 115 0.68594
00054.jpg 90 280 56 135 0.68157
00054.jpg 732 251 112 264 0.68033
00054.jpg 222 265 61 196 0.66448
00054.jpg 730 245 111 283 0.65687
00054.jpg 94 280 54 141 0.65200
00054.jpg 226 265 64 187 0.64402
00054.jpg 221 264 68 184 0.64385
00054.jpg 738 249 114 270 0.64333
00054.jpg 734 252 106 270 0.61572
00054.jpg 730 238 112 275 0.60783
00054.jpg 96 278 49 133 0.60477
00054.jpg 219 258 79 191 0.60269
00054.jpg 91 276 53 139 0.59512
00054.jpg 213 263 89 207 0.58674
00054.jpg 221 263 73 198 0.58400
00054.jpg 213 263 85 195 0.58277
00054.jpg 226 265 61 191 0.57704
00054.jpg 94 282 49 128 0.57492
00054.jpg 219 264 67 190 0.57333
00054.jpg 227 264 69 202 0.57144
00054.jpg 218 260 76 203 0.56955
00054.jpg 724 250 132 270 0.56560
00054.jpg 99 279 48 134 0.56056
00054.jpg 98 279 58 130 0.56042
00054.jpg 97 281 45 129 0.55747
00054.jpg 92 281 52 133 0.54948
00054.jpg 727 250 120 264 0.52382
00054.jpg 225 264 64 191 0.52346
00054.jpg 729 258 112 261 0.52071
00054.jpg 215 269 83 195 0.51499
00054.jpg 97 282 59 129 0.50750
