00007.jpg 623 146 256 375 0.99985
00007.jpg 229 125 279 389 0.99976
00007.jpg 625 147 262 361 0.99969
00007.jpg 609 138 283 384 0.99968
00007.jpg 618 137 283 380 0.99962
00007.jpg 621 141 275 381 0.99959
00007.jpg 612 139 281 388 0.99952
00007.jpg 235 115 285 418 0.99947
00007.jpg 619 147 276 367 0.99946
00007.jpg 610 141 292 383 0.99934
00007.jpg 226 118 312 401 0.99934
00007.jpg 237 124 265 409 0.99933
00007.jpg 624 125 264 403 0.99932
00007.jpg 237 115 263 409 0.99898
00007.jpg 222 115 285 413 0.99895
00007.jpg 231 117 284 409 0.99888
00007.jpg 224 117 300 419 0.99880
00007.jpg 230 119 284 407 0.99877
00007.jpg 235 119 281 407 0.99874
00007.jpg 614 145 278 379 0.99866
00007.jpg 234 114 288 413 0.99865
00007.jpg 235 119 269 412 0.99865
00007.jpg 614 142 273 378 0.99865
00007.jpg 629 141 266 370 0.99860
00007.jpg 611 133 281 395 0.99853
00007.jpg 625 139 259 379 0.99827
00007.jpg 614 141 277 379 0.99824
00007.jpg 243 117 273 412 0.99822
00007.jpg 620 136 277 385 0.99815
00007.jpg 233 120 278 416 0.99812
00007.jpg 226 114 285 407 0.99807
00007.jpg 616 130 284 399 0.99794
00007.jpg 620 133 279 396 0.99785
00007.jpg 234 128 278 395 0.99783
00007.jpg 622 142 263 371 0.99776
00007.jpg 615 136 272 381 0.99744
00007.jpg 620 150 275 359 0.99743
00007.jpg 237 117 265 400 0.99731
00007.jpg 229 112 285 406 0.99725
00007.jpg 232 131 285 394 0.99710
00007.jpg 631 135 254 380 0.99677
00007.jpg 228 122 283 408 0.99656
00007.jpg 238 133 280 392 0.99639
00007.jpg 613 117 286 411 0.99600
00007.jpg 221 106 298 424 0.99523
00007.jpg 231 108 283 424 0.99502
00007.jpg 237 123 279 404 0.99501
00007.jpg 625 146 262 377 0.99480
00007.jpg 605 139 300 378 0.99458
00007.jpg 620 150 257 373 0.99427
00007.jpg 225 113 294 404 0.99422
00007.jpg 629 132 267 392 0.99413
00007.jpg 222 118 292 408 0.99395
00007.jpg 232 122 283 406 0.99385
00007.jpg 232 124 272 404 0.99378
00007.jpg 627 150 274 366 0.99377
00007.jpg 229 124 282 410 0.99363
00007.jpg 232 123 281 408 0.99325
00007.jpg 617 140 281 381 0.99308
00007.jpg 221 119 305 404 0.99302
00007.jpg 614 138 289 386 0.99199
00007.jpg 240 114 274 425 0.99188
00007.jpg 234 120 274 407 0.99132
00007.jpg 233 127 285 401 0.99054
00007.jpg 227 123 291 399 0.98977
00007.jpg 231 119 292 402 0.98923
00007.jpg 613 148 293 379 0.98728
00007.jpg 623 141 260 389 0.98557
00007.jpg 239 127 271 401 0.98435
00007.jpg 238 119 276 420 0.98433
00007.jpg 628 136 269 395 0.97931
00007.jpg 629 153 247 369 0.97118
00007.jpg 241 134 263 393 0.97085
00007.jpg 627 151 249 365 0.96825
00007.jpg 637 151 243 356 0.96596
00007.jpg 228 119 282 408 0.96221
00007.jpg 621 143 270 383 0.95657
00007.jpg 235 130 267 394 0.95613
00007.jpg 635 131 252 385 0.95360
00007.jpg 231 119 283 404 0.95253
00007.jpg 625 151 273 370 0.94831
00007.jpg 627 136 266 383 0.93917
00007.jpg 628 148 257 365 0.93472
00007.jpg 238 138 270 387 0.92907
00007.jpg 4 166 47 360 0.92815
00007.jpg 2 192 66 331 0.92505
00007.jpg 2 187 74 338 0.92486
00007.jpg 4 189 72 344 0.92160
00007.jpg 0 181 77 339 0.91589
00007.jpg 622 146 251 370 0.90716
00007.jpg 0 189 68 338 0.90513
00007.jpg 233 121 287 408 0.89885
00007.jpg 0 174 81 357 0.89041
00007.jpg 2 192 76 336 0.88097
00007.jpg 3 193 44 323 0.88057
00007.jpg 617 149 291 354 0.86756
00007.jpg 233 99 274 433 0.86488
00007.jpg 4 197 69 334 0.86205
00007.jpg 0 197 87 335 0.86047
00007.jpg 0 189 77 332 0.85713
00007.jpg 1 193 83 331 0.84665
00007.jpg 0 190 62 317 0.84254
00007.jpg 593 126 294 393 0.83833
00007.jpg 0 182 56 343 0.82962
00007.jpg 628 154 253 356 0.82829
00007.jpg 1 194 85 334 0.82257
00007.jpg 5 204 43 164 0.80919
00007.jpg 612 133 291 393 0.80821
00007.jpg 0 197 70 315 0.80110
00007.jpg 0 185 77 335 0.78092
00007.jpg 6 196 70 324 0.77673
00007.jpg 6 203 43 139 0.77335
00007.jpg 5 190 42 316 0.76377
00007.jpg 2 180 81 352 0.75866
00007.jpg 5 200 40 129 0.75097
00007.jpg 4 185 45 333 0.74136
00007.jpg 0 198 90 326 0.73351
00007.jpg 0 197 87 335 0.72749
00007.jpg 232 108 273 423 0.72252
00007.jpg 608 120 294 398 0.70740
00007.jpg 2 184 69 347 0.70617
00007.jpg 236 120 302 386 0.70398
00007.jpg 0 196 88 328 0.69757
00007.jpg 4 185 79 340 0.69447
00007.jpg 0 196 96 324 0.68904
00007.jpg 4 188 47 304 0.67791
00007.jpg 4 194 43 326 0.66660
00007.jpg 1 203 49 119 0.66370
00007.jpg 0 178 68 348 0.66299
00007.jpg 0 189 78 321 0.66247
00007.jpg 627 149 259 352 0.65972
00007.jpg 5 191 49 321 0.65362
00007.jpg 1 187 78 334 0.65267
00007.jpg 0 176 77 349 0.64911
00007.jpg 4 189 67 338 0.64166
00007.jpg 0 201 92 330 0.63126
00007.jpg 1 204 60 321 0.62145
00007.jpg 0 184 74 350 0.61820
00007.jpg 631 133 241 380 0.61383
00007.jpg 2 202 51 123 0.61247
00007.jpg 0 180 70 352 0.60906
00007.jpg 608 137 281 389 0.59285
00007.jpg 230 117 291 418 0.58872
00007.jpg 2 183 60 338 0.58865
00007.jpg 1 213 49 116 0.58391
00007.jpg 608 137 313 384 0.56897
00007.jpg 3 193 47 131 0.56835
00007.jpg 0 203 91 328 0.55458
00007.jpg 605 149 281 376 0.55433
00007.jpg 241 140 257 362 0.55275
00007.jpg 618 144 277 376 0.55079
00007.jpg 0 198 64 298 0.54556
00007.jpg 1 204 53 130 0.54456
00007.jpg 0 187 93 344 0.54249
00007.jpg 0 197 98 341 0.52054
00007.jpg 1 203 49 157 0.51958
00007.jpg 622 139 281 369 0.51447
00007.jpg 10 168 46 365 0.51307
00007.jpg 0 188 88 335 0.50915
00007.jpg 1 225 49 100 0.50882
