00016.jpg 634 169 316 366 0.99971
00016.jpg 637 156 307 350 0.99963
00016.jpg 623 143 318 371 0.99931
00016.jpg 215 133 263 384 0.99928
00016.jpg 215 138 267 387 0.99921
00016.jpg 618 157 322 371 0.99910
00016.jpg 211 131 274 394 0.99905
00016.jpg 622 140 323 380 0.99904
00016.jpg 621 148 322 376 0.99886
00016.jpg 628 159 324 365 0.99861
00016.jpg 626 169 330 341 0.99849
00016.jpg 629 156 314 357 0.99848
00016.jpg 616 170 342 351 0.99834
00016.jpg 222 140 253 388 0.99833
00016.jpg 611 162 342 356 0.99824
00016.jpg 203 134 284 385 0.99823
00016.jpg 217 137 269 379 0.99814
00016.jpg 623 163 322 357 0.99805
00016.jpg 626 153 329 370 0.99798
00016.jpg 203 135 287 393 0.99774
00016.jpg 631 165 314 345 0.99767
00016.jpg 640 155 289 365 0.99760
00016.jpg 622 151 329 377 0.99757
00016.jpg 625 157 327 368 0.99750
00016.jpg 206 123 280 403 0.99737
00016.jpg 212 128 268 392 0.99709
00016.jpg 635 162 312 365 0.99701
00016.jpg 625 155 320 370 0.99697
00016.jpg 208 122 267 404 0.99690
00016.jpg 215 132 279 378 0.99683
00016.jpg 637 150 315 376 0.99667
00016.jpg 0 463 93 70 0.99655
00016.jpg 211 127 267 402 0.99618
00016.jpg 620 158 319 363 0.99566
00016.jpg 215 122 262 406 0.99550
00016.jpg 224 138 255 380 0.99536
00016.jpg 617 154 327 363 0.99530
00016.jpg 631 149 306 380 0.99528
00016.jpg 218 128 262 395 0.99522
00016.jpg 213 133 268 390 0.99521
00016.jpg 208 133 287 393 0.99409
00016.jpg 213 143 265 382 0.99403
00016.jpg 220 136 271 391 0.99382
00016.jpg 3 206 41 98 0.99311
00016.jpg 207 135 274 390 0.99278
00016.jpg 620 163 328 360 0.99258
00016.jpg 206 139 288 378 0.99169
00016.jpg 206 128 283 396 0.99118
00016.jpg 214 143 274 375 0.99066
00016.jpg 1 205 44 97 0.99052
00016.jpg 617 150 334 372 0.99035
00016.jpg 634 147 307 374 0.99028
00016.jpg 620 155 339 361 0.98967
00016.jpg 208 128 285 400 0.98927
00016.jpg 221 134 248 394 0.98852
00016.jpg 1 203 42 103 0.98692
00016.jpg 212 129 262 403 0.98684
00016.jpg 219 142 253 387 0.98579
00016.jpg 211 129 278 398 0.98575
00016.jpg 210 130 271 398 0.98569
00016.jpg 201 125 288 404 0.98461
00016.jpg 623 152 315 364 0.98350
00016.jpg 226 145 254 378 0.98224
00016.jpg 210 115 263 417 0.98207
00016.jpg 4 463 78 70 0.98044
00016.jpg 218 144 272 380 0.97977
00016.jpg 1 206 42 97 0.97865
00016.jpg 620 154 328 369 0.97847
00016.jpg 206 129 288 395 0.97636
00016.jpg 0 465 97 71 0.97479
00016.jpg 626 135 328 398 0.97449
00016.jpg 0 206 47 98 0.97268
00016.jpg 2 467 89 70 0.97249
00016.jpg 626 162 331 361 0.97245
00016.jpg 0 204 47 106 0.97198
00016.jpg 5 203 37 100 0.97195
00016.jpg 4 465 78 68 0.97128
00016.jpg 2 467 88 67 0.97030
00016.jpg 637 156 304 370 0.96936
00016.jpg 0 201 46 101 0.96815
00016.jpg 0 199 42 107 0.96799
00016.jpg 0 207 45 98 0.96798
00016.jpg 0 207 46 94 0.96780
00016.jpg 1 205 43 101 0.96775
00016.jpg 631 154 313 366 0.96647
00016.jpg 4 468 85 64 0.96449
00016.jpg 2 207 41 98 0.96418
00016.jpg 3 205 43 100 0.96376
00016.jpg 1 460 91 77 0.96357
00016.jpg 223 138 244 372 0.96324
00016.jpg 631 163 295 355 0.96237
00016.jpg 1 202 46 105 0.96089
00016.jpg 0 463 94 70 0.95935
00016.jpg 633 148 298 371 0.95928
00016.jpg 208 143 285 379 0.95729
00016.jpg 624 145 335 371 0.95679
00016.jpg 2 461 81 72 0.95370
00016.jpg 636 174 302 346 0.95205
00016.jpg 9 466 77 68 0.95092
00016.jpg 0 464 94 68 0.95044
00016.jpg 217 107 251 425 0.94984
00016.jpg 2 468 89 65 0.94674
00016.jpg 219 141 276 384 0.94487
00016.jpg 212 137 259 385 0.94279
00016.jpg 634 159 293 353 0.93926
00016.jpg 0 206 45 97 0.93874
00016.jpg 0 204 48 106 0.93252
00016.jpg 212 138 273 363 0.93032
00016.jpg 0 205 43 99 0.92774
00016.jpg 209 129 257 398 0.92626
00016.jpg 0 469 92 64 0.92621
00016.jpg 0 205 47 101 0.92336
00016.jpg 187 127 303 405 0.91964
00016.jpg 1 460 92 77 0.91721
00016.jpg 4 467 87 69 0.91668
00016.jpg 621 157 325 350 0.91280
00016.jpg 3 464 83 72 0.91269
00016.jpg 634 151 311 368 0.91239
00016.jpg 641 135 304 382 0.91239
00016.jpg 215 142 279 363 0.90960
00016.jpg 621 153 329 373 0.90382
00016.jpg 213 138 258 384 0.90152
00016.jpg 2 465 94 72 0.90013
00016.jpg 625 148 327 379 0.89876
00016.jpg 0 464 89 69 0.89785
00016.jpg 218 142 260 366 0.89567
00016.jpg 214 130 262 400 0.89535
00016.jpg 0 205 45 104 0.89265
00016.jpg 0 205 47 100 0.88665
00016.jpg 0 462 96 72 0.88476
00016.jpg 0 464 91 70 0.88324
00016.jpg 4 206 40 99 0.88202
00016.jpg 0 450 87 87 0.87901
00016.jpg 2 468 87 64 0.87211
00016.jpg 9 219 60 313 0.86969
00016.jpg 1 461 90 74 0.86882
00016.jpg 1 199 44 112 0.86816
00016.jpg 3 206 44 96 0.86733
00016.jpg 3 462 81 75 0.86635
00016.jpg 0 463 86 70 0.86249
00016.jpg 628 164 316 349 0.86063
00016.jpg 626 146 304 381 0.85830
00016.jpg 0 462 96 76 0.85755
00016.jpg 224 136 237 385 0.85625
00016.jpg 0 200 47 107 0.85370
00016.jpg 620 154 331 360 0.84583
00016.jpg 0 206 48 100 0.84202
00016.jpg 4 464 90 71 0.83833
00016.jpg 1 454 88 82 0.83651
00016.jpg 0 206 48 99 0.83480
00016.jpg 220 134 242 378 0.82837
00016.jpg 632 156 325 335 0.81967
00016.jpg 632 151 322 351 0.81811
00016.jpg 3 468 83 67 0.81215
00016.jpg 0 469 88 64 0.80666
00016.jpg 2 201 45 102 0.80321
00016.jpg 2 461 90 72 0.79535
00016.jpg 634 170 303 352 0.79255
00016.jpg 211 137 267 389 0.79131
00016.jpg 1 204 46 106 0.78927
00016.jpg 0 214 73 322 0.78502
00016.jpg 8 202 61 337 0.78219
00016.jpg 4 460 77 75 0.77837
00016.jpg 1 465 90 69 0.77069
00016.jpg 1 204 42 102 0.76605
00016.jpg 4 212 51 302 0.75872
00016.jpg 620 160 321 354 0.75367
00016.jpg 0 464 96 72 0.74389
00016.jpg 204 118 292 415 0.74299
00016.jpg 3 204 43 97 0.74287
00016.jpg 0 213 78 326 0.74095
00016.jpg 1 213 72 325 0.73760
00016.jpg 216 118 254 406 0.73745
00016.jpg 6 467 77 65 0.73609
00016.jpg 7 463 77 72 0.71992
00016.jpg 2 214 59 310 0.71303
00016.jpg 205 127 285 395 0.71210
00016.jpg 0 457 99 81 0.71158
00016.jpg 221 130 251 376 0.71056
00016.jpg 2 209 47 316 0.70777
00016.jpg 4 206 40 97 0.68730
00016.jpg 2 240 61 270 0.68558
00016.jpg 0 196 74 343 0.68403
00016.jpg 620 152 332 354 0.68320
00016.jpg 611 177 341 303 0.68023
00016.jpg 627 153 317 368 0.67867
00016.jpg 10 462 91 76 0.66663
00016.jpg 0 209 47 96 0.66499
00016.jpg 205 134 264 381 0.65717
00016.jpg 4 209 69 330 0.65649
00016.jpg 0 201 51 105 0.65372
00016.jpg 0 202 48 100 0.64205
00016.jpg 0 208 48 97 0.64114
00016.jpg 638 152 311 353 0.64080
00016.jpg 6 224 62 304 0.63070
00016.jpg 0 205 44 99 0.62967
00016.jpg 3 462 103 73 0.62957
00016.jpg 2 462 76 74 0.62911
00016.jpg 5 203 64 336 0.62799
00016.jpg 650 175 289 338 0.62319
00016.jpg 636 154 306 354 0.61922
00016.jpg 4 221 59 305 0.61814
00016.jpg 3 213 54 297 0.61719
00016.jpg 217 142 250 380 0.61685
00016.jpg 0 197 73 342 0.60014
00016.jpg 1 471 84 65 0.59608
00016.jpg 2 461 86 62 0.57843
00016.jpg 0 465 94 72 0.57578
00016.jpg 0 203 49 102 0.57546
00016.jpg 1 456 83 75 0.57310
00016.jpg 623 151 310 347 0.57139
00016.jpg 0 202 48 106 0.56172
00016.jpg 228 136 243 382 0.56086
00016.jpg 1 211 65 326 0.55421
00016.jpg 1 461 94 76 0.55292
00016.jpg 641 167 306 354 0.54845
00016.jpg 215 153 288 351 0.53995
00016.jpg 2 222 67 297 0.53380
00016.jpg 0 204 45 103 0.52799
00016.jpg 622 163 318 358 0.52342
00016.jpg 208 140 267 384 0.51873
00016.jpg 2 221 61 281 0.50204
