00027.jpg 241 196 237 326 0.99947
00027.jpg 645 206 262 309 0.99876
00027.jpg 242 201 225 310 0.99859
00027.jpg 651 196 256 343 0.99854
00027.jpg 642 203 273 327 0.99832
00027.jpg 241 198 233 315 0.99808
00027.jpg 227 193 249 317 0.99797
00027.jpg 226 193 249 328 0.99749
00027.jpg 234 186 230 338 0.99686
00027.jpg 636 196 277 342 0.99669
00027.jpg 229 188 252 326 0.99625
00027.jpg 236 200 241 316 0.99600
00027.jpg 229 190 242 329 0.99592
00027.jpg 225 195 250 320 0.99567
00027.jpg 636 201 298 326 0.99564
00027.jpg 624 202 309 333 0.99560
00027.jpg 240 188 219 335 0.99511
00027.jpg 655 198 250 334 0.99470
00027.jpg 245 208 221 305 0.99458
00027.jpg 637 190 273 347 0.99433
00027.jpg 226 198 250 325 0.99382
00027.jpg 635 219 283 312 0.99346
00027.jpg 640 204 269 325 0.99310
00027.jpg 235 190 229 337 0.99244
00027.jpg 635 211 282 322 0.99227
00027.jpg 239 193 235 320 0.99147
00027.jpg 633 198 296 319 0.99112
00027.jpg 654 202 262 328 0.99063
00027.jpg 653 196 279 326 0.99058
00027.jpg 250 195 213 322 0.99056
00027.jpg 235 185 235 338 0.99050
00027.jpg 608 217 323 300 0.99048
00027.jpg 644 201 264 314 0.99017
00027.jpg 239 188 237 324 0.99011
00027.jpg 628 203 290 321 0.98887
00027.jpg 231 196 250 324 0.98690
00027.jpg 237 200 231 322 0.98580
00027.jpg 233 183 238 340 0.98450
00027.jpg 645 210 284 321 0.98340
00027.jpg 637 214 281 316 0.98290
00027.jpg 224 202 241 310 0.98116
00027.jpg 639 215 281 312 0.97878
00027.jpg 653 207 274 315 0.97738
00027.jpg 544 206 176 292 0.97733
00027.jpg 542 204 177 301 0.97711
00027.jpg 225 196 260 313 0.97594
00027.jpg 633 198 277 337 0.97590
00027.jpg 637 208 290 322 0.97586
00027.jpg 640 203 267 330 0.97517
00027.jpg 627 209 281 322 0.97285
00027.jpg 231 191 242 323 0.97101
00027.jpg 654 210 254 314 0.97039
00027.jpg 548 227 170 258 0.96965
00027.jpg 667 202 228 328 0.96800
00027.jpg 221 205 253 305 0.96800
00027.jpg 658 199 243 335 0.96448
00027.jpg 243 203 221 318 0.96442
00027.jpg 637 197 289 329 0.96346
00027.jpg 652 201 265 330 0.95975
00027.jpg 225 191 248 314 0.95845
00027.jpg 544 226 164 258 0.95516
00027.jpg 224 208 246 299 0.95476
00027.jpg 541 211 179 290 0.95242
00027.jpg 544 223 177 242 0.95169
00027.jpg 229 190 243 336 0.94873
00027.jpg 559 219 198 288 0.94626
00027.jpg 543 207 173 305 0.94600
00027.jpg 546 205 174 298 0.93768
00027.jpg 236 208 230 301 0.93392
00027.jpg 542 223 178 277 0.93382
00027.jpg 647 204 261 326 0.93139
00027.jpg 640 200 287 315 0.92792
00027.jpg 542 219 167 236 0.92658
00027.jpg 538 214 175 255 0.91988
00027.jpg 644 203 284 328 0.91497
00027.jpg 539 222 182 283 0.91147
00027.jpg 646 195 265 318 0.91078
00027.jpg 249 190 213 342 0.90638
00027.jpg 636 229 277 284 0.90209
00027.jpg 654 204 256 319 0.90197
00027.jpg 662 216 250 309 0.90087
00027.jpg 538 216 189 272 0.89672
00027.jpg 647 215 286 319 0.89494
00027.jpg 539 223 176 235 0.89447
00027.jpg 258 201 207 314 0.89020
00027.jpg 547 222 183 269 0.88915
00027.jpg 546 218 182 260 0.88725
00027.jpg 536 218 203 264 0.88572
00027.jpg 539 213 173 249 0.87869
00027.jpg 239 195 221 327 0.87465
00027.jpg 645 210 268 298 0.86956
00027.jpg 559 220 159 296 0.86648
00027.jpg 235 197 239 318 0.85722
00027.jpg 633 214 263 297 0.85244
00027.jpg 656 209 244 306 0.84864
00027.jpg 554 225 167 270 0.84705
00027.jpg 262 191 206 345 0.84612
00027.jpg 241 207 235 305 0.82814
00027.jpg 536 224 183 240 0.82638
00027.jpg 240 208 218 325 0.81221
00027.jpg 546 224 159 211 0.81206
00027.jpg 548 220 170 228 0.80506
00027.jpg 636 208 251 305 0.79697
00027.jpg 549 227 158 212 0.79109
00027.jpg 541 225 176 196 0.78938
00027.jpg 614 198 296 330 0.78883
00027.jpg 544 226 191 266 0.78585
00027.jpg 543 227 177 197 0.77687
00027.jpg 225 189 233 333 0.77450
00027.jpg 260 209 211 320 0.76721
00027.jpg 584 210 313 310 0.76310
00027.jpg 246 187 213 336 0.76130
00027.jpg 645 214 269 315 0.75514
00027.jpg 538 219 165 283 0.75034
00027.jpg 400 221 40 59 0.74294
00027.jpg 544 225 179 244 0.74148
00027.jpg 235 202 247 316 0.73906
00027.jpg 541 222 167 223 0.73878
00027.jpg 536 223 179 219 0.73775
00027.jpg 620 204 257 321 0.73427
00027.jpg 527 226 195 281 0.72796
00027.jpg 440 502 109 31 0.72628
00027.jpg 661 204 220 326 0.72290
00027.jpg 541 221 173 243 0.72228
00027.jpg 254 198 228 318 0.71901
00027.jpg 551 230 161 184 0.71707
00027.jpg 543 231 172 236 0.71309
00027.jpg 665 211 265 320 0.70539
00027.jpg 658 207 225 324 0.70027
00027.jpg 538 230 183 224 0.69706
00027.jpg 656 229 235 307 0.69688
00027.jpg 545 222 173 219 0.69593
00027.jpg 240 201 233 306 0.69564
00027.jpg 542 219 183 225 0.69509
00027.jpg 544 227 177 209 0.68856
00027.jpg 641 221 256 312 0.68770
00027.jpg 400 222 38 58 0.68769
00027.jpg 545 212 195 271 0.68661
00027.jpg 661 210 229 319 0.68479
00027.jpg 543 214 194 274 0.68184
00027.jpg 547 229 161 226 0.67948
00027.jpg 544 228 169 214 0.67809
00027.jpg 658 205 233 321 0.67667
00027.jpg 236 201 236 315 0.67079
00027.jpg 540 215 168 215 0.66578
00027.jpg 536 220 180 276 0.66316
00027.jpg 542 227 171 271 0.66295
00027.jpg 547 229 173 195 0.65295
00027.jpg 539 227 173 225 0.65138
00027.jpg 404 223 41 69 0.64030
00027.jpg 640 212 212 303 0.63449
00027.jpg 546 220 169 212 0.63382
00027.jpg 636 210 274 298 0.62692
00027.jpg 531 214 195 246 0.62630
00027.jpg 255 205 214 315 0.62598
00027.jpg 404 222 39 63 0.62320
00027.jpg 528 247 183 194 0.61900
00027.jpg 542 226 156 286 0.61763
00027.jpg 548 229 160 208 0.61716
00027.jpg 223 196 244 331 0.61013
00027.jpg 237 196 233 333 0.60926
00027.jpg 548 229 153 180 0.60320
00027.jpg 538 224 177 282 0.60289
00027.jpg 638 195 213 327 0.59787
00027.jpg 542 232 163 149 0.59776
00027.jpg 400 223 36 58 0.58548
00027.jpg 548 220 172 237 0.58242
00027.jpg 401 220 35 63 0.58035
00027.jpg 549 212 162 259 0.57970
00027.jpg 552 229 155 177 0.57803
00027.jpg 237 203 241 319 0.57635
00027.jpg 643 203 229 312 0.57110
00027.jpg 398 225 41 61 0.56807
00027.jpg 224 185 252 342 0.56500
00027.jpg 585 201 347 312 0.56121
00027.jpg 254 205 224 314 0.56034
00027.jpg 537 230 185 238 0.56005
00027.jpg 540 221 171 204 0.55899
00027.jpg 546 219 189 255 0.55745
00027.jpg 401 222 40 80 0.55639
00027.jpg 652 203 272 316 0.55413
00027.jpg 527 222 196 305 0.55349
00027.jpg 529 215 206 307 0.54751
00027.jpg 548 222 171 223 0.54108
00027.jpg 226 204 248 323 0.53737
00027.jpg 623 184 284 329 0.53371
00027.jpg 543 217 178 268 0.53069
00027.jpg 601 211 330 321 0.52760
00027.jpg 400 218 37 63 0.52669
00027.jpg 402 221 39 58 0.52557
00027.jpg 569 188 254 333 0.52341
00027.jpg 548 227 165 180 0.51769
00027.jpg 618 221 295 287 0.51704
00027.jpg 401 220 35 59 0.51648
00027.jpg 535 210 196 301 0.51525
00027.jpg 402 219 36 61 0.51284
00027.jpg 549 220 161 173 0.51276
00027.jpg 652 208 238 319 0.51273
00027.jpg 557 208 246 321 0.51084
00027.jpg 400 223 44 62 0.51055
00027.jpg 271 202 207 337 0.50764
00027.jpg 250 189 220 325 0.50346
00027.jpg 531 203 189 314 0.50047
