00032.jpg 384 219 164 303 0.99953
00032.jpg 500 246 190 270 0.99950
00032.jpg 382 212 170 304 0.99926
00032.jpg 743 251 188 276 0.99917
00032.jpg 376 210 187 319 0.99887
00032.jpg 734 242 203 274 0.99862
00032.jpg 506 243 185 277 0.99825
00032.jpg 380 221 178 302 0.99817
00032.jpg 513 245 172 276 0.99810
00032.jpg 736 242 203 277 0.99808
00032.jpg 740 237 204 280 0.99807
00032.jpg 496 233 195 284 0.99807
00032.jpg 513 233 191 288 0.99791
00032.jpg 509 235 186 284 0.99765
00032.jpg 733 242 212 271 0.99726
00032.jpg 737 244 209 273 0.99705
00032.jpg 386 215 158 313 0.99697
00032.jpg 221 205 160 314 0.99678
00032.jpg 738 249 202 274 0.99643
00032.jpg 372 214 185 312 0.99628
00032.jpg 738 249 206 264 0.99615
00032.jpg 149 124 107 185 0.99611
00032.jpg 736 257 210 256 0.99603
00032.jpg 381 218 171 313 0.99569
00032.jpg 748 247 193 267 0.99563
00032.jpg 221 220 154 313 0.99546
00032.jpg 503 232 196 299 0.99542
00032.jpg 223 204 159 333 0.99536
00032.jpg 381 220 185 292 0.99533
00032.jpg 218 210 153 321 0.99526
00032.jpg 747 242 190 272 0.99521
00032.jpg 380 225 172 298 0.99509
00032.jpg 383 213 168 313 0.99473
00032.jpg 730 258 212 245 0.99471
00032.jpg 729 246 213 272 0.99455
00032.jpg 494 244 211 275 0.99416
00032.jpg 381 210 172 303 0.99413
00032.jpg 377 217 185 308 0.99390
00032.jpg 373 222 195 296 0.99387
00032.jpg 378 209 172 320 0.99367
00032.jpg 384 214 159 312 0.99365
00032.jpg 514 243 176 292 0.99343
00032.jpg 379 217 168 310 0.99327
00032.jpg 730 238 214 284 0.99297
00032.jpg 230 202 147 330 0.99275
00032.jpg 739 252 208 268 0.99267
00032.jpg 503 234 187 292 0.99252
00032.jpg 736 245 193 276 0.99223
00032.jpg 521 240 178 270 0.99219
00032.jpg 514 236 167 283 0.99214
00032.jpg 389 216 162 310 0.99190
00032.jpg 735 244 218 273 0.99179
00032.jpg 374 223 188 293 0.99177
00032.jpg 735 248 212 268 0.99158
00032.jpg 376 212 180 312 0.99078
00032.jpg 376 230 197 292 0.99076
00032.jpg 382 213 169 324 0.99041
00032.jpg 734 249 203 282 0.99036
00032.jpg 734 242 207 264 0.98976
00032.jpg 510 240 181 287 0.98955
00032.jpg 503 247 190 281 0.98854
00032.jpg 390 220 153 302 0.98835
00032.jpg 504 242 190 285 0.98820
00032.jpg 376 211 174 314 0.98813
00032.jpg 505 241 191 285 0.98801
00032.jpg 228 200 146 333 0.98792
00032.jpg 222 214 150 316 0.98789
00032.jpg 385 217 174 306 0.98783
00032.jpg 144 124 120 188 0.98772
00032.jpg 233 221 135 306 0.98746
00032.jpg 221 205 151 328 0.98721
00032.jpg 738 244 195 281 0.98677
00032.jpg 508 222 185 303 0.98658
00032.jpg 735 245 207 283 0.98631
00032.jpg 218 216 148 318 0.98603
00032.jpg 510 236 173 278 0.98591
00032.jpg 227 206 142 333 0.98590
00032.jpg 227 213 142 309 0.98568
00032.jpg 142 127 124 186 0.98558
00032.jpg 146 127 120 184 0.98527
00032.jpg 140 123 121 184 0.98526
00032.jpg 375 219 189 301 0.98513
00032.jpg 506 242 189 286 0.98449
00032.jpg 509 244 181 285 0.98441
00032.jpg 499 239 198 288 0.98438
00032.jpg 221 208 149 331 0.98434
00032.jpg 739 245 202 282 0.98406
00032.jpg 145 129 119 178 0.98349
00032.jpg 510 243 178 289 0.98327
00032.jpg 506 237 193 280 0.98319
00032.jpg 733 249 202 262 0.98313
00032.jpg 140 124 120 185 0.98276
00032.jpg 506 244 190 278 0.98263
00032.jpg 509 227 178 292 0.98245
00032.jpg 144 127 115 186 0.98242
00032.jpg 381 215 175 300 0.98212
00032.jpg 505 244 189 290 0.98145
00032.jpg 736 241 195 286 0.98132
00032.jpg 145 132 113 178 0.98124
00032.jpg 146 127 116 191 0.98104
00032.jpg 740 252 202 276 0.97980
00032.jpg 225 208 144 325 0.97915
00032.jpg 498 246 195 282 0.97909
00032.jpg 730 243 215 290 0.97858
00032.jpg 143 124 115 188 0.97847
00032.jpg 506 240 186 293 0.97756
00032.jpg 498 235 194 289 0.97724
00032.jpg 384 218 172 296 0.97720
00032.jpg 736 252 200 265 0.97712
00032.jpg 143 130 115 170 0.97593
00032.jpg 731 245 210 287 0.97547
00032.jpg 500 234 196 299 0.97515
00032.jpg 146 120 114 191 0.97515
00032.jpg 497 244 194 288 0.97501
00032.jpg 218 208 154 331 0.97484
00032.jpg 379 215 179 311 0.97465
00032.jpg 392 226 172 293 0.97447
00032.jpg 735 252 200 273 0.97402
00032.jpg 142 123 116 191 0.97373
00032.jpg 381 217 171 307 0.97347
00032.jpg 217 206 167 333 0.97312
00032.jpg 222 214 150 325 0.97254
00032.jpg 734 259 214 246 0.97197
00032.jpg 232 205 141 331 0.97166
00032.jpg 747 243 204 278 0.97076
00032.jpg 380 210 167 318 0.97039
00032.jpg 218 205 159 316 0.97000
00032.jpg 223 213 147 326 0.96973
00032.jpg 500 230 186 305 0.96965
00032.jpg 738 235 195 287 0.96930
00032.jpg 734 251 201 279 0.96907
00032.jpg 146 132 114 178 0.96849
00032.jpg 230 216 164 306 0.96795
00032.jpg 141 130 122 178 0.96716
00032.jpg 510 243 171 288 0.96684
00032.jpg 497 232 188 299 0.96611
00032.jpg 737 259 202 269 0.96608
00032.jpg 508 244 184 277 0.96553
00032.jpg 733 249 207 283 0.96514
00032.jpg 385 221 168 304 0.96454
00032.jpg 219 211 162 321 0.96389
00032.jpg 380 223 172 303 0.96342
00032.jpg 220 201 141 338 0.96206
00032.jpg 141 127 128 184 0.96111
00032.jpg 143 128 120 177 0.96083
00032.jpg 740 244 198 279 0.95925
00032.jpg 145 120 113 184 0.95867
00032.jpg 227 204 143 335 0.95831
00032.jpg 512 233 176 291 0.95772
00032.jpg 503 244 188 281 0.95702
00032.jpg 213 207 180 326 0.95691
00032.jpg 232 201 149 335 0.95546
00032.jpg 733 251 204 279 0.95316
00032.jpg 147 123 112 188 0.95297
00032.jpg 499 244 192 288 0.95295
00032.jpg 505 244 186 291 0.95210
00032.jpg 379 213 178 310 0.95154
00032.jpg 382 223 162 285 0.95060
00032.jpg 387 219 166 308 0.95017
00032.jpg 736 248 202 279 0.94982
00032.jpg 145 124 114 184 0.94981
00032.jpg 219 220 152 313 0.94892
00032.jpg 500 248 192 276 0.94884
00032.jpg 506 242 187 289 0.94735
00032.jpg 219 216 159 323 0.94665
00032.jpg 147 133 112 181 0.94547
00032.jpg 140 123 119 187 0.94037
00032.jpg 227 215 146 318 0.93997
00032.jpg 376 207 167 316 0.93965
00032.jpg 495 231 194 298 0.93747
00032.jpg 727 250 214 272 0.93349
00032.jpg 145 122 114 191 0.93305
00032.jpg 735 246 198 276 0.93074
00032.jpg 147 127 117 189 0.93051
00032.jpg 371 219 189 280 0.92904
00032.jpg 227 213 139 326 0.92886
00032.jpg 374 217 186 297 0.92768
00032.jpg 393 217 170 306 0.92687
00032.jpg 233 203 126 336 0.92530
00032.jpg 140 134 120 181 0.92422
00032.jpg 141 134 124 171 0.92358
00032.jpg 736 251 206 255 0.92310
00032.jpg 737 249 207 276 0.92219
00032.jpg 147 133 113 179 0.91995
00032.jpg 732 244 201 286 0.91946
00032.jpg 222 217 152 322 0.91921
00032.jpg 737 249 199 279 0.91497
00032.jpg 146 129 118 181 0.91440
00032.jpg 508 235 174 299 0.91407
00032.jpg 149 124 111 181 0.91329
00032.jpg 215 216 166 323 0.91310
00032.jpg 498 244 196 279 0.91235
00032.jpg 140 121 125 187 0.91230
00032.jpg 225 213 145 322 0.91023
00032.jpg 222 209 140 330 0.90986
00032.jpg 149 124 111 187 0.90981
00032.jpg 149 129 102 184 0.90909
00032.jpg 145 123 118 186 0.90642
00032.jpg 377 214 182 308 0.90012
00032.jpg 504 240 188 290 0.89916
00032.jpg 226 213 135 326 0.89829
00032.jpg 742 242 183 275 0.89718
00032.jpg 223 214 140 324 0.89702
00032.jpg 736 252 204 274 0.89307
00032.jpg 375 206 181 321 0.89131
00032.jpg 384 212 163 314 0.89031
00032.jpg 141 126 117 185 0.89028
00032.jpg 383 218 177 306 0.88862
00032.jpg 143 125 115 186 0.88630
00032.jpg 376 226 177 290 0.88113
00032.jpg 217 212 149 323 0.87646
00032.jpg 222 214 146 325 0.87504
00032.jpg 144 126 118 194 0.87388
00032.jpg 147 121 114 188 0.87268
00032.jpg 220 210 140 329 0.86579
00032.jpg 736 253 201 272 0.86285
00032.jpg 216 211 159 320 0.86102
00032.jpg 139 125 122 196 0.85914
00032.jpg 386 216 160 317 0.85869
00032.jpg 143 125 120 184 0.85672
00032.jpg 730 240 220 275 0.85392
00032.jpg 139 132 125 165 0.85068
00032.jpg 143 122 114 192 0.84828
00032.jpg 148 133 113 172 0.84316
00032.jpg 144 134 108 158 0.83246
00032.jpg 730 248 210 282 0.83023
00032.jpg 147 127 117 175 0.82985
00032.jpg 740 247 198 269 0.82703
00032.jpg 512 252 176 279 0.82464
00032.jpg 381 212 173 318 0.82137
00032.jpg 495 245 191 268 0.81608
00032.jpg 143 133 113 177 0.81502
00032.jpg 142 126 124 176 0.81393
00032.jpg 139 125 118 195 0.81322
00032.jpg 502 242 186 284 0.80878
00032.jpg 226 201 146 338 0.80730
00032.jpg 145 133 118 183 0.80576
00032.jpg 733 249 209 274 0.79867
00032.jpg 510 247 183 269 0.79619
00032.jpg 139 130 120 193 0.79418
00032.jpg 736 250 202 267 0.79095
00032.jpg 734 237 202 298 0.78675
00032.jpg 737 250 202 277 0.78448
00032.jpg 221 205 153 331 0.78434
00032.jpg 137 134 118 186 0.77737
00032.jpg 377 200 183 332 0.77320
00032.jpg 142 128 124 180 0.77216
00032.jpg 373 220 198 294 0.76903
00032.jpg 381 221 176 298 0.76531
00032.jpg 372 214 204 308 0.76440
00032.jpg 725 243 202 269 0.76100
00032.jpg 227 209 145 330 0.76094
00032.jpg 515 239 170 284 0.75971
00032.jpg 500 242 186 285 0.75954
00032.jpg 492 236 217 291 0.75586
00032.jpg 388 219 157 300 0.75581
00032.jpg 227 213 141 326 0.75546
00032.jpg 149 129 118 181 0.75460
00032.jpg 371 212 201 313 0.74914
00032.jpg 737 250 206 266 0.74555
00032.jpg 474 227 196 289 0.74023
00032.jpg 379 221 184 294 0.72985
00032.jpg 379 214 171 309 0.72667
00032.jpg 379 218 179 306 0.72527
00032.jpg 733 259 208 255 0.72213
00032.jpg 229 198 147 334 0.71962
00032.jpg 516 242 175 295 0.71666
00032.jpg 740 252 200 273 0.71002
00032.jpg 213 218 179 321 0.69988
00032.jpg 134 129 130 197 0.69880
00032.jpg 388 208 169 318 0.69452
00032.jpg 486 228 202 292 0.69396
00032.jpg 886 507 28 29 0.69371
00032.jpg 743 245 195 272 0.69099
00032.jpg 730 235 217 277 0.69069
00032.jpg 497 224 199 300 0.68719
00032.jpg 220 213 152 313 0.68683
00032.jpg 145 123 120 181 0.68320
00032.jpg 387 219 167 296 0.66840
00032.jpg 884 507 35 32 0.66577
00032.jpg 230 214 146 317 0.65322
00032.jpg 147 124 117 180 0.63818
00032.jpg 379 218 176 298 0.63666
00032.jpg 139 126 114 180 0.63478
00032.jpg 528 232 171 299 0.63306
00032.jpg 143 130 114 173 0.62814
00032.jpg 140 126 121 203 0.62743
00032.jpg 147 135 113 122 0.62737
00032.jpg 222 196 138 343 0.62506
00032.jpg 376 205 185 330 0.61954
00032.jpg 220 205 147 330 0.61858
00032.jpg 282 223 65 87 0.61772
00032.jpg 144 143 109 160 0.61098
00032.jpg 138 124 128 185 0.60909
00032.jpg 224 208 135 329 0.60405
00032.jpg 366 216 198 292 0.60135
00032.jpg 377 221 183 276 0.59869
00032.jpg 742 247 197 256 0.59520
00032.jpg 384 209 162 313 0.59262
00032.jpg 135 140 119 165 0.58964
00032.jpg 735 245 199 269 0.58273
00032.jpg 741 252 193 276 0.58170
00032.jpg 736 256 192 248 0.58138
00032.jpg 880 507 34 32 0.58025
00032.jpg 143 134 123 198 0.57919
00032.jpg 226 217 159 308 0.57894
00032.jpg 883 506 35 33 0.57851
00032.jpg 731 248 191 267 0.57794
00032.jpg 372 207 176 316 0.57447
00032.jpg 136 130 132 166 0.56744
00032.jpg 232 210 147 326 0.56447
00032.jpg 216 206 151 326 0.55786
00032.jpg 495 241 204 274 0.55686
00032.jpg 356 222 249 296 0.55625
00032.jpg 500 235 180 270 0.55087
00032.jpg 369 226 205 276 0.54894
00032.jpg 277 227 65 63 0.54330
00032.jpg 227 211 166 322 0.53680
00032.jpg 731 255 206 263 0.51984
00032.jpg 143 131 110 189 0.51606
00032.jpg 739 247 209 279 0.50852
00032.jpg 496 246 191 278 0.49909
