00036.jpg 685 256 152 274 0.99949
00036.jpg 680 256 151 273 0.99924
00036.jpg 680 254 158 277 0.99915
00036.jpg 678 261 164 267 0.99914
00036.jpg 5 245 134 279 0.99845
00036.jpg 682 248 156 289 0.99828
00036.jpg 2 256 134 270 0.99822
00036.jpg 679 257 158 276 0.99822
00036.jpg 678 251 162 281 0.99812
00036.jpg 5 253 140 272 0.99800
00036.jpg 680 259 158 271 0.99794
00036.jpg 676 254 166 281 0.99789
00036.jpg 684 253 148 280 0.99771
00036.jpg 687 251 147 279 0.99748
00036.jpg 685 252 154 275 0.99741
00036.jpg 288 245 173 284 0.99731
00036.jpg 684 246 161 280 0.99710
00036.jpg 4 248 130 271 0.99655
00036.jpg 284 252 177 277 0.99640
00036.jpg 285 247 178 277 0.99640
00036.jpg 7 247 134 279 0.99624
00036.jpg 678 255 160 279 0.99576
00036.jpg 682 252 149 281 0.99561
00036.jpg 679 256 162 276 0.99545
00036.jpg 5 247 131 285 0.99543
00036.jpg 282 254 183 280 0.99540
00036.jpg 1 251 138 275 0.99538
00036.jpg 681 248 146 271 0.99536
00036.jpg 690 254 139 283 0.99522
00036.jpg 680 258 157 270 0.99497
00036.jpg 680 254 155 268 0.99460
00036.jpg 0 254 148 274 0.99457
00036.jpg 682 254 151 274 0.99429
00036.jpg 0 247 148 281 0.99420
00036.jpg 682 257 155 273 0.99412
00036.jpg 8 246 129 285 0.99410
00036.jpg 680 256 154 269 0.99398
00036.jpg 294 253 165 270 0.99382
00036.jpg 2 249 139 276 0.99364
00036.jpg 300 251 157 284 0.99357
00036.jpg 678 248 160 290 0.99306
00036.jpg 674 255 164 278 0.99306
00036.jpg 4 249 136 280 0.99299
00036.jpg 3 261 139 254 0.99254
00036.jpg 681 253 153 280 0.99246
00036.jpg 4 250 138 272 0.99238
00036.jpg 681 256 155 269 0.99230
00036.jpg 684 254 150 280 0.99207
00036.jpg 683 256 153 279 0.99199
00036.jpg 286 241 173 287 0.99091
00036.jpg 677 255 150 269 0.99067
00036.jpg 289 250 175 278 0.99051
00036.jpg 281 240 178 280 0.98986
00036.jpg 681 254 151 283 0.98979
00036.jpg 3 246 136 283 0.98931
00036.jpg 2 250 137 277 0.98930
00036.jpg 4 258 139 254 0.98918
00036.jpg 0 249 137 279 0.98885
00036.jpg 4 247 132 283 0.98823
00036.jpg 5 250 135 269 0.98732
00036.jpg 682 250 152 281 0.98712
00036.jpg 280 253 171 263 0.98704
00036.jpg 286 233 174 304 0.98695
00036.jpg 293 247 166 282 0.98682
00036.jpg 3 242 141 290 0.98669
00036.jpg 131 239 230 277 0.98636
00036.jpg 686 255 150 277 0.98622
00036.jpg 287 251 175 282 0.98551
00036.jpg 142 231 205 276 0.98530
00036.jpg 678 258 164 272 0.98528
00036.jpg 290 246 177 278 0.98481
00036.jpg 147 246 206 250 0.98468
00036.jpg 284 253 181 269 0.98448
00036.jpg 290 245 171 288 0.98414
00036.jpg 288 240 162 283 0.98359
00036.jpg 140 233 213 274 0.98334
00036.jpg 4 249 135 276 0.98279
00036.jpg 1 252 143 265 0.98272
00036.jpg 287 243 183 290 0.98187
00036.jpg 0 243 141 279 0.98168
00036.jpg 282 254 184 262 0.98163
00036.jpg 5 243 136 288 0.98157
00036.jpg 687 250 147 275 0.98105
00036.jpg 1 253 135 273 0.98054
00036.jpg 1 248 138 281 0.98047
00036.jpg 286 248 185 280 0.98046
00036.jpg 137 232 211 272 0.97975
00036.jpg 282 240 180 292 0.97956
00036.jpg 0 245 137 279 0.97844
00036.jpg 2 260 138 255 0.97784
00036.jpg 2 253 140 277 0.97783
00036.jpg 286 235 179 301 0.97778
00036.jpg 155 234 177 269 0.97760
00036.jpg 681 253 149 274 0.97691
00036.jpg 679 258 160 270 0.97669
00036.jpg 139 221 215 296 0.97589
00036.jpg 150 224 202 281 0.97506
00036.jpg 195 152 114 179 0.97459
00036.jpg 291 250 164 268 0.97395
00036.jpg 283 244 179 286 0.97272
00036.jpg 150 226 207 288 0.97268
00036.jpg 1 247 144 280 0.97250
00036.jpg 147 237 198 274 0.97229
00036.jpg 146 244 223 273 0.97221
00036.jpg 194 147 111 180 0.97191
00036.jpg 669 260 172 263 0.97090
00036.jpg 1 249 142 270 0.97040
00036.jpg 135 255 219 253 0.96965
00036.jpg 280 249 182 277 0.96935
00036.jpg 194 150 112 178 0.96881
00036.jpg 192 151 113 170 0.96670
00036.jpg 682 260 153 264 0.96633
00036.jpg 292 248 169 280 0.96559
00036.jpg 284 247 173 271 0.96400
00036.jpg 146 239 210 267 0.96319
00036.jpg 141 254 212 255 0.96253
00036.jpg 136 237 219 286 0.96221
00036.jpg 6 252 134 278 0.96023
00036.jpg 3 247 133 279 0.96007
00036.jpg 286 244 187 288 0.96007
00036.jpg 198 150 106 171 0.95965
00036.jpg 684 258 143 275 0.95925
00036.jpg 298 245 164 290 0.95733
00036.jpg 138 259 216 252 0.95699
00036.jpg 280 253 177 269 0.95576
00036.jpg 286 244 183 292 0.95518
00036.jpg 192 155 110 165 0.95506
00036.jpg 684 245 151 279 0.95246
00036.jpg 4 249 140 277 0.95226
00036.jpg 687 252 149 278 0.95165
00036.jpg 286 238 178 297 0.95037
00036.jpg 688 255 148 280 0.94862
00036.jpg 189 149 121 188 0.94849
00036.jpg 188 147 124 180 0.94835
00036.jpg 193 154 118 172 0.94667
00036.jpg 280 252 180 276 0.94533
00036.jpg 677 244 154 295 0.94438
00036.jpg 189 148 115 176 0.94423
00036.jpg 143 246 217 262 0.94411
00036.jpg 289 242 173 294 0.94402
00036.jpg 147 225 204 287 0.93901
00036.jpg 196 158 114 162 0.93797
00036.jpg 146 249 211 253 0.93775
00036.jpg 193 150 116 172 0.93741
00036.jpg 137 244 215 271 0.93603
00036.jpg 285 242 176 289 0.93518
00036.jpg 140 240 215 262 0.93472
00036.jpg 193 154 111 168 0.93447
00036.jpg 170 199 177 319 0.93376
00036.jpg 194 148 114 179 0.93351
00036.jpg 138 245 221 258 0.93058
00036.jpg 192 146 120 183 0.92943
00036.jpg 677 253 152 270 0.92858
00036.jpg 144 232 209 282 0.92701
00036.jpg 135 242 203 252 0.92454
00036.jpg 140 248 211 268 0.92439
00036.jpg 283 246 179 289 0.92435
00036.jpg 148 249 180 239 0.92289
00036.jpg 150 219 206 308 0.91899
00036.jpg 193 149 119 183 0.91780
00036.jpg 136 261 222 252 0.91643
00036.jpg 0 246 139 284 0.91606
00036.jpg 283 247 177 287 0.91504
00036.jpg 135 237 217 274 0.91425
00036.jpg 131 246 220 269 0.91273
00036.jpg 191 147 114 186 0.91138
00036.jpg 689 260 145 265 0.91091
00036.jpg 195 158 115 162 0.90767
00036.jpg 202 157 99 167 0.90740
00036.jpg 684 245 147 293 0.90704
00036.jpg 683 255 152 278 0.90689
00036.jpg 689 242 151 285 0.90632
00036.jpg 193 158 115 169 0.90123
00036.jpg 10 240 128 292 0.90099
00036.jpg 144 264 220 220 0.89972
00036.jpg 297 236 170 302 0.89949
00036.jpg 282 243 181 286 0.89472
00036.jpg 146 217 195 311 0.89401
00036.jpg 158 210 201 316 0.89305
00036.jpg 131 246 233 244 0.89050
00036.jpg 194 155 114 173 0.89016
00036.jpg 2 247 139 271 0.88968
00036.jpg 152 242 192 254 0.88836
00036.jpg 136 255 221 246 0.88437
00036.jpg 270 252 198 262 0.88269
00036.jpg 139 249 213 253 0.88194
00036.jpg 0 242 149 255 0.87987
00036.jpg 285 231 177 308 0.87779
00036.jpg 193 154 104 163 0.87597
00036.jpg 2 248 137 270 0.87384
00036.jpg 275 240 190 284 0.87334
00036.jpg 191 162 126 166 0.86580
00036.jpg 191 154 113 178 0.86338
00036.jpg 139 237 221 262 0.86282
00036.jpg 190 149 114 171 0.85545
00036.jpg 197 159 110 176 0.85465
00036.jpg 144 228 210 287 0.85408
00036.jpg 681 258 156 277 0.85071
00036.jpg 283 248 185 270 0.84983
00036.jpg 153 219 201 302 0.84702
00036.jpg 190 152 119 175 0.84556
00036.jpg 193 151 116 178 0.84555
00036.jpg 675 259 157 262 0.84539
00036.jpg 136 251 224 251 0.84412
00036.jpg 1 244 141 284 0.84185
00036.jpg 198 152 106 175 0.83903
00036.jpg 137 261 216 242 0.83557
00036.jpg 135 269 221 209 0.83323
00036.jpg 128 229 220 293 0.82909
00036.jpg 187 149 123 176 0.82815
00036.jpg 138 258 220 238 0.82447
00036.jpg 295 255 169 257 0.81554
00036.jpg 196 154 99 160 0.81399
00036.jpg 3 253 137 263 0.81393
00036.jpg 196 155 112 170 0.81239
00036.jpg 192 151 112 183 0.80564
00036.jpg 278 249 182 267 0.80500
00036.jpg 188 234 193 297 0.80285
00036.jpg 294 250 164 271 0.80001
00036.jpg 2 249 148 269 0.79977
00036.jpg 139 253 223 239 0.79701
00036.jpg 140 260 209 235 0.79001
00036.jpg 678 254 158 278 0.78611
00036.jpg 144 249 207 257 0.78490
00036.jpg 199 155 99 160 0.76818
00036.jpg 144 228 210 285 0.76797
00036.jpg 288 247 180 276 0.76767
00036.jpg 196 159 107 158 0.76024
00036.jpg 1 258 132 263 0.75915
00036.jpg 147 248 205 254 0.75372
00036.jpg 214 246 233 263 0.75360
00036.jpg 192 149 116 169 0.75327
00036.jpg 679 251 158 282 0.75085
00036.jpg 0 259 137 260 0.75055
00036.jpg 194 149 120 177 0.74969
00036.jpg 680 259 160 274 0.74964
00036.jpg 191 155 126 171 0.74765
00036.jpg 137 244 220 259 0.74759
00036.jpg 0 235 139 295 0.74267
00036.jpg 129 213 209 306 0.74050
00036.jpg 274 262 179 255 0.73691
00036.jpg 0 254 140 271 0.73344
00036.jpg 2 250 136 273 0.73344
00036.jpg 688 259 140 254 0.73126
00036.jpg 126 241 217 272 0.72377
00036.jpg 688 255 149 280 0.72358
00036.jpg 0 249 147 262 0.71966
00036.jpg 138 267 209 231 0.71752
00036.jpg 192 150 112 184 0.71598
00036.jpg 677 251 153 288 0.71360
00036.jpg 194 147 112 176 0.70630
00036.jpg 193 148 118 172 0.70327
00036.jpg 141 243 222 260 0.69963
00036.jpg 689 258 143 271 0.69719
00036.jpg 198 156 96 161 0.68837
00036.jpg 143 253 221 237 0.68660
00036.jpg 198 153 109 175 0.68145
00036.jpg 688 257 148 281 0.67744
00036.jpg 188 159 126 166 0.67221
00036.jpg 7 250 149 274 0.66897
00036.jpg 269 255 180 268 0.66423
00036.jpg 139 265 216 247 0.66325
00036.jpg 189 159 114 169 0.65979
00036.jpg 154 234 236 286 0.65246
00036.jpg 198 144 112 178 0.65107
00036.jpg 674 251 168 269 0.64371
00036.jpg 690 261 140 268 0.63960
00036.jpg 681 255 154 276 0.63873
00036.jpg 138 261 219 227 0.63856
00036.jpg 274 255 192 257 0.63614
00036.jpg 141 270 214 215 0.63023
00036.jpg 145 252 226 245 0.62843
00036.jpg 4 249 133 261 0.62339
00036.jpg 672 249 174 286 0.61947
00036.jpg 290 252 167 255 0.61879
00036.jpg 681 255 163 272 0.61861
00036.jpg 1 236 137 303 0.61675
00036.jpg 686 249 154 283 0.61307
00036.jpg 124 209 212 325 0.61193
00036.jpg 189 154 123 162 0.61076
00036.jpg 195 152 112 179 0.59930
00036.jpg 1 245 142 279 0.59370
00036.jpg 141 249 217 233 0.58752
00036.jpg 193 156 113 120 0.58712
00036.jpg 147 262 220 223 0.58364
00036.jpg 257 252 192 268 0.58354
00036.jpg 178 243 209 252 0.58240
00036.jpg 688 264 149 261 0.57867
00036.jpg 684 262 159 264 0.57754
00036.jpg 186 152 127 181 0.57503
00036.jpg 178 238 200 284 0.57297
00036.jpg 284 239 172 291 0.57181
00036.jpg 130 238 250 281 0.57104
00036.jpg 187 157 124 177 0.57093
00036.jpg 193 157 120 175 0.56920
00036.jpg 133 260 217 246 0.56553
00036.jpg 194 149 117 173 0.55398
00036.jpg 148 247 200 242 0.55245
00036.jpg 194 159 99 167 0.54561
00036.jpg 676 257 165 275 0.54096
00036.jpg 192 156 103 153 0.53420
00036.jpg 191 162 119 158 0.53290
00036.jpg 291 252 178 281 0.52150
00036.jpg 135 228 223 255 0.52055
00036.jpg 291 242 169 275 0.51539
