00031.jpg 375 204 185 315 0.99971
00031.jpg 375 206 187 319 0.99967
00031.jpg 255 213 147 316 0.99958
00031.jpg 733 231 214 293 0.99953
00031.jpg 731 228 212 300 0.99910
00031.jpg 737 234 213 286 0.99898
00031.jpg 729 236 209 291 0.99884
00031.jpg 739 233 203 286 0.99878
00031.jpg 374 213 195 301 0.99871
00031.jpg 732 227 216 301 0.99868
00031.jpg 738 228 217 303 0.99855
00031.jpg 741 233 208 283 0.99853
00031.jpg 541 246 179 293 0.99851
00031.jpg 381 205 172 325 0.99832
00031.jpg 257 212 144 327 0.99809
00031.jpg 374 209 177 299 0.99804
00031.jpg 376 211 182 316 0.99771
00031.jpg 542 247 172 282 0.99749
00031.jpg 745 223 199 300 0.99736
00031.jpg 549 239 164 289 0.99727
00031.jpg 546 243 168 278 0.99707
00031.jpg 530 237 202 295 0.99703
00031.jpg 737 234 222 295 0.99698
00031.jpg 252 215 145 314 0.99684
00031.jpg 547 245 173 267 0.99657
00031.jpg 719 235 240 283 0.99650
00031.jpg 742 223 200 304 0.99638
00031.jpg 360 210 216 321 0.99627
00031.jpg 544 241 168 292 0.99620
00031.jpg 254 207 132 324 0.99620
00031.jpg 251 205 155 325 0.99609
00031.jpg 377 203 187 329 0.99607
00031.jpg 734 217 216 313 0.99600
00031.jpg 732 222 209 310 0.99594
00031.jpg 739 235 205 296 0.99586
00031.jpg 541 238 171 301 0.99528
00031.jpg 551 245 159 292 0.99515
00031.jpg 559 244 152 276 0.99509
00031.jpg 542 233 171 285 0.99490
00031.jpg 261 202 129 336 0.99490
00031.jpg 540 240 170 293 0.99481
00031.jpg 737 236 217 284 0.99478
00031.jpg 543 245 165 287 0.99460
00031.jpg 378 200 182 323 0.99450
00031.jpg 378 206 184 315 0.99447
00031.jpg 371 213 182 307 0.99391
00031.jpg 540 239 175 288 0.99391
00031.jpg 719 237 233 269 0.99374
00031.jpg 380 199 173 324 0.99348
00031.jpg 364 200 203 337 0.99335
00031.jpg 728 234 226 298 0.99318
00031.jpg 545 247 167 289 0.99317
00031.jpg 548 238 166 297 0.99256
00031.jpg 727 236 220 286 0.99216
00031.jpg 546 245 170 285 0.99211
00031.jpg 736 238 219 287 0.99208
00031.jpg 558 244 144 280 0.99181
00031.jpg 371 205 188 325 0.99177
00031.jpg 363 205 203 324 0.99159
00031.jpg 369 213 192 311 0.99159
00031.jpg 547 248 168 284 0.99140
00031.jpg 259 206 139 329 0.99131
00031.jpg 731 230 219 303 0.99127
00031.jpg 735 234 218 299 0.99122
00031.jpg 377 207 181 304 0.99115
00031.jpg 260 215 137 318 0.99066
00031.jpg 255 198 142 341 0.99055
00031.jpg 539 243 182 276 0.99054
00031.jpg 111 125 113 180 0.98989
00031.jpg 547 240 168 289 0.98984
00031.jpg 371 196 192 342 0.98969
00031.jpg 539 250 174 277 0.98949
00031.jpg 545 248 169 286 0.98942
00031.jpg 554 240 157 297 0.98939
00031.jpg 267 211 130 328 0.98918
00031.jpg 116 121 114 178 0.98885
00031.jpg 376 203 184 311 0.98866
00031.jpg 539 236 174 289 0.98850
00031.jpg 378 205 180 329 0.98844
00031.jpg 545 239 167 279 0.98840
00031.jpg 377 204 189 314 0.98773
00031.jpg 261 211 141 304 0.98772
00031.jpg 733 230 214 301 0.98763
00031.jpg 114 116 112 193 0.98735
00031.jpg 546 224 166 315 0.98727
00031.jpg 262 202 132 337 0.98721
00031.jpg 115 124 115 174 0.98677
00031.jpg 738 235 213 291 0.98662
00031.jpg 118 122 104 185 0.98639
00031.jpg 380 193 177 342 0.98637
00031.jpg 376 211 183 309 0.98624
00031.jpg 258 207 132 330 0.98615
00031.jpg 727 227 225 282 0.98598
00031.jpg 549 235 158 292 0.98553
00031.jpg 736 234 212 296 0.98476
00031.jpg 115 117 113 192 0.98441
00031.jpg 258 206 131 331 0.98438
00031.jpg 117 121 110 180 0.98434
00031.jpg 260 209 129 330 0.98355
00031.jpg 361 207 214 310 0.98255
00031.jpg 111 117 122 184 0.98203
00031.jpg 262 205 131 334 0.98181
00031.jpg 114 119 109 184 0.98103
00031.jpg 726 231 222 304 0.98093
00031.jpg 735 232 206 295 0.98078
00031.jpg 111 119 118 184 0.98026
00031.jpg 380 200 172 333 0.97988
00031.jpg 118 125 108 183 0.97939
00031.jpg 367 202 197 323 0.97888
00031.jpg 118 124 105 171 0.97850
00031.jpg 261 205 137 332 0.97844
00031.jpg 115 125 110 179 0.97837
00031.jpg 733 231 215 308 0.97753
00031.jpg 370 212 187 306 0.97746
00031.jpg 380 204 180 335 0.97726
00031.jpg 109 114 110 187 0.97646
00031.jpg 119 122 108 184 0.97632
00031.jpg 252 209 144 324 0.97623
00031.jpg 551 246 157 287 0.97563
00031.jpg 377 201 181 333 0.97547
00031.jpg 261 214 132 322 0.97525
00031.jpg 112 120 107 185 0.97467
00031.jpg 255 202 145 337 0.97385
00031.jpg 258 204 133 334 0.97347
00031.jpg 372 200 188 332 0.97339
00031.jpg 112 120 115 187 0.97251
00031.jpg 257 205 138 334 0.97226
00031.jpg 545 236 166 302 0.97195
00031.jpg 117 119 111 179 0.97112
00031.jpg 109 124 120 180 0.97105
00031.jpg 253 207 144 332 0.97041
00031.jpg 367 204 183 313 0.97039
00031.jpg 257 205 139 332 0.96921
00031.jpg 115 120 109 180 0.96856
00031.jpg 115 121 110 176 0.96836
00031.jpg 107 121 117 178 0.96807
00031.jpg 112 118 112 190 0.96755
00031.jpg 551 232 153 307 0.96692
00031.jpg 256 194 153 334 0.96587
00031.jpg 734 238 213 295 0.96585
00031.jpg 259 205 126 334 0.96553
00031.jpg 553 248 154 282 0.96519
00031.jpg 740 233 204 306 0.96467
00031.jpg 371 206 186 311 0.96381
00031.jpg 368 204 181 328 0.96358
00031.jpg 728 233 213 298 0.96183
00031.jpg 114 121 105 176 0.96160
00031.jpg 730 221 211 307 0.96018
00031.jpg 114 121 110 179 0.96005
00031.jpg 118 122 102 180 0.95826
00031.jpg 255 205 150 322 0.95745
00031.jpg 260 205 137 330 0.95682
00031.jpg 258 210 133 329 0.95551
00031.jpg 377 207 175 328 0.95487
00031.jpg 120 115 104 185 0.95458
00031.jpg 367 203 195 328 0.95403
00031.jpg 259 202 137 333 0.95382
00031.jpg 552 243 161 295 0.95278
00031.jpg 262 208 134 331 0.95254
00031.jpg 737 231 203 296 0.95157
00031.jpg 113 123 112 185 0.95135
00031.jpg 550 244 162 291 0.95103
00031.jpg 730 230 218 305 0.94961
00031.jpg 117 118 100 186 0.94899
00031.jpg 546 254 162 265 0.94883
00031.jpg 370 205 197 315 0.94871
00031.jpg 256 203 146 326 0.94830
00031.jpg 369 207 193 318 0.94755
00031.jpg 250 218 152 295 0.94723
00031.jpg 257 204 134 335 0.94717
00031.jpg 115 119 104 182 0.94521
00031.jpg 372 206 183 320 0.94347
00031.jpg 109 122 125 195 0.94003
00031.jpg 112 119 114 193 0.93872
00031.jpg 118 119 107 183 0.93543
00031.jpg 734 233 217 300 0.93507
00031.jpg 731 233 214 292 0.93430
00031.jpg 263 212 129 323 0.93332
00031.jpg 112 122 118 187 0.93171
00031.jpg 378 206 193 331 0.93009
00031.jpg 381 211 182 302 0.93004
00031.jpg 737 239 207 287 0.92865
00031.jpg 263 206 145 323 0.92819
00031.jpg 110 128 120 171 0.92810
00031.jpg 113 119 110 189 0.92805
00031.jpg 546 247 161 266 0.92570
00031.jpg 114 116 110 190 0.92296
00031.jpg 547 237 172 299 0.92221
00031.jpg 257 197 134 342 0.92023
00031.jpg 737 228 213 310 0.91875
00031.jpg 544 244 164 291 0.91811
00031.jpg 377 206 174 324 0.91703
00031.jpg 376 217 188 310 0.91691
00031.jpg 119 121 102 176 0.91538
00031.jpg 259 204 135 335 0.91530
00031.jpg 260 213 139 323 0.91218
00031.jpg 732 231 216 301 0.90604
00031.jpg 377 204 178 325 0.90500
00031.jpg 253 208 148 327 0.90133
00031.jpg 731 220 215 319 0.89776
00031.jpg 546 238 169 299 0.89744
00031.jpg 736 231 214 308 0.89724
00031.jpg 734 227 213 301 0.88927
00031.jpg 554 245 160 284 0.88457
00031.jpg 728 229 210 307 0.88227
00031.jpg 118 117 102 194 0.87900
00031.jpg 378 198 186 341 0.87655
00031.jpg 539 236 162 288 0.87139
00031.jpg 113 117 108 187 0.87090
00031.jpg 369 199 196 313 0.86336
00031.jpg 380 209 179 324 0.86291
00031.jpg 118 115 108 195 0.86274
00031.jpg 263 211 135 323 0.85978
00031.jpg 737 244 214 274 0.85920
00031.jpg 546 237 169 281 0.85901
00031.jpg 254 213 152 302 0.85873
00031.jpg 552 240 154 294 0.85384
00031.jpg 115 121 111 179 0.85206
00031.jpg 550 238 171 294 0.84791
00031.jpg 381 206 175 323 0.84724
00031.jpg 534 239 177 277 0.84588
00031.jpg 251 220 134 316 0.84257
00031.jpg 117 126 96 159 0.84195
00031.jpg 113 126 108 166 0.83936
00031.jpg 530 239 184 290 0.83751
00031.jpg 111 122 113 189 0.83578
00031.jpg 110 122 118 192 0.83319
00031.jpg 728 230 214 309 0.83201
00031.jpg 253 215 137 315 0.82654
00031.jpg 729 223 215 313 0.82508
00031.jpg 249 203 150 323 0.82499
00031.jpg 727 224 224 297 0.81672
00031.jpg 541 246 186 279 0.81197
00031.jpg 356 207 207 314 0.81029
00031.jpg 111 123 119 177 0.80954
00031.jpg 382 208 177 318 0.80399
00031.jpg 542 249 168 282 0.80364
00031.jpg 114 118 111 178 0.80083
00031.jpg 361 198 191 327 0.79804
00031.jpg 263 209 136 320 0.79620
00031.jpg 386 203 159 329 0.79287
00031.jpg 727 239 210 288 0.78980
00031.jpg 254 210 141 327 0.78538
00031.jpg 555 228 159 311 0.78531
00031.jpg 108 116 119 194 0.78270
00031.jpg 260 216 146 314 0.78131
00031.jpg 383 209 181 328 0.77871
00031.jpg 256 209 137 329 0.77300
00031.jpg 355 197 223 338 0.76713
00031.jpg 121 125 83 172 0.76476
00031.jpg 120 122 104 169 0.75802
00031.jpg 121 127 106 191 0.75137
00031.jpg 264 208 143 325 0.74651
00031.jpg 743 236 208 300 0.74309
00031.jpg 111 121 117 182 0.72401
00031.jpg 117 121 111 173 0.71420
00031.jpg 112 122 110 181 0.71227
00031.jpg 550 237 159 292 0.70275
00031.jpg 342 192 195 339 0.70075
00031.jpg 540 254 173 278 0.69520
00031.jpg 381 207 176 319 0.68341
00031.jpg 551 241 161 284 0.68338
00031.jpg 551 249 157 276 0.67359
00031.jpg 385 199 166 333 0.67206
00031.jpg 378 213 187 307 0.66304
00031.jpg 113 122 115 194 0.65803
00031.jpg 549 242 171 292 0.65121
00031.jpg 730 235 218 298 0.64401
00031.jpg 731 223 198 296 0.63262
00031.jpg 113 127 110 186 0.63086
00031.jpg 728 231 206 293 0.62982
00031.jpg 373 204 188 328 0.62925
00031.jpg 548 241 174 285 0.62280
00031.jpg 267 215 120 312 0.61728
00031.jpg 367 203 199 317 0.61623
00031.jpg 378 204 201 316 0.61620
00031.jpg 359 210 200 317 0.58970
00031.jpg 552 239 161 289 0.58486
00031.jpg 553 229 162 303 0.58272
00031.jpg 264 204 125 335 0.58094
00031.jpg 263 207 127 330 0.58094
00031.jpg 739 236 204 277 0.57680
00031.jpg 370 213 191 312 0.57483
00031.jpg 539 241 170 295 0.55332
00031.jpg 383 206 175 326 0.53942
00031.jpg 359 193 203 338 0.53875
00031.jpg 243 208 158 298 0.51954
00031.jpg 249 200 148 339 0.51876
00031.jpg 115 125 109 97 0.51720
00031.jpg 719 228 233 270 0.50739
00031.jpg 368 203 191 326 0.50654
00031.jpg 267 200 125 330 0.50566
