3,0,406,67,202,324,-1,-1,-1,-1,
2,0,402,56,228,336,-1,-1,-1,-1,
4,0,403,67,217,333,-1,-1,-1,-1,
5,0,396,53,227,348,-1,-1,-1,-1,
1,0,414,71,216,325,-1,-1,-1,-1,
7,0,384,57,225,344,-1,-1,-1,-1,
9,0,376,65,224,323,-1,-1,-1,-1,
10,0,362,75,228,318,-1,-1,-1,-1,
8,0,375,66,242,324,-1,-1,-1,-1,
6,0,379,69,235,312,-1,-1,-1,-1,
12,0,362,53,221,341,-1,-1,-1,-1,
15,0,338,75,230,311,-1,-1,-1,-1,
13,0,345,86,229,295,-1,-1,-1,-1,
14,0,343,62,246,338,-1,-1,-1,-1,
11,0,357,55,245,338,-1,-1,-1,-1,
20,0,313,99,234,280,-1,-1,-1,-1,
17,0,326,69,249,314,-1,-1,-1,-1,
19,0,318,85,235,289,-1,-1,-1,-1,
16,0,327,82,240,295,-1,-1,-1,-1,
18,0,328,95,220,288,-1,-1,-1,-1,
22,0,303,95,219,291,-1,-1,-1,-1,
25,0,294,100,229,275,-1,-1,-1,-1,
21,0,303,83,228,293,-1,-1,-1,-1,
24,0,308,103,209,276,-1,-1,-1,-1,
23,0,300,101,225,272,-1,-1,-1,-1,
30,0,269,100,208,279,-1,-1,-1,-1,
29,0,270,96,211,287,-1,-1,-1,-1,
28,0,269,91,218,283,-1,-1,-1,-1,
26,0,284,81,239,297,-1,-1,-1,-1,
27,0,280,77,220,317,-1,-1,-1,-1,
35,0,251,102,188,272,-1,-1,-1,-1,
33,0,253,81,203,297,-1,-1,-1,-1,
34,0,249,83,201,294,-1,-1,-1,-1,
32,0,260,85,199,290,-1,-1,-1,-1,
31,0,266,94,214,286,-1,-1,-1,-1,
37,0,238,103,191,285,-1,-1,-1,-1,
39,0,211,77,212,316,-1,-1,-1,-1,
38,0,225,85,196,298,-1,-1,-1,-1,
40,0,218,91,187,292,-1,-1,-1,-1,
36,0,247,91,178,296,-1,-1,-1,-1,
41,0,213,104,174,272,-1,-1,-1,-1,
3,1,124,112,290,317,-1,-1,-1,-1,
2,1,103,108,329,307,-1,-1,-1,-1,
4,1,98,108,291,320,-1,-1,-1,-1,
5,1,79,115,326,314,-1,-1,-1,-1,
1,1,129,104,285,325,-1,-1,-1,-1,
7,1,102,103,275,332,-1,-1,-1,-1,
9,1,79,92,279,345,-1,-1,-1,-1,
10,1,70,94,291,352,-1,-1,-1,-1,
8,1,79,103,297,328,-1,-1,-1,-1,
6,1,89,109,298,318,-1,-1,-1,-1,
12,1,41,105,303,327,-1,-1,-1,-1,
15,1,44,98,294,334,-1,-1,-1,-1,
13,1,53,113,288,314,-1,-1,-1,-1,
14,1,46,106,290,316,-1,-1,-1,-1,
11,1,60,103,292,316,-1,-1,-1,-1,
20,1,18,103,290,328,-1,-1,-1,-1,
17,1,38,105,284,312,-1,-1,-1,-1,
19,1,30,86,292,348,-1,-1,-1,-1,
16,1,55,98,275,339,-1,-1,-1,-1,
18,1,35,99,288,342,-1,-1,-1,-1,
22,1,19,82,281,356,-1,-1,-1,-1,
25,1,9,87,283,359,-1,-1,-1,-1,
21,1,17,94,299,341,-1,-1,-1,-1,
24,1,24,94,268,345,-1,-1,-1,-1,
23,1,25,98,275,328,-1,-1,-1,-1,
30,1,4,108,250,334,-1,-1,-1,-1,
29,1,12,92,248,350,-1,-1,-1,-1,
28,1,5,103,259,331,-1,-1,-1,-1,
26,1,8,104,288,336,-1,-1,-1,-1,
27,1,8,90,270,362,-1,-1,-1,-1,
35,1,1,93,212,342,-1,-1,-1,-1,
33,1,3,94,220,348,-1,-1,-1,-1,
34,1,1,100,223,342,-1,-1,-1,-1,
32,1,2,94,234,346,-1,-1,-1,-1,
31,1,2,108,248,330,-1,-1,-1,-1,
37,1,1,98,201,335,-1,-1,-1,-1,
39,1,0,84,192,357,-1,-1,-1,-1,
38,1,1,90,196,346,-1,-1,-1,-1,
40,1,2,91,180,345,-1,-1,-1,-1,
36,1,0,91,209,350,-1,-1,-1,-1,
41,1,3,89,166,345,-1,-1,-1,-1,
3,2,838,42,76,251,-1,-1,-1,-1,
2,2,842,51,73,243,-1,-1,-1,-1,
4,2,832,48,74,240,-1,-1,-1,-1,
5,2,823,56,81,245,-1,-1,-1,-1,
1,2,848,47,72,242,-1,-1,-1,-1,
7,2,819,58,72,230,-1,-1,-1,-1,
9,2,809,41,64,252,-1,-1,-1,-1,
10,2,799,54,77,240,-1,-1,-1,-1,
8,2,813,50,64,247,-1,-1,-1,-1,
6,2,814,52,81,242,-1,-1,-1,-1,
12,2,795,51,71,242,-1,-1,-1,-1,
15,2,779,51,72,241,-1,-1,-1,-1,
13,2,793,46,67,242,-1,-1,-1,-1,
14,2,778,49,75,239,-1,-1,-1,-1,
11,2,801,53,67,226,-1,-1,-1,-1,
20,2,757,45,73,226,-1,-1,-1,-1,
17,2,771,47,76,233,-1,-1,-1,-1,
19,2,760,43,75,241,-1,-1,-1,-1,
16,2,778,43,67,237,-1,-1,-1,-1,
18,2,759,45,88,245,-1,-1,-1,-1,
22,2,741,42,80,243,-1,-1,-1,-1,
25,2,734,44,92,241,-1,-1,-1,-1,
21,2,751,38,72,246,-1,-1,-1,-1,
24,2,731,40,83,243,-1,-1,-1,-1,
23,2,738,40,79,247,-1,-1,-1,-1,
30,2,696,36,78,238,-1,-1,-1,-1,
29,2,706,39,76,233,-1,-1,-1,-1,
28,2,709,42,79,245,-1,-1,-1,-1,
26,2,722,33,83,256,-1,-1,-1,-1,
27,2,719,39,78,241,-1,-1,-1,-1,
35,2,672,36,83,238,-1,-1,-1,-1,
33,2,680,34,94,243,-1,-1,-1,-1,
34,2,680,38,82,236,-1,-1,-1,-1,
32,2,690,40,76,235,-1,-1,-1,-1,
31,2,694,40,71,230,-1,-1,-1,-1,
37,2,663,36,86,230,-1,-1,-1,-1,
39,2,647,33,86,234,-1,-1,-1,-1,
38,2,650,24,94,251,-1,-1,-1,-1,
40,2,639,32,84,244,-1,-1,-1,-1,
36,2,660,38,88,229,-1,-1,-1,-1,
41,2,632,35,88,231,-1,-1,-1,-1,
3,3,634,84,99,277,-1,-1,-1,-1,
2,3,632,63,116,297,-1,-1,-1,-1,
4,3,618,67,115,290,-1,-1,-1,-1,
5,3,619,77,117,278,-1,-1,-1,-1,
1,3,637,59,115,312,-1,-1,-1,-1,
7,3,601,72,117,290,-1,-1,-1,-1,
9,3,592,77,119,282,-1,-1,-1,-1,
10,3,592,64,107,291,-1,-1,-1,-1,
8,3,613,67,113,290,-1,-1,-1,-1,
6,3,612,68,113,293,-1,-1,-1,-1,
12,3,580,69,120,282,-1,-1,-1,-1,
15,3,564,61,111,295,-1,-1,-1,-1,
13,3,574,60,120,300,-1,-1,-1,-1,
14,3,561,61,128,301,-1,-1,-1,-1,
11,3,592,50,110,319,-1,-1,-1,-1,
20,3,542,60,107,296,-1,-1,-1,-1,
17,3,553,63,117,296,-1,-1,-1,-1,
19,3,537,62,127,283,-1,-1,-1,-1,
16,3,544,66,132,298,-1,-1,-1,-1,
18,3,554,74,113,270,-1,-1,-1,-1,
22,3,518,54,128,298,-1,-1,-1,-1,
25,3,497,57,140,301,-1,-1,-1,-1,
21,3,543,55,95,297,-1,-1,-1,-1,
24,3,502,64,133,293,-1,-1,-1,-1,
23,3,526,53,118,304,-1,-1,-1,-1,
30,3,466,55,131,299,-1,-1,-1,-1,
29,3,487,56,117,298,-1,-1,-1,-1,
28,3,499,55,113,300,-1,-1,-1,-1,
26,3,507,54,122,298,-1,-1,-1,-1,
27,3,500,57,110,300,-1,-1,-1,-1,
35,3,459,68,105,275,-1,-1,-1,-1,
33,3,457,56,122,297,-1,-1,-1,-1,
34,3,452,54,120,294,-1,-1,-1,-1,
32,3,478,62,100,292,-1,-1,-1,-1,
31,3,470,52,127,300,-1,-1,-1,-1,
37,3,434,59,117,284,-1,-1,-1,-1,
39,3,422,44,141,304,-1,-1,-1,-1,
38,3,443,57,105,291,-1,-1,-1,-1,
40,3,417,49,116,295,-1,-1,-1,-1,
36,3,455,45,113,299,-1,-1,-1,-1,
41,3,428,52,113,297,-1,-1,-1,-1,
3,4,756,49,91,285,-1,-1,-1,-1,
2,4,751,56,84,272,-1,-1,-1,-1,
4,4,726,50,103,282,-1,-1,-1,-1,
5,4,730,46,100,295,-1,-1,-1,-1,
1,4,761,44,89,285,-1,-1,-1,-1,
7,4,729,37,89,297,-1,-1,-1,-1,
9,4,726,57,81,258,-1,-1,-1,-1,
10,4,716,38,91,301,-1,-1,-1,-1,
8,4,724,47,85,282,-1,-1,-1,-1,
6,4,746,51,81,277,-1,-1,-1,-1,
12,4,715,49,77,276,-1,-1,-1,-1,
15,4,701,48,81,273,-1,-1,-1,-1,
13,4,704,45,92,274,-1,-1,-1,-1,
14,4,693,42,97,287,-1,-1,-1,-1,
11,4,706,34,94,292,-1,-1,-1,-1,
20,4,670,34,82,287,-1,-1,-1,-1,
17,4,685,37,87,290,-1,-1,-1,-1,
19,4,675,34,97,290,-1,-1,-1,-1,
16,4,693,35,94,289,-1,-1,-1,-1,
18,4,681,41,93,281,-1,-1,-1,-1,
22,4,660,34,90,284,-1,-1,-1,-1,
25,4,643,39,87,283,-1,-1,-1,-1,
21,4,672,32,72,285,-1,-1,-1,-1,
24,4,644,32,91,288,-1,-1,-1,-1,
23,4,646,31,96,293,-1,-1,-1,-1,
30,4,610,42,90,276,-1,-1,-1,-1,
29,4,616,31,93,287,-1,-1,-1,-1,
28,4,621,32,89,292,-1,-1,-1,-1,
26,4,635,38,83,273,-1,-1,-1,-1,
27,4,632,43,88,274,-1,-1,-1,-1,
35,4,585,26,89,287,-1,-1,-1,-1,
33,4,600,22,74,295,-1,-1,-1,-1,
34,4,588,41,80,263,-1,-1,-1,-1,
32,4,603,40,81,278,-1,-1,-1,-1,
31,4,608,26,74,289,-1,-1,-1,-1,
37,4,576,36,72,275,-1,-1,-1,-1,
39,4,561,27,78,277,-1,-1,-1,-1,
38,4,568,43,76,264,-1,-1,-1,-1,
40,4,554,33,86,273,-1,-1,-1,-1,
36,4,578,22,75,298,-1,-1,-1,-1,
41,4,549,24,68,284,-1,-1,-1,-1,
3,5,36,0,42,56,-1,-1,-1,-1,
2,5,42,0,39,54,-1,-1,-1,-1,
4,5,34,2,41,52,-1,-1,-1,-1,
5,5,28,1,37,56,-1,-1,-1,-1,
1,5,51,0,34,52,-1,-1,-1,-1,
7,5,16,1,40,52,-1,-1,-1,-1,
9,5,9,0,36,55,-1,-1,-1,-1,
10,5,2,1,39,54,-1,-1,-1,-1,
8,5,16,2,35,52,-1,-1,-1,-1,
6,5,24,0,36,55,-1,-1,-1,-1,
12,5,0,0,33,57,-1,-1,-1,-1,
15,5,1,1,17,51,-1,-1,-1,-1,
13,5,3,0,21,53,-1,-1,-1,-1,
14,5,3,0,22,53,-1,-1,-1,-1,
11,5,1,0,35,55,-1,-1,-1,-1,
3,6,696,37,83,201,-1,-1,-1,-1,
2,6,708,42,75,197,-1,-1,-1,-1,
4,6,709,39,49,189,-1,-1,-1,-1,
5,6,685,36,82,184,-1,-1,-1,-1,
7,6,679,35,86,195,-1,-1,-1,-1,
9,6,658,41,92,183,-1,-1,-1,-1,
10,6,660,34,86,206,-1,-1,-1,-1,
8,6,685,44,64,165,-1,-1,-1,-1,
6,6,680,40,89,171,-1,-1,-1,-1,
12,6,649,34,80,193,-1,-1,-1,-1,
15,6,639,42,76,168,-1,-1,-1,-1,
13,6,642,34,85,184,-1,-1,-1,-1,
14,6,646,38,76,191,-1,-1,-1,-1,
11,6,667,37,65,170,-1,-1,-1,-1,
20,6,616,36,69,200,-1,-1,-1,-1,
17,6,627,30,76,171,-1,-1,-1,-1,
19,6,623,29,71,174,-1,-1,-1,-1,
16,6,635,34,85,165,-1,-1,-1,-1,
18,6,624,39,79,188,-1,-1,-1,-1,
22,6,604,30,75,192,-1,-1,-1,-1,
25,6,587,33,78,170,-1,-1,-1,-1,
21,6,612,29,68,174,-1,-1,-1,-1,
24,6,596,31,70,163,-1,-1,-1,-1,
23,6,604,33,67,151,-1,-1,-1,-1,
30,6,565,18,65,202,-1,-1,-1,-1,
29,6,566,11,73,242,-1,-1,-1,-1,
28,6,575,21,62,198,-1,-1,-1,-1,
26,6,587,24,69,176,-1,-1,-1,-1,
27,6,579,32,73,163,-1,-1,-1,-1,
35,6,527,21,73,214,-1,-1,-1,-1,
33,6,541,17,71,245,-1,-1,-1,-1,
34,6,540,28,71,221,-1,-1,-1,-1,
32,6,549,26,76,199,-1,-1,-1,-1,
31,6,556,21,68,238,-1,-1,-1,-1,
37,6,518,23,66,205,-1,-1,-1,-1,
39,6,507,23,60,208,-1,-1,-1,-1,
38,6,516,19,64,209,-1,-1,-1,-1,
40,6,503,25,69,208,-1,-1,-1,-1,
36,6,529,21,61,205,-1,-1,-1,-1,
41,6,499,13,57,212,-1,-1,-1,-1,
3,7,103,79,165,90,-1,-1,-1,-1,
2,7,100,81,178,83,-1,-1,-1,-1,
4,7,90,71,191,97,-1,-1,-1,-1,
5,7,82,76,178,91,-1,-1,-1,-1,
1,7,105,69,188,100,-1,-1,-1,-1,
7,7,74,74,186,100,-1,-1,-1,-1,
9,7,61,68,180,116,-1,-1,-1,-1,
10,7,63,70,189,98,-1,-1,-1,-1,
8,7,63,74,186,108,-1,-1,-1,-1,
6,7,76,86,178,77,-1,-1,-1,-1,
12,7,49,78,188,102,-1,-1,-1,-1,
15,7,36,68,180,124,-1,-1,-1,-1,
13,7,38,71,191,118,-1,-1,-1,-1,
14,7,36,76,186,106,-1,-1,-1,-1,
11,7,42,80,195,92,-1,-1,-1,-1,
20,7,13,77,175,117,-1,-1,-1,-1,
17,7,26,63,183,125,-1,-1,-1,-1,
19,7,15,60,189,148,-1,-1,-1,-1,
16,7,35,67,172,126,-1,-1,-1,-1,
18,7,16,74,180,118,-1,-1,-1,-1,
22,7,4,58,175,145,-1,-1,-1,-1,
25,7,8,61,139,142,-1,-1,-1,-1,
21,7,10,65,174,133,-1,-1,-1,-1,
24,7,1,57,160,142,-1,-1,-1,-1,
23,7,6,62,165,145,-1,-1,-1,-1,
30,7,3,58,116,154,-1,-1,-1,-1,
29,7,0,66,119,139,-1,-1,-1,-1,
28,7,0,72,134,128,-1,-1,-1,-1,
26,7,4,65,136,146,-1,-1,-1,-1,
27,7,1,62,146,146,-1,-1,-1,-1,
35,7,0,60,109,136,-1,-1,-1,-1,
33,7,12,61,90,128,-1,-1,-1,-1,
34,7,0,60,102,125,-1,-1,-1,-1,
32,7,9,63,96,123,-1,-1,-1,-1,
31,7,21,56,87,131,-1,-1,-1,-1,
37,7,0,62,91,123,-1,-1,-1,-1,
39,7,0,61,79,114,-1,-1,-1,-1,
38,7,0,58,87,126,-1,-1,-1,-1,
40,7,0,58,65,118,-1,-1,-1,-1,
36,7,0,63,103,122,-1,-1,-1,-1,
41,7,0,62,74,108,-1,-1,-1,-1,
3,8,157,1,45,72,-1,-1,-1,-1,
2,8,168,0,41,71,-1,-1,-1,-1,
4,8,153,0,55,76,-1,-1,-1,-1,
5,8,149,0,41,71,-1,-1,-1,-1,
1,8,171,0,48,58,-1,-1,-1,-1,
7,8,137,2,46,71,-1,-1,-1,-1,
9,8,127,2,46,69,-1,-1,-1,-1,
10,8,125,1,45,69,-1,-1,-1,-1,
8,8,134,0,39,68,-1,-1,-1,-1,
6,8,142,0,43,71,-1,-1,-1,-1,
12,8,115,2,42,69,-1,-1,-1,-1,
15,8,99,0,42,73,-1,-1,-1,-1,
13,8,107,1,48,70,-1,-1,-1,-1,
14,8,103,0,41,70,-1,-1,-1,-1,
11,8,117,0,40,69,-1,-1,-1,-1,
20,8,71,1,45,68,-1,-1,-1,-1,
17,8,90,0,40,74,-1,-1,-1,-1,
19,8,79,0,47,70,-1,-1,-1,-1,
16,8,98,0,43,75,-1,-1,-1,-1,
18,8,81,0,47,72,-1,-1,-1,-1,
22,8,61,0,45,66,-1,-1,-1,-1,
25,8,46,0,46,69,-1,-1,-1,-1,
21,8,66,1,48,72,-1,-1,-1,-1,
24,8,44,0,56,71,-1,-1,-1,-1,
23,8,57,0,48,67,-1,-1,-1,-1,
30,8,14,0,51,70,-1,-1,-1,-1,
29,8,17,2,50,67,-1,-1,-1,-1,
28,8,26,2,43,66,-1,-1,-1,-1,
26,8,40,0,43,72,-1,-1,-1,-1,
27,8,35,0,43,71,-1,-1,-1,-1,
33,8,1,0,37,62,-1,-1,-1,-1,
32,8,2,0,53,67,-1,-1,-1,-1,
31,8,7,0,46,72,-1,-1,-1,-1,
3,9,590,49,70,260,-1,-1,-1,-1,
2,9,599,62,65,250,-1,-1,-1,-1,
4,9,587,61,61,256,-1,-1,-1,-1,
5,9,588,83,57,231,-1,-1,-1,-1,
1,9,607,52,58,257,-1,-1,-1,-1,
7,9,565,53,69,263,-1,-1,-1,-1,
9,9,551,49,89,260,-1,-1,-1,-1,
10,9,547,31,82,272,-1,-1,-1,-1,
8,9,560,61,71,261,-1,-1,-1,-1,
6,9,577,78,66,243,-1,-1,-1,-1,
12,9,535,29,90,282,-1,-1,-1,-1,
15,9,479,19,142,301,-1,-1,-1,-1,
13,9,530,28,97,274,-1,-1,-1,-1,
14,9,502,28,125,277,-1,-1,-1,-1,
11,9,540,32,90,281,-1,-1,-1,-1,
20,9,471,24,121,276,-1,-1,-1,-1,
17,9,488,29,118,276,-1,-1,-1,-1,
19,9,472,25,136,274,-1,-1,-1,-1,
16,9,489,27,125,277,-1,-1,-1,-1,
18,9,477,33,131,272,-1,-1,-1,-1,
22,9,456,33,132,256,-1,-1,-1,-1,
25,9,438,19,134,273,-1,-1,-1,-1,
21,9,465,28,127,265,-1,-1,-1,-1,
24,9,443,27,132,263,-1,-1,-1,-1,
23,9,450,24,136,270,-1,-1,-1,-1,
30,9,404,21,136,268,-1,-1,-1,-1,
29,9,413,27,130,271,-1,-1,-1,-1,
28,9,423,29,131,269,-1,-1,-1,-1,
26,9,435,30,125,263,-1,-1,-1,-1,
27,9,432,34,129,263,-1,-1,-1,-1,
35,9,390,20,126,268,-1,-1,-1,-1,
33,9,399,23,126,261,-1,-1,-1,-1,
34,9,403,19,109,273,-1,-1,-1,-1,
32,9,398,28,129,255,-1,-1,-1,-1,
31,9,404,23,127,266,-1,-1,-1,-1,
37,9,376,29,123,249,-1,-1,-1,-1,
39,9,386,22,95,266,-1,-1,-1,-1,
38,9,398,19,90,259,-1,-1,-1,-1,
40,9,365,35,111,245,-1,-1,-1,-1,
36,9,380,23,128,267,-1,-1,-1,-1,
41,9,377,23,95,267,-1,-1,-1,-1,
3,10,620,16,36,53,-1,-1,-1,-1,
2,10,625,17,34,52,-1,-1,-1,-1,
4,10,611,23,35,46,-1,-1,-1,-1,
4,10,632,8,20,47,-1,-1,-1,-1,
5,10,607,19,36,48,-1,-1,-1,-1,
5,10,627,8,20,45,-1,-1,-1,-1,
1,10,631,13,35,58,-1,-1,-1,-1,
7,10,594,26,38,46,-1,-1,-1,-1,
7,10,610,5,28,55,-1,-1,-1,-1,
9,10,585,16,37,53,-1,-1,-1,-1,
9,10,603,5,28,49,-1,-1,-1,-1,
10,10,594,2,28,52,-1,-1,-1,-1,
10,10,578,34,40,36,-1,-1,-1,-1,
8,10,590,21,39,58,-1,-1,-1,-1,
8,10,609,6,23,49,-1,-1,-1,-1,
6,10,602,19,36,57,-1,-1,-1,-1,
12,10,577,4,37,58,-1,-1,-1,-1,
15,10,565,2,33,53,-1,-1,-1,-1,
13,10,572,3,39,54,-1,-1,-1,-1,
14,10,572,6,30,43,-1,-1,-1,-1,
11,10,589,1,31,51,-1,-1,-1,-1,
20,10,537,1,37,49,-1,-1,-1,-1,
17,10,555,1,33,51,-1,-1,-1,-1,
19,10,548,0,31,48,-1,-1,-1,-1,
16,10,557,1,36,52,-1,-1,-1,-1,
18,10,555,3,29,52,-1,-1,-1,-1,
22,10,533,0,30,52,-1,-1,-1,-1,
25,10,513,0,33,48,-1,-1,-1,-1,
21,10,532,10,31,46,-1,-1,-1,-1,
24,10,520,0,34,50,-1,-1,-1,-1,
23,10,525,0,33,53,-1,-1,-1,-1,
30,10,480,0,36,49,-1,-1,-1,-1,
29,10,487,0,34,52,-1,-1,-1,-1,
28,10,494,0,37,47,-1,-1,-1,-1,
26,10,510,0,32,52,-1,-1,-1,-1,
27,10,503,0,32,50,-1,-1,-1,-1,
33,10,462,0,35,50,-1,-1,-1,-1,
34,10,458,2,32,45,-1,-1,-1,-1,
32,10,470,1,34,44,-1,-1,-1,-1,
31,10,475,0,33,50,-1,-1,-1,-1,
37,10,441,0,37,47,-1,-1,-1,-1,
39,10,432,0,31,44,-1,-1,-1,-1,
36,10,445,0,34,44,-1,-1,-1,-1,
41,10,415,0,32,37,-1,-1,-1,-1,
3,11,480,0,57,69,-1,-1,-1,-1,
2,11,497,0,42,65,-1,-1,-1,-1,
4,11,500,1,33,68,-1,-1,-1,-1,
5,11,482,1,43,66,-1,-1,-1,-1,
1,11,509,1,36,64,-1,-1,-1,-1,
7,11,466,0,48,64,-1,-1,-1,-1,
6,11,469,1,47,69,-1,-1,-1,-1,
3,12,916,33,43,199,-1,-1,-1,-1,
2,12,926,41,33,189,-1,-1,-1,-1,
4,12,910,44,46,216,-1,-1,-1,-1,
5,12,905,35,48,215,-1,-1,-1,-1,
1,12,927,16,32,221,-1,-1,-1,-1,
7,12,914,42,41,236,-1,-1,-1,-1,
9,12,918,57,39,213,-1,-1,-1,-1,
10,12,908,58,51,198,-1,-1,-1,-1,
8,12,903,34,54,232,-1,-1,-1,-1,
6,12,909,19,50,262,-1,-1,-1,-1,
12,12,892,46,61,219,-1,-1,-1,-1,
15,12,879,45,69,217,-1,-1,-1,-1,
13,12,900,65,56,195,-1,-1,-1,-1,
14,12,887,55,63,206,-1,-1,-1,-1,
11,12,905,45,52,220,-1,-1,-1,-1,
20,12,863,49,62,212,-1,-1,-1,-1,
17,12,877,53,66,209,-1,-1,-1,-1,
19,12,864,59,62,200,-1,-1,-1,-1,
16,12,872,59,71,201,-1,-1,-1,-1,
18,12,862,48,66,217,-1,-1,-1,-1,
22,12,850,47,59,205,-1,-1,-1,-1,
25,12,826,46,63,209,-1,-1,-1,-1,
21,12,857,53,63,201,-1,-1,-1,-1,
24,12,835,47,63,204,-1,-1,-1,-1,
23,12,843,38,62,219,-1,-1,-1,-1,
30,12,804,43,60,209,-1,-1,-1,-1,
29,12,804,45,67,210,-1,-1,-1,-1,
28,12,814,42,60,211,-1,-1,-1,-1,
26,12,829,39,61,214,-1,-1,-1,-1,
27,12,818,39,61,212,-1,-1,-1,-1,
35,12,777,33,53,224,-1,-1,-1,-1,
33,12,788,34,52,215,-1,-1,-1,-1,
34,12,773,34,63,217,-1,-1,-1,-1,
32,12,792,38,57,212,-1,-1,-1,-1,
31,12,799,40,59,205,-1,-1,-1,-1,
37,12,757,41,63,202,-1,-1,-1,-1,
39,12,748,29,63,213,-1,-1,-1,-1,
38,12,756,32,52,215,-1,-1,-1,-1,
40,12,747,28,53,218,-1,-1,-1,-1,
36,12,766,37,61,210,-1,-1,-1,-1,
41,12,738,29,57,215,-1,-1,-1,-1,
3,13,733,17,33,51,-1,-1,-1,-1,
2,13,740,19,29,45,-1,-1,-1,-1,
4,13,730,15,31,53,-1,-1,-1,-1,
5,13,725,18,30,43,-1,-1,-1,-1,
1,13,747,16,30,50,-1,-1,-1,-1,
7,13,711,17,39,56,-1,-1,-1,-1,
9,13,702,16,34,48,-1,-1,-1,-1,
10,13,701,17,31,55,-1,-1,-1,-1,
8,13,708,11,34,67,-1,-1,-1,-1,
6,13,718,18,33,48,-1,-1,-1,-1,
12,13,689,14,34,51,-1,-1,-1,-1,
15,13,677,17,32,47,-1,-1,-1,-1,
13,13,685,15,33,51,-1,-1,-1,-1,
14,13,682,12,30,52,-1,-1,-1,-1,
11,13,696,16,29,50,-1,-1,-1,-1,
20,13,650,11,33,57,-1,-1,-1,-1,
17,13,666,10,31,60,-1,-1,-1,-1,
19,13,651,9,37,55,-1,-1,-1,-1,
16,13,670,11,31,56,-1,-1,-1,-1,
18,13,663,9,33,58,-1,-1,-1,-1,
22,13,640,8,31,44,-1,-1,-1,-1,
25,13,622,6,35,58,-1,-1,-1,-1,
21,13,644,9,35,54,-1,-1,-1,-1,
24,13,629,6,33,56,-1,-1,-1,-1,
23,13,634,11,30,45,-1,-1,-1,-1,
30,13,594,5,33,57,-1,-1,-1,-1,
29,13,598,6,33,47,-1,-1,-1,-1,
28,13,607,6,28,50,-1,-1,-1,-1,
26,13,617,6,29,44,-1,-1,-1,-1,
27,13,612,9,28,42,-1,-1,-1,-1,
35,13,562,2,36,59,-1,-1,-1,-1,
33,13,576,3,32,59,-1,-1,-1,-1,
34,13,571,3,35,67,-1,-1,-1,-1,
32,13,580,2,36,54,-1,-1,-1,-1,
31,13,585,6,36,56,-1,-1,-1,-1,
37,13,551,1,30,47,-1,-1,-1,-1,
39,13,539,1,29,47,-1,-1,-1,-1,
38,13,544,0,34,59,-1,-1,-1,-1,
40,13,530,1,33,55,-1,-1,-1,-1,
36,13,560,0,29,59,-1,-1,-1,-1,
41,13,528,1,31,52,-1,-1,-1,-1,
3,14,200,2,38,78,-1,-1,-1,-1,
2,14,198,2,39,81,-1,-1,-1,-1,
4,14,192,0,42,69,-1,-1,-1,-1,
5,14,188,3,33,76,-1,-1,-1,-1,
1,14,212,0,40,60,-1,-1,-1,-1,
7,14,179,0,38,84,-1,-1,-1,-1,
9,14,172,0,32,73,-1,-1,-1,-1,
10,14,168,3,32,66,-1,-1,-1,-1,
8,14,174,0,35,77,-1,-1,-1,-1,
6,14,187,0,34,82,-1,-1,-1,-1,
12,14,155,0,35,81,-1,-1,-1,-1,
15,14,141,0,36,64,-1,-1,-1,-1,
13,14,147,0,37,72,-1,-1,-1,-1,
14,14,142,1,37,73,-1,-1,-1,-1,
11,14,154,1,44,72,-1,-1,-1,-1,
20,14,111,1,34,73,-1,-1,-1,-1,
17,14,127,2,38,72,-1,-1,-1,-1,
19,14,114,0,49,72,-1,-1,-1,-1,
16,14,133,0,40,70,-1,-1,-1,-1,
18,14,123,0,38,55,-1,-1,-1,-1,
25,14,78,1,42,49,-1,-1,-1,-1,
21,14,105,1,42,68,-1,-1,-1,-1,
24,14,89,0,42,65,-1,-1,-1,-1,
23,14,93,0,40,62,-1,-1,-1,-1,
30,14,47,0,45,54,-1,-1,-1,-1,
29,14,59,1,40,71,-1,-1,-1,-1,
28,14,67,0,32,57,-1,-1,-1,-1,
26,14,80,0,35,61,-1,-1,-1,-1,
27,14,72,0,37,70,-1,-1,-1,-1,
33,14,35,0,30,50,-1,-1,-1,-1,
34,14,21,0,46,60,-1,-1,-1,-1,
32,14,41,0,37,62,-1,-1,-1,-1,
31,14,46,1,38,63,-1,-1,-1,-1,
39,14,1,0,48,63,-1,-1,-1,-1,
38,14,2,0,64,89,-1,-1,-1,-1,
36,14,9,0,41,60,-1,-1,-1,-1,
41,14,2,0,36,84,-1,-1,-1,-1,
3,15,813,34,38,200,-1,-1,-1,-1,
2,15,814,45,36,186,-1,-1,-1,-1,
4,15,804,29,50,219,-1,-1,-1,-1,
5,15,800,34,44,214,-1,-1,-1,-1,
9,15,776,26,53,221,-1,-1,-1,-1,
8,15,782,37,51,234,-1,-1,-1,-1,
12,15,768,33,41,169,-1,-1,-1,-1,
13,15,757,34,49,175,-1,-1,-1,-1,
14,15,748,22,53,200,-1,-1,-1,-1,
20,15,721,46,42,168,-1,-1,-1,-1,
17,15,736,27,47,212,-1,-1,-1,-1,
21,15,722,39,34,184,-1,-1,-1,-1,
24,15,700,23,46,199,-1,-1,-1,-1,
23,15,708,23,49,182,-1,-1,-1,-1,
30,15,665,22,44,111,-1,-1,-1,-1,
29,15,677,25,41,207,-1,-1,-1,-1,
28,15,683,35,39,185,-1,-1,-1,-1,
26,15,691,25,48,192,-1,-1,-1,-1,
27,15,688,26,44,192,-1,-1,-1,-1,
35,15,632,16,45,113,-1,-1,-1,-1,
33,15,654,20,39,205,-1,-1,-1,-1,
34,15,646,16,37,219,-1,-1,-1,-1,
32,15,658,29,41,206,-1,-1,-1,-1,
31,15,661,23,46,184,-1,-1,-1,-1,
37,15,631,24,38,203,-1,-1,-1,-1,
39,15,614,3,39,234,-1,-1,-1,-1,
38,15,614,25,46,198,-1,-1,-1,-1,
40,15,608,11,47,208,-1,-1,-1,-1,
36,15,631,19,42,211,-1,-1,-1,-1,
41,15,597,15,49,201,-1,-1,-1,-1,
3,16,755,27,51,64,-1,-1,-1,-1,
2,16,763,25,39,72,-1,-1,-1,-1,
4,16,756,30,52,76,-1,-1,-1,-1,
5,16,752,19,43,60,-1,-1,-1,-1,
1,16,771,28,42,80,-1,-1,-1,-1,
9,16,731,26,37,59,-1,-1,-1,-1,
10,16,721,20,44,70,-1,-1,-1,-1,
8,16,735,19,42,68,-1,-1,-1,-1,
6,16,741,26,46,55,-1,-1,-1,-1,
12,16,716,20,37,77,-1,-1,-1,-1,
15,16,701,22,37,75,-1,-1,-1,-1,
13,16,705,23,43,69,-1,-1,-1,-1,
14,16,705,22,40,78,-1,-1,-1,-1,
11,16,716,20,49,70,-1,-1,-1,-1,
20,16,674,14,43,82,-1,-1,-1,-1,
17,16,689,12,43,86,-1,-1,-1,-1,
19,16,680,19,44,77,-1,-1,-1,-1,
16,16,687,15,50,66,-1,-1,-1,-1,
18,16,679,16,43,70,-1,-1,-1,-1,
22,16,660,18,45,72,-1,-1,-1,-1,
25,16,644,14,46,70,-1,-1,-1,-1,
21,16,679,13,31,59,-1,-1,-1,-1,
24,16,649,18,44,69,-1,-1,-1,-1,
23,16,649,15,51,77,-1,-1,-1,-1,
30,16,608,12,55,79,-1,-1,-1,-1,
29,16,611,8,52,88,-1,-1,-1,-1,
28,16,618,13,57,83,-1,-1,-1,-1,
26,16,633,13,57,81,-1,-1,-1,-1,
27,16,629,14,51,74,-1,-1,-1,-1,
35,16,581,6,48,85,-1,-1,-1,-1,
33,16,590,6,54,87,-1,-1,-1,-1,
34,16,588,9,46,81,-1,-1,-1,-1,
32,16,593,8,65,78,-1,-1,-1,-1,
31,16,603,2,57,88,-1,-1,-1,-1,
37,16,566,6,56,75,-1,-1,-1,-1,
39,16,555,2,54,87,-1,-1,-1,-1,
38,16,563,4,53,86,-1,-1,-1,-1,
40,16,547,0,58,90,-1,-1,-1,-1,
36,16,578,4,52,86,-1,-1,-1,-1,
41,16,542,0,56,96,-1,-1,-1,-1,
3,17,0,121,140,326,-1,-1,-1,-1,
2,17,5,116,138,242,-1,-1,-1,-1,
4,17,0,127,131,304,-1,-1,-1,-1,
5,17,0,127,128,283,-1,-1,-1,-1,
1,17,8,128,144,293,-1,-1,-1,-1,
7,17,0,131,115,285,-1,-1,-1,-1,
7,17,11,128,96,106,-1,-1,-1,-1,
9,17,0,157,104,260,-1,-1,-1,-1,
10,17,0,156,98,262,-1,-1,-1,-1,
10,17,3,178,92,74,-1,-1,-1,-1,
8,17,0,126,106,297,-1,-1,-1,-1,
8,17,0,153,103,90,-1,-1,-1,-1,
6,17,0,119,119,272,-1,-1,-1,-1,
12,17,1,174,92,241,-1,-1,-1,-1,
15,17,0,178,72,96,-1,-1,-1,-1,
13,17,0,177,90,91,-1,-1,-1,-1,
14,17,0,182,84,90,-1,-1,-1,-1,
11,17,0,171,98,228,-1,-1,-1,-1,
17,17,0,212,66,72,-1,-1,-1,-1,
19,17,2,239,48,46,-1,-1,-1,-1,
16,17,0,195,66,82,-1,-1,-1,-1,
18,17,1,214,54,76,-1,-1,-1,-1,
3,18,121,0,45,51,-1,-1,-1,-1,
2,18,130,0,36,55,-1,-1,-1,-1,
4,18,119,1,39,54,-1,-1,-1,-1,
5,18,114,0,37,48,-1,-1,-1,-1,
1,18,134,2,40,46,-1,-1,-1,-1,
7,18,107,0,37,59,-1,-1,-1,-1,
9,18,97,1,42,49,-1,-1,-1,-1,
10,18,91,0,36,55,-1,-1,-1,-1,
8,18,98,0,36,53,-1,-1,-1,-1,
6,18,111,0,38,54,-1,-1,-1,-1,
12,18,82,0,32,51,-1,-1,-1,-1,
15,18,64,0,36,54,-1,-1,-1,-1,
13,18,72,0,42,53,-1,-1,-1,-1,
14,18,68,0,38,53,-1,-1,-1,-1,
11,18,81,1,38,46,-1,-1,-1,-1,
20,18,36,0,37,52,-1,-1,-1,-1,
17,18,57,0,36,56,-1,-1,-1,-1,
19,18,40,0,50,55,-1,-1,-1,-1,
16,18,60,0,38,49,-1,-1,-1,-1,
18,18,45,0,50,54,-1,-1,-1,-1,
22,18,26,0,38,51,-1,-1,-1,-1,
25,18,3,0,52,54,-1,-1,-1,-1,
21,18,34,0,34,50,-1,-1,-1,-1,
24,18,8,1,49,47,-1,-1,-1,-1,
23,18,22,0,42,51,-1,-1,-1,-1,
29,18,0,0,27,48,-1,-1,-1,-1,
28,18,0,0,32,44,-1,-1,-1,-1,
26,18,4,0,36,51,-1,-1,-1,-1,
27,18,0,2,35,45,-1,-1,-1,-1,
3,19,693,39,17,39,-1,-1,-1,-1,
2,19,693,40,26,41,-1,-1,-1,-1,
4,19,687,40,19,39,-1,-1,-1,-1,
5,19,675,38,30,42,-1,-1,-1,-1,
1,19,699,41,24,40,-1,-1,-1,-1,
7,19,666,38,28,42,-1,-1,-1,-1,
9,19,657,37,26,37,-1,-1,-1,-1,
10,19,657,36,17,38,-1,-1,-1,-1,
8,19,661,36,28,43,-1,-1,-1,-1,
6,19,676,37,25,44,-1,-1,-1,-1,
12,19,646,33,18,41,-1,-1,-1,-1,
13,19,643,33,16,42,-1,-1,-1,-1,
11,19,651,35,17,39,-1,-1,-1,-1,
20,19,605,31,24,45,-1,-1,-1,-1,
17,19,619,33,26,41,-1,-1,-1,-1,
16,19,622,30,30,51,-1,-1,-1,-1,
3,20,774,48,50,60,-1,-1,-1,-1,
4,20,779,58,36,41,-1,-1,-1,-1,
3,21,921,1,37,80,-1,-1,-1,-1,
4,21,915,0,44,88,-1,-1,-1,-1,
5,21,905,0,54,79,-1,-1,-1,-1,
7,21,899,0,53,82,-1,-1,-1,-1,
9,21,890,0,41,76,-1,-1,-1,-1,
6,21,906,0,46,79,-1,-1,-1,-1,
2,22,496,69,60,64,-1,-1,-1,-1,
2,23,404,0,87,129,-1,-1,-1,-1,
2,24,779,0,42,51,-1,-1,-1,-1,
2,25,5,195,43,294,-1,-1,-1,-1,
1,25,5,174,51,329,-1,-1,-1,-1,
4,26,689,37,60,73,-1,-1,-1,-1,
1,26,706,43,55,83,-1,-1,-1,-1,
7,26,668,44,73,45,-1,-1,-1,-1,
4,27,804,36,31,33,-1,-1,-1,-1,
6,27,789,38,35,37,-1,-1,-1,-1,
1,28,21,121,119,112,-1,-1,-1,-1,
9,29,888,26,60,121,-1,-1,-1,-1,
10,29,898,37,39,69,-1,-1,-1,-1,
8,29,896,45,56,68,-1,-1,-1,-1,
12,29,882,35,50,86,-1,-1,-1,-1,
13,29,886,37,44,61,-1,-1,-1,-1,
11,29,885,45,49,55,-1,-1,-1,-1,
9,30,747,0,42,48,-1,-1,-1,-1,
6,31,831,0,47,76,-1,-1,-1,-1,
6,32,203,61,35,71,-1,-1,-1,-1,
15,33,859,27,52,205,-1,-1,-1,-1,
13,33,876,37,44,191,-1,-1,-1,-1,
14,33,865,45,49,181,-1,-1,-1,-1,
11,33,885,38,44,184,-1,-1,-1,-1,
20,33,828,36,61,155,-1,-1,-1,-1,
17,33,845,37,55,195,-1,-1,-1,-1,
19,33,825,37,70,184,-1,-1,-1,-1,
18,33,834,28,60,194,-1,-1,-1,-1,
22,33,812,22,69,223,-1,-1,-1,-1,
21,33,819,29,59,198,-1,-1,-1,-1,
24,33,806,33,56,193,-1,-1,-1,-1,
23,33,811,21,61,220,-1,-1,-1,-1,
30,33,773,30,50,189,-1,-1,-1,-1,
29,33,781,16,52,218,-1,-1,-1,-1,
28,33,782,28,55,190,-1,-1,-1,-1,
26,33,792,30,60,198,-1,-1,-1,-1,
27,33,788,28,55,202,-1,-1,-1,-1,
35,33,736,29,61,196,-1,-1,-1,-1,
33,33,754,13,60,223,-1,-1,-1,-1,
32,33,761,21,53,199,-1,-1,-1,-1,
31,33,769,20,55,192,-1,-1,-1,-1,
37,33,735,2,50,215,-1,-1,-1,-1,
39,33,714,7,62,205,-1,-1,-1,-1,
38,33,728,12,52,209,-1,-1,-1,-1,
40,33,718,14,48,207,-1,-1,-1,-1,
36,33,737,7,54,220,-1,-1,-1,-1,
41,33,712,8,44,217,-1,-1,-1,-1,
15,34,739,29,43,44,-1,-1,-1,-1,
15,35,857,0,43,74,-1,-1,-1,-1,
15,36,789,0,42,72,-1,-1,-1,-1,
16,36,781,0,48,68,-1,-1,-1,-1,
13,37,355,78,176,90,-1,-1,-1,-1,
14,38,431,0,50,61,-1,-1,-1,-1,
20,38,432,1,26,61,-1,-1,-1,-1,
17,38,447,0,27,67,-1,-1,-1,-1,
18,38,411,0,52,69,-1,-1,-1,-1,
22,38,380,0,64,65,-1,-1,-1,-1,
21,38,393,0,53,63,-1,-1,-1,-1,
24,38,380,0,48,65,-1,-1,-1,-1,
23,38,383,0,51,63,-1,-1,-1,-1,
20,39,320,70,157,84,-1,-1,-1,-1,
19,39,326,70,166,114,-1,-1,-1,-1,
18,39,328,66,163,109,-1,-1,-1,-1,
22,39,328,66,133,90,-1,-1,-1,-1,
25,39,300,66,185,113,-1,-1,-1,-1,
24,39,302,71,168,96,-1,-1,-1,-1,
23,39,302,61,173,96,-1,-1,-1,-1,
30,39,259,66,170,102,-1,-1,-1,-1,
29,39,269,63,178,105,-1,-1,-1,-1,
28,39,271,69,176,103,-1,-1,-1,-1,
26,39,317,66,123,88,-1,-1,-1,-1,
27,39,282,65,175,102,-1,-1,-1,-1,
35,39,235,54,184,118,-1,-1,-1,-1,
33,39,239,62,189,118,-1,-1,-1,-1,
32,39,247,64,194,113,-1,-1,-1,-1,
31,39,256,64,155,120,-1,-1,-1,-1,
37,39,225,60,184,132,-1,-1,-1,-1,
39,39,208,56,196,129,-1,-1,-1,-1,
38,39,220,62,185,117,-1,-1,-1,-1,
40,39,206,54,188,139,-1,-1,-1,-1,
36,39,233,60,154,123,-1,-1,-1,-1,
41,39,197,47,185,152,-1,-1,-1,-1,
20,40,828,41,63,44,-1,-1,-1,-1,
22,40,819,35,63,60,-1,-1,-1,-1,
25,40,806,28,55,95,-1,-1,-1,-1,
24,40,808,29,60,67,-1,-1,-1,-1,
23,40,815,34,61,66,-1,-1,-1,-1,
30,40,776,30,57,53,-1,-1,-1,-1,
29,40,780,29,57,65,-1,-1,-1,-1,
28,40,784,30,60,57,-1,-1,-1,-1,
26,40,796,27,69,60,-1,-1,-1,-1,
27,40,796,28,56,61,-1,-1,-1,-1,
35,40,742,28,58,60,-1,-1,-1,-1,
33,40,751,30,65,67,-1,-1,-1,-1,
34,40,747,16,60,79,-1,-1,-1,-1,
32,40,764,27,56,65,-1,-1,-1,-1,
31,40,764,30,61,58,-1,-1,-1,-1,
37,40,733,19,60,61,-1,-1,-1,-1,
39,40,720,22,54,63,-1,-1,-1,-1,
38,40,725,29,59,61,-1,-1,-1,-1,
40,40,714,21,54,49,-1,-1,-1,-1,
36,40,736,23,57,58,-1,-1,-1,-1,
41,40,703,17,58,63,-1,-1,-1,-1,
19,41,717,29,47,54,-1,-1,-1,-1,
22,42,921,36,38,210,-1,-1,-1,-1,
25,42,901,27,58,209,-1,-1,-1,-1,
21,42,924,57,35,176,-1,-1,-1,-1,
24,42,903,33,56,210,-1,-1,-1,-1,
23,42,913,25,46,223,-1,-1,-1,-1,
30,42,876,21,71,211,-1,-1,-1,-1,
29,42,883,23,74,210,-1,-1,-1,-1,
28,42,881,23,77,210,-1,-1,-1,-1,
26,42,899,23,58,219,-1,-1,-1,-1,
27,42,885,13,74,221,-1,-1,-1,-1,
35,42,842,33,85,194,-1,-1,-1,-1,
33,42,855,19,88,214,-1,-1,-1,-1,
34,42,849,30,85,194,-1,-1,-1,-1,
32,42,860,25,76,203,-1,-1,-1,-1,
31,42,865,27,76,201,-1,-1,-1,-1,
37,42,832,25,77,190,-1,-1,-1,-1,
39,42,821,23,77,201,-1,-1,-1,-1,
38,42,820,23,101,207,-1,-1,-1,-1,
40,42,812,25,91,194,-1,-1,-1,-1,
36,42,836,31,78,194,-1,-1,-1,-1,
41,42,808,29,91,198,-1,-1,-1,-1,
22,43,901,23,39,80,-1,-1,-1,-1,
25,43,888,18,36,85,-1,-1,-1,-1,
21,43,906,24,35,80,-1,-1,-1,-1,
24,43,895,24,33,68,-1,-1,-1,-1,
23,43,899,22,36,74,-1,-1,-1,-1,
30,43,854,17,37,75,-1,-1,-1,-1,
29,43,860,18,38,84,-1,-1,-1,-1,
28,43,867,14,38,82,-1,-1,-1,-1,
26,43,880,16,38,79,-1,-1,-1,-1,
27,43,875,15,39,81,-1,-1,-1,-1,
35,43,823,15,36,74,-1,-1,-1,-1,
33,43,834,15,39,75,-1,-1,-1,-1,
25,44,695,26,32,33,-1,-1,-1,-1,
21,45,588,65,34,37,-1,-1,-1,-1,
30,46,666,24,33,35,-1,-1,-1,-1,
35,46,635,22,34,43,-1,-1,-1,-1,
32,46,646,20,44,50,-1,-1,-1,-1,
37,46,621,19,35,35,-1,-1,-1,-1,
40,46,604,18,33,34,-1,-1,-1,-1,
30,47,547,25,28,43,-1,-1,-1,-1,
32,47,533,23,29,43,-1,-1,-1,-1,
30,48,705,0,46,66,-1,-1,-1,-1,
29,48,704,0,55,68,-1,-1,-1,-1,
28,48,716,0,47,62,-1,-1,-1,-1,
32,48,689,0,50,58,-1,-1,-1,-1,
35,49,310,0,65,58,-1,-1,-1,-1,
32,50,915,1,42,84,-1,-1,-1,-1,
31,51,3,128,88,75,-1,-1,-1,-1,
37,52,661,0,41,54,-1,-1,-1,-1,
39,52,651,0,41,47,-1,-1,-1,-1,
40,52,642,0,51,53,-1,-1,-1,-1,
36,52,668,0,47,60,-1,-1,-1,-1,
39,53,498,39,68,56,-1,-1,-1,-1,
36,53,513,43,73,49,-1,-1,-1,-1,
41,53,493,28,59,69,-1,-1,-1,-1,
36,54,890,4,45,65,-1,-1,-1,-1,
41,55,864,0,44,109,-1,-1,-1,-1,
