00001.jpg 201 142 146 158 0.99901
00001.jpg 195 141 146 154 0.99856
00001.jpg 203 139 133 155 0.99840
00001.jpg 331 116 68 192 0.99804
00001.jpg 331 122 68 187 0.99789
00001.jpg 201 137 144 161 0.99767
00001.jpg 200 141 138 160 0.99737
00001.jpg 334 122 63 185 0.99665
00001.jpg 204 145 138 148 0.99657
00001.jpg 204 135 140 168 0.99652
00001.jpg 198 140 146 162 0.99645
00001.jpg 197 142 139 161 0.99639
00001.jpg 198 137 147 154 0.99633
00001.jpg 203 138 142 158 0.99590
00001.jpg 194 145 148 149 0.99583
00001.jpg 330 116 67 182 0.99581
00001.jpg 196 142 148 153 0.99494
00001.jpg 198 137 144 161 0.99413
00001.jpg 195 141 151 153 0.99398
00001.jpg 335 118 66 192 0.99294
00001.jpg 330 116 70 196 0.99261
00001.jpg 201 140 140 159 0.99198
00001.jpg 330 117 65 192 0.99196
00001.jpg 198 137 147 166 0.99115
00001.jpg 199 136 141 163 0.99095
00001.jpg 204 141 133 152 0.99037
00001.jpg 198 142 145 160 0.99033
00001.jpg 329 113 66 189 0.98973
00001.jpg 332 121 66 190 0.98941
00001.jpg 200 143 143 155 0.98937
00001.jpg 200 143 149 153 0.98931
00001.jpg 198 146 146 150 0.98907
00001.jpg 192 135 148 165 0.98773
00001.jpg 201 139 145 157 0.98753
00001.jpg 328 118 70 190 0.98707
00001.jpg 198 146 136 150 0.98681
00001.jpg 332 118 66 190 0.98665
00001.jpg 197 139 149 159 0.98660
00001.jpg 329 118 72 191 0.98621
00001.jpg 200 139 143 157 0.98619
00001.jpg 198 141 144 155 0.98613
00001.jpg 196 140 152 156 0.98485
00001.jpg 198 140 146 149 0.98472
00001.jpg 203 141 142 155 0.98437
00001.jpg 201 146 133 148 0.98161
00001.jpg 327 114 75 194 0.98015
00001.jpg 201 146 143 149 0.97981
00001.jpg 200 144 144 150 0.97941
00001.jpg 200 136 148 164 0.97778
00001.jpg 196 144 146 148 0.97761
00001.jpg 331 115 70 192 0.97680
00001.jpg 328 117 70 190 0.97513
00001.jpg 197 137 149 158 0.97473
00001.jpg 334 117 66 190 0.97425
00001.jpg 333 114 64 190 0.97400
00001.jpg 328 119 69 191 0.97322
00001.jpg 198 146 146 145 0.97025
00001.jpg 329 119 64 184 0.97024
00001.jpg 327 121 77 184 0.97011
00001.jpg 198 144 147 149 0.96984
00001.jpg 201 144 141 153 0.96970
00001.jpg 202 144 144 155 0.96883
00001.jpg 194 140 154 160 0.96851
00001.jpg 203 147 135 146 0.96725
00001.jpg 332 117 68 195 0.96658
00001.jpg 330 117 71 190 0.96644
00001.jpg 203 137 137 159 0.96561
00001.jpg 193 137 157 164 0.96555
00001.jpg 200 142 137 160 0.96472
00001.jpg 198 141 143 148 0.96427
00001.jpg 198 147 141 144 0.96352
00001.jpg 199 138 145 157 0.96222
00001.jpg 204 141 142 161 0.96048
00001.jpg 329 114 70 195 0.96014
00001.jpg 335 117 64 183 0.95996
00001.jpg 198 145 148 149 0.95958
00001.jpg 192 140 161 155 0.95756
00001.jpg 202 141 145 157 0.95538
00001.jpg 328 119 70 183 0.95214
00001.jpg 332 119 62 181 0.95190
00001.jpg 198 144 143 146 0.95134
00001.jpg 334 121 63 178 0.94854
00001.jpg 191 133 150 157 0.94811
00001.jpg 327 112 73 196 0.94707
00001.jpg 324 124 76 187 0.94487
00001.jpg 199 145 141 150 0.93924
00001.jpg 330 114 72 198 0.93787
00001.jpg 326 121 70 188 0.93650
00001.jpg 198 136 137 163 0.93522
00001.jpg 330 117 65 181 0.93516
00001.jpg 331 116 70 194 0.93276
00001.jpg 328 121 74 183 0.92573
00001.jpg 332 113 73 191 0.92541
00001.jpg 199 145 136 153 0.91906
00001.jpg 200 135 139 171 0.91478
00001.jpg 330 118 71 188 0.91401
00001.jpg 199 139 137 157 0.90749
00001.jpg 333 112 65 199 0.90639
00001.jpg 202 135 144 157 0.90447
00001.jpg 335 112 65 202 0.89847
00001.jpg 205 148 148 150 0.89564
00001.jpg 330 119 68 188 0.89546
00001.jpg 197 139 139 164 0.89534
00001.jpg 195 136 145 163 0.89452
00001.jpg 201 145 135 144 0.89222
00001.jpg 199 135 144 160 0.89182
00001.jpg 199 141 147 157 0.88970
00001.jpg 197 136 151 163 0.88577
00001.jpg 332 119 71 184 0.88512
00001.jpg 191 138 156 152 0.88355
00001.jpg 334 117 61 184 0.88354
00001.jpg 194 133 152 174 0.87971
00001.jpg 326 119 78 186 0.87872
00001.jpg 195 127 152 171 0.86805
00001.jpg 325 116 77 189 0.86769
00001.jpg 203 136 148 163 0.86590
00001.jpg 212 141 123 159 0.86536
00001.jpg 325 122 67 177 0.86041
00001.jpg 335 121 64 182 0.86021
00001.jpg 332 115 56 187 0.85807
00001.jpg 330 116 69 191 0.85265
00001.jpg 202 136 148 164 0.84832
00001.jpg 332 119 68 178 0.84473
00001.jpg 332 115 69 195 0.84463
00001.jpg 338 118 50 181 0.84169
00001.jpg 199 141 138 156 0.83647
00001.jpg 204 146 140 146 0.82925
00001.jpg 331 120 60 178 0.82175
00001.jpg 200 140 137 156 0.81987
00001.jpg 203 146 139 151 0.81324
00001.jpg 196 145 143 150 0.81254
00001.jpg 185 134 162 172 0.81117
00001.jpg 201 136 139 164 0.80274
00001.jpg 196 143 154 147 0.80002
00001.jpg 337 121 55 180 0.78862
00001.jpg 324 114 79 203 0.78741
00001.jpg 199 150 147 149 0.78718
00001.jpg 194 142 144 167 0.77957
00001.jpg 333 119 63 181 0.76252
00001.jpg 338 120 65 184 0.76049
00001.jpg 327 124 76 188 0.75182
00001.jpg 332 116 74 197 0.74439
00001.jpg 194 142 135 146 0.74185
00001.jpg 198 144 147 151 0.73405
00001.jpg 321 125 82 181 0.72350
00001.jpg 335 117 51 189 0.71249
00001.jpg 321 116 89 198 0.70101
00001.jpg 191 140 156 168 0.70030
00001.jpg 325 110 75 200 0.67493
00001.jpg 197 147 147 146 0.66793
00001.jpg 336 115 59 189 0.66378
00001.jpg 196 147 150 145 0.65602
00001.jpg 209 137 132 163 0.65531
00001.jpg 213 125 138 181 0.65138
00001.jpg 337 113 69 199 0.64087
00001.jpg 198 141 142 164 0.63065
00001.jpg 342 119 50 187 0.62940
00001.jpg 337 126 64 173 0.61570
00001.jpg 330 113 79 192 0.61225
00001.jpg 341 122 55 179 0.60290
00001.jpg 205 139 146 163 0.59419
00001.jpg 331 114 65 179 0.58353
00001.jpg 209 136 145 164 0.57910
00001.jpg 190 121 152 179 0.56748
00001.jpg 323 114 84 198 0.56701
00001.jpg 202 135 142 159 0.55404
00001.jpg 337 118 61 172 0.54432
00001.jpg 324 120 78 194 0.54263
00001.jpg 331 122 71 182 0.53610
00001.jpg 332 120 68 177 0.51892
00001.jpg 199 133 148 178 0.51088
