00013.jpg 229 134 108 148 0.99340
00013.jpg 232 127 112 157 0.99167
00013.jpg 229 130 113 158 0.99114
00013.jpg 233 121 110 164 0.98976
00013.jpg 236 127 98 160 0.98930
00013.jpg 233 125 108 165 0.98912
00013.jpg 233 126 108 158 0.98759
00013.jpg 232 125 110 161 0.98738
00013.jpg 232 129 108 154 0.98631
00013.jpg 250 103 60 68 0.98536
00013.jpg 233 118 104 165 0.98531
00013.jpg 236 129 106 156 0.98359
00013.jpg 235 125 105 156 0.98324
00013.jpg 227 123 116 161 0.98318
00013.jpg 231 129 102 155 0.98299
00013.jpg 230 125 112 161 0.98156
00013.jpg 226 123 117 163 0.98153
00013.jpg 229 117 110 171 0.97824
00013.jpg 232 130 108 151 0.97757
00013.jpg 248 99 58 72 0.97754
00013.jpg 227 126 114 160 0.97545
00013.jpg 231 128 115 152 0.97535
00013.jpg 226 126 111 161 0.97472
00013.jpg 252 102 53 69 0.97378
00013.jpg 251 104 59 65 0.97371
00013.jpg 229 130 113 160 0.97326
00013.jpg 235 128 107 159 0.97139
00013.jpg 228 128 109 162 0.97035
00013.jpg 235 126 106 161 0.96988
00013.jpg 230 117 109 165 0.96949
00013.jpg 251 103 58 69 0.96917
00013.jpg 233 134 111 151 0.96774
00013.jpg 231 131 109 152 0.96633
00013.jpg 230 127 115 162 0.96624
00013.jpg 231 126 111 165 0.96386
00013.jpg 230 129 113 162 0.96365
00013.jpg 228 125 116 160 0.96221
00013.jpg 231 130 112 150 0.96209
00013.jpg 230 130 109 158 0.96034
00013.jpg 232 125 106 165 0.95726
00013.jpg 252 102 56 67 0.95667
00013.jpg 232 131 106 154 0.95342
00013.jpg 232 127 112 161 0.95313
00013.jpg 249 105 58 66 0.95248
00013.jpg 230 125 113 160 0.95031
00013.jpg 228 116 104 179 0.94593
00013.jpg 247 103 61 67 0.94589
00013.jpg 231 120 106 175 0.94589
00013.jpg 251 105 58 66 0.94455
00013.jpg 253 101 53 69 0.94392
00013.jpg 229 129 113 159 0.94315
00013.jpg 252 103 56 64 0.94106
00013.jpg 250 106 58 65 0.93835
00013.jpg 250 103 58 63 0.93822
00013.jpg 251 104 58 67 0.93809
00013.jpg 248 103 58 67 0.93623
00013.jpg 247 99 61 70 0.93488
00013.jpg 233 125 112 163 0.93321
00013.jpg 233 120 108 173 0.93133
00013.jpg 237 132 104 158 0.93057
00013.jpg 255 103 50 63 0.92864
00013.jpg 253 106 50 62 0.92606
00013.jpg 249 99 56 73 0.92593
00013.jpg 248 105 63 63 0.92385
00013.jpg 234 134 109 159 0.92234
00013.jpg 248 101 62 71 0.91601
00013.jpg 228 121 114 165 0.91482
00013.jpg 226 115 116 178 0.91474
00013.jpg 247 103 65 64 0.91382
00013.jpg 253 104 51 65 0.90877
00013.jpg 253 103 52 70 0.90842
00013.jpg 230 117 105 171 0.90808
00013.jpg 253 103 55 67 0.90068
00013.jpg 249 99 55 73 0.89880
00013.jpg 230 128 109 157 0.89832
00013.jpg 230 121 110 168 0.89700
00013.jpg 247 103 61 76 0.89255
00013.jpg 248 103 61 69 0.89226
00013.jpg 237 124 101 161 0.89136
00013.jpg 232 121 107 163 0.89135
00013.jpg 248 102 62 72 0.89056
00013.jpg 245 104 62 65 0.88804
00013.jpg 251 99 57 74 0.88558
00013.jpg 254 106 54 66 0.88442
00013.jpg 229 129 114 155 0.88406
00013.jpg 253 100 52 74 0.88079
00013.jpg 248 103 61 64 0.88077
00013.jpg 227 124 113 163 0.87923
00013.jpg 255 102 49 66 0.87887
00013.jpg 225 129 113 156 0.87602
00013.jpg 235 135 108 144 0.87555
00013.jpg 228 126 116 159 0.87378
00013.jpg 246 105 60 64 0.87060
00013.jpg 244 99 65 78 0.86746
00013.jpg 229 106 107 188 0.86695
00013.jpg 252 102 56 68 0.86607
00013.jpg 231 132 105 154 0.86533
00013.jpg 228 120 117 169 0.86400
00013.jpg 239 126 101 165 0.86288
00013.jpg 220 127 128 158 0.85336
00013.jpg 242 127 102 160 0.83893
00013.jpg 228 120 120 176 0.83830
00013.jpg 254 100 51 71 0.83538
00013.jpg 247 108 61 84 0.82817
00013.jpg 250 98 58 70 0.82544
00013.jpg 252 101 61 66 0.82522
00013.jpg 228 106 114 188 0.82217
00013.jpg 232 116 103 173 0.81196
00013.jpg 248 101 58 73 0.80696
00013.jpg 249 101 62 75 0.79610
00013.jpg 242 136 105 149 0.79487
00013.jpg 240 128 103 163 0.78804
00013.jpg 242 102 70 80 0.78727
00013.jpg 245 104 60 67 0.78392
00013.jpg 229 125 106 162 0.78315
00013.jpg 253 102 54 67 0.78236
00013.jpg 249 105 53 63 0.77952
00013.jpg 230 114 102 168 0.77351
00013.jpg 253 104 58 65 0.76982
00013.jpg 240 105 68 72 0.76585
00013.jpg 252 101 57 66 0.76336
00013.jpg 230 119 111 168 0.75976
00013.jpg 222 122 114 173 0.75952
00013.jpg 254 103 61 77 0.74876
00013.jpg 238 125 95 159 0.74849
00013.jpg 256 102 55 66 0.74627
00013.jpg 243 101 65 74 0.74418
00013.jpg 259 104 44 63 0.74407
00013.jpg 231 123 105 163 0.74205
00013.jpg 229 111 109 182 0.74167
00013.jpg 228 131 113 151 0.73682
00013.jpg 253 106 48 67 0.72458
00013.jpg 244 126 100 166 0.71821
00013.jpg 235 130 105 159 0.71376
00013.jpg 229 126 105 157 0.71114
00013.jpg 226 125 118 161 0.70863
00013.jpg 224 135 116 147 0.70817
00013.jpg 258 102 46 68 0.70505
00013.jpg 236 139 107 150 0.70169
00013.jpg 250 104 65 81 0.69943
00013.jpg 254 103 59 73 0.69827
00013.jpg 250 106 55 60 0.69575
00013.jpg 250 103 63 64 0.68749
00013.jpg 233 136 107 148 0.67609
00013.jpg 238 132 107 158 0.67173
00013.jpg 237 131 101 151 0.66611
00013.jpg 256 102 55 71 0.66510
00013.jpg 251 100 49 72 0.64218
00013.jpg 232 118 111 170 0.63762
00013.jpg 258 105 49 63 0.62369
00013.jpg 245 107 58 68 0.62316
00013.jpg 248 100 64 69 0.62176
00013.jpg 245 108 58 60 0.61978
00013.jpg 246 107 59 60 0.61631
00013.jpg 240 103 68 79 0.59969
00013.jpg 248 105 57 71 0.59852
00013.jpg 253 104 61 74 0.59189
00013.jpg 244 131 102 150 0.58821
00013.jpg 245 103 71 100 0.58746
00013.jpg 230 115 92 177 0.58158
00013.jpg 243 100 63 75 0.57748
00013.jpg 233 134 105 154 0.57490
00013.jpg 241 106 63 58 0.57344
00013.jpg 255 104 56 64 0.56678
00013.jpg 248 107 54 69 0.54096
00013.jpg 253 98 62 70 0.53967
00013.jpg 253 133 93 149 0.53408
00013.jpg 228 128 99 157 0.52383
00013.jpg 253 101 52 65 0.52152
00013.jpg 220 123 125 162 0.51662
00013.jpg 243 106 63 65 0.51410
00013.jpg 244 104 70 82 0.51233
00013.jpg 234 119 96 157 0.50488
00013.jpg 244 101 64 76 0.50022
00013.jpg 256 102 51 61 0.49904
