00016.jpg 237 135 117 151 0.99403
00016.jpg 245 139 102 151 0.99267
00016.jpg 236 131 113 159 0.99090
00016.jpg 219 96 67 181 0.99011
00016.jpg 245 130 101 157 0.98938
00016.jpg 214 98 70 174 0.98793
00016.jpg 219 103 70 181 0.98706
00016.jpg 235 126 119 171 0.98510
00016.jpg 216 98 69 182 0.98470
00016.jpg 240 133 110 156 0.98399
00016.jpg 221 101 64 174 0.98244
00016.jpg 251 133 102 156 0.98165
00016.jpg 237 128 108 162 0.97655
00016.jpg 248 138 104 158 0.96893
00016.jpg 233 128 112 159 0.96812
00016.jpg 245 142 98 149 0.96785
00016.jpg 246 133 108 159 0.96559
00016.jpg 217 106 85 173 0.96538
00016.jpg 259 138 87 153 0.96235
00016.jpg 239 130 111 155 0.96182
00016.jpg 252 136 99 154 0.96175
00016.jpg 227 134 121 153 0.95577
00016.jpg 224 100 61 175 0.95428
00016.jpg 262 141 89 142 0.95274
00016.jpg 252 135 97 155 0.95202
00016.jpg 220 102 68 181 0.95079
00016.jpg 219 103 71 168 0.95072
00016.jpg 247 141 104 147 0.94700
00016.jpg 246 128 103 163 0.94680
00016.jpg 244 134 102 153 0.94667
00016.jpg 228 134 121 157 0.94646
00016.jpg 217 100 70 180 0.94558
00016.jpg 229 130 126 158 0.94411
00016.jpg 240 133 115 159 0.94377
00016.jpg 220 105 66 174 0.94234
00016.jpg 240 133 109 163 0.93949
00016.jpg 220 114 90 166 0.93925
00016.jpg 217 100 65 182 0.93761
00016.jpg 261 141 87 146 0.93702
00016.jpg 219 101 70 171 0.93632
00016.jpg 249 137 101 151 0.93550
00016.jpg 252 139 99 145 0.93494
00016.jpg 218 107 68 173 0.93392
00016.jpg 254 131 100 157 0.93362
00016.jpg 243 134 108 158 0.93243
00016.jpg 244 132 99 153 0.93201
00016.jpg 220 103 58 172 0.93169
00016.jpg 249 136 105 156 0.93007
00016.jpg 244 132 102 153 0.92647
00016.jpg 245 133 108 158 0.92539
00016.jpg 243 137 113 153 0.92526
00016.jpg 246 138 106 152 0.92384
00016.jpg 241 128 108 160 0.92198
00016.jpg 254 134 96 157 0.92170
00016.jpg 238 130 119 160 0.92047
00016.jpg 240 126 98 164 0.91871
00016.jpg 241 128 105 163 0.91754
00016.jpg 219 103 68 170 0.91721
00016.jpg 222 98 62 185 0.91567
00016.jpg 220 96 73 190 0.91248
00016.jpg 216 107 72 170 0.91206
00016.jpg 257 137 96 148 0.91107
00016.jpg 222 96 60 182 0.90968
00016.jpg 251 133 91 152 0.90016
00016.jpg 217 101 71 172 0.89761
00016.jpg 218 102 88 178 0.89535
00016.jpg 221 96 64 182 0.89475
00016.jpg 253 133 95 157 0.89462
00016.jpg 219 131 141 161 0.89368
00016.jpg 254 136 98 153 0.89020
00016.jpg 216 105 71 169 0.88824
00016.jpg 257 141 95 142 0.88683
00016.jpg 221 102 62 175 0.88547
00016.jpg 220 104 58 174 0.88406
00016.jpg 221 120 94 152 0.88117
00016.jpg 254 138 96 148 0.88088
00016.jpg 236 136 116 151 0.88084
00016.jpg 215 98 75 181 0.87778
00016.jpg 221 130 122 158 0.87617
00016.jpg 217 99 65 182 0.87267
00016.jpg 219 102 64 171 0.86232
00016.jpg 252 133 97 158 0.86222
00016.jpg 251 136 96 149 0.86052
00016.jpg 224 100 51 175 0.86028
00016.jpg 257 135 93 156 0.85761
00016.jpg 254 140 92 153 0.85742
00016.jpg 264 141 83 141 0.85725
00016.jpg 251 139 104 150 0.85676
00016.jpg 219 107 63 170 0.85522
00016.jpg 224 103 55 171 0.85402
00016.jpg 256 136 94 152 0.84821
00016.jpg 217 110 73 167 0.84613
00016.jpg 231 127 114 155 0.84239
00016.jpg 216 106 67 169 0.84156
00016.jpg 220 98 72 182 0.83913
00016.jpg 260 136 84 160 0.83827
00016.jpg 222 127 104 158 0.82940
00016.jpg 220 134 133 148 0.82617
00016.jpg 226 116 93 163 0.82607
00016.jpg 223 106 71 172 0.82440
00016.jpg 228 124 114 159 0.82250
00016.jpg 220 102 61 174 0.82131
00016.jpg 224 108 119 181 0.81970
00016.jpg 226 129 118 161 0.81580
00016.jpg 262 140 87 141 0.80687
00016.jpg 255 141 100 144 0.79944
00016.jpg 249 140 107 140 0.79862
00016.jpg 221 112 82 171 0.79380
00016.jpg 228 134 112 151 0.78939
00016.jpg 220 102 60 172 0.78759
00016.jpg 221 108 82 174 0.78022
00016.jpg 225 104 55 175 0.78018
00016.jpg 215 105 67 166 0.76946
00016.jpg 237 132 117 162 0.76878
00016.jpg 242 135 100 150 0.76196
00016.jpg 226 100 55 176 0.76028
00016.jpg 262 137 89 149 0.75751
00016.jpg 215 105 80 175 0.75388
00016.jpg 231 136 123 150 0.75212
00016.jpg 237 139 115 147 0.75120
00016.jpg 254 138 94 150 0.74897
00016.jpg 256 141 94 149 0.74589
00016.jpg 222 109 50 164 0.74261
00016.jpg 215 107 60 167 0.72859
00016.jpg 224 101 59 171 0.71715
00016.jpg 222 106 62 140 0.71676
00016.jpg 262 134 89 164 0.71466
00016.jpg 224 122 121 162 0.71350
00016.jpg 242 129 112 174 0.70194
00016.jpg 244 137 101 157 0.70019
00016.jpg 213 111 65 157 0.69745
00016.jpg 220 105 66 177 0.69046
00016.jpg 224 99 54 173 0.68943
00016.jpg 249 140 96 141 0.68737
00016.jpg 221 123 131 163 0.68179
00016.jpg 233 136 118 153 0.67875
00016.jpg 224 102 56 174 0.67774
00016.jpg 231 132 121 154 0.66880
00016.jpg 232 119 112 175 0.66856
00016.jpg 261 137 89 147 0.66496
00016.jpg 247 141 107 136 0.66432
00016.jpg 223 97 56 177 0.65936
00016.jpg 221 104 51 166 0.65890
00016.jpg 226 105 55 159 0.65814
00016.jpg 229 135 129 156 0.63171
00016.jpg 221 103 75 172 0.62606
00016.jpg 216 108 73 157 0.62600
00016.jpg 219 128 132 165 0.62162
00016.jpg 268 142 84 142 0.61346
00016.jpg 265 136 87 157 0.59385
00016.jpg 220 126 125 156 0.59040
00016.jpg 237 133 120 147 0.56842
00016.jpg 269 138 82 144 0.56108
00016.jpg 222 121 106 149 0.54996
00016.jpg 224 105 56 166 0.54537
00016.jpg 247 138 108 150 0.54100
00016.jpg 237 129 116 163 0.52539
00016.jpg 222 105 63 169 0.52381
00016.jpg 215 98 85 183 0.51409
00016.jpg 223 92 66 195 0.50704
00016.jpg 251 138 103 152 0.50114
