00018.jpg 258 141 107 150 0.99790
00018.jpg 252 142 105 149 0.99611
00018.jpg 256 142 101 151 0.99492
00018.jpg 217 100 62 171 0.99408
00018.jpg 260 142 99 153 0.99340
00018.jpg 264 138 94 155 0.98805
00018.jpg 262 140 100 151 0.98534
00018.jpg 218 98 61 173 0.98401
00018.jpg 266 143 92 151 0.98302
00018.jpg 263 143 93 145 0.98279
00018.jpg 267 139 93 150 0.98237
00018.jpg 257 149 104 140 0.98079
00018.jpg 264 142 94 151 0.98069
00018.jpg 263 137 95 155 0.97841
00018.jpg 255 142 101 148 0.97746
00018.jpg 261 138 97 156 0.97738
00018.jpg 257 139 97 154 0.97610
00018.jpg 257 140 94 153 0.97329
00018.jpg 256 140 99 151 0.96679
00018.jpg 259 142 102 147 0.96454
00018.jpg 223 97 54 180 0.96388
00018.jpg 257 141 106 151 0.96169
00018.jpg 264 143 92 148 0.96137
00018.jpg 257 139 97 152 0.96083
00018.jpg 219 95 67 183 0.96055
00018.jpg 220 99 54 168 0.96025
00018.jpg 256 137 106 160 0.95890
00018.jpg 250 138 111 152 0.95744
00018.jpg 220 100 55 168 0.95725
00018.jpg 255 142 102 146 0.95680
00018.jpg 220 100 57 171 0.95582
00018.jpg 221 98 57 178 0.95430
00018.jpg 259 138 102 160 0.95389
00018.jpg 218 105 59 161 0.95374
00018.jpg 259 144 103 146 0.95358
00018.jpg 259 139 89 152 0.95289
00018.jpg 256 139 105 155 0.95220
00018.jpg 218 95 67 190 0.94955
00018.jpg 261 138 98 154 0.94908
00018.jpg 219 95 66 181 0.94665
00018.jpg 223 99 56 167 0.94591
00018.jpg 223 98 56 164 0.94523
00018.jpg 222 103 55 161 0.94461
00018.jpg 217 96 65 179 0.94159
00018.jpg 258 146 99 144 0.93979
00018.jpg 224 103 54 168 0.93843
00018.jpg 265 141 91 151 0.93728
00018.jpg 268 140 86 153 0.93698
00018.jpg 261 137 100 157 0.93511
00018.jpg 217 102 60 169 0.93320
00018.jpg 252 138 107 147 0.92959
00018.jpg 257 135 96 155 0.92536
00018.jpg 258 137 105 152 0.92233
00018.jpg 264 139 93 151 0.92222
00018.jpg 221 100 64 175 0.92218
00018.jpg 224 102 47 163 0.91699
00018.jpg 263 139 91 150 0.91559
00018.jpg 247 135 109 149 0.91428
00018.jpg 218 94 68 184 0.91261
00018.jpg 256 134 105 156 0.91189
00018.jpg 220 102 58 163 0.91182
00018.jpg 257 145 103 145 0.91146
00018.jpg 219 98 61 169 0.91108
00018.jpg 221 108 65 165 0.91105
00018.jpg 218 100 67 168 0.91071
00018.jpg 221 99 62 175 0.91000
00018.jpg 221 97 64 174 0.90992
00018.jpg 222 100 56 167 0.90032
00018.jpg 261 138 98 150 0.89992
00018.jpg 220 98 56 170 0.89731
00018.jpg 268 140 85 149 0.89665
00018.jpg 244 140 116 150 0.89589
00018.jpg 265 141 97 148 0.89276
00018.jpg 268 146 87 144 0.89221
00018.jpg 216 110 69 159 0.89151
00018.jpg 249 139 113 148 0.89061
00018.jpg 251 138 102 150 0.88899
00018.jpg 221 103 52 163 0.88518
00018.jpg 252 139 106 152 0.88347
00018.jpg 222 100 55 173 0.88221
00018.jpg 265 142 90 145 0.88110
00018.jpg 217 102 58 158 0.88072
00018.jpg 266 139 91 154 0.88058
00018.jpg 247 137 111 153 0.87916
00018.jpg 267 141 91 152 0.87783
00018.jpg 226 99 49 159 0.87409
00018.jpg 259 137 94 158 0.87349
00018.jpg 258 135 105 159 0.87116
00018.jpg 258 139 104 151 0.86485
00018.jpg 221 95 62 185 0.86219
00018.jpg 221 100 73 176 0.85980
00018.jpg 220 97 65 177 0.85502
00018.jpg 217 97 68 178 0.84366
00018.jpg 219 96 66 181 0.83922
00018.jpg 245 132 109 155 0.83099
00018.jpg 225 100 49 166 0.82931
00018.jpg 221 101 55 165 0.82443
00018.jpg 220 100 61 170 0.82250
00018.jpg 263 146 94 146 0.81117
00018.jpg 212 101 75 171 0.81103
00018.jpg 266 143 82 145 0.80548
00018.jpg 219 100 55 162 0.80341
00018.jpg 223 105 62 170 0.78333
00018.jpg 266 146 94 145 0.77809
00018.jpg 256 141 99 146 0.77336
00018.jpg 235 131 103 155 0.72351
00018.jpg 220 111 70 165 0.72066
00018.jpg 245 142 119 154 0.71344
00018.jpg 225 98 54 165 0.70963
00018.jpg 266 140 95 158 0.70327
00018.jpg 257 143 95 146 0.69956
00018.jpg 259 143 101 145 0.69041
00018.jpg 233 120 108 166 0.68877
00018.jpg 233 141 132 152 0.68735
00018.jpg 256 147 102 137 0.67511
00018.jpg 396 276 34 31 0.67455
00018.jpg 267 147 97 138 0.67334
00018.jpg 222 102 67 166 0.66609
00018.jpg 215 101 71 170 0.65645
00018.jpg 229 125 93 161 0.64541
00018.jpg 273 139 84 159 0.64390
00018.jpg 222 101 59 161 0.63702
00018.jpg 220 113 59 153 0.62834
00018.jpg 221 119 122 174 0.61898
00018.jpg 220 104 59 167 0.61495
00018.jpg 400 278 33 30 0.61129
00018.jpg 218 106 56 159 0.60818
00018.jpg 217 97 67 175 0.60567
00018.jpg 244 144 108 138 0.59032
00018.jpg 257 142 93 145 0.56848
00018.jpg 263 147 100 141 0.55823
00018.jpg 271 144 73 148 0.55252
00018.jpg 269 147 91 144 0.54971
00018.jpg 223 103 54 156 0.54081
00018.jpg 239 137 119 155 0.53979
00018.jpg 249 133 108 160 0.53654
00018.jpg 218 105 74 171 0.52861
00018.jpg 220 107 57 157 0.51886
00018.jpg 229 128 123 159 0.51836
00018.jpg 248 141 114 149 0.51498
00018.jpg 264 145 92 142 0.51219
00018.jpg 219 103 64 157 0.51075
00018.jpg 240 136 113 160 0.50963
00018.jpg 394 277 43 31 0.50345
00018.jpg 250 143 119 153 0.50101
00018.jpg 219 126 137 146 0.50025
