00019.jpg 274 139 87 156 0.99717
00019.jpg 274 145 89 149 0.99704
00019.jpg 270 144 94 152 0.99583
00019.jpg 274 143 90 149 0.99560
00019.jpg 270 143 91 149 0.99548
00019.jpg 271 144 94 150 0.99474
00019.jpg 272 140 94 156 0.99434
00019.jpg 271 142 91 151 0.99391
00019.jpg 270 145 92 151 0.99238
00019.jpg 278 149 88 143 0.99232
00019.jpg 274 142 92 151 0.99127
00019.jpg 280 144 85 149 0.98997
00019.jpg 274 143 87 151 0.98970
00019.jpg 271 145 94 147 0.98843
00019.jpg 272 142 88 151 0.98644
00019.jpg 215 98 61 184 0.98607
00019.jpg 268 143 95 152 0.98535
00019.jpg 215 102 72 182 0.98467
00019.jpg 275 140 92 147 0.98361
00019.jpg 269 140 96 156 0.98335
00019.jpg 275 142 94 150 0.98326
00019.jpg 216 99 63 182 0.98253
00019.jpg 271 138 89 152 0.98238
00019.jpg 272 142 96 151 0.98213
00019.jpg 267 143 96 149 0.98189
00019.jpg 270 140 91 154 0.97905
00019.jpg 217 100 65 186 0.97903
00019.jpg 218 106 62 177 0.97751
00019.jpg 273 142 88 156 0.97649
00019.jpg 218 100 64 179 0.97614
00019.jpg 218 104 60 176 0.97579
00019.jpg 215 100 67 183 0.97558
00019.jpg 269 146 93 143 0.97550
00019.jpg 273 142 92 147 0.97532
00019.jpg 270 142 93 150 0.97503
00019.jpg 271 143 93 153 0.97442
00019.jpg 274 140 84 153 0.97316
00019.jpg 217 102 66 179 0.97237
00019.jpg 271 146 90 143 0.97182
00019.jpg 214 99 64 181 0.97179
00019.jpg 269 138 98 156 0.97145
00019.jpg 272 147 90 146 0.97067
00019.jpg 278 141 89 149 0.96963
00019.jpg 276 140 89 156 0.96917
00019.jpg 272 138 91 159 0.96633
00019.jpg 270 139 91 156 0.96633
00019.jpg 270 144 91 151 0.96621
00019.jpg 216 102 62 175 0.96415
00019.jpg 274 142 82 151 0.96207
00019.jpg 271 143 94 150 0.96142
00019.jpg 273 143 86 145 0.95909
00019.jpg 272 137 93 159 0.95798
00019.jpg 266 140 98 148 0.95709
00019.jpg 218 107 65 174 0.95582
00019.jpg 219 103 58 175 0.95412
00019.jpg 272 138 91 158 0.95300
00019.jpg 214 102 68 175 0.94860
00019.jpg 271 143 92 146 0.94825
00019.jpg 215 103 73 180 0.94819
00019.jpg 270 142 94 152 0.94786
00019.jpg 218 99 59 176 0.94411
00019.jpg 218 103 58 173 0.94296
00019.jpg 220 104 65 178 0.93395
00019.jpg 214 107 71 167 0.93378
00019.jpg 217 100 59 180 0.93209
00019.jpg 221 103 51 174 0.93173
00019.jpg 273 140 92 147 0.93124
00019.jpg 219 100 66 179 0.92946
00019.jpg 217 99 62 183 0.92873
00019.jpg 220 100 66 182 0.92855
00019.jpg 275 142 90 153 0.92547
00019.jpg 220 98 56 180 0.92495
00019.jpg 219 101 56 176 0.92294
00019.jpg 215 98 61 180 0.91866
00019.jpg 265 142 100 152 0.91462
00019.jpg 218 97 67 181 0.91425
00019.jpg 215 101 73 175 0.90995
00019.jpg 220 101 56 185 0.90805
00019.jpg 271 138 94 152 0.90513
00019.jpg 212 99 75 184 0.90465
00019.jpg 216 95 69 191 0.90315
00019.jpg 276 138 92 160 0.89803
00019.jpg 217 97 64 188 0.89592
00019.jpg 218 108 71 170 0.88843
00019.jpg 270 138 93 160 0.88684
00019.jpg 217 97 65 185 0.88576
00019.jpg 218 104 56 166 0.88560
00019.jpg 265 142 101 151 0.88375
00019.jpg 275 140 89 155 0.88083
00019.jpg 217 101 62 179 0.87772
00019.jpg 260 139 99 153 0.87679
00019.jpg 276 144 85 148 0.87639
00019.jpg 273 145 90 148 0.87537
00019.jpg 209 106 79 171 0.87331
00019.jpg 270 142 88 143 0.87303
00019.jpg 219 98 60 184 0.87268
00019.jpg 217 101 59 171 0.87091
00019.jpg 218 100 64 186 0.86916
00019.jpg 215 98 63 175 0.86745
00019.jpg 219 95 73 189 0.86584
00019.jpg 218 100 63 171 0.86525
00019.jpg 270 140 95 149 0.86513
00019.jpg 216 99 58 176 0.84328
00019.jpg 217 101 62 177 0.83997
00019.jpg 215 95 67 189 0.83668
00019.jpg 272 144 92 146 0.83637
00019.jpg 219 99 59 172 0.82757
00019.jpg 217 104 61 173 0.82022
00019.jpg 275 144 90 149 0.81661
00019.jpg 218 103 63 179 0.81623
00019.jpg 212 109 71 173 0.81480
00019.jpg 215 104 69 171 0.81080
00019.jpg 271 145 91 145 0.80794
00019.jpg 219 99 62 175 0.78072
00019.jpg 219 102 58 175 0.76962
00019.jpg 214 99 74 181 0.76627
00019.jpg 213 105 73 175 0.75501
00019.jpg 272 142 93 161 0.75410
00019.jpg 284 144 80 152 0.75191
00019.jpg 222 100 56 173 0.74605
00019.jpg 212 110 72 169 0.74547
00019.jpg 275 147 88 151 0.74435
00019.jpg 269 148 92 146 0.74072
00019.jpg 270 140 95 160 0.74062
00019.jpg 222 98 53 175 0.70482
00019.jpg 222 99 56 177 0.70072
00019.jpg 212 106 79 177 0.69459
00019.jpg 219 104 63 174 0.68552
00019.jpg 226 105 85 177 0.66231
00019.jpg 275 148 84 142 0.64647
00019.jpg 210 104 79 175 0.63009
00019.jpg 218 102 59 174 0.60881
00019.jpg 217 102 67 172 0.60281
00019.jpg 266 145 93 142 0.57943
00019.jpg 275 150 80 139 0.57929
00019.jpg 255 143 114 153 0.57521
00019.jpg 265 130 98 171 0.55962
00019.jpg 260 141 109 159 0.55340
00019.jpg 215 105 57 169 0.54589
00019.jpg 279 150 83 139 0.54415
00019.jpg 221 99 63 173 0.53718
00019.jpg 271 142 97 147 0.53642
00019.jpg 275 137 87 159 0.52108
