00023.jpg 235 145 148 156 0.99786
00023.jpg 234 144 152 155 0.99760
00023.jpg 234 142 154 158 0.99751
00023.jpg 225 136 164 166 0.99750
00023.jpg 240 144 145 149 0.99704
00023.jpg 234 138 152 160 0.99693
00023.jpg 208 104 51 177 0.99689
00023.jpg 232 132 147 170 0.99668
00023.jpg 236 141 151 157 0.99652
00023.jpg 236 137 153 167 0.99651
00023.jpg 243 138 142 155 0.99616
00023.jpg 238 142 147 157 0.99588
00023.jpg 242 137 139 163 0.99532
00023.jpg 232 142 162 156 0.99504
00023.jpg 236 144 150 151 0.99480
00023.jpg 237 138 155 159 0.99463
00023.jpg 235 140 152 156 0.99457
00023.jpg 211 98 38 178 0.99422
00023.jpg 235 138 150 162 0.99409
00023.jpg 238 139 149 163 0.99406
00023.jpg 207 102 45 175 0.99399
00023.jpg 209 106 47 169 0.99392
00023.jpg 234 135 151 159 0.99370
00023.jpg 210 105 45 170 0.99367
00023.jpg 233 136 154 167 0.99309
00023.jpg 239 141 145 162 0.99303
00023.jpg 234 141 150 158 0.99265
00023.jpg 206 105 48 169 0.99255
00023.jpg 237 136 150 169 0.99252
00023.jpg 239 135 148 167 0.99234
00023.jpg 241 137 145 164 0.99201
00023.jpg 211 104 43 170 0.99136
00023.jpg 210 103 41 173 0.99135
00023.jpg 241 139 149 156 0.99073
00023.jpg 236 143 147 152 0.99049
00023.jpg 244 144 143 157 0.99006
00023.jpg 237 136 154 163 0.98897
00023.jpg 207 102 47 174 0.98841
00023.jpg 208 99 50 186 0.98780
00023.jpg 239 140 148 160 0.98748
00023.jpg 238 141 144 158 0.98677
00023.jpg 207 99 47 177 0.98668
00023.jpg 209 105 44 166 0.98584
00023.jpg 243 136 143 160 0.98525
00023.jpg 207 100 42 179 0.98508
00023.jpg 239 142 148 157 0.98303
00023.jpg 237 143 144 154 0.98294
00023.jpg 208 104 46 175 0.98288
00023.jpg 238 141 150 159 0.98125
00023.jpg 228 148 162 147 0.98122
00023.jpg 236 143 150 157 0.98035
00023.jpg 230 142 164 156 0.98011
00023.jpg 209 101 45 177 0.97974
00023.jpg 208 100 49 175 0.97966
00023.jpg 212 101 43 181 0.97814
00023.jpg 240 139 147 149 0.97803
00023.jpg 207 102 47 176 0.97557
00023.jpg 208 102 45 170 0.97471
00023.jpg 241 144 147 153 0.97460
00023.jpg 240 140 150 160 0.97454
00023.jpg 209 104 43 170 0.97443
00023.jpg 241 141 147 160 0.97415
00023.jpg 210 103 44 170 0.97146
00023.jpg 207 102 52 179 0.97140
00023.jpg 235 142 148 156 0.97067
00023.jpg 209 101 47 177 0.97057
00023.jpg 205 102 52 175 0.96940
00023.jpg 210 102 45 171 0.96933
00023.jpg 239 145 150 147 0.96932
00023.jpg 209 104 48 171 0.96548
00023.jpg 208 113 47 161 0.96522
00023.jpg 210 102 44 177 0.96429
00023.jpg 238 148 147 149 0.96409
00023.jpg 243 144 136 156 0.96324
00023.jpg 208 103 46 174 0.96261
00023.jpg 204 102 51 174 0.96142
00023.jpg 207 102 47 173 0.96104
00023.jpg 244 138 143 162 0.95931
00023.jpg 242 141 143 164 0.95824
00023.jpg 235 139 152 157 0.95776
00023.jpg 206 107 47 165 0.95700
00023.jpg 247 142 135 160 0.95610
00023.jpg 232 143 156 157 0.95331
00023.jpg 232 139 153 163 0.95237
00023.jpg 206 102 46 177 0.95121
00023.jpg 209 105 42 168 0.95049
00023.jpg 241 139 148 165 0.94878
00023.jpg 208 104 46 172 0.94805
00023.jpg 244 136 141 165 0.94506
00023.jpg 232 139 158 163 0.94469
00023.jpg 243 139 138 165 0.94290
00023.jpg 207 106 47 171 0.94044
00023.jpg 206 105 50 167 0.93768
00023.jpg 237 144 149 152 0.93581
00023.jpg 230 141 157 153 0.92928
00023.jpg 211 104 43 172 0.92271
00023.jpg 204 104 53 181 0.90625
00023.jpg 235 142 155 152 0.90397
00023.jpg 242 139 146 161 0.89128
00023.jpg 209 106 47 168 0.89069
00023.jpg 238 140 141 165 0.89043
00023.jpg 235 148 144 146 0.89034
00023.jpg 235 147 155 148 0.88717
00023.jpg 242 137 151 166 0.87645
00023.jpg 206 109 48 162 0.87624
00023.jpg 209 103 47 172 0.87453
00023.jpg 231 143 151 155 0.87417
00023.jpg 223 137 171 164 0.87310
00023.jpg 241 145 145 161 0.87239
00023.jpg 238 147 154 153 0.86706
00023.jpg 211 102 50 174 0.85965
00023.jpg 240 143 151 157 0.85731
00023.jpg 207 106 51 173 0.85555
00023.jpg 233 141 146 151 0.85334
00023.jpg 233 138 158 162 0.85106
00023.jpg 207 100 54 182 0.84607
00023.jpg 248 144 133 155 0.84556
00023.jpg 240 144 152 154 0.83939
00023.jpg 228 145 159 149 0.83613
00023.jpg 245 137 147 169 0.81759
00023.jpg 245 140 143 159 0.81722
00023.jpg 205 102 55 175 0.81550
00023.jpg 244 141 132 158 0.81407
00023.jpg 241 146 134 158 0.81365
00023.jpg 235 144 153 158 0.81299
00023.jpg 210 104 45 171 0.81216
00023.jpg 207 100 51 179 0.80924
00023.jpg 208 103 50 173 0.80524
00023.jpg 232 128 146 179 0.79737
00023.jpg 228 139 164 154 0.79013
00023.jpg 249 138 125 159 0.77902
00023.jpg 232 143 145 153 0.77283
00023.jpg 206 103 56 175 0.77051
00023.jpg 205 99 52 178 0.76293
00023.jpg 208 107 50 173 0.76068
00023.jpg 251 141 142 160 0.75977
00023.jpg 235 144 142 155 0.75045
00023.jpg 241 148 155 152 0.74290
00023.jpg 237 143 141 154 0.73422
00023.jpg 242 143 140 153 0.73296
00023.jpg 209 103 47 172 0.72327
00023.jpg 230 148 163 147 0.70655
00023.jpg 204 99 53 186 0.69883
00023.jpg 246 142 133 154 0.68788
00023.jpg 222 160 164 145 0.68105
00023.jpg 253 143 121 157 0.67547
00023.jpg 240 139 141 158 0.67512
00023.jpg 210 102 41 177 0.67226
00023.jpg 240 143 153 157 0.66343
00023.jpg 214 140 174 156 0.66225
00023.jpg 205 105 49 173 0.65715
00023.jpg 249 135 135 165 0.65560
00023.jpg 208 104 39 170 0.65196
00023.jpg 204 96 55 179 0.63865
00023.jpg 202 110 56 167 0.63747
00023.jpg 238 138 145 163 0.62280
00023.jpg 229 137 148 161 0.61586
00023.jpg 205 114 50 164 0.61578
00023.jpg 209 99 44 173 0.61320
00023.jpg 241 140 155 172 0.58886
00023.jpg 201 111 61 172 0.58744
00023.jpg 231 144 151 149 0.58122
00023.jpg 242 144 151 158 0.57464
00023.jpg 210 102 47 171 0.56827
00023.jpg 228 138 159 165 0.56486
00023.jpg 245 143 145 154 0.56003
00023.jpg 202 112 50 166 0.55860
00023.jpg 241 141 159 159 0.55857
00023.jpg 205 101 51 168 0.55534
00023.jpg 210 109 36 172 0.55341
00023.jpg 246 141 143 155 0.53863
00023.jpg 245 146 135 153 0.53181
00023.jpg 206 98 49 181 0.52019
00023.jpg 209 104 49 168 0.51601
00023.jpg 223 128 174 168 0.50934
00023.jpg 238 136 146 155 0.50685
00023.jpg 229 140 157 149 0.50684
00023.jpg 244 137 127 156 0.50295
