00021.jpg 232 141 140 157 0.99759
00021.jpg 214 98 51 175 0.99607
00021.jpg 230 145 146 157 0.99552
00021.jpg 231 137 148 161 0.99536
00021.jpg 232 145 139 150 0.99475
00021.jpg 211 94 52 179 0.99458
00021.jpg 235 140 135 155 0.99454
00021.jpg 225 136 143 160 0.99355
00021.jpg 235 146 136 155 0.99205
00021.jpg 231 144 141 154 0.99161
00021.jpg 231 144 141 157 0.99120
00021.jpg 216 99 47 172 0.99111
00021.jpg 209 101 57 171 0.99067
00021.jpg 231 141 146 157 0.99045
00021.jpg 210 100 50 174 0.99030
00021.jpg 229 145 149 153 0.99024
00021.jpg 213 93 51 178 0.98960
00021.jpg 231 143 150 151 0.98901
00021.jpg 232 147 143 144 0.98893
00021.jpg 224 143 158 155 0.98701
00021.jpg 237 144 137 155 0.98663
00021.jpg 234 144 137 151 0.98526
00021.jpg 223 143 145 155 0.98427
00021.jpg 225 138 150 161 0.98298
00021.jpg 227 143 150 159 0.98266
00021.jpg 225 137 148 160 0.98257
00021.jpg 231 139 147 155 0.98248
00021.jpg 225 139 150 163 0.98191
00021.jpg 211 101 54 168 0.98145
00021.jpg 217 100 44 171 0.98132
00021.jpg 231 146 147 148 0.98129
00021.jpg 214 98 57 181 0.98102
00021.jpg 228 138 148 161 0.98070
00021.jpg 215 98 47 176 0.98029
00021.jpg 230 146 143 147 0.98024
00021.jpg 235 144 138 151 0.98000
00021.jpg 234 148 140 148 0.97875
00021.jpg 227 140 151 153 0.97619
00021.jpg 211 101 51 176 0.97481
00021.jpg 213 94 51 177 0.97477
00021.jpg 229 138 152 161 0.97462
00021.jpg 215 99 48 175 0.97437
00021.jpg 237 144 138 156 0.97071
00021.jpg 229 137 142 158 0.96985
00021.jpg 213 100 53 174 0.96909
00021.jpg 211 95 52 178 0.96879
00021.jpg 212 94 52 178 0.96870
00021.jpg 236 142 136 152 0.96716
00021.jpg 212 95 57 178 0.96689
00021.jpg 215 98 50 171 0.96685
00021.jpg 229 142 141 162 0.96612
00021.jpg 227 145 147 150 0.96567
00021.jpg 213 100 52 174 0.96094
00021.jpg 215 101 46 167 0.96085
00021.jpg 231 145 141 148 0.96076
00021.jpg 212 97 51 176 0.96068
00021.jpg 240 140 134 157 0.96046
00021.jpg 213 100 51 175 0.95825
00021.jpg 230 142 144 161 0.95819
00021.jpg 214 101 49 170 0.95816
00021.jpg 234 146 144 146 0.95794
00021.jpg 233 144 139 154 0.95652
00021.jpg 231 143 143 152 0.95643
00021.jpg 214 101 54 169 0.95591
00021.jpg 212 99 54 174 0.95441
00021.jpg 234 148 140 145 0.95380
00021.jpg 235 146 141 149 0.95370
00021.jpg 214 97 50 172 0.95101
00021.jpg 209 102 59 171 0.95076
00021.jpg 212 93 55 183 0.95072
00021.jpg 214 102 50 162 0.95058
00021.jpg 213 91 53 186 0.94994
00021.jpg 212 109 52 164 0.94967
00021.jpg 211 95 54 177 0.94825
00021.jpg 213 99 51 169 0.94707
00021.jpg 214 101 46 172 0.94440
00021.jpg 213 103 53 173 0.94284
00021.jpg 216 102 52 167 0.94164
00021.jpg 235 144 136 152 0.93995
00021.jpg 232 147 137 151 0.93969
00021.jpg 222 141 156 157 0.93861
00021.jpg 214 98 53 177 0.93601
00021.jpg 232 143 142 149 0.93331
00021.jpg 234 141 142 156 0.93236
00021.jpg 211 99 49 176 0.92967
00021.jpg 215 96 43 177 0.92695
00021.jpg 232 140 138 162 0.92255
00021.jpg 213 97 56 176 0.92182
00021.jpg 234 144 142 153 0.91617
00021.jpg 227 138 150 156 0.91555
00021.jpg 229 143 145 148 0.90714
00021.jpg 235 141 136 164 0.90162
00021.jpg 212 99 59 176 0.89979
00021.jpg 232 142 136 152 0.89978
00021.jpg 214 95 53 181 0.89062
00021.jpg 214 98 54 174 0.88987
00021.jpg 223 140 151 153 0.88365
00021.jpg 206 99 69 175 0.88072
00021.jpg 214 98 49 172 0.88055
00021.jpg 234 143 140 151 0.87843
00021.jpg 212 98 53 173 0.87770
00021.jpg 213 99 54 174 0.87058
00021.jpg 218 95 47 179 0.86553
00021.jpg 242 146 120 152 0.86408
00021.jpg 213 105 49 162 0.85040
00021.jpg 214 97 52 173 0.84391
00021.jpg 237 143 138 152 0.84321
00021.jpg 214 94 59 181 0.84148
00021.jpg 212 94 50 179 0.83776
00021.jpg 212 95 52 174 0.83462
00021.jpg 236 139 142 161 0.82709
00021.jpg 215 98 43 170 0.82594
00021.jpg 228 141 144 156 0.81521
00021.jpg 234 142 140 154 0.81175
00021.jpg 222 142 151 149 0.81047
00021.jpg 232 146 133 152 0.80776
00021.jpg 236 140 139 162 0.80153
00021.jpg 229 145 143 153 0.78366
00021.jpg 228 139 146 160 0.78289
00021.jpg 230 146 138 156 0.78144
00021.jpg 225 130 144 167 0.76135
00021.jpg 242 143 128 152 0.75533
00021.jpg 232 146 141 146 0.75289
00021.jpg 214 97 53 171 0.75284
00021.jpg 241 139 136 165 0.74218
00021.jpg 222 137 156 153 0.74008
00021.jpg 232 144 145 158 0.73968
00021.jpg 214 96 49 186 0.73114
00021.jpg 240 143 135 153 0.72866
00021.jpg 213 100 54 168 0.71179
00021.jpg 227 141 147 152 0.71042
00021.jpg 215 101 44 167 0.68504
00021.jpg 213 98 64 181 0.68064
00021.jpg 212 99 51 173 0.67867
00021.jpg 221 131 156 156 0.67826
00021.jpg 236 152 143 143 0.67752
00021.jpg 237 138 134 159 0.67383
00021.jpg 231 143 139 157 0.66042
00021.jpg 231 146 144 144 0.65838
00021.jpg 208 96 63 174 0.65190
00021.jpg 234 143 140 148 0.63390
00021.jpg 208 101 52 171 0.62922
00021.jpg 208 105 65 166 0.62850
00021.jpg 233 144 139 152 0.62614
00021.jpg 217 95 42 182 0.61848
00021.jpg 206 103 57 167 0.61748
00021.jpg 215 103 51 169 0.61190
00021.jpg 244 143 122 152 0.59029
00021.jpg 226 144 147 149 0.59023
00021.jpg 214 98 45 172 0.58832
00021.jpg 239 140 135 152 0.56948
00021.jpg 214 100 44 166 0.56590
00021.jpg 235 137 131 169 0.56028
00021.jpg 235 147 128 145 0.54711
00021.jpg 228 146 150 147 0.52952
00021.jpg 240 138 132 169 0.51627
