00033.jpg 150 103 67 173 0.99886
00033.jpg 277 117 104 182 0.99852
00033.jpg 278 116 105 179 0.99829
00033.jpg 278 118 104 177 0.99820
00033.jpg 282 118 101 178 0.99802
00033.jpg 148 99 66 172 0.99694
00033.jpg 282 115 100 184 0.99685
00033.jpg 282 114 103 182 0.99640
00033.jpg 278 114 103 184 0.99600
00033.jpg 275 116 106 175 0.99592
00033.jpg 281 114 100 184 0.99574
00033.jpg 275 123 109 169 0.99534
00033.jpg 144 104 73 167 0.99509
00033.jpg 276 113 107 187 0.99503
00033.jpg 152 98 66 177 0.99495
00033.jpg 150 99 70 174 0.99453
00033.jpg 146 101 69 173 0.99447
00033.jpg 274 112 109 184 0.99426
00033.jpg 276 121 105 179 0.99422
00033.jpg 150 98 69 175 0.99419
00033.jpg 147 103 64 166 0.99413
00033.jpg 279 112 106 183 0.99391
00033.jpg 277 122 104 177 0.99386
00033.jpg 278 121 111 174 0.99358
00033.jpg 275 112 112 184 0.99345
00033.jpg 147 102 67 170 0.99341
00033.jpg 278 118 108 180 0.99341
00033.jpg 272 115 116 174 0.99291
00033.jpg 274 122 108 179 0.99284
00033.jpg 151 101 61 172 0.99264
00033.jpg 281 114 101 179 0.99263
00033.jpg 148 103 66 166 0.99258
00033.jpg 149 92 66 187 0.99217
00033.jpg 153 102 59 174 0.99214
00033.jpg 275 117 113 182 0.99181
00033.jpg 281 114 105 188 0.99169
00033.jpg 149 94 65 185 0.99167
00033.jpg 278 113 103 186 0.99145
00033.jpg 277 117 104 182 0.99128
00033.jpg 280 115 101 184 0.99063
00033.jpg 146 98 72 177 0.98984
00033.jpg 146 101 66 175 0.98915
00033.jpg 278 117 100 184 0.98889
00033.jpg 279 122 103 178 0.98803
00033.jpg 151 105 65 172 0.98783
00033.jpg 275 114 107 184 0.98727
00033.jpg 148 101 65 170 0.98654
00033.jpg 149 101 69 175 0.98571
00033.jpg 282 120 99 174 0.98430
00033.jpg 280 113 101 188 0.98429
00033.jpg 149 100 68 177 0.98236
00033.jpg 148 103 65 167 0.98224
00033.jpg 278 116 107 179 0.98180
00033.jpg 276 114 108 184 0.98117
00033.jpg 148 98 65 177 0.98073
00033.jpg 279 114 94 180 0.98052
00033.jpg 272 116 114 181 0.97992
00033.jpg 278 113 103 185 0.97962
00033.jpg 278 118 104 179 0.97942
00033.jpg 153 99 64 178 0.97931
00033.jpg 146 98 66 175 0.97853
00033.jpg 145 104 70 169 0.97720
00033.jpg 147 101 67 172 0.97679
00033.jpg 277 117 106 177 0.97631
00033.jpg 281 115 97 183 0.97626
00033.jpg 279 113 103 188 0.97566
00033.jpg 147 104 70 172 0.97292
00033.jpg 149 101 64 171 0.97223
00033.jpg 275 114 106 183 0.97206
00033.jpg 150 100 63 173 0.97096
00033.jpg 151 99 65 177 0.97047
00033.jpg 277 116 108 181 0.97044
00033.jpg 283 117 95 178 0.97031
00033.jpg 149 98 65 174 0.97007
00033.jpg 281 116 108 178 0.96998
00033.jpg 149 97 67 175 0.96955
00033.jpg 278 114 106 180 0.96849
00033.jpg 279 118 107 177 0.96755
00033.jpg 150 98 66 181 0.96410
00033.jpg 278 119 103 179 0.96250
00033.jpg 148 95 67 185 0.96217
00033.jpg 277 128 107 168 0.96176
00033.jpg 148 105 71 164 0.96078
00033.jpg 151 105 66 172 0.96040
00033.jpg 282 118 92 177 0.96035
00033.jpg 279 118 109 174 0.95928
00033.jpg 278 125 109 169 0.95786
00033.jpg 151 95 66 184 0.95616
00033.jpg 282 120 96 173 0.95601
00033.jpg 149 104 66 167 0.95558
00033.jpg 278 122 105 172 0.95455
00033.jpg 148 102 67 170 0.95424
00033.jpg 151 103 66 171 0.95333
00033.jpg 152 97 62 182 0.95278
00033.jpg 277 117 106 180 0.94921
00033.jpg 276 112 110 186 0.94639
00033.jpg 280 117 102 179 0.94597
00033.jpg 149 103 69 172 0.94484
00033.jpg 150 102 65 171 0.94430
00033.jpg 150 102 61 173 0.94338
00033.jpg 273 113 112 186 0.93900
00033.jpg 276 116 101 183 0.93785
00033.jpg 146 99 64 181 0.93322
00033.jpg 146 105 69 169 0.93216
00033.jpg 145 98 70 172 0.93160
00033.jpg 142 100 73 176 0.93037
00033.jpg 147 98 70 177 0.92722
00033.jpg 272 119 116 181 0.92680
00033.jpg 150 101 64 168 0.92652
00033.jpg 274 114 100 189 0.92616
00033.jpg 147 101 69 175 0.92556
00033.jpg 285 118 104 175 0.92037
00033.jpg 151 102 60 168 0.90354
00033.jpg 279 117 109 183 0.90286
00033.jpg 149 103 69 171 0.89388
00033.jpg 279 122 108 177 0.89262
00033.jpg 279 115 95 181 0.88321
00033.jpg 279 121 103 171 0.88119
00033.jpg 149 105 64 168 0.88113
00033.jpg 150 101 66 174 0.87919
00033.jpg 276 117 111 182 0.87274
00033.jpg 270 116 109 190 0.87261
00033.jpg 152 98 68 178 0.86920
00033.jpg 272 121 106 178 0.86856
00033.jpg 143 98 77 181 0.86745
00033.jpg 275 117 109 186 0.85793
00033.jpg 279 120 95 170 0.85240
00033.jpg 280 114 104 181 0.85203
00033.jpg 147 100 69 174 0.85026
00033.jpg 151 98 63 176 0.84077
00033.jpg 151 102 66 167 0.84029
00033.jpg 148 101 69 168 0.83863
00033.jpg 150 102 60 172 0.82954
00033.jpg 148 99 68 178 0.82881
00033.jpg 278 115 101 187 0.82737
00033.jpg 280 116 105 189 0.82114
00033.jpg 145 113 77 153 0.81788
00033.jpg 151 93 65 184 0.80657
00033.jpg 147 96 71 183 0.80126
00033.jpg 276 117 106 177 0.79952
00033.jpg 155 102 55 174 0.79563
00033.jpg 283 115 98 183 0.79128
00033.jpg 272 114 117 184 0.79051
00033.jpg 273 108 101 205 0.78031
00033.jpg 150 100 59 171 0.77999
00033.jpg 147 102 70 174 0.75486
00033.jpg 149 95 68 187 0.71838
00033.jpg 276 117 100 182 0.71612
00033.jpg 277 119 111 180 0.69222
00033.jpg 270 130 116 166 0.68964
00033.jpg 274 119 104 173 0.68889
00033.jpg 275 113 107 184 0.68702
00033.jpg 281 114 103 186 0.67650
00033.jpg 141 101 65 179 0.67200
00033.jpg 150 96 71 173 0.65513
00033.jpg 275 117 113 178 0.64668
00033.jpg 282 115 112 182 0.62525
00033.jpg 277 124 115 174 0.61987
00033.jpg 273 113 117 186 0.59547
00033.jpg 152 99 62 171 0.58762
00033.jpg 154 100 54 175 0.58007
00033.jpg 145 107 73 166 0.56527
00033.jpg 275 113 101 182 0.56087
00033.jpg 146 105 60 160 0.56030
00033.jpg 274 114 98 178 0.55557
00033.jpg 145 103 64 161 0.54288
00033.jpg 148 90 74 179 0.53780
00033.jpg 280 118 109 177 0.51094
