00031.jpg 281 123 96 178 0.99913
00031.jpg 282 120 102 180 0.99907
00031.jpg 285 121 94 178 0.99901
00031.jpg 281 125 102 170 0.99872
00031.jpg 281 123 103 177 0.99853
00031.jpg 283 123 94 175 0.99845
00031.jpg 288 119 94 181 0.99823
00031.jpg 288 118 91 179 0.99793
00031.jpg 284 124 98 175 0.99792
00031.jpg 288 113 90 191 0.99786
00031.jpg 281 119 103 181 0.99775
00031.jpg 281 126 98 171 0.99767
00031.jpg 280 121 97 182 0.99754
00031.jpg 285 116 93 182 0.99743
00031.jpg 281 122 103 178 0.99735
00031.jpg 284 125 96 172 0.99711
00031.jpg 288 123 91 169 0.99703
00031.jpg 281 118 103 181 0.99683
00031.jpg 158 106 67 172 0.99659
00031.jpg 281 119 99 180 0.99620
00031.jpg 288 120 93 180 0.99608
00031.jpg 280 117 98 179 0.99593
00031.jpg 279 117 108 183 0.99591
00031.jpg 284 120 94 184 0.99526
00031.jpg 284 120 100 180 0.99495
00031.jpg 283 121 100 173 0.99486
00031.jpg 156 104 69 171 0.99471
00031.jpg 278 121 102 174 0.99452
00031.jpg 161 103 64 170 0.99430
00031.jpg 280 120 103 178 0.99426
00031.jpg 161 108 61 170 0.99337
00031.jpg 283 119 97 184 0.99314
00031.jpg 160 103 68 170 0.99301
00031.jpg 284 126 93 170 0.99269
00031.jpg 284 123 95 177 0.99263
00031.jpg 159 108 67 169 0.99256
00031.jpg 280 122 102 175 0.99120
00031.jpg 159 103 72 174 0.99101
00031.jpg 163 104 63 171 0.99071
00031.jpg 284 117 95 182 0.99012
00031.jpg 158 107 67 166 0.98993
00031.jpg 162 101 64 179 0.98981
00031.jpg 159 107 68 170 0.98911
00031.jpg 157 107 69 173 0.98908
00031.jpg 160 104 64 168 0.98904
00031.jpg 165 101 58 179 0.98862
00031.jpg 286 118 97 179 0.98860
00031.jpg 161 107 61 171 0.98789
00031.jpg 159 108 66 168 0.98736
00031.jpg 282 120 97 176 0.98723
00031.jpg 160 108 72 167 0.98696
00031.jpg 283 115 103 182 0.98676
00031.jpg 284 121 98 178 0.98636
00031.jpg 160 102 64 179 0.98563
00031.jpg 282 117 101 185 0.98558
00031.jpg 284 121 100 171 0.98515
00031.jpg 164 107 63 168 0.98512
00031.jpg 282 118 95 183 0.98497
00031.jpg 159 102 67 177 0.98496
00031.jpg 278 119 104 179 0.98461
00031.jpg 158 104 63 172 0.98381
00031.jpg 284 119 101 179 0.98250
00031.jpg 283 118 99 185 0.98248
00031.jpg 164 105 61 173 0.98236
00031.jpg 284 127 93 167 0.98221
00031.jpg 286 119 94 183 0.98177
00031.jpg 158 109 70 166 0.97911
00031.jpg 284 121 94 178 0.97895
00031.jpg 155 108 76 165 0.97813
00031.jpg 157 108 67 165 0.97706
00031.jpg 160 105 61 170 0.97676
00031.jpg 161 107 65 167 0.97525
00031.jpg 156 99 70 176 0.97520
00031.jpg 280 122 102 181 0.97328
00031.jpg 158 113 69 162 0.97317
00031.jpg 285 120 99 177 0.97270
00031.jpg 159 102 71 180 0.97214
00031.jpg 160 107 63 172 0.97204
00031.jpg 286 120 94 177 0.97033
00031.jpg 158 102 70 178 0.96966
00031.jpg 158 107 68 166 0.96854
00031.jpg 279 120 106 179 0.96852
00031.jpg 160 111 67 161 0.96663
00031.jpg 160 105 67 170 0.96457
00031.jpg 158 105 69 168 0.96315
00031.jpg 154 107 67 173 0.96293
00031.jpg 281 123 103 176 0.96236
00031.jpg 156 108 69 167 0.96043
00031.jpg 156 107 76 174 0.95698
00031.jpg 164 106 57 172 0.95637
00031.jpg 159 103 65 177 0.95435
00031.jpg 278 127 103 171 0.95414
00031.jpg 282 124 103 175 0.95413
00031.jpg 158 108 70 165 0.95347
00031.jpg 161 102 68 172 0.95036
00031.jpg 157 106 70 171 0.94994
00031.jpg 278 124 100 176 0.94302
00031.jpg 163 109 60 168 0.93765
00031.jpg 162 101 63 178 0.93361
00031.jpg 155 102 68 172 0.93335
00031.jpg 284 123 100 181 0.93128
00031.jpg 164 103 60 175 0.92751
00031.jpg 285 123 92 175 0.92591
00031.jpg 284 117 94 182 0.92385
00031.jpg 278 119 104 176 0.92236
00031.jpg 279 121 105 179 0.92211
00031.jpg 156 102 75 179 0.92011
00031.jpg 165 105 57 171 0.91846
00031.jpg 283 118 99 176 0.91790
00031.jpg 160 108 69 168 0.91763
00031.jpg 157 102 65 174 0.91595
00031.jpg 162 108 61 167 0.91558
00031.jpg 153 108 75 170 0.91391
00031.jpg 163 106 61 168 0.91346
00031.jpg 162 104 64 175 0.90825
00031.jpg 283 119 95 177 0.90370
00031.jpg 160 103 73 175 0.90327
00031.jpg 290 120 94 176 0.90011
00031.jpg 286 120 97 177 0.89511
00031.jpg 281 126 92 171 0.88843
00031.jpg 279 119 107 178 0.88784
00031.jpg 281 121 102 183 0.88287
00031.jpg 157 105 69 167 0.87631
00031.jpg 283 123 94 174 0.86900
00031.jpg 161 104 65 169 0.86180
00031.jpg 160 103 68 173 0.85714
00031.jpg 367 175 18 49 0.85006
00031.jpg 282 124 103 177 0.83739
00031.jpg 162 104 64 171 0.83163
00031.jpg 159 106 73 169 0.81957
00031.jpg 162 102 64 176 0.81307
00031.jpg 163 103 61 175 0.81263
00031.jpg 280 126 106 170 0.80963
00031.jpg 156 100 67 179 0.80954
00031.jpg 281 116 100 183 0.80150
00031.jpg 286 123 92 173 0.79692
00031.jpg 368 178 19 38 0.79575
00031.jpg 281 122 100 170 0.78847
00031.jpg 364 178 20 40 0.78542
00031.jpg 286 126 101 177 0.78540
00031.jpg 161 105 61 174 0.78491
00031.jpg 160 105 59 171 0.77951
00031.jpg 161 109 59 168 0.77886
00031.jpg 365 178 20 40 0.76952
00031.jpg 285 122 98 174 0.76725
00031.jpg 156 111 70 164 0.76365
00031.jpg 159 107 68 168 0.75095
00031.jpg 283 124 105 179 0.74390
00031.jpg 366 177 20 38 0.74176
00031.jpg 154 107 72 166 0.72501
00031.jpg 155 106 67 164 0.71919
00031.jpg 164 101 63 170 0.71529
00031.jpg 363 174 21 51 0.71352
00031.jpg 166 107 62 175 0.69088
00031.jpg 287 117 92 188 0.69039
00031.jpg 278 121 105 173 0.68769
00031.jpg 291 120 96 182 0.67986
00031.jpg 161 100 74 169 0.67980
00031.jpg 281 127 106 164 0.66961
00031.jpg 160 96 70 176 0.66826
00031.jpg 164 106 56 168 0.65514
00031.jpg 285 121 103 180 0.65194
00031.jpg 157 109 71 168 0.64817
00031.jpg 286 128 100 173 0.64317
00031.jpg 364 178 21 42 0.63285
00031.jpg 364 175 20 39 0.62640
00031.jpg 284 121 96 177 0.61635
00031.jpg 153 103 74 172 0.61332
00031.jpg 168 110 58 167 0.61240
00031.jpg 369 177 17 44 0.59395
00031.jpg 151 94 77 180 0.59194
00031.jpg 284 117 100 181 0.58512
00031.jpg 366 173 20 46 0.58067
00031.jpg 362 179 22 40 0.56948
00031.jpg 163 103 66 177 0.56143
00031.jpg 367 181 19 38 0.55488
00031.jpg 274 115 105 188 0.53921
00031.jpg 368 176 19 38 0.53459
00031.jpg 160 106 63 170 0.52687
00031.jpg 370 177 18 38 0.52069
00031.jpg 289 111 99 183 0.51510
00031.jpg 162 103 60 172 0.51374
00031.jpg 278 114 96 180 0.51121
