00007.jpg 30 43 171 432 0.99938
00007.jpg 34 41 174 424 0.99931
00007.jpg 26 41 174 435 0.99923
00007.jpg 29 39 188 439 0.99909
00007.jpg 30 41 178 414 0.99901
00007.jpg 35 44 181 424 0.99889
00007.jpg 40 50 158 420 0.99789
00007.jpg 34 48 172 420 0.99767
00007.jpg 39 35 169 424 0.99762
00007.jpg 39 46 173 411 0.99760
00007.jpg 36 38 174 440 0.99726
00007.jpg 39 48 169 421 0.99725
00007.jpg 453 56 251 452 0.99701
00007.jpg 25 46 193 428 0.99639
00007.jpg 474 61 217 448 0.99564
00007.jpg 463 60 237 443 0.99539
00007.jpg 456 59 220 455 0.99479
00007.jpg 488 55 245 457 0.99472
00007.jpg 22 39 184 434 0.99443
00007.jpg 25 39 185 429 0.99433
00007.jpg 464 66 219 453 0.99407
00007.jpg 468 62 244 433 0.99391
00007.jpg 555 53 186 426 0.99383
00007.jpg 32 40 178 426 0.99335
00007.jpg 42 55 171 402 0.99253
00007.jpg 36 60 161 408 0.99248
00007.jpg 472 55 233 465 0.99188
00007.jpg 29 53 179 422 0.99150
00007.jpg 490 45 246 458 0.99055
00007.jpg 472 55 249 440 0.98851
00007.jpg 23 31 189 434 0.98812
00007.jpg 459 52 243 467 0.98689
00007.jpg 29 38 182 446 0.98678
00007.jpg 33 60 172 401 0.98654
00007.jpg 472 61 204 449 0.98638
00007.jpg 471 62 198 441 0.98561
00007.jpg 37 56 182 407 0.98553
00007.jpg 274 108 115 119 0.98378
00007.jpg 549 59 207 389 0.98372
00007.jpg 273 112 112 114 0.98324
00007.jpg 275 110 116 120 0.98052
00007.jpg 272 111 117 114 0.98011
00007.jpg 501 42 225 459 0.97927
00007.jpg 566 52 189 414 0.97887
00007.jpg 479 54 199 458 0.97609
00007.jpg 462 62 197 461 0.97126
00007.jpg 570 47 173 430 0.97074
00007.jpg 523 50 201 448 0.96802
00007.jpg 468 62 239 447 0.96591
00007.jpg 461 52 215 459 0.96494
00007.jpg 33 52 176 411 0.96152
00007.jpg 476 56 218 439 0.96024
00007.jpg 473 65 193 456 0.95948
00007.jpg 572 40 173 435 0.95943
00007.jpg 276 108 111 117 0.95872
00007.jpg 511 52 238 433 0.95701
00007.jpg 577 56 172 407 0.95281
00007.jpg 452 47 297 475 0.95137
00007.jpg 484 53 269 452 0.95018
00007.jpg 552 49 178 432 0.94982
00007.jpg 277 113 113 114 0.94923
00007.jpg 476 64 206 438 0.94901
00007.jpg 26 42 186 440 0.94886
00007.jpg 28 53 175 422 0.94876
00007.jpg 558 58 191 409 0.94547
00007.jpg 33 53 183 410 0.94532
00007.jpg 275 114 115 114 0.94486
00007.jpg 270 98 137 356 0.94218
00007.jpg 275 109 114 118 0.94140
00007.jpg 277 112 109 114 0.93770
00007.jpg 463 51 266 439 0.93467
00007.jpg 469 73 197 441 0.93419
00007.jpg 474 64 252 442 0.93339
00007.jpg 35 46 179 417 0.93262
00007.jpg 473 39 230 490 0.93249
00007.jpg 565 60 185 408 0.93099
00007.jpg 276 113 111 111 0.92814
00007.jpg 266 119 135 319 0.92794
00007.jpg 270 110 122 111 0.92581
00007.jpg 274 109 116 112 0.91833
00007.jpg 25 46 201 442 0.91638
00007.jpg 280 109 112 113 0.91388
00007.jpg 274 110 113 117 0.91311
00007.jpg 492 34 261 473 0.91231
00007.jpg 265 113 131 108 0.91218
00007.jpg 272 105 126 357 0.91192
00007.jpg 273 108 114 115 0.91026
00007.jpg 268 100 133 337 0.90949
00007.jpg 581 46 162 408 0.90917
00007.jpg 576 40 164 439 0.90346
00007.jpg 274 109 113 116 0.90316
00007.jpg 472 57 189 466 0.90266
00007.jpg 582 46 162 424 0.90191
00007.jpg 470 65 191 440 0.90137
00007.jpg 468 75 187 433 0.90084
00007.jpg 462 56 221 453 0.89976
00007.jpg 467 59 203 461 0.89819
00007.jpg 495 39 249 453 0.89706
00007.jpg 274 114 115 107 0.89529
00007.jpg 552 56 201 428 0.89499
00007.jpg 572 58 168 417 0.88841
00007.jpg 276 112 113 118 0.88672
00007.jpg 460 73 208 437 0.88651
00007.jpg 276 113 118 118 0.88469
00007.jpg 573 48 170 434 0.88228
00007.jpg 274 112 114 111 0.88201
00007.jpg 472 56 273 445 0.88181
00007.jpg 275 108 115 118 0.88065
00007.jpg 572 54 171 419 0.87713
00007.jpg 276 110 114 115 0.87410
00007.jpg 29 44 188 417 0.87123
00007.jpg 479 53 234 453 0.86893
00007.jpg 814 285 29 72 0.86744
00007.jpg 538 72 220 410 0.86664
00007.jpg 273 113 117 111 0.86379
00007.jpg 276 115 112 111 0.86365
00007.jpg 558 60 175 435 0.86316
00007.jpg 467 63 191 440 0.86052
00007.jpg 580 39 173 447 0.86001
00007.jpg 458 66 225 448 0.85647
00007.jpg 30 42 178 426 0.85296
00007.jpg 267 94 133 352 0.85208
00007.jpg 580 64 163 404 0.85144
00007.jpg 261 109 139 336 0.85054
00007.jpg 273 108 128 326 0.84967
00007.jpg 473 59 234 451 0.84852
00007.jpg 273 113 120 110 0.84522
00007.jpg 808 286 33 72 0.84206
00007.jpg 813 286 29 68 0.82991
00007.jpg 268 98 133 349 0.82901
00007.jpg 263 103 136 348 0.82646
00007.jpg 273 109 118 118 0.82408
00007.jpg 272 110 119 116 0.82053
00007.jpg 275 110 120 112 0.82003
00007.jpg 277 92 116 363 0.81735
00007.jpg 270 106 128 366 0.81628
00007.jpg 274 105 118 115 0.81615
00007.jpg 282 90 112 360 0.81377
00007.jpg 811 287 28 73 0.80796
00007.jpg 32 35 180 439 0.80716
00007.jpg 454 42 273 476 0.80530
00007.jpg 448 59 290 446 0.80516
00007.jpg 276 112 111 118 0.80140
00007.jpg 54 73 44 71 0.80077
00007.jpg 275 112 112 118 0.79541
00007.jpg 273 108 118 118 0.79352
00007.jpg 468 52 281 438 0.79304
00007.jpg 278 108 114 328 0.79220
00007.jpg 565 69 166 408 0.79217
00007.jpg 583 51 164 432 0.78675
00007.jpg 274 113 120 117 0.78630
00007.jpg 278 108 111 116 0.78403
00007.jpg 806 288 34 72 0.78047
00007.jpg 465 43 175 473 0.77563
00007.jpg 279 111 107 113 0.76416
00007.jpg 839 328 42 63 0.75823
00007.jpg 266 121 132 334 0.75384
00007.jpg 467 74 221 442 0.75054
00007.jpg 595 48 152 427 0.74819
00007.jpg 275 112 113 115 0.74762
00007.jpg 461 68 204 423 0.74626
00007.jpg 569 60 157 419 0.74425
00007.jpg 808 287 33 68 0.74086
00007.jpg 816 284 27 66 0.73983
00007.jpg 812 283 31 77 0.73301
00007.jpg 270 116 126 111 0.73293
00007.jpg 471 76 190 410 0.73072
00007.jpg 273 114 121 111 0.72871
00007.jpg 274 113 114 108 0.72801
00007.jpg 272 101 131 337 0.71957
00007.jpg 51 67 45 75 0.71528
00007.jpg 33 56 178 402 0.71378
00007.jpg 45 64 51 78 0.71123
00007.jpg 278 118 111 152 0.70934
00007.jpg 50 66 48 79 0.70619
00007.jpg 273 108 132 254 0.70268
00007.jpg 28 43 190 423 0.70179
00007.jpg 51 66 48 71 0.70148
00007.jpg 812 287 30 58 0.69735
00007.jpg 46 70 51 76 0.69455
00007.jpg 42 65 57 78 0.69421
00007.jpg 277 116 118 319 0.69109
00007.jpg 811 288 29 72 0.68905
00007.jpg 807 282 32 77 0.68818
00007.jpg 47 71 52 75 0.68647
00007.jpg 281 101 119 347 0.68643
00007.jpg 268 115 125 290 0.68620
00007.jpg 472 69 188 439 0.68504
00007.jpg 26 45 192 425 0.68477
00007.jpg 50 60 45 82 0.68093
00007.jpg 813 285 31 66 0.68092
00007.jpg 279 112 109 102 0.66933
00007.jpg 265 103 130 330 0.66780
00007.jpg 277 108 111 122 0.66551
00007.jpg 593 67 156 389 0.66502
00007.jpg 810 284 35 68 0.66166
00007.jpg 809 286 29 75 0.66085
00007.jpg 807 285 40 103 0.65977
00007.jpg 270 109 121 115 0.65964
00007.jpg 814 281 28 71 0.65924
00007.jpg 575 51 179 418 0.65795
00007.jpg 811 283 33 71 0.65688
00007.jpg 266 95 125 337 0.65490
00007.jpg 811 286 33 73 0.65462
00007.jpg 49 73 51 61 0.65353
00007.jpg 838 332 38 65 0.64970
00007.jpg 574 59 157 416 0.64708
00007.jpg 839 326 37 65 0.64382
00007.jpg 810 284 32 83 0.64339
00007.jpg 574 79 147 391 0.64023
00007.jpg 838 331 40 63 0.63962
00007.jpg 481 77 178 424 0.63637
00007.jpg 839 323 42 73 0.63632
00007.jpg 836 333 50 62 0.63448
00007.jpg 38 60 172 395 0.63299
00007.jpg 839 337 40 51 0.62468
00007.jpg 468 87 267 403 0.62304
00007.jpg 274 92 127 350 0.62188
00007.jpg 271 107 119 122 0.61914
00007.jpg 41 44 167 419 0.61236
00007.jpg 840 328 40 66 0.61055
00007.jpg 273 110 109 109 0.60839
00007.jpg 570 64 154 400 0.60797
00007.jpg 48 67 48 74 0.60674
00007.jpg 276 111 108 115 0.60561
00007.jpg 268 104 123 356 0.60516
00007.jpg 270 102 125 348 0.60419
00007.jpg 275 113 115 108 0.60093
00007.jpg 265 96 129 339 0.59618
00007.jpg 815 287 27 79 0.59519
00007.jpg 276 116 111 105 0.59386
00007.jpg 49 70 49 82 0.58330
00007.jpg 458 58 197 460 0.58071
00007.jpg 273 111 113 116 0.57941
00007.jpg 271 109 132 312 0.57894
00007.jpg 279 115 105 106 0.57545
00007.jpg 837 327 42 72 0.56634
00007.jpg 267 116 132 120 0.56194
00007.jpg 808 293 28 74 0.56136
00007.jpg 275 117 112 96 0.56035
00007.jpg 46 75 49 75 0.56025
00007.jpg 804 286 36 70 0.55742
00007.jpg 841 335 37 54 0.55636
00007.jpg 839 335 44 52 0.55421
00007.jpg 39 56 157 408 0.55407
00007.jpg 813 287 34 66 0.55102
00007.jpg 279 108 107 114 0.55100
00007.jpg 50 70 48 77 0.55009
00007.jpg 841 327 46 63 0.54988
00007.jpg 275 102 126 351 0.54823
00007.jpg 255 119 145 323 0.54667
00007.jpg 844 327 40 67 0.54583
00007.jpg 472 67 142 455 0.54499
00007.jpg 50 68 48 90 0.54491
00007.jpg 275 111 111 116 0.53957
00007.jpg 284 126 117 316 0.53863
00007.jpg 810 288 28 59 0.53827
00007.jpg 258 101 137 338 0.53666
00007.jpg 24 49 184 412 0.53511
00007.jpg 265 104 128 340 0.53503
00007.jpg 844 338 33 50 0.53011
00007.jpg 808 286 33 68 0.52939
00007.jpg 284 122 118 317 0.52822
00007.jpg 276 114 109 111 0.52593
00007.jpg 839 337 34 51 0.52067
00007.jpg 835 331 44 60 0.51602
00007.jpg 804 287 36 75 0.51597
00007.jpg 266 104 121 333 0.51376
00007.jpg 270 103 113 123 0.51335
00007.jpg 566 70 144 422 0.51022
00007.jpg 282 131 126 310 0.50450
00007.jpg 49 73 52 73 0.50354
00007.jpg 806 288 37 75 0.50030
