00004.jpg 29 42 174 438 0.99938
00004.jpg 19 43 180 422 0.99932
00004.jpg 17 34 192 447 0.99931
00004.jpg 19 35 171 434 0.99914
00004.jpg 22 34 186 438 0.99913
00004.jpg 26 29 169 445 0.99903
00004.jpg 458 52 244 452 0.99829
00004.jpg 21 34 176 435 0.99809
00004.jpg 447 53 264 464 0.99750
00004.jpg 20 37 184 424 0.99746
00004.jpg 467 64 256 446 0.99733
00004.jpg 19 38 182 424 0.99723
00004.jpg 14 42 184 422 0.99700
00004.jpg 467 45 231 452 0.99649
00004.jpg 16 32 190 435 0.99640
00004.jpg 474 56 192 463 0.99633
00004.jpg 16 29 193 442 0.99618
00004.jpg 460 64 237 451 0.99598
00004.jpg 455 61 232 463 0.99509
00004.jpg 460 51 270 468 0.99375
00004.jpg 22 32 186 443 0.99361
00004.jpg 460 56 246 450 0.99289
00004.jpg 448 55 270 439 0.99273
00004.jpg 459 48 258 468 0.99261
00004.jpg 464 59 202 455 0.99256
00004.jpg 29 35 174 432 0.99217
00004.jpg 16 40 189 427 0.99211
00004.jpg 460 41 250 476 0.99162
00004.jpg 27 31 174 446 0.99153
00004.jpg 25 47 181 429 0.99118
00004.jpg 460 64 247 445 0.98961
00004.jpg 25 46 174 411 0.98563
00004.jpg 458 59 209 461 0.98485
00004.jpg 457 46 252 458 0.98284
00004.jpg 470 57 245 456 0.97908
00004.jpg 18 37 196 441 0.97731
00004.jpg 460 52 269 442 0.97695
00004.jpg 452 55 232 473 0.97695
00004.jpg 465 60 264 431 0.97670
00004.jpg 475 57 234 452 0.97004
00004.jpg 448 63 290 428 0.96993
00004.jpg 470 63 208 450 0.96856
00004.jpg 483 49 252 434 0.96823
00004.jpg 14 34 183 428 0.96612
00004.jpg 465 58 244 451 0.96547
00004.jpg 465 59 217 448 0.96430
00004.jpg 452 48 272 446 0.96414
00004.jpg 459 50 262 455 0.96100
00004.jpg 442 60 272 447 0.95786
00004.jpg 446 71 258 438 0.95628
00004.jpg 503 47 206 441 0.95510
00004.jpg 505 48 223 444 0.95457
00004.jpg 495 42 233 455 0.95457
00004.jpg 476 62 214 451 0.95330
00004.jpg 263 108 116 119 0.95280
00004.jpg 273 117 124 319 0.94903
00004.jpg 457 59 269 437 0.94787
00004.jpg 263 121 133 316 0.94402
00004.jpg 268 110 110 113 0.94385
00004.jpg 17 37 189 447 0.94310
00004.jpg 463 57 199 464 0.94091
00004.jpg 267 108 108 118 0.93923
00004.jpg 459 58 237 449 0.93837
00004.jpg 467 56 255 473 0.93739
00004.jpg 527 63 194 423 0.93694
00004.jpg 530 57 187 429 0.93273
00004.jpg 269 115 105 102 0.92857
00004.jpg 464 69 203 427 0.92799
00004.jpg 263 112 134 328 0.92695
00004.jpg 270 109 122 323 0.92098
00004.jpg 515 66 200 410 0.91911
00004.jpg 266 111 113 108 0.91572
00004.jpg 268 115 108 105 0.91350
00004.jpg 528 57 208 424 0.91048
00004.jpg 467 39 277 471 0.90078
00004.jpg 263 122 133 314 0.88942
00004.jpg 260 110 130 330 0.88855
00004.jpg 267 105 116 330 0.88849
00004.jpg 278 100 104 346 0.88356
00004.jpg 262 102 117 337 0.88281
00004.jpg 556 59 169 418 0.87904
00004.jpg 267 110 125 331 0.87730
00004.jpg 267 114 113 108 0.87665
00004.jpg 16 53 188 411 0.87654
00004.jpg 272 105 113 336 0.87475
00004.jpg 22 44 181 422 0.87263
00004.jpg 263 111 115 114 0.87048
00004.jpg 12 25 191 442 0.86684
00004.jpg 265 106 117 337 0.86317
00004.jpg 270 104 121 332 0.85369
00004.jpg 264 116 121 331 0.85276
00004.jpg 276 104 119 336 0.85046
00004.jpg 261 103 118 344 0.84831
00004.jpg 268 119 127 315 0.84410
00004.jpg 533 55 201 403 0.83572
00004.jpg 453 56 194 452 0.83416
00004.jpg 466 46 188 479 0.83373
00004.jpg 17 48 180 422 0.83347
00004.jpg 462 59 185 459 0.83097
00004.jpg 510 67 226 403 0.82837
00004.jpg 274 102 117 337 0.82440
00004.jpg 264 107 132 336 0.82279
00004.jpg 268 109 108 114 0.81619
00004.jpg 267 111 117 332 0.80879
00004.jpg 269 109 104 115 0.80661
00004.jpg 269 116 122 317 0.80544
00004.jpg 266 113 109 110 0.80369
00004.jpg 16 21 187 458 0.80115
00004.jpg 263 111 117 113 0.79803
00004.jpg 263 114 118 104 0.79803
00004.jpg 266 110 124 330 0.79678
00004.jpg 463 51 192 467 0.79327
00004.jpg 261 99 132 346 0.79038
00004.jpg 269 109 113 116 0.78484
00004.jpg 269 119 113 251 0.78241
00004.jpg 261 105 134 338 0.78068
00004.jpg 285 122 107 310 0.77976
00004.jpg 264 114 133 322 0.77720
00004.jpg 451 56 194 462 0.77361
00004.jpg 275 101 114 344 0.77118
00004.jpg 287 116 102 318 0.77088
00004.jpg 462 62 195 437 0.76870
00004.jpg 269 111 109 111 0.76760
00004.jpg 446 52 251 458 0.76249
00004.jpg 278 110 108 329 0.75696
00004.jpg 265 115 120 104 0.75640
00004.jpg 266 100 119 355 0.75564
00004.jpg 20 37 184 438 0.74972
00004.jpg 450 50 272 445 0.74142
00004.jpg 274 111 104 329 0.73830
00004.jpg 267 110 125 323 0.73577
00004.jpg 458 56 178 464 0.73560
00004.jpg 267 107 115 334 0.73182
00004.jpg 262 107 115 116 0.72786
00004.jpg 262 108 116 118 0.72699
00004.jpg 520 64 186 409 0.72563
00004.jpg 479 53 230 452 0.72253
00004.jpg 260 103 129 334 0.71747
00004.jpg 272 116 103 106 0.71439
00004.jpg 268 113 102 110 0.70782
00004.jpg 545 60 183 428 0.70683
00004.jpg 469 60 212 462 0.70194
00004.jpg 263 121 126 326 0.69888
00004.jpg 558 56 144 426 0.69619
00004.jpg 261 113 123 339 0.69602
00004.jpg 272 115 118 322 0.69027
00004.jpg 264 108 117 108 0.68972
00004.jpg 17 33 183 434 0.68649
00004.jpg 269 110 116 118 0.68487
00004.jpg 272 111 105 109 0.68306
00004.jpg 280 116 104 321 0.67945
00004.jpg 271 114 99 108 0.67823
00004.jpg 473 39 273 473 0.67255
00004.jpg 263 114 118 107 0.67053
00004.jpg 272 132 114 286 0.66458
00004.jpg 262 109 109 117 0.65496
00004.jpg 278 113 114 321 0.64354
00004.jpg 27 35 168 445 0.64056
00004.jpg 262 106 107 112 0.63663
00004.jpg 265 114 111 111 0.63419
00004.jpg 280 113 120 327 0.63392
00004.jpg 268 118 114 308 0.63214
00004.jpg 265 105 110 327 0.63154
00004.jpg 501 55 204 437 0.63096
00004.jpg 459 57 186 443 0.62954
00004.jpg 271 94 125 355 0.62061
00004.jpg 475 65 181 449 0.61816
00004.jpg 280 97 106 352 0.61694
00004.jpg 461 35 144 495 0.61674
00004.jpg 468 55 251 447 0.61215
00004.jpg 563 93 142 377 0.60904
00004.jpg 518 72 191 411 0.60833
00004.jpg 520 82 222 389 0.59790
00004.jpg 540 41 212 438 0.59409
00004.jpg 290 129 102 308 0.59336
00004.jpg 265 104 119 344 0.59107
00004.jpg 558 61 143 423 0.58258
00004.jpg 455 87 206 409 0.58066
00004.jpg 270 108 113 113 0.57321
00004.jpg 523 55 214 407 0.57174
00004.jpg 261 109 112 111 0.56812
00004.jpg 526 71 221 406 0.56677
00004.jpg 931 355 28 38 0.56631
00004.jpg 534 64 214 412 0.56182
00004.jpg 459 46 286 451 0.55865
00004.jpg 269 107 105 118 0.54642
00004.jpg 468 53 181 460 0.54483
00004.jpg 780 352 37 49 0.54330
00004.jpg 282 109 111 326 0.53010
00004.jpg 272 112 109 112 0.52773
00004.jpg 497 63 230 428 0.52412
00004.jpg 256 106 146 334 0.52333
00004.jpg 265 103 116 134 0.51542
00004.jpg 264 105 124 294 0.51232
00004.jpg 785 345 41 59 0.50636
