00008.jpg 32 43 184 442 0.99950
00008.jpg 36 39 173 427 0.99924
00008.jpg 41 50 181 432 0.99876
00008.jpg 24 46 197 417 0.99871
00008.jpg 28 30 189 439 0.99812
00008.jpg 35 41 187 433 0.99802
00008.jpg 42 47 165 412 0.99749
00008.jpg 42 46 159 422 0.99745
00008.jpg 40 48 176 419 0.99739
00008.jpg 461 70 245 445 0.99736
00008.jpg 469 59 232 442 0.99731
00008.jpg 466 62 245 459 0.99708
00008.jpg 26 44 193 432 0.99700
00008.jpg 38 49 165 430 0.99682
00008.jpg 31 51 184 414 0.99671
00008.jpg 24 48 191 418 0.99612
00008.jpg 468 70 228 432 0.99608
00008.jpg 27 38 177 442 0.99600
00008.jpg 470 43 213 461 0.99575
00008.jpg 32 36 176 434 0.99522
00008.jpg 37 47 174 417 0.99418
00008.jpg 471 69 209 447 0.99402
00008.jpg 462 45 224 487 0.99327
00008.jpg 478 59 228 445 0.99289
00008.jpg 463 67 230 434 0.99230
00008.jpg 32 43 182 428 0.99214
00008.jpg 31 35 176 445 0.99170
00008.jpg 32 46 185 427 0.99143
00008.jpg 31 39 175 424 0.99127
00008.jpg 39 49 162 420 0.99126
00008.jpg 29 54 191 419 0.99063
00008.jpg 460 56 227 451 0.99051
00008.jpg 570 53 177 426 0.98889
00008.jpg 25 43 185 417 0.98838
00008.jpg 477 61 207 432 0.98805
00008.jpg 471 66 229 435 0.98788
00008.jpg 33 43 189 420 0.98763
00008.jpg 476 47 217 464 0.98734
00008.jpg 287 111 121 319 0.98612
00008.jpg 463 53 266 445 0.98563
00008.jpg 470 66 209 447 0.98454
00008.jpg 493 39 236 477 0.98381
00008.jpg 579 60 153 423 0.98042
00008.jpg 497 53 241 444 0.97893
00008.jpg 510 44 236 454 0.97868
00008.jpg 476 67 184 445 0.97803
00008.jpg 581 60 161 395 0.97787
00008.jpg 481 64 222 454 0.97777
00008.jpg 29 48 173 423 0.97759
00008.jpg 33 46 182 421 0.97484
00008.jpg 34 55 172 406 0.97449
00008.jpg 566 47 155 440 0.97314
00008.jpg 463 55 204 465 0.97177
00008.jpg 274 115 139 339 0.97124
00008.jpg 570 51 168 432 0.97107
00008.jpg 483 49 235 470 0.96984
00008.jpg 471 64 258 441 0.96579
00008.jpg 279 110 109 116 0.96444
00008.jpg 30 46 186 433 0.96411
00008.jpg 469 44 209 463 0.96109
00008.jpg 478 67 193 453 0.96056
00008.jpg 273 110 120 107 0.96011
00008.jpg 460 58 238 448 0.95994
00008.jpg 471 71 194 435 0.95884
00008.jpg 279 108 108 118 0.95721
00008.jpg 275 114 119 111 0.95679
00008.jpg 572 64 169 425 0.95512
00008.jpg 469 46 206 475 0.95459
00008.jpg 523 50 211 430 0.95316
00008.jpg 559 53 191 410 0.95220
00008.jpg 277 111 114 118 0.95126
00008.jpg 556 56 191 418 0.94970
00008.jpg 463 62 284 459 0.94537
00008.jpg 32 41 185 441 0.94339
00008.jpg 575 50 162 410 0.94216
00008.jpg 278 112 116 109 0.94035
00008.jpg 574 44 172 442 0.93982
00008.jpg 276 108 117 119 0.93407
00008.jpg 558 44 191 432 0.93246
00008.jpg 585 54 153 425 0.93227
00008.jpg 272 106 142 340 0.93145
00008.jpg 478 54 201 447 0.92860
00008.jpg 276 107 114 119 0.91889
00008.jpg 279 94 132 365 0.91775
00008.jpg 582 61 168 406 0.91715
00008.jpg 277 109 116 116 0.91483
00008.jpg 583 66 159 405 0.91318
00008.jpg 502 31 255 478 0.91135
00008.jpg 290 120 110 321 0.91108
00008.jpg 276 111 113 111 0.90884
00008.jpg 274 118 135 322 0.90828
00008.jpg 293 129 110 313 0.90795
00008.jpg 465 61 200 442 0.90509
00008.jpg 472 66 280 442 0.90509
00008.jpg 283 111 124 318 0.90212
00008.jpg 274 108 117 118 0.89931
00008.jpg 465 35 262 483 0.89588
00008.jpg 474 57 204 475 0.89519
00008.jpg 554 54 184 418 0.89368
00008.jpg 550 54 197 422 0.89286
00008.jpg 275 113 128 317 0.89207
00008.jpg 278 110 116 117 0.88221
00008.jpg 274 114 123 103 0.88194
00008.jpg 549 54 186 439 0.87794
00008.jpg 274 115 130 327 0.87582
00008.jpg 552 58 195 422 0.87549
00008.jpg 458 55 230 459 0.87343
00008.jpg 287 115 122 325 0.86641
00008.jpg 278 115 114 110 0.86299
00008.jpg 268 122 125 163 0.86158
00008.jpg 470 53 274 459 0.85733
00008.jpg 279 114 111 114 0.85708
00008.jpg 281 106 135 339 0.85438
00008.jpg 575 66 161 404 0.85436
00008.jpg 273 114 119 112 0.84677
00008.jpg 278 112 119 106 0.84667
00008.jpg 459 46 216 469 0.84315
00008.jpg 272 108 115 120 0.83988
00008.jpg 281 112 121 350 0.83975
00008.jpg 279 108 115 113 0.83525
00008.jpg 276 98 121 341 0.83341
00008.jpg 279 116 113 99 0.83021
00008.jpg 41 59 170 398 0.83006
00008.jpg 568 61 151 424 0.82978
00008.jpg 31 50 196 416 0.82956
00008.jpg 467 57 196 446 0.82786
00008.jpg 796 348 36 62 0.82402
00008.jpg 467 53 208 451 0.82192
00008.jpg 467 53 208 458 0.81768
00008.jpg 272 114 120 99 0.81457
00008.jpg 282 95 125 359 0.80475
00008.jpg 284 99 123 357 0.79952
00008.jpg 795 348 38 58 0.79805
00008.jpg 277 109 121 323 0.79624
00008.jpg 795 347 45 57 0.79162
00008.jpg 525 43 212 453 0.79112
00008.jpg 797 345 38 65 0.79095
00008.jpg 274 114 114 112 0.79054
00008.jpg 280 113 112 111 0.78949
00008.jpg 284 129 128 310 0.78874
00008.jpg 577 67 178 403 0.78612
00008.jpg 838 334 40 60 0.78521
00008.jpg 288 105 121 335 0.78462
00008.jpg 291 103 114 339 0.78351
00008.jpg 811 282 32 94 0.78299
00008.jpg 795 347 38 62 0.78290
00008.jpg 268 113 121 111 0.78070
00008.jpg 276 135 141 301 0.77469
00008.jpg 288 109 123 346 0.77379
00008.jpg 274 114 117 111 0.77334
00008.jpg 795 343 37 61 0.77112
00008.jpg 838 334 41 63 0.77038
00008.jpg 468 59 200 445 0.77004
00008.jpg 26 41 193 417 0.76573
00008.jpg 798 343 42 61 0.76428
00008.jpg 276 112 116 110 0.76274
00008.jpg 794 346 38 63 0.76132
00008.jpg 816 285 28 69 0.76020
00008.jpg 295 126 110 309 0.76005
00008.jpg 467 68 200 443 0.75964
00008.jpg 273 107 131 330 0.75872
00008.jpg 797 354 37 48 0.75797
00008.jpg 280 96 126 340 0.75689
00008.jpg 479 69 199 431 0.75623
00008.jpg 273 115 128 176 0.75579
00008.jpg 576 82 148 393 0.75411
00008.jpg 274 117 140 325 0.75144
00008.jpg 477 54 196 481 0.75003
00008.jpg 281 110 112 112 0.74934
00008.jpg 39 47 175 421 0.74917
00008.jpg 278 103 114 122 0.74754
00008.jpg 579 48 157 438 0.74328
00008.jpg 309 130 92 303 0.73984
00008.jpg 471 56 226 455 0.73838
00008.jpg 812 285 30 70 0.73460
00008.jpg 279 125 127 322 0.73381
00008.jpg 277 111 113 114 0.73152
00008.jpg 839 332 42 60 0.73032
00008.jpg 276 111 111 114 0.72828
00008.jpg 813 290 29 61 0.72060
00008.jpg 463 61 194 456 0.71817
00008.jpg 282 114 107 103 0.71604
00008.jpg 574 66 157 416 0.71026
00008.jpg 287 112 123 325 0.70742
00008.jpg 812 289 29 60 0.70717
00008.jpg 813 286 28 74 0.70704
00008.jpg 814 287 31 77 0.70683
00008.jpg 465 66 207 447 0.70331
00008.jpg 283 115 104 107 0.70282
00008.jpg 793 352 39 49 0.70262
00008.jpg 274 109 117 121 0.69980
00008.jpg 844 338 33 53 0.69971
00008.jpg 795 342 39 68 0.69966
00008.jpg 841 337 40 54 0.69818
00008.jpg 836 335 41 60 0.69684
00008.jpg 275 107 125 310 0.69629
00008.jpg 798 355 33 49 0.69581
00008.jpg 581 39 162 439 0.69563
00008.jpg 466 66 199 432 0.69063
00008.jpg 290 102 109 334 0.69049
00008.jpg 35 33 176 430 0.68496
00008.jpg 844 336 36 54 0.68327
00008.jpg 794 336 38 73 0.68267
00008.jpg 276 115 136 335 0.67905
00008.jpg 844 332 38 62 0.67820
00008.jpg 274 103 118 127 0.67803
00008.jpg 274 103 143 381 0.67716
00008.jpg 840 339 40 60 0.67685
00008.jpg 811 289 30 64 0.67193
00008.jpg 46 59 52 85 0.67151
00008.jpg 575 55 148 451 0.66974
00008.jpg 813 284 32 69 0.66853
00008.jpg 797 343 41 61 0.66769
00008.jpg 797 349 33 52 0.66760
00008.jpg 276 106 120 128 0.66603
00008.jpg 36 54 177 397 0.66525
00008.jpg 31 56 190 418 0.66404
00008.jpg 840 336 38 54 0.66318
00008.jpg 280 113 109 117 0.66304
00008.jpg 581 60 169 413 0.66266
00008.jpg 490 48 249 453 0.66255
00008.jpg 574 53 159 421 0.66013
00008.jpg 275 113 123 330 0.65972
00008.jpg 818 282 27 67 0.65686
00008.jpg 813 287 34 73 0.65650
00008.jpg 811 282 32 77 0.65355
00008.jpg 796 357 32 48 0.65338
00008.jpg 816 284 30 84 0.65310
00008.jpg 793 345 34 60 0.65252
00008.jpg 289 127 119 311 0.65095
00008.jpg 837 335 39 63 0.65060
00008.jpg 285 116 106 267 0.64218
00008.jpg 310 140 95 298 0.64170
00008.jpg 846 337 32 53 0.63871
00008.jpg 795 342 35 58 0.63649
00008.jpg 843 332 36 59 0.63618
00008.jpg 567 47 180 421 0.63180
00008.jpg 565 68 180 408 0.63167
00008.jpg 841 344 35 47 0.63066
00008.jpg 276 117 117 101 0.62995
00008.jpg 277 103 120 338 0.62570
00008.jpg 273 111 120 115 0.62517
00008.jpg 294 128 115 309 0.62473
00008.jpg 472 59 168 423 0.62301
00008.jpg 40 40 169 432 0.62035
00008.jpg 272 112 121 125 0.61603
00008.jpg 288 145 124 286 0.61512
00008.jpg 478 37 272 487 0.61417
00008.jpg 796 344 45 57 0.61404
00008.jpg 794 342 41 61 0.60785
00008.jpg 793 343 40 60 0.60403
00008.jpg 271 107 124 124 0.60299
00008.jpg 832 331 45 61 0.60122
00008.jpg 839 338 35 53 0.59932
00008.jpg 278 112 107 112 0.59710
00008.jpg 794 358 38 45 0.59649
00008.jpg 559 65 197 415 0.59551
00008.jpg 842 333 44 59 0.59549
00008.jpg 840 334 46 58 0.59549
00008.jpg 814 285 29 69 0.59521
00008.jpg 594 70 152 404 0.59366
00008.jpg 799 340 41 70 0.59364
00008.jpg 283 102 123 339 0.59345
00008.jpg 816 285 32 66 0.58880
00008.jpg 275 108 122 121 0.58850
00008.jpg 273 112 118 111 0.58748
00008.jpg 814 286 30 61 0.58356
00008.jpg 273 113 116 103 0.58159
00008.jpg 277 123 123 323 0.58059
00008.jpg 795 350 40 55 0.57782
00008.jpg 273 115 121 111 0.57672
00008.jpg 840 337 39 54 0.57658
00008.jpg 838 338 39 56 0.57653
00008.jpg 302 149 107 286 0.57589
00008.jpg 309 111 103 327 0.57376
00008.jpg 271 112 129 109 0.57101
00008.jpg 588 70 159 406 0.56981
00008.jpg 27 39 173 434 0.56978
00008.jpg 845 338 36 52 0.56918
00008.jpg 276 115 110 104 0.56673
00008.jpg 840 339 40 52 0.56554
00008.jpg 278 100 110 120 0.56400
00008.jpg 265 118 134 320 0.56379
00008.jpg 466 59 277 447 0.56345
00008.jpg 272 111 116 107 0.56309
00008.jpg 572 65 143 431 0.56231
00008.jpg 842 337 41 60 0.56110
00008.jpg 815 287 31 61 0.56021
00008.jpg 812 294 31 61 0.55980
00008.jpg 302 138 110 300 0.55490
00008.jpg 849 330 35 58 0.55220
00008.jpg 810 284 29 77 0.55160
00008.jpg 809 287 29 69 0.54927
00008.jpg 276 110 113 116 0.54698
00008.jpg 796 355 35 53 0.54673
00008.jpg 276 108 113 116 0.54662
00008.jpg 838 341 43 56 0.54522
00008.jpg 271 106 125 124 0.54437
00008.jpg 792 351 39 57 0.53585
00008.jpg 793 350 36 53 0.53135
00008.jpg 850 335 32 52 0.53012
00008.jpg 839 339 44 60 0.52930
00008.jpg 279 115 110 112 0.52777
00008.jpg 793 343 38 61 0.52275
00008.jpg 53 61 46 90 0.52147
00008.jpg 809 282 32 80 0.51757
00008.jpg 266 106 123 335 0.50499
00008.jpg 462 78 217 436 0.50347
00008.jpg 807 285 33 99 0.50330
00008.jpg 472 41 225 475 0.50207
00008.jpg 816 287 31 72 0.50021
00008.jpg 815 289 31 63 0.49997
