00026.jpg 26 103 187 415 0.99938
00026.jpg 34 108 185 417 0.99935
00026.jpg 444 139 150 384 0.99921
00026.jpg 443 120 156 409 0.99909
00026.jpg 445 123 154 406 0.99906
00026.jpg 18 112 199 411 0.99904
00026.jpg 446 117 147 408 0.99894
00026.jpg 24 119 193 407 0.99886
00026.jpg 26 108 178 414 0.99854
00026.jpg 581 103 144 424 0.99838
00026.jpg 436 126 167 403 0.99830
00026.jpg 581 107 140 417 0.99824
00026.jpg 444 130 150 384 0.99805
00026.jpg 438 122 166 395 0.99795
00026.jpg 22 101 186 416 0.99767
00026.jpg 29 106 175 420 0.99763
00026.jpg 38 114 166 411 0.99761
00026.jpg 449 128 140 407 0.99688
00026.jpg 31 104 187 415 0.99668
00026.jpg 443 120 149 416 0.99643
00026.jpg 24 111 192 409 0.99633
00026.jpg 568 109 145 419 0.99614
00026.jpg 33 105 181 416 0.99585
00026.jpg 27 123 176 401 0.99581
00026.jpg 567 108 150 426 0.99560
00026.jpg 449 122 133 397 0.99552
00026.jpg 18 114 196 406 0.99538
00026.jpg 431 122 165 411 0.99529
00026.jpg 448 127 148 408 0.99506
00026.jpg 445 124 157 382 0.99462
00026.jpg 568 113 153 420 0.99419
00026.jpg 439 131 155 399 0.99413
00026.jpg 20 102 184 431 0.99412
00026.jpg 447 128 151 407 0.99406
00026.jpg 34 106 169 417 0.99389
00026.jpg 27 110 188 409 0.99385
00026.jpg 24 114 192 409 0.99370
00026.jpg 439 133 159 382 0.99336
00026.jpg 36 103 173 428 0.99260
00026.jpg 442 125 157 413 0.99212
00026.jpg 436 127 162 403 0.99147
00026.jpg 28 109 185 414 0.99141
00026.jpg 438 117 157 417 0.99126
00026.jpg 575 117 143 410 0.99073
00026.jpg 23 107 173 413 0.99047
00026.jpg 29 113 184 411 0.99025
00026.jpg 19 115 190 408 0.98967
00026.jpg 269 187 106 101 0.98954
00026.jpg 36 99 170 429 0.98927
00026.jpg 437 118 159 421 0.98920
00026.jpg 577 108 148 426 0.98910
00026.jpg 443 129 153 404 0.98847
00026.jpg 436 128 163 404 0.98825
00026.jpg 437 114 161 420 0.98787
00026.jpg 29 105 182 419 0.98758
00026.jpg 443 121 155 417 0.98718
00026.jpg 33 116 181 397 0.98714
00026.jpg 448 125 149 405 0.98710
00026.jpg 451 123 142 407 0.98656
00026.jpg 449 123 155 408 0.98632
00026.jpg 444 125 148 406 0.98609
00026.jpg 563 119 162 402 0.98564
00026.jpg 576 123 140 409 0.98552
00026.jpg 575 110 151 417 0.98512
00026.jpg 451 127 150 399 0.98440
00026.jpg 444 135 146 395 0.98421
00026.jpg 566 105 163 420 0.98343
00026.jpg 271 187 106 106 0.98256
00026.jpg 567 106 152 418 0.98091
00026.jpg 24 109 185 425 0.97905
00026.jpg 568 122 145 397 0.97891
00026.jpg 563 106 167 406 0.97885
00026.jpg 564 118 180 387 0.97790
00026.jpg 568 112 158 409 0.97740
00026.jpg 270 191 104 97 0.97529
00026.jpg 570 115 151 401 0.97462
00026.jpg 579 112 138 407 0.97373
00026.jpg 567 120 150 409 0.97365
00026.jpg 453 129 137 410 0.97320
00026.jpg 569 119 146 411 0.97186
00026.jpg 448 119 148 413 0.97131
00026.jpg 576 114 134 405 0.97129
00026.jpg 569 113 151 419 0.97119
00026.jpg 269 192 107 99 0.96852
00026.jpg 33 109 162 405 0.96833
00026.jpg 268 188 104 103 0.96833
00026.jpg 271 188 104 103 0.96787
00026.jpg 271 191 105 101 0.96703
00026.jpg 29 123 176 387 0.96563
00026.jpg 273 187 102 106 0.96475
00026.jpg 570 119 158 395 0.96312
00026.jpg 265 189 119 103 0.96308
00026.jpg 25 107 185 410 0.96231
00026.jpg 579 107 140 415 0.96202
00026.jpg 279 176 112 323 0.96186
00026.jpg 578 111 137 415 0.96181
00026.jpg 19 104 199 429 0.96114
00026.jpg 575 117 144 400 0.95942
00026.jpg 566 113 147 406 0.95901
00026.jpg 439 130 153 392 0.95776
00026.jpg 574 112 145 424 0.95448
00026.jpg 564 115 170 408 0.95243
00026.jpg 570 110 148 422 0.95229
00026.jpg 23 106 188 423 0.94936
00026.jpg 265 200 132 297 0.94886
00026.jpg 575 113 151 417 0.94402
00026.jpg 441 123 157 411 0.94340
00026.jpg 568 113 162 417 0.94020
00026.jpg 270 190 106 95 0.93626
00026.jpg 271 189 112 329 0.93566
00026.jpg 269 188 110 105 0.93418
00026.jpg 444 122 155 411 0.93390
00026.jpg 566 115 155 415 0.93319
00026.jpg 442 116 153 423 0.93245
00026.jpg 261 171 129 339 0.93176
00026.jpg 576 108 136 425 0.93086
00026.jpg 265 189 124 317 0.93029
00026.jpg 268 184 104 109 0.92911
00026.jpg 270 189 109 102 0.92853
00026.jpg 26 121 179 401 0.92450
00026.jpg 569 110 136 423 0.92295
00026.jpg 272 191 103 99 0.92223
00026.jpg 273 187 99 103 0.92221
00026.jpg 273 187 103 311 0.91914
00026.jpg 266 187 114 108 0.91850
00026.jpg 573 117 139 408 0.91214
00026.jpg 573 101 137 430 0.91106
00026.jpg 270 190 99 101 0.90129
00026.jpg 577 113 140 426 0.89857
00026.jpg 443 124 152 407 0.89555
00026.jpg 266 181 124 322 0.89486
00026.jpg 271 187 102 108 0.89104
00026.jpg 263 170 137 343 0.89068
00026.jpg 16 120 196 403 0.88859
00026.jpg 269 187 120 313 0.88811
00026.jpg 271 186 102 107 0.88437
00026.jpg 572 111 160 417 0.88373
00026.jpg 272 179 106 316 0.88365
00026.jpg 442 122 155 414 0.87356
00026.jpg 307 213 99 295 0.86952
00026.jpg 263 184 130 327 0.86608
00026.jpg 19 107 198 403 0.86574
00026.jpg 274 188 98 102 0.86523
00026.jpg 273 187 102 104 0.86279
00026.jpg 567 120 147 403 0.86234
00026.jpg 263 185 128 331 0.86194
00026.jpg 281 176 99 330 0.86138
00026.jpg 267 191 105 93 0.85899
00026.jpg 272 191 99 98 0.85883
00026.jpg 273 187 98 95 0.85392
00026.jpg 26 112 183 427 0.85052
00026.jpg 568 114 164 412 0.84880
00026.jpg 256 202 143 306 0.84787
00026.jpg 270 188 106 104 0.84669
00026.jpg 274 185 97 107 0.84405
00026.jpg 273 205 118 303 0.84132
00026.jpg 262 199 120 300 0.84116
00026.jpg 264 185 125 267 0.83283
00026.jpg 320 210 83 301 0.83169
00026.jpg 256 190 141 323 0.82761
00026.jpg 32 112 180 427 0.82484
00026.jpg 21 108 197 410 0.82339
00026.jpg 577 110 124 413 0.81772
00026.jpg 267 178 124 329 0.81197
00026.jpg 28 110 176 428 0.80929
00026.jpg 19 102 200 420 0.80615
00026.jpg 270 177 116 334 0.80483
00026.jpg 275 186 122 316 0.80176
00026.jpg 265 181 116 319 0.79979
00026.jpg 259 188 130 323 0.79181
00026.jpg 277 184 123 314 0.79059
00026.jpg 287 211 121 297 0.78754
00026.jpg 275 186 103 104 0.78598
00026.jpg 29 131 178 392 0.78070
00026.jpg 258 187 131 335 0.77551
00026.jpg 575 112 126 419 0.77107
00026.jpg 272 192 112 95 0.76486
00026.jpg 269 187 107 106 0.76467
00026.jpg 258 190 123 318 0.76135
00026.jpg 268 192 119 308 0.76134
00026.jpg 262 187 116 319 0.75920
00026.jpg 266 195 105 92 0.75468
00026.jpg 283 198 108 308 0.75257
00026.jpg 272 189 103 320 0.75214
00026.jpg 267 189 109 100 0.74729
00026.jpg 271 190 107 85 0.74682
00026.jpg 269 186 124 322 0.74626
00026.jpg 307 213 93 292 0.73396
00026.jpg 263 185 134 343 0.72773
00026.jpg 566 113 148 394 0.72063
00026.jpg 265 179 112 323 0.71297
00026.jpg 22 106 192 406 0.70535
00026.jpg 251 205 157 299 0.70273
00026.jpg 268 192 110 95 0.70234
00026.jpg 270 189 124 315 0.69506
00026.jpg 262 188 117 270 0.69406
00026.jpg 271 187 99 105 0.68170
00026.jpg 279 179 102 324 0.68157
00026.jpg 27 131 178 384 0.67601
00026.jpg 273 188 102 102 0.67563
00026.jpg 435 122 161 392 0.67295
00026.jpg 262 188 141 312 0.67237
00026.jpg 583 114 133 410 0.67104
00026.jpg 261 185 117 337 0.67048
00026.jpg 24 111 202 415 0.66799
00026.jpg 272 202 101 300 0.66626
00026.jpg 29 105 178 420 0.66324
00026.jpg 574 106 157 419 0.66187
00026.jpg 452 130 141 403 0.65881
00026.jpg 435 129 147 400 0.64991
00026.jpg 255 191 138 324 0.64590
00026.jpg 573 108 146 413 0.64488
00026.jpg 267 183 119 303 0.64160
00026.jpg 567 120 173 406 0.63916
00026.jpg 28 112 173 427 0.63716
00026.jpg 265 186 118 96 0.63367
00026.jpg 317 211 84 286 0.63092
00026.jpg 271 189 100 100 0.62768
00026.jpg 270 182 104 102 0.62485
00026.jpg 320 195 73 319 0.62485
00026.jpg 434 124 177 406 0.62453
00026.jpg 324 227 77 277 0.61400
00026.jpg 269 184 136 325 0.61331
00026.jpg 323 205 78 296 0.61194
00026.jpg 272 191 100 89 0.59947
00026.jpg 245 178 152 339 0.59834
00026.jpg 264 198 137 289 0.59444
00026.jpg 441 128 150 410 0.59233
00026.jpg 290 162 107 352 0.59199
00026.jpg 278 191 118 312 0.59103
00026.jpg 276 190 94 103 0.58633
00026.jpg 291 201 99 300 0.58488
00026.jpg 26 122 173 398 0.58481
00026.jpg 271 190 110 107 0.58227
00026.jpg 265 181 114 109 0.58065
00026.jpg 31 125 187 394 0.57956
00026.jpg 271 190 100 91 0.57369
00026.jpg 252 185 119 323 0.57356
00026.jpg 450 130 143 403 0.57140
00026.jpg 264 208 143 292 0.57095
00026.jpg 269 185 108 101 0.56075
00026.jpg 275 191 99 86 0.55918
00026.jpg 276 184 115 327 0.55695
00026.jpg 273 193 105 91 0.55520
00026.jpg 298 180 100 338 0.54912
00026.jpg 314 192 87 309 0.54876
00026.jpg 326 230 81 274 0.54675
00026.jpg 270 185 103 97 0.54664
00026.jpg 644 164 107 315 0.54532
00026.jpg 459 117 147 419 0.53810
00026.jpg 455 129 141 410 0.53420
00026.jpg 564 117 149 420 0.53400
00026.jpg 565 125 163 408 0.53086
00026.jpg 19 125 211 391 0.52318
00026.jpg 848 378 33 79 0.52220
00026.jpg 578 114 152 392 0.51406
00026.jpg 272 176 127 319 0.51241
00026.jpg 594 131 144 378 0.51033
00026.jpg 565 122 161 390 0.50691
00026.jpg 662 171 83 292 0.50602
00026.jpg 278 200 121 296 0.49937
