00040.jpg 362 146 151 372 0.99885
00040.jpg 8 128 168 388 0.99882
00040.jpg 1 137 179 374 0.99873
00040.jpg 545 122 145 398 0.99856
00040.jpg 361 139 149 381 0.99832
00040.jpg 360 144 153 372 0.99820
00040.jpg 11 120 171 406 0.99803
00040.jpg 10 110 185 422 0.99802
00040.jpg 539 130 159 391 0.99797
00040.jpg 359 139 154 395 0.99787
00040.jpg 538 121 169 405 0.99765
00040.jpg 364 132 136 401 0.99756
00040.jpg 3 129 169 392 0.99725
00040.jpg 358 142 149 373 0.99702
00040.jpg 362 149 152 373 0.99699
00040.jpg 1 130 173 384 0.99696
00040.jpg 537 131 160 384 0.99687
00040.jpg 5 130 164 395 0.99666
00040.jpg 532 117 168 409 0.99663
00040.jpg 355 150 146 378 0.99662
00040.jpg 10 127 174 401 0.99628
00040.jpg 361 152 148 374 0.99607
00040.jpg 367 140 147 377 0.99606
00040.jpg 356 135 150 402 0.99549
00040.jpg 537 130 157 396 0.99517
00040.jpg 540 124 164 400 0.99507
00040.jpg 539 126 160 399 0.99482
00040.jpg 3 139 177 383 0.99481
00040.jpg 1 124 172 395 0.99467
00040.jpg 539 107 155 432 0.99432
00040.jpg 2 129 179 390 0.99376
00040.jpg 548 128 151 394 0.99371
00040.jpg 234 199 111 101 0.99365
00040.jpg 539 123 152 412 0.99343
00040.jpg 14 126 165 381 0.99287
00040.jpg 0 129 175 402 0.99266
00040.jpg 547 122 146 407 0.99264
00040.jpg 536 127 165 389 0.99247
00040.jpg 547 125 157 405 0.99237
00040.jpg 363 148 143 362 0.99234
00040.jpg 15 119 162 395 0.99213
00040.jpg 539 119 156 416 0.99200
00040.jpg 3 129 171 383 0.99129
00040.jpg 363 140 139 398 0.99080
00040.jpg 1 113 184 417 0.99070
00040.jpg 543 112 159 421 0.99021
00040.jpg 370 146 137 387 0.98959
00040.jpg 361 140 150 379 0.98938
00040.jpg 358 147 147 380 0.98927
00040.jpg 540 124 153 403 0.98924
00040.jpg 364 141 145 386 0.98861
00040.jpg 541 120 156 410 0.98817
00040.jpg 1 138 185 390 0.98772
00040.jpg 543 120 145 419 0.98731
00040.jpg 530 121 160 412 0.98652
00040.jpg 369 141 137 384 0.98599
00040.jpg 539 126 163 402 0.98595
00040.jpg 534 123 167 414 0.98576
00040.jpg 363 143 145 371 0.98564
00040.jpg 539 118 155 415 0.98556
00040.jpg 5 133 162 387 0.98527
00040.jpg 364 142 145 391 0.98498
00040.jpg 228 198 118 111 0.98257
00040.jpg 534 125 160 404 0.98207
00040.jpg 538 130 161 399 0.98151
00040.jpg 535 120 167 413 0.98150
00040.jpg 538 119 158 412 0.98077
00040.jpg 368 149 139 380 0.98065
00040.jpg 234 199 107 108 0.98039
00040.jpg 0 128 186 396 0.98039
00040.jpg 365 134 145 391 0.97942
00040.jpg 363 129 143 388 0.97927
00040.jpg 364 134 140 396 0.97772
00040.jpg 361 149 149 372 0.97723
00040.jpg 366 145 138 387 0.97509
00040.jpg 231 202 114 102 0.97505
00040.jpg 537 122 158 403 0.97490
00040.jpg 549 111 151 410 0.97476
00040.jpg 0 122 182 399 0.97439
00040.jpg 229 201 114 106 0.97420
00040.jpg 233 200 110 107 0.97369
00040.jpg 543 112 150 419 0.97255
00040.jpg 1 116 180 412 0.97245
00040.jpg 233 195 111 115 0.97191
00040.jpg 536 112 166 425 0.97160
00040.jpg 234 195 106 112 0.97055
00040.jpg 5 127 169 400 0.96867
00040.jpg 542 129 150 399 0.96845
00040.jpg 232 202 112 102 0.96786
00040.jpg 227 200 121 106 0.96614
00040.jpg 363 133 148 396 0.96317
00040.jpg 2 123 173 414 0.96311
00040.jpg 232 194 109 114 0.96077
00040.jpg 361 150 150 375 0.95996
00040.jpg 540 131 154 390 0.95904
00040.jpg 363 145 144 388 0.95820
00040.jpg 233 200 112 107 0.95741
00040.jpg 367 142 142 383 0.95719
00040.jpg 537 127 162 393 0.95557
00040.jpg 233 198 111 105 0.95492
00040.jpg 361 144 144 381 0.95397
00040.jpg 356 133 150 392 0.94935
00040.jpg 234 202 108 107 0.94876
00040.jpg 231 199 111 107 0.94827
00040.jpg 235 201 108 103 0.94668
00040.jpg 231 200 106 103 0.94582
00040.jpg 233 202 107 95 0.94210
00040.jpg 361 134 151 404 0.94162
00040.jpg 0 145 179 365 0.93787
00040.jpg 228 196 113 105 0.93685
00040.jpg 544 110 150 423 0.93364
00040.jpg 226 201 123 102 0.92744
00040.jpg 532 119 163 407 0.92629
00040.jpg 808 374 64 90 0.92267
00040.jpg 237 196 108 106 0.92158
00040.jpg 231 205 112 98 0.91984
00040.jpg 12 117 164 412 0.91906
00040.jpg 233 196 113 110 0.91763
00040.jpg 234 201 112 103 0.91540
00040.jpg 357 145 154 382 0.91508
00040.jpg 0 131 183 385 0.91460
00040.jpg 231 199 116 97 0.91381
00040.jpg 239 198 108 109 0.91142
00040.jpg 768 419 33 59 0.91061
00040.jpg 0 133 192 380 0.90821
00040.jpg 2 117 171 419 0.90594
00040.jpg 10 124 163 414 0.90074
00040.jpg 234 202 108 101 0.89916
00040.jpg 3 131 166 401 0.89652
00040.jpg 542 128 155 405 0.89349
00040.jpg 6 128 170 400 0.88941
00040.jpg 7 137 165 397 0.88760
00040.jpg 234 216 122 304 0.88712
00040.jpg 236 200 98 102 0.88568
00040.jpg 355 150 151 369 0.88536
00040.jpg 237 201 102 105 0.88427
00040.jpg 235 197 103 111 0.88227
00040.jpg 814 376 61 86 0.87984
00040.jpg 236 197 109 108 0.87529
00040.jpg 812 379 60 89 0.87348
00040.jpg 536 103 150 433 0.87081
00040.jpg 227 202 122 99 0.87068
00040.jpg 4 109 179 417 0.86812
00040.jpg 248 198 95 310 0.86675
00040.jpg 815 386 57 77 0.86587
00040.jpg 765 419 41 56 0.86489
00040.jpg 7 132 178 392 0.85980
00040.jpg 11 133 162 397 0.85486
00040.jpg 810 383 56 84 0.84858
00040.jpg 231 200 112 102 0.84556
00040.jpg 768 416 38 61 0.84514
00040.jpg 233 225 127 290 0.83968
00040.jpg 536 128 172 392 0.83828
00040.jpg 234 201 105 105 0.83298
00040.jpg 4 130 174 397 0.82690
00040.jpg 765 420 37 60 0.82544
00040.jpg 9 132 169 394 0.82470
00040.jpg 231 194 117 110 0.82407
00040.jpg 234 196 109 113 0.81931
00040.jpg 226 201 120 145 0.81743
00040.jpg 232 202 107 102 0.81164
00040.jpg 233 196 112 109 0.81137
00040.jpg 763 424 38 54 0.81108
00040.jpg 4 122 168 417 0.80888
00040.jpg 232 199 117 110 0.80867
00040.jpg 234 205 110 99 0.80625
00040.jpg 766 419 35 57 0.80313
00040.jpg 223 184 142 333 0.79822
00040.jpg 236 203 109 96 0.79650
00040.jpg 231 199 104 105 0.79301
00040.jpg 548 128 148 391 0.79210
00040.jpg 232 169 125 347 0.78893
00040.jpg 364 143 148 379 0.78591
00040.jpg 243 204 107 313 0.78158
00040.jpg 231 194 116 111 0.77887
00040.jpg 238 207 107 320 0.77810
00040.jpg 11 133 159 363 0.77639
00040.jpg 356 146 155 390 0.77601
00040.jpg 353 145 156 385 0.77558
00040.jpg 766 420 38 60 0.77441
00040.jpg 0 138 174 390 0.77395
00040.jpg 767 417 40 59 0.76664
00040.jpg 233 202 115 119 0.76585
00040.jpg 235 198 97 106 0.76308
00040.jpg 810 379 63 76 0.76031
00040.jpg 231 201 113 104 0.75916
00040.jpg 237 202 105 106 0.75273
00040.jpg 250 205 99 304 0.75026
00040.jpg 767 422 36 52 0.74969
00040.jpg 539 118 147 403 0.74521
00040.jpg 808 377 64 92 0.74399
00040.jpg 6 135 168 378 0.74326
00040.jpg 349 150 157 352 0.73837
00040.jpg 808 377 63 76 0.73747
00040.jpg 766 417 36 59 0.73582
00040.jpg 234 202 114 104 0.73230
00040.jpg 235 202 97 98 0.72250
00040.jpg 225 207 139 315 0.71965
00040.jpg 544 134 164 381 0.71907
00040.jpg 363 159 145 346 0.71780
00040.jpg 767 425 34 49 0.71733
00040.jpg 236 203 106 97 0.71517
00040.jpg 770 415 37 67 0.71444
00040.jpg 767 422 38 57 0.71345
00040.jpg 767 423 35 56 0.70835
00040.jpg 766 414 39 66 0.70492
00040.jpg 235 194 123 329 0.70486
00040.jpg 767 428 32 50 0.70174
00040.jpg 768 426 33 50 0.69549
00040.jpg 767 421 41 58 0.69495
00040.jpg 361 148 147 368 0.69394
00040.jpg 808 379 69 80 0.69347
00040.jpg 810 391 62 75 0.69155
00040.jpg 765 424 35 49 0.69063
00040.jpg 762 422 39 54 0.68995
00040.jpg 815 384 53 75 0.68209
00040.jpg 3 129 172 397 0.68199
00040.jpg 802 389 73 75 0.68192
00040.jpg 229 196 114 111 0.68192
00040.jpg 808 383 63 77 0.67874
00040.jpg 766 421 36 54 0.67543
00040.jpg 814 393 55 72 0.67493
00040.jpg 233 200 120 338 0.67153
00040.jpg 547 127 161 391 0.67035
00040.jpg 231 197 120 112 0.66999
00040.jpg 771 420 38 60 0.66656
00040.jpg 220 184 140 326 0.66497
00040.jpg 233 191 124 323 0.66454
00040.jpg 805 382 72 76 0.66378
00040.jpg 815 382 61 79 0.65705
00040.jpg 811 389 59 75 0.65612
00040.jpg 766 414 39 60 0.65553
00040.jpg 808 378 55 90 0.65044
00040.jpg 762 417 38 60 0.65000
00040.jpg 240 206 103 233 0.64887
00040.jpg 249 199 108 314 0.64288
00040.jpg 225 199 124 116 0.64287
00040.jpg 232 198 111 118 0.63221
00040.jpg 766 423 33 50 0.63058
00040.jpg 8 151 48 70 0.62526
00040.jpg 768 424 37 58 0.62378
00040.jpg 764 424 40 48 0.62186
00040.jpg 764 416 44 57 0.61772
00040.jpg 3 137 173 379 0.61618
00040.jpg 811 391 53 74 0.61433
00040.jpg 763 416 40 60 0.61231
00040.jpg 816 378 57 91 0.61081
00040.jpg 801 380 73 89 0.61005
00040.jpg 236 200 110 105 0.60596
00040.jpg 721 389 36 89 0.60579
00040.jpg 817 377 48 82 0.60529
00040.jpg 761 419 36 59 0.60498
00040.jpg 765 423 38 52 0.60464
00040.jpg 785 360 26 57 0.59912
00040.jpg 767 421 44 51 0.59782
00040.jpg 812 382 53 76 0.59771
00040.jpg 815 390 61 72 0.59640
00040.jpg 808 399 59 68 0.59191
00040.jpg 235 205 102 104 0.58910
00040.jpg 366 145 151 370 0.58322
00040.jpg 546 128 141 404 0.58001
00040.jpg 815 387 50 79 0.57845
00040.jpg 805 375 73 94 0.57342
00040.jpg 232 184 123 332 0.56640
00040.jpg 813 376 63 77 0.56505
00040.jpg 238 190 107 116 0.56004
00040.jpg 805 384 70 86 0.55884
00040.jpg 353 132 142 398 0.55858
00040.jpg 242 209 115 306 0.55825
00040.jpg 542 116 140 414 0.55683
00040.jpg 229 198 112 101 0.55339
00040.jpg 370 143 139 359 0.55190
00040.jpg 811 383 61 73 0.55099
00040.jpg 767 422 45 55 0.55091
00040.jpg 805 373 72 86 0.54680
00040.jpg 350 135 185 397 0.54254
00040.jpg 786 365 26 50 0.53912
00040.jpg 235 202 102 105 0.53715
00040.jpg 817 383 57 69 0.53529
00040.jpg 817 382 52 76 0.53325
00040.jpg 7 129 164 400 0.52803
00040.jpg 813 373 64 89 0.52727
00040.jpg 6 131 163 390 0.52713
00040.jpg 801 385 67 77 0.52045
00040.jpg 809 387 70 74 0.51868
00040.jpg 239 196 110 103 0.51702
00040.jpg 240 198 110 341 0.51455
00040.jpg 805 380 59 79 0.51175
00040.jpg 237 206 97 97 0.51056
00040.jpg 814 396 47 72 0.50861
00040.jpg 245 206 118 315 0.50447
00040.jpg 787 360 28 66 0.50355
00040.jpg 534 128 147 403 0.50065
00040.jpg 816 377 56 75 0.49916
