00014.jpg 146 76 178 437 0.99953
00014.jpg 151 70 179 448 0.99941
00014.jpg 636 69 177 454 0.99928
00014.jpg 638 75 157 437 0.99913
00014.jpg 634 63 166 468 0.99908
00014.jpg 133 75 203 442 0.99897
00014.jpg 133 71 206 454 0.99869
00014.jpg 644 70 161 452 0.99862
00014.jpg 631 70 171 442 0.99858
00014.jpg 640 66 161 455 0.99855
00014.jpg 139 79 187 444 0.99855
00014.jpg 143 74 176 460 0.99847
00014.jpg 146 75 182 455 0.99847
00014.jpg 143 70 170 450 0.99841
00014.jpg 142 84 176 426 0.99834
00014.jpg 632 66 167 457 0.99830
00014.jpg 636 77 162 435 0.99783
00014.jpg 151 79 166 441 0.99780
00014.jpg 133 81 194 433 0.99727
00014.jpg 149 75 174 446 0.99695
00014.jpg 139 72 188 445 0.99682
00014.jpg 143 86 172 439 0.99632
00014.jpg 138 73 188 444 0.99610
00014.jpg 633 63 167 464 0.99599
00014.jpg 644 88 148 422 0.99593
00014.jpg 631 75 174 433 0.99587
00014.jpg 633 78 160 441 0.99584
00014.jpg 337 153 103 354 0.99578
00014.jpg 333 145 118 355 0.99573
00014.jpg 142 65 175 458 0.99547
00014.jpg 139 81 181 444 0.99517
00014.jpg 142 82 177 446 0.99514
00014.jpg 336 144 115 366 0.99494
00014.jpg 333 147 109 360 0.99474
00014.jpg 145 76 185 434 0.99473
00014.jpg 335 145 113 367 0.99473
00014.jpg 337 149 108 355 0.99471
00014.jpg 632 69 166 452 0.99460
00014.jpg 332 141 113 364 0.99424
00014.jpg 333 142 120 362 0.99405
00014.jpg 642 78 151 443 0.99398
00014.jpg 640 73 161 451 0.99379
00014.jpg 339 147 103 356 0.99361
00014.jpg 333 144 118 356 0.99348
00014.jpg 423 69 142 443 0.99303
00014.jpg 643 75 149 452 0.99295
00014.jpg 336 147 110 363 0.99270
00014.jpg 637 70 156 451 0.99172
00014.jpg 153 82 157 449 0.99126
00014.jpg 413 57 145 458 0.99117
00014.jpg 630 83 173 433 0.99108
00014.jpg 336 148 106 358 0.99081
00014.jpg 152 81 173 427 0.99044
00014.jpg 636 78 166 443 0.99025
00014.jpg 646 70 150 446 0.99007
00014.jpg 417 61 139 458 0.98975
00014.jpg 139 77 182 444 0.98948
00014.jpg 651 69 146 450 0.98944
00014.jpg 427 75 146 456 0.98941
00014.jpg 339 137 101 374 0.98882
00014.jpg 638 66 156 458 0.98881
00014.jpg 337 151 111 348 0.98873
00014.jpg 522 147 91 357 0.98854
00014.jpg 340 140 102 375 0.98842
00014.jpg 143 80 182 451 0.98837
00014.jpg 631 78 164 426 0.98831
00014.jpg 147 83 167 430 0.98823
00014.jpg 524 156 88 340 0.98806
00014.jpg 638 66 162 455 0.98792
00014.jpg 327 141 131 365 0.98769
00014.jpg 635 79 163 438 0.98744
00014.jpg 431 68 127 460 0.98740
00014.jpg 425 64 142 461 0.98689
00014.jpg 422 71 140 448 0.98594
00014.jpg 426 70 136 452 0.98581
00014.jpg 331 152 117 354 0.98581
00014.jpg 414 74 163 443 0.98576
00014.jpg 525 153 86 355 0.98490
00014.jpg 138 68 189 445 0.98474
00014.jpg 530 159 81 338 0.98469
00014.jpg 335 159 115 346 0.98435
00014.jpg 140 71 184 449 0.98424
00014.jpg 335 153 109 342 0.98365
00014.jpg 424 66 144 462 0.98312
00014.jpg 332 143 121 350 0.98309
00014.jpg 336 145 102 361 0.98282
00014.jpg 526 155 81 360 0.98257
00014.jpg 526 149 84 355 0.98188
00014.jpg 146 75 177 447 0.98178
00014.jpg 634 71 174 448 0.98163
00014.jpg 335 143 113 368 0.98148
00014.jpg 429 72 150 440 0.98141
00014.jpg 529 152 85 337 0.98113
00014.jpg 631 65 161 458 0.97965
00014.jpg 333 139 113 361 0.97959
00014.jpg 418 65 140 459 0.97943
00014.jpg 337 142 113 363 0.97933
00014.jpg 142 68 179 459 0.97804
00014.jpg 638 70 159 457 0.97804
00014.jpg 533 155 75 345 0.97775
00014.jpg 637 58 157 471 0.97774
00014.jpg 425 62 137 469 0.97752
00014.jpg 330 150 114 342 0.97694
00014.jpg 424 70 142 443 0.97677
00014.jpg 139 73 188 448 0.97643
00014.jpg 332 139 113 363 0.97628
00014.jpg 331 153 119 341 0.97589
00014.jpg 520 144 98 352 0.97567
00014.jpg 420 83 137 430 0.97498
00014.jpg 428 54 138 472 0.97355
00014.jpg 640 88 164 431 0.97245
00014.jpg 421 72 146 451 0.97119
00014.jpg 423 63 139 465 0.97117
00014.jpg 414 66 148 455 0.96782
00014.jpg 327 150 129 352 0.96738
00014.jpg 333 148 115 351 0.96738
00014.jpg 523 155 85 349 0.96732
00014.jpg 425 70 135 450 0.96719
00014.jpg 527 152 87 341 0.96622
00014.jpg 636 78 160 446 0.96575
00014.jpg 157 71 155 450 0.96569
00014.jpg 651 79 151 429 0.96517
00014.jpg 334 145 106 356 0.96245
00014.jpg 419 71 137 448 0.96224
00014.jpg 636 60 167 459 0.96174
00014.jpg 427 72 133 457 0.96092
00014.jpg 424 84 143 439 0.96030
00014.jpg 527 143 84 358 0.95943
00014.jpg 438 75 134 436 0.95827
00014.jpg 430 65 140 463 0.95740
00014.jpg 528 153 77 347 0.95677
00014.jpg 331 143 113 357 0.95562
00014.jpg 520 141 95 373 0.95528
00014.jpg 334 144 115 353 0.95349
00014.jpg 633 94 156 417 0.94934
00014.jpg 425 75 142 440 0.94811
00014.jpg 530 157 84 344 0.94621
00014.jpg 525 143 88 368 0.94546
00014.jpg 528 151 83 345 0.93893
00014.jpg 528 143 84 371 0.93797
00014.jpg 337 148 101 353 0.93572
00014.jpg 642 75 155 433 0.93086
00014.jpg 145 78 187 447 0.92818
00014.jpg 339 149 110 345 0.92699
00014.jpg 521 150 88 354 0.92550
00014.jpg 530 136 82 386 0.92498
00014.jpg 332 150 113 347 0.92304
00014.jpg 637 75 158 440 0.92183
00014.jpg 426 78 157 437 0.92107
00014.jpg 526 149 77 350 0.91954
00014.jpg 332 145 112 369 0.91748
00014.jpg 528 146 83 357 0.91571
00014.jpg 634 79 159 446 0.91543
00014.jpg 529 149 84 349 0.91478
00014.jpg 322 154 119 341 0.91339
00014.jpg 523 148 86 350 0.90807
00014.jpg 335 154 106 341 0.90720
00014.jpg 640 70 161 461 0.90675
00014.jpg 522 151 88 349 0.90240
00014.jpg 336 155 112 332 0.90055
00014.jpg 335 152 110 351 0.89834
00014.jpg 429 89 140 420 0.89779
00014.jpg 417 68 154 460 0.89051
00014.jpg 339 147 110 351 0.87935
00014.jpg 334 149 118 355 0.87772
00014.jpg 525 153 89 353 0.87674
00014.jpg 524 153 85 345 0.86966
00014.jpg 526 144 85 360 0.86810
00014.jpg 517 132 102 374 0.86614
00014.jpg 145 78 176 438 0.86416
00014.jpg 419 92 149 432 0.86247
00014.jpg 424 75 141 439 0.86109
00014.jpg 528 148 83 356 0.86067
00014.jpg 142 77 174 437 0.85836
00014.jpg 530 155 82 341 0.83499
00014.jpg 651 68 142 452 0.83191
00014.jpg 643 69 153 448 0.82655
00014.jpg 528 141 85 364 0.82496
00014.jpg 422 73 138 463 0.82200
00014.jpg 524 144 83 369 0.81550
00014.jpg 332 152 112 344 0.81514
00014.jpg 337 149 106 352 0.81346
00014.jpg 532 141 78 361 0.80757
00014.jpg 425 83 132 425 0.80404
00014.jpg 528 147 100 367 0.80137
00014.jpg 145 72 177 447 0.79684
00014.jpg 637 90 160 409 0.77858
00014.jpg 520 141 89 369 0.77809
00014.jpg 139 81 191 442 0.75796
00014.jpg 331 161 115 328 0.75494
00014.jpg 638 67 154 461 0.74614
00014.jpg 516 124 101 396 0.74435
00014.jpg 531 153 77 341 0.74341
00014.jpg 528 152 80 350 0.74195
00014.jpg 417 88 147 430 0.73854
00014.jpg 523 137 88 373 0.73812
00014.jpg 442 72 119 444 0.71802
00014.jpg 436 76 132 436 0.70909
00014.jpg 531 149 85 360 0.70867
00014.jpg 336 161 109 346 0.70630
00014.jpg 533 155 80 336 0.70118
00014.jpg 133 77 192 437 0.68926
00014.jpg 416 73 168 450 0.67920
00014.jpg 331 148 119 334 0.66463
00014.jpg 524 146 92 365 0.66455
00014.jpg 422 61 155 476 0.66414
00014.jpg 325 134 132 369 0.66064
00014.jpg 641 68 151 440 0.64926
00014.jpg 330 154 111 361 0.64712
00014.jpg 638 58 172 475 0.64685
00014.jpg 428 65 126 455 0.64332
00014.jpg 648 83 141 449 0.63771
00014.jpg 337 149 111 337 0.62847
00014.jpg 341 151 104 342 0.62651
00014.jpg 531 151 76 342 0.62277
00014.jpg 328 127 127 370 0.61730
00014.jpg 416 61 167 457 0.60959
00014.jpg 524 148 85 362 0.59681
00014.jpg 331 141 114 359 0.59606
00014.jpg 503 103 94 413 0.59509
00014.jpg 514 147 110 362 0.59204
00014.jpg 505 126 107 386 0.58944
00014.jpg 518 150 99 352 0.58696
00014.jpg 525 141 92 364 0.58660
00014.jpg 498 127 121 386 0.57988
00014.jpg 330 158 111 327 0.57483
00014.jpg 633 60 175 451 0.56420
00014.jpg 138 67 191 472 0.55713
00014.jpg 531 150 84 359 0.55479
00014.jpg 427 71 124 443 0.55252
00014.jpg 632 82 158 425 0.55243
00014.jpg 419 61 143 452 0.55137
00014.jpg 522 140 97 374 0.54500
00014.jpg 631 73 158 455 0.53784
00014.jpg 517 147 111 346 0.53014
00014.jpg 154 79 165 450 0.52882
00014.jpg 321 152 125 340 0.52751
00014.jpg 525 143 109 347 0.52447
00014.jpg 339 151 111 348 0.52001
00014.jpg 420 61 151 447 0.51345
00014.jpg 418 63 172 470 0.51158
00014.jpg 329 137 134 360 0.50432
00014.jpg 335 130 122 373 0.50272
