00023.jpg 624 77 214 444 0.99982
00023.jpg 153 70 173 455 0.99965
00023.jpg 633 89 196 435 0.99957
00023.jpg 627 74 205 442 0.99927
00023.jpg 624 86 213 443 0.99916
00023.jpg 635 77 200 447 0.99913
00023.jpg 328 154 104 361 0.99912
00023.jpg 613 77 231 448 0.99906
00023.jpg 145 65 176 456 0.99884
00023.jpg 139 60 193 458 0.99882
00023.jpg 149 61 184 452 0.99874
00023.jpg 617 79 221 442 0.99854
00023.jpg 623 77 217 446 0.99849
00023.jpg 149 63 170 455 0.99847
00023.jpg 327 151 113 354 0.99842
00023.jpg 153 72 171 454 0.99815
00023.jpg 622 75 217 459 0.99805
00023.jpg 149 57 175 466 0.99777
00023.jpg 612 82 229 441 0.99768
00023.jpg 149 60 168 463 0.99760
00023.jpg 632 77 206 446 0.99760
00023.jpg 149 62 181 448 0.99751
00023.jpg 631 88 203 439 0.99748
00023.jpg 633 74 196 457 0.99733
00023.jpg 627 85 215 444 0.99709
00023.jpg 324 150 114 352 0.99697
00023.jpg 326 155 117 352 0.99648
00023.jpg 157 55 169 481 0.99630
00023.jpg 316 160 129 344 0.99611
00023.jpg 619 89 221 442 0.99602
00023.jpg 633 73 204 460 0.99584
00023.jpg 140 59 186 470 0.99578
00023.jpg 413 56 180 474 0.99561
00023.jpg 627 76 207 457 0.99559
00023.jpg 148 64 177 454 0.99547
00023.jpg 147 66 177 454 0.99546
00023.jpg 326 158 119 347 0.99538
00023.jpg 151 63 177 444 0.99531
00023.jpg 420 63 169 456 0.99514
00023.jpg 327 156 111 346 0.99510
00023.jpg 329 162 112 340 0.99498
00023.jpg 620 76 219 457 0.99479
00023.jpg 627 80 200 445 0.99422
00023.jpg 627 80 204 439 0.99414
00023.jpg 147 58 182 457 0.99413
00023.jpg 627 71 210 457 0.99409
00023.jpg 325 156 113 347 0.99391
00023.jpg 621 77 209 457 0.99340
00023.jpg 153 67 173 452 0.99336
00023.jpg 149 54 179 460 0.99323
00023.jpg 327 146 110 362 0.99321
00023.jpg 627 93 200 431 0.99301
00023.jpg 336 156 99 345 0.99262
00023.jpg 153 65 166 458 0.99254
00023.jpg 141 69 190 439 0.99239
00023.jpg 627 73 200 456 0.99193
00023.jpg 408 70 174 453 0.99173
00023.jpg 140 62 188 459 0.99127
00023.jpg 321 154 119 351 0.99117
00023.jpg 145 48 175 478 0.99099
00023.jpg 139 59 188 457 0.99091
00023.jpg 616 88 220 443 0.99053
00023.jpg 415 65 165 474 0.99026
00023.jpg 143 61 184 462 0.99021
00023.jpg 326 162 111 337 0.99018
00023.jpg 155 64 169 463 0.98971
00023.jpg 616 72 217 459 0.98948
00023.jpg 324 161 116 338 0.98910
00023.jpg 627 87 216 438 0.98908
00023.jpg 324 158 115 339 0.98860
00023.jpg 325 152 116 346 0.98844
00023.jpg 326 156 108 348 0.98764
00023.jpg 413 61 183 461 0.98709
00023.jpg 631 77 202 452 0.98655
00023.jpg 329 160 120 345 0.98610
00023.jpg 322 157 116 344 0.98603
00023.jpg 628 77 212 446 0.98539
00023.jpg 423 65 164 454 0.98491
00023.jpg 412 68 192 464 0.98478
00023.jpg 147 62 174 462 0.98456
00023.jpg 618 79 216 454 0.98379
00023.jpg 620 88 219 441 0.98297
00023.jpg 142 59 175 457 0.98276
00023.jpg 146 57 173 466 0.98254
00023.jpg 324 161 114 339 0.98246
00023.jpg 325 149 108 342 0.98232
00023.jpg 141 50 177 489 0.98220
00023.jpg 148 71 169 450 0.98182
00023.jpg 631 84 198 444 0.98118
00023.jpg 406 74 183 447 0.98099
00023.jpg 420 64 172 468 0.98011
00023.jpg 629 83 204 426 0.97874
00023.jpg 323 162 120 327 0.97801
00023.jpg 416 78 175 441 0.97647
00023.jpg 143 69 170 456 0.97482
00023.jpg 146 73 182 450 0.97470
00023.jpg 152 61 173 459 0.97449
00023.jpg 626 90 201 433 0.97432
00023.jpg 330 152 110 365 0.97335
00023.jpg 628 72 218 460 0.97239
00023.jpg 420 72 167 433 0.97228
00023.jpg 419 61 169 462 0.97176
00023.jpg 321 155 117 348 0.97104
00023.jpg 633 83 205 434 0.96960
00023.jpg 412 61 175 455 0.96854
00023.jpg 324 151 110 361 0.96787
00023.jpg 154 57 176 467 0.96554
00023.jpg 317 144 132 368 0.96314
00023.jpg 619 83 215 441 0.96233
00023.jpg 411 61 188 470 0.96229
00023.jpg 321 151 114 357 0.96196
00023.jpg 415 61 179 471 0.96147
00023.jpg 147 69 176 454 0.96070
00023.jpg 423 68 163 467 0.96049
00023.jpg 316 165 135 336 0.95732
00023.jpg 411 57 166 475 0.95402
00023.jpg 411 84 180 431 0.95306
00023.jpg 423 64 163 463 0.95089
00023.jpg 326 154 116 359 0.94713
00023.jpg 327 157 114 346 0.94208
00023.jpg 506 135 93 370 0.94025
00023.jpg 419 65 166 474 0.93947
00023.jpg 636 73 195 459 0.93741
00023.jpg 145 58 176 460 0.93678
00023.jpg 326 160 110 342 0.93455
00023.jpg 416 61 166 457 0.93136
00023.jpg 332 153 114 351 0.92634
00023.jpg 508 125 82 377 0.92535
00023.jpg 323 153 116 354 0.92467
00023.jpg 407 68 184 460 0.92406
00023.jpg 627 86 209 430 0.92304
00023.jpg 412 76 171 445 0.92253
00023.jpg 411 74 177 449 0.92065
00023.jpg 327 155 116 347 0.91175
00023.jpg 322 153 119 354 0.90847
00023.jpg 144 75 178 444 0.90516
00023.jpg 620 85 228 441 0.90165
00023.jpg 329 145 106 353 0.89845
00023.jpg 612 76 224 460 0.89056
00023.jpg 414 56 180 483 0.88872
00023.jpg 618 77 212 456 0.88708
00023.jpg 515 159 81 358 0.88200
00023.jpg 409 87 178 421 0.88075
00023.jpg 413 56 167 477 0.87982
00023.jpg 417 71 170 456 0.87648
00023.jpg 518 165 76 339 0.87613
00023.jpg 155 59 153 466 0.87182
00023.jpg 512 161 81 344 0.87049
00023.jpg 422 63 177 462 0.87020
00023.jpg 141 65 186 459 0.86807
00023.jpg 409 71 184 464 0.86608
00023.jpg 615 88 210 425 0.85868
00023.jpg 420 62 155 465 0.85704
00023.jpg 610 88 225 440 0.85668
00023.jpg 322 166 115 325 0.85661
00023.jpg 418 88 157 433 0.84725
00023.jpg 420 71 168 444 0.84710
00023.jpg 324 157 123 352 0.84294
00023.jpg 623 72 221 446 0.83975
00023.jpg 142 58 196 463 0.83373
00023.jpg 156 68 174 461 0.83188
00023.jpg 399 57 197 475 0.82840
00023.jpg 422 71 136 446 0.82693
00023.jpg 148 69 172 456 0.82641
00023.jpg 509 164 81 346 0.82612
00023.jpg 619 67 223 462 0.82443
00023.jpg 643 78 202 445 0.81984
00023.jpg 406 66 182 454 0.81604
00023.jpg 415 65 147 459 0.81548
00023.jpg 327 162 113 341 0.80721
00023.jpg 423 75 154 457 0.80006
00023.jpg 324 149 113 340 0.79633
00023.jpg 424 86 170 416 0.78858
00023.jpg 149 63 166 463 0.78804
00023.jpg 416 75 177 458 0.78276
00023.jpg 625 85 208 419 0.78265
00023.jpg 510 161 83 345 0.78154
00023.jpg 508 159 93 344 0.77748
00023.jpg 417 48 156 469 0.76817
00023.jpg 419 113 154 407 0.74587
00023.jpg 424 69 164 456 0.73367
00023.jpg 509 163 81 346 0.73033
00023.jpg 519 151 69 351 0.72561
00023.jpg 631 73 209 460 0.71822
00023.jpg 152 57 175 466 0.71686
00023.jpg 519 168 71 341 0.71638
00023.jpg 612 80 213 452 0.70944
00023.jpg 421 69 163 454 0.69873
00023.jpg 402 89 201 440 0.69423
00023.jpg 413 72 159 447 0.69414
00023.jpg 576 213 27 169 0.68577
00023.jpg 515 171 73 333 0.68248
00023.jpg 496 104 96 397 0.68041
00023.jpg 517 149 81 336 0.67588
00023.jpg 514 158 77 333 0.67586
00023.jpg 325 155 119 332 0.66604
00023.jpg 509 139 80 358 0.66384
00023.jpg 633 92 178 439 0.66031
00023.jpg 413 82 171 439 0.65857
00023.jpg 575 205 28 180 0.65747
00023.jpg 414 62 210 465 0.65345
00023.jpg 508 150 91 361 0.64640
00023.jpg 410 67 177 448 0.64267
00023.jpg 626 86 185 434 0.63841
00023.jpg 511 142 80 369 0.63672
00023.jpg 513 136 84 372 0.63486
00023.jpg 512 108 89 393 0.62656
00023.jpg 526 147 76 355 0.62243
00023.jpg 332 154 110 356 0.62081
00023.jpg 509 165 87 331 0.61865
00023.jpg 511 168 78 327 0.61242
00023.jpg 326 162 116 344 0.61009
00023.jpg 516 141 76 345 0.60956
00023.jpg 514 160 86 339 0.60486
00023.jpg 521 172 74 323 0.60431
00023.jpg 572 220 34 183 0.60395
00023.jpg 334 127 131 386 0.60368
00023.jpg 569 208 35 193 0.60329
00023.jpg 143 63 165 446 0.60287
00023.jpg 331 157 109 344 0.60122
00023.jpg 567 220 38 179 0.59996
00023.jpg 508 138 87 380 0.59706
00023.jpg 319 151 117 362 0.58760
00023.jpg 514 155 74 339 0.58434
00023.jpg 510 137 82 356 0.57962
00023.jpg 521 172 69 315 0.57655
00023.jpg 518 186 74 306 0.57054
00023.jpg 574 196 32 179 0.56888
00023.jpg 572 224 29 161 0.56552
00023.jpg 571 195 34 182 0.56325
00023.jpg 519 165 75 335 0.55984
00023.jpg 143 62 172 453 0.54491
00023.jpg 435 94 144 427 0.54066
00023.jpg 608 76 243 456 0.53857
00023.jpg 646 84 194 429 0.53145
00023.jpg 507 159 102 360 0.51944
00023.jpg 328 134 120 355 0.51892
00023.jpg 418 101 161 399 0.51369
00023.jpg 142 53 193 482 0.51358
00023.jpg 638 83 186 440 0.51125
00023.jpg 429 107 125 419 0.51019
00023.jpg 518 165 76 322 0.50640
00023.jpg 477 104 111 404 0.50059
