00027.jpg 640 69 204 454 0.99981
00027.jpg 133 68 179 449 0.99972
00027.jpg 626 68 226 455 0.99970
00027.jpg 636 69 219 467 0.99969
00027.jpg 637 75 204 458 0.99968
00027.jpg 628 80 227 442 0.99968
00027.jpg 648 75 194 442 0.99963
00027.jpg 133 72 191 446 0.99954
00027.jpg 616 74 235 457 0.99948
00027.jpg 126 61 197 460 0.99909
00027.jpg 131 73 199 445 0.99908
00027.jpg 625 68 221 463 0.99903
00027.jpg 136 79 182 438 0.99893
00027.jpg 125 62 198 462 0.99879
00027.jpg 623 78 221 442 0.99873
00027.jpg 131 71 186 436 0.99868
00027.jpg 635 75 200 448 0.99864
00027.jpg 635 84 214 435 0.99853
00027.jpg 644 64 206 472 0.99840
00027.jpg 628 73 209 462 0.99839
00027.jpg 640 77 202 456 0.99837
00027.jpg 404 75 157 451 0.99797
00027.jpg 629 67 221 468 0.99795
00027.jpg 637 71 218 453 0.99781
00027.jpg 632 63 219 460 0.99759
00027.jpg 134 70 177 439 0.99740
00027.jpg 629 79 208 445 0.99731
00027.jpg 628 70 220 449 0.99726
00027.jpg 322 136 108 369 0.99719
00027.jpg 629 82 225 443 0.99715
00027.jpg 405 79 150 454 0.99703
00027.jpg 631 88 206 445 0.99700
00027.jpg 636 72 219 442 0.99694
00027.jpg 145 65 173 458 0.99679
00027.jpg 631 74 219 451 0.99656
00027.jpg 144 74 163 436 0.99639
00027.jpg 406 81 158 434 0.99619
00027.jpg 140 74 182 450 0.99520
00027.jpg 129 69 191 461 0.99510
00027.jpg 134 62 183 454 0.99448
00027.jpg 142 66 169 449 0.99441
00027.jpg 127 74 184 451 0.99435
00027.jpg 399 70 169 453 0.99419
00027.jpg 410 77 151 439 0.99417
00027.jpg 132 73 190 447 0.99413
00027.jpg 142 69 173 463 0.99412
00027.jpg 329 142 94 363 0.99405
00027.jpg 145 71 166 453 0.99397
00027.jpg 322 128 110 371 0.99385
00027.jpg 140 65 179 447 0.99379
00027.jpg 408 75 156 461 0.99373
00027.jpg 315 131 117 373 0.99358
00027.jpg 137 78 179 438 0.99344
00027.jpg 400 58 167 454 0.99324
00027.jpg 135 61 179 451 0.99242
00027.jpg 629 68 216 461 0.99196
00027.jpg 628 73 221 457 0.99169
00027.jpg 622 68 220 470 0.99105
00027.jpg 123 72 189 440 0.99065
00027.jpg 132 71 187 444 0.99045
00027.jpg 629 55 219 473 0.99044
00027.jpg 529 193 75 273 0.98995
00027.jpg 319 143 117 359 0.98875
00027.jpg 144 72 177 454 0.98871
00027.jpg 635 71 218 461 0.98838
00027.jpg 323 129 112 378 0.98815
00027.jpg 616 83 232 433 0.98787
00027.jpg 319 132 114 365 0.98761
00027.jpg 327 118 96 401 0.98726
00027.jpg 634 83 208 442 0.98718
00027.jpg 526 181 78 276 0.98647
00027.jpg 130 75 191 448 0.98599
00027.jpg 525 190 74 268 0.98575
00027.jpg 626 78 214 456 0.98563
00027.jpg 410 82 152 434 0.98540
00027.jpg 331 124 103 376 0.98472
00027.jpg 139 73 174 453 0.98460
00027.jpg 319 130 112 368 0.98459
00027.jpg 403 70 157 469 0.98451
00027.jpg 520 200 89 266 0.98428
00027.jpg 632 68 221 468 0.98419
00027.jpg 133 72 193 442 0.98401
00027.jpg 631 65 210 466 0.98376
00027.jpg 524 187 78 287 0.98330
00027.jpg 402 79 163 446 0.98310
00027.jpg 137 71 184 453 0.98177
00027.jpg 323 135 110 361 0.98134
00027.jpg 409 84 162 433 0.98132
00027.jpg 407 75 144 460 0.98109
00027.jpg 324 129 107 373 0.98079
00027.jpg 323 131 113 367 0.98068
00027.jpg 327 129 100 372 0.97886
00027.jpg 316 125 118 387 0.97878
00027.jpg 412 80 149 446 0.97873
00027.jpg 322 135 107 367 0.97867
00027.jpg 407 71 154 455 0.97809
00027.jpg 129 70 192 455 0.97728
00027.jpg 635 67 213 470 0.97567
00027.jpg 413 69 147 465 0.97559
00027.jpg 321 145 104 348 0.97539
00027.jpg 525 181 82 275 0.97509
00027.jpg 522 184 82 288 0.97204
00027.jpg 414 74 138 460 0.97188
00027.jpg 528 189 70 274 0.97182
00027.jpg 322 131 110 375 0.96846
00027.jpg 323 134 107 359 0.96808
00027.jpg 330 128 100 372 0.96755
00027.jpg 633 77 212 435 0.96682
00027.jpg 401 77 164 445 0.96497
00027.jpg 623 84 229 439 0.96470
00027.jpg 401 62 157 467 0.96429
00027.jpg 411 82 147 455 0.96258
00027.jpg 405 69 159 451 0.96217
00027.jpg 523 190 84 257 0.96071
00027.jpg 322 141 106 365 0.96009
00027.jpg 326 140 113 356 0.95970
00027.jpg 331 132 92 368 0.95625
00027.jpg 526 177 81 301 0.95535
00027.jpg 406 70 159 456 0.95399
00027.jpg 333 126 97 377 0.95363
00027.jpg 404 90 158 424 0.95362
00027.jpg 324 138 104 371 0.95333
00027.jpg 410 77 150 440 0.94965
00027.jpg 530 189 77 275 0.94822
00027.jpg 420 70 140 462 0.94678
00027.jpg 137 70 180 439 0.94671
00027.jpg 634 71 218 452 0.94444
00027.jpg 525 185 76 276 0.94255
00027.jpg 320 131 114 370 0.94255
00027.jpg 316 129 114 378 0.94242
00027.jpg 522 189 83 259 0.93916
00027.jpg 521 183 82 289 0.93898
00027.jpg 414 76 145 452 0.93825
00027.jpg 410 93 142 439 0.93164
00027.jpg 410 80 152 454 0.93117
00027.jpg 534 190 71 266 0.93103
00027.jpg 527 196 80 267 0.93018
00027.jpg 400 65 165 466 0.92951
00027.jpg 531 192 76 264 0.92875
00027.jpg 520 183 88 290 0.92762
00027.jpg 640 84 207 436 0.92693
00027.jpg 404 77 156 451 0.92505
00027.jpg 527 183 73 295 0.92347
00027.jpg 321 135 107 364 0.92317
00027.jpg 329 136 98 367 0.92059
00027.jpg 142 63 177 461 0.92023
00027.jpg 625 76 228 445 0.91967
00027.jpg 520 195 82 271 0.91960
00027.jpg 524 189 81 275 0.91888
00027.jpg 631 74 227 450 0.91565
00027.jpg 326 131 107 370 0.91446
00027.jpg 628 78 230 448 0.91296
00027.jpg 321 144 108 349 0.91081
00027.jpg 631 72 220 450 0.90797
00027.jpg 627 68 223 471 0.90722
00027.jpg 528 198 70 251 0.90051
00027.jpg 410 79 141 452 0.90001
00027.jpg 132 77 186 453 0.89993
00027.jpg 422 73 142 456 0.89641
00027.jpg 125 69 182 452 0.89619
00027.jpg 521 178 78 308 0.89219
00027.jpg 632 80 225 449 0.89211
00027.jpg 528 188 77 266 0.89205
00027.jpg 522 184 83 279 0.89149
00027.jpg 324 132 108 370 0.89061
00027.jpg 394 81 163 437 0.89016
00027.jpg 404 74 164 460 0.89016
00027.jpg 401 73 163 458 0.88612
00027.jpg 314 143 120 366 0.88548
00027.jpg 413 90 140 432 0.87966
00027.jpg 524 196 82 262 0.87834
00027.jpg 321 134 121 369 0.87505
00027.jpg 324 134 105 364 0.86997
00027.jpg 146 60 158 463 0.86892
00027.jpg 317 136 116 371 0.86772
00027.jpg 148 77 166 422 0.86628
00027.jpg 524 181 85 305 0.86571
00027.jpg 317 131 114 370 0.86329
00027.jpg 526 192 76 279 0.86054
00027.jpg 327 148 110 364 0.85933
00027.jpg 406 74 159 455 0.85665
00027.jpg 532 204 72 229 0.85610
00027.jpg 533 189 71 293 0.84582
00027.jpg 531 192 78 278 0.84437
00027.jpg 642 66 204 457 0.84252
00027.jpg 525 197 78 253 0.84052
00027.jpg 325 129 113 370 0.84010
00027.jpg 412 77 147 461 0.83774
00027.jpg 529 202 69 227 0.83660
00027.jpg 413 84 140 434 0.83425
00027.jpg 127 71 200 454 0.82986
00027.jpg 639 64 207 470 0.82440
00027.jpg 137 77 177 443 0.82153
00027.jpg 533 191 71 261 0.82033
00027.jpg 402 77 160 447 0.79728
00027.jpg 522 188 75 266 0.79404
00027.jpg 317 142 114 358 0.79004
00027.jpg 322 142 115 354 0.78120
00027.jpg 527 204 77 234 0.76625
00027.jpg 129 79 185 426 0.76389
00027.jpg 527 194 71 251 0.76217
00027.jpg 522 187 78 286 0.75592
00027.jpg 524 197 83 253 0.74783
00027.jpg 317 134 113 380 0.74450
00027.jpg 140 64 174 464 0.74143
00027.jpg 521 175 86 317 0.73800
00027.jpg 326 130 110 379 0.73331
00027.jpg 531 199 70 244 0.73299
00027.jpg 524 197 81 234 0.73115
00027.jpg 526 189 79 276 0.72268
00027.jpg 400 78 176 445 0.72075
00027.jpg 321 128 113 381 0.72060
00027.jpg 138 64 181 458 0.71944
00027.jpg 416 90 136 432 0.71338
00027.jpg 653 79 195 434 0.71183
00027.jpg 521 183 77 291 0.71058
00027.jpg 531 208 76 212 0.70886
00027.jpg 411 93 139 430 0.70732
00027.jpg 409 68 162 460 0.69876
00027.jpg 524 193 81 267 0.69863
00027.jpg 531 200 72 229 0.69033
00027.jpg 408 54 144 485 0.67880
00027.jpg 130 69 186 457 0.67241
00027.jpg 318 131 107 377 0.67224
00027.jpg 621 80 222 441 0.65003
00027.jpg 526 190 85 257 0.64301
00027.jpg 529 191 75 284 0.63719
00027.jpg 536 204 62 230 0.63474
00027.jpg 135 72 169 457 0.63279
00027.jpg 398 73 170 464 0.62923
00027.jpg 622 78 218 454 0.61747
00027.jpg 521 185 92 294 0.61165
00027.jpg 527 193 75 252 0.60921
00027.jpg 322 144 96 352 0.60415
00027.jpg 339 97 139 416 0.60128
00027.jpg 535 197 64 234 0.59918
00027.jpg 318 121 116 390 0.59524
00027.jpg 522 183 80 286 0.58770
00027.jpg 523 193 78 286 0.57624
00027.jpg 403 59 171 462 0.55971
00027.jpg 422 130 128 407 0.55390
00027.jpg 315 132 130 374 0.55115
00027.jpg 640 90 216 420 0.54830
00027.jpg 314 133 119 350 0.54525
00027.jpg 531 186 77 262 0.54284
00027.jpg 138 80 175 441 0.53807
00027.jpg 392 90 166 418 0.53463
00027.jpg 135 70 182 452 0.53303
00027.jpg 532 194 71 237 0.52373
00027.jpg 630 81 225 436 0.52057
00027.jpg 315 144 113 350 0.51975
00027.jpg 521 200 76 262 0.51827
00027.jpg 530 202 64 244 0.51165
00027.jpg 402 78 147 446 0.50857
00027.jpg 149 65 168 436 0.50505
00027.jpg 520 187 94 292 0.50400
00027.jpg 412 72 131 453 0.50085
00027.jpg 625 70 245 452 0.49969
