00029.jpg 612 84 200 439 0.99986
00029.jpg 624 76 196 444 0.99984
00029.jpg 139 61 177 451 0.99977
00029.jpg 153 57 163 456 0.99956
00029.jpg 139 58 185 458 0.99929
00029.jpg 618 87 207 438 0.99908
00029.jpg 629 82 180 438 0.99902
00029.jpg 626 86 197 437 0.99883
00029.jpg 629 87 190 427 0.99869
00029.jpg 625 87 204 436 0.99831
00029.jpg 138 52 192 466 0.99823
00029.jpg 148 71 166 432 0.99822
00029.jpg 617 88 204 434 0.99796
00029.jpg 619 95 192 423 0.99795
00029.jpg 143 54 181 462 0.99768
00029.jpg 619 98 204 417 0.99761
00029.jpg 141 66 176 442 0.99754
00029.jpg 621 86 204 437 0.99745
00029.jpg 141 65 171 454 0.99734
00029.jpg 395 62 159 459 0.99714
00029.jpg 406 65 148 462 0.99705
00029.jpg 137 52 191 457 0.99701
00029.jpg 142 59 176 466 0.99695
00029.jpg 147 53 167 464 0.99682
00029.jpg 322 133 103 384 0.99670
00029.jpg 142 51 171 470 0.99670
00029.jpg 628 92 199 426 0.99666
00029.jpg 617 95 201 425 0.99663
00029.jpg 134 57 183 464 0.99658
00029.jpg 621 90 207 428 0.99630
00029.jpg 626 93 192 434 0.99619
00029.jpg 145 56 169 454 0.99614
00029.jpg 393 71 158 440 0.99592
00029.jpg 523 190 67 247 0.99587
00029.jpg 519 190 73 252 0.99587
00029.jpg 621 89 195 434 0.99565
00029.jpg 144 46 157 474 0.99507
00029.jpg 402 70 156 457 0.99482
00029.jpg 399 64 154 461 0.99473
00029.jpg 628 79 193 446 0.99465
00029.jpg 318 148 111 346 0.99448
00029.jpg 130 51 180 465 0.99444
00029.jpg 618 87 208 444 0.99417
00029.jpg 626 90 196 433 0.99407
00029.jpg 144 75 158 439 0.99389
00029.jpg 622 93 198 420 0.99385
00029.jpg 394 69 162 451 0.99360
00029.jpg 628 84 192 435 0.99323
00029.jpg 404 74 144 455 0.99311
00029.jpg 521 185 71 255 0.99292
00029.jpg 145 54 167 466 0.99290
00029.jpg 148 73 169 439 0.99240
00029.jpg 523 184 70 250 0.99200
00029.jpg 139 57 176 461 0.99145
00029.jpg 141 46 177 472 0.99092
00029.jpg 626 83 200 440 0.99086
00029.jpg 320 141 108 365 0.99078
00029.jpg 319 144 108 358 0.99050
00029.jpg 142 53 168 472 0.99031
00029.jpg 326 148 103 354 0.99002
00029.jpg 623 83 192 442 0.98891
00029.jpg 400 72 149 460 0.98823
00029.jpg 136 61 184 454 0.98808
00029.jpg 143 48 174 472 0.98799
00029.jpg 315 143 109 353 0.98718
00029.jpg 400 75 169 438 0.98619
00029.jpg 400 74 155 450 0.98591
00029.jpg 323 153 104 351 0.98580
00029.jpg 398 55 151 470 0.98575
00029.jpg 522 190 72 254 0.98497
00029.jpg 523 196 70 235 0.98488
00029.jpg 389 85 163 439 0.98481
00029.jpg 611 88 216 432 0.98466
00029.jpg 315 132 120 366 0.98456
00029.jpg 398 61 150 462 0.98448
00029.jpg 142 61 172 457 0.98435
00029.jpg 622 80 196 439 0.98417
00029.jpg 520 186 66 264 0.98408
00029.jpg 627 66 183 452 0.98397
00029.jpg 625 86 202 445 0.98363
00029.jpg 324 145 105 370 0.98332
00029.jpg 139 64 180 454 0.98275
00029.jpg 138 55 174 462 0.98268
00029.jpg 525 196 72 236 0.98259
00029.jpg 318 138 112 366 0.98229
00029.jpg 624 91 196 419 0.98212
00029.jpg 527 193 65 241 0.98175
00029.jpg 317 138 117 367 0.98096
00029.jpg 319 143 110 355 0.98048
00029.jpg 520 194 66 249 0.98012
00029.jpg 400 61 163 459 0.98008
00029.jpg 401 77 157 440 0.97943
00029.jpg 131 46 183 471 0.97923
00029.jpg 396 71 165 445 0.97847
00029.jpg 620 88 204 425 0.97800
00029.jpg 520 185 75 255 0.97749
00029.jpg 323 143 98 354 0.97566
00029.jpg 628 73 200 464 0.97566
00029.jpg 129 59 196 459 0.97534
00029.jpg 523 194 68 230 0.97516
00029.jpg 314 128 115 382 0.97460
00029.jpg 399 61 150 464 0.97442
00029.jpg 524 187 67 250 0.97441
00029.jpg 402 68 154 443 0.97416
00029.jpg 139 51 173 470 0.97340
00029.jpg 628 94 184 428 0.97293
00029.jpg 390 75 171 434 0.97276
00029.jpg 527 197 73 235 0.97273
00029.jpg 399 77 166 445 0.97253
00029.jpg 394 78 158 453 0.97246
00029.jpg 394 74 166 451 0.97230
00029.jpg 624 90 192 433 0.97114
00029.jpg 404 69 159 446 0.97065
00029.jpg 397 81 162 438 0.97033
00029.jpg 316 133 107 368 0.97021
00029.jpg 524 182 70 264 0.97009
00029.jpg 316 144 112 358 0.97002
00029.jpg 400 46 150 491 0.96764
00029.jpg 613 78 215 445 0.96741
00029.jpg 529 185 60 250 0.96689
00029.jpg 528 198 66 235 0.96656
00029.jpg 522 189 65 246 0.96580
00029.jpg 521 185 70 253 0.96560
00029.jpg 397 86 159 421 0.96236
00029.jpg 524 190 69 252 0.96224
00029.jpg 322 141 99 363 0.96053
00029.jpg 399 69 147 451 0.95847
00029.jpg 526 191 68 249 0.95838
00029.jpg 322 143 101 363 0.95694
00029.jpg 312 142 113 355 0.95575
00029.jpg 319 149 107 362 0.95458
00029.jpg 525 195 68 233 0.95419
00029.jpg 526 194 63 241 0.95248
00029.jpg 623 83 208 435 0.95101
00029.jpg 324 147 100 344 0.95086
00029.jpg 525 184 69 258 0.95083
00029.jpg 312 140 121 368 0.94847
00029.jpg 400 67 161 450 0.94616
00029.jpg 317 141 116 361 0.93543
00029.jpg 530 191 61 239 0.93517
00029.jpg 525 192 63 247 0.93406
00029.jpg 521 190 67 252 0.93193
00029.jpg 323 135 96 361 0.92626
00029.jpg 327 134 105 375 0.92596
00029.jpg 327 145 99 351 0.92070
00029.jpg 523 192 67 240 0.91966
00029.jpg 318 121 108 390 0.91767
00029.jpg 132 65 182 450 0.91747
00029.jpg 321 134 114 364 0.91616
00029.jpg 527 187 66 255 0.91606
00029.jpg 610 86 216 430 0.91516
00029.jpg 524 194 67 248 0.91500
00029.jpg 405 88 146 442 0.91275
00029.jpg 320 136 113 370 0.91113
00029.jpg 529 192 58 243 0.91009
00029.jpg 403 112 144 411 0.90748
00029.jpg 615 85 212 435 0.90514
00029.jpg 527 187 65 252 0.90322
00029.jpg 522 186 72 248 0.90166
00029.jpg 148 53 182 459 0.90033
00029.jpg 614 82 198 453 0.89464
00029.jpg 522 204 73 222 0.89415
00029.jpg 317 151 112 363 0.89260
00029.jpg 525 182 70 267 0.89257
00029.jpg 525 191 67 251 0.89182
00029.jpg 322 148 97 345 0.88509
00029.jpg 321 152 111 358 0.88254
00029.jpg 324 141 106 374 0.87890
00029.jpg 404 61 148 471 0.87606
00029.jpg 525 188 66 261 0.86650
00029.jpg 520 195 71 242 0.86611
00029.jpg 527 187 69 250 0.85854
00029.jpg 313 129 115 376 0.85614
00029.jpg 621 81 206 446 0.85495
00029.jpg 527 192 62 244 0.85379
00029.jpg 523 191 70 242 0.85153
00029.jpg 522 186 70 258 0.84129
00029.jpg 522 196 71 229 0.84074
00029.jpg 140 56 176 464 0.83879
00029.jpg 528 194 59 238 0.83351
00029.jpg 317 141 126 374 0.83246
00029.jpg 142 67 172 457 0.83205
00029.jpg 527 200 67 223 0.83101
00029.jpg 398 65 161 451 0.82533
00029.jpg 320 141 105 366 0.82533
00029.jpg 525 195 68 235 0.81633
00029.jpg 631 68 183 464 0.80842
00029.jpg 322 149 108 348 0.80277
00029.jpg 526 183 75 254 0.80231
00029.jpg 522 180 73 268 0.79554
00029.jpg 626 92 192 439 0.79473
00029.jpg 390 50 171 483 0.79044
00029.jpg 524 191 74 239 0.78954
00029.jpg 398 68 163 467 0.77579
00029.jpg 320 136 115 363 0.76962
00029.jpg 529 192 70 232 0.76586
00029.jpg 372 61 160 464 0.75005
00029.jpg 529 190 64 240 0.74056
00029.jpg 137 62 177 454 0.73751
00029.jpg 128 54 187 448 0.71586
00029.jpg 315 131 113 371 0.71332
00029.jpg 393 70 165 469 0.71252
00029.jpg 517 187 71 255 0.70201
00029.jpg 524 191 64 233 0.70003
00029.jpg 523 189 75 267 0.69604
00029.jpg 323 145 102 346 0.68549
00029.jpg 402 63 163 455 0.68451
00029.jpg 130 72 183 452 0.68064
00029.jpg 404 61 162 470 0.66411
00029.jpg 616 87 207 443 0.64970
00029.jpg 325 128 112 393 0.64633
00029.jpg 321 161 106 321 0.64066
00029.jpg 514 190 89 259 0.62371
00029.jpg 321 149 111 337 0.61396
00029.jpg 405 73 142 435 0.61394
00029.jpg 319 120 128 372 0.61085
00029.jpg 519 190 75 254 0.60734
00029.jpg 524 190 66 251 0.60280
00029.jpg 399 72 150 442 0.60033
00029.jpg 530 190 58 251 0.59877
00029.jpg 393 76 155 446 0.59669
00029.jpg 134 64 169 445 0.58969
00029.jpg 405 82 134 447 0.57774
00029.jpg 128 60 208 446 0.57254
00029.jpg 514 185 82 257 0.56347
00029.jpg 335 111 128 414 0.56017
00029.jpg 621 92 188 434 0.55013
00029.jpg 315 151 118 344 0.54249
00029.jpg 394 61 158 462 0.54184
00029.jpg 603 86 213 453 0.53733
00029.jpg 393 71 153 445 0.52334
00029.jpg 409 97 131 434 0.52321
00029.jpg 628 83 197 426 0.51779
00029.jpg 325 148 106 342 0.50002
