00039.jpg 631 80 228 453 0.99983
00039.jpg 149 58 173 464 0.99966
00039.jpg 631 90 204 439 0.99959
00039.jpg 629 88 223 441 0.99959
00039.jpg 637 79 218 447 0.99940
00039.jpg 630 81 213 449 0.99919
00039.jpg 623 80 231 445 0.99917
00039.jpg 151 64 167 452 0.99916
00039.jpg 641 77 209 458 0.99908
00039.jpg 141 60 189 462 0.99907
00039.jpg 318 127 103 385 0.99904
00039.jpg 641 85 211 434 0.99903
00039.jpg 639 82 204 451 0.99889
00039.jpg 642 80 203 458 0.99883
00039.jpg 131 61 187 445 0.99880
00039.jpg 643 89 207 434 0.99879
00039.jpg 148 57 178 460 0.99870
00039.jpg 149 67 174 441 0.99849
00039.jpg 145 60 178 453 0.99831
00039.jpg 140 50 189 476 0.99795
00039.jpg 144 58 176 461 0.99792
00039.jpg 148 63 180 446 0.99770
00039.jpg 137 52 188 479 0.99757
00039.jpg 630 79 216 446 0.99756
00039.jpg 150 52 174 461 0.99742
00039.jpg 138 67 177 455 0.99731
00039.jpg 648 92 195 421 0.99708
00039.jpg 402 82 163 455 0.99707
00039.jpg 141 53 185 472 0.99674
00039.jpg 321 132 97 385 0.99651
00039.jpg 633 86 221 439 0.99648
00039.jpg 635 70 211 465 0.99641
00039.jpg 157 67 162 458 0.99631
00039.jpg 144 62 173 444 0.99599
00039.jpg 319 134 104 383 0.99595
00039.jpg 635 74 207 454 0.99588
00039.jpg 147 64 179 446 0.99538
00039.jpg 143 50 181 468 0.99504
00039.jpg 628 77 223 460 0.99480
00039.jpg 318 143 105 369 0.99480
00039.jpg 395 73 167 454 0.99459
00039.jpg 626 75 236 460 0.99417
00039.jpg 148 65 178 458 0.99380
00039.jpg 631 76 223 452 0.99365
00039.jpg 152 76 170 440 0.99329
00039.jpg 146 53 185 472 0.99312
00039.jpg 635 81 218 444 0.99282
00039.jpg 639 71 203 452 0.99276
00039.jpg 627 93 224 437 0.99265
00039.jpg 313 123 111 406 0.99131
00039.jpg 315 132 106 382 0.99127
00039.jpg 322 127 99 385 0.99105
00039.jpg 139 64 174 457 0.99043
00039.jpg 395 78 161 450 0.99014
00039.jpg 410 93 151 434 0.98996
00039.jpg 324 128 99 387 0.98912
00039.jpg 320 133 103 391 0.98884
00039.jpg 323 132 94 384 0.98869
00039.jpg 642 86 201 438 0.98738
00039.jpg 143 50 176 479 0.98720
00039.jpg 136 65 190 443 0.98692
00039.jpg 399 74 149 452 0.98669
00039.jpg 400 69 173 465 0.98633
00039.jpg 632 75 209 459 0.98541
00039.jpg 631 83 215 437 0.98502
00039.jpg 316 138 101 380 0.98495
00039.jpg 649 84 204 440 0.98426
00039.jpg 403 82 152 452 0.98277
00039.jpg 404 78 150 455 0.98245
00039.jpg 636 86 208 441 0.98244
00039.jpg 316 123 107 391 0.98244
00039.jpg 320 118 99 394 0.98210
00039.jpg 628 92 217 418 0.98182
00039.jpg 320 134 99 381 0.98141
00039.jpg 318 136 102 371 0.97709
00039.jpg 321 137 102 378 0.97706
00039.jpg 315 134 103 381 0.97655
00039.jpg 387 65 183 465 0.97651
00039.jpg 139 60 182 461 0.97539
00039.jpg 631 91 205 432 0.97385
00039.jpg 150 64 170 460 0.97264
00039.jpg 328 130 100 372 0.97151
00039.jpg 399 86 165 440 0.97105
00039.jpg 641 75 207 459 0.97073
00039.jpg 392 64 176 475 0.97018
00039.jpg 318 123 111 393 0.96989
00039.jpg 140 63 184 465 0.96964
00039.jpg 320 134 100 394 0.96957
00039.jpg 644 85 200 435 0.96773
00039.jpg 629 71 214 463 0.96762
00039.jpg 133 55 191 468 0.96691
00039.jpg 397 84 160 436 0.96637
00039.jpg 628 69 226 459 0.96619
00039.jpg 396 67 178 458 0.96562
00039.jpg 411 81 148 451 0.96477
00039.jpg 315 132 104 380 0.96258
00039.jpg 313 131 118 387 0.96241
00039.jpg 322 136 92 379 0.96213
00039.jpg 318 136 105 385 0.96012
00039.jpg 395 76 162 450 0.95950
00039.jpg 400 80 159 459 0.95931
00039.jpg 323 137 95 377 0.95655
00039.jpg 414 72 131 458 0.95576
00039.jpg 318 132 106 384 0.95325
00039.jpg 322 140 95 367 0.95134
00039.jpg 314 130 110 386 0.94971
00039.jpg 389 105 189 413 0.94929
00039.jpg 401 73 164 466 0.94742
00039.jpg 393 69 175 470 0.94716
00039.jpg 400 75 151 455 0.94616
00039.jpg 642 87 202 424 0.94286
00039.jpg 509 176 66 343 0.93856
00039.jpg 506 182 66 337 0.93856
00039.jpg 640 80 213 459 0.92796
00039.jpg 317 146 109 356 0.92390
00039.jpg 396 69 161 470 0.92320
00039.jpg 395 89 164 443 0.92281
00039.jpg 409 70 154 469 0.91977
00039.jpg 396 65 163 473 0.91406
00039.jpg 319 136 102 389 0.90616
00039.jpg 503 174 80 345 0.90539
00039.jpg 315 140 100 379 0.90230
00039.jpg 400 75 165 464 0.90185
00039.jpg 399 69 154 458 0.90150
00039.jpg 320 124 98 393 0.89701
00039.jpg 505 175 74 348 0.89162
00039.jpg 501 169 76 349 0.89160
00039.jpg 318 137 103 385 0.88816
00039.jpg 152 54 173 457 0.88094
00039.jpg 552 198 47 179 0.87956
00039.jpg 139 62 175 454 0.87917
00039.jpg 632 53 232 476 0.87707
00039.jpg 501 192 67 330 0.87515
00039.jpg 552 185 48 186 0.87243
00039.jpg 409 84 134 449 0.86589
00039.jpg 141 67 184 455 0.86265
00039.jpg 412 69 152 470 0.86090
00039.jpg 547 178 54 210 0.85965
00039.jpg 401 106 146 431 0.85941
00039.jpg 318 140 107 367 0.85667
00039.jpg 554 188 45 187 0.85283
00039.jpg 506 207 62 306 0.85282
00039.jpg 502 171 66 348 0.84544
00039.jpg 504 183 68 323 0.84343
00039.jpg 504 170 68 357 0.84109
00039.jpg 405 94 146 424 0.83920
00039.jpg 510 160 69 348 0.83642
00039.jpg 399 81 161 452 0.83607
00039.jpg 398 93 170 438 0.83500
00039.jpg 321 136 97 373 0.83494
00039.jpg 553 189 43 186 0.83171
00039.jpg 644 77 213 453 0.83133
00039.jpg 506 175 66 349 0.83009
00039.jpg 400 72 159 460 0.82754
00039.jpg 634 83 218 445 0.82747
00039.jpg 315 122 97 386 0.82651
00039.jpg 546 166 49 224 0.81829
00039.jpg 504 168 76 347 0.81402
00039.jpg 555 186 39 192 0.81334
00039.jpg 310 138 121 352 0.81171
00039.jpg 393 81 158 450 0.81115
00039.jpg 153 64 162 466 0.81069
00039.jpg 398 78 148 460 0.80658
00039.jpg 545 183 53 204 0.79978
00039.jpg 507 187 68 326 0.79844
00039.jpg 549 183 49 198 0.78908
00039.jpg 507 198 62 321 0.78876
00039.jpg 502 176 75 335 0.78834
00039.jpg 552 180 43 186 0.78700
00039.jpg 505 179 61 342 0.78459
00039.jpg 407 88 150 429 0.78233
00039.jpg 136 48 181 463 0.78096
00039.jpg 319 139 115 377 0.77311
00039.jpg 400 66 150 473 0.77109
00039.jpg 539 178 54 243 0.76826
00039.jpg 556 184 48 184 0.76792
00039.jpg 158 61 169 458 0.76426
00039.jpg 552 193 44 168 0.76079
00039.jpg 542 189 52 201 0.76069
00039.jpg 502 182 78 338 0.76051
00039.jpg 318 132 105 391 0.76050
00039.jpg 556 193 44 180 0.76021
00039.jpg 545 177 51 208 0.76001
00039.jpg 553 203 42 172 0.75937
00039.jpg 320 127 102 386 0.75699
00039.jpg 408 77 139 454 0.75658
00039.jpg 391 73 173 464 0.74781
00039.jpg 534 180 58 254 0.74680
00039.jpg 502 186 69 336 0.74353
00039.jpg 501 168 84 355 0.74125
00039.jpg 129 59 204 453 0.73797
00039.jpg 502 174 76 345 0.73674
00039.jpg 511 173 72 336 0.73501
00039.jpg 507 179 70 337 0.73435
00039.jpg 158 59 170 472 0.73390
00039.jpg 508 179 71 330 0.71691
00039.jpg 398 71 148 464 0.71529
00039.jpg 504 175 75 348 0.71515
00039.jpg 308 125 119 392 0.71509
00039.jpg 505 171 76 343 0.71445
00039.jpg 307 95 137 421 0.70207
00039.jpg 507 183 66 329 0.69758
00039.jpg 322 132 90 383 0.68944
00039.jpg 505 174 69 349 0.68812
00039.jpg 411 75 116 453 0.68723
00039.jpg 554 183 43 176 0.67996
00039.jpg 145 69 174 456 0.67872
00039.jpg 548 195 50 162 0.67809
00039.jpg 542 172 60 188 0.67809
00039.jpg 316 128 111 386 0.67723
00039.jpg 549 192 54 166 0.67674
00039.jpg 552 205 51 149 0.67398
00039.jpg 317 114 111 389 0.66075
00039.jpg 397 79 199 442 0.65982
00039.jpg 142 70 180 434 0.65691
00039.jpg 551 179 55 181 0.65658
00039.jpg 564 199 36 167 0.64359
00039.jpg 393 113 139 419 0.64054
00039.jpg 513 187 67 338 0.63884
00039.jpg 497 188 86 332 0.63387
00039.jpg 541 165 62 196 0.62866
00039.jpg 556 196 47 180 0.62845
00039.jpg 134 61 183 462 0.62351
00039.jpg 153 51 187 474 0.61721
00039.jpg 323 133 97 394 0.61128
00039.jpg 498 172 87 356 0.60519
00039.jpg 550 199 45 186 0.60402
00039.jpg 318 136 97 375 0.60354
00039.jpg 389 91 176 440 0.60218
00039.jpg 496 151 80 359 0.60131
00039.jpg 500 190 72 340 0.60052
00039.jpg 508 192 65 320 0.59974
00039.jpg 156 53 158 461 0.59621
00039.jpg 561 194 39 161 0.59324
00039.jpg 555 197 43 156 0.59262
00039.jpg 535 162 58 254 0.59030
00039.jpg 407 79 146 460 0.58919
00039.jpg 315 136 103 386 0.58527
00039.jpg 138 63 185 456 0.57868
00039.jpg 546 179 48 207 0.56872
00039.jpg 625 73 214 450 0.55951
00039.jpg 625 84 207 422 0.54619
00039.jpg 499 169 85 359 0.54544
00039.jpg 498 140 97 374 0.54496
00039.jpg 526 174 76 299 0.54467
00039.jpg 626 95 226 423 0.54190
00039.jpg 549 191 51 197 0.53658
00039.jpg 554 170 49 197 0.53603
00039.jpg 508 160 80 356 0.53385
00039.jpg 420 78 134 454 0.52900
00039.jpg 533 176 55 299 0.52786
00039.jpg 405 92 152 433 0.52644
00039.jpg 528 175 54 276 0.52389
00039.jpg 503 181 81 332 0.52388
00039.jpg 547 187 42 176 0.51757
00039.jpg 550 197 41 186 0.51211
00039.jpg 516 171 72 338 0.51211
00039.jpg 385 85 176 451 0.51181
00039.jpg 519 148 72 345 0.50519
