00040.jpg 150 63 168 455 0.99975
00040.jpg 145 63 182 453 0.99966
00040.jpg 146 59 175 458 0.99957
00040.jpg 628 81 211 453 0.99946
00040.jpg 626 89 229 432 0.99919
00040.jpg 635 82 218 450 0.99905
00040.jpg 632 90 208 439 0.99893
00040.jpg 142 47 167 478 0.99889
00040.jpg 632 100 227 425 0.99879
00040.jpg 629 77 225 448 0.99854
00040.jpg 623 86 231 440 0.99831
00040.jpg 630 74 216 458 0.99830
00040.jpg 627 83 225 441 0.99830
00040.jpg 625 84 226 450 0.99826
00040.jpg 311 141 114 373 0.99797
00040.jpg 153 63 155 464 0.99761
00040.jpg 632 74 228 453 0.99752
00040.jpg 404 80 165 440 0.99747
00040.jpg 624 77 227 459 0.99745
00040.jpg 638 73 211 464 0.99740
00040.jpg 628 77 219 445 0.99673
00040.jpg 632 86 221 426 0.99668
00040.jpg 140 60 189 467 0.99646
00040.jpg 147 68 172 448 0.99611
00040.jpg 141 53 183 468 0.99593
00040.jpg 632 87 211 439 0.99553
00040.jpg 147 50 174 473 0.99545
00040.jpg 141 53 175 473 0.99544
00040.jpg 142 61 179 463 0.99535
00040.jpg 148 60 167 453 0.99525
00040.jpg 151 54 173 470 0.99525
00040.jpg 312 137 109 376 0.99516
00040.jpg 628 76 215 456 0.99504
00040.jpg 406 85 156 453 0.99474
00040.jpg 151 63 173 462 0.99460
00040.jpg 634 79 215 454 0.99426
00040.jpg 140 55 188 463 0.99400
00040.jpg 630 90 218 433 0.99390
00040.jpg 403 93 165 425 0.99367
00040.jpg 320 139 97 382 0.99351
00040.jpg 631 84 212 450 0.99333
00040.jpg 146 51 173 478 0.99300
00040.jpg 624 77 235 444 0.99299
00040.jpg 141 56 173 465 0.99297
00040.jpg 152 53 158 454 0.99282
00040.jpg 625 78 223 458 0.99251
00040.jpg 314 135 105 382 0.99232
00040.jpg 622 81 233 451 0.99213
00040.jpg 156 71 162 448 0.99163
00040.jpg 624 71 219 468 0.99138
00040.jpg 142 58 175 468 0.99100
00040.jpg 313 138 108 377 0.99095
00040.jpg 149 49 170 475 0.99027
00040.jpg 316 139 105 379 0.98820
00040.jpg 157 53 153 477 0.98753
00040.jpg 311 146 111 358 0.98711
00040.jpg 311 138 115 373 0.98702
00040.jpg 310 142 115 371 0.98683
00040.jpg 151 69 168 455 0.98614
00040.jpg 313 149 108 365 0.98593
00040.jpg 624 80 228 455 0.98546
00040.jpg 317 140 110 368 0.98517
00040.jpg 147 56 173 479 0.98482
00040.jpg 312 145 110 373 0.98469
00040.jpg 404 71 155 467 0.98447
00040.jpg 309 139 114 368 0.98376
00040.jpg 633 82 206 448 0.98367
00040.jpg 299 143 131 372 0.98277
00040.jpg 627 81 226 439 0.98248
00040.jpg 313 134 108 382 0.98203
00040.jpg 153 55 158 460 0.98180
00040.jpg 409 93 144 430 0.98156
00040.jpg 633 80 203 457 0.98095
00040.jpg 410 64 155 471 0.98044
00040.jpg 310 137 113 384 0.97930
00040.jpg 412 72 151 452 0.97837
00040.jpg 404 73 163 459 0.97740
00040.jpg 309 144 111 369 0.97715
00040.jpg 309 148 111 358 0.97680
00040.jpg 314 147 110 371 0.97633
00040.jpg 147 52 169 459 0.97396
00040.jpg 304 135 127 384 0.97358
00040.jpg 630 80 227 448 0.97357
00040.jpg 502 168 79 350 0.97329
00040.jpg 316 137 106 371 0.97265
00040.jpg 316 139 99 383 0.97255
00040.jpg 404 70 172 452 0.97122
00040.jpg 142 62 183 462 0.97019
00040.jpg 408 75 154 457 0.97012
00040.jpg 412 77 154 449 0.96965
00040.jpg 399 74 167 462 0.96965
00040.jpg 311 143 108 365 0.96954
00040.jpg 311 138 110 386 0.96885
00040.jpg 313 141 110 376 0.96699
00040.jpg 305 145 114 368 0.96595
00040.jpg 314 141 112 372 0.96547
00040.jpg 315 135 110 376 0.96478
00040.jpg 309 139 114 363 0.96451
00040.jpg 503 169 84 360 0.96352
00040.jpg 313 144 109 380 0.96053
00040.jpg 397 75 173 456 0.96023
00040.jpg 310 138 104 377 0.95686
00040.jpg 408 75 157 453 0.95523
00040.jpg 410 72 154 465 0.95387
00040.jpg 139 57 180 458 0.95311
00040.jpg 314 141 107 373 0.95238
00040.jpg 507 176 74 340 0.95176
00040.jpg 625 77 228 462 0.95170
00040.jpg 147 56 173 456 0.95149
00040.jpg 152 51 168 476 0.95147
00040.jpg 402 75 159 451 0.94971
00040.jpg 154 55 156 471 0.94818
00040.jpg 309 130 113 391 0.94561
00040.jpg 144 55 170 474 0.94441
00040.jpg 311 148 112 360 0.94117
00040.jpg 506 172 69 343 0.94022
00040.jpg 404 102 170 421 0.93340
00040.jpg 627 84 216 449 0.93332
00040.jpg 504 178 75 343 0.93103
00040.jpg 507 175 71 340 0.93101
00040.jpg 405 80 148 450 0.92961
00040.jpg 411 87 150 441 0.92959
00040.jpg 144 56 176 470 0.92920
00040.jpg 143 59 165 457 0.92743
00040.jpg 414 75 150 458 0.92459
00040.jpg 154 58 161 469 0.92330
00040.jpg 142 42 178 465 0.92316
00040.jpg 315 139 104 362 0.92067
00040.jpg 145 53 160 466 0.91813
00040.jpg 383 82 200 455 0.91376
00040.jpg 308 123 120 390 0.91330
00040.jpg 506 169 71 357 0.91317
00040.jpg 499 177 81 329 0.90785
00040.jpg 501 156 76 369 0.90700
00040.jpg 410 68 149 471 0.90391
00040.jpg 314 148 113 361 0.90217
00040.jpg 512 190 66 335 0.90113
00040.jpg 402 73 178 466 0.89558
00040.jpg 506 189 72 336 0.89540
00040.jpg 402 81 163 458 0.89138
00040.jpg 404 72 155 467 0.88910
00040.jpg 405 78 169 435 0.88642
00040.jpg 415 83 142 456 0.88613
00040.jpg 503 194 73 329 0.88157
00040.jpg 503 197 73 324 0.87733
00040.jpg 505 182 76 339 0.87588
00040.jpg 311 139 107 374 0.87382
00040.jpg 309 135 114 380 0.87093
00040.jpg 627 93 213 434 0.85493
00040.jpg 403 82 156 452 0.85419
00040.jpg 408 69 142 468 0.85013
00040.jpg 317 147 110 368 0.84837
00040.jpg 303 138 121 363 0.84551
00040.jpg 510 187 64 323 0.83446
00040.jpg 144 65 178 452 0.82899
00040.jpg 504 185 76 338 0.82823
00040.jpg 311 140 104 363 0.82567
00040.jpg 499 158 92 362 0.82302
00040.jpg 408 89 145 429 0.82224
00040.jpg 408 106 150 426 0.82038
00040.jpg 634 86 227 431 0.81989
00040.jpg 404 106 147 413 0.80775
00040.jpg 404 68 159 471 0.80592
00040.jpg 145 43 174 483 0.80421
00040.jpg 504 188 70 337 0.80105
00040.jpg 632 80 198 453 0.80076
00040.jpg 510 187 64 335 0.80046
00040.jpg 398 101 155 427 0.80038
00040.jpg 504 184 75 328 0.79655
00040.jpg 622 91 230 437 0.79561
00040.jpg 503 195 75 328 0.79172
00040.jpg 637 76 224 456 0.78641
00040.jpg 501 179 81 345 0.78578
00040.jpg 504 180 71 350 0.78251
00040.jpg 497 181 86 351 0.78088
00040.jpg 506 164 80 358 0.77522
00040.jpg 404 72 166 461 0.77060
00040.jpg 509 197 67 317 0.76051
00040.jpg 631 86 222 433 0.76040
00040.jpg 505 168 79 367 0.75654
00040.jpg 501 178 70 340 0.75640
00040.jpg 620 97 215 422 0.75356
00040.jpg 138 40 167 492 0.75106
00040.jpg 614 68 244 464 0.74539
00040.jpg 502 191 83 328 0.74417
00040.jpg 506 188 72 333 0.74327
00040.jpg 141 54 179 465 0.73882
00040.jpg 501 183 78 341 0.73833
00040.jpg 516 155 75 341 0.73270
00040.jpg 502 196 85 320 0.72647
00040.jpg 311 143 100 368 0.72154
00040.jpg 633 84 222 438 0.71416
00040.jpg 629 77 211 451 0.71142
00040.jpg 405 76 153 455 0.70613
00040.jpg 152 50 174 466 0.70358
00040.jpg 515 176 68 339 0.70348
00040.jpg 403 116 127 418 0.70348
00040.jpg 501 139 88 392 0.70091
00040.jpg 499 176 82 348 0.69752
00040.jpg 618 94 220 418 0.69171
00040.jpg 423 82 132 451 0.68831
00040.jpg 408 87 146 436 0.67457
00040.jpg 407 66 149 473 0.67121
00040.jpg 494 166 99 353 0.67004
00040.jpg 417 124 117 404 0.66246
00040.jpg 509 206 71 313 0.66214
00040.jpg 154 88 156 444 0.65822
00040.jpg 144 59 183 462 0.65696
00040.jpg 498 166 81 362 0.65683
00040.jpg 554 211 40 159 0.64631
00040.jpg 294 120 138 403 0.64240
00040.jpg 404 86 164 437 0.64125
00040.jpg 541 166 58 228 0.63904
00040.jpg 400 90 146 442 0.63771
00040.jpg 394 82 171 452 0.63077
00040.jpg 408 77 138 451 0.63025
00040.jpg 546 172 54 264 0.62718
00040.jpg 627 79 199 449 0.62688
00040.jpg 501 190 94 334 0.62415
00040.jpg 397 115 137 413 0.61939
00040.jpg 504 218 71 294 0.60342
00040.jpg 623 91 219 426 0.60308
00040.jpg 503 162 81 373 0.59935
00040.jpg 315 154 107 350 0.59269
00040.jpg 509 181 84 351 0.58992
00040.jpg 498 196 87 320 0.58326
00040.jpg 143 64 177 441 0.57990
00040.jpg 521 154 65 333 0.56903
00040.jpg 416 73 157 466 0.56656
00040.jpg 312 152 105 353 0.56493
00040.jpg 557 221 45 128 0.56462
00040.jpg 553 217 44 141 0.56190
00040.jpg 495 184 89 337 0.55977
00040.jpg 625 83 213 450 0.54920
00040.jpg 144 55 171 464 0.54801
00040.jpg 511 179 74 348 0.54271
00040.jpg 410 78 140 450 0.54247
00040.jpg 555 200 40 166 0.53083
00040.jpg 401 71 184 457 0.52868
00040.jpg 501 194 71 320 0.51785
00040.jpg 322 138 100 390 0.51392
00040.jpg 557 221 37 150 0.51287
