00028.jpg 700 259 77 224 0.99932
00028.jpg 468 275 74 210 0.99763
00028.jpg 694 259 79 233 0.99754
00028.jpg 697 257 79 233 0.99704
00028.jpg 57 269 104 253 0.99662
00028.jpg 790 53 169 462 0.99656
00028.jpg 800 60 158 465 0.99642
00028.jpg 688 262 88 233 0.99638
00028.jpg 53 266 107 252 0.99624
00028.jpg 696 257 78 234 0.99610
00028.jpg 537 230 70 301 0.99579
00028.jpg 470 288 69 178 0.99567
00028.jpg 473 278 63 200 0.99507
00028.jpg 538 231 66 289 0.99490
00028.jpg 788 62 171 459 0.99467
00028.jpg 800 50 159 475 0.99432
00028.jpg 635 324 60 115 0.99372
00028.jpg 473 276 66 201 0.99370
00028.jpg 538 222 67 310 0.99337
00028.jpg 697 254 77 241 0.99330
00028.jpg 54 266 109 259 0.99315
00028.jpg 698 260 74 233 0.99305
00028.jpg 476 279 64 191 0.99304
00028.jpg 540 229 66 304 0.99291
00028.jpg 59 264 97 264 0.99283
00028.jpg 537 237 70 287 0.99247
00028.jpg 697 257 79 242 0.99191
00028.jpg 794 48 164 474 0.99170
00028.jpg 790 55 169 453 0.99158
00028.jpg 699 254 75 233 0.99142
00028.jpg 471 290 73 180 0.99125
00028.jpg 701 260 79 223 0.99105
00028.jpg 55 276 108 254 0.99105
00028.jpg 536 235 68 295 0.99038
00028.jpg 472 292 63 182 0.99026
00028.jpg 472 291 65 179 0.99019
00028.jpg 53 263 102 264 0.99010
00028.jpg 471 283 61 188 0.98997
00028.jpg 59 263 97 265 0.98985
00028.jpg 469 288 74 186 0.98909
00028.jpg 474 283 67 185 0.98897
00028.jpg 793 68 158 442 0.98894
00028.jpg 785 53 168 465 0.98861
00028.jpg 474 282 64 195 0.98861
00028.jpg 791 67 161 438 0.98856
00028.jpg 694 257 79 236 0.98852
00028.jpg 634 324 63 110 0.98851
00028.jpg 634 326 61 112 0.98821
00028.jpg 696 259 83 235 0.98770
00028.jpg 472 289 71 183 0.98736
00028.jpg 539 236 67 289 0.98699
00028.jpg 56 263 103 265 0.98676
00028.jpg 58 266 102 259 0.98638
00028.jpg 541 237 67 284 0.98632
00028.jpg 695 259 74 237 0.98610
00028.jpg 55 269 108 261 0.98587
00028.jpg 472 286 71 185 0.98560
00028.jpg 474 288 64 184 0.98560
00028.jpg 794 51 153 473 0.98545
00028.jpg 59 270 99 260 0.98542
00028.jpg 698 259 74 235 0.98490
00028.jpg 58 270 106 248 0.98486
00028.jpg 694 256 79 232 0.98455
00028.jpg 475 293 60 176 0.98382
00028.jpg 697 260 77 226 0.98378
00028.jpg 792 52 166 469 0.98368
00028.jpg 633 325 61 110 0.98319
00028.jpg 634 323 62 121 0.98265
00028.jpg 474 288 63 183 0.98262
00028.jpg 472 289 67 184 0.98195
00028.jpg 471 286 66 192 0.98180
00028.jpg 533 232 77 298 0.98174
00028.jpg 538 227 70 297 0.98135
00028.jpg 472 294 70 168 0.98106
00028.jpg 541 228 64 299 0.98073
00028.jpg 56 258 107 271 0.98032
00028.jpg 699 262 76 227 0.97991
00028.jpg 696 261 74 233 0.97894
00028.jpg 539 231 67 290 0.97842
00028.jpg 55 266 102 262 0.97826
00028.jpg 635 324 61 111 0.97807
00028.jpg 60 267 97 262 0.97792
00028.jpg 472 288 72 184 0.97780
00028.jpg 474 282 69 195 0.97767
00028.jpg 58 270 99 247 0.97724
00028.jpg 701 259 69 227 0.97697
00028.jpg 696 261 83 226 0.97674
00028.jpg 472 287 63 188 0.97654
00028.jpg 55 260 105 272 0.97566
00028.jpg 4 301 61 149 0.97516
00028.jpg 59 262 94 259 0.97484
00028.jpg 700 253 73 243 0.97457
00028.jpg 469 293 68 173 0.97314
00028.jpg 695 267 82 222 0.97286
00028.jpg 695 265 77 230 0.97239
00028.jpg 783 51 176 468 0.97167
00028.jpg 783 58 176 462 0.97167
00028.jpg 694 251 83 236 0.97118
00028.jpg 143 223 103 303 0.97046
00028.jpg 691 251 85 238 0.97042
00028.jpg 60 265 94 256 0.97025
00028.jpg 633 326 66 107 0.96991
00028.jpg 468 284 74 196 0.96953
00028.jpg 471 276 69 203 0.96806
00028.jpg 693 258 82 234 0.96789
00028.jpg 791 59 168 462 0.96787
00028.jpg 792 50 154 462 0.96741
00028.jpg 52 265 117 253 0.96643
00028.jpg 690 258 83 239 0.96635
00028.jpg 794 61 164 457 0.96634
00028.jpg 636 326 56 106 0.96618
00028.jpg 473 292 65 177 0.96617
00028.jpg 56 271 103 239 0.96610
00028.jpg 154 229 85 282 0.96589
00028.jpg 542 233 69 295 0.96575
00028.jpg 59 273 103 250 0.96565
00028.jpg 473 292 64 182 0.96533
00028.jpg 55 264 100 264 0.96503
00028.jpg 57 266 99 261 0.96484
00028.jpg 787 56 169 453 0.96439
00028.jpg 473 292 66 182 0.96411
00028.jpg 468 284 74 190 0.96399
00028.jpg 138 221 102 313 0.96309
00028.jpg 2 304 58 142 0.96219
00028.jpg 145 230 94 297 0.96210
00028.jpg 636 326 60 108 0.96192
00028.jpg 636 324 60 114 0.96179
00028.jpg 144 244 87 277 0.96145
00028.jpg 141 240 100 296 0.96133
00028.jpg 471 283 62 188 0.96078
00028.jpg 471 284 68 189 0.96066
00028.jpg 633 326 62 114 0.96016
00028.jpg 637 326 58 110 0.95896
00028.jpg 789 66 154 440 0.95694
00028.jpg 698 261 75 227 0.95656
00028.jpg 68 257 92 269 0.95427
00028.jpg 637 324 58 113 0.95403
00028.jpg 472 288 68 179 0.95401
00028.jpg 476 283 61 189 0.95398
00028.jpg 638 326 57 117 0.95396
00028.jpg 697 258 79 238 0.95299
00028.jpg 56 269 103 250 0.95273
00028.jpg 540 233 63 292 0.95153
00028.jpg 5 303 55 154 0.95104
00028.jpg 700 263 76 227 0.95001
00028.jpg 538 228 64 297 0.94952
00028.jpg 694 256 81 231 0.94840
00028.jpg 787 61 172 451 0.94811
00028.jpg 693 261 78 227 0.94661
00028.jpg 473 288 72 182 0.94604
00028.jpg 543 229 70 299 0.94570
00028.jpg 693 257 75 236 0.94562
00028.jpg 60 264 103 259 0.94520
00028.jpg 636 326 55 115 0.94477
00028.jpg 537 234 76 288 0.94464
00028.jpg 146 235 97 284 0.94360
00028.jpg 61 275 101 239 0.94319
00028.jpg 63 281 96 236 0.94197
00028.jpg 636 327 57 106 0.94153
00028.jpg 471 286 67 185 0.93954
00028.jpg 788 55 166 468 0.93866
00028.jpg 4 303 57 146 0.93775
00028.jpg 542 235 68 286 0.93764
00028.jpg 55 268 108 257 0.93714
00028.jpg 144 225 105 294 0.93585
00028.jpg 636 325 57 109 0.93518
00028.jpg 800 32 155 497 0.93426
00028.jpg 54 257 104 268 0.93387
00028.jpg 478 280 63 199 0.93346
00028.jpg 51 256 111 272 0.93205
00028.jpg 691 255 83 234 0.93050
00028.jpg 140 239 90 294 0.93046
00028.jpg 635 326 57 116 0.92987
00028.jpg 536 229 75 305 0.92952
00028.jpg 55 264 104 266 0.92914
00028.jpg 61 270 101 246 0.92796
00028.jpg 0 302 63 150 0.92670
00028.jpg 0 299 64 158 0.92632
00028.jpg 801 67 158 457 0.92613
00028.jpg 6 305 51 142 0.92601
00028.jpg 4 305 60 141 0.92595
00028.jpg 135 236 108 300 0.92559
00028.jpg 56 271 101 248 0.92504
00028.jpg 540 239 67 284 0.92470
00028.jpg 0 305 62 151 0.92317
00028.jpg 697 266 81 223 0.92276
00028.jpg 471 284 77 194 0.92181
00028.jpg 53 267 104 259 0.92044
00028.jpg 3 302 61 164 0.91908
00028.jpg 540 225 66 300 0.91766
00028.jpg 143 232 95 297 0.91738
00028.jpg 1 305 59 138 0.91731
00028.jpg 55 267 103 254 0.91612
00028.jpg 634 328 60 117 0.91547
00028.jpg 473 289 69 180 0.91528
00028.jpg 145 227 88 310 0.91449
00028.jpg 60 258 97 261 0.91443
00028.jpg 8 305 51 137 0.91442
00028.jpg 631 326 64 109 0.91357
00028.jpg 534 228 75 299 0.91322
00028.jpg 636 326 58 108 0.91009
00028.jpg 56 273 104 245 0.90860
00028.jpg 481 289 58 178 0.90796
00028.jpg 55 263 101 265 0.90689
00028.jpg 696 261 75 230 0.90673
00028.jpg 638 327 59 103 0.90585
00028.jpg 697 261 77 229 0.90547
00028.jpg 470 286 62 183 0.90484
00028.jpg 2 298 63 162 0.90471
00028.jpg 634 327 61 107 0.90328
00028.jpg 138 240 103 288 0.90246
00028.jpg 700 257 77 233 0.90105
00028.jpg 143 225 103 304 0.90070
00028.jpg 60 266 96 263 0.90055
00028.jpg 56 261 101 271 0.90032
00028.jpg 62 262 101 261 0.89778
00028.jpg 631 325 67 123 0.89684
00028.jpg 539 235 65 280 0.89451
00028.jpg 54 252 100 279 0.89415
00028.jpg 146 235 102 300 0.89307
00028.jpg 803 61 148 442 0.89257
00028.jpg 634 328 60 104 0.88956
00028.jpg 631 329 63 103 0.88657
00028.jpg 536 234 71 291 0.88648
00028.jpg 635 325 55 114 0.88620
00028.jpg 542 216 63 320 0.88471
00028.jpg 792 52 167 472 0.88278
00028.jpg 635 324 62 112 0.87880
00028.jpg 154 232 93 280 0.87789
00028.jpg 634 323 64 118 0.87738
00028.jpg 542 230 70 298 0.87519
00028.jpg 636 322 59 119 0.87354
00028.jpg 156 230 92 272 0.87325
00028.jpg 692 265 77 216 0.87301
00028.jpg 699 259 77 235 0.87278
00028.jpg 777 44 182 485 0.87125
00028.jpg 694 262 79 226 0.87065
00028.jpg 160 226 82 268 0.86874
00028.jpg 700 260 71 228 0.86794
00028.jpg 536 243 75 279 0.86788
00028.jpg 468 284 74 191 0.86713
00028.jpg 635 320 58 113 0.86593
00028.jpg 698 262 74 229 0.86374
00028.jpg 637 327 57 117 0.86280
00028.jpg 538 238 72 284 0.86055
00028.jpg 5 302 57 147 0.85972
00028.jpg 140 241 103 286 0.85956
00028.jpg 2 307 65 147 0.85813
00028.jpg 0 307 64 144 0.85602
00028.jpg 540 222 66 304 0.85540
00028.jpg 538 222 70 299 0.85311
00028.jpg 0 308 65 135 0.85311
00028.jpg 59 265 102 255 0.85005
00028.jpg 540 228 72 303 0.84949
00028.jpg 142 238 95 293 0.84609
00028.jpg 58 274 106 229 0.84332
00028.jpg 784 59 175 456 0.84257
00028.jpg 635 322 62 123 0.84202
00028.jpg 471 279 70 201 0.83850
00028.jpg 2 305 63 141 0.83849
00028.jpg 133 234 107 301 0.83139
00028.jpg 138 233 99 296 0.83102
00028.jpg 789 52 170 482 0.82847
00028.jpg 540 229 68 301 0.82835
00028.jpg 5 305 52 133 0.82585
00028.jpg 6 303 60 155 0.82375
00028.jpg 53 260 105 265 0.82027
00028.jpg 139 235 91 301 0.81955
00028.jpg 542 230 68 295 0.81837
00028.jpg 160 228 89 266 0.81813
00028.jpg 166 239 77 190 0.81728
00028.jpg 472 281 73 200 0.81594
00028.jpg 53 254 106 282 0.81475
00028.jpg 863 67 81 71 0.81420
00028.jpg 541 240 66 290 0.81110
00028.jpg 56 275 112 245 0.81083
00028.jpg 641 324 55 110 0.80823
00028.jpg 3 306 50 136 0.80790
00028.jpg 472 283 64 183 0.80605
00028.jpg 697 260 71 225 0.80470
00028.jpg 532 238 74 267 0.80195
00028.jpg 694 261 81 233 0.79789
00028.jpg 0 303 62 159 0.79497
00028.jpg 0 309 64 166 0.79189
00028.jpg 147 234 94 290 0.78976
00028.jpg 2 307 57 136 0.78745
00028.jpg 6 306 55 153 0.78463
00028.jpg 699 254 75 231 0.78316
00028.jpg 468 279 65 199 0.78149
00028.jpg 793 67 164 446 0.77769
00028.jpg 531 233 80 296 0.77709
00028.jpg 700 264 79 219 0.77473
00028.jpg 542 230 71 296 0.77350
00028.jpg 471 286 69 190 0.77075
00028.jpg 61 262 102 256 0.76658
00028.jpg 168 245 76 183 0.76596
00028.jpg 2 298 57 154 0.76174
00028.jpg 158 229 82 233 0.76161
00028.jpg 541 227 66 296 0.75854
00028.jpg 791 67 168 433 0.75705
00028.jpg 58 269 109 244 0.75453
00028.jpg 136 246 99 284 0.75299
00028.jpg 867 66 74 70 0.74788
00028.jpg 6 301 55 140 0.74397
00028.jpg 538 235 74 280 0.74284
00028.jpg 638 322 59 114 0.73936
00028.jpg 61 268 110 248 0.73718
00028.jpg 62 248 95 281 0.73700
00028.jpg 143 241 102 278 0.73613
00028.jpg 0 296 65 174 0.73542
00028.jpg 867 69 80 74 0.73199
00028.jpg 697 261 76 232 0.73066
00028.jpg 1 303 55 150 0.73037
00028.jpg 480 280 67 195 0.72821
00028.jpg 164 231 78 234 0.72625
00028.jpg 8 297 56 150 0.72449
00028.jpg 632 322 62 127 0.72406
00028.jpg 866 65 82 72 0.72379
00028.jpg 54 274 97 237 0.72347
00028.jpg 867 63 72 77 0.72231
00028.jpg 149 239 78 297 0.71877
00028.jpg 1 309 61 129 0.71762
00028.jpg 538 234 69 294 0.71235
00028.jpg 864 62 79 74 0.71205
00028.jpg 151 235 88 290 0.71131
00028.jpg 792 55 164 458 0.70637
00028.jpg 638 324 61 113 0.70596
00028.jpg 863 55 79 87 0.70577
00028.jpg 790 71 163 456 0.70438
00028.jpg 538 234 68 278 0.70402
00028.jpg 167 251 61 187 0.70182
00028.jpg 145 246 89 286 0.70156
00028.jpg 538 239 66 274 0.70002
00028.jpg 9 307 51 132 0.69690
00028.jpg 539 237 64 282 0.68562
00028.jpg 50 258 115 279 0.68398
00028.jpg 161 226 83 279 0.67699
00028.jpg 537 233 61 294 0.67346
00028.jpg 170 237 73 224 0.67315
00028.jpg 140 227 102 311 0.67304
00028.jpg 172 236 69 217 0.67288
00028.jpg 861 64 84 80 0.67203
00028.jpg 694 261 76 221 0.67167
00028.jpg 866 60 74 76 0.67073
00028.jpg 169 235 75 229 0.66834
00028.jpg 872 67 68 76 0.66755
00028.jpg 173 244 66 197 0.66606
00028.jpg 633 318 58 130 0.66551
00028.jpg 536 241 70 266 0.66199
00028.jpg 869 67 74 72 0.65984
00028.jpg 162 227 84 286 0.65350
00028.jpg 631 321 62 117 0.65323
00028.jpg 170 243 68 184 0.65247
00028.jpg 870 67 74 68 0.65231
00028.jpg 56 272 97 235 0.64782
00028.jpg 142 256 96 272 0.64632
00028.jpg 638 327 54 107 0.64528
00028.jpg 171 240 65 182 0.64047
00028.jpg 632 325 67 125 0.63974
00028.jpg 52 272 102 255 0.63940
00028.jpg 158 233 75 240 0.63588
00028.jpg 464 280 79 203 0.63494
00028.jpg 868 65 81 73 0.63256
00028.jpg 1 303 57 161 0.63149
00028.jpg 537 241 80 278 0.62830
00028.jpg 473 286 71 194 0.62559
00028.jpg 142 259 91 260 0.62256
00028.jpg 791 59 168 455 0.61714
00028.jpg 69 267 96 261 0.61571
00028.jpg 870 65 73 69 0.61101
00028.jpg 469 288 68 181 0.61039
00028.jpg 537 240 72 247 0.60876
00028.jpg 173 224 65 202 0.60795
00028.jpg 868 61 77 72 0.60640
00028.jpg 774 33 185 494 0.60620
00028.jpg 538 242 74 283 0.60526
00028.jpg 44 272 119 236 0.60440
00028.jpg 159 223 93 284 0.60357
00028.jpg 2 304 59 130 0.59717
00028.jpg 634 325 57 108 0.59104
00028.jpg 872 66 76 74 0.59049
00028.jpg 700 267 77 221 0.59006
00028.jpg 870 63 62 73 0.58732
00028.jpg 8 309 56 134 0.58667
00028.jpg 696 256 83 236 0.58575
00028.jpg 8 302 54 186 0.58294
00028.jpg 476 290 64 180 0.58238
00028.jpg 149 230 97 279 0.57678
00028.jpg 153 247 78 269 0.57654
00028.jpg 637 326 56 110 0.57244
00028.jpg 867 67 72 73 0.56913
00028.jpg 701 260 78 230 0.56869
00028.jpg 140 220 100 310 0.56826
00028.jpg 795 64 159 443 0.56587
00028.jpg 863 59 85 92 0.56269
00028.jpg 173 239 62 191 0.56211
00028.jpg 699 255 79 238 0.55353
00028.jpg 135 261 90 267 0.55249
00028.jpg 627 322 72 125 0.55198
00028.jpg 55 263 101 251 0.54628
00028.jpg 2 303 62 180 0.54227
00028.jpg 867 60 69 78 0.53209
00028.jpg 6 300 52 210 0.53124
00028.jpg 630 323 61 127 0.52847
00028.jpg 474 287 70 180 0.52620
00028.jpg 868 64 69 71 0.52473
00028.jpg 174 240 62 190 0.52406
00028.jpg 0 298 67 137 0.52077
00028.jpg 857 74 86 58 0.51818
00028.jpg 546 236 68 294 0.51159
00028.jpg 630 308 62 148 0.51100
00028.jpg 702 264 66 229 0.50898
00028.jpg 638 334 54 114 0.50778
00028.jpg 866 72 77 70 0.50638
00028.jpg 173 242 58 185 0.50372
00028.jpg 797 61 157 468 0.50319
00028.jpg 866 73 83 68 0.50309
00028.jpg 136 271 96 255 0.50089
