00022.jpg 683 271 87 222 0.99914
00022.jpg 623 334 69 131 0.99902
00022.jpg 96 251 112 285 0.99865
00022.jpg 683 268 91 221 0.99854
00022.jpg 688 271 85 226 0.99822
00022.jpg 680 270 95 226 0.99810
00022.jpg 205 228 117 304 0.99807
00022.jpg 95 254 117 275 0.99780
00022.jpg 687 267 84 227 0.99761
00022.jpg 619 334 73 132 0.99754
00022.jpg 684 270 90 214 0.99745
00022.jpg 208 233 112 296 0.99735
00022.jpg 98 258 109 273 0.99712
00022.jpg 201 234 120 297 0.99705
00022.jpg 483 265 130 248 0.99703
00022.jpg 200 232 119 301 0.99700
00022.jpg 203 225 111 309 0.99680
00022.jpg 94 249 117 282 0.99674
00022.jpg 206 228 114 305 0.99674
00022.jpg 16 301 62 165 0.99666
00022.jpg 689 272 81 222 0.99635
00022.jpg 102 258 110 264 0.99635
00022.jpg 687 265 83 235 0.99634
00022.jpg 200 228 120 305 0.99618
00022.jpg 822 66 137 441 0.99611
00022.jpg 207 224 114 312 0.99551
00022.jpg 621 331 73 137 0.99542
00022.jpg 686 267 78 226 0.99509
00022.jpg 96 254 115 276 0.99502
00022.jpg 621 334 72 126 0.99482
00022.jpg 684 266 90 231 0.99465
00022.jpg 688 270 81 228 0.99463
00022.jpg 103 255 101 278 0.99443
00022.jpg 792 335 44 122 0.99418
00022.jpg 98 255 117 274 0.99400
00022.jpg 206 230 107 304 0.99388
00022.jpg 15 302 66 169 0.99367
00022.jpg 14 303 66 172 0.99360
00022.jpg 96 251 112 280 0.99343
00022.jpg 206 233 105 301 0.99339
00022.jpg 102 256 112 272 0.99338
00022.jpg 91 252 120 283 0.99335
00022.jpg 16 307 56 165 0.99286
00022.jpg 479 271 138 257 0.99279
00022.jpg 621 334 73 128 0.99232
00022.jpg 684 269 86 217 0.99190
00022.jpg 486 275 129 246 0.99176
00022.jpg 474 266 133 262 0.99174
00022.jpg 22 305 55 164 0.99171
00022.jpg 202 226 119 309 0.99170
00022.jpg 199 235 114 296 0.99166
00022.jpg 478 262 132 254 0.99138
00022.jpg 789 329 46 133 0.99137
00022.jpg 101 254 104 278 0.99131
00022.jpg 683 267 88 226 0.99122
00022.jpg 18 311 63 154 0.99101
00022.jpg 100 256 110 275 0.99070
00022.jpg 681 264 94 226 0.99038
00022.jpg 619 327 71 143 0.99015
00022.jpg 624 330 68 139 0.99014
00022.jpg 479 255 125 272 0.98992
00022.jpg 200 233 115 294 0.98931
00022.jpg 626 332 68 132 0.98913
00022.jpg 98 246 108 278 0.98869
00022.jpg 687 267 83 225 0.98851
00022.jpg 687 272 78 224 0.98845
00022.jpg 202 222 115 311 0.98827
00022.jpg 205 227 114 312 0.98787
00022.jpg 203 231 113 304 0.98786
00022.jpg 16 308 58 157 0.98747
00022.jpg 624 332 66 133 0.98728
00022.jpg 478 260 130 265 0.98718
00022.jpg 822 67 126 449 0.98715
00022.jpg 94 244 123 294 0.98693
00022.jpg 682 273 85 220 0.98687
00022.jpg 484 270 127 257 0.98686
00022.jpg 13 306 67 157 0.98652
00022.jpg 201 226 116 312 0.98607
00022.jpg 685 270 83 221 0.98597
00022.jpg 206 230 121 299 0.98595
00022.jpg 808 59 151 463 0.98525
00022.jpg 206 227 113 310 0.98521
00022.jpg 686 274 83 224 0.98507
00022.jpg 15 299 62 168 0.98484
00022.jpg 825 71 134 437 0.98403
00022.jpg 18 305 59 162 0.98395
00022.jpg 204 224 116 306 0.98340
00022.jpg 478 268 135 249 0.98327
00022.jpg 19 305 57 171 0.98303
00022.jpg 683 273 93 217 0.98303
00022.jpg 206 233 112 304 0.98289
00022.jpg 476 263 135 263 0.98280
00022.jpg 688 268 79 228 0.98279
00022.jpg 208 222 109 317 0.98258
00022.jpg 684 267 91 227 0.98215
00022.jpg 682 269 85 231 0.98214
00022.jpg 481 252 123 282 0.98212
00022.jpg 14 309 67 161 0.98176
00022.jpg 475 261 133 262 0.98156
00022.jpg 683 272 87 220 0.98147
00022.jpg 475 259 130 260 0.98140
00022.jpg 480 257 126 268 0.98140
00022.jpg 620 336 69 124 0.98073
00022.jpg 485 270 123 250 0.98033
00022.jpg 829 61 128 451 0.98030
00022.jpg 210 231 107 307 0.98014
00022.jpg 477 266 135 260 0.97986
00022.jpg 681 263 92 230 0.97941
00022.jpg 96 253 112 276 0.97902
00022.jpg 794 333 42 121 0.97759
00022.jpg 99 254 107 283 0.97722
00022.jpg 19 303 62 173 0.97695
00022.jpg 625 337 64 128 0.97691
00022.jpg 202 238 113 287 0.97622
00022.jpg 476 263 125 255 0.97618
00022.jpg 682 266 95 228 0.97596
00022.jpg 681 270 88 222 0.97552
00022.jpg 478 256 126 268 0.97487
00022.jpg 103 255 103 274 0.97468
00022.jpg 104 253 102 276 0.97443
00022.jpg 818 68 130 447 0.97375
00022.jpg 793 332 43 128 0.97352
00022.jpg 481 248 126 277 0.97323
00022.jpg 792 334 39 126 0.97260
00022.jpg 794 339 40 113 0.97235
00022.jpg 684 269 82 220 0.97221
00022.jpg 206 227 105 306 0.97179
00022.jpg 827 63 126 444 0.97123
00022.jpg 621 333 72 133 0.97085
00022.jpg 100 252 114 275 0.97074
00022.jpg 810 71 149 446 0.97069
00022.jpg 475 267 140 253 0.97000
00022.jpg 620 331 70 134 0.96983
00022.jpg 476 277 135 246 0.96945
00022.jpg 479 262 130 265 0.96928
00022.jpg 683 266 87 226 0.96896
00022.jpg 684 272 87 222 0.96845
00022.jpg 17 301 62 167 0.96823
00022.jpg 830 59 129 466 0.96784
00022.jpg 794 335 43 121 0.96780
00022.jpg 480 266 138 257 0.96739
00022.jpg 480 269 131 254 0.96722
00022.jpg 104 255 107 272 0.96705
00022.jpg 482 261 129 260 0.96673
00022.jpg 686 264 85 230 0.96655
00022.jpg 794 336 39 115 0.96528
00022.jpg 794 335 39 115 0.96525
00022.jpg 627 333 63 130 0.96513
00022.jpg 98 251 108 276 0.96511
00022.jpg 621 333 70 133 0.96490
00022.jpg 100 249 109 279 0.96475
00022.jpg 105 252 103 279 0.96453
00022.jpg 202 228 114 311 0.96435
00022.jpg 478 263 132 256 0.96402
00022.jpg 95 245 111 289 0.96397
00022.jpg 481 279 128 238 0.96372
00022.jpg 791 331 42 126 0.96347
00022.jpg 96 253 113 275 0.96323
00022.jpg 14 310 67 155 0.96311
00022.jpg 791 332 48 127 0.96278
00022.jpg 683 274 87 213 0.96153
00022.jpg 624 334 64 124 0.96134
00022.jpg 679 273 96 216 0.96101
00022.jpg 477 256 129 270 0.96074
00022.jpg 625 332 65 131 0.96066
00022.jpg 824 72 134 459 0.96030
00022.jpg 202 235 122 286 0.96027
00022.jpg 18 306 56 160 0.95950
00022.jpg 625 334 66 128 0.95923
00022.jpg 685 267 89 224 0.95921
00022.jpg 101 252 108 279 0.95886
00022.jpg 483 260 127 260 0.95839
00022.jpg 474 274 139 246 0.95776
00022.jpg 19 307 59 165 0.95671
00022.jpg 479 257 124 270 0.95653
00022.jpg 202 227 115 311 0.95555
00022.jpg 481 260 118 255 0.95448
00022.jpg 20 302 52 165 0.95434
00022.jpg 208 235 107 294 0.95414
00022.jpg 100 251 111 279 0.95349
00022.jpg 95 247 114 285 0.95215
00022.jpg 479 268 132 258 0.95212
00022.jpg 487 261 120 265 0.95196
00022.jpg 478 257 128 267 0.95170
00022.jpg 822 50 134 466 0.95156
00022.jpg 789 329 48 128 0.94952
00022.jpg 15 310 63 157 0.94937
00022.jpg 623 331 66 130 0.94877
00022.jpg 791 337 49 121 0.94782
00022.jpg 478 269 139 248 0.94752
00022.jpg 16 306 60 160 0.94687
00022.jpg 16 301 59 173 0.94685
00022.jpg 18 300 60 174 0.94677
00022.jpg 621 335 71 129 0.94641
00022.jpg 210 235 111 300 0.94535
00022.jpg 97 260 108 265 0.94444
00022.jpg 480 256 135 280 0.94414
00022.jpg 617 331 72 137 0.94326
00022.jpg 627 334 64 129 0.94257
00022.jpg 95 249 117 288 0.94098
00022.jpg 477 262 133 254 0.93861
00022.jpg 201 232 113 294 0.93675
00022.jpg 789 333 51 117 0.93663
00022.jpg 625 328 64 137 0.93638
00022.jpg 98 255 113 277 0.93562
00022.jpg 813 63 146 456 0.93395
00022.jpg 813 67 145 427 0.93265
00022.jpg 492 259 113 269 0.93263
00022.jpg 476 268 135 252 0.93220
00022.jpg 684 260 82 250 0.93182
00022.jpg 19 311 59 155 0.93162
00022.jpg 615 321 74 151 0.93160
00022.jpg 792 333 45 121 0.93152
00022.jpg 620 328 70 133 0.93148
00022.jpg 813 68 146 448 0.93101
00022.jpg 95 253 116 280 0.92960
00022.jpg 623 333 70 130 0.92948
00022.jpg 794 337 40 119 0.92793
00022.jpg 683 276 92 217 0.92518
00022.jpg 623 327 64 135 0.92470
00022.jpg 15 308 62 150 0.92393
00022.jpg 480 250 138 264 0.92318
00022.jpg 620 333 74 129 0.92310
00022.jpg 790 331 44 125 0.92290
00022.jpg 818 65 139 474 0.92128
00022.jpg 100 249 108 283 0.91851
00022.jpg 822 75 137 443 0.91649
00022.jpg 101 250 116 282 0.91594
00022.jpg 19 293 64 183 0.91557
00022.jpg 619 334 71 133 0.91528
00022.jpg 15 300 61 169 0.91431
00022.jpg 15 306 65 158 0.91310
00022.jpg 680 264 96 232 0.91155
00022.jpg 471 276 139 243 0.91025
00022.jpg 813 59 146 480 0.90958
00022.jpg 197 237 114 284 0.90643
00022.jpg 97 248 121 291 0.90480
00022.jpg 794 334 45 120 0.90436
00022.jpg 203 231 118 305 0.90376
00022.jpg 791 335 47 122 0.90279
00022.jpg 96 254 113 260 0.90231
00022.jpg 16 306 62 159 0.90087
00022.jpg 208 230 104 299 0.89912
00022.jpg 203 235 119 303 0.89854
00022.jpg 202 230 115 300 0.89764
00022.jpg 793 335 40 121 0.89528
00022.jpg 623 334 73 129 0.89417
00022.jpg 625 334 64 138 0.89391
00022.jpg 684 270 91 231 0.89276
00022.jpg 13 309 64 167 0.89219
00022.jpg 15 300 61 172 0.89160
00022.jpg 206 231 102 301 0.89092
00022.jpg 794 336 42 120 0.89082
00022.jpg 202 224 107 315 0.88810
00022.jpg 205 233 122 304 0.88713
00022.jpg 491 263 110 255 0.88507
00022.jpg 96 249 124 284 0.88477
00022.jpg 95 253 121 279 0.88383
00022.jpg 823 65 134 474 0.88200
00022.jpg 822 72 133 439 0.88175
00022.jpg 467 276 136 234 0.88134
00022.jpg 789 333 45 125 0.88119
00022.jpg 624 332 70 136 0.87456
00022.jpg 195 230 129 309 0.86412
00022.jpg 102 250 116 273 0.86322
00022.jpg 14 296 67 174 0.86259
00022.jpg 679 277 91 212 0.86258
00022.jpg 618 332 69 129 0.86222
00022.jpg 687 268 85 230 0.86125
00022.jpg 790 334 44 122 0.86055
00022.jpg 688 262 89 235 0.85959
00022.jpg 791 337 45 118 0.85710
00022.jpg 201 233 123 299 0.85507
00022.jpg 198 228 118 304 0.85256
00022.jpg 12 300 75 181 0.85042
00022.jpg 0 268 24 188 0.84849
00022.jpg 815 88 138 435 0.84780
00022.jpg 94 256 117 253 0.84531
00022.jpg 495 265 108 267 0.84379
00022.jpg 100 252 105 266 0.83911
00022.jpg 486 267 128 254 0.83685
00022.jpg 94 255 124 277 0.83596
00022.jpg 12 294 64 186 0.83589
00022.jpg 481 268 114 245 0.83413
00022.jpg 676 258 104 234 0.83144
00022.jpg 17 310 62 166 0.82648
00022.jpg 627 338 65 111 0.82598
00022.jpg 682 284 95 202 0.82287
00022.jpg 194 239 128 292 0.81973
00022.jpg 18 309 55 162 0.81734
00022.jpg 97 250 112 278 0.81236
00022.jpg 828 76 130 451 0.81144
00022.jpg 683 273 90 223 0.81029
00022.jpg 620 330 73 131 0.80935
00022.jpg 19 305 61 166 0.80620
00022.jpg 683 272 87 223 0.80078
00022.jpg 484 260 121 269 0.79926
00022.jpg 821 66 137 473 0.79770
00022.jpg 623 332 71 137 0.79724
00022.jpg 484 269 133 258 0.79593
00022.jpg 0 252 31 183 0.79537
00022.jpg 825 66 134 448 0.79409
00022.jpg 619 333 69 142 0.79116
00022.jpg 101 254 114 274 0.79009
00022.jpg 790 331 48 126 0.78962
00022.jpg 11 303 70 165 0.78789
00022.jpg 680 267 95 219 0.78715
00022.jpg 789 336 51 125 0.78471
00022.jpg 473 272 134 252 0.78446
00022.jpg 487 267 125 258 0.78382
00022.jpg 619 327 77 142 0.78373
00022.jpg 685 278 88 207 0.78325
00022.jpg 99 255 109 274 0.77541
00022.jpg 792 335 41 116 0.77400
00022.jpg 790 335 43 116 0.77393
00022.jpg 100 248 114 291 0.77389
00022.jpg 187 310 30 119 0.76904
00022.jpg 823 57 131 482 0.76705
00022.jpg 794 336 48 122 0.75927
00022.jpg 490 263 122 256 0.75286
00022.jpg 826 67 129 460 0.75127
00022.jpg 21 309 61 157 0.74706
00022.jpg 19 307 60 164 0.74511
00022.jpg 99 262 114 254 0.74454
00022.jpg 97 257 118 279 0.74307
00022.jpg 475 269 122 246 0.74255
00022.jpg 788 331 47 130 0.74234
00022.jpg 692 269 85 230 0.73800
00022.jpg 620 320 75 147 0.73067
00022.jpg 482 297 55 143 0.73030
00022.jpg 821 65 138 465 0.72948
00022.jpg 676 277 97 207 0.72743
00022.jpg 10 303 64 171 0.72494
00022.jpg 622 339 65 120 0.71871
00022.jpg 692 266 83 222 0.71803
00022.jpg 528 257 52 155 0.71487
00022.jpg 487 261 112 255 0.71355
00022.jpg 489 295 42 133 0.71167
00022.jpg 473 282 145 235 0.71111
00022.jpg 15 292 57 183 0.70749
00022.jpg 188 301 30 118 0.70418
00022.jpg 478 268 128 242 0.70145
00022.jpg 102 248 125 278 0.69985
00022.jpg 678 262 97 227 0.69945
00022.jpg 819 89 134 416 0.69925
00022.jpg 22 308 55 162 0.69718
00022.jpg 188 301 29 129 0.68808
00022.jpg 609 331 92 134 0.67773
00022.jpg 795 332 46 124 0.67121
00022.jpg 486 293 48 179 0.67058
00022.jpg 682 273 94 219 0.67050
00022.jpg 209 230 111 302 0.66872
00022.jpg 92 250 125 274 0.66745
00022.jpg 480 274 135 241 0.66630
00022.jpg 12 299 55 181 0.66453
00022.jpg 684 274 80 218 0.66383
00022.jpg 790 332 51 128 0.65870
00022.jpg 683 277 82 214 0.65102
00022.jpg 791 333 51 116 0.65067
00022.jpg 792 337 48 116 0.64799
00022.jpg 487 296 46 159 0.64615
00022.jpg 684 270 94 221 0.63709
00022.jpg 681 278 93 208 0.63661
00022.jpg 803 59 153 468 0.63648
00022.jpg 197 229 130 306 0.63625
00022.jpg 187 303 28 120 0.63491
00022.jpg 680 272 89 223 0.63459
00022.jpg 0 269 31 188 0.63163
00022.jpg 101 253 109 268 0.63152
00022.jpg 796 339 44 114 0.62786
00022.jpg 13 302 65 158 0.62717
00022.jpg 91 250 114 278 0.62704
00022.jpg 624 333 64 125 0.62503
00022.jpg 613 324 87 150 0.62359
00022.jpg 677 272 99 216 0.62142
00022.jpg 624 322 72 146 0.62007
00022.jpg 621 326 72 149 0.61925
00022.jpg 486 296 40 143 0.61853
00022.jpg 882 73 64 67 0.61781
00022.jpg 817 64 130 436 0.61575
00022.jpg 22 309 51 167 0.61452
00022.jpg 189 305 29 104 0.61135
00022.jpg 487 275 82 226 0.60961
00022.jpg 618 334 70 129 0.60880
00022.jpg 817 71 128 450 0.60680
00022.jpg 624 332 70 130 0.60430
00022.jpg 481 258 132 270 0.60226
00022.jpg 820 72 134 441 0.60154
00022.jpg 0 259 30 192 0.60139
00022.jpg 1 259 20 184 0.59750
00022.jpg 791 332 52 121 0.59659
00022.jpg 614 329 77 143 0.59529
00022.jpg 471 275 129 232 0.59377
00022.jpg 0 301 25 173 0.59197
00022.jpg 14 293 57 173 0.58760
00022.jpg 522 254 52 135 0.58688
00022.jpg 617 332 69 131 0.58222
00022.jpg 613 332 77 134 0.58116
00022.jpg 201 219 129 318 0.58060
00022.jpg 690 274 89 215 0.58043
00022.jpg 792 337 48 115 0.58015
00022.jpg 788 333 45 119 0.57716
00022.jpg 487 273 131 245 0.57637
00022.jpg 10 303 72 179 0.57350
00022.jpg 491 297 44 108 0.57185
00022.jpg 473 265 124 248 0.57000
00022.jpg 90 251 119 279 0.56997
00022.jpg 808 79 147 425 0.56946
00022.jpg 795 333 46 121 0.56946
00022.jpg 222 223 112 310 0.56941
00022.jpg 99 255 105 276 0.56668
00022.jpg 108 259 106 269 0.56549
00022.jpg 825 66 127 473 0.56296
00022.jpg 1 293 53 184 0.56256
00022.jpg 483 296 47 124 0.56122
00022.jpg 679 270 98 220 0.56091
00022.jpg 473 276 133 235 0.56085
00022.jpg 481 295 56 148 0.56010
00022.jpg 788 335 44 118 0.55961
00022.jpg 611 328 77 141 0.55751
00022.jpg 798 335 44 117 0.55600
00022.jpg 473 254 137 255 0.55254
00022.jpg 99 258 110 267 0.55230
00022.jpg 207 228 120 311 0.54929
00022.jpg 480 300 52 148 0.54744
00022.jpg 0 245 28 159 0.54651
00022.jpg 0 262 28 180 0.54138
00022.jpg 196 233 136 303 0.53957
00022.jpg 825 58 125 479 0.53893
00022.jpg 494 255 109 273 0.53502
00022.jpg 12 311 74 170 0.53469
00022.jpg 523 250 55 138 0.53426
00022.jpg 615 328 78 131 0.53294
00022.jpg 494 246 115 289 0.53212
00022.jpg 491 250 125 285 0.53009
00022.jpg 518 256 63 152 0.52824
00022.jpg 186 300 28 127 0.52329
00022.jpg 826 70 130 412 0.52177
00022.jpg 477 296 62 127 0.52056
00022.jpg 15 315 68 143 0.52012
00022.jpg 886 76 71 77 0.51893
00022.jpg 492 270 121 248 0.51745
00022.jpg 790 339 43 116 0.51545
00022.jpg 484 296 44 117 0.51463
00022.jpg 892 77 63 66 0.51007
00022.jpg 486 293 42 108 0.50825
00022.jpg 9 291 77 193 0.50430
00022.jpg 893 75 57 72 0.50125
