00031.jpg 638 316 65 139 0.99793
00031.jpg 698 253 78 237 0.99780
00031.jpg 640 317 62 142 0.99765
00031.jpg 467 287 65 190 0.99704
00031.jpg 790 64 169 454 0.99702
00031.jpg 703 261 63 230 0.99701
00031.jpg 38 262 111 235 0.99656
00031.jpg 698 264 75 222 0.99648
00031.jpg 462 283 75 197 0.99602
00031.jpg 701 259 72 226 0.99590
00031.jpg 464 284 71 191 0.99588
00031.jpg 542 237 72 281 0.99532
00031.jpg 464 292 69 187 0.99528
00031.jpg 796 45 162 463 0.99519
00031.jpg 693 256 81 225 0.99483
00031.jpg 465 292 70 182 0.99462
00031.jpg 697 262 75 222 0.99446
00031.jpg 467 287 68 194 0.99432
00031.jpg 787 64 169 437 0.99409
00031.jpg 635 321 65 133 0.99392
00031.jpg 541 236 72 280 0.99361
00031.jpg 639 318 63 134 0.99337
00031.jpg 700 260 71 221 0.99315
00031.jpg 693 263 75 219 0.99311
00031.jpg 541 233 72 287 0.99293
00031.jpg 701 263 67 224 0.99285
00031.jpg 802 57 157 455 0.99276
00031.jpg 544 237 75 289 0.99252
00031.jpg 699 258 70 224 0.99219
00031.jpg 535 233 82 288 0.99184
00031.jpg 41 269 102 218 0.99172
00031.jpg 638 314 67 138 0.99150
00031.jpg 43 269 98 217 0.99025
00031.jpg 803 51 156 471 0.99017
00031.jpg 799 51 160 471 0.99017
00031.jpg 641 315 63 141 0.99010
00031.jpg 697 265 79 217 0.98949
00031.jpg 547 231 71 290 0.98940
00031.jpg 700 259 69 231 0.98922
00031.jpg 464 280 72 203 0.98922
00031.jpg 792 66 167 438 0.98919
00031.jpg 797 50 162 477 0.98901
00031.jpg 541 232 71 291 0.98881
00031.jpg 798 59 161 460 0.98740
00031.jpg 464 286 73 192 0.98736
00031.jpg 696 260 76 225 0.98680
00031.jpg 46 269 90 224 0.98667
00031.jpg 701 267 70 222 0.98656
00031.jpg 542 228 67 295 0.98624
00031.jpg 789 63 157 460 0.98577
00031.jpg 543 228 73 297 0.98510
00031.jpg 702 259 69 226 0.98468
00031.jpg 642 318 62 138 0.98455
00031.jpg 547 236 67 281 0.98454
00031.jpg 546 236 66 287 0.98373
00031.jpg 465 291 72 185 0.98346
00031.jpg 641 317 63 136 0.98327
00031.jpg 42 272 101 228 0.98325
00031.jpg 702 269 68 215 0.98319
00031.jpg 694 266 73 219 0.98280
00031.jpg 544 227 66 297 0.98269
00031.jpg 544 229 67 292 0.98268
00031.jpg 643 316 61 140 0.98237
00031.jpg 697 265 70 221 0.98225
00031.jpg 42 275 100 211 0.98219
00031.jpg 699 265 72 218 0.98186
00031.jpg 545 233 65 290 0.98170
00031.jpg 41 273 101 224 0.98140
00031.jpg 464 283 72 200 0.98088
00031.jpg 545 234 68 286 0.98037
00031.jpg 796 57 151 447 0.98001
00031.jpg 460 286 75 191 0.97971
00031.jpg 42 260 100 243 0.97921
00031.jpg 701 258 65 230 0.97871
00031.jpg 469 288 70 192 0.97834
00031.jpg 46 268 97 219 0.97828
00031.jpg 40 276 101 206 0.97827
00031.jpg 467 291 68 189 0.97824
00031.jpg 640 319 58 138 0.97803
00031.jpg 638 319 68 136 0.97785
00031.jpg 639 318 65 139 0.97748
00031.jpg 641 318 60 143 0.97690
00031.jpg 467 291 65 179 0.97651
00031.jpg 789 52 160 468 0.97560
00031.jpg 47 264 90 225 0.97496
00031.jpg 543 236 72 288 0.97442
00031.jpg 42 274 96 211 0.97435
00031.jpg 805 65 154 462 0.97419
00031.jpg 470 291 62 188 0.97413
00031.jpg 701 262 71 222 0.97360
00031.jpg 637 320 61 130 0.97346
00031.jpg 133 236 71 164 0.97337
00031.jpg 468 287 71 193 0.97312
00031.jpg 40 277 103 212 0.97290
00031.jpg 698 261 71 228 0.97258
00031.jpg 545 234 65 285 0.97245
00031.jpg 466 290 71 186 0.97171
00031.jpg 637 322 67 131 0.97167
00031.jpg 49 278 91 222 0.97088
00031.jpg 462 289 72 196 0.97087
00031.jpg 542 235 72 281 0.97017
00031.jpg 38 270 112 205 0.96985
00031.jpg 641 322 63 130 0.96966
00031.jpg 45 272 99 213 0.96960
00031.jpg 638 312 67 148 0.96934
00031.jpg 3 306 46 133 0.96919
00031.jpg 48 267 95 225 0.96879
00031.jpg 464 291 66 185 0.96874
00031.jpg 41 268 101 227 0.96866
00031.jpg 40 268 96 226 0.96775
00031.jpg 540 239 75 283 0.96690
00031.jpg 43 270 102 209 0.96678
00031.jpg 789 54 162 471 0.96667
00031.jpg 548 233 65 287 0.96593
00031.jpg 2 307 49 132 0.96556
00031.jpg 138 237 61 154 0.96424
00031.jpg 45 268 110 235 0.96405
00031.jpg 38 267 105 223 0.96307
00031.jpg 542 240 70 273 0.96191
00031.jpg 794 62 157 430 0.96186
00031.jpg 640 317 60 133 0.96123
00031.jpg 703 260 71 233 0.96106
00031.jpg 464 286 72 191 0.96020
00031.jpg 464 294 75 173 0.95970
00031.jpg 785 62 174 458 0.95876
00031.jpg 700 263 71 219 0.95874
00031.jpg 640 319 58 135 0.95784
00031.jpg 801 60 157 446 0.95729
00031.jpg 638 317 60 138 0.95721
00031.jpg 696 265 74 223 0.95719
00031.jpg 46 268 95 215 0.95708
00031.jpg 46 274 89 218 0.95592
00031.jpg 466 291 67 183 0.95543
00031.jpg 703 262 68 226 0.95442
00031.jpg 795 60 153 461 0.95413
00031.jpg 41 268 103 221 0.95410
00031.jpg 782 41 177 480 0.95407
00031.jpg 464 291 73 177 0.95361
00031.jpg 704 263 65 225 0.95351
00031.jpg 540 233 69 291 0.95317
00031.jpg 539 237 70 286 0.95283
00031.jpg 132 237 70 160 0.95246
00031.jpg 703 258 66 230 0.95243
00031.jpg 461 295 76 183 0.95135
00031.jpg 640 315 60 135 0.95131
00031.jpg 699 265 74 215 0.95026
00031.jpg 462 286 69 183 0.95019
00031.jpg 135 234 67 168 0.95016
00031.jpg 547 230 69 290 0.94940
00031.jpg 701 260 68 226 0.94939
00031.jpg 791 56 164 460 0.94808
00031.jpg 134 237 69 157 0.94631
00031.jpg 461 284 74 196 0.94616
00031.jpg 544 236 70 280 0.94570
00031.jpg 138 243 66 178 0.94533
00031.jpg 466 292 67 186 0.94521
00031.jpg 42 275 103 208 0.94395
00031.jpg 56 244 107 270 0.94358
00031.jpg 699 265 78 217 0.94346
00031.jpg 135 236 68 165 0.94277
00031.jpg 699 264 74 221 0.94197
00031.jpg 136 232 64 162 0.94196
00031.jpg 466 279 69 195 0.94141
00031.jpg 133 235 75 171 0.94033
00031.jpg 639 318 65 135 0.93982
00031.jpg 47 268 95 233 0.93943
00031.jpg 44 266 101 224 0.93887
00031.jpg 3 307 44 137 0.93829
00031.jpg 2 304 44 140 0.93703
00031.jpg 461 292 77 181 0.93655
00031.jpg 37 272 116 228 0.93507
00031.jpg 795 77 161 444 0.93339
00031.jpg 638 313 69 143 0.93319
00031.jpg 790 60 169 451 0.93196
00031.jpg 134 232 69 173 0.93152
00031.jpg 467 292 68 183 0.93108
00031.jpg 137 235 64 170 0.93036
00031.jpg 693 257 81 229 0.93019
00031.jpg 700 261 72 226 0.92817
00031.jpg 643 317 61 139 0.92742
00031.jpg 2 307 44 144 0.92734
00031.jpg 694 264 72 217 0.92678
00031.jpg 136 238 65 161 0.92616
00031.jpg 41 272 98 223 0.92613
00031.jpg 133 231 70 159 0.92494
00031.jpg 1 300 50 142 0.92445
00031.jpg 2 311 50 133 0.92399
00031.jpg 136 231 65 165 0.92365
00031.jpg 702 265 69 214 0.92284
00031.jpg 634 315 73 143 0.92264
00031.jpg 773 337 36 111 0.92257
00031.jpg 787 63 155 450 0.92188
00031.jpg 140 235 57 165 0.92150
00031.jpg 701 264 69 222 0.92138
00031.jpg 90 280 113 239 0.92010
00031.jpg 787 64 167 443 0.91975
00031.jpg 42 271 118 232 0.91969
00031.jpg 137 241 65 158 0.91916
00031.jpg 463 285 74 199 0.91578
00031.jpg 470 284 68 194 0.91560
00031.jpg 643 313 63 140 0.91536
00031.jpg 467 293 70 176 0.91501
00031.jpg 547 229 63 296 0.91497
00031.jpg 1 314 48 127 0.91451
00031.jpg 798 55 156 466 0.91413
00031.jpg 136 240 60 145 0.91369
00031.jpg 540 231 75 290 0.91253
00031.jpg 547 229 68 302 0.91203
00031.jpg 693 262 80 227 0.91133
00031.jpg 134 237 65 161 0.91113
00031.jpg 465 287 73 186 0.91018
00031.jpg 699 272 69 211 0.90916
00031.jpg 44 267 93 215 0.90891
00031.jpg 638 310 67 144 0.90684
00031.jpg 544 229 72 294 0.90616
00031.jpg 700 264 72 226 0.90596
00031.jpg 639 317 65 132 0.90565
00031.jpg 466 282 74 202 0.90490
00031.jpg 3 308 43 129 0.90485
00031.jpg 0 309 51 139 0.90463
00031.jpg 7 309 41 135 0.90417
00031.jpg 704 257 72 229 0.90306
00031.jpg 42 260 99 234 0.90199
00031.jpg 5 310 42 129 0.90149
00031.jpg 44 271 93 218 0.90138
00031.jpg 138 233 69 182 0.90063
00031.jpg 136 230 67 168 0.90004
00031.jpg 639 311 63 140 0.89828
00031.jpg 132 234 71 183 0.89638
00031.jpg 106 242 108 292 0.89527
00031.jpg 545 233 71 293 0.89476
00031.jpg 540 235 77 291 0.89427
00031.jpg 44 273 91 213 0.89254
00031.jpg 2 314 43 130 0.89000
00031.jpg 460 286 79 197 0.88979
00031.jpg 782 46 177 473 0.88906
00031.jpg 542 231 69 281 0.88754
00031.jpg 810 53 144 484 0.88701
00031.jpg 139 229 65 183 0.88637
00031.jpg 636 315 65 137 0.88513
00031.jpg 2 307 46 129 0.88405
00031.jpg 4 316 46 118 0.88281
00031.jpg 43 275 92 208 0.88197
00031.jpg 46 270 90 216 0.88191
00031.jpg 541 237 72 278 0.87707
00031.jpg 133 235 70 159 0.87636
00031.jpg 39 272 102 217 0.87578
00031.jpg 49 274 91 220 0.87090
00031.jpg 136 240 64 153 0.87071
00031.jpg 137 230 66 162 0.87024
00031.jpg 773 323 34 124 0.87018
00031.jpg 51 257 118 257 0.87004
00031.jpg 773 331 33 110 0.86840
00031.jpg 638 309 69 149 0.86773
00031.jpg 772 325 35 127 0.86754
00031.jpg 542 229 77 299 0.86694
00031.jpg 542 253 69 246 0.86669
00031.jpg 773 324 35 124 0.86484
00031.jpg 3 311 43 122 0.86296
00031.jpg 91 269 113 264 0.86266
00031.jpg 137 236 60 153 0.86185
00031.jpg 865 65 69 68 0.85811
00031.jpg 41 274 103 222 0.85799
00031.jpg 137 237 62 166 0.85786
00031.jpg 0 307 53 147 0.85664
00031.jpg 138 237 61 158 0.85499
00031.jpg 700 265 69 223 0.85387
00031.jpg 1 310 42 131 0.85020
00031.jpg 771 331 33 117 0.84857
00031.jpg 44 272 104 227 0.84809
00031.jpg 1 311 44 122 0.84554
00031.jpg 40 274 101 218 0.84538
00031.jpg 543 238 70 279 0.84502
00031.jpg 3 304 42 136 0.84252
00031.jpg 75 275 125 238 0.84153
00031.jpg 638 320 63 127 0.84134
00031.jpg 545 237 73 281 0.84072
00031.jpg 774 330 35 121 0.84063
00031.jpg 2 312 41 142 0.84055
00031.jpg 7 309 44 125 0.83956
00031.jpg 42 267 131 226 0.83945
00031.jpg 37 273 111 215 0.83876
00031.jpg 95 277 111 256 0.83366
00031.jpg 549 225 69 305 0.82606
00031.jpg 460 270 82 207 0.82539
00031.jpg 133 229 65 181 0.82209
00031.jpg 2 311 43 117 0.82166
00031.jpg 541 237 73 292 0.82164
00031.jpg 698 261 73 222 0.82058
00031.jpg 44 274 93 218 0.81900
00031.jpg 772 327 36 115 0.81132
00031.jpg 543 237 73 280 0.81034
00031.jpg 546 231 71 296 0.80947
00031.jpg 643 321 60 143 0.80712
00031.jpg 141 232 59 168 0.80712
00031.jpg 130 222 92 226 0.80695
00031.jpg 772 333 34 121 0.80686
00031.jpg 551 234 60 277 0.80475
00031.jpg 137 240 57 147 0.80127
00031.jpg 796 53 163 484 0.80068
00031.jpg 41 264 106 238 0.80024
00031.jpg 697 260 72 223 0.79859
00031.jpg 46 268 96 212 0.79772
00031.jpg 465 288 68 186 0.79479
00031.jpg 112 249 101 248 0.79424
00031.jpg 0 309 49 139 0.79206
00031.jpg 135 239 64 164 0.79178
00031.jpg 132 242 68 170 0.79003
00031.jpg 1 309 49 130 0.78720
00031.jpg 136 234 73 148 0.78668
00031.jpg 547 235 71 288 0.78617
00031.jpg 139 226 61 181 0.78616
00031.jpg 27 276 130 221 0.78600
00031.jpg 637 314 66 150 0.78567
00031.jpg 793 63 151 461 0.78157
00031.jpg 42 279 89 206 0.77917
00031.jpg 3 314 47 114 0.77524
00031.jpg 41 261 97 235 0.77411
00031.jpg 139 237 68 163 0.77388
00031.jpg 134 235 76 202 0.77083
00031.jpg 1 314 42 135 0.76474
00031.jpg 36 272 109 194 0.76069
00031.jpg 790 56 160 456 0.75803
00031.jpg 800 59 153 451 0.75417
00031.jpg 769 326 36 116 0.75412
00031.jpg 37 270 102 227 0.75338
00031.jpg 42 280 91 198 0.75085
00031.jpg 464 294 63 178 0.74823
00031.jpg 457 286 86 198 0.74796
00031.jpg 639 317 56 143 0.74743
00031.jpg 771 332 38 110 0.74738
00031.jpg 131 235 76 153 0.74719
00031.jpg 546 221 79 293 0.74649
00031.jpg 102 250 105 281 0.74580
00031.jpg 39 269 111 222 0.74460
00031.jpg 469 291 64 181 0.74408
00031.jpg 104 293 101 222 0.73456
00031.jpg 641 312 69 148 0.73425
00031.jpg 696 261 84 216 0.73171
00031.jpg 6 306 44 130 0.72956
00031.jpg 186 314 44 126 0.72647
00031.jpg 642 309 64 149 0.72231
00031.jpg 635 317 69 137 0.71914
00031.jpg 544 245 70 262 0.71545
00031.jpg 701 260 74 223 0.70943
00031.jpg 766 323 43 128 0.70933
00031.jpg 457 278 78 195 0.70799
00031.jpg 772 331 33 122 0.70793
00031.jpg 138 234 60 159 0.70690
00031.jpg 549 235 59 281 0.70403
00031.jpg 94 278 126 244 0.69771
00031.jpg 2 305 49 140 0.69547
00031.jpg 4 306 44 127 0.69501
00031.jpg 95 301 110 232 0.69265
00031.jpg 767 335 42 109 0.69121
00031.jpg 1 299 46 141 0.69031
00031.jpg 137 232 75 166 0.68984
00031.jpg 798 46 158 486 0.68713
00031.jpg 135 239 68 161 0.68595
00031.jpg 105 230 103 293 0.68375
00031.jpg 861 67 78 67 0.68371
00031.jpg 8 312 41 117 0.68329
00031.jpg 103 292 111 232 0.68314
00031.jpg 45 269 94 209 0.67549
00031.jpg 867 60 71 80 0.67409
00031.jpg 703 261 71 231 0.67302
00031.jpg 459 292 82 192 0.67101
00031.jpg 88 302 133 218 0.66917
00031.jpg 47 270 95 215 0.66827
00031.jpg 117 257 89 257 0.66809
00031.jpg 776 329 31 110 0.66605
00031.jpg 67 263 111 256 0.66287
00031.jpg 99 307 111 217 0.66039
00031.jpg 541 233 73 291 0.65906
00031.jpg 83 298 124 227 0.65863
00031.jpg 2 314 37 136 0.65757
00031.jpg 764 40 195 494 0.65582
00031.jpg 2 312 43 127 0.65354
00031.jpg 138 232 64 160 0.65353
00031.jpg 105 307 102 220 0.65309
00031.jpg 11 315 43 119 0.65203
00031.jpg 11 309 41 128 0.64702
00031.jpg 637 321 62 126 0.64622
00031.jpg 141 232 61 162 0.64515
00031.jpg 868 62 66 70 0.64502
00031.jpg 796 50 159 473 0.64411
00031.jpg 541 226 75 300 0.64194
00031.jpg 4 302 51 139 0.64113
00031.jpg 96 304 111 227 0.64029
00031.jpg 547 238 63 282 0.64024
00031.jpg 864 63 73 71 0.63908
00031.jpg 135 249 70 135 0.63900
00031.jpg 770 327 34 127 0.63802
00031.jpg 705 268 71 213 0.63696
00031.jpg 192 304 39 138 0.63305
00031.jpg 773 324 38 126 0.63280
00031.jpg 703 263 65 221 0.63200
00031.jpg 42 271 94 208 0.63149
00031.jpg 698 260 75 228 0.63064
00031.jpg 866 59 74 75 0.62868
00031.jpg 772 333 38 104 0.62830
00031.jpg 540 235 75 285 0.62770
00031.jpg 191 311 43 134 0.62147
00031.jpg 36 267 117 217 0.62088
00031.jpg 866 63 65 71 0.61994
00031.jpg 190 317 44 125 0.61557
00031.jpg 188 314 42 139 0.60822
00031.jpg 796 51 159 440 0.60763
00031.jpg 36 278 113 175 0.60457
00031.jpg 868 62 65 82 0.60431
00031.jpg 770 331 39 114 0.60404
00031.jpg 774 332 38 103 0.60299
00031.jpg 184 315 56 125 0.60256
00031.jpg 769 324 35 119 0.60182
00031.jpg 137 236 58 170 0.60110
00031.jpg 44 278 97 187 0.59928
00031.jpg 543 233 70 291 0.59893
00031.jpg 99 297 100 217 0.59748
00031.jpg 795 66 153 418 0.59557
00031.jpg 6 310 39 122 0.59361
00031.jpg 42 274 92 205 0.59104
00031.jpg 695 267 82 224 0.59068
00031.jpg 642 320 57 144 0.59057
00031.jpg 773 328 31 109 0.59009
00031.jpg 49 268 103 210 0.58945
00031.jpg 185 311 44 137 0.58853
00031.jpg 140 231 69 167 0.58257
00031.jpg 549 233 56 280 0.58166
00031.jpg 867 66 73 65 0.57882
00031.jpg 784 68 173 435 0.57849
00031.jpg 706 262 63 224 0.57542
00031.jpg 872 63 75 77 0.57527
00031.jpg 136 238 68 142 0.57423
00031.jpg 99 312 103 215 0.57310
00031.jpg 133 239 73 193 0.57231
00031.jpg 139 232 83 215 0.57198
00031.jpg 868 63 63 76 0.56790
00031.jpg 49 271 85 231 0.56706
00031.jpg 642 307 65 163 0.56608
00031.jpg 774 331 34 119 0.56449
00031.jpg 463 271 81 221 0.56269
00031.jpg 638 320 71 144 0.56252
00031.jpg 460 295 72 175 0.56211
00031.jpg 103 315 100 208 0.55695
00031.jpg 772 338 38 108 0.55498
00031.jpg 188 305 44 137 0.55472
00031.jpg 865 65 71 72 0.55309
00031.jpg 871 67 70 72 0.55308
00031.jpg 867 58 64 77 0.55265
00031.jpg 87 308 104 214 0.55084
00031.jpg 865 60 74 72 0.54924
00031.jpg 792 63 159 451 0.54908
00031.jpg 775 331 36 121 0.54325
00031.jpg 871 59 58 76 0.54179
00031.jpg 43 267 114 245 0.54084
00031.jpg 99 319 106 206 0.54060
00031.jpg 49 277 101 224 0.53796
00031.jpg 636 314 65 143 0.53793
00031.jpg 133 232 71 162 0.53415
00031.jpg 870 62 68 69 0.53290
00031.jpg 865 63 83 71 0.53067
00031.jpg 133 244 66 135 0.52919
00031.jpg 541 237 83 289 0.52827
00031.jpg 93 314 110 201 0.52083
00031.jpg 699 266 68 210 0.51989
00031.jpg 864 61 70 82 0.51742
00031.jpg 867 62 74 72 0.51610
00031.jpg 82 288 111 249 0.51527
00031.jpg 864 60 70 74 0.51388
00031.jpg 96 315 104 202 0.51347
00031.jpg 531 226 90 297 0.51171
00031.jpg 142 237 61 161 0.51089
00031.jpg 455 283 73 190 0.50898
00031.jpg 778 323 33 125 0.50805
00031.jpg 869 70 77 65 0.50758
00031.jpg 129 228 71 182 0.50651
00031.jpg 25 287 127 187 0.50627
00031.jpg 644 322 63 128 0.50569
00031.jpg 788 67 170 442 0.50477
00031.jpg 123 272 92 238 0.50366
00031.jpg 857 61 86 81 0.50255
00031.jpg 0 311 42 147 0.50246
00031.jpg 540 229 81 298 0.50167
