00038.jpg 705 255 72 237 0.99924
00038.jpg 702 257 75 239 0.99897
00038.jpg 703 243 77 256 0.99816
00038.jpg 703 251 77 234 0.99803
00038.jpg 640 304 68 170 0.99762
00038.jpg 565 249 79 272 0.99727
00038.jpg 163 318 51 135 0.99723
00038.jpg 562 252 87 278 0.99723
00038.jpg 446 285 72 197 0.99710
00038.jpg 562 246 81 281 0.99586
00038.jpg 10 225 133 299 0.99586
00038.jpg 163 321 48 134 0.99537
00038.jpg 565 254 78 270 0.99528
00038.jpg 562 252 83 272 0.99522
00038.jpg 566 249 74 276 0.99507
00038.jpg 709 252 68 242 0.99500
00038.jpg 162 316 49 144 0.99498
00038.jpg 705 251 71 245 0.99433
00038.jpg 163 317 50 143 0.99406
00038.jpg 703 249 77 241 0.99361
00038.jpg 445 290 72 189 0.99297
00038.jpg 698 249 78 246 0.99265
00038.jpg 705 252 71 243 0.99263
00038.jpg 706 252 75 243 0.99227
00038.jpg 446 295 71 183 0.99170
00038.jpg 451 293 66 183 0.99138
00038.jpg 16 219 129 303 0.99131
00038.jpg 707 261 68 227 0.99112
00038.jpg 706 260 75 230 0.99101
00038.jpg 636 298 74 175 0.99100
00038.jpg 640 307 67 161 0.99018
00038.jpg 562 249 84 277 0.99007
00038.jpg 445 287 70 192 0.98997
00038.jpg 449 287 66 195 0.98996
00038.jpg 160 321 53 133 0.98987
00038.jpg 16 216 130 305 0.98943
00038.jpg 703 259 79 229 0.98921
00038.jpg 451 295 64 182 0.98917
00038.jpg 703 266 79 221 0.98872
00038.jpg 700 252 73 237 0.98820
00038.jpg 706 258 70 235 0.98807
00038.jpg 640 302 69 168 0.98755
00038.jpg 567 251 80 277 0.98656
00038.jpg 14 232 134 300 0.98627
00038.jpg 13 212 138 311 0.98622
00038.jpg 642 299 69 168 0.98585
00038.jpg 161 321 51 138 0.98577
00038.jpg 564 252 75 275 0.98571
00038.jpg 8 222 132 307 0.98508
00038.jpg 164 314 46 142 0.98476
00038.jpg 454 292 60 186 0.98476
00038.jpg 447 292 67 192 0.98476
00038.jpg 164 316 50 140 0.98471
00038.jpg 165 317 44 140 0.98464
00038.jpg 565 247 75 277 0.98412
00038.jpg 568 255 79 268 0.98405
00038.jpg 162 317 51 135 0.98405
00038.jpg 164 320 44 133 0.98399
00038.jpg 446 289 69 188 0.98396
00038.jpg 163 319 49 138 0.98371
00038.jpg 14 221 126 297 0.98367
00038.jpg 14 218 132 306 0.98353
00038.jpg 703 255 72 239 0.98352
00038.jpg 444 283 70 198 0.98350
00038.jpg 449 294 65 183 0.98343
00038.jpg 162 319 50 133 0.98323
00038.jpg 570 250 76 273 0.98263
00038.jpg 163 320 51 133 0.98240
00038.jpg 705 251 72 245 0.98235
00038.jpg 702 254 79 237 0.98231
00038.jpg 561 263 83 258 0.98225
00038.jpg 639 300 71 172 0.98210
00038.jpg 164 317 46 141 0.98203
00038.jpg 162 320 51 134 0.98167
00038.jpg 702 260 76 234 0.98083
00038.jpg 15 224 134 306 0.98040
00038.jpg 162 320 52 133 0.98002
00038.jpg 637 299 71 173 0.97997
00038.jpg 17 228 131 300 0.97970
00038.jpg 706 248 75 247 0.97961
00038.jpg 161 318 54 138 0.97946
00038.jpg 565 243 76 286 0.97930
00038.jpg 449 287 64 189 0.97889
00038.jpg 647 296 63 181 0.97832
00038.jpg 702 252 74 242 0.97738
00038.jpg 633 302 77 174 0.97679
00038.jpg 445 292 68 189 0.97660
00038.jpg 447 286 72 192 0.97618
00038.jpg 450 297 62 173 0.97617
00038.jpg 164 319 46 138 0.97610
00038.jpg 17 233 128 292 0.97507
00038.jpg 448 293 65 181 0.97490
00038.jpg 561 243 80 280 0.97417
00038.jpg 163 319 51 134 0.97414
00038.jpg 703 251 76 246 0.97367
00038.jpg 708 249 70 243 0.97318
00038.jpg 559 252 84 268 0.97278
00038.jpg 449 293 68 180 0.97266
00038.jpg 163 318 50 137 0.97249
00038.jpg 449 292 68 188 0.97243
00038.jpg 634 301 72 178 0.97242
00038.jpg 450 292 62 187 0.97242
00038.jpg 702 257 71 237 0.97216
00038.jpg 444 287 71 192 0.97215
00038.jpg 639 306 69 160 0.97177
00038.jpg 452 295 59 185 0.97171
00038.jpg 637 300 68 173 0.97117
00038.jpg 16 231 132 293 0.97083
00038.jpg 562 247 84 284 0.97055
00038.jpg 703 245 82 246 0.97011
00038.jpg 23 223 119 311 0.97004
00038.jpg 567 241 76 290 0.96983
00038.jpg 30 215 112 317 0.96938
00038.jpg 448 290 70 190 0.96931
00038.jpg 568 240 76 282 0.96823
00038.jpg 26 217 118 306 0.96814
00038.jpg 9 216 134 308 0.96811
00038.jpg 16 225 127 298 0.96752
00038.jpg 448 284 69 196 0.96572
00038.jpg 706 257 69 241 0.96571
00038.jpg 565 250 81 276 0.96569
00038.jpg 16 217 129 309 0.96484
00038.jpg 563 255 83 267 0.96366
00038.jpg 705 248 73 246 0.96322
00038.jpg 25 216 118 311 0.96300
00038.jpg 639 304 70 162 0.96267
00038.jpg 562 250 80 274 0.96238
00038.jpg 0 251 32 190 0.96238
00038.jpg 566 242 78 291 0.96156
00038.jpg 18 217 128 311 0.96153
00038.jpg 803 41 152 470 0.96151
00038.jpg 806 41 149 470 0.96151
00038.jpg 447 296 66 188 0.96138
00038.jpg 450 288 69 187 0.96134
00038.jpg 450 290 63 190 0.96111
00038.jpg 564 249 88 274 0.96073
00038.jpg 700 252 75 242 0.96065
00038.jpg 13 227 130 299 0.96049
00038.jpg 635 302 70 167 0.96047
00038.jpg 565 254 79 271 0.95984
00038.jpg 23 233 116 290 0.95973
00038.jpg 448 289 70 195 0.95968
00038.jpg 14 235 131 293 0.95890
00038.jpg 24 223 115 312 0.95831
00038.jpg 163 319 50 130 0.95823
00038.jpg 452 285 69 192 0.95812
00038.jpg 450 287 67 189 0.95792
00038.jpg 705 262 74 222 0.95767
00038.jpg 634 303 75 167 0.95749
00038.jpg 702 264 76 226 0.95681
00038.jpg 568 251 72 268 0.95681
00038.jpg 642 304 67 165 0.95547
00038.jpg 566 243 74 282 0.95324
00038.jpg 18 218 127 305 0.95311
00038.jpg 806 54 151 460 0.95309
00038.jpg 638 303 65 163 0.95301
00038.jpg 636 294 72 171 0.95231
00038.jpg 707 253 70 241 0.95214
00038.jpg 772 332 32 116 0.95190
00038.jpg 706 257 70 233 0.95139
00038.jpg 19 233 129 297 0.95139
00038.jpg 636 301 69 169 0.95083
00038.jpg 564 258 85 265 0.95032
00038.jpg 13 222 127 309 0.95004
00038.jpg 565 253 74 278 0.94996
00038.jpg 643 302 69 169 0.94898
00038.jpg 24 229 121 300 0.94884
00038.jpg 565 251 80 272 0.94847
00038.jpg 12 233 133 289 0.94820
00038.jpg 163 319 50 134 0.94645
00038.jpg 447 294 71 191 0.94632
00038.jpg 641 300 65 171 0.94609
00038.jpg 706 248 71 247 0.94515
00038.jpg 810 56 139 443 0.94504
00038.jpg 569 252 73 267 0.94470
00038.jpg 565 249 76 268 0.94303
00038.jpg 162 319 48 133 0.94252
00038.jpg 11 222 136 307 0.94213
00038.jpg 561 260 88 262 0.94131
00038.jpg 638 304 72 164 0.93978
00038.jpg 162 314 53 146 0.93870
00038.jpg 563 255 86 266 0.93845
00038.jpg 14 215 131 307 0.93843
00038.jpg 642 310 68 167 0.93820
00038.jpg 702 250 75 242 0.93680
00038.jpg 705 272 73 215 0.93618
00038.jpg 565 246 80 285 0.93434
00038.jpg 563 252 81 264 0.93116
00038.jpg 802 44 157 482 0.92869
00038.jpg 703 252 76 245 0.92827
00038.jpg 13 227 132 292 0.92816
00038.jpg 773 332 34 120 0.92701
00038.jpg 568 254 73 268 0.92624
00038.jpg 805 58 144 448 0.92599
00038.jpg 562 253 84 275 0.92497
00038.jpg 162 317 51 138 0.92446
00038.jpg 772 336 33 112 0.92316
00038.jpg 569 247 80 277 0.92169
00038.jpg 10 230 136 299 0.92029
00038.jpg 567 248 80 282 0.91939
00038.jpg 811 43 147 461 0.91733
00038.jpg 565 245 78 280 0.91698
00038.jpg 15 223 119 298 0.91612
00038.jpg 702 252 75 245 0.91562
00038.jpg 452 296 62 178 0.91521
00038.jpg 14 222 133 307 0.91293
00038.jpg 19 218 121 313 0.91208
00038.jpg 699 262 81 227 0.91019
00038.jpg 641 304 71 162 0.90938
00038.jpg 641 306 63 169 0.90845
00038.jpg 18 229 121 293 0.90827
00038.jpg 569 243 73 283 0.90789
00038.jpg 635 301 69 168 0.90519
00038.jpg 636 302 66 167 0.90399
00038.jpg 19 225 125 295 0.90321
00038.jpg 446 294 74 184 0.90259
00038.jpg 809 56 146 469 0.90216
00038.jpg 707 258 74 238 0.90199
00038.jpg 702 245 79 258 0.89899
00038.jpg 771 340 34 113 0.89846
00038.jpg 163 308 54 151 0.89773
00038.jpg 804 66 155 451 0.89651
00038.jpg 27 216 122 299 0.89629
00038.jpg 447 296 69 184 0.89566
00038.jpg 700 252 79 233 0.89511
00038.jpg 803 57 142 447 0.89431
00038.jpg 769 333 36 123 0.89345
00038.jpg 817 63 138 465 0.89341
00038.jpg 768 336 36 113 0.89189
00038.jpg 801 54 156 476 0.89110
00038.jpg 162 314 51 147 0.88989
00038.jpg 445 282 69 203 0.88978
00038.jpg 567 267 69 233 0.88960
00038.jpg 571 248 75 278 0.88789
00038.jpg 17 236 123 285 0.88387
00038.jpg 639 306 62 163 0.88296
00038.jpg 448 290 76 194 0.88285
00038.jpg 803 56 156 459 0.87914
00038.jpg 565 252 79 281 0.87668
00038.jpg 799 62 153 464 0.87502
00038.jpg 770 337 36 116 0.87424
00038.jpg 449 286 71 195 0.87329
00038.jpg 7 218 139 317 0.87131
00038.jpg 24 221 118 311 0.86991
00038.jpg 567 259 75 255 0.86967
00038.jpg 21 230 115 291 0.86646
00038.jpg 703 245 83 253 0.86153
00038.jpg 646 300 69 170 0.85831
00038.jpg 564 261 82 263 0.85790
00038.jpg 22 232 122 292 0.85497
00038.jpg 448 294 66 171 0.85421
00038.jpg 806 70 145 458 0.85099
00038.jpg 772 333 35 123 0.84990
00038.jpg 708 249 74 240 0.84987
00038.jpg 812 67 140 446 0.84899
00038.jpg 701 258 76 233 0.84823
00038.jpg 709 246 69 239 0.84459
00038.jpg 802 46 148 471 0.84013
00038.jpg 160 318 51 135 0.83612
00038.jpg 17 224 135 297 0.83401
00038.jpg 814 60 140 462 0.83287
00038.jpg 443 292 73 181 0.82999
00038.jpg 771 335 37 119 0.82635
00038.jpg 559 251 79 273 0.82378
00038.jpg 2 252 29 204 0.82205
00038.jpg 445 283 80 202 0.82138
00038.jpg 30 231 114 287 0.81992
00038.jpg 162 319 55 137 0.81453
00038.jpg 643 295 69 174 0.81393
00038.jpg 801 61 158 465 0.81333
00038.jpg 12 228 132 292 0.81123
00038.jpg 645 296 66 175 0.80979
00038.jpg 567 254 86 267 0.80949
00038.jpg 643 300 69 175 0.80667
00038.jpg 10 235 129 286 0.80422
00038.jpg 771 336 33 127 0.80310
00038.jpg 2 257 29 197 0.80197
00038.jpg 769 335 39 116 0.80025
00038.jpg 642 305 70 168 0.79905
00038.jpg 699 252 80 243 0.79849
00038.jpg 770 337 34 123 0.79826
00038.jpg 635 301 66 172 0.79821
00038.jpg 813 71 141 443 0.79595
00038.jpg 866 63 66 69 0.79294
00038.jpg 13 219 135 312 0.78861
00038.jpg 564 244 76 289 0.78782
00038.jpg 452 298 64 174 0.78715
00038.jpg 448 292 70 193 0.78503
00038.jpg 772 336 35 120 0.78279
00038.jpg 645 299 68 175 0.78181
00038.jpg 868 58 65 78 0.78066
00038.jpg 796 46 159 458 0.77974
00038.jpg 810 53 146 486 0.77931
00038.jpg 449 294 61 176 0.77596
00038.jpg 565 247 74 283 0.77481
00038.jpg 563 253 82 274 0.77432
00038.jpg 11 224 135 294 0.77210
00038.jpg 2 251 34 203 0.76887
00038.jpg 771 335 38 117 0.76416
00038.jpg 156 316 61 144 0.76350
00038.jpg 635 307 80 170 0.76251
00038.jpg 797 56 156 437 0.76216
00038.jpg 770 335 35 114 0.76099
00038.jpg 2 286 29 162 0.75820
00038.jpg 705 256 70 243 0.75254
00038.jpg 449 293 63 182 0.74972
00038.jpg 767 330 38 121 0.74864
00038.jpg 448 291 71 180 0.74845
00038.jpg 768 334 33 116 0.74769
00038.jpg 13 225 116 300 0.74638
00038.jpg 4 254 31 202 0.74419
00038.jpg 773 332 36 123 0.74234
00038.jpg 0 254 31 197 0.74101
00038.jpg 835 83 117 456 0.73749
00038.jpg 767 331 43 127 0.72337
00038.jpg 565 251 81 273 0.72141
00038.jpg 646 298 60 172 0.72021
00038.jpg 1 250 33 193 0.71923
00038.jpg 565 248 90 277 0.71846
00038.jpg 565 246 76 281 0.71500
00038.jpg 770 331 33 130 0.71216
00038.jpg 868 53 60 81 0.70755
00038.jpg 0 272 29 176 0.70534
00038.jpg 635 303 74 189 0.70152
00038.jpg 796 53 162 475 0.68878
00038.jpg 824 77 132 462 0.68868
00038.jpg 632 299 75 177 0.68567
00038.jpg 452 291 69 190 0.68426
00038.jpg 562 248 76 274 0.68419
00038.jpg 9 238 141 287 0.68299
00038.jpg 1 243 30 183 0.68260
00038.jpg 444 283 74 197 0.67972
00038.jpg 452 290 63 185 0.67837
00038.jpg 770 332 33 119 0.67781
00038.jpg 637 297 67 172 0.67705
00038.jpg 3 252 31 199 0.67412
00038.jpg 10 203 137 324 0.65979
00038.jpg 156 312 59 142 0.65445
00038.jpg 768 328 38 124 0.65272
00038.jpg 631 300 78 159 0.64959
00038.jpg 772 341 35 111 0.64273
00038.jpg 157 312 59 140 0.64247
00038.jpg 710 264 63 228 0.64119
00038.jpg 775 335 34 119 0.63620
00038.jpg 1 298 35 146 0.62896
00038.jpg 28 216 123 300 0.62800
00038.jpg 865 62 78 71 0.62737
00038.jpg 161 316 44 148 0.62676
00038.jpg 564 251 75 270 0.62424
00038.jpg 571 253 65 266 0.62420
00038.jpg 862 65 76 66 0.62403
00038.jpg 869 62 65 68 0.61908
00038.jpg 161 318 47 134 0.61631
00038.jpg 703 256 76 235 0.61380
00038.jpg 562 250 92 272 0.61032
00038.jpg 556 256 91 266 0.60967
00038.jpg 16 232 140 291 0.60720
00038.jpg 703 245 75 257 0.60642
00038.jpg 767 329 39 135 0.60460
00038.jpg 703 248 79 243 0.60056
00038.jpg 163 313 55 138 0.59166
00038.jpg 773 335 37 123 0.58463
00038.jpg 862 56 66 80 0.58269
00038.jpg 694 287 92 205 0.58186
00038.jpg 701 259 76 225 0.57836
00038.jpg 861 63 76 67 0.57651
00038.jpg 2 258 33 189 0.57103
00038.jpg 156 315 52 144 0.56958
00038.jpg 866 63 63 72 0.56855
00038.jpg 834 96 123 443 0.56501
00038.jpg 23 216 130 306 0.56015
00038.jpg 788 55 168 414 0.56005
00038.jpg 443 301 69 174 0.55975
00038.jpg 24 239 124 269 0.55813
00038.jpg 799 57 147 419 0.55785
00038.jpg 3 244 29 200 0.55679
00038.jpg 863 60 66 69 0.55351
00038.jpg 161 324 48 129 0.55095
00038.jpg 29 222 109 308 0.54855
00038.jpg 702 253 72 240 0.54730
00038.jpg 167 310 53 152 0.54633
00038.jpg 817 45 142 494 0.54607
00038.jpg 797 45 159 481 0.54592
00038.jpg 634 303 82 182 0.54291
00038.jpg 866 66 68 71 0.53482
00038.jpg 865 62 68 81 0.53380
00038.jpg 714 250 69 240 0.53350
00038.jpg 708 252 67 242 0.53105
00038.jpg 3 247 34 192 0.53032
00038.jpg 564 252 88 275 0.52919
00038.jpg 870 60 54 74 0.52887
00038.jpg 768 334 42 119 0.52624
00038.jpg 800 70 136 455 0.52270
00038.jpg 2 298 30 150 0.52120
00038.jpg 570 248 71 266 0.51925
00038.jpg 870 62 68 70 0.51770
00038.jpg 696 261 75 228 0.51513
00038.jpg 22 236 105 284 0.51430
00038.jpg 768 336 46 124 0.51304
00038.jpg 25 242 114 281 0.51153
