00001.jpg 488 114 86 193 0.99970
00001.jpg 266 120 79 206 0.99890
00001.jpg 356 140 59 171 0.99858
00001.jpg 266 121 80 212 0.99852
00001.jpg 489 112 84 199 0.99852
00001.jpg 260 123 82 212 0.99814
00001.jpg 572 129 99 164 0.99805
00001.jpg 492 99 86 217 0.99755
00001.jpg 490 113 85 196 0.99743
00001.jpg 490 113 85 192 0.99743
00001.jpg 362 142 48 178 0.99740
00001.jpg 574 140 94 157 0.99729
00001.jpg 265 126 74 198 0.99729
00001.jpg 268 121 72 212 0.99724
00001.jpg 568 135 98 153 0.99711
00001.jpg 267 119 71 212 0.99709
00001.jpg 572 133 94 159 0.99691
00001.jpg 495 115 83 196 0.99689
00001.jpg 266 127 78 204 0.99685
00001.jpg 491 108 86 199 0.99684
00001.jpg 489 110 87 200 0.99683
00001.jpg 572 131 100 163 0.99633
00001.jpg 358 140 57 179 0.99630
00001.jpg 272 119 66 214 0.99612
00001.jpg 267 120 74 209 0.99593
00001.jpg 573 136 97 151 0.99550
00001.jpg 266 125 75 209 0.99525
00001.jpg 567 133 103 158 0.99524
00001.jpg 356 140 58 170 0.99514
00001.jpg 265 121 77 207 0.99508
00001.jpg 359 141 55 172 0.99506
00001.jpg 269 126 73 200 0.99499
00001.jpg 573 131 98 167 0.99497
00001.jpg 360 146 53 165 0.99490
00001.jpg 566 138 107 152 0.99471
00001.jpg 572 135 99 151 0.99443
00001.jpg 266 124 75 206 0.99416
00001.jpg 361 140 53 173 0.99384
00001.jpg 567 141 94 145 0.99357
00001.jpg 566 137 97 154 0.99355
00001.jpg 568 127 101 167 0.99351
00001.jpg 357 138 54 175 0.99351
00001.jpg 569 136 100 158 0.99341
00001.jpg 493 108 78 204 0.99333
00001.jpg 357 141 62 175 0.99327
00001.jpg 359 141 56 172 0.99312
00001.jpg 266 125 75 203 0.99309
00001.jpg 267 121 79 209 0.99289
00001.jpg 568 131 102 162 0.99187
00001.jpg 571 134 103 159 0.99183
00001.jpg 488 118 87 187 0.99177
00001.jpg 486 116 85 197 0.99173
00001.jpg 564 136 102 152 0.99169
00001.jpg 497 104 73 210 0.99128
00001.jpg 489 113 86 202 0.99121
00001.jpg 268 118 73 211 0.99094
00001.jpg 488 113 83 198 0.99090
00001.jpg 495 113 83 193 0.99082
00001.jpg 267 121 70 206 0.99066
00001.jpg 267 126 77 206 0.99038
00001.jpg 568 125 102 165 0.99016
00001.jpg 573 135 97 154 0.99013
00001.jpg 571 134 92 158 0.98985
00001.jpg 266 126 79 203 0.98961
00001.jpg 577 137 89 157 0.98925
00001.jpg 272 117 71 209 0.98923
00001.jpg 574 135 96 156 0.98920
00001.jpg 490 112 83 194 0.98891
00001.jpg 359 145 53 168 0.98884
00001.jpg 572 134 96 158 0.98858
00001.jpg 574 136 93 154 0.98832
00001.jpg 564 132 100 155 0.98811
00001.jpg 492 111 81 200 0.98807
00001.jpg 570 128 95 160 0.98803
00001.jpg 266 127 80 207 0.98776
00001.jpg 266 122 82 211 0.98692
00001.jpg 356 142 60 172 0.98681
00001.jpg 491 110 85 203 0.98667
00001.jpg 494 114 82 191 0.98656
00001.jpg 490 107 79 209 0.98646
00001.jpg 565 133 102 155 0.98645
00001.jpg 571 126 100 163 0.98623
00001.jpg 359 146 57 165 0.98617
00001.jpg 567 135 105 165 0.98614
00001.jpg 574 136 96 152 0.98562
00001.jpg 489 109 87 203 0.98401
00001.jpg 268 124 74 207 0.98401
00001.jpg 268 125 73 207 0.98365
00001.jpg 488 113 88 196 0.98359
00001.jpg 266 119 78 211 0.98357
00001.jpg 564 129 103 158 0.98353
00001.jpg 570 134 99 156 0.98338
00001.jpg 265 122 78 205 0.98337
00001.jpg 490 110 84 207 0.98298
00001.jpg 578 134 87 156 0.98273
00001.jpg 494 112 84 195 0.98175
00001.jpg 355 142 59 168 0.98097
00001.jpg 264 124 80 206 0.98084
00001.jpg 269 119 69 211 0.98071
00001.jpg 360 142 58 172 0.97937
00001.jpg 574 132 93 161 0.97906
00001.jpg 356 146 58 167 0.97831
00001.jpg 270 125 67 205 0.97788
00001.jpg 266 121 76 211 0.97779
00001.jpg 355 142 62 173 0.97760
00001.jpg 574 137 92 155 0.97752
00001.jpg 488 106 94 209 0.97742
00001.jpg 356 140 60 176 0.97735
00001.jpg 484 108 98 203 0.97663
00001.jpg 489 110 84 200 0.97652
00001.jpg 269 127 75 202 0.97641
00001.jpg 493 112 83 202 0.97577
00001.jpg 270 126 73 203 0.97558
00001.jpg 271 127 72 204 0.97444
00001.jpg 267 125 74 206 0.97378
00001.jpg 490 115 89 187 0.97346
00001.jpg 492 115 84 192 0.97338
00001.jpg 491 114 83 198 0.97199
00001.jpg 567 132 99 164 0.97184
00001.jpg 358 142 61 167 0.97169
00001.jpg 265 126 74 206 0.97162
00001.jpg 568 130 102 160 0.97118
00001.jpg 571 137 93 149 0.97077
00001.jpg 360 139 57 176 0.97061
00001.jpg 486 117 90 194 0.96988
00001.jpg 492 114 85 196 0.96966
00001.jpg 360 144 52 164 0.96930
00001.jpg 571 140 96 150 0.96925
00001.jpg 268 126 71 201 0.96846
00001.jpg 575 137 89 151 0.96841
00001.jpg 358 138 56 176 0.96801
00001.jpg 570 133 95 157 0.96795
00001.jpg 488 113 84 194 0.96789
00001.jpg 361 142 51 175 0.96674
00001.jpg 270 120 68 211 0.96537
00001.jpg 355 138 62 177 0.96467
00001.jpg 358 136 58 179 0.96466
00001.jpg 496 110 84 205 0.96383
00001.jpg 268 126 74 201 0.96377
00001.jpg 360 141 51 173 0.96369
00001.jpg 569 135 103 158 0.95995
00001.jpg 574 137 89 150 0.95979
00001.jpg 268 130 73 200 0.95778
00001.jpg 572 132 94 160 0.95655
00001.jpg 570 131 98 159 0.95595
00001.jpg 267 122 80 211 0.95485
00001.jpg 566 134 104 158 0.95432
00001.jpg 573 137 91 154 0.95430
00001.jpg 565 135 97 153 0.95412
00001.jpg 266 122 76 211 0.95354
00001.jpg 357 142 56 172 0.95235
00001.jpg 492 114 86 200 0.95215
00001.jpg 268 119 76 214 0.95158
00001.jpg 266 121 76 206 0.94998
00001.jpg 355 142 57 167 0.94936
00001.jpg 574 134 97 159 0.94715
00001.jpg 356 143 60 166 0.94667
00001.jpg 492 112 84 196 0.94538
00001.jpg 358 139 60 181 0.94346
00001.jpg 485 115 91 191 0.94246
00001.jpg 362 144 54 168 0.94049
00001.jpg 570 124 102 173 0.93840
00001.jpg 260 124 88 204 0.93824
00001.jpg 572 136 99 156 0.93516
00001.jpg 357 141 56 171 0.93463
00001.jpg 495 106 81 211 0.93381
00001.jpg 271 119 73 208 0.93363
00001.jpg 490 115 92 190 0.93238
00001.jpg 489 114 84 193 0.93194
00001.jpg 354 137 63 181 0.93161
00001.jpg 362 146 56 162 0.93077
00001.jpg 493 114 85 200 0.92903
00001.jpg 576 135 92 157 0.92889
00001.jpg 356 141 60 172 0.92601
00001.jpg 265 126 78 204 0.92468
00001.jpg 263 127 82 206 0.92389
00001.jpg 494 118 82 189 0.92350
00001.jpg 574 134 92 159 0.92306
00001.jpg 361 142 58 169 0.92259
00001.jpg 493 108 83 211 0.91739
00001.jpg 359 145 57 166 0.91696
00001.jpg 354 144 60 168 0.91675
00001.jpg 265 123 81 206 0.91474
00001.jpg 486 114 87 190 0.91385
00001.jpg 569 135 99 152 0.91245
00001.jpg 267 119 77 214 0.90895
00001.jpg 566 135 105 157 0.90695
00001.jpg 269 128 76 200 0.90472
00001.jpg 354 143 60 171 0.90408
00001.jpg 357 142 60 170 0.90298
00001.jpg 358 144 54 166 0.90061
00001.jpg 573 133 95 160 0.90040
00001.jpg 263 125 86 209 0.89922
00001.jpg 362 142 53 168 0.88797
00001.jpg 492 115 83 190 0.88655
00001.jpg 359 135 56 179 0.88187
00001.jpg 267 126 70 202 0.87439
00001.jpg 483 114 96 195 0.87163
00001.jpg 354 142 58 174 0.86689
00001.jpg 357 143 58 174 0.86502
00001.jpg 356 143 59 172 0.86051
00001.jpg 488 110 95 197 0.85998
00001.jpg 568 132 106 155 0.85984
00001.jpg 570 129 103 164 0.85516
00001.jpg 572 137 93 152 0.84975
00001.jpg 492 119 81 181 0.84416
00001.jpg 570 129 104 162 0.84314
00001.jpg 356 141 55 172 0.84066
00001.jpg 573 129 97 164 0.83703
00001.jpg 486 114 95 191 0.83600
00001.jpg 568 133 95 161 0.83264
00001.jpg 357 144 61 174 0.83197
00001.jpg 480 116 100 194 0.82531
00001.jpg 357 143 59 171 0.82102
00001.jpg 265 118 80 217 0.81536
00001.jpg 568 135 97 147 0.81354
00001.jpg 566 130 102 160 0.80755
00001.jpg 562 121 108 170 0.80730
00001.jpg 359 145 58 165 0.80481
00001.jpg 570 138 98 149 0.78402
00001.jpg 360 146 59 165 0.77531
00001.jpg 568 126 101 162 0.77060
00001.jpg 575 136 90 151 0.76389
00001.jpg 564 134 110 159 0.76348
00001.jpg 572 132 93 154 0.75822
00001.jpg 567 131 107 160 0.75788
00001.jpg 263 131 82 200 0.75215
00001.jpg 268 123 70 204 0.74588
00001.jpg 267 125 77 204 0.74323
00001.jpg 488 108 94 207 0.73832
00001.jpg 363 144 47 175 0.73515
00001.jpg 482 109 95 207 0.72363
00001.jpg 361 143 57 167 0.71175
00001.jpg 260 121 76 209 0.69998
00001.jpg 267 117 78 221 0.69582
00001.jpg 580 143 91 139 0.68958
00001.jpg 491 119 79 184 0.68269
00001.jpg 354 144 69 170 0.68073
00001.jpg 491 105 98 201 0.67500
00001.jpg 355 152 66 154 0.66771
00001.jpg 354 142 58 169 0.66602
00001.jpg 362 140 55 173 0.66053
00001.jpg 569 135 100 154 0.66019
00001.jpg 564 129 109 163 0.65942
00001.jpg 351 134 62 186 0.64163
00001.jpg 358 140 54 167 0.63665
00001.jpg 266 126 73 203 0.62000
00001.jpg 492 115 86 188 0.61901
00001.jpg 562 126 104 160 0.61298
00001.jpg 493 118 79 184 0.60847
00001.jpg 263 123 81 202 0.60276
00001.jpg 265 129 82 204 0.60157
00001.jpg 353 143 55 176 0.60087
00001.jpg 491 115 85 187 0.59781
00001.jpg 363 144 59 166 0.59634
00001.jpg 497 117 74 190 0.59572
00001.jpg 489 113 82 199 0.59074
00001.jpg 269 121 78 204 0.59035
00001.jpg 357 144 65 164 0.58735
00001.jpg 362 143 49 178 0.58698
00001.jpg 358 139 59 181 0.58403
00001.jpg 493 112 78 189 0.58294
00001.jpg 351 133 66 191 0.57299
00001.jpg 485 120 86 188 0.56884
00001.jpg 362 145 56 165 0.56439
00001.jpg 492 117 80 188 0.56411
00001.jpg 573 141 95 145 0.55510
00001.jpg 497 110 90 191 0.55316
00001.jpg 266 132 80 193 0.54419
00001.jpg 497 114 84 190 0.54342
00001.jpg 265 117 81 210 0.53888
00001.jpg 366 140 50 172 0.53857
00001.jpg 566 125 107 167 0.52542
00001.jpg 264 130 85 202 0.52415
00001.jpg 268 126 73 202 0.52401
00001.jpg 577 135 81 151 0.52385
00001.jpg 352 131 68 187 0.52091
00001.jpg 573 137 95 151 0.51942
00001.jpg 491 108 89 202 0.51464
00001.jpg 268 122 79 210 0.50612
00001.jpg 492 116 88 189 0.50401
00001.jpg 265 126 79 210 0.50120
