00003.jpg 573 135 82 154 0.99960
00003.jpg 500 119 80 193 0.99931
00003.jpg 356 144 65 163 0.99908
00003.jpg 500 111 79 201 0.99905
00003.jpg 361 144 48 167 0.99899
00003.jpg 495 112 81 200 0.99897
00003.jpg 363 147 53 165 0.99887
00003.jpg 575 135 80 158 0.99873
00003.jpg 570 133 90 162 0.99871
00003.jpg 358 142 59 161 0.99867
00003.jpg 363 143 49 168 0.99856
00003.jpg 265 121 77 202 0.99853
00003.jpg 576 132 81 156 0.99744
00003.jpg 573 133 86 155 0.99738
00003.jpg 262 126 77 206 0.99736
00003.jpg 261 118 82 212 0.99720
00003.jpg 573 130 80 168 0.99685
00003.jpg 260 127 79 201 0.99681
00003.jpg 266 126 69 207 0.99681
00003.jpg 492 107 91 210 0.99643
00003.jpg 496 108 83 205 0.99640
00003.jpg 572 130 86 161 0.99628
00003.jpg 262 124 80 206 0.99616
00003.jpg 266 126 71 199 0.99603
00003.jpg 498 114 82 193 0.99585
00003.jpg 498 108 79 203 0.99581
00003.jpg 359 141 57 170 0.99579
00003.jpg 492 109 87 199 0.99561
00003.jpg 571 137 87 156 0.99549
00003.jpg 259 126 80 206 0.99500
00003.jpg 497 113 79 199 0.99498
00003.jpg 499 110 78 198 0.99496
00003.jpg 577 134 83 153 0.99492
00003.jpg 579 130 75 161 0.99486
00003.jpg 359 141 56 170 0.99472
00003.jpg 571 131 87 163 0.99454
00003.jpg 359 144 56 166 0.99428
00003.jpg 264 129 78 196 0.99404
00003.jpg 568 129 87 164 0.99403
00003.jpg 497 113 82 193 0.99399
00003.jpg 575 133 80 158 0.99398
00003.jpg 357 142 62 163 0.99394
00003.jpg 262 125 71 206 0.99344
00003.jpg 574 132 85 158 0.99320
00003.jpg 355 136 57 180 0.99301
00003.jpg 361 143 53 166 0.99257
00003.jpg 497 115 77 197 0.99243
00003.jpg 499 107 75 208 0.99213
00003.jpg 575 129 82 159 0.99198
00003.jpg 362 146 58 170 0.99182
00003.jpg 267 123 72 208 0.99150
00003.jpg 262 125 77 202 0.99112
00003.jpg 573 131 85 159 0.99081
00003.jpg 264 124 73 208 0.99059
00003.jpg 569 132 91 164 0.99013
00003.jpg 356 144 59 169 0.99002
00003.jpg 496 116 86 189 0.98949
00003.jpg 497 112 85 195 0.98949
00003.jpg 575 131 79 157 0.98947
00003.jpg 499 115 75 194 0.98943
00003.jpg 497 112 80 203 0.98939
00003.jpg 261 130 79 196 0.98923
00003.jpg 498 113 84 196 0.98908
00003.jpg 498 112 76 199 0.98886
00003.jpg 567 133 91 159 0.98866
00003.jpg 566 132 96 162 0.98866
00003.jpg 575 131 80 160 0.98859
00003.jpg 500 107 76 210 0.98852
00003.jpg 260 125 77 203 0.98833
00003.jpg 357 136 58 177 0.98784
00003.jpg 490 103 94 212 0.98768
00003.jpg 359 144 58 163 0.98736
00003.jpg 260 125 78 209 0.98679
00003.jpg 263 125 77 202 0.98678
00003.jpg 359 142 56 166 0.98655
00003.jpg 497 117 84 189 0.98646
00003.jpg 572 123 83 169 0.98626
00003.jpg 263 126 74 205 0.98568
00003.jpg 361 144 57 165 0.98544
00003.jpg 573 127 87 166 0.98532
00003.jpg 264 118 75 212 0.98512
00003.jpg 258 125 81 201 0.98455
00003.jpg 568 132 95 159 0.98449
00003.jpg 497 116 74 199 0.98440
00003.jpg 496 111 83 196 0.98434
00003.jpg 263 132 77 191 0.98433
00003.jpg 359 147 58 161 0.98388
00003.jpg 571 126 88 169 0.98381
00003.jpg 265 119 76 217 0.98373
00003.jpg 575 129 83 167 0.98296
00003.jpg 263 130 78 196 0.98288
00003.jpg 495 115 78 196 0.98232
00003.jpg 359 143 59 164 0.98228
00003.jpg 496 114 81 198 0.98212
00003.jpg 264 118 77 219 0.98200
00003.jpg 357 143 62 164 0.98167
00003.jpg 260 128 81 198 0.98143
00003.jpg 493 113 83 194 0.98079
00003.jpg 359 146 58 165 0.98048
00003.jpg 569 129 86 156 0.98041
00003.jpg 497 117 79 191 0.98016
00003.jpg 575 127 81 170 0.98010
00003.jpg 568 131 89 168 0.97988
00003.jpg 358 142 58 170 0.97984
00003.jpg 574 132 83 159 0.97982
00003.jpg 263 122 80 214 0.97969
00003.jpg 261 128 81 203 0.97939
00003.jpg 268 116 72 219 0.97915
00003.jpg 262 128 72 200 0.97913
00003.jpg 262 126 77 198 0.97911
00003.jpg 496 115 82 195 0.97796
00003.jpg 258 124 83 203 0.97766
00003.jpg 493 112 81 197 0.97748
00003.jpg 573 134 80 153 0.97704
00003.jpg 264 128 69 204 0.97506
00003.jpg 263 122 76 209 0.97402
00003.jpg 567 133 91 161 0.97376
00003.jpg 358 148 55 160 0.97243
00003.jpg 497 115 81 190 0.97228
00003.jpg 497 114 81 194 0.97207
00003.jpg 578 137 76 148 0.97173
00003.jpg 359 145 54 161 0.97165
00003.jpg 496 114 79 194 0.97153
00003.jpg 578 138 78 151 0.97102
00003.jpg 351 139 69 178 0.96975
00003.jpg 494 112 81 197 0.96968
00003.jpg 354 151 65 161 0.96965
00003.jpg 499 106 78 202 0.96752
00003.jpg 264 127 76 207 0.96689
00003.jpg 262 122 76 210 0.96618
00003.jpg 362 142 56 172 0.96565
00003.jpg 497 116 82 193 0.96533
00003.jpg 260 121 82 207 0.96494
00003.jpg 262 122 76 208 0.96383
00003.jpg 361 135 56 182 0.96317
00003.jpg 263 123 74 212 0.96293
00003.jpg 360 144 55 164 0.96271
00003.jpg 262 128 78 199 0.96243
00003.jpg 263 129 74 199 0.96195
00003.jpg 575 128 80 162 0.96088
00003.jpg 355 141 62 165 0.96074
00003.jpg 497 107 84 204 0.95954
00003.jpg 262 121 81 211 0.95890
00003.jpg 492 113 90 195 0.95721
00003.jpg 575 133 82 160 0.95631
00003.jpg 571 127 84 166 0.95521
00003.jpg 496 113 80 197 0.95286
00003.jpg 494 108 90 201 0.95255
00003.jpg 263 125 76 210 0.95230
00003.jpg 359 145 57 159 0.95141
00003.jpg 497 104 80 206 0.94948
00003.jpg 260 125 81 196 0.94694
00003.jpg 501 115 74 195 0.94669
00003.jpg 571 137 81 148 0.94603
00003.jpg 261 126 78 202 0.94516
00003.jpg 496 107 85 198 0.94469
00003.jpg 260 126 78 204 0.94264
00003.jpg 574 133 80 156 0.94026
00003.jpg 359 142 55 169 0.93883
00003.jpg 362 147 56 161 0.93868
00003.jpg 574 132 85 161 0.93729
00003.jpg 360 143 58 166 0.93537
00003.jpg 356 143 61 163 0.93480
00003.jpg 361 143 60 172 0.93075
00003.jpg 500 110 76 205 0.92981
00003.jpg 260 124 75 207 0.92943
00003.jpg 259 127 78 201 0.92894
00003.jpg 498 111 80 196 0.92603
00003.jpg 356 143 61 170 0.92275
00003.jpg 570 128 81 166 0.92236
00003.jpg 258 125 83 203 0.92199
00003.jpg 570 137 86 154 0.92176
00003.jpg 263 126 82 199 0.91856
00003.jpg 576 133 79 159 0.91530
00003.jpg 265 123 79 203 0.91214
00003.jpg 361 145 57 166 0.91160
00003.jpg 266 128 75 201 0.90933
00003.jpg 356 147 58 161 0.90900
00003.jpg 499 119 79 187 0.90650
00003.jpg 257 125 83 198 0.90564
00003.jpg 572 126 82 167 0.90470
00003.jpg 357 148 60 156 0.90445
00003.jpg 264 130 68 199 0.90331
00003.jpg 358 143 53 172 0.90305
00003.jpg 579 131 77 160 0.90083
00003.jpg 499 115 79 192 0.89754
00003.jpg 360 143 56 162 0.89552
00003.jpg 498 104 81 211 0.89331
00003.jpg 358 145 60 166 0.89034
00003.jpg 497 120 78 183 0.88715
00003.jpg 361 142 58 166 0.88710
00003.jpg 489 115 95 193 0.88190
00003.jpg 260 126 72 200 0.88080
00003.jpg 359 141 62 166 0.88070
00003.jpg 263 124 81 203 0.87901
00003.jpg 356 148 60 155 0.87613
00003.jpg 497 109 84 197 0.87276
00003.jpg 574 126 77 168 0.86706
00003.jpg 574 128 82 164 0.86082
00003.jpg 494 117 81 190 0.85885
00003.jpg 262 123 78 212 0.84026
00003.jpg 363 141 58 167 0.82785
00003.jpg 259 125 76 201 0.82773
00003.jpg 356 145 65 164 0.82408
00003.jpg 568 121 93 174 0.82023
00003.jpg 263 126 74 201 0.81742
00003.jpg 572 127 81 163 0.81690
00003.jpg 262 120 84 208 0.81020
00003.jpg 259 129 87 201 0.80944
00003.jpg 580 127 82 164 0.80271
00003.jpg 353 141 65 173 0.80134
00003.jpg 349 136 75 176 0.80056
00003.jpg 575 136 81 153 0.80003
00003.jpg 573 139 80 148 0.79908
00003.jpg 263 129 72 203 0.79707
00003.jpg 263 114 80 217 0.79620
00003.jpg 357 135 60 180 0.79461
00003.jpg 578 132 77 161 0.78750
00003.jpg 265 124 78 202 0.78742
00003.jpg 500 116 78 187 0.78608
00003.jpg 358 145 57 167 0.78242
00003.jpg 578 138 83 157 0.78168
00003.jpg 571 131 85 162 0.77329
00003.jpg 496 104 84 205 0.77284
00003.jpg 355 142 66 175 0.77164
00003.jpg 499 114 79 194 0.76859
00003.jpg 353 146 61 165 0.76691
00003.jpg 491 109 88 197 0.76270
00003.jpg 580 139 71 155 0.76258
00003.jpg 568 130 90 160 0.72716
00003.jpg 572 133 87 160 0.72668
00003.jpg 581 133 74 156 0.72626
00003.jpg 570 132 88 165 0.71578
00003.jpg 268 126 68 205 0.71199
00003.jpg 575 132 82 155 0.70896
00003.jpg 353 144 65 168 0.69781
00003.jpg 571 124 87 171 0.68886
00003.jpg 359 139 60 174 0.68042
00003.jpg 575 133 78 150 0.67296
00003.jpg 357 144 64 165 0.66186
00003.jpg 573 130 82 160 0.65894
00003.jpg 267 130 62 201 0.65733
00003.jpg 257 123 78 204 0.64760
00003.jpg 565 131 95 162 0.63873
00003.jpg 569 132 85 163 0.63871
00003.jpg 496 122 77 177 0.63357
00003.jpg 501 108 82 206 0.63278
00003.jpg 261 119 75 217 0.62279
00003.jpg 501 115 73 197 0.60980
00003.jpg 495 108 80 206 0.60724
00003.jpg 354 143 62 170 0.60608
00003.jpg 261 123 72 202 0.58854
00003.jpg 497 119 74 184 0.58748
00003.jpg 571 121 89 172 0.58652
00003.jpg 569 131 86 159 0.58232
00003.jpg 567 131 85 160 0.57818
00003.jpg 500 116 84 187 0.57687
00003.jpg 361 150 51 153 0.56508
00003.jpg 492 110 79 200 0.56382
00003.jpg 499 112 78 197 0.56124
00003.jpg 575 134 84 157 0.56061
00003.jpg 263 128 76 198 0.55704
00003.jpg 262 132 75 197 0.55630
00003.jpg 490 112 88 192 0.55366
00003.jpg 354 138 60 170 0.55366
00003.jpg 489 109 90 204 0.55262
00003.jpg 488 117 91 189 0.54869
00003.jpg 365 144 52 162 0.54223
00003.jpg 566 124 87 167 0.52996
00003.jpg 361 149 62 159 0.52099
00003.jpg 257 125 76 202 0.51281
00003.jpg 0 281 16 78 0.50964
00003.jpg 257 113 89 219 0.50697
