00004.jpg 564 128 91 169 0.99956
00004.jpg 500 115 82 201 0.99954
00004.jpg 356 146 66 166 0.99852
00004.jpg 501 113 79 193 0.99846
00004.jpg 496 114 82 194 0.99846
00004.jpg 571 132 83 159 0.99833
00004.jpg 362 143 53 174 0.99833
00004.jpg 261 128 68 196 0.99818
00004.jpg 355 143 65 163 0.99814
00004.jpg 357 136 64 181 0.99814
00004.jpg 494 116 86 197 0.99757
00004.jpg 258 125 75 205 0.99755
00004.jpg 359 144 53 171 0.99751
00004.jpg 257 127 76 199 0.99737
00004.jpg 362 147 56 168 0.99716
00004.jpg 356 148 66 164 0.99707
00004.jpg 259 126 74 207 0.99686
00004.jpg 357 137 63 171 0.99679
00004.jpg 571 132 86 161 0.99655
00004.jpg 572 130 82 160 0.99654
00004.jpg 571 137 80 153 0.99616
00004.jpg 261 120 70 214 0.99606
00004.jpg 572 139 79 150 0.99598
00004.jpg 496 116 82 199 0.99597
00004.jpg 493 108 87 206 0.99578
00004.jpg 570 131 79 157 0.99548
00004.jpg 497 113 80 196 0.99538
00004.jpg 574 132 81 157 0.99536
00004.jpg 257 126 78 204 0.99457
00004.jpg 501 110 78 193 0.99446
00004.jpg 357 132 61 185 0.99444
00004.jpg 258 124 77 206 0.99435
00004.jpg 571 132 81 158 0.99413
00004.jpg 359 142 60 169 0.99397
00004.jpg 567 132 88 160 0.99397
00004.jpg 259 127 75 206 0.99326
00004.jpg 504 109 72 205 0.99325
00004.jpg 497 108 82 207 0.99314
00004.jpg 571 127 84 166 0.99289
00004.jpg 258 127 73 204 0.99289
00004.jpg 568 131 87 158 0.99288
00004.jpg 359 143 62 172 0.99274
00004.jpg 259 121 72 212 0.99271
00004.jpg 256 131 75 194 0.99265
00004.jpg 258 127 77 201 0.99232
00004.jpg 575 131 77 158 0.99225
00004.jpg 502 99 75 217 0.99221
00004.jpg 570 141 83 147 0.99208
00004.jpg 361 140 55 173 0.99197
00004.jpg 500 110 83 201 0.99195
00004.jpg 255 127 76 206 0.99190
00004.jpg 260 124 75 205 0.99170
00004.jpg 500 109 82 202 0.99156
00004.jpg 261 126 75 213 0.99155
00004.jpg 361 149 54 162 0.99144
00004.jpg 568 132 81 161 0.99135
00004.jpg 503 113 67 199 0.99088
00004.jpg 356 146 66 167 0.99083
00004.jpg 257 133 76 194 0.99017
00004.jpg 572 131 80 163 0.99010
00004.jpg 500 115 79 197 0.98994
00004.jpg 569 130 79 161 0.98974
00004.jpg 575 124 77 166 0.98964
00004.jpg 565 131 83 165 0.98921
00004.jpg 357 143 61 173 0.98911
00004.jpg 576 133 79 157 0.98876
00004.jpg 255 130 77 199 0.98827
00004.jpg 359 143 61 171 0.98821
00004.jpg 572 128 77 161 0.98761
00004.jpg 358 146 67 165 0.98674
00004.jpg 258 122 77 208 0.98620
00004.jpg 355 141 66 172 0.98590
00004.jpg 570 132 83 159 0.98569
00004.jpg 355 138 69 176 0.98495
00004.jpg 264 124 71 207 0.98491
00004.jpg 570 130 83 162 0.98437
00004.jpg 353 148 67 164 0.98430
00004.jpg 497 106 80 209 0.98424
00004.jpg 497 110 79 199 0.98421
00004.jpg 498 114 77 198 0.98379
00004.jpg 571 134 84 154 0.98358
00004.jpg 256 125 75 203 0.98352
00004.jpg 502 111 75 202 0.98338
00004.jpg 571 130 83 160 0.98323
00004.jpg 570 124 84 173 0.98300
00004.jpg 255 128 81 204 0.98291
00004.jpg 506 115 72 197 0.98275
00004.jpg 499 111 75 202 0.98249
00004.jpg 568 133 81 157 0.98173
00004.jpg 576 126 76 167 0.98169
00004.jpg 259 125 73 210 0.98154
00004.jpg 258 126 72 201 0.98147
00004.jpg 360 147 58 164 0.98141
00004.jpg 354 151 68 164 0.98138
00004.jpg 258 122 74 209 0.98113
00004.jpg 257 131 79 203 0.98081
00004.jpg 573 133 78 157 0.98038
00004.jpg 493 108 86 198 0.98005
00004.jpg 501 116 79 191 0.97841
00004.jpg 569 128 83 168 0.97821
00004.jpg 499 118 79 193 0.97800
00004.jpg 502 111 76 198 0.97797
00004.jpg 360 144 59 169 0.97781
00004.jpg 501 116 82 193 0.97779
00004.jpg 359 143 61 168 0.97677
00004.jpg 505 118 73 194 0.97668
00004.jpg 257 132 77 190 0.97602
00004.jpg 259 121 71 214 0.97600
00004.jpg 501 115 79 188 0.97520
00004.jpg 504 117 75 194 0.97448
00004.jpg 363 144 56 170 0.97422
00004.jpg 254 126 85 211 0.97421
00004.jpg 567 129 90 163 0.97377
00004.jpg 257 126 76 208 0.97359
00004.jpg 574 131 81 161 0.97323
00004.jpg 495 111 87 193 0.97311
00004.jpg 359 144 63 165 0.97209
00004.jpg 359 138 65 177 0.97195
00004.jpg 258 133 75 199 0.97188
00004.jpg 358 141 64 172 0.97178
00004.jpg 500 114 79 198 0.97172
00004.jpg 500 113 80 193 0.97124
00004.jpg 573 129 79 161 0.97111
00004.jpg 355 139 66 181 0.96980
00004.jpg 502 107 83 205 0.96946
00004.jpg 503 110 69 194 0.96945
00004.jpg 571 130 79 167 0.96835
00004.jpg 256 129 77 201 0.96592
00004.jpg 361 142 60 172 0.96553
00004.jpg 356 146 65 162 0.96523
00004.jpg 567 135 88 153 0.96359
00004.jpg 570 130 81 168 0.96335
00004.jpg 259 123 76 207 0.96281
00004.jpg 500 113 81 196 0.96268
00004.jpg 571 125 79 171 0.96259
00004.jpg 573 137 73 151 0.96236
00004.jpg 256 125 76 206 0.96193
00004.jpg 569 130 80 168 0.96182
00004.jpg 258 122 75 217 0.96175
00004.jpg 254 129 81 199 0.96072
00004.jpg 500 100 84 214 0.95966
00004.jpg 258 118 80 217 0.95896
00004.jpg 255 123 77 213 0.95870
00004.jpg 502 113 68 201 0.95443
00004.jpg 354 142 66 167 0.95394
00004.jpg 500 115 79 188 0.95384
00004.jpg 571 133 82 156 0.95123
00004.jpg 257 119 82 211 0.95122
00004.jpg 260 132 72 193 0.95011
00004.jpg 501 104 81 208 0.94909
00004.jpg 258 129 71 205 0.94876
00004.jpg 259 129 72 200 0.94791
00004.jpg 359 139 60 177 0.94760
00004.jpg 575 131 73 158 0.94705
00004.jpg 501 117 78 189 0.94687
00004.jpg 505 112 70 201 0.94472
00004.jpg 568 133 82 158 0.94182
00004.jpg 503 119 77 186 0.93854
00004.jpg 500 116 75 186 0.93843
00004.jpg 361 139 62 180 0.93669
00004.jpg 259 127 71 204 0.93588
00004.jpg 360 148 57 159 0.93271
00004.jpg 256 120 80 215 0.93115
00004.jpg 494 111 85 200 0.93092
00004.jpg 361 142 61 174 0.93008
00004.jpg 357 141 57 173 0.92826
00004.jpg 569 132 83 159 0.92706
00004.jpg 358 146 68 165 0.92423
00004.jpg 360 144 56 170 0.92325
00004.jpg 496 112 79 195 0.92282
00004.jpg 260 127 79 199 0.92047
00004.jpg 567 133 88 157 0.91859
00004.jpg 253 123 88 203 0.91765
00004.jpg 570 133 85 154 0.91567
00004.jpg 355 143 67 170 0.91394
00004.jpg 0 276 31 83 0.91172
00004.jpg 498 105 86 209 0.91162
00004.jpg 258 130 76 203 0.91118
00004.jpg 260 127 65 198 0.90982
00004.jpg 499 116 83 190 0.90664
00004.jpg 259 128 70 206 0.90487
00004.jpg 253 127 80 201 0.90214
00004.jpg 357 146 62 164 0.90070
00004.jpg 500 118 84 193 0.89987
00004.jpg 357 149 65 160 0.89963
00004.jpg 255 128 75 204 0.89766
00004.jpg 354 140 69 177 0.89670
00004.jpg 352 140 67 175 0.89581
00004.jpg 263 127 70 207 0.89375
00004.jpg 496 112 82 197 0.89211
00004.jpg 501 116 76 192 0.89206
00004.jpg 359 143 66 164 0.89045
00004.jpg 573 131 79 159 0.88924
00004.jpg 259 129 67 200 0.88603
00004.jpg 257 126 79 199 0.88349
00004.jpg 258 132 72 197 0.88314
00004.jpg 566 132 86 158 0.87350
00004.jpg 359 139 67 181 0.87275
00004.jpg 505 114 69 197 0.87028
00004.jpg 262 128 67 201 0.86818
00004.jpg 571 128 86 163 0.86659
00004.jpg 250 126 87 208 0.86657
00004.jpg 0 280 33 80 0.86650
00004.jpg 359 147 63 163 0.86046
00004.jpg 501 114 77 202 0.85983
00004.jpg 358 145 64 171 0.85762
00004.jpg 497 112 82 196 0.85734
00004.jpg 356 146 59 170 0.85581
00004.jpg 492 110 91 199 0.85294
00004.jpg 575 130 79 158 0.85018
00004.jpg 262 128 76 207 0.84881
00004.jpg 568 128 88 159 0.84661
00004.jpg 0 280 33 74 0.84448
00004.jpg 258 126 78 209 0.84233
00004.jpg 0 277 32 82 0.84113
00004.jpg 504 116 66 194 0.84059
00004.jpg 361 140 65 178 0.83632
00004.jpg 357 136 60 178 0.83543
00004.jpg 495 116 90 201 0.83532
00004.jpg 263 131 75 192 0.83133
00004.jpg 502 112 71 196 0.82609
00004.jpg 356 147 60 163 0.81575
00004.jpg 360 145 59 168 0.81284
00004.jpg 259 127 73 208 0.81160
00004.jpg 577 133 75 157 0.81132
00004.jpg 0 277 32 87 0.80896
00004.jpg 366 141 57 170 0.79688
00004.jpg 353 140 67 167 0.79560
00004.jpg 503 113 74 192 0.79258
00004.jpg 567 132 83 152 0.78971
00004.jpg 261 131 74 198 0.78320
00004.jpg 363 146 51 164 0.78248
00004.jpg 0 276 32 79 0.77553
00004.jpg 566 131 88 166 0.77141
00004.jpg 358 146 63 166 0.76710
00004.jpg 254 126 84 201 0.76377
00004.jpg 261 126 76 196 0.75376
00004.jpg 573 135 76 146 0.75219
00004.jpg 354 148 63 151 0.74908
00004.jpg 0 281 31 71 0.74207
00004.jpg 503 109 81 200 0.73757
00004.jpg 257 137 81 194 0.73267
00004.jpg 257 126 71 205 0.72874
00004.jpg 495 120 87 188 0.72694
00004.jpg 257 127 73 206 0.72363
00004.jpg 354 146 65 164 0.71365
00004.jpg 361 146 60 161 0.71316
00004.jpg 568 127 85 167 0.70648
00004.jpg 257 138 78 184 0.70538
00004.jpg 572 123 80 166 0.70533
00004.jpg 356 135 70 176 0.70451
00004.jpg 572 128 85 167 0.70344
00004.jpg 0 278 35 83 0.69942
00004.jpg 357 147 58 159 0.69572
00004.jpg 506 110 77 194 0.69545
00004.jpg 506 107 77 203 0.69545
00004.jpg 499 106 76 208 0.69277
00004.jpg 566 125 82 165 0.68958
00004.jpg 251 124 87 212 0.68613
00004.jpg 355 137 74 175 0.68521
00004.jpg 577 127 78 164 0.68470
00004.jpg 265 129 67 196 0.68184
00004.jpg 567 134 86 156 0.68136
00004.jpg 493 107 91 203 0.67925
00004.jpg 360 143 58 167 0.67859
00004.jpg 507 114 70 189 0.67850
00004.jpg 354 146 73 171 0.67457
00004.jpg 256 127 71 197 0.66958
00004.jpg 565 128 91 167 0.66669
00004.jpg 0 277 37 83 0.65212
00004.jpg 0 278 31 85 0.65021
00004.jpg 255 118 78 217 0.64505
00004.jpg 1 282 34 77 0.64225
00004.jpg 258 128 73 197 0.64207
00004.jpg 3 277 34 89 0.63461
00004.jpg 362 146 64 166 0.61969
00004.jpg 569 132 81 147 0.61502
00004.jpg 567 128 89 161 0.60651
00004.jpg 361 139 64 183 0.59984
00004.jpg 353 144 64 168 0.58752
00004.jpg 0 284 30 70 0.58405
00004.jpg 347 139 78 175 0.58102
00004.jpg 259 130 64 195 0.58018
00004.jpg 0 275 34 85 0.57293
00004.jpg 505 116 68 184 0.57269
00004.jpg 1 279 33 82 0.57233
00004.jpg 265 125 74 202 0.57186
00004.jpg 248 128 94 205 0.56934
00004.jpg 0 276 28 81 0.56424
00004.jpg 568 132 78 156 0.55108
00004.jpg 575 132 75 156 0.54544
00004.jpg 253 128 71 200 0.53061
00004.jpg 572 132 81 158 0.52232
00004.jpg 564 130 92 164 0.52176
00004.jpg 503 119 82 191 0.51632
00004.jpg 506 112 84 198 0.51493
00004.jpg 259 132 78 196 0.51181
00004.jpg 505 115 72 192 0.51006
