00017.jpg 216 90 100 221 0.99979
00017.jpg 212 97 105 213 0.99971
00017.jpg 211 101 104 211 0.99947
00017.jpg 215 96 97 213 0.99913
00017.jpg 214 92 98 218 0.99832
00017.jpg 365 102 59 174 0.99827
00017.jpg 369 103 57 171 0.99814
00017.jpg 364 100 65 175 0.99796
00017.jpg 535 76 79 201 0.99786
00017.jpg 214 97 96 216 0.99724
00017.jpg 366 105 58 169 0.99718
00017.jpg 369 99 52 174 0.99679
00017.jpg 8 0 165 507 0.99662
00017.jpg 214 95 95 217 0.99654
00017.jpg 364 101 60 173 0.99635
00017.jpg 216 95 92 215 0.99614
00017.jpg 540 72 72 206 0.99610
00017.jpg 364 106 61 165 0.99608
00017.jpg 210 102 106 209 0.99607
00017.jpg 216 94 100 213 0.99603
00017.jpg 0 0 168 534 0.99593
00017.jpg 213 88 96 222 0.99591
00017.jpg 365 98 63 179 0.99579
00017.jpg 542 68 73 209 0.99570
00017.jpg 367 99 58 181 0.99569
00017.jpg 209 96 103 219 0.99557
00017.jpg 535 72 79 207 0.99532
00017.jpg 212 95 98 218 0.99522
00017.jpg 540 74 74 203 0.99508
00017.jpg 215 95 89 224 0.99489
00017.jpg 368 105 57 169 0.99474
00017.jpg 216 101 92 205 0.99471
00017.jpg 537 76 78 195 0.99396
00017.jpg 368 99 51 179 0.99349
00017.jpg 1 0 175 537 0.99335
00017.jpg 543 70 74 200 0.99321
00017.jpg 366 103 59 167 0.99318
00017.jpg 218 103 93 209 0.99305
00017.jpg 212 97 101 212 0.99269
00017.jpg 2 0 163 523 0.99255
00017.jpg 366 101 62 173 0.99232
00017.jpg 596 88 63 161 0.99161
00017.jpg 365 102 60 175 0.99125
00017.jpg 365 97 60 175 0.99105
00017.jpg 535 71 77 203 0.99093
00017.jpg 8 0 152 535 0.99091
00017.jpg 365 103 58 174 0.99085
00017.jpg 218 96 95 218 0.99075
00017.jpg 592 92 68 154 0.99074
00017.jpg 537 73 78 197 0.99051
00017.jpg 367 101 57 173 0.99031
00017.jpg 212 95 99 214 0.99008
00017.jpg 220 100 89 209 0.98995
00017.jpg 0 0 175 533 0.98992
00017.jpg 215 98 98 214 0.98989
00017.jpg 217 100 94 213 0.98987
00017.jpg 1 0 162 513 0.98967
00017.jpg 540 72 70 202 0.98951
00017.jpg 593 90 70 167 0.98944
00017.jpg 364 102 62 174 0.98909
00017.jpg 536 68 77 205 0.98864
00017.jpg 591 94 68 148 0.98860
00017.jpg 6 0 159 523 0.98854
00017.jpg 534 71 79 208 0.98828
00017.jpg 212 101 101 205 0.98793
00017.jpg 211 96 97 218 0.98764
00017.jpg 593 88 69 158 0.98754
00017.jpg 364 103 63 173 0.98740
00017.jpg 596 92 63 157 0.98684
00017.jpg 589 88 69 155 0.98642
00017.jpg 593 91 68 155 0.98638
00017.jpg 541 75 75 201 0.98611
00017.jpg 535 73 71 202 0.98606
00017.jpg 362 106 67 175 0.98581
00017.jpg 535 72 74 204 0.98538
00017.jpg 216 97 97 216 0.98519
00017.jpg 216 97 92 213 0.98497
00017.jpg 0 0 166 535 0.98461
00017.jpg 368 101 58 174 0.98457
00017.jpg 366 95 60 180 0.98447
00017.jpg 538 75 75 201 0.98400
00017.jpg 215 98 96 215 0.98392
00017.jpg 217 94 91 220 0.98297
00017.jpg 540 77 76 198 0.98290
00017.jpg 5 0 163 528 0.98281
00017.jpg 540 77 73 197 0.98213
00017.jpg 537 74 73 204 0.98204
00017.jpg 593 88 61 159 0.98156
00017.jpg 367 100 62 175 0.98123
00017.jpg 539 71 70 206 0.98123
00017.jpg 367 105 60 172 0.98120
00017.jpg 595 86 64 165 0.98089
00017.jpg 538 75 79 199 0.97984
00017.jpg 0 0 168 537 0.97907
00017.jpg 595 90 63 159 0.97839
00017.jpg 538 71 73 207 0.97817
00017.jpg 215 97 97 218 0.97766
00017.jpg 596 84 59 170 0.97742
00017.jpg 214 100 100 204 0.97730
00017.jpg 214 101 101 203 0.97702
00017.jpg 593 91 68 154 0.97693
00017.jpg 363 99 65 176 0.97673
00017.jpg 367 101 56 178 0.97646
00017.jpg 541 76 70 200 0.97604
00017.jpg 1 0 163 517 0.97592
00017.jpg 365 105 63 175 0.97536
00017.jpg 535 78 79 191 0.97492
00017.jpg 215 98 99 219 0.97492
00017.jpg 538 78 77 201 0.97427
00017.jpg 4 0 167 526 0.97423
00017.jpg 366 104 55 169 0.97380
00017.jpg 594 90 65 156 0.97344
00017.jpg 592 90 67 154 0.97319
00017.jpg 596 89 60 160 0.97314
00017.jpg 364 105 67 168 0.97215
00017.jpg 0 0 162 535 0.97201
00017.jpg 212 94 99 226 0.97008
00017.jpg 366 103 62 171 0.96946
00017.jpg 544 76 66 204 0.96926
00017.jpg 1 0 159 533 0.96866
00017.jpg 365 101 63 179 0.96845
00017.jpg 536 64 75 217 0.96823
00017.jpg 595 88 66 160 0.96805
00017.jpg 591 88 70 158 0.96791
00017.jpg 593 91 69 154 0.96778
00017.jpg 9 0 155 536 0.96652
00017.jpg 0 0 176 533 0.96612
00017.jpg 213 104 100 200 0.96611
00017.jpg 535 71 76 200 0.96538
00017.jpg 367 97 61 178 0.96527
00017.jpg 591 87 68 163 0.96495
00017.jpg 589 93 68 156 0.96481
00017.jpg 593 94 63 152 0.96464
00017.jpg 369 94 64 184 0.96414
00017.jpg 365 103 59 169 0.96255
00017.jpg 595 87 62 162 0.96207
00017.jpg 208 102 106 211 0.96163
00017.jpg 365 101 60 175 0.96133
00017.jpg 365 102 56 173 0.96119
00017.jpg 12 0 155 509 0.95773
00017.jpg 591 89 71 158 0.95758
00017.jpg 221 100 88 210 0.95724
00017.jpg 594 87 65 165 0.95720
00017.jpg 366 103 67 174 0.95516
00017.jpg 213 96 101 211 0.95449
00017.jpg 537 69 82 204 0.95380
00017.jpg 365 95 63 181 0.95196
00017.jpg 532 72 86 199 0.95188
00017.jpg 597 90 60 154 0.95047
00017.jpg 537 81 74 182 0.94978
00017.jpg 214 99 98 209 0.94864
00017.jpg 543 69 69 212 0.94779
00017.jpg 597 86 60 162 0.94774
00017.jpg 539 75 73 204 0.94617
00017.jpg 217 94 94 215 0.94588
00017.jpg 216 95 93 220 0.94432
00017.jpg 538 81 73 190 0.94336
00017.jpg 214 98 98 211 0.94333
00017.jpg 365 103 62 171 0.94236
00017.jpg 595 83 64 163 0.94159
00017.jpg 592 92 66 150 0.94040
00017.jpg 366 102 56 172 0.94011
00017.jpg 365 103 63 169 0.93987
00017.jpg 364 97 67 174 0.93929
00017.jpg 533 75 80 202 0.93801
00017.jpg 592 87 70 160 0.93682
00017.jpg 535 74 72 194 0.93677
00017.jpg 4 0 151 520 0.93644
00017.jpg 541 76 72 199 0.93640
00017.jpg 595 92 63 153 0.93528
00017.jpg 592 88 73 159 0.93483
00017.jpg 363 97 61 185 0.93450
00017.jpg 3 0 164 486 0.93305
00017.jpg 599 87 60 165 0.93265
00017.jpg 594 91 66 157 0.93236
00017.jpg 214 92 101 222 0.93226
00017.jpg 215 91 95 223 0.93193
00017.jpg 213 95 98 216 0.93072
00017.jpg 600 89 58 160 0.92903
00017.jpg 588 79 73 174 0.92645
00017.jpg 216 97 93 208 0.92594
00017.jpg 213 98 95 219 0.92558
00017.jpg 538 74 77 204 0.92541
00017.jpg 366 105 53 169 0.92519
00017.jpg 536 73 76 203 0.92441
00017.jpg 591 92 72 153 0.92393
00017.jpg 218 96 95 214 0.92319
00017.jpg 543 77 71 195 0.92282
00017.jpg 541 74 71 202 0.92168
00017.jpg 211 93 100 219 0.92156
00017.jpg 541 73 70 205 0.91987
00017.jpg 1 0 173 522 0.91848
00017.jpg 573 74 70 191 0.91510
00017.jpg 595 88 66 161 0.91500
00017.jpg 371 98 54 181 0.91469
00017.jpg 13 0 159 524 0.91083
00017.jpg 365 102 54 175 0.91010
00017.jpg 211 91 96 225 0.91007
00017.jpg 365 104 66 168 0.90997
00017.jpg 366 103 57 174 0.90747
00017.jpg 540 72 75 199 0.90679
00017.jpg 365 103 64 168 0.89757
00017.jpg 10 0 164 521 0.89692
00017.jpg 366 103 57 174 0.89681
00017.jpg 596 77 60 177 0.89623
00017.jpg 15 0 153 524 0.89515
00017.jpg 541 71 64 206 0.89501
00017.jpg 595 78 66 176 0.89487
00017.jpg 535 79 78 188 0.89259
00017.jpg 538 74 72 206 0.89222
00017.jpg 590 80 64 173 0.89166
00017.jpg 595 86 63 167 0.88972
00017.jpg 215 98 92 213 0.88969
00017.jpg 538 74 71 206 0.88764
00017.jpg 210 95 97 217 0.88728
00017.jpg 595 91 65 158 0.88690
00017.jpg 536 81 113 187 0.88340
00017.jpg 216 96 94 209 0.87993
00017.jpg 212 99 97 213 0.87116
00017.jpg 365 103 61 173 0.86980
00017.jpg 364 98 65 183 0.86943
00017.jpg 543 78 81 193 0.86843
00017.jpg 362 103 60 170 0.86673
00017.jpg 592 89 67 157 0.86660
00017.jpg 544 79 66 202 0.86442
00017.jpg 1 0 169 505 0.86372
00017.jpg 535 73 84 208 0.86343
00017.jpg 363 103 69 173 0.85957
00017.jpg 217 96 96 214 0.85736
00017.jpg 593 87 66 159 0.85704
00017.jpg 588 83 68 175 0.85148
00017.jpg 541 74 73 203 0.85124
00017.jpg 536 75 88 196 0.85085
00017.jpg 594 89 62 159 0.84611
00017.jpg 219 92 96 211 0.84498
00017.jpg 362 101 61 174 0.84374
00017.jpg 210 95 97 223 0.84263
00017.jpg 366 100 62 177 0.83780
00017.jpg 540 73 69 199 0.83721
00017.jpg 543 82 76 183 0.83626
00017.jpg 592 93 66 148 0.83408
00017.jpg 531 75 85 202 0.83305
00017.jpg 369 102 49 173 0.82803
00017.jpg 594 92 67 153 0.81907
00017.jpg 538 75 77 199 0.80119
00017.jpg 590 85 69 166 0.79983
00017.jpg 539 73 80 201 0.79864
00017.jpg 365 104 61 172 0.79832
00017.jpg 595 87 66 154 0.79798
00017.jpg 534 66 82 205 0.79342
00017.jpg 369 99 52 183 0.79221
00017.jpg 533 77 81 194 0.78355
00017.jpg 3 0 159 502 0.78349
00017.jpg 213 99 104 214 0.78047
00017.jpg 591 92 64 151 0.77832
00017.jpg 587 83 74 166 0.77577
00017.jpg 533 79 79 201 0.77352
00017.jpg 366 102 58 179 0.76960
00017.jpg 0 0 170 536 0.76720
00017.jpg 536 65 82 211 0.76354
00017.jpg 1 8 159 399 0.76067
00017.jpg 599 84 61 161 0.75654
00017.jpg 7 3 156 373 0.74301
00017.jpg 589 89 76 170 0.73397
00017.jpg 373 103 57 168 0.71975
00017.jpg 365 103 62 175 0.70464
00017.jpg 525 80 125 182 0.70401
00017.jpg 595 90 64 159 0.69745
00017.jpg 534 68 71 210 0.69515
00017.jpg 527 78 105 192 0.69486
00017.jpg 1 0 169 506 0.69452
00017.jpg 1 0 161 523 0.68084
00017.jpg 545 73 63 206 0.67093
00017.jpg 210 94 102 223 0.66439
00017.jpg 544 72 80 212 0.66220
00017.jpg 540 72 96 198 0.66108
00017.jpg 218 99 96 213 0.65769
00017.jpg 362 109 65 162 0.65034
00017.jpg 0 0 183 517 0.64745
00017.jpg 362 105 71 165 0.64556
00017.jpg 595 93 66 149 0.63801
00017.jpg 208 100 106 213 0.63801
00017.jpg 592 87 68 176 0.63224
00017.jpg 547 71 83 198 0.63078
00017.jpg 539 71 68 201 0.62288
00017.jpg 4 0 160 394 0.61059
00017.jpg 362 98 57 179 0.60413
00017.jpg 596 91 64 164 0.60380
00017.jpg 212 103 104 209 0.60264
00017.jpg 215 92 101 218 0.59910
00017.jpg 0 7 156 390 0.59296
00017.jpg 209 98 103 216 0.58403
00017.jpg 596 90 68 151 0.57688
00017.jpg 545 69 80 203 0.57670
00017.jpg 0 34 161 363 0.56834
00017.jpg 602 92 57 149 0.56667
00017.jpg 6 0 161 500 0.55835
00017.jpg 565 78 82 185 0.55718
00017.jpg 533 74 72 195 0.53196
00017.jpg 211 101 94 218 0.52596
00017.jpg 365 100 67 171 0.51615
00017.jpg 221 100 78 207 0.51389
00017.jpg 589 92 67 149 0.51251
00017.jpg 544 79 71 192 0.50628
00017.jpg 540 81 73 192 0.50517
00017.jpg 2 1 127 537 0.50293
00017.jpg 532 76 81 206 0.50166
00017.jpg 601 87 58 155 0.49904
