00022.jpg 552 75 82 215 0.99950
00022.jpg 555 73 75 216 0.99912
00022.jpg 0 0 256 517 0.99883
00022.jpg 558 81 68 206 0.99877
00022.jpg 619 100 58 156 0.99838
00022.jpg 550 77 81 206 0.99831
00022.jpg 210 96 102 221 0.99761
00022.jpg 355 100 77 175 0.99758
00022.jpg 0 0 254 506 0.99750
00022.jpg 0 0 247 518 0.99745
00022.jpg 357 107 76 170 0.99732
00022.jpg 554 79 81 209 0.99721
00022.jpg 354 99 82 180 0.99721
00022.jpg 554 79 80 207 0.99706
00022.jpg 616 97 59 160 0.99702
00022.jpg 550 72 80 213 0.99699
00022.jpg 359 104 72 179 0.99635
00022.jpg 552 71 81 222 0.99616
00022.jpg 357 99 75 179 0.99602
00022.jpg 357 96 77 182 0.99573
00022.jpg 0 5 254 497 0.99557
00022.jpg 551 73 80 219 0.99516
00022.jpg 553 77 77 212 0.99504
00022.jpg 356 104 79 172 0.99448
00022.jpg 208 97 106 218 0.99422
00022.jpg 558 75 73 212 0.99413
00022.jpg 208 92 104 232 0.99405
00022.jpg 558 68 70 216 0.99402
00022.jpg 214 93 103 221 0.99392
00022.jpg 353 104 77 171 0.99337
00022.jpg 553 77 74 214 0.99324
00022.jpg 356 105 83 173 0.99316
00022.jpg 355 104 77 174 0.99310
00022.jpg 354 100 75 182 0.99252
00022.jpg 0 0 234 529 0.99250
00022.jpg 351 103 83 174 0.99227
00022.jpg 623 100 51 154 0.99187
00022.jpg 354 99 78 178 0.99186
00022.jpg 358 107 76 169 0.99170
00022.jpg 620 99 55 158 0.99156
00022.jpg 553 82 81 199 0.99152
00022.jpg 210 94 103 229 0.99142
00022.jpg 204 96 108 227 0.99126
00022.jpg 207 95 105 223 0.99124
00022.jpg 552 76 84 212 0.99119
00022.jpg 215 89 95 237 0.99100
00022.jpg 619 98 59 159 0.99089
00022.jpg 621 95 57 162 0.99084
00022.jpg 356 97 80 186 0.99082
00022.jpg 354 106 76 170 0.99070
00022.jpg 554 82 75 201 0.99067
00022.jpg 620 98 55 157 0.99043
00022.jpg 621 96 56 159 0.99034
00022.jpg 212 89 104 237 0.99023
00022.jpg 619 99 57 158 0.99020
00022.jpg 620 94 63 164 0.99008
00022.jpg 555 77 73 208 0.98998
00022.jpg 359 101 76 180 0.98989
00022.jpg 354 102 80 183 0.98982
00022.jpg 0 0 252 528 0.98966
00022.jpg 619 95 57 165 0.98897
00022.jpg 620 98 58 159 0.98842
00022.jpg 557 71 73 216 0.98840
00022.jpg 621 94 56 162 0.98822
00022.jpg 209 98 104 225 0.98807
00022.jpg 0 6 237 519 0.98666
00022.jpg 205 86 112 230 0.98660
00022.jpg 551 78 82 208 0.98659
00022.jpg 210 95 102 221 0.98648
00022.jpg 553 79 79 208 0.98630
00022.jpg 553 75 82 216 0.98624
00022.jpg 214 97 97 222 0.98616
00022.jpg 357 102 75 178 0.98603
00022.jpg 214 93 101 222 0.98560
00022.jpg 615 99 66 156 0.98556
00022.jpg 210 86 104 239 0.98525
00022.jpg 620 93 57 166 0.98524
00022.jpg 352 98 83 177 0.98444
00022.jpg 356 109 76 161 0.98385
00022.jpg 550 75 76 205 0.98350
00022.jpg 212 92 99 227 0.98319
00022.jpg 618 97 59 163 0.98313
00022.jpg 620 96 57 164 0.98220
00022.jpg 210 98 105 221 0.98216
00022.jpg 613 101 68 160 0.98191
00022.jpg 354 105 79 172 0.98166
00022.jpg 359 103 74 178 0.98157
00022.jpg 355 97 81 183 0.98146
00022.jpg 211 92 105 234 0.98126
00022.jpg 554 81 77 208 0.98121
00022.jpg 356 105 74 176 0.98061
00022.jpg 618 96 64 164 0.98044
00022.jpg 619 94 61 163 0.98037
00022.jpg 212 95 105 223 0.97982
00022.jpg 4 0 226 533 0.97967
00022.jpg 557 75 76 215 0.97923
00022.jpg 212 100 106 215 0.97836
00022.jpg 613 100 64 167 0.97819
00022.jpg 620 98 53 160 0.97802
00022.jpg 350 102 89 180 0.97800
00022.jpg 211 100 98 223 0.97788
00022.jpg 205 99 116 221 0.97784
00022.jpg 211 97 102 221 0.97773
00022.jpg 551 73 74 209 0.97765
00022.jpg 359 106 71 169 0.97755
00022.jpg 0 0 245 527 0.97752
00022.jpg 209 92 106 229 0.97681
00022.jpg 550 74 83 219 0.97681
00022.jpg 553 80 76 204 0.97568
00022.jpg 206 93 111 235 0.97527
00022.jpg 2 0 245 523 0.97492
00022.jpg 211 96 108 221 0.97422
00022.jpg 355 103 78 173 0.97375
00022.jpg 351 101 82 176 0.97263
00022.jpg 207 99 114 215 0.97212
00022.jpg 0 0 250 453 0.97149
00022.jpg 358 101 73 177 0.97126
00022.jpg 551 70 81 223 0.97112
00022.jpg 554 77 79 205 0.97067
00022.jpg 211 99 99 220 0.97016
00022.jpg 558 77 73 208 0.97016
00022.jpg 621 100 57 155 0.97014
00022.jpg 359 101 73 177 0.96891
00022.jpg 556 77 76 207 0.96865
00022.jpg 618 90 63 170 0.96844
00022.jpg 557 81 73 204 0.96756
00022.jpg 214 95 98 222 0.96739
00022.jpg 619 100 60 163 0.96711
00022.jpg 213 97 104 220 0.96711
00022.jpg 617 102 60 159 0.96687
00022.jpg 0 0 228 540 0.96673
00022.jpg 618 98 59 158 0.96628
00022.jpg 618 98 59 157 0.96621
00022.jpg 1 0 247 516 0.96522
00022.jpg 554 80 77 206 0.96495
00022.jpg 617 91 64 176 0.96438
00022.jpg 203 102 114 213 0.96428
00022.jpg 618 97 59 157 0.96210
00022.jpg 210 98 104 224 0.96192
00022.jpg 552 77 78 211 0.96142
00022.jpg 551 75 83 209 0.96046
00022.jpg 356 103 73 173 0.95814
00022.jpg 361 104 64 174 0.95807
00022.jpg 621 95 58 169 0.95779
00022.jpg 354 105 81 170 0.95777
00022.jpg 564 66 70 222 0.95742
00022.jpg 0 0 269 508 0.95731
00022.jpg 556 80 80 199 0.95650
00022.jpg 210 99 109 210 0.95527
00022.jpg 357 85 78 199 0.95450
00022.jpg 207 99 111 225 0.95348
00022.jpg 208 94 108 228 0.95340
00022.jpg 209 95 105 224 0.95308
00022.jpg 353 100 78 180 0.95140
00022.jpg 552 74 80 211 0.94993
00022.jpg 618 100 56 157 0.94966
00022.jpg 356 105 79 180 0.94844
00022.jpg 355 103 80 174 0.94696
00022.jpg 6 0 253 494 0.94521
00022.jpg 204 95 113 230 0.93932
00022.jpg 552 74 80 209 0.93883
00022.jpg 560 79 75 203 0.93859
00022.jpg 353 101 86 184 0.93730
00022.jpg 551 74 74 214 0.93542
00022.jpg 354 101 80 184 0.93465
00022.jpg 622 101 49 159 0.93368
00022.jpg 207 92 107 235 0.93216
00022.jpg 211 91 104 232 0.92991
00022.jpg 213 95 97 217 0.92931
00022.jpg 10 0 246 457 0.92911
00022.jpg 355 105 80 169 0.92829
00022.jpg 4 0 251 472 0.92776
00022.jpg 615 96 61 169 0.92749
00022.jpg 0 0 253 516 0.92605
00022.jpg 0 0 239 522 0.92605
00022.jpg 211 94 109 222 0.92597
00022.jpg 0 2 253 460 0.92561
00022.jpg 5 5 245 446 0.92525
00022.jpg 551 82 81 210 0.92213
00022.jpg 213 96 104 211 0.91807
00022.jpg 355 103 76 177 0.91757
00022.jpg 210 95 104 216 0.91446
00022.jpg 554 79 81 209 0.91112
00022.jpg 355 100 78 179 0.91106
00022.jpg 348 109 89 175 0.91035
00022.jpg 555 77 78 213 0.90281
00022.jpg 357 107 70 165 0.89932
00022.jpg 619 94 58 175 0.89566
00022.jpg 207 94 99 229 0.89455
00022.jpg 552 79 77 216 0.89430
00022.jpg 552 79 78 208 0.89045
00022.jpg 211 95 99 224 0.88618
00022.jpg 2 0 283 497 0.88306
00022.jpg 611 97 72 170 0.88276
00022.jpg 616 92 61 171 0.88252
00022.jpg 358 103 77 171 0.88010
00022.jpg 612 100 62 165 0.87835
00022.jpg 618 96 60 163 0.87554
00022.jpg 357 106 74 170 0.87515
00022.jpg 204 94 107 231 0.87142
00022.jpg 356 101 77 177 0.86768
00022.jpg 546 79 88 207 0.86734
00022.jpg 621 97 54 162 0.86684
00022.jpg 213 97 105 217 0.86508
00022.jpg 359 105 76 169 0.86505
00022.jpg 212 98 102 215 0.86077
00022.jpg 550 78 76 204 0.86043
00022.jpg 619 100 56 149 0.86034
00022.jpg 559 80 73 205 0.85926
00022.jpg 3 5 227 442 0.85446
00022.jpg 5 0 251 459 0.85416
00022.jpg 352 101 79 175 0.84966
00022.jpg 620 101 57 151 0.84512
00022.jpg 209 96 109 228 0.84501
00022.jpg 353 96 79 183 0.84328
00022.jpg 207 99 106 225 0.84264
00022.jpg 360 108 64 169 0.83763
00022.jpg 550 84 82 199 0.83155
00022.jpg 549 87 93 197 0.82916
00022.jpg 554 77 77 205 0.82871
00022.jpg 620 102 59 161 0.82248
00022.jpg 548 73 82 219 0.82114
00022.jpg 0 2 281 440 0.81694
00022.jpg 354 97 79 185 0.80726
00022.jpg 551 77 82 216 0.80604
00022.jpg 557 78 74 208 0.80402
00022.jpg 4 8 252 438 0.80343
00022.jpg 360 103 71 171 0.80214
00022.jpg 352 107 76 168 0.79802
00022.jpg 621 93 53 167 0.79750
00022.jpg 354 102 76 173 0.79724
00022.jpg 205 93 109 238 0.79624
00022.jpg 358 98 82 179 0.79589
00022.jpg 558 77 68 210 0.79359
00022.jpg 351 98 84 181 0.79266
00022.jpg 200 96 124 223 0.78611
00022.jpg 554 81 77 207 0.78223
00022.jpg 0 0 237 517 0.77847
00022.jpg 553 76 81 208 0.77716
00022.jpg 555 78 74 203 0.77675
00022.jpg 0 0 266 521 0.77252
00022.jpg 568 71 68 220 0.77220
00022.jpg 353 102 83 179 0.76713
00022.jpg 562 84 67 198 0.76339
00022.jpg 207 96 105 237 0.76233
00022.jpg 557 80 68 207 0.76113
00022.jpg 348 107 91 168 0.74749
00022.jpg 622 103 57 155 0.74564
00022.jpg 620 103 59 152 0.74446
00022.jpg 10 0 222 504 0.74317
00022.jpg 623 98 55 157 0.73855
00022.jpg 351 98 77 183 0.73852
00022.jpg 0 0 229 491 0.73367
00022.jpg 211 99 95 217 0.73264
00022.jpg 620 101 60 146 0.73194
00022.jpg 559 80 75 205 0.72357
00022.jpg 363 105 61 169 0.72181
00022.jpg 15 0 238 479 0.71812
00022.jpg 217 95 98 214 0.71234
00022.jpg 550 77 88 217 0.70769
00022.jpg 555 84 80 204 0.70311
00022.jpg 358 100 82 176 0.69356
00022.jpg 350 99 87 176 0.69238
00022.jpg 204 97 117 229 0.69108
00022.jpg 344 103 96 176 0.68809
00022.jpg 0 0 277 456 0.68681
00022.jpg 357 105 78 169 0.68304
00022.jpg 206 97 103 214 0.68085
00022.jpg 218 97 99 224 0.67708
00022.jpg 561 79 75 207 0.67529
00022.jpg 617 96 60 158 0.67467
00022.jpg 558 78 77 200 0.67259
00022.jpg 359 102 73 172 0.67082
00022.jpg 207 97 110 211 0.67001
00022.jpg 612 82 62 195 0.66840
00022.jpg 556 76 80 211 0.66454
00022.jpg 350 108 81 160 0.66191
00022.jpg 563 81 75 196 0.66189
00022.jpg 360 104 70 169 0.65563
00022.jpg 362 111 74 163 0.64759
00022.jpg 615 106 63 157 0.64608
00022.jpg 554 68 85 210 0.63831
00022.jpg 216 97 100 212 0.63702
00022.jpg 9 0 263 403 0.63609
00022.jpg 354 104 83 182 0.63385
00022.jpg 621 96 58 171 0.63044
00022.jpg 216 95 96 214 0.63029
00022.jpg 2 0 255 516 0.62459
00022.jpg 554 79 78 208 0.62195
00022.jpg 204 101 105 212 0.61781
00022.jpg 211 90 107 229 0.61484
00022.jpg 547 77 91 197 0.59992
00022.jpg 360 97 81 181 0.59289
00022.jpg 207 89 106 225 0.58979
00022.jpg 619 98 62 160 0.58298
00022.jpg 212 94 106 232 0.57682
00022.jpg 361 104 76 171 0.57354
00022.jpg 202 96 120 234 0.56806
00022.jpg 620 96 53 154 0.55705
00022.jpg 5 9 251 350 0.54269
00022.jpg 208 96 110 237 0.53151
00022.jpg 619 100 54 154 0.53091
00022.jpg 347 104 90 176 0.52610
00022.jpg 186 97 128 206 0.52487
00022.jpg 622 104 59 154 0.52311
00022.jpg 208 92 106 219 0.51159
00022.jpg 548 71 83 214 0.50456
