00020.jpg 206 84 104 222 0.99973
00020.jpg 2 0 229 516 0.99963
00020.jpg 1 0 201 540 0.99910
00020.jpg 0 0 225 536 0.99893
00020.jpg 203 87 110 210 0.99889
00020.jpg 544 66 76 218 0.99843
00020.jpg 601 84 59 161 0.99833
00020.jpg 0 0 213 510 0.99819
00020.jpg 203 80 107 230 0.99814
00020.jpg 0 0 215 522 0.99800
00020.jpg 207 88 106 214 0.99783
00020.jpg 206 90 102 213 0.99777
00020.jpg 208 91 103 216 0.99765
00020.jpg 0 0 218 521 0.99738
00020.jpg 0 0 225 529 0.99736
00020.jpg 212 88 93 217 0.99729
00020.jpg 357 93 67 182 0.99723
00020.jpg 550 73 62 197 0.99711
00020.jpg 357 91 67 182 0.99709
00020.jpg 210 82 101 222 0.99669
00020.jpg 356 90 65 180 0.99641
00020.jpg 554 65 62 217 0.99615
00020.jpg 15 0 197 518 0.99611
00020.jpg 607 88 53 165 0.99608
00020.jpg 606 86 58 160 0.99601
00020.jpg 206 92 105 209 0.99599
00020.jpg 549 69 70 200 0.99590
00020.jpg 211 87 102 214 0.99579
00020.jpg 353 91 75 184 0.99569
00020.jpg 605 88 57 160 0.99561
00020.jpg 4 0 210 511 0.99557
00020.jpg 0 0 205 526 0.99556
00020.jpg 204 90 108 209 0.99550
00020.jpg 202 90 113 212 0.99532
00020.jpg 358 90 65 182 0.99495
00020.jpg 204 90 109 216 0.99490
00020.jpg 602 82 62 167 0.99488
00020.jpg 357 93 70 179 0.99487
00020.jpg 546 72 72 205 0.99486
00020.jpg 547 71 70 206 0.99476
00020.jpg 203 82 107 223 0.99468
00020.jpg 5 0 206 525 0.99462
00020.jpg 604 86 59 162 0.99440
00020.jpg 548 59 72 221 0.99435
00020.jpg 609 83 56 162 0.99428
00020.jpg 354 96 72 172 0.99426
00020.jpg 549 65 68 217 0.99424
00020.jpg 211 82 102 216 0.99358
00020.jpg 549 67 67 210 0.99357
00020.jpg 361 94 64 179 0.99350
00020.jpg 354 96 72 175 0.99350
00020.jpg 552 66 63 211 0.99266
00020.jpg 360 93 61 180 0.99231
00020.jpg 209 85 111 216 0.99192
00020.jpg 9 0 214 533 0.99188
00020.jpg 0 0 208 534 0.99186
00020.jpg 205 90 108 208 0.99181
00020.jpg 551 66 69 209 0.99168
00020.jpg 0 0 217 525 0.99145
00020.jpg 13 0 199 531 0.99127
00020.jpg 605 89 61 159 0.99121
00020.jpg 354 96 68 183 0.99117
00020.jpg 555 68 60 216 0.99112
00020.jpg 357 93 65 181 0.99089
00020.jpg 200 85 118 218 0.99070
00020.jpg 355 103 72 173 0.99066
00020.jpg 356 91 66 186 0.99056
00020.jpg 204 84 114 216 0.99049
00020.jpg 605 85 60 161 0.99032
00020.jpg 5 4 207 529 0.99004
00020.jpg 605 90 56 159 0.98980
00020.jpg 603 85 61 163 0.98960
00020.jpg 208 84 102 219 0.98957
00020.jpg 606 87 56 162 0.98927
00020.jpg 603 86 63 161 0.98830
00020.jpg 204 91 98 213 0.98826
00020.jpg 552 65 66 209 0.98814
00020.jpg 352 92 73 188 0.98788
00020.jpg 202 87 114 220 0.98760
00020.jpg 545 66 71 211 0.98749
00020.jpg 608 87 56 162 0.98740
00020.jpg 359 89 62 190 0.98721
00020.jpg 600 85 70 176 0.98719
00020.jpg 357 95 70 176 0.98688
00020.jpg 552 68 62 210 0.98675
00020.jpg 552 69 65 208 0.98674
00020.jpg 207 91 105 212 0.98669
00020.jpg 208 93 105 206 0.98630
00020.jpg 606 86 54 164 0.98601
00020.jpg 205 80 111 232 0.98536
00020.jpg 602 86 64 159 0.98530
00020.jpg 360 94 66 180 0.98503
00020.jpg 203 87 105 214 0.98492
00020.jpg 356 92 72 181 0.98464
00020.jpg 356 89 69 183 0.98444
00020.jpg 356 95 70 176 0.98370
00020.jpg 549 74 69 202 0.98307
00020.jpg 205 85 111 223 0.98282
00020.jpg 201 88 118 217 0.98194
00020.jpg 358 97 67 172 0.98187
00020.jpg 547 67 73 206 0.98130
00020.jpg 208 87 103 210 0.98098
00020.jpg 603 84 62 170 0.97991
00020.jpg 546 71 70 201 0.97977
00020.jpg 550 70 66 208 0.97973
00020.jpg 355 93 73 178 0.97971
00020.jpg 357 94 70 186 0.97967
00020.jpg 8 0 196 515 0.97863
00020.jpg 361 94 69 180 0.97837
00020.jpg 360 93 62 182 0.97769
00020.jpg 352 91 72 181 0.97759
00020.jpg 604 88 55 169 0.97733
00020.jpg 356 95 68 173 0.97714
00020.jpg 550 70 68 208 0.97700
00020.jpg 600 85 67 160 0.97684
00020.jpg 549 73 70 204 0.97649
00020.jpg 354 93 74 188 0.97644
00020.jpg 605 88 57 159 0.97643
00020.jpg 551 66 70 208 0.97638
00020.jpg 551 64 67 215 0.97624
00020.jpg 202 86 108 220 0.97588
00020.jpg 211 92 102 205 0.97586
00020.jpg 549 66 70 215 0.97534
00020.jpg 550 63 68 222 0.97508
00020.jpg 551 64 68 215 0.97497
00020.jpg 357 98 66 171 0.97444
00020.jpg 356 93 72 177 0.97380
00020.jpg 352 97 73 175 0.97337
00020.jpg 202 85 116 215 0.97289
00020.jpg 356 98 67 170 0.97260
00020.jpg 553 74 63 206 0.97245
00020.jpg 547 68 74 202 0.97179
00020.jpg 358 87 65 186 0.97133
00020.jpg 545 68 79 202 0.97076
00020.jpg 7 0 212 514 0.97044
00020.jpg 551 66 69 206 0.96975
00020.jpg 605 89 59 158 0.96848
00020.jpg 4 0 195 521 0.96819
00020.jpg 605 88 59 160 0.96810
00020.jpg 355 94 66 176 0.96780
00020.jpg 359 91 60 184 0.96723
00020.jpg 359 88 65 186 0.96680
00020.jpg 607 85 54 163 0.96612
00020.jpg 204 85 108 214 0.96554
00020.jpg 551 68 66 204 0.96524
00020.jpg 360 92 60 177 0.96512
00020.jpg 356 93 70 179 0.96446
00020.jpg 544 62 77 217 0.96389
00020.jpg 359 97 66 170 0.96374
00020.jpg 607 84 55 164 0.96368
00020.jpg 551 69 72 205 0.96363
00020.jpg 204 88 110 221 0.96319
00020.jpg 545 74 72 202 0.96307
00020.jpg 205 91 109 214 0.96127
00020.jpg 4 0 211 526 0.96080
00020.jpg 555 70 66 201 0.96043
00020.jpg 206 88 102 208 0.96020
00020.jpg 356 96 69 172 0.95946
00020.jpg 205 83 112 222 0.95934
00020.jpg 354 97 73 178 0.95884
00020.jpg 605 86 60 168 0.95788
00020.jpg 601 85 63 162 0.95492
00020.jpg 11 0 205 525 0.95464
00020.jpg 14 0 199 533 0.95437
00020.jpg 2 0 197 520 0.95367
00020.jpg 548 67 74 213 0.95319
00020.jpg 606 93 55 148 0.95288
00020.jpg 0 0 214 516 0.95175
00020.jpg 555 62 63 220 0.95162
00020.jpg 550 67 68 210 0.95108
00020.jpg 205 85 110 215 0.95086
00020.jpg 352 97 71 171 0.94829
00020.jpg 554 71 58 208 0.94818
00020.jpg 603 88 63 152 0.94699
00020.jpg 208 89 104 214 0.94644
00020.jpg 603 89 61 157 0.94509
00020.jpg 602 83 62 175 0.94419
00020.jpg 359 89 62 184 0.94285
00020.jpg 353 90 76 184 0.94205
00020.jpg 0 0 216 523 0.94117
00020.jpg 602 86 66 159 0.93249
00020.jpg 546 68 69 213 0.93170
00020.jpg 208 91 105 212 0.93070
00020.jpg 549 68 69 210 0.92628
00020.jpg 202 89 108 211 0.92592
00020.jpg 209 89 105 209 0.92233
00020.jpg 207 83 102 219 0.92089
00020.jpg 204 88 103 208 0.92011
00020.jpg 550 72 70 212 0.91959
00020.jpg 603 88 61 160 0.91823
00020.jpg 355 89 74 187 0.91745
00020.jpg 549 66 69 210 0.91625
00020.jpg 205 92 113 216 0.91366
00020.jpg 545 58 78 223 0.91126
00020.jpg 605 81 60 174 0.90969
00020.jpg 205 86 110 222 0.90885
00020.jpg 201 90 115 219 0.90596
00020.jpg 554 67 64 213 0.90365
00020.jpg 548 68 71 209 0.90051
00020.jpg 356 91 76 185 0.89944
00020.jpg 553 69 60 206 0.89900
00020.jpg 548 67 69 209 0.89805
00020.jpg 207 84 106 217 0.89799
00020.jpg 202 86 110 222 0.89257
00020.jpg 605 91 60 154 0.88983
00020.jpg 2 0 200 525 0.88770
00020.jpg 547 71 76 202 0.88642
00020.jpg 201 86 106 220 0.88216
00020.jpg 0 0 213 504 0.87987
00020.jpg 603 80 62 170 0.87569
00020.jpg 356 95 70 175 0.87528
00020.jpg 355 95 66 174 0.87508
00020.jpg 5 0 212 514 0.87445
00020.jpg 602 79 64 166 0.87432
00020.jpg 545 64 70 218 0.87166
00020.jpg 605 79 57 176 0.87064
00020.jpg 604 88 60 157 0.87048
00020.jpg 604 76 64 181 0.86992
00020.jpg 206 85 109 215 0.86685
00020.jpg 602 83 66 168 0.86665
00020.jpg 604 85 60 169 0.86531
00020.jpg 207 90 105 213 0.86400
00020.jpg 355 95 69 177 0.86339
00020.jpg 362 91 64 183 0.86005
00020.jpg 610 89 55 159 0.85991
00020.jpg 553 67 57 212 0.85989
00020.jpg 547 79 71 190 0.85917
00020.jpg 199 87 114 223 0.85900
00020.jpg 354 101 71 166 0.85703
00020.jpg 3 0 218 532 0.85690
00020.jpg 554 71 71 200 0.85565
00020.jpg 359 95 69 175 0.85322
00020.jpg 360 98 63 174 0.84934
00020.jpg 353 93 71 180 0.84889
00020.jpg 355 86 66 192 0.84452
00020.jpg 602 86 60 163 0.84381
00020.jpg 547 72 66 200 0.84325
00020.jpg 605 84 53 164 0.84278
00020.jpg 546 65 69 210 0.84183
00020.jpg 3 0 216 532 0.84057
00020.jpg 603 89 62 156 0.83729
00020.jpg 549 61 75 227 0.83726
00020.jpg 2 0 215 533 0.83418
00020.jpg 354 87 76 193 0.83296
00020.jpg 0 0 219 505 0.82516
00020.jpg 210 85 94 213 0.81696
00020.jpg 209 97 103 198 0.81421
00020.jpg 199 92 114 210 0.81260
00020.jpg 215 83 98 224 0.81188
00020.jpg 354 92 74 177 0.80604
00020.jpg 549 59 68 223 0.80362
00020.jpg 361 91 70 176 0.79990
00020.jpg 202 81 107 227 0.79425
00020.jpg 201 88 110 209 0.79176
00020.jpg 610 82 50 169 0.79138
00020.jpg 606 88 59 157 0.78824
00020.jpg 607 85 54 159 0.77900
00020.jpg 604 86 64 159 0.77047
00020.jpg 602 88 61 162 0.76104
00020.jpg 357 98 75 173 0.76032
00020.jpg 0 9 219 507 0.76016
00020.jpg 0 0 223 526 0.75910
00020.jpg 361 96 63 174 0.75389
00020.jpg 5 0 194 521 0.74480
00020.jpg 606 93 52 158 0.74458
00020.jpg 548 71 65 202 0.73912
00020.jpg 199 88 110 217 0.72719
00020.jpg 602 87 59 166 0.72625
00020.jpg 358 93 67 178 0.72615
00020.jpg 609 87 54 157 0.71601
00020.jpg 596 79 69 180 0.71087
00020.jpg 214 81 91 227 0.70867
00020.jpg 356 90 68 180 0.69637
00020.jpg 549 72 63 209 0.68550
00020.jpg 600 82 67 168 0.68522
00020.jpg 356 95 66 175 0.68283
00020.jpg 11 10 204 508 0.67536
00020.jpg 603 91 60 152 0.66947
00020.jpg 203 90 102 217 0.66800
00020.jpg 353 92 68 178 0.66147
00020.jpg 356 94 65 175 0.65718
00020.jpg 208 83 101 214 0.63538
00020.jpg 348 100 82 181 0.63344
00020.jpg 609 87 51 166 0.63246
00020.jpg 547 75 66 192 0.62974
00020.jpg 203 92 110 218 0.62899
00020.jpg 359 91 71 182 0.62856
00020.jpg 611 83 50 163 0.62464
00020.jpg 200 88 113 216 0.62139
00020.jpg 551 71 63 206 0.62074
00020.jpg 592 79 78 174 0.62025
00020.jpg 552 64 72 204 0.61201
00020.jpg 356 101 74 175 0.59917
00020.jpg 201 90 114 205 0.59615
00020.jpg 361 91 65 177 0.59158
00020.jpg 552 74 67 205 0.58714
00020.jpg 551 63 76 220 0.58619
00020.jpg 606 85 60 158 0.58336
00020.jpg 546 66 74 210 0.57648
00020.jpg 601 78 70 172 0.57605
00020.jpg 603 86 58 160 0.57406
00020.jpg 552 69 103 207 0.57186
00020.jpg 209 93 104 206 0.56621
00020.jpg 556 69 74 205 0.56461
00020.jpg 551 62 64 214 0.54319
00020.jpg 349 94 69 174 0.53136
00020.jpg 362 94 62 171 0.53103
00020.jpg 209 86 111 220 0.52936
00020.jpg 353 98 67 171 0.52790
00020.jpg 216 91 102 218 0.52495
00020.jpg 544 71 89 198 0.51735
00020.jpg 0 0 226 507 0.51618
00020.jpg 548 69 60 200 0.51581
00020.jpg 556 67 62 210 0.51496
00020.jpg 353 91 70 187 0.51273
00020.jpg 552 74 69 207 0.50216
