00030.jpg 305 153 92 178 0.99968
00030.jpg 531 122 97 205 0.99965
00030.jpg 304 150 95 174 0.99944
00030.jpg 301 152 101 173 0.99940
00030.jpg 0 0 269 516 0.99846
00030.jpg 0 1 274 529 0.99821
00030.jpg 305 155 96 173 0.99802
00030.jpg 535 117 88 213 0.99800
00030.jpg 307 153 93 171 0.99793
00030.jpg 307 144 91 183 0.99788
00030.jpg 535 123 91 213 0.99781
00030.jpg 536 121 96 208 0.99772
00030.jpg 530 121 99 206 0.99739
00030.jpg 304 149 97 178 0.99718
00030.jpg 531 119 98 221 0.99665
00030.jpg 534 123 91 220 0.99649
00030.jpg 535 124 101 211 0.99641
00030.jpg 305 144 92 180 0.99637
00030.jpg 311 148 89 179 0.99636
00030.jpg 306 149 93 181 0.99620
00030.jpg 527 121 106 214 0.99595
00030.jpg 0 0 252 516 0.99586
00030.jpg 314 150 84 174 0.99581
00030.jpg 537 122 87 212 0.99576
00030.jpg 536 125 90 205 0.99526
00030.jpg 539 116 84 222 0.99523
00030.jpg 536 124 86 213 0.99518
00030.jpg 0 0 276 515 0.99518
00030.jpg 532 120 99 205 0.99514
00030.jpg 535 123 92 212 0.99489
00030.jpg 538 122 91 205 0.99440
00030.jpg 0 0 283 539 0.99416
00030.jpg 306 153 89 170 0.99401
00030.jpg 305 152 98 171 0.99396
00030.jpg 305 154 95 164 0.99383
00030.jpg 305 151 100 170 0.99320
00030.jpg 305 158 88 161 0.99305
00030.jpg 309 154 86 173 0.99295
00030.jpg 536 126 88 200 0.99281
00030.jpg 536 120 89 214 0.99269
00030.jpg 534 117 94 216 0.99268
00030.jpg 537 127 93 205 0.99258
00030.jpg 536 123 89 212 0.99253
00030.jpg 537 121 88 209 0.99237
00030.jpg 534 122 91 215 0.99199
00030.jpg 309 155 88 168 0.99117
00030.jpg 308 153 93 170 0.99076
00030.jpg 537 122 87 214 0.99059
00030.jpg 306 155 92 165 0.99024
00030.jpg 307 151 93 166 0.99021
00030.jpg 308 151 89 175 0.98985
00030.jpg 1 0 260 531 0.98984
00030.jpg 0 0 263 521 0.98959
00030.jpg 309 154 84 163 0.98906
00030.jpg 308 150 89 174 0.98890
00030.jpg 0 3 281 512 0.98864
00030.jpg 535 124 88 209 0.98834
00030.jpg 303 154 101 174 0.98832
00030.jpg 301 153 97 164 0.98739
00030.jpg 533 123 94 214 0.98737
00030.jpg 533 119 94 213 0.98735
00030.jpg 305 148 90 179 0.98678
00030.jpg 305 146 96 180 0.98633
00030.jpg 537 117 87 220 0.98628
00030.jpg 0 0 270 532 0.98625
00030.jpg 304 149 93 177 0.98570
00030.jpg 535 119 85 215 0.98434
00030.jpg 528 128 105 202 0.98323
00030.jpg 535 116 99 227 0.98262
00030.jpg 308 153 91 173 0.98246
00030.jpg 533 121 96 209 0.98224
00030.jpg 0 0 287 519 0.98139
00030.jpg 1 0 250 519 0.98130
00030.jpg 311 152 87 169 0.98064
00030.jpg 306 150 94 178 0.98056
00030.jpg 310 146 86 181 0.98055
00030.jpg 535 115 92 225 0.97960
00030.jpg 0 0 275 538 0.97866
00030.jpg 0 4 281 526 0.97854
00030.jpg 0 3 253 519 0.97839
00030.jpg 303 149 98 171 0.97798
00030.jpg 302 147 97 181 0.97784
00030.jpg 304 154 91 169 0.97698
00030.jpg 307 149 91 176 0.97677
00030.jpg 0 0 284 540 0.97653
00030.jpg 307 151 89 173 0.97620
00030.jpg 0 0 272 508 0.97577
00030.jpg 0 17 258 500 0.97484
00030.jpg 534 122 91 210 0.97297
00030.jpg 535 120 89 213 0.97279
00030.jpg 533 120 95 210 0.97227
00030.jpg 605 149 37 121 0.97143
00030.jpg 530 119 101 205 0.97139
00030.jpg 309 154 90 166 0.96980
00030.jpg 527 113 105 222 0.96858
00030.jpg 533 121 94 213 0.96642
00030.jpg 303 146 98 183 0.96348
00030.jpg 534 121 98 218 0.96066
00030.jpg 536 117 88 218 0.95727
00030.jpg 534 115 92 214 0.95679
00030.jpg 313 154 83 169 0.95471
00030.jpg 0 0 270 526 0.95465
00030.jpg 0 0 245 514 0.95280
00030.jpg 0 1 255 523 0.95189
00030.jpg 311 151 89 174 0.95022
00030.jpg 532 122 92 215 0.94660
00030.jpg 308 153 90 171 0.94290
00030.jpg 309 153 87 167 0.93832
00030.jpg 537 119 85 213 0.93317
00030.jpg 609 151 34 106 0.93296
00030.jpg 307 150 94 174 0.92824
00030.jpg 532 120 94 210 0.92678
00030.jpg 302 147 100 181 0.92582
00030.jpg 543 128 80 202 0.92063
00030.jpg 537 120 90 218 0.91937
00030.jpg 532 126 99 199 0.91795
00030.jpg 0 19 261 477 0.91603
00030.jpg 606 148 34 108 0.91527
00030.jpg 603 145 39 112 0.91496
00030.jpg 537 125 93 200 0.91349
00030.jpg 307 158 93 168 0.91154
00030.jpg 539 125 92 211 0.91130
00030.jpg 602 146 39 128 0.91008
00030.jpg 608 149 39 125 0.90693
00030.jpg 308 151 87 174 0.90659
00030.jpg 302 148 99 179 0.90457
00030.jpg 532 126 102 205 0.90215
00030.jpg 0 0 279 521 0.89653
00030.jpg 309 156 86 162 0.89651
00030.jpg 604 149 33 104 0.89397
00030.jpg 297 157 103 161 0.89123
00030.jpg 0 0 270 527 0.88549
00030.jpg 0 4 276 515 0.88549
00030.jpg 529 120 104 216 0.87672
00030.jpg 536 121 87 208 0.86979
00030.jpg 301 143 99 187 0.86409
00030.jpg 533 121 95 212 0.85846
00030.jpg 532 119 84 216 0.85578
00030.jpg 603 150 40 127 0.85231
00030.jpg 534 118 102 217 0.84715
00030.jpg 302 151 97 168 0.84633
00030.jpg 310 154 87 171 0.84469
00030.jpg 2 12 233 508 0.84008
00030.jpg 307 148 88 180 0.83537
00030.jpg 604 147 41 121 0.83519
00030.jpg 601 144 36 127 0.83268
00030.jpg 602 151 35 108 0.82969
00030.jpg 606 145 31 124 0.82811
00030.jpg 538 121 83 220 0.82723
00030.jpg 309 154 87 169 0.82413
00030.jpg 605 147 34 128 0.82402
00030.jpg 0 0 281 538 0.82285
00030.jpg 606 153 39 96 0.81983
00030.jpg 4 0 258 526 0.81871
00030.jpg 606 148 33 107 0.80659
00030.jpg 604 150 37 115 0.80597
00030.jpg 534 119 85 207 0.80562
00030.jpg 607 150 35 117 0.80498
00030.jpg 307 154 90 163 0.80309
00030.jpg 313 157 84 164 0.79530
00030.jpg 302 141 104 182 0.79448
00030.jpg 603 150 33 110 0.79199
00030.jpg 603 149 40 94 0.78333
00030.jpg 532 124 96 209 0.78007
00030.jpg 604 149 41 105 0.77762
00030.jpg 538 121 83 205 0.76623
00030.jpg 536 119 86 212 0.76604
00030.jpg 309 152 92 171 0.75287
00030.jpg 609 148 33 100 0.74732
00030.jpg 602 143 42 136 0.74636
00030.jpg 604 147 43 102 0.74346
00030.jpg 610 147 35 113 0.74320
00030.jpg 310 155 92 174 0.73739
00030.jpg 536 119 87 211 0.73199
00030.jpg 605 152 42 102 0.72657
00030.jpg 302 148 103 171 0.72299
00030.jpg 606 145 39 105 0.71847
00030.jpg 534 118 98 214 0.71248
00030.jpg 606 150 37 92 0.71169
00030.jpg 607 148 40 110 0.70924
00030.jpg 311 154 87 165 0.70760
00030.jpg 601 147 35 126 0.69935
00030.jpg 608 148 35 132 0.69858
00030.jpg 608 155 41 100 0.69571
00030.jpg 605 148 30 96 0.69293
00030.jpg 602 142 32 141 0.69095
00030.jpg 0 1 264 506 0.68452
00030.jpg 531 126 105 208 0.68296
00030.jpg 182 269 47 88 0.68016
00030.jpg 611 149 34 117 0.67364
00030.jpg 601 142 43 144 0.66519
00030.jpg 598 144 43 139 0.66247
00030.jpg 1 0 236 510 0.65852
00030.jpg 528 128 107 204 0.65649
00030.jpg 537 120 85 211 0.65283
00030.jpg 601 146 46 117 0.65251
00030.jpg 608 153 40 96 0.65200
00030.jpg 5 0 282 540 0.65074
00030.jpg 607 150 38 127 0.64743
00030.jpg 301 146 108 183 0.63026
00030.jpg 534 115 94 221 0.62791
00030.jpg 0 3 272 499 0.62315
00030.jpg 309 149 92 172 0.62148
00030.jpg 302 150 89 163 0.61110
00030.jpg 299 153 92 169 0.61095
00030.jpg 185 262 41 94 0.61028
00030.jpg 308 152 84 171 0.60620
00030.jpg 310 151 86 170 0.60475
00030.jpg 310 153 93 167 0.60321
00030.jpg 603 154 37 97 0.60190
00030.jpg 183 269 42 89 0.59256
00030.jpg 600 136 36 150 0.58836
00030.jpg 183 270 44 85 0.58769
00030.jpg 191 78 86 304 0.58462
00030.jpg 304 148 99 179 0.58250
00030.jpg 611 150 35 95 0.57620
00030.jpg 597 140 44 140 0.57123
00030.jpg 187 88 84 292 0.56805
00030.jpg 604 146 44 126 0.56795
00030.jpg 599 152 41 107 0.56771
00030.jpg 181 251 43 107 0.56750
00030.jpg 597 149 47 125 0.54916
00030.jpg 0 2 278 493 0.54844
00030.jpg 186 58 87 296 0.54191
00030.jpg 181 260 43 93 0.53216
00030.jpg 535 127 95 195 0.53175
00030.jpg 311 146 82 185 0.53174
00030.jpg 536 125 85 207 0.52738
00030.jpg 602 149 36 90 0.52666
00030.jpg 310 151 88 173 0.52445
00030.jpg 181 265 50 86 0.51883
00030.jpg 534 120 91 221 0.51870
00030.jpg 609 153 37 112 0.51773
00030.jpg 312 150 86 171 0.51323
00030.jpg 539 124 80 209 0.51231
00030.jpg 532 119 89 220 0.51073
00030.jpg 602 146 45 129 0.50813
00030.jpg 0 1 267 507 0.50563
00030.jpg 596 133 44 146 0.50465
00030.jpg 186 268 42 91 0.50456
00030.jpg 9 6 275 498 0.50115
00030.jpg 602 159 42 103 0.50111
00030.jpg 191 38 70 324 0.50081
