00038.jpg 570 144 91 206 0.99921
00038.jpg 568 141 94 210 0.99917
00038.jpg 308 167 49 185 0.99902
00038.jpg 569 144 97 207 0.99871
00038.jpg 571 141 90 210 0.99822
00038.jpg 307 169 51 170 0.99792
00038.jpg 307 170 53 172 0.99751
00038.jpg 572 148 85 200 0.99740
00038.jpg 566 139 95 217 0.99732
00038.jpg 569 137 91 219 0.99709
00038.jpg 568 142 91 213 0.99699
00038.jpg 574 141 83 215 0.99698
00038.jpg 568 136 97 216 0.99681
00038.jpg 309 172 51 171 0.99676
00038.jpg 570 137 95 223 0.99674
00038.jpg 309 168 52 171 0.99670
00038.jpg 574 138 90 208 0.99643
00038.jpg 567 136 89 215 0.99635
00038.jpg 563 140 98 211 0.99595
00038.jpg 572 145 90 208 0.99585
00038.jpg 309 166 50 184 0.99545
00038.jpg 575 143 85 209 0.99527
00038.jpg 2 0 306 465 0.99479
00038.jpg 569 135 91 218 0.99403
00038.jpg 568 146 90 208 0.99397
00038.jpg 305 166 51 181 0.99331
00038.jpg 571 139 92 217 0.99326
00038.jpg 310 170 53 175 0.99325
00038.jpg 306 172 54 173 0.99307
00038.jpg 306 174 56 168 0.99180
00038.jpg 571 138 90 211 0.99148
00038.jpg 308 171 53 172 0.99135
00038.jpg 5 0 316 494 0.99127
00038.jpg 310 170 51 171 0.99096
00038.jpg 0 1 297 478 0.99082
00038.jpg 574 147 84 202 0.99064
00038.jpg 573 142 91 210 0.99054
00038.jpg 566 139 96 210 0.99021
00038.jpg 3 4 302 452 0.98990
00038.jpg 569 142 89 210 0.98980
00038.jpg 15 0 319 515 0.98862
00038.jpg 568 145 94 209 0.98815
00038.jpg 0 0 294 501 0.98718
00038.jpg 572 140 89 212 0.98681
00038.jpg 1 0 296 500 0.98561
00038.jpg 305 168 59 174 0.98368
00038.jpg 307 169 54 171 0.98330
00038.jpg 572 138 86 220 0.98328
00038.jpg 571 139 83 212 0.98312
00038.jpg 571 138 85 215 0.98239
00038.jpg 308 164 52 180 0.98198
00038.jpg 307 167 55 173 0.98111
00038.jpg 309 168 50 178 0.97699
00038.jpg 6 0 318 493 0.97626
00038.jpg 567 139 95 213 0.97620
00038.jpg 7 4 330 489 0.97571
00038.jpg 568 141 95 211 0.97565
00038.jpg 309 165 54 186 0.97547
00038.jpg 309 167 50 179 0.97490
00038.jpg 0 2 291 462 0.97485
00038.jpg 305 169 56 179 0.97417
00038.jpg 10 0 270 456 0.97205
00038.jpg 0 0 307 491 0.97052
00038.jpg 12 0 320 516 0.97033
00038.jpg 307 168 53 171 0.97022
00038.jpg 0 0 329 498 0.97001
00038.jpg 7 6 261 422 0.96899
00038.jpg 0 4 297 489 0.96877
00038.jpg 3 0 343 485 0.96809
00038.jpg 563 136 101 217 0.96718
00038.jpg 572 141 94 212 0.96679
00038.jpg 306 170 58 178 0.96640
00038.jpg 306 169 57 177 0.96430
00038.jpg 564 143 103 205 0.96171
00038.jpg 306 171 57 173 0.96103
00038.jpg 568 142 93 204 0.95845
00038.jpg 307 167 56 178 0.95807
00038.jpg 307 163 54 182 0.95755
00038.jpg 571 145 96 208 0.95742
00038.jpg 576 142 82 211 0.95740
00038.jpg 309 166 53 180 0.95704
00038.jpg 309 167 54 175 0.95600
00038.jpg 568 147 93 194 0.95513
00038.jpg 564 140 93 213 0.95326
00038.jpg 305 172 59 175 0.95237
00038.jpg 0 6 295 476 0.95157
00038.jpg 306 169 58 176 0.94906
00038.jpg 0 0 322 514 0.94653
00038.jpg 306 168 56 177 0.94566
00038.jpg 565 141 92 206 0.94385
00038.jpg 306 173 59 167 0.94265
00038.jpg 0 0 322 524 0.94119
00038.jpg 304 163 59 179 0.94034
00038.jpg 6 6 262 419 0.93945
00038.jpg 307 174 55 166 0.93941
00038.jpg 306 171 57 166 0.93707
00038.jpg 568 141 86 208 0.93552
00038.jpg 306 164 55 181 0.93544
00038.jpg 304 168 57 179 0.92920
00038.jpg 306 173 53 166 0.92675
00038.jpg 571 147 90 203 0.92421
00038.jpg 573 137 83 219 0.92328
00038.jpg 0 0 335 503 0.92298
00038.jpg 4 7 268 447 0.92274
00038.jpg 567 145 94 193 0.92158
00038.jpg 0 0 291 452 0.91813
00038.jpg 306 171 54 174 0.91708
00038.jpg 569 137 91 216 0.91257
00038.jpg 306 164 50 182 0.91216
00038.jpg 6 0 304 474 0.90836
00038.jpg 2 7 310 493 0.90301
00038.jpg 565 141 94 214 0.90101
00038.jpg 306 169 56 171 0.89626
00038.jpg 307 173 54 169 0.89228
00038.jpg 307 175 60 165 0.89134
00038.jpg 572 143 87 208 0.88907
00038.jpg 307 169 56 176 0.88890
00038.jpg 570 135 96 219 0.88853
00038.jpg 570 143 90 217 0.88646
00038.jpg 308 164 55 179 0.88275
00038.jpg 306 173 56 170 0.88234
00038.jpg 568 136 88 207 0.88069
00038.jpg 0 7 297 450 0.87602
00038.jpg 565 141 97 211 0.87495
00038.jpg 4 4 268 452 0.87315
00038.jpg 570 146 88 210 0.86619
00038.jpg 1 0 272 468 0.86238
00038.jpg 565 139 98 207 0.86233
00038.jpg 568 139 92 210 0.85988
00038.jpg 569 143 92 203 0.85914
00038.jpg 307 171 54 170 0.85260
00038.jpg 307 167 52 178 0.83425
00038.jpg 307 171 56 176 0.82487
00038.jpg 303 171 60 172 0.82061
00038.jpg 307 170 51 174 0.81956
00038.jpg 560 147 102 208 0.80221
00038.jpg 308 170 56 176 0.80208
00038.jpg 305 169 61 177 0.79796
00038.jpg 0 0 345 480 0.79747
00038.jpg 0 0 330 517 0.79475
00038.jpg 307 167 49 178 0.79205
00038.jpg 566 138 95 204 0.78868
00038.jpg 302 175 63 171 0.78780
00038.jpg 571 144 82 206 0.78184
00038.jpg 305 165 61 187 0.78036
00038.jpg 306 169 51 175 0.77539
00038.jpg 567 137 95 219 0.77488
00038.jpg 575 140 90 204 0.75866
00038.jpg 306 172 57 171 0.75625
00038.jpg 305 168 51 169 0.75197
00038.jpg 3 5 264 416 0.74771
00038.jpg 304 166 55 181 0.74541
00038.jpg 19 0 257 410 0.74291
00038.jpg 0 8 276 383 0.74252
00038.jpg 310 168 58 185 0.73208
00038.jpg 308 173 58 174 0.72586
00038.jpg 306 165 57 177 0.71286
00038.jpg 304 162 65 187 0.71240
00038.jpg 308 168 56 170 0.70953
00038.jpg 306 169 60 171 0.69525
00038.jpg 314 169 52 174 0.69062
00038.jpg 0 25 346 492 0.68540
00038.jpg 17 0 252 387 0.67015
00038.jpg 566 148 99 211 0.66563
00038.jpg 306 177 50 163 0.64347
00038.jpg 308 170 55 176 0.64220
00038.jpg 0 0 289 450 0.63712
00038.jpg 6 0 278 501 0.63522
00038.jpg 12 4 306 513 0.63124
00038.jpg 303 172 58 170 0.61164
00038.jpg 5 7 270 422 0.61009
00038.jpg 306 165 50 182 0.60512
00038.jpg 309 168 57 178 0.59989
00038.jpg 570 139 88 211 0.59969
00038.jpg 308 171 50 167 0.59058
00038.jpg 311 178 55 169 0.58736
00038.jpg 572 143 83 205 0.58397
00038.jpg 24 0 300 520 0.57917
00038.jpg 570 151 93 188 0.57459
00038.jpg 558 137 107 220 0.55345
00038.jpg 567 139 98 210 0.54672
00038.jpg 301 175 59 170 0.50700
00038.jpg 312 171 49 159 0.50161
00038.jpg 313 167 55 181 0.50101
