00004.jpg 651 81 60 182 0.99942
00004.jpg 655 72 57 197 0.99851
00004.jpg 105 133 146 290 0.99832
00004.jpg 655 76 57 195 0.99788
00004.jpg 297 96 67 169 0.99778
00004.jpg 100 138 148 285 0.99776
00004.jpg 110 139 142 292 0.99775
00004.jpg 101 133 152 300 0.99756
00004.jpg 112 122 133 309 0.99717
00004.jpg 104 136 143 291 0.99709
00004.jpg 106 131 147 295 0.99688
00004.jpg 109 138 139 283 0.99687
00004.jpg 423 124 79 130 0.99678
00004.jpg 656 71 53 201 0.99674
00004.jpg 422 129 80 118 0.99645
00004.jpg 419 131 88 121 0.99637
00004.jpg 653 76 61 191 0.99633
00004.jpg 296 93 67 179 0.99621
00004.jpg 107 133 149 303 0.99619
00004.jpg 107 129 147 299 0.99613
00004.jpg 297 94 69 169 0.99598
00004.jpg 417 130 94 123 0.99589
00004.jpg 564 84 63 182 0.99575
00004.jpg 104 135 150 297 0.99570
00004.jpg 106 132 146 298 0.99569
00004.jpg 106 140 150 285 0.99565
00004.jpg 422 127 83 123 0.99545
00004.jpg 296 96 68 169 0.99528
00004.jpg 106 130 149 299 0.99515
00004.jpg 106 136 146 293 0.99515
00004.jpg 104 136 145 293 0.99510
00004.jpg 104 118 144 306 0.99504
00004.jpg 102 136 146 286 0.99498
00004.jpg 419 127 87 127 0.99488
00004.jpg 298 100 65 159 0.99461
00004.jpg 298 101 64 165 0.99452
00004.jpg 110 136 138 278 0.99394
00004.jpg 654 76 56 196 0.99392
00004.jpg 651 80 62 189 0.99382
00004.jpg 299 97 64 169 0.99365
00004.jpg 652 80 57 187 0.99352
00004.jpg 299 100 63 170 0.99332
00004.jpg 653 75 58 199 0.99310
00004.jpg 420 131 86 118 0.99293
00004.jpg 298 96 65 175 0.99287
00004.jpg 299 99 67 165 0.99238
00004.jpg 110 130 146 301 0.99226
00004.jpg 115 131 139 288 0.99218
00004.jpg 105 132 149 302 0.99179
00004.jpg 114 128 138 306 0.99156
00004.jpg 425 128 82 125 0.99155
00004.jpg 104 138 147 294 0.99153
00004.jpg 651 69 60 202 0.99124
00004.jpg 297 96 70 168 0.99118
00004.jpg 561 85 68 180 0.99101
00004.jpg 420 127 82 125 0.99055
00004.jpg 654 80 57 191 0.99002
00004.jpg 297 94 67 173 0.98966
00004.jpg 105 132 148 300 0.98956
00004.jpg 103 137 151 283 0.98942
00004.jpg 422 130 79 121 0.98890
00004.jpg 106 134 150 296 0.98877
00004.jpg 653 82 56 183 0.98873
00004.jpg 107 130 141 297 0.98852
00004.jpg 117 127 129 289 0.98845
00004.jpg 558 92 70 171 0.98843
00004.jpg 112 142 143 285 0.98839
00004.jpg 426 132 76 125 0.98811
00004.jpg 103 134 146 298 0.98805
00004.jpg 425 128 78 123 0.98788
00004.jpg 424 126 77 130 0.98753
00004.jpg 560 92 71 171 0.98749
00004.jpg 557 82 72 183 0.98749
00004.jpg 655 82 53 188 0.98741
00004.jpg 104 130 153 299 0.98673
00004.jpg 296 99 68 164 0.98643
00004.jpg 295 102 68 161 0.98618
00004.jpg 419 126 85 127 0.98578
00004.jpg 653 80 59 192 0.98531
00004.jpg 102 141 149 285 0.98509
00004.jpg 555 96 77 168 0.98474
00004.jpg 418 130 85 124 0.98468
00004.jpg 104 124 148 303 0.98460
00004.jpg 562 91 69 169 0.98460
00004.jpg 300 99 64 163 0.98416
00004.jpg 652 81 61 190 0.98410
00004.jpg 296 97 66 167 0.98373
00004.jpg 558 86 73 181 0.98283
00004.jpg 654 83 55 184 0.98229
00004.jpg 652 81 57 192 0.98202
00004.jpg 298 100 64 166 0.98195
00004.jpg 297 98 71 166 0.98182
00004.jpg 421 125 84 128 0.98164
00004.jpg 294 97 72 164 0.98106
00004.jpg 106 135 150 289 0.98093
00004.jpg 559 90 73 175 0.98053
00004.jpg 103 129 152 304 0.98052
00004.jpg 423 130 79 121 0.98007
00004.jpg 296 96 69 174 0.97976
00004.jpg 558 81 74 187 0.97949
00004.jpg 559 86 64 179 0.97948
00004.jpg 107 138 147 280 0.97944
00004.jpg 652 79 59 187 0.97943
00004.jpg 562 91 66 172 0.97926
00004.jpg 422 130 81 122 0.97882
00004.jpg 418 123 82 129 0.97857
00004.jpg 297 102 65 160 0.97821
00004.jpg 649 75 60 197 0.97773
00004.jpg 422 122 86 129 0.97766
00004.jpg 651 85 60 179 0.97704
00004.jpg 103 124 146 301 0.97676
00004.jpg 559 82 69 191 0.97675
00004.jpg 655 77 54 190 0.97649
00004.jpg 561 92 66 169 0.97647
00004.jpg 303 95 58 170 0.97528
00004.jpg 106 140 147 285 0.97504
00004.jpg 556 90 66 173 0.97500
00004.jpg 559 90 70 172 0.97441
00004.jpg 652 77 61 190 0.97405
00004.jpg 652 75 58 195 0.97361
00004.jpg 300 100 64 167 0.97357
00004.jpg 299 97 61 169 0.97244
00004.jpg 654 82 53 185 0.97176
00004.jpg 299 100 64 166 0.97139
00004.jpg 651 76 61 195 0.97062
00004.jpg 422 126 86 127 0.96970
00004.jpg 561 89 64 175 0.96943
00004.jpg 298 97 64 171 0.96885
00004.jpg 423 127 81 127 0.96881
00004.jpg 299 99 65 166 0.96805
00004.jpg 108 139 146 287 0.96672
00004.jpg 649 81 57 191 0.96640
00004.jpg 101 129 148 287 0.96594
00004.jpg 106 138 144 286 0.96416
00004.jpg 421 126 85 126 0.96374
00004.jpg 652 82 59 185 0.96291
00004.jpg 300 99 60 170 0.96277
00004.jpg 424 128 81 124 0.96222
00004.jpg 558 84 69 188 0.96211
00004.jpg 108 140 142 283 0.96110
00004.jpg 558 85 71 188 0.96107
00004.jpg 423 124 83 130 0.96107
00004.jpg 296 99 70 166 0.96093
00004.jpg 418 129 89 122 0.96054
00004.jpg 654 78 60 193 0.96021
00004.jpg 653 75 60 198 0.95989
00004.jpg 424 131 78 124 0.95912
00004.jpg 560 90 63 177 0.95904
00004.jpg 561 94 63 168 0.95891
00004.jpg 105 138 149 275 0.95821
00004.jpg 559 83 61 181 0.95819
00004.jpg 300 102 57 167 0.95760
00004.jpg 296 98 76 169 0.95724
00004.jpg 655 82 52 189 0.95658
00004.jpg 102 126 156 305 0.95646
00004.jpg 105 133 136 290 0.95635
00004.jpg 654 76 57 193 0.95611
00004.jpg 420 128 84 126 0.95605
00004.jpg 653 79 60 187 0.95604
00004.jpg 298 97 67 173 0.95354
00004.jpg 420 128 83 127 0.95185
00004.jpg 560 93 72 167 0.95183
00004.jpg 110 137 140 288 0.95127
00004.jpg 296 100 70 171 0.94920
00004.jpg 557 88 71 176 0.94915
00004.jpg 561 90 65 177 0.94905
00004.jpg 301 102 59 166 0.94794
00004.jpg 105 129 142 305 0.94496
00004.jpg 421 127 85 126 0.94436
00004.jpg 298 94 65 177 0.94430
00004.jpg 421 129 78 125 0.94430
00004.jpg 419 127 83 124 0.94384
00004.jpg 653 78 59 194 0.94268
00004.jpg 558 84 67 186 0.94119
00004.jpg 421 126 81 128 0.94008
00004.jpg 423 122 81 129 0.93926
00004.jpg 561 90 63 173 0.93888
00004.jpg 559 89 70 171 0.93748
00004.jpg 565 91 63 169 0.93609
00004.jpg 561 90 73 172 0.93438
00004.jpg 98 133 163 292 0.93399
00004.jpg 902 74 22 17 0.93130
00004.jpg 417 127 91 126 0.93118
00004.jpg 652 77 55 197 0.93022
00004.jpg 102 121 157 314 0.92893
00004.jpg 420 128 86 122 0.92870
00004.jpg 422 127 81 127 0.92485
00004.jpg 296 96 64 172 0.92479
00004.jpg 420 127 82 125 0.92414
00004.jpg 293 98 69 172 0.92389
00004.jpg 559 89 70 177 0.92240
00004.jpg 652 78 58 186 0.92174
00004.jpg 296 102 67 163 0.91999
00004.jpg 100 136 146 295 0.91860
00004.jpg 108 134 149 289 0.91813
00004.jpg 295 96 65 169 0.91787
00004.jpg 300 96 68 172 0.91767
00004.jpg 657 80 46 190 0.91727
00004.jpg 559 94 66 169 0.91671
00004.jpg 557 87 70 180 0.91587
00004.jpg 297 96 73 171 0.91314
00004.jpg 299 98 58 169 0.91082
00004.jpg 560 82 67 180 0.91034
00004.jpg 555 92 77 174 0.90920
00004.jpg 557 85 73 183 0.90785
00004.jpg 420 131 82 123 0.90534
00004.jpg 559 93 61 172 0.90434
00004.jpg 420 129 84 128 0.90376
00004.jpg 105 129 147 292 0.90172
00004.jpg 423 119 85 128 0.90113
00004.jpg 655 81 61 179 0.90001
00004.jpg 559 91 68 174 0.89766
00004.jpg 100 128 156 304 0.89687
00004.jpg 95 147 156 279 0.89589
00004.jpg 561 89 63 180 0.89502
00004.jpg 420 127 81 129 0.89489
00004.jpg 422 129 79 116 0.89442
00004.jpg 427 130 78 121 0.89423
00004.jpg 654 83 50 179 0.89412
00004.jpg 898 74 22 17 0.89363
00004.jpg 422 123 83 128 0.89145
00004.jpg 647 79 61 191 0.89021
00004.jpg 561 91 67 168 0.88790
00004.jpg 566 87 61 181 0.88152
00004.jpg 97 131 163 285 0.87713
00004.jpg 418 129 84 125 0.87557
00004.jpg 560 83 69 183 0.87353
00004.jpg 301 104 64 156 0.87036
00004.jpg 105 134 157 305 0.86890
00004.jpg 556 85 67 182 0.86575
00004.jpg 651 80 59 188 0.86283
00004.jpg 115 136 154 278 0.85996
00004.jpg 100 130 157 302 0.85629
00004.jpg 95 137 164 291 0.85492
00004.jpg 300 103 67 160 0.85471
00004.jpg 110 129 148 295 0.85094
00004.jpg 297 100 65 160 0.84880
00004.jpg 106 139 145 288 0.84627
00004.jpg 428 126 75 125 0.84501
00004.jpg 298 99 71 163 0.84398
00004.jpg 654 83 57 184 0.84356
00004.jpg 297 108 70 150 0.84320
00004.jpg 561 95 74 158 0.84310
00004.jpg 111 134 145 284 0.83632
00004.jpg 421 128 84 120 0.83539
00004.jpg 890 74 23 17 0.82471
00004.jpg 421 126 82 130 0.81579
00004.jpg 422 127 84 117 0.81159
00004.jpg 651 80 60 187 0.80961
00004.jpg 647 76 65 189 0.80423
00004.jpg 894 74 22 17 0.80285
00004.jpg 562 86 73 176 0.80271
00004.jpg 420 127 87 121 0.80209
00004.jpg 560 92 72 161 0.79298
00004.jpg 558 85 78 181 0.78517
00004.jpg 842 71 18 17 0.78374
00004.jpg 842 73 20 17 0.78374
00004.jpg 838 74 19 17 0.78324
00004.jpg 296 100 72 163 0.78210
00004.jpg 427 125 80 134 0.77556
00004.jpg 654 73 57 200 0.77049
00004.jpg 426 130 76 111 0.76964
00004.jpg 298 99 67 161 0.76533
00004.jpg 423 124 82 128 0.76371
00004.jpg 560 89 72 177 0.75769
00004.jpg 658 79 47 198 0.75713
00004.jpg 869 76 21 17 0.75558
00004.jpg 651 78 57 196 0.75296
00004.jpg 104 131 148 289 0.74105
00004.jpg 559 86 63 181 0.73679
00004.jpg 106 128 150 304 0.73426
00004.jpg 418 130 89 129 0.72909
00004.jpg 422 127 82 122 0.72410
00004.jpg 106 141 140 272 0.72349
00004.jpg 553 89 69 166 0.71880
00004.jpg 417 128 82 117 0.71575
00004.jpg 295 98 63 168 0.70590
00004.jpg 557 82 67 181 0.70505
00004.jpg 111 110 143 309 0.70105
00004.jpg 417 123 87 126 0.69752
00004.jpg 298 97 66 173 0.69438
00004.jpg 650 80 58 192 0.69337
00004.jpg 553 86 68 175 0.69132
00004.jpg 560 85 68 174 0.69131
00004.jpg 414 123 88 125 0.68997
00004.jpg 423 128 82 121 0.68696
00004.jpg 652 79 63 184 0.68237
00004.jpg 650 87 60 178 0.68212
00004.jpg 553 87 77 185 0.68195
00004.jpg 556 92 68 177 0.68050
00004.jpg 658 76 48 202 0.68039
00004.jpg 583 94 49 144 0.67864
00004.jpg 872 77 19 17 0.67298
00004.jpg 718 132 20 19 0.66517
00004.jpg 305 96 59 172 0.66459
00004.jpg 558 90 76 172 0.66055
00004.jpg 306 99 58 158 0.65902
00004.jpg 424 124 83 127 0.65677
00004.jpg 104 138 133 286 0.65607
00004.jpg 557 99 74 159 0.65044
00004.jpg 103 136 156 290 0.64946
00004.jpg 108 140 148 273 0.64938
00004.jpg 296 94 61 168 0.63118
00004.jpg 659 77 51 190 0.61933
00004.jpg 910 71 20 16 0.61517
00004.jpg 420 124 88 128 0.61267
00004.jpg 417 130 82 128 0.61176
00004.jpg 290 97 68 177 0.60993
00004.jpg 418 121 89 132 0.60835
00004.jpg 298 104 65 152 0.60784
00004.jpg 559 88 74 175 0.60515
00004.jpg 107 126 152 304 0.59819
00004.jpg 651 79 57 186 0.59432
00004.jpg 297 91 70 168 0.58889
00004.jpg 424 131 69 117 0.58735
00004.jpg 870 73 19 21 0.58220
00004.jpg 894 77 25 16 0.58064
00004.jpg 552 84 78 186 0.57695
00004.jpg 423 128 87 121 0.56896
00004.jpg 653 74 60 189 0.56702
00004.jpg 658 77 55 192 0.56592
00004.jpg 873 73 18 20 0.56304
00004.jpg 568 82 61 190 0.56281
00004.jpg 868 72 20 17 0.56168
00004.jpg 906 72 21 16 0.55457
00004.jpg 432 125 76 129 0.55313
00004.jpg 578 91 51 150 0.55197
00004.jpg 555 91 76 175 0.54470
00004.jpg 650 84 57 183 0.54442
00004.jpg 565 91 73 161 0.54272
00004.jpg 715 132 20 19 0.54236
00004.jpg 555 83 69 185 0.54178
00004.jpg 295 96 64 178 0.54000
00004.jpg 423 126 87 136 0.53633
00004.jpg 292 99 81 168 0.52790
00004.jpg 175 136 17 27 0.52734
00004.jpg 111 127 148 282 0.52579
00004.jpg 418 128 81 133 0.52571
00004.jpg 872 73 19 16 0.52330
00004.jpg 418 129 91 126 0.52057
00004.jpg 429 132 77 116 0.50416
