00007.jpg 294 92 67 178 0.99917
00007.jpg 96 128 140 306 0.99906
00007.jpg 418 130 86 121 0.99856
00007.jpg 96 152 133 278 0.99855
00007.jpg 98 138 135 301 0.99849
00007.jpg 94 145 141 283 0.99821
00007.jpg 99 143 132 289 0.99819
00007.jpg 100 142 136 294 0.99817
00007.jpg 292 92 72 178 0.99780
00007.jpg 105 144 126 294 0.99763
00007.jpg 662 69 59 203 0.99718
00007.jpg 660 72 61 193 0.99718
00007.jpg 290 97 79 165 0.99705
00007.jpg 100 139 142 295 0.99683
00007.jpg 663 74 61 193 0.99668
00007.jpg 102 141 139 300 0.99652
00007.jpg 96 140 140 291 0.99614
00007.jpg 662 76 61 198 0.99607
00007.jpg 660 74 58 194 0.99595
00007.jpg 420 130 87 121 0.99591
00007.jpg 94 141 142 295 0.99580
00007.jpg 99 141 139 294 0.99576
00007.jpg 421 128 83 123 0.99566
00007.jpg 662 72 60 197 0.99542
00007.jpg 293 97 72 168 0.99542
00007.jpg 103 138 132 297 0.99541
00007.jpg 421 129 81 118 0.99531
00007.jpg 96 143 143 290 0.99522
00007.jpg 100 141 135 292 0.99484
00007.jpg 422 129 79 121 0.99436
00007.jpg 419 127 82 125 0.99409
00007.jpg 97 141 138 289 0.99408
00007.jpg 97 139 141 287 0.99378
00007.jpg 291 96 75 168 0.99369
00007.jpg 93 143 143 295 0.99353
00007.jpg 291 96 75 172 0.99352
00007.jpg 293 94 71 171 0.99352
00007.jpg 662 68 58 206 0.99349
00007.jpg 561 90 67 172 0.99341
00007.jpg 105 141 132 289 0.99309
00007.jpg 662 65 56 208 0.99305
00007.jpg 420 130 85 120 0.99301
00007.jpg 563 91 67 167 0.99284
00007.jpg 665 69 53 201 0.99240
00007.jpg 294 97 69 165 0.99181
00007.jpg 290 98 75 166 0.99153
00007.jpg 420 129 81 120 0.99152
00007.jpg 561 85 66 179 0.99125
00007.jpg 292 100 74 164 0.99124
00007.jpg 98 138 140 294 0.99122
00007.jpg 93 145 148 286 0.99093
00007.jpg 95 140 139 289 0.99086
00007.jpg 421 126 81 126 0.99073
00007.jpg 293 99 71 167 0.99072
00007.jpg 104 140 130 299 0.99056
00007.jpg 290 92 77 178 0.99049
00007.jpg 422 128 81 126 0.99045
00007.jpg 100 138 137 295 0.99034
00007.jpg 420 133 86 120 0.99018
00007.jpg 96 141 144 297 0.99009
00007.jpg 664 75 57 194 0.98981
00007.jpg 98 141 137 297 0.98966
00007.jpg 101 143 131 294 0.98964
00007.jpg 562 90 65 177 0.98953
00007.jpg 660 67 63 204 0.98936
00007.jpg 290 104 75 156 0.98914
00007.jpg 291 96 72 171 0.98909
00007.jpg 98 142 140 292 0.98887
00007.jpg 564 83 65 183 0.98867
00007.jpg 100 143 133 289 0.98840
00007.jpg 292 94 73 170 0.98832
00007.jpg 294 99 71 167 0.98762
00007.jpg 425 132 77 124 0.98751
00007.jpg 100 144 130 296 0.98697
00007.jpg 92 143 152 304 0.98696
00007.jpg 662 73 60 196 0.98691
00007.jpg 97 139 138 300 0.98667
00007.jpg 661 77 60 199 0.98653
00007.jpg 562 87 66 179 0.98630
00007.jpg 422 125 82 128 0.98589
00007.jpg 98 140 132 287 0.98583
00007.jpg 419 130 85 121 0.98564
00007.jpg 293 99 68 167 0.98545
00007.jpg 665 76 59 188 0.98471
00007.jpg 556 92 73 166 0.98459
00007.jpg 100 144 135 293 0.98448
00007.jpg 424 126 76 130 0.98441
00007.jpg 112 144 122 292 0.98393
00007.jpg 96 139 142 294 0.98385
00007.jpg 90 136 153 295 0.98345
00007.jpg 292 94 72 170 0.98310
00007.jpg 418 131 85 122 0.98304
00007.jpg 420 126 86 129 0.98293
00007.jpg 554 86 66 175 0.98280
00007.jpg 418 128 86 123 0.98251
00007.jpg 298 97 65 168 0.98201
00007.jpg 662 75 61 195 0.98151
00007.jpg 100 142 134 297 0.98130
00007.jpg 420 126 82 124 0.98119
00007.jpg 664 74 57 191 0.98095
00007.jpg 660 71 62 202 0.98095
00007.jpg 291 100 71 160 0.98021
00007.jpg 558 85 69 178 0.98011
00007.jpg 663 74 57 191 0.97965
00007.jpg 561 90 64 172 0.97853
00007.jpg 292 97 72 165 0.97847
00007.jpg 665 75 54 197 0.97786
00007.jpg 558 92 71 169 0.97782
00007.jpg 294 97 69 168 0.97720
00007.jpg 666 72 55 204 0.97717
00007.jpg 421 129 86 122 0.97715
00007.jpg 295 97 71 172 0.97705
00007.jpg 559 85 70 180 0.97642
00007.jpg 560 87 69 182 0.97557
00007.jpg 564 89 66 175 0.97556
00007.jpg 663 75 58 198 0.97546
00007.jpg 559 84 68 185 0.97538
00007.jpg 93 132 149 301 0.97524
00007.jpg 291 99 78 167 0.97520
00007.jpg 564 87 62 175 0.97519
00007.jpg 556 86 72 178 0.97513
00007.jpg 560 91 61 178 0.97477
00007.jpg 562 85 59 181 0.97477
00007.jpg 558 86 68 180 0.97448
00007.jpg 561 86 63 177 0.97427
00007.jpg 420 125 84 127 0.97410
00007.jpg 98 143 138 295 0.97238
00007.jpg 290 94 73 177 0.97144
00007.jpg 289 95 73 171 0.97078
00007.jpg 292 98 70 171 0.97073
00007.jpg 421 128 85 122 0.97063
00007.jpg 93 144 152 277 0.97034
00007.jpg 558 89 70 171 0.96996
00007.jpg 422 127 83 126 0.96992
00007.jpg 421 126 82 125 0.96933
00007.jpg 661 75 64 199 0.96840
00007.jpg 663 75 56 195 0.96729
00007.jpg 421 126 82 130 0.96721
00007.jpg 424 126 79 133 0.96642
00007.jpg 292 100 70 161 0.96625
00007.jpg 292 92 71 169 0.96574
00007.jpg 293 92 73 174 0.96416
00007.jpg 665 70 56 202 0.96333
00007.jpg 423 129 79 126 0.96306
00007.jpg 293 96 78 171 0.96287
00007.jpg 98 148 134 276 0.96234
00007.jpg 294 98 70 171 0.96169
00007.jpg 292 97 70 171 0.96063
00007.jpg 294 95 66 173 0.96059
00007.jpg 98 140 134 295 0.96049
00007.jpg 558 84 66 183 0.95944
00007.jpg 663 71 54 196 0.95832
00007.jpg 661 74 65 190 0.95760
00007.jpg 288 103 78 156 0.95700
00007.jpg 424 126 74 132 0.95679
00007.jpg 295 96 67 170 0.95665
00007.jpg 559 93 70 170 0.95661
00007.jpg 564 92 63 168 0.95563
00007.jpg 91 134 148 301 0.95541
00007.jpg 561 91 69 166 0.95403
00007.jpg 659 73 61 196 0.95298
00007.jpg 561 92 69 166 0.95204
00007.jpg 418 128 81 125 0.95130
00007.jpg 296 96 69 169 0.94983
00007.jpg 664 72 60 195 0.94979
00007.jpg 557 88 74 174 0.94850
00007.jpg 561 91 67 168 0.94848
00007.jpg 419 128 87 121 0.94738
00007.jpg 418 130 84 122 0.94674
00007.jpg 660 62 61 216 0.94568
00007.jpg 658 79 59 189 0.94558
00007.jpg 97 126 128 303 0.94538
00007.jpg 97 127 135 298 0.94436
00007.jpg 288 97 76 168 0.94383
00007.jpg 424 131 81 119 0.94379
00007.jpg 423 128 77 127 0.94378
00007.jpg 561 91 68 174 0.94280
00007.jpg 418 126 80 129 0.94259
00007.jpg 558 93 64 164 0.94130
00007.jpg 659 73 56 202 0.94047
00007.jpg 99 136 143 287 0.94002
00007.jpg 98 142 135 291 0.93782
00007.jpg 100 142 135 293 0.93744
00007.jpg 562 93 65 170 0.93718
00007.jpg 290 100 75 166 0.93625
00007.jpg 419 130 82 119 0.93617
00007.jpg 424 130 79 120 0.93568
00007.jpg 295 95 72 172 0.93479
00007.jpg 560 93 68 172 0.93440
00007.jpg 560 91 66 172 0.93440
00007.jpg 418 129 85 122 0.93351
00007.jpg 89 141 154 294 0.93153
00007.jpg 662 67 63 208 0.93085
00007.jpg 560 87 64 180 0.92914
00007.jpg 294 97 73 163 0.92766
00007.jpg 421 132 78 117 0.92695
00007.jpg 658 76 65 193 0.92694
00007.jpg 663 73 57 192 0.92612
00007.jpg 294 101 73 170 0.92606
00007.jpg 422 126 83 130 0.92158
00007.jpg 94 149 145 283 0.92152
00007.jpg 660 73 61 198 0.91640
00007.jpg 560 89 61 177 0.91417
00007.jpg 658 78 64 187 0.91315
00007.jpg 98 137 147 302 0.91300
00007.jpg 99 137 135 304 0.91274
00007.jpg 562 91 66 174 0.91028
00007.jpg 417 129 91 124 0.90900
00007.jpg 663 69 66 193 0.90894
00007.jpg 659 77 70 189 0.90592
00007.jpg 557 89 70 178 0.90200
00007.jpg 561 95 71 156 0.89952
00007.jpg 291 94 70 178 0.89950
00007.jpg 663 71 63 194 0.89622
00007.jpg 562 91 69 173 0.89611
00007.jpg 666 74 60 192 0.89529
00007.jpg 426 125 79 127 0.89461
00007.jpg 291 96 71 171 0.89353
00007.jpg 665 76 51 189 0.89298
00007.jpg 423 123 76 136 0.89271
00007.jpg 656 71 65 200 0.88935
00007.jpg 658 67 63 204 0.88781
00007.jpg 100 144 138 286 0.88668
00007.jpg 294 96 68 169 0.88582
00007.jpg 417 125 82 125 0.88561
00007.jpg 418 130 80 122 0.88175
00007.jpg 660 75 68 196 0.88103
00007.jpg 565 93 64 157 0.87916
00007.jpg 419 128 81 123 0.87790
00007.jpg 99 139 136 301 0.87782
00007.jpg 415 130 83 126 0.87056
00007.jpg 427 128 76 124 0.86976
00007.jpg 421 132 83 125 0.86149
00007.jpg 294 96 69 174 0.85998
00007.jpg 665 70 63 196 0.85826
00007.jpg 561 80 66 187 0.85654
00007.jpg 101 144 134 288 0.85551
00007.jpg 663 69 59 202 0.85549
00007.jpg 292 93 73 176 0.85238
00007.jpg 557 90 75 179 0.85142
00007.jpg 662 72 62 193 0.85135
00007.jpg 293 95 67 171 0.85134
00007.jpg 295 99 65 172 0.84626
00007.jpg 292 103 70 156 0.83337
00007.jpg 415 122 91 136 0.83216
00007.jpg 298 91 63 181 0.82942
00007.jpg 99 139 140 291 0.82648
00007.jpg 557 92 68 170 0.82204
00007.jpg 559 95 68 154 0.82192
00007.jpg 290 88 79 191 0.81840
00007.jpg 291 109 78 149 0.81826
00007.jpg 562 83 72 181 0.81358
00007.jpg 553 95 72 164 0.80903
00007.jpg 91 143 149 298 0.80822
00007.jpg 293 98 68 166 0.80744
00007.jpg 658 72 58 200 0.80069
00007.jpg 97 137 146 289 0.78990
00007.jpg 661 71 63 202 0.78361
00007.jpg 664 75 51 190 0.77907
00007.jpg 421 131 78 116 0.77832
00007.jpg 423 132 73 115 0.77612
00007.jpg 96 138 139 293 0.77401
00007.jpg 597 95 30 97 0.77293
00007.jpg 659 73 61 196 0.77148
00007.jpg 105 143 131 304 0.77045
00007.jpg 423 125 81 134 0.76769
00007.jpg 100 145 141 281 0.76742
00007.jpg 590 98 39 121 0.76674
00007.jpg 661 71 61 200 0.75909
00007.jpg 838 74 19 17 0.75795
00007.jpg 559 91 64 171 0.75634
00007.jpg 559 92 65 168 0.75493
00007.jpg 421 127 81 131 0.75047
00007.jpg 556 87 69 181 0.74902
00007.jpg 842 73 20 17 0.74849
00007.jpg 93 139 144 289 0.74061
00007.jpg 291 95 81 168 0.73803
00007.jpg 418 131 89 128 0.73554
00007.jpg 421 126 79 135 0.73488
00007.jpg 554 89 74 180 0.73365
00007.jpg 297 97 70 177 0.73306
00007.jpg 93 138 144 302 0.72307
00007.jpg 299 100 67 166 0.72233
00007.jpg 289 96 69 170 0.71431
00007.jpg 418 130 88 118 0.71411
00007.jpg 566 96 70 155 0.71256
00007.jpg 554 90 77 178 0.71251
00007.jpg 292 108 72 161 0.71155
00007.jpg 414 123 89 125 0.70724
00007.jpg 420 127 84 125 0.70659
00007.jpg 420 129 83 123 0.70203
00007.jpg 600 97 32 110 0.70148
00007.jpg 419 117 84 131 0.69446
00007.jpg 662 76 69 189 0.69360
00007.jpg 92 147 142 297 0.68330
00007.jpg 424 127 83 121 0.68159
00007.jpg 297 108 73 153 0.68073
00007.jpg 563 90 70 173 0.67705
00007.jpg 556 93 72 170 0.67599
00007.jpg 423 129 82 122 0.67513
00007.jpg 560 90 69 177 0.67175
00007.jpg 98 136 146 312 0.65770
00007.jpg 419 132 87 127 0.65760
00007.jpg 563 88 69 164 0.65335
00007.jpg 556 92 68 167 0.64917
00007.jpg 655 71 63 205 0.64912
00007.jpg 602 94 29 94 0.64863
00007.jpg 659 71 69 190 0.64428
00007.jpg 87 150 154 288 0.64156
00007.jpg 294 100 64 167 0.63513
00007.jpg 423 127 72 120 0.62905
00007.jpg 565 85 71 173 0.62248
00007.jpg 598 93 31 95 0.61642
00007.jpg 422 128 82 121 0.61578
00007.jpg 422 132 81 110 0.60887
00007.jpg 598 95 36 88 0.60077
00007.jpg 869 76 21 16 0.59905
00007.jpg 95 128 142 305 0.59681
00007.jpg 428 125 77 124 0.59099
00007.jpg 559 88 71 162 0.58402
00007.jpg 588 90 38 110 0.58396
00007.jpg 568 78 60 193 0.57542
00007.jpg 658 69 56 203 0.57263
00007.jpg 97 144 135 292 0.56152
00007.jpg 869 72 19 16 0.56119
00007.jpg 295 97 74 166 0.55968
00007.jpg 88 143 141 283 0.55912
00007.jpg 597 86 33 106 0.55891
00007.jpg 301 90 70 176 0.54750
00007.jpg 420 127 86 123 0.54084
00007.jpg 666 73 49 202 0.53711
00007.jpg 414 121 95 127 0.53645
00007.jpg 665 72 61 207 0.52286
00007.jpg 556 85 68 167 0.51759
00007.jpg 596 97 33 100 0.51463
00007.jpg 567 90 68 154 0.51398
00007.jpg 657 67 72 203 0.51315
00007.jpg 593 91 38 148 0.51149
00007.jpg 99 137 139 302 0.50730
00007.jpg 415 121 85 129 0.50659
