00014.jpg 103 150 115 298 0.99920
00014.jpg 104 146 113 309 0.99883
00014.jpg 420 130 84 120 0.99881
00014.jpg 102 141 115 311 0.99873
00014.jpg 675 79 79 194 0.99824
00014.jpg 679 75 73 199 0.99819
00014.jpg 101 148 118 297 0.99818
00014.jpg 101 152 114 299 0.99808
00014.jpg 292 100 72 164 0.99752
00014.jpg 676 79 75 198 0.99750
00014.jpg 102 142 114 320 0.99749
00014.jpg 104 144 118 304 0.99731
00014.jpg 423 131 80 122 0.99728
00014.jpg 422 130 80 116 0.99702
00014.jpg 112 140 106 317 0.99701
00014.jpg 418 133 88 118 0.99685
00014.jpg 101 139 118 312 0.99673
00014.jpg 105 152 110 299 0.99650
00014.jpg 288 95 77 172 0.99613
00014.jpg 107 142 112 307 0.99612
00014.jpg 294 96 70 171 0.99605
00014.jpg 291 91 70 179 0.99601
00014.jpg 682 84 71 189 0.99598
00014.jpg 110 153 106 300 0.99568
00014.jpg 678 77 77 197 0.99544
00014.jpg 290 96 76 175 0.99540
00014.jpg 287 96 75 168 0.99513
00014.jpg 568 102 58 163 0.99501
00014.jpg 417 127 94 128 0.99470
00014.jpg 107 144 107 310 0.99430
00014.jpg 566 96 64 173 0.99429
00014.jpg 100 146 123 309 0.99423
00014.jpg 294 93 68 178 0.99412
00014.jpg 563 97 65 165 0.99408
00014.jpg 103 144 116 310 0.99402
00014.jpg 110 137 117 311 0.99395
00014.jpg 679 79 77 199 0.99395
00014.jpg 566 95 59 173 0.99394
00014.jpg 102 157 114 298 0.99392
00014.jpg 679 80 73 197 0.99391
00014.jpg 683 75 67 210 0.99371
00014.jpg 677 74 80 205 0.99341
00014.jpg 110 149 111 299 0.99335
00014.jpg 422 129 83 122 0.99323
00014.jpg 678 77 73 202 0.99290
00014.jpg 291 103 73 160 0.99277
00014.jpg 99 148 122 305 0.99255
00014.jpg 105 145 111 304 0.99224
00014.jpg 106 156 112 297 0.99216
00014.jpg 678 82 74 196 0.99209
00014.jpg 107 149 110 301 0.99208
00014.jpg 571 100 56 165 0.99187
00014.jpg 567 95 63 170 0.99146
00014.jpg 565 92 63 172 0.99137
00014.jpg 677 78 77 196 0.99122
00014.jpg 105 142 114 318 0.99082
00014.jpg 291 98 68 170 0.99056
00014.jpg 422 128 79 121 0.98990
00014.jpg 677 80 72 196 0.98987
00014.jpg 679 75 74 201 0.98954
00014.jpg 678 76 72 204 0.98938
00014.jpg 682 83 69 197 0.98929
00014.jpg 424 126 83 131 0.98920
00014.jpg 567 100 58 166 0.98909
00014.jpg 424 130 78 122 0.98890
00014.jpg 679 79 76 198 0.98862
00014.jpg 679 81 67 199 0.98856
00014.jpg 569 100 59 164 0.98851
00014.jpg 421 131 84 121 0.98845
00014.jpg 101 147 119 310 0.98834
00014.jpg 294 92 65 180 0.98832
00014.jpg 296 95 67 169 0.98825
00014.jpg 678 83 72 196 0.98816
00014.jpg 678 80 75 193 0.98757
00014.jpg 423 127 81 127 0.98737
00014.jpg 678 73 70 203 0.98690
00014.jpg 104 154 109 295 0.98688
00014.jpg 677 83 76 191 0.98683
00014.jpg 568 95 62 175 0.98660
00014.jpg 426 134 77 121 0.98618
00014.jpg 103 151 110 292 0.98569
00014.jpg 422 124 79 132 0.98559
00014.jpg 680 78 74 201 0.98553
00014.jpg 680 80 69 199 0.98545
00014.jpg 289 96 76 171 0.98521
00014.jpg 289 101 73 168 0.98518
00014.jpg 291 96 74 168 0.98480
00014.jpg 569 98 58 169 0.98444
00014.jpg 422 131 82 121 0.98433
00014.jpg 683 75 68 207 0.98414
00014.jpg 682 78 72 202 0.98400
00014.jpg 105 139 115 322 0.98390
00014.jpg 424 128 83 124 0.98375
00014.jpg 681 78 77 201 0.98363
00014.jpg 101 140 115 312 0.98345
00014.jpg 563 98 56 166 0.98342
00014.jpg 291 98 73 164 0.98339
00014.jpg 102 146 114 308 0.98298
00014.jpg 286 97 78 169 0.98293
00014.jpg 679 70 72 206 0.98225
00014.jpg 291 97 71 171 0.98206
00014.jpg 288 96 76 168 0.98151
00014.jpg 290 97 73 170 0.98147
00014.jpg 567 100 61 162 0.98119
00014.jpg 423 130 79 118 0.97938
00014.jpg 568 101 62 160 0.97937
00014.jpg 567 101 58 165 0.97912
00014.jpg 294 98 69 169 0.97902
00014.jpg 107 143 118 311 0.97894
00014.jpg 674 77 81 196 0.97842
00014.jpg 422 131 78 123 0.97763
00014.jpg 679 82 74 195 0.97731
00014.jpg 676 79 78 198 0.97593
00014.jpg 420 128 85 120 0.97534
00014.jpg 420 130 84 120 0.97517
00014.jpg 102 150 119 296 0.97458
00014.jpg 678 85 76 186 0.97293
00014.jpg 421 132 84 118 0.97243
00014.jpg 567 98 58 166 0.97242
00014.jpg 676 81 73 191 0.97220
00014.jpg 291 97 73 167 0.97192
00014.jpg 419 126 87 130 0.97174
00014.jpg 290 95 73 170 0.97101
00014.jpg 563 102 64 162 0.97088
00014.jpg 418 131 85 122 0.97054
00014.jpg 566 93 62 176 0.97011
00014.jpg 423 129 81 123 0.96908
00014.jpg 106 152 112 304 0.96853
00014.jpg 419 131 85 119 0.96822
00014.jpg 421 126 83 123 0.96789
00014.jpg 293 98 72 169 0.96773
00014.jpg 566 100 61 160 0.96768
00014.jpg 561 90 59 179 0.96722
00014.jpg 675 73 74 204 0.96701
00014.jpg 571 99 54 164 0.96679
00014.jpg 565 97 64 163 0.96484
00014.jpg 421 132 83 124 0.96467
00014.jpg 424 130 78 125 0.96415
00014.jpg 290 94 75 174 0.96323
00014.jpg 103 149 114 294 0.96299
00014.jpg 567 97 59 168 0.96209
00014.jpg 679 84 71 193 0.96155
00014.jpg 290 100 73 159 0.96135
00014.jpg 290 98 74 165 0.96122
00014.jpg 421 129 81 125 0.96066
00014.jpg 564 98 62 168 0.96039
00014.jpg 97 141 120 313 0.96008
00014.jpg 291 99 77 164 0.95962
00014.jpg 422 127 83 128 0.95847
00014.jpg 423 130 77 122 0.95718
00014.jpg 419 129 85 120 0.95589
00014.jpg 103 135 110 318 0.95552
00014.jpg 419 129 88 118 0.95433
00014.jpg 568 93 56 176 0.95411
00014.jpg 567 101 60 157 0.95388
00014.jpg 106 142 112 308 0.95381
00014.jpg 105 147 115 306 0.95235
00014.jpg 421 129 81 117 0.95207
00014.jpg 564 99 63 165 0.95065
00014.jpg 674 83 75 191 0.95035
00014.jpg 104 146 109 301 0.95008
00014.jpg 295 98 65 169 0.94923
00014.jpg 420 129 84 125 0.94895
00014.jpg 290 100 69 167 0.94894
00014.jpg 105 143 109 308 0.94852
00014.jpg 678 80 78 197 0.94851
00014.jpg 289 101 71 167 0.94787
00014.jpg 679 74 76 209 0.94746
00014.jpg 287 95 77 172 0.94680
00014.jpg 290 101 74 163 0.94640
00014.jpg 109 143 108 317 0.94569
00014.jpg 680 80 76 198 0.94510
00014.jpg 421 127 84 126 0.94432
00014.jpg 421 129 84 122 0.94420
00014.jpg 425 132 79 117 0.94365
00014.jpg 565 98 63 164 0.94191
00014.jpg 678 82 75 193 0.94107
00014.jpg 419 127 84 123 0.93942
00014.jpg 420 131 84 121 0.93930
00014.jpg 295 98 69 166 0.93907
00014.jpg 567 98 60 167 0.93901
00014.jpg 100 138 127 321 0.93624
00014.jpg 423 129 82 121 0.93546
00014.jpg 291 100 68 165 0.93296
00014.jpg 103 146 110 312 0.93243
00014.jpg 564 96 60 171 0.93167
00014.jpg 422 131 82 122 0.93138
00014.jpg 565 99 61 169 0.93099
00014.jpg 425 131 78 119 0.93095
00014.jpg 684 78 67 199 0.93095
00014.jpg 418 129 80 125 0.93032
00014.jpg 680 81 74 195 0.93020
00014.jpg 105 134 112 320 0.92946
00014.jpg 293 96 68 171 0.92805
00014.jpg 293 91 74 172 0.92788
00014.jpg 425 123 80 128 0.92633
00014.jpg 103 135 111 324 0.92630
00014.jpg 291 97 68 169 0.92613
00014.jpg 290 100 73 168 0.92601
00014.jpg 418 127 85 127 0.92568
00014.jpg 294 101 65 158 0.92485
00014.jpg 894 75 23 16 0.92396
00014.jpg 566 95 62 172 0.92110
00014.jpg 566 101 59 163 0.91947
00014.jpg 103 150 116 304 0.91875
00014.jpg 678 84 75 191 0.91788
00014.jpg 558 94 67 175 0.91741
00014.jpg 104 136 124 311 0.91667
00014.jpg 421 126 79 127 0.91566
00014.jpg 563 95 61 174 0.91544
00014.jpg 109 143 114 309 0.91310
00014.jpg 289 103 77 166 0.90979
00014.jpg 905 74 22 16 0.90854
00014.jpg 98 147 126 303 0.90658
00014.jpg 290 101 73 167 0.90588
00014.jpg 421 128 83 126 0.90579
00014.jpg 422 127 82 129 0.90443
00014.jpg 421 132 81 110 0.89885
00014.jpg 568 99 62 170 0.89730
00014.jpg 291 100 70 158 0.89494
00014.jpg 568 96 61 171 0.89440
00014.jpg 107 145 106 305 0.89353
00014.jpg 293 96 63 174 0.89241
00014.jpg 560 92 65 173 0.89231
00014.jpg 99 143 128 306 0.89063
00014.jpg 898 75 23 16 0.88959
00014.jpg 422 130 84 114 0.88738
00014.jpg 105 148 104 304 0.88684
00014.jpg 100 132 131 321 0.88630
00014.jpg 678 73 71 205 0.88540
00014.jpg 418 130 85 123 0.88456
00014.jpg 678 78 75 198 0.88434
00014.jpg 420 129 87 122 0.88198
00014.jpg 675 81 70 197 0.87379
00014.jpg 419 130 81 116 0.86130
00014.jpg 293 103 66 161 0.85555
00014.jpg 680 77 73 205 0.85280
00014.jpg 103 151 116 302 0.85236
00014.jpg 565 95 61 173 0.84866
00014.jpg 873 74 19 17 0.84788
00014.jpg 290 95 73 175 0.84531
00014.jpg 681 79 67 200 0.83568
00014.jpg 113 142 111 313 0.83481
00014.jpg 96 133 121 308 0.83231
00014.jpg 426 129 79 120 0.83103
00014.jpg 674 83 78 187 0.82906
00014.jpg 111 150 109 294 0.82551
00014.jpg 565 103 61 155 0.82331
00014.jpg 566 100 62 163 0.81764
00014.jpg 417 132 85 126 0.81480
00014.jpg 98 134 133 321 0.81107
00014.jpg 676 84 77 180 0.81059
00014.jpg 291 91 68 182 0.80716
00014.jpg 291 99 72 163 0.80649
00014.jpg 567 101 57 159 0.80428
00014.jpg 676 79 74 199 0.80369
00014.jpg 565 102 56 159 0.80357
00014.jpg 420 130 78 129 0.80133
00014.jpg 570 101 53 154 0.79774
00014.jpg 421 127 86 121 0.79608
00014.jpg 567 97 59 160 0.77709
00014.jpg 421 130 87 121 0.77295
00014.jpg 860 74 21 17 0.76940
00014.jpg 565 97 67 168 0.76810
00014.jpg 562 93 59 179 0.75883
00014.jpg 566 102 56 153 0.75847
00014.jpg 569 103 61 148 0.75818
00014.jpg 563 95 59 173 0.75816
00014.jpg 842 73 20 17 0.75783
00014.jpg 289 97 69 160 0.75700
00014.jpg 419 132 90 126 0.75175
00014.jpg 424 130 77 121 0.74591
00014.jpg 424 134 84 116 0.74533
00014.jpg 424 124 84 125 0.74152
00014.jpg 680 81 78 194 0.74044
00014.jpg 298 100 67 167 0.73875
00014.jpg 682 80 74 191 0.73619
00014.jpg 284 106 83 163 0.73054
00014.jpg 297 96 63 176 0.72408
00014.jpg 673 72 78 200 0.72216
00014.jpg 423 127 85 122 0.71854
00014.jpg 570 102 56 153 0.71481
00014.jpg 567 106 59 147 0.71419
00014.jpg 102 146 126 297 0.71387
00014.jpg 681 77 76 200 0.71316
00014.jpg 291 98 78 174 0.71007
00014.jpg 670 81 87 194 0.70868
00014.jpg 677 81 79 193 0.70827
00014.jpg 290 101 65 166 0.70292
00014.jpg 672 87 76 175 0.69846
00014.jpg 417 131 93 125 0.69574
00014.jpg 568 95 54 167 0.69172
00014.jpg 423 128 83 114 0.68523
00014.jpg 674 77 82 205 0.68183
00014.jpg 679 85 70 188 0.67341
00014.jpg 680 84 71 183 0.67123
00014.jpg 291 92 66 190 0.66690
00014.jpg 419 127 86 126 0.66382
00014.jpg 289 97 71 167 0.65801
00014.jpg 570 101 53 154 0.65599
00014.jpg 673 83 70 196 0.65468
00014.jpg 569 97 58 164 0.65363
00014.jpg 295 100 68 163 0.65311
00014.jpg 686 74 62 210 0.65302
00014.jpg 293 101 73 166 0.65040
00014.jpg 108 146 109 309 0.64747
00014.jpg 164 128 15 37 0.64299
00014.jpg 830 75 20 16 0.64092
00014.jpg 419 123 86 125 0.63919
00014.jpg 682 82 62 200 0.63827
00014.jpg 286 96 81 180 0.63632
00014.jpg 165 127 15 40 0.63021
00014.jpg 567 99 63 171 0.62275
00014.jpg 564 104 61 152 0.61618
00014.jpg 423 129 82 116 0.61329
00014.jpg 567 100 61 172 0.61153
00014.jpg 297 99 68 159 0.60763
00014.jpg 290 101 70 158 0.60733
00014.jpg 560 93 67 174 0.60597
00014.jpg 680 78 74 203 0.60294
00014.jpg 89 136 133 314 0.58813
00014.jpg 96 141 131 318 0.58147
00014.jpg 420 120 92 132 0.57518
00014.jpg 161 127 21 41 0.57249
00014.jpg 671 73 84 204 0.56579
00014.jpg 101 140 106 303 0.55448
00014.jpg 565 102 59 162 0.54471
00014.jpg 564 91 65 177 0.54092
00014.jpg 290 96 70 167 0.53522
00014.jpg 286 104 82 166 0.52978
00014.jpg 902 72 22 16 0.52866
00014.jpg 108 153 117 281 0.52545
00014.jpg 686 87 73 191 0.52519
00014.jpg 672 73 77 208 0.52219
00014.jpg 426 130 71 124 0.52161
00014.jpg 292 95 73 168 0.52118
00014.jpg 679 81 71 193 0.51500
00014.jpg 675 80 79 202 0.51205
00014.jpg 565 98 64 172 0.50691
00014.jpg 101 134 124 327 0.50439
00014.jpg 428 128 78 121 0.50410
00014.jpg 416 126 93 119 0.50318
00014.jpg 803 75 27 16 0.50317
00014.jpg 421 120 84 125 0.49979
00014.jpg 566 96 63 179 0.49964
00014.jpg 292 104 78 173 0.49950
