00011.jpg 666 77 74 193 0.99942
00011.jpg 93 146 130 307 0.99924
00011.jpg 96 144 131 309 0.99875
00011.jpg 419 130 86 120 0.99850
00011.jpg 95 143 131 307 0.99834
00011.jpg 98 150 123 300 0.99810
00011.jpg 95 148 129 311 0.99791
00011.jpg 556 85 70 181 0.99767
00011.jpg 668 76 74 195 0.99756
00011.jpg 418 133 88 118 0.99714
00011.jpg 103 142 114 306 0.99685
00011.jpg 289 99 80 168 0.99660
00011.jpg 673 77 68 196 0.99655
00011.jpg 421 127 81 123 0.99618
00011.jpg 102 139 120 314 0.99611
00011.jpg 668 81 70 191 0.99609
00011.jpg 668 72 72 204 0.99604
00011.jpg 421 130 81 118 0.99603
00011.jpg 421 128 84 122 0.99599
00011.jpg 95 144 126 313 0.99596
00011.jpg 558 84 72 183 0.99589
00011.jpg 419 129 86 124 0.99587
00011.jpg 290 94 72 177 0.99555
00011.jpg 96 147 121 304 0.99552
00011.jpg 670 70 73 205 0.99533
00011.jpg 98 149 121 299 0.99533
00011.jpg 98 149 124 304 0.99527
00011.jpg 669 74 75 204 0.99503
00011.jpg 98 146 122 305 0.99443
00011.jpg 670 77 71 199 0.99403
00011.jpg 96 144 125 306 0.99395
00011.jpg 99 148 127 296 0.99392
00011.jpg 100 141 127 307 0.99375
00011.jpg 558 90 75 175 0.99374
00011.jpg 665 75 77 198 0.99366
00011.jpg 100 153 123 292 0.99359
00011.jpg 291 100 74 162 0.99355
00011.jpg 559 89 69 173 0.99331
00011.jpg 101 143 119 310 0.99321
00011.jpg 102 138 120 311 0.99319
00011.jpg 562 86 67 180 0.99297
00011.jpg 560 91 70 170 0.99278
00011.jpg 94 146 130 309 0.99273
00011.jpg 97 143 126 311 0.99266
00011.jpg 97 133 114 309 0.99265
00011.jpg 102 147 117 302 0.99255
00011.jpg 558 86 71 183 0.99238
00011.jpg 100 150 123 304 0.99235
00011.jpg 668 80 72 191 0.99233
00011.jpg 290 91 76 177 0.99225
00011.jpg 417 132 92 118 0.99198
00011.jpg 563 93 69 178 0.99175
00011.jpg 664 75 78 196 0.99158
00011.jpg 667 78 76 193 0.99138
00011.jpg 292 95 71 170 0.99124
00011.jpg 100 148 123 298 0.99092
00011.jpg 420 129 82 120 0.99031
00011.jpg 560 92 70 176 0.99021
00011.jpg 671 77 71 197 0.99003
00011.jpg 99 148 117 297 0.99003
00011.jpg 668 82 75 191 0.98983
00011.jpg 562 89 66 178 0.98970
00011.jpg 290 100 75 166 0.98950
00011.jpg 422 129 81 125 0.98950
00011.jpg 420 133 87 120 0.98925
00011.jpg 298 99 64 169 0.98920
00011.jpg 558 85 67 182 0.98912
00011.jpg 560 95 68 175 0.98908
00011.jpg 291 98 75 170 0.98889
00011.jpg 668 81 76 195 0.98879
00011.jpg 561 90 72 177 0.98873
00011.jpg 95 149 127 301 0.98871
00011.jpg 292 96 72 169 0.98859
00011.jpg 668 81 70 189 0.98843
00011.jpg 559 94 72 172 0.98831
00011.jpg 291 96 73 170 0.98772
00011.jpg 558 89 70 184 0.98760
00011.jpg 421 130 83 122 0.98755
00011.jpg 560 93 66 177 0.98734
00011.jpg 669 76 74 198 0.98733
00011.jpg 290 95 72 176 0.98730
00011.jpg 559 94 73 170 0.98663
00011.jpg 96 151 127 301 0.98651
00011.jpg 290 98 73 167 0.98637
00011.jpg 425 133 78 123 0.98610
00011.jpg 667 77 74 189 0.98572
00011.jpg 669 82 71 189 0.98569
00011.jpg 290 96 71 171 0.98566
00011.jpg 563 83 64 185 0.98555
00011.jpg 562 92 70 174 0.98546
00011.jpg 290 97 75 170 0.98544
00011.jpg 560 92 67 170 0.98530
00011.jpg 558 86 68 183 0.98529
00011.jpg 558 92 69 170 0.98519
00011.jpg 419 131 86 118 0.98519
00011.jpg 418 132 86 122 0.98412
00011.jpg 666 75 77 199 0.98384
00011.jpg 96 149 123 301 0.98381
00011.jpg 292 96 73 169 0.98378
00011.jpg 558 89 72 179 0.98376
00011.jpg 292 96 71 171 0.98373
00011.jpg 421 130 82 124 0.98349
00011.jpg 419 126 86 129 0.98347
00011.jpg 292 93 68 177 0.98288
00011.jpg 425 131 78 124 0.98246
00011.jpg 674 78 66 193 0.98209
00011.jpg 672 80 66 192 0.98183
00011.jpg 288 98 75 174 0.98180
00011.jpg 670 78 72 194 0.98163
00011.jpg 670 78 71 197 0.98162
00011.jpg 293 96 70 174 0.98160
00011.jpg 557 88 76 177 0.98148
00011.jpg 96 149 130 293 0.98134
00011.jpg 424 127 76 130 0.98103
00011.jpg 670 79 75 196 0.98096
00011.jpg 96 139 122 309 0.97986
00011.jpg 102 143 122 310 0.97982
00011.jpg 101 154 124 292 0.97956
00011.jpg 99 144 120 308 0.97914
00011.jpg 293 97 70 173 0.97911
00011.jpg 92 153 132 299 0.97874
00011.jpg 668 76 76 199 0.97870
00011.jpg 415 127 93 128 0.97865
00011.jpg 291 98 75 166 0.97802
00011.jpg 563 85 67 184 0.97794
00011.jpg 667 75 70 196 0.97736
00011.jpg 291 97 71 170 0.97707
00011.jpg 105 142 109 300 0.97702
00011.jpg 671 76 71 199 0.97669
00011.jpg 419 129 85 121 0.97650
00011.jpg 562 84 62 186 0.97645
00011.jpg 100 147 133 306 0.97638
00011.jpg 294 98 68 169 0.97637
00011.jpg 671 77 71 194 0.97605
00011.jpg 419 129 87 123 0.97565
00011.jpg 107 134 121 319 0.97483
00011.jpg 291 95 73 170 0.97444
00011.jpg 291 94 77 175 0.97442
00011.jpg 423 129 79 123 0.97436
00011.jpg 668 79 67 196 0.97316
00011.jpg 558 92 70 176 0.97297
00011.jpg 100 145 122 309 0.97284
00011.jpg 669 84 76 184 0.97257
00011.jpg 558 92 69 170 0.97177
00011.jpg 291 102 77 162 0.97158
00011.jpg 423 131 79 119 0.97091
00011.jpg 669 81 74 190 0.97085
00011.jpg 668 80 76 192 0.97043
00011.jpg 421 125 83 126 0.96892
00011.jpg 292 96 74 174 0.96882
00011.jpg 560 93 68 171 0.96844
00011.jpg 294 96 65 171 0.96655
00011.jpg 98 149 123 302 0.96630
00011.jpg 290 95 70 175 0.96573
00011.jpg 290 98 73 165 0.96482
00011.jpg 422 128 83 125 0.96474
00011.jpg 102 138 125 308 0.96264
00011.jpg 423 129 79 126 0.96236
00011.jpg 418 128 88 121 0.96230
00011.jpg 291 99 74 164 0.96073
00011.jpg 421 131 83 117 0.96028
00011.jpg 671 83 69 185 0.96012
00011.jpg 422 128 78 123 0.95944
00011.jpg 93 142 131 314 0.95918
00011.jpg 91 140 141 313 0.95911
00011.jpg 560 97 62 170 0.95864
00011.jpg 671 78 70 194 0.95703
00011.jpg 669 81 74 193 0.95670
00011.jpg 669 80 76 193 0.95653
00011.jpg 100 153 125 302 0.95642
00011.jpg 554 90 71 182 0.95482
00011.jpg 669 77 72 195 0.95458
00011.jpg 420 125 81 129 0.95325
00011.jpg 556 92 70 176 0.95267
00011.jpg 560 96 66 167 0.95174
00011.jpg 558 94 69 170 0.95143
00011.jpg 421 128 81 124 0.95122
00011.jpg 423 125 74 126 0.95072
00011.jpg 296 99 63 169 0.95049
00011.jpg 294 98 70 175 0.95010
00011.jpg 420 129 86 123 0.94974
00011.jpg 288 93 76 174 0.94942
00011.jpg 416 130 90 122 0.94915
00011.jpg 672 78 72 201 0.94897
00011.jpg 99 148 129 311 0.94887
00011.jpg 420 129 85 120 0.94707
00011.jpg 294 98 68 166 0.94519
00011.jpg 420 125 84 126 0.94462
00011.jpg 294 97 68 169 0.94379
00011.jpg 670 78 70 198 0.94204
00011.jpg 290 100 71 163 0.94203
00011.jpg 420 130 81 121 0.94178
00011.jpg 667 76 73 194 0.94169
00011.jpg 89 141 140 308 0.94060
00011.jpg 293 99 75 170 0.94054
00011.jpg 425 131 80 119 0.93968
00011.jpg 99 150 124 296 0.93847
00011.jpg 559 83 65 182 0.93766
00011.jpg 100 144 128 294 0.93710
00011.jpg 563 94 67 168 0.93362
00011.jpg 666 81 78 193 0.93243
00011.jpg 419 132 87 118 0.93204
00011.jpg 423 123 81 128 0.93002
00011.jpg 100 149 125 305 0.92940
00011.jpg 291 99 69 167 0.92776
00011.jpg 667 77 73 198 0.92683
00011.jpg 294 94 73 176 0.92643
00011.jpg 424 130 80 123 0.92574
00011.jpg 902 75 22 16 0.92570
00011.jpg 93 143 133 310 0.92435
00011.jpg 670 76 74 196 0.92418
00011.jpg 98 146 124 297 0.92405
00011.jpg 418 129 86 120 0.92300
00011.jpg 667 74 71 202 0.92219
00011.jpg 96 140 132 302 0.92176
00011.jpg 559 90 67 178 0.92140
00011.jpg 894 75 23 16 0.92052
00011.jpg 562 92 59 176 0.91568
00011.jpg 420 127 82 128 0.91487
00011.jpg 673 76 71 199 0.91318
00011.jpg 558 87 70 183 0.90957
00011.jpg 300 95 63 176 0.90704
00011.jpg 291 102 72 166 0.89944
00011.jpg 421 128 82 128 0.89746
00011.jpg 90 138 130 304 0.89403
00011.jpg 898 75 23 16 0.89144
00011.jpg 417 128 86 125 0.88831
00011.jpg 564 89 64 178 0.88762
00011.jpg 664 78 73 186 0.88411
00011.jpg 673 82 62 193 0.88375
00011.jpg 96 144 122 308 0.88239
00011.jpg 668 84 73 180 0.88229
00011.jpg 669 78 72 194 0.88215
00011.jpg 560 93 69 180 0.87926
00011.jpg 417 127 82 123 0.87914
00011.jpg 98 141 122 318 0.87810
00011.jpg 415 131 83 125 0.87742
00011.jpg 103 145 122 308 0.87567
00011.jpg 561 94 68 174 0.87550
00011.jpg 419 129 82 120 0.87411
00011.jpg 418 131 80 121 0.87334
00011.jpg 561 93 71 174 0.87316
00011.jpg 557 89 72 179 0.87130
00011.jpg 97 147 124 297 0.86740
00011.jpg 427 127 76 124 0.86668
00011.jpg 554 93 70 167 0.86265
00011.jpg 666 79 75 194 0.86051
00011.jpg 560 92 62 172 0.85921
00011.jpg 420 129 80 129 0.85814
00011.jpg 101 144 123 299 0.85604
00011.jpg 292 97 72 173 0.85454
00011.jpg 554 90 73 176 0.84938
00011.jpg 421 130 84 113 0.84875
00011.jpg 295 99 71 173 0.84743
00011.jpg 101 152 124 296 0.84012
00011.jpg 415 123 91 134 0.82687
00011.jpg 557 91 69 182 0.82045
00011.jpg 666 82 75 194 0.82004
00011.jpg 96 156 127 289 0.80400
00011.jpg 556 96 75 167 0.80305
00011.jpg 422 131 80 127 0.80117
00011.jpg 838 74 19 17 0.79916
00011.jpg 298 94 63 177 0.79637
00011.jpg 419 130 79 130 0.79501
00011.jpg 564 83 56 189 0.79302
00011.jpg 423 133 73 114 0.78805
00011.jpg 842 71 18 17 0.78086
00011.jpg 842 73 20 17 0.78086
00011.jpg 565 95 66 168 0.77923
00011.jpg 670 85 77 180 0.77821
00011.jpg 421 131 78 117 0.77700
00011.jpg 298 96 66 165 0.77625
00011.jpg 291 103 72 167 0.77617
00011.jpg 556 91 70 170 0.77427
00011.jpg 292 94 74 175 0.76553
00011.jpg 296 96 68 169 0.75878
00011.jpg 289 97 70 182 0.75843
00011.jpg 418 131 90 127 0.74374
00011.jpg 423 124 84 126 0.74249
00011.jpg 668 74 73 205 0.74230
00011.jpg 286 104 82 163 0.74148
00011.jpg 563 86 67 178 0.74108
00011.jpg 91 143 137 300 0.73949
00011.jpg 108 147 111 295 0.73296
00011.jpg 665 72 79 201 0.73232
00011.jpg 845 73 21 18 0.72929
00011.jpg 563 91 62 172 0.72579
00011.jpg 559 87 66 176 0.72469
00011.jpg 99 147 116 297 0.72300
00011.jpg 96 148 127 298 0.71892
00011.jpg 421 130 82 122 0.71489
00011.jpg 418 130 85 119 0.71464
00011.jpg 91 148 125 297 0.71325
00011.jpg 102 157 118 289 0.71027
00011.jpg 563 89 66 173 0.70963
00011.jpg 556 93 68 173 0.70763
00011.jpg 414 123 89 124 0.70602
00011.jpg 558 90 73 165 0.70468
00011.jpg 418 127 86 126 0.69874
00011.jpg 669 79 65 199 0.69580
00011.jpg 289 98 68 174 0.68524
00011.jpg 667 82 72 191 0.68279
00011.jpg 562 94 69 170 0.67416
00011.jpg 424 123 84 130 0.66507
00011.jpg 869 76 21 16 0.65988
00011.jpg 104 143 116 316 0.65686
00011.jpg 668 81 73 182 0.65211
00011.jpg 93 146 120 301 0.65132
00011.jpg 289 100 70 162 0.64782
00011.jpg 662 80 78 200 0.64679
00011.jpg 99 143 137 291 0.64226
00011.jpg 565 92 66 169 0.63825
00011.jpg 422 133 80 110 0.63343
00011.jpg 289 94 71 176 0.63185
00011.jpg 662 78 80 194 0.62741
00011.jpg 557 89 74 180 0.62162
00011.jpg 561 91 67 177 0.61997
00011.jpg 98 149 122 300 0.61810
00011.jpg 95 150 132 304 0.61790
00011.jpg 294 102 64 162 0.61485
00011.jpg 287 102 70 173 0.61452
00011.jpg 558 94 69 169 0.61417
00011.jpg 665 69 78 207 0.61373
00011.jpg 423 128 82 118 0.60543
00011.jpg 676 75 64 200 0.59474
00011.jpg 868 72 19 16 0.59468
00011.jpg 565 94 67 165 0.59426
00011.jpg 299 99 68 169 0.59145
00011.jpg 99 158 135 288 0.58053
00011.jpg 835 71 19 18 0.57877
00011.jpg 674 80 68 187 0.57609
00011.jpg 559 89 65 177 0.56894
00011.jpg 422 128 85 130 0.55974
00011.jpg 297 97 65 163 0.55928
00011.jpg 90 144 132 298 0.55285
00011.jpg 415 122 94 125 0.54657
00011.jpg 425 127 81 125 0.54226
00011.jpg 566 97 68 168 0.54099
00011.jpg 422 134 70 116 0.53936
00011.jpg 422 130 84 114 0.53306
00011.jpg 906 72 22 16 0.53282
00011.jpg 426 131 81 129 0.52047
00011.jpg 842 70 19 22 0.51873
00011.jpg 670 71 72 201 0.51724
00011.jpg 674 76 72 199 0.51724
00011.jpg 421 121 84 124 0.51512
00011.jpg 415 121 87 128 0.51404
00011.jpg 104 144 121 305 0.51259
00011.jpg 93 142 155 290 0.50838
00011.jpg 838 70 19 22 0.50619
