00007.jpg 221 45 114 237 0.98304
00007.jpg 221 210 226 183 0.97763
00007.jpg 225 211 224 185 0.96596
00007.jpg 225 46 106 240 0.96563
00007.jpg 218 41 122 248 0.96440
00007.jpg 201 193 300 206 0.96225
00007.jpg 224 41 111 237 0.95608
00007.jpg 221 39 115 249 0.95525
00007.jpg 219 199 246 192 0.95249
00007.jpg 223 189 243 198 0.95199
00007.jpg 217 47 117 229 0.94617
00007.jpg 229 41 108 236 0.94003
00007.jpg 222 38 111 247 0.93776
00007.jpg 218 48 116 228 0.93491
00007.jpg 226 51 108 232 0.93404
00007.jpg 216 208 230 186 0.93282
00007.jpg 223 42 107 239 0.93170
00007.jpg 224 37 110 246 0.93021
00007.jpg 223 49 106 226 0.92279
00007.jpg 217 216 234 171 0.92165
00007.jpg 226 48 107 231 0.91858
00007.jpg 223 46 114 223 0.91791
00007.jpg 221 46 116 239 0.91764
00007.jpg 220 45 118 235 0.91732
00007.jpg 223 209 229 182 0.91663
00007.jpg 233 211 211 186 0.91482
00007.jpg 224 49 111 212 0.91179
00007.jpg 206 192 256 218 0.90700
00007.jpg 216 41 119 266 0.90688
00007.jpg 219 40 121 236 0.90628
00007.jpg 220 204 226 192 0.90386
00007.jpg 229 34 111 282 0.90127
00007.jpg 220 206 227 191 0.90073
00007.jpg 222 40 107 242 0.89939
00007.jpg 218 201 239 195 0.89638
00007.jpg 222 54 117 209 0.89274
00007.jpg 218 34 120 267 0.89086
00007.jpg 216 192 255 207 0.88983
00007.jpg 196 39 49 214 0.88977
00007.jpg 219 47 112 262 0.88859
00007.jpg 220 43 113 238 0.88821
00007.jpg 216 44 116 234 0.88714
00007.jpg 185 32 65 255 0.88665
00007.jpg 222 47 120 238 0.88593
00007.jpg 215 37 130 261 0.88538
00007.jpg 225 43 107 231 0.88528
00007.jpg 217 49 115 228 0.88235
00007.jpg 210 185 290 239 0.88139
00007.jpg 228 42 105 240 0.87979
00007.jpg 218 47 110 251 0.87790
00007.jpg 221 208 229 188 0.87549
00007.jpg 214 49 125 221 0.87079
00007.jpg 221 208 224 181 0.86994
00007.jpg 223 41 112 247 0.86939
00007.jpg 188 27 61 278 0.86755
00007.jpg 216 197 249 196 0.86598
00007.jpg 231 194 219 203 0.86551
00007.jpg 233 184 226 231 0.86384
00007.jpg 197 185 341 214 0.86257
00007.jpg 225 47 114 223 0.86067
00007.jpg 186 36 63 280 0.86056
00007.jpg 221 41 114 233 0.85815
00007.jpg 218 36 117 246 0.85638
00007.jpg 188 44 62 272 0.85626
00007.jpg 224 54 107 226 0.85342
00007.jpg 212 198 244 202 0.85204
00007.jpg 192 44 51 183 0.85160
00007.jpg 215 46 125 222 0.85140
00007.jpg 224 187 257 217 0.85004
00007.jpg 231 209 215 187 0.84971
00007.jpg 218 172 284 260 0.84837
00007.jpg 222 207 227 186 0.84782
00007.jpg 212 188 266 204 0.84739
00007.jpg 221 193 276 211 0.84384
00007.jpg 213 45 127 227 0.84071
00007.jpg 185 40 68 258 0.83839
00007.jpg 228 48 106 229 0.83790
00007.jpg 218 180 262 217 0.83637
00007.jpg 220 170 272 237 0.82615
00007.jpg 185 31 72 302 0.82611
00007.jpg 215 204 237 193 0.82397
00007.jpg 190 34 67 286 0.82158
00007.jpg 226 182 290 237 0.81933
00007.jpg 226 49 108 225 0.81689
00007.jpg 218 190 274 225 0.81647
00007.jpg 212 196 247 222 0.81325
00007.jpg 227 47 110 230 0.81279
00007.jpg 196 45 48 205 0.81108
00007.jpg 218 204 235 210 0.80997
00007.jpg 221 211 229 180 0.80879
00007.jpg 224 42 104 261 0.80770
00007.jpg 218 191 257 216 0.80752
00007.jpg 222 45 113 227 0.80069
00007.jpg 217 192 251 213 0.80044
00007.jpg 205 190 307 231 0.79860
00007.jpg 223 194 247 229 0.79599
00007.jpg 205 203 258 190 0.79573
00007.jpg 210 216 236 176 0.79439
00007.jpg 214 212 242 181 0.79340
00007.jpg 220 48 110 233 0.78923
00007.jpg 198 187 420 237 0.78681
00007.jpg 196 41 50 283 0.78495
00007.jpg 189 36 61 246 0.78289
00007.jpg 214 34 131 247 0.78193
00007.jpg 191 35 56 252 0.77748
00007.jpg 190 45 53 171 0.77626
00007.jpg 222 46 112 238 0.77064
00007.jpg 222 202 241 219 0.76864
00007.jpg 222 189 251 220 0.76632
00007.jpg 187 45 70 280 0.76537
00007.jpg 217 191 243 224 0.76486
00007.jpg 212 196 408 248 0.76254
00007.jpg 225 47 115 237 0.76232
00007.jpg 237 208 200 188 0.75749
00007.jpg 190 35 57 267 0.75607
00007.jpg 197 42 44 199 0.75576
00007.jpg 213 176 279 251 0.75304
00007.jpg 209 44 128 244 0.75149
00007.jpg 236 207 214 206 0.74885
00007.jpg 213 186 467 261 0.73660
00007.jpg 180 39 66 250 0.73623
00007.jpg 230 199 225 202 0.72944
00007.jpg 192 39 54 295 0.72904
00007.jpg 190 32 61 297 0.72641
00007.jpg 198 192 280 209 0.72587
00007.jpg 215 35 124 248 0.72560
00007.jpg 179 33 76 284 0.72449
00007.jpg 229 195 337 224 0.72406
00007.jpg 223 55 113 213 0.72359
00007.jpg 185 40 59 286 0.72144
00007.jpg 190 37 54 265 0.72065
00007.jpg 213 198 243 221 0.71765
00007.jpg 184 44 152 237 0.71569
00007.jpg 186 39 58 267 0.71562
00007.jpg 187 29 60 324 0.71479
00007.jpg 214 49 137 230 0.71297
00007.jpg 229 183 221 227 0.70983
00007.jpg 222 211 229 182 0.70339
00007.jpg 206 188 466 263 0.70110
00007.jpg 206 186 276 242 0.70090
00007.jpg 187 36 63 269 0.69919
00007.jpg 184 44 64 259 0.69153
00007.jpg 213 45 124 233 0.69075
00007.jpg 183 41 67 302 0.68944
00007.jpg 182 39 66 276 0.68358
00007.jpg 183 40 63 289 0.67607
00007.jpg 225 212 226 180 0.67458
00007.jpg 212 39 144 307 0.66863
00007.jpg 247 209 190 182 0.66841
00007.jpg 191 35 59 296 0.66459
00007.jpg 194 44 54 181 0.66328
00007.jpg 210 202 257 174 0.66116
00007.jpg 223 206 226 204 0.65887
00007.jpg 194 44 48 210 0.65617
00007.jpg 219 42 122 227 0.65117
00007.jpg 216 167 303 254 0.65034
00007.jpg 222 171 219 258 0.64956
00007.jpg 235 196 227 244 0.64601
00007.jpg 181 33 64 300 0.64485
00007.jpg 217 31 103 329 0.64363
00007.jpg 216 32 114 302 0.64070
00007.jpg 194 44 47 182 0.63874
00007.jpg 184 34 73 312 0.63763
00007.jpg 211 63 199 320 0.63589
00007.jpg 217 183 245 221 0.63259
00007.jpg 188 167 412 271 0.62852
00007.jpg 207 192 262 234 0.62814
00007.jpg 220 47 109 237 0.62634
00007.jpg 187 35 53 259 0.62539
00007.jpg 191 49 52 191 0.61851
00007.jpg 211 217 285 192 0.61611
00007.jpg 221 186 226 226 0.61542
00007.jpg 192 66 142 236 0.61294
00007.jpg 190 42 52 220 0.61007
00007.jpg 179 211 489 246 0.60723
00007.jpg 200 45 45 196 0.60161
00007.jpg 190 29 61 322 0.60055
00007.jpg 201 194 267 232 0.60044
00007.jpg 236 164 224 254 0.59226
00007.jpg 212 192 245 247 0.59108
00007.jpg 212 190 404 239 0.58630
00007.jpg 232 165 238 248 0.58230
00007.jpg 224 192 383 251 0.58220
00007.jpg 198 43 42 163 0.58042
00007.jpg 189 45 61 294 0.57813
00007.jpg 205 191 463 264 0.57743
00007.jpg 190 50 55 263 0.57632
00007.jpg 190 20 69 350 0.57387
00007.jpg 224 194 239 219 0.57268
00007.jpg 227 41 105 233 0.56591
00007.jpg 187 38 66 244 0.55797
00007.jpg 219 43 123 217 0.55006
00007.jpg 225 209 202 196 0.54916
00007.jpg 225 44 114 208 0.54625
00007.jpg 196 45 45 196 0.54471
00007.jpg 192 46 48 161 0.54446
00007.jpg 216 36 112 297 0.54384
00007.jpg 210 138 458 310 0.54183
00007.jpg 188 40 64 235 0.53475
00007.jpg 214 202 320 183 0.53323
00007.jpg 187 43 67 225 0.53301
00007.jpg 227 189 375 252 0.52864
00007.jpg 191 43 107 286 0.52793
00007.jpg 196 48 51 171 0.52700
00007.jpg 217 169 444 284 0.52450
00007.jpg 222 166 329 277 0.52280
00007.jpg 224 56 111 225 0.52097
00007.jpg 225 202 227 185 0.51993
00007.jpg 231 214 213 181 0.51570
00007.jpg 189 32 63 319 0.50781
00007.jpg 227 48 105 248 0.50491
00007.jpg 229 194 290 209 0.50054
00007.jpg 226 216 230 165 0.50019
