00008.jpg 223 213 222 179 0.99055
00008.jpg 217 55 121 234 0.98156
00008.jpg 224 217 226 173 0.97608
00008.jpg 227 215 215 182 0.96473
00008.jpg 213 208 249 173 0.96163
00008.jpg 208 211 244 183 0.96026
00008.jpg 208 43 125 245 0.95832
00008.jpg 217 210 224 176 0.95729
00008.jpg 216 37 117 266 0.95709
00008.jpg 219 51 113 240 0.95199
00008.jpg 226 48 104 237 0.94936
00008.jpg 223 48 111 240 0.94831
00008.jpg 217 48 118 243 0.94763
00008.jpg 217 57 119 249 0.94660
00008.jpg 217 43 116 260 0.94645
00008.jpg 209 201 277 181 0.94401
00008.jpg 223 215 229 172 0.94147
00008.jpg 223 49 111 235 0.93903
00008.jpg 220 214 231 177 0.93036
00008.jpg 227 210 211 183 0.93023
00008.jpg 223 203 227 188 0.93009
00008.jpg 222 201 223 191 0.92039
00008.jpg 222 55 112 222 0.91896
00008.jpg 217 48 117 250 0.91724
00008.jpg 221 46 121 251 0.91572
00008.jpg 220 212 237 185 0.91541
00008.jpg 227 47 102 269 0.91384
00008.jpg 213 48 124 249 0.91352
00008.jpg 218 54 109 223 0.91339
00008.jpg 221 43 113 237 0.90801
00008.jpg 216 202 234 191 0.90018
00008.jpg 222 52 110 239 0.89704
00008.jpg 218 49 115 236 0.89680
00008.jpg 220 50 110 243 0.89465
00008.jpg 214 204 243 185 0.89279
00008.jpg 222 48 112 256 0.88867
00008.jpg 220 207 229 181 0.88765
00008.jpg 224 50 105 234 0.88495
00008.jpg 213 197 239 185 0.88356
00008.jpg 212 203 248 192 0.88320
00008.jpg 230 192 289 217 0.87985
00008.jpg 229 208 220 189 0.87924
00008.jpg 221 58 113 223 0.87714
00008.jpg 204 197 262 205 0.87702
00008.jpg 223 53 115 219 0.87620
00008.jpg 223 195 233 198 0.87514
00008.jpg 221 170 279 254 0.87372
00008.jpg 221 41 109 241 0.87124
00008.jpg 230 219 211 175 0.86871
00008.jpg 209 192 266 219 0.86696
00008.jpg 216 203 278 192 0.86370
00008.jpg 180 38 71 268 0.86122
00008.jpg 208 49 126 236 0.86116
00008.jpg 218 208 236 189 0.86035
00008.jpg 218 52 121 221 0.85722
00008.jpg 219 51 111 238 0.85508
00008.jpg 193 188 289 212 0.85395
00008.jpg 223 54 114 216 0.85306
00008.jpg 216 46 116 254 0.85122
00008.jpg 179 36 70 278 0.85099
00008.jpg 207 196 272 204 0.85026
00008.jpg 214 42 114 243 0.84868
00008.jpg 216 45 126 305 0.84698
00008.jpg 237 192 217 213 0.84584
00008.jpg 188 36 56 275 0.84315
00008.jpg 217 196 268 198 0.84304
00008.jpg 218 48 124 233 0.84282
00008.jpg 210 201 447 257 0.84189
00008.jpg 216 209 236 180 0.84170
00008.jpg 219 197 241 198 0.84154
00008.jpg 222 48 109 234 0.84126
00008.jpg 187 44 62 254 0.83858
00008.jpg 207 208 240 188 0.83514
00008.jpg 224 48 104 245 0.83285
00008.jpg 179 38 75 258 0.83159
00008.jpg 198 191 334 194 0.82854
00008.jpg 198 34 140 259 0.82847
00008.jpg 225 41 107 254 0.82309
00008.jpg 182 35 75 281 0.81899
00008.jpg 216 53 112 251 0.81577
00008.jpg 220 45 113 248 0.81511
00008.jpg 226 52 109 221 0.81333
00008.jpg 226 55 110 212 0.81284
00008.jpg 219 190 256 219 0.80963
00008.jpg 211 177 337 242 0.80534
00008.jpg 231 208 219 187 0.80508
00008.jpg 210 192 284 195 0.80401
00008.jpg 233 205 235 181 0.80200
00008.jpg 226 37 109 260 0.79118
00008.jpg 214 207 242 183 0.79000
00008.jpg 205 188 372 232 0.78519
00008.jpg 219 50 112 229 0.78291
00008.jpg 228 40 115 246 0.77923
00008.jpg 216 198 254 195 0.77906
00008.jpg 215 196 274 213 0.77316
00008.jpg 212 51 123 231 0.76956
00008.jpg 187 43 62 238 0.76755
00008.jpg 185 42 70 244 0.76271
00008.jpg 211 48 111 246 0.75918
00008.jpg 231 51 107 238 0.75399
00008.jpg 186 37 64 260 0.74653
00008.jpg 184 35 72 261 0.74572
00008.jpg 221 55 109 227 0.74469
00008.jpg 217 45 121 242 0.74299
00008.jpg 234 207 214 182 0.73983
00008.jpg 182 42 71 275 0.73914
00008.jpg 216 50 125 277 0.73590
00008.jpg 190 181 369 242 0.73530
00008.jpg 236 206 215 192 0.73491
00008.jpg 187 41 62 272 0.73147
00008.jpg 196 186 305 224 0.73125
00008.jpg 166 39 91 263 0.73027
00008.jpg 170 40 80 262 0.73006
00008.jpg 219 52 119 225 0.72672
00008.jpg 224 208 220 186 0.72671
00008.jpg 166 168 523 271 0.72649
00008.jpg 227 61 109 220 0.72645
00008.jpg 209 202 271 205 0.72622
00008.jpg 202 197 406 225 0.71736
00008.jpg 188 36 62 270 0.71525
00008.jpg 226 50 105 237 0.71493
00008.jpg 203 44 129 294 0.71367
00008.jpg 221 190 261 209 0.71327
00008.jpg 222 51 109 237 0.71279
00008.jpg 194 43 53 214 0.71218
00008.jpg 232 201 218 193 0.70875
00008.jpg 185 50 70 264 0.70725
00008.jpg 221 198 275 186 0.70256
00008.jpg 212 33 123 261 0.69887
00008.jpg 185 36 63 280 0.69737
00008.jpg 208 193 280 224 0.69654
00008.jpg 185 41 63 282 0.68898
00008.jpg 216 203 242 210 0.68165
00008.jpg 230 216 216 176 0.67874
00008.jpg 204 46 161 282 0.67778
00008.jpg 224 201 240 206 0.67758
00008.jpg 210 202 242 197 0.67616
00008.jpg 217 212 227 173 0.67544
00008.jpg 184 46 58 264 0.67055
00008.jpg 204 37 123 294 0.67031
00008.jpg 229 212 227 181 0.66488
00008.jpg 214 50 106 316 0.65610
00008.jpg 180 43 173 267 0.65490
00008.jpg 208 174 440 257 0.65265
00008.jpg 184 36 70 272 0.65198
00008.jpg 222 198 242 216 0.65084
00008.jpg 232 207 284 193 0.64547
00008.jpg 179 41 65 259 0.64380
00008.jpg 173 43 79 280 0.64342
00008.jpg 184 34 69 288 0.63886
00008.jpg 222 200 300 220 0.63444
00008.jpg 240 173 230 232 0.63410
00008.jpg 177 30 79 330 0.62981
00008.jpg 208 35 132 247 0.62886
00008.jpg 227 197 218 213 0.62885
00008.jpg 227 211 216 180 0.62874
00008.jpg 223 195 238 199 0.62872
00008.jpg 229 216 219 175 0.62219
00008.jpg 183 35 74 309 0.62061
00008.jpg 226 209 228 194 0.62001
00008.jpg 178 53 70 228 0.61521
00008.jpg 243 163 215 243 0.61317
00008.jpg 238 211 399 222 0.61012
00008.jpg 220 63 122 198 0.60110
00008.jpg 190 39 59 277 0.60055
00008.jpg 211 219 240 187 0.60013
00008.jpg 206 50 134 266 0.59881
00008.jpg 213 193 261 225 0.58867
00008.jpg 185 41 55 272 0.58840
00008.jpg 226 191 268 191 0.58824
00008.jpg 184 29 71 303 0.58783
00008.jpg 177 49 101 271 0.58619
00008.jpg 174 43 81 225 0.58563
00008.jpg 195 208 496 235 0.58079
00008.jpg 229 206 296 219 0.57546
00008.jpg 237 209 380 233 0.56942
00008.jpg 174 38 74 283 0.56638
00008.jpg 216 164 219 258 0.56573
00008.jpg 230 208 214 180 0.56005
00008.jpg 222 55 107 211 0.55927
00008.jpg 202 184 276 223 0.55557
00008.jpg 183 54 70 266 0.55485
00008.jpg 198 39 49 209 0.55147
00008.jpg 208 193 283 236 0.55107
00008.jpg 187 52 64 246 0.54908
00008.jpg 214 194 237 210 0.54788
00008.jpg 240 159 300 255 0.54702
00008.jpg 209 220 250 176 0.54507
00008.jpg 208 44 111 301 0.54458
00008.jpg 210 74 204 308 0.54275
00008.jpg 175 41 77 286 0.54193
00008.jpg 209 213 244 177 0.54049
00008.jpg 236 195 426 268 0.53968
00008.jpg 220 181 375 248 0.53861
00008.jpg 209 189 468 259 0.53794
00008.jpg 191 51 56 258 0.53665
00008.jpg 209 203 282 208 0.53365
00008.jpg 224 52 111 227 0.52828
00008.jpg 223 148 187 268 0.52500
00008.jpg 218 215 243 170 0.52361
00008.jpg 185 31 70 308 0.51461
00008.jpg 186 44 60 251 0.51264
00008.jpg 229 47 105 239 0.50810
00008.jpg 201 35 119 306 0.50722
00008.jpg 238 268 436 169 0.50365
00008.jpg 151 60 51 54 0.50284
