00001.jpg 230 37 107 233 0.98881
00001.jpg 188 44 65 191 0.98628
00001.jpg 228 40 110 230 0.98619
00001.jpg 233 41 105 225 0.98165
00001.jpg 228 38 112 228 0.97952
00001.jpg 188 37 71 204 0.97529
00001.jpg 227 37 113 227 0.97252
00001.jpg 191 46 63 191 0.96767
00001.jpg 186 42 72 191 0.96631
00001.jpg 229 42 113 221 0.96571
00001.jpg 183 41 76 198 0.96448
00001.jpg 235 47 106 222 0.96403
00001.jpg 185 43 64 194 0.96367
00001.jpg 232 32 104 238 0.96289
00001.jpg 189 43 63 192 0.96217
00001.jpg 230 45 110 215 0.96006
00001.jpg 227 44 110 218 0.95888
00001.jpg 191 43 62 189 0.95634
00001.jpg 190 44 60 182 0.95551
00001.jpg 233 45 104 223 0.95425
00001.jpg 185 46 69 191 0.95403
00001.jpg 190 46 70 193 0.95291
00001.jpg 219 43 123 221 0.95287
00001.jpg 194 42 60 185 0.94756
00001.jpg 232 45 109 222 0.94648
00001.jpg 230 44 105 223 0.94407
00001.jpg 228 37 112 234 0.94290
00001.jpg 182 42 78 200 0.94210
00001.jpg 233 39 104 221 0.93715
00001.jpg 192 38 60 203 0.93664
00001.jpg 190 44 66 195 0.93550
00001.jpg 189 43 66 197 0.93099
00001.jpg 225 222 225 181 0.92729
00001.jpg 217 43 117 233 0.92690
00001.jpg 230 49 109 209 0.92687
00001.jpg 184 42 72 202 0.92583
00001.jpg 232 42 107 225 0.92527
00001.jpg 210 182 429 252 0.92498
00001.jpg 233 41 106 228 0.92228
00001.jpg 224 36 118 233 0.92196
00001.jpg 228 44 115 215 0.92185
00001.jpg 223 39 111 227 0.92081
00001.jpg 243 45 95 229 0.92060
00001.jpg 225 42 116 229 0.91936
00001.jpg 229 40 109 235 0.91933
00001.jpg 226 36 112 237 0.91523
00001.jpg 232 41 106 236 0.91508
00001.jpg 228 47 116 220 0.91428
00001.jpg 237 41 102 224 0.91205
00001.jpg 190 44 62 196 0.91189
00001.jpg 218 40 120 233 0.91180
00001.jpg 231 40 108 222 0.90781
00001.jpg 225 32 111 238 0.90359
00001.jpg 234 46 105 227 0.90180
00001.jpg 195 45 57 188 0.90049
00001.jpg 191 44 64 188 0.90000
00001.jpg 189 43 66 195 0.89873
00001.jpg 225 41 116 220 0.89713
00001.jpg 189 41 66 196 0.89625
00001.jpg 187 46 64 192 0.89084
00001.jpg 228 47 117 223 0.88693
00001.jpg 232 41 108 225 0.88637
00001.jpg 214 180 387 263 0.88402
00001.jpg 190 52 63 195 0.88047
00001.jpg 231 39 103 229 0.87861
00001.jpg 237 42 100 228 0.87786
00001.jpg 192 45 56 178 0.87718
00001.jpg 186 46 72 190 0.87642
00001.jpg 187 42 70 199 0.87578
00001.jpg 189 48 61 193 0.87463
00001.jpg 193 36 63 205 0.87323
00001.jpg 187 43 63 193 0.87305
00001.jpg 193 45 59 187 0.86718
00001.jpg 190 40 58 193 0.86705
00001.jpg 195 43 54 183 0.86230
00001.jpg 186 51 62 181 0.86119
00001.jpg 233 49 103 206 0.86084
00001.jpg 217 171 377 254 0.85782
00001.jpg 191 42 64 194 0.85560
00001.jpg 193 43 59 188 0.85440
00001.jpg 197 45 51 183 0.85176
00001.jpg 216 199 287 205 0.85128
00001.jpg 230 42 110 224 0.84873
00001.jpg 197 36 53 194 0.84331
00001.jpg 222 41 125 226 0.84296
00001.jpg 219 36 122 243 0.83695
00001.jpg 194 39 58 197 0.83654
00001.jpg 209 192 456 270 0.83556
00001.jpg 187 42 68 189 0.83411
00001.jpg 228 200 299 211 0.82832
00001.jpg 247 199 419 267 0.82742
00001.jpg 193 37 66 209 0.82514
00001.jpg 187 45 71 193 0.81563
00001.jpg 217 187 354 233 0.80628
00001.jpg 218 219 237 172 0.80551
00001.jpg 228 44 116 227 0.80362
00001.jpg 213 175 365 264 0.80012
00001.jpg 226 35 104 232 0.79978
00001.jpg 220 219 230 177 0.79967
00001.jpg 184 40 74 204 0.79871
00001.jpg 227 36 107 244 0.79716
00001.jpg 226 219 215 177 0.79701
00001.jpg 228 36 109 234 0.79675
00001.jpg 235 218 217 174 0.79452
00001.jpg 225 222 223 185 0.79418
00001.jpg 230 35 107 232 0.79271
00001.jpg 186 39 73 202 0.79219
00001.jpg 207 180 419 275 0.78927
00001.jpg 210 41 127 219 0.78794
00001.jpg 220 209 226 186 0.78757
00001.jpg 222 187 420 269 0.78641
00001.jpg 234 40 98 222 0.78622
00001.jpg 215 177 344 238 0.78585
00001.jpg 222 217 224 185 0.78425
00001.jpg 235 194 340 226 0.77807
00001.jpg 205 164 391 266 0.77508
00001.jpg 230 41 110 229 0.76954
00001.jpg 189 50 72 183 0.76785
00001.jpg 228 199 273 227 0.76208
00001.jpg 222 191 404 253 0.75331
00001.jpg 236 41 103 225 0.75282
00001.jpg 210 195 356 226 0.75245
00001.jpg 226 212 222 185 0.75183
00001.jpg 188 38 70 202 0.74875
00001.jpg 183 165 466 288 0.74325
00001.jpg 182 44 77 196 0.74131
00001.jpg 229 220 221 179 0.73978
00001.jpg 198 160 444 298 0.72861
00001.jpg 220 211 239 188 0.72491
00001.jpg 204 198 391 208 0.71699
00001.jpg 194 49 63 191 0.71548
00001.jpg 213 154 439 304 0.71327
00001.jpg 190 41 59 194 0.70883
00001.jpg 190 40 58 188 0.70851
00001.jpg 194 48 57 178 0.70823
00001.jpg 184 49 76 198 0.70767
00001.jpg 240 40 100 232 0.70666
00001.jpg 187 43 64 190 0.70631
00001.jpg 201 49 51 174 0.70388
00001.jpg 183 42 65 197 0.70041
00001.jpg 231 192 266 218 0.69996
00001.jpg 218 171 336 262 0.69831
00001.jpg 196 35 73 213 0.69742
00001.jpg 181 44 81 187 0.69700
00001.jpg 221 207 235 193 0.69692
00001.jpg 218 217 231 177 0.69036
00001.jpg 187 48 69 185 0.68898
00001.jpg 220 188 284 231 0.68366
00001.jpg 215 206 310 188 0.68345
00001.jpg 215 200 419 254 0.68251
00001.jpg 224 37 111 232 0.67195
00001.jpg 227 36 112 229 0.66760
00001.jpg 196 48 59 172 0.66540
00001.jpg 194 39 54 190 0.66522
00001.jpg 224 229 227 163 0.66336
00001.jpg 237 45 108 217 0.65776
00001.jpg 234 38 126 231 0.64842
00001.jpg 180 171 512 283 0.64655
00001.jpg 222 225 232 162 0.64196
00001.jpg 207 147 397 292 0.63311
00001.jpg 211 207 255 184 0.63248
00001.jpg 235 223 212 188 0.62869
00001.jpg 200 110 454 345 0.62405
00001.jpg 220 185 317 247 0.62392
00001.jpg 227 48 114 213 0.62086
00001.jpg 211 206 255 194 0.61472
00001.jpg 229 44 112 231 0.60946
00001.jpg 228 31 113 235 0.60888
00001.jpg 219 221 229 165 0.60750
00001.jpg 222 226 233 187 0.60626
00001.jpg 247 119 417 342 0.60322
00001.jpg 219 215 234 175 0.60319
00001.jpg 185 46 63 187 0.59376
00001.jpg 187 47 73 193 0.58669
00001.jpg 209 39 139 229 0.58637
00001.jpg 228 42 106 222 0.58359
00001.jpg 223 214 227 189 0.58114
00001.jpg 185 50 71 189 0.57656
00001.jpg 241 25 113 267 0.57240
00001.jpg 206 188 328 223 0.56774
00001.jpg 220 188 289 242 0.56637
00001.jpg 193 180 310 235 0.56220
00001.jpg 230 203 262 190 0.56219
00001.jpg 248 83 376 372 0.55844
00001.jpg 178 46 79 195 0.55660
00001.jpg 186 44 66 191 0.55566
00001.jpg 237 194 386 247 0.55049
00001.jpg 198 50 52 186 0.54740
00001.jpg 188 51 61 170 0.54312
00001.jpg 197 49 59 174 0.54186
00001.jpg 217 186 290 221 0.54134
00001.jpg 212 196 278 214 0.53851
00001.jpg 225 219 220 178 0.53426
00001.jpg 206 169 398 278 0.53383
00001.jpg 211 188 307 232 0.53050
00001.jpg 232 202 215 200 0.52956
00001.jpg 195 40 73 203 0.51958
00001.jpg 197 54 54 171 0.51930
00001.jpg 208 163 368 263 0.51411
00001.jpg 216 47 125 213 0.51201
00001.jpg 189 45 64 155 0.50783
00001.jpg 209 236 421 186 0.50347
00001.jpg 222 195 268 214 0.50145
00001.jpg 214 32 141 240 0.50122
