00021.jpg 226 30 120 211 0.98415
00021.jpg 225 31 119 204 0.97936
00021.jpg 228 24 124 223 0.97841
00021.jpg 221 28 125 196 0.96962
00021.jpg 214 24 131 238 0.96778
00021.jpg 225 24 122 221 0.96372
00021.jpg 223 28 118 212 0.96183
00021.jpg 215 33 130 273 0.95705
00021.jpg 226 26 124 213 0.95542
00021.jpg 225 29 118 200 0.95537
00021.jpg 225 154 450 301 0.95383
00021.jpg 221 28 117 205 0.95238
00021.jpg 226 29 116 206 0.95114
00021.jpg 221 31 127 204 0.94944
00021.jpg 227 23 119 214 0.94849
00021.jpg 223 27 121 210 0.94809
00021.jpg 200 80 114 325 0.94625
00021.jpg 225 29 125 207 0.94534
00021.jpg 225 27 123 216 0.94501
00021.jpg 226 25 118 212 0.94480
00021.jpg 221 25 124 212 0.94122
00021.jpg 206 165 514 286 0.94033
00021.jpg 173 130 493 324 0.94003
00021.jpg 223 31 121 194 0.93911
00021.jpg 226 25 117 211 0.93821
00021.jpg 192 50 147 349 0.93663
00021.jpg 218 30 119 212 0.93558
00021.jpg 221 32 119 196 0.93003
00021.jpg 225 28 117 206 0.92510
00021.jpg 204 80 110 308 0.91622
00021.jpg 216 32 125 243 0.91616
00021.jpg 225 30 121 200 0.91551
00021.jpg 193 27 158 283 0.91270
00021.jpg 223 27 123 211 0.91173
00021.jpg 202 155 513 285 0.91003
00021.jpg 195 84 118 312 0.90978
00021.jpg 225 32 118 203 0.90723
00021.jpg 228 27 118 210 0.90601
00021.jpg 198 93 109 297 0.90409
00021.jpg 190 43 162 340 0.89954
00021.jpg 198 75 122 307 0.89938
00021.jpg 202 47 129 359 0.89841
00021.jpg 227 24 118 212 0.89755
00021.jpg 205 92 98 312 0.89640
00021.jpg 221 148 464 309 0.89458
00021.jpg 182 79 141 303 0.89414
00021.jpg 227 22 114 218 0.89124
00021.jpg 226 18 120 224 0.89043
00021.jpg 228 28 121 211 0.88986
00021.jpg 193 97 116 290 0.88982
00021.jpg 201 98 108 283 0.88354
00021.jpg 194 65 126 345 0.88317
00021.jpg 226 162 440 283 0.88255
00021.jpg 225 36 120 194 0.87977
00021.jpg 174 92 521 359 0.87802
00021.jpg 218 24 126 226 0.87721
00021.jpg 242 152 435 297 0.87644
00021.jpg 196 60 141 345 0.87614
00021.jpg 224 28 115 210 0.87496
00021.jpg 217 44 119 265 0.87457
00021.jpg 225 38 109 207 0.87438
00021.jpg 219 23 129 214 0.86454
00021.jpg 229 20 116 230 0.86304
00021.jpg 194 76 122 322 0.86174
00021.jpg 204 160 516 288 0.85963
00021.jpg 228 32 117 199 0.85918
00021.jpg 218 124 447 312 0.85294
00021.jpg 199 93 109 308 0.85214
00021.jpg 207 153 482 304 0.85080
00021.jpg 222 27 125 208 0.84589
00021.jpg 226 18 123 240 0.83759
00021.jpg 200 53 121 364 0.83694
00021.jpg 196 99 450 356 0.83656
00021.jpg 220 27 124 202 0.83564
00021.jpg 202 90 109 293 0.83382
00021.jpg 176 115 503 346 0.83117
00021.jpg 197 88 107 310 0.82924
00021.jpg 199 76 101 327 0.82555
00021.jpg 193 102 111 281 0.82497
00021.jpg 187 56 151 369 0.82474
00021.jpg 184 143 506 320 0.82292
00021.jpg 226 26 122 218 0.82282
00021.jpg 225 30 121 203 0.82147
00021.jpg 193 86 123 321 0.82082
00021.jpg 223 27 118 207 0.81703
00021.jpg 227 32 111 195 0.80879
00021.jpg 212 143 474 294 0.80717
00021.jpg 192 42 137 386 0.79733
00021.jpg 208 144 480 302 0.79669
00021.jpg 185 45 144 379 0.79630
00021.jpg 223 154 465 296 0.79457
00021.jpg 201 61 127 338 0.79439
00021.jpg 183 96 520 337 0.78945
00021.jpg 211 176 464 284 0.78397
00021.jpg 227 37 117 190 0.78385
00021.jpg 209 171 506 273 0.78309
00021.jpg 195 117 499 338 0.78228
00021.jpg 225 29 118 203 0.78008
00021.jpg 204 37 139 391 0.77370
00021.jpg 196 37 143 360 0.77354
00021.jpg 200 86 105 291 0.77208
00021.jpg 229 171 433 272 0.76946
00021.jpg 233 23 114 206 0.76911
00021.jpg 192 98 115 303 0.76628
00021.jpg 200 95 94 291 0.75214
00021.jpg 241 132 430 330 0.75213
00021.jpg 223 29 121 207 0.74692
00021.jpg 202 89 129 330 0.74403
00021.jpg 213 33 116 244 0.74392
00021.jpg 223 131 438 310 0.74187
00021.jpg 227 66 434 364 0.73885
00021.jpg 192 90 130 329 0.73425
00021.jpg 203 84 122 333 0.73341
00021.jpg 180 87 144 323 0.72868
00021.jpg 224 30 116 200 0.72452
00021.jpg 201 103 123 300 0.72045
00021.jpg 201 63 136 360 0.71951
00021.jpg 187 72 129 330 0.71817
00021.jpg 221 29 119 200 0.71485
00021.jpg 205 53 120 309 0.71371
00021.jpg 200 98 116 298 0.70738
00021.jpg 197 83 119 330 0.70005
00021.jpg 200 94 111 290 0.69983
00021.jpg 228 28 117 207 0.69609
00021.jpg 228 24 124 209 0.69454
00021.jpg 221 24 125 199 0.69248
00021.jpg 206 58 121 287 0.69199
00021.jpg 216 39 133 279 0.68989
00021.jpg 220 28 122 201 0.68297
00021.jpg 194 27 142 370 0.67994
00021.jpg 229 140 419 301 0.67893
00021.jpg 164 88 546 367 0.67649
00021.jpg 217 150 471 305 0.67549
00021.jpg 195 73 129 338 0.67055
00021.jpg 203 90 93 299 0.66651
00021.jpg 217 23 139 210 0.64734
00021.jpg 208 94 489 351 0.64653
00021.jpg 191 70 113 345 0.64292
00021.jpg 227 37 110 207 0.63957
00021.jpg 190 16 161 382 0.63837
00021.jpg 193 29 140 341 0.63035
00021.jpg 203 74 114 342 0.62762
00021.jpg 223 28 114 206 0.62761
00021.jpg 220 28 119 196 0.62725
00021.jpg 218 53 430 391 0.62438
00021.jpg 210 91 87 310 0.61744
00021.jpg 211 83 103 287 0.61666
00021.jpg 228 27 107 200 0.61235
00021.jpg 200 106 109 293 0.61093
00021.jpg 209 106 470 346 0.60682
00021.jpg 234 128 474 336 0.60306
00021.jpg 211 145 443 289 0.59875
00021.jpg 197 14 149 362 0.59541
00021.jpg 191 111 123 276 0.59338
00021.jpg 229 178 428 261 0.58382
00021.jpg 224 34 119 215 0.57899
00021.jpg 221 103 396 337 0.57758
00021.jpg 200 113 108 274 0.57758
00021.jpg 203 139 433 288 0.57018
00021.jpg 226 151 377 296 0.55009
00021.jpg 220 45 111 184 0.54657
00021.jpg 193 99 130 281 0.54242
00021.jpg 201 89 97 325 0.53996
00021.jpg 185 89 148 310 0.53754
00021.jpg 189 100 120 288 0.52611
00021.jpg 220 37 136 182 0.51927
00021.jpg 214 36 143 196 0.51506
00021.jpg 193 112 128 284 0.51194
00021.jpg 205 127 458 332 0.50895
00021.jpg 210 42 139 199 0.50123
