00025.jpg 218 23 126 203 0.99382
00025.jpg 221 25 126 199 0.98079
00025.jpg 221 26 130 195 0.98022
00025.jpg 226 34 120 183 0.97999
00025.jpg 224 27 117 196 0.97937
00025.jpg 222 29 131 188 0.97914
00025.jpg 220 28 122 197 0.97886
00025.jpg 224 24 118 200 0.97853
00025.jpg 221 27 124 193 0.97788
00025.jpg 219 30 132 191 0.97777
00025.jpg 222 22 119 207 0.97510
00025.jpg 219 23 129 198 0.97334
00025.jpg 222 26 127 190 0.97107
00025.jpg 225 23 122 195 0.97099
00025.jpg 218 23 129 198 0.96728
00025.jpg 224 22 124 206 0.95957
00025.jpg 227 24 119 197 0.95665
00025.jpg 220 31 129 183 0.95353
00025.jpg 217 23 134 207 0.95153
00025.jpg 224 32 121 196 0.95144
00025.jpg 222 25 122 187 0.94969
00025.jpg 223 28 122 189 0.94704
00025.jpg 218 32 136 186 0.94622
00025.jpg 223 23 126 204 0.94573
00025.jpg 194 119 138 302 0.94429
00025.jpg 226 28 118 195 0.94369
00025.jpg 221 32 126 188 0.93700
00025.jpg 223 32 128 188 0.93671
00025.jpg 192 120 135 295 0.93416
00025.jpg 195 100 139 335 0.93415
00025.jpg 220 33 123 190 0.92901
00025.jpg 225 18 120 206 0.92570
00025.jpg 222 29 123 197 0.92449
00025.jpg 225 31 119 192 0.92418
00025.jpg 224 28 120 201 0.92331
00025.jpg 193 113 116 308 0.92254
00025.jpg 224 25 118 193 0.92055
00025.jpg 205 118 123 309 0.92019
00025.jpg 216 28 131 194 0.91999
00025.jpg 220 28 125 183 0.91915
00025.jpg 188 164 536 265 0.91798
00025.jpg 200 79 133 330 0.91775
00025.jpg 215 30 129 193 0.91758
00025.jpg 224 20 123 203 0.90915
00025.jpg 224 25 122 205 0.90790
00025.jpg 192 89 158 349 0.90487
00025.jpg 192 107 127 317 0.90371
00025.jpg 225 25 116 190 0.89790
00025.jpg 223 21 119 214 0.89452
00025.jpg 203 101 126 327 0.88944
00025.jpg 195 118 145 312 0.88689
00025.jpg 184 73 155 366 0.88650
00025.jpg 198 110 122 323 0.88560
00025.jpg 198 113 127 306 0.88336
00025.jpg 212 58 130 368 0.88012
00025.jpg 221 21 126 189 0.87926
00025.jpg 188 115 125 303 0.87719
00025.jpg 191 119 143 305 0.86696
00025.jpg 228 117 454 350 0.86596
00025.jpg 208 131 504 321 0.86591
00025.jpg 193 118 125 302 0.86436
00025.jpg 195 111 134 302 0.86190
00025.jpg 189 109 150 308 0.86190
00025.jpg 201 102 136 332 0.86171
00025.jpg 218 26 134 194 0.86029
00025.jpg 208 73 136 351 0.85760
00025.jpg 186 116 144 308 0.85730
00025.jpg 219 119 485 340 0.85425
00025.jpg 194 113 133 317 0.85387
00025.jpg 195 111 141 304 0.85003
00025.jpg 187 112 131 312 0.84925
00025.jpg 189 115 144 310 0.84895
00025.jpg 192 113 143 314 0.84839
00025.jpg 222 24 123 204 0.84820
00025.jpg 211 20 138 253 0.84649
00025.jpg 223 24 126 204 0.84226
00025.jpg 194 111 138 307 0.83849
00025.jpg 200 120 481 340 0.83842
00025.jpg 199 100 123 327 0.83718
00025.jpg 187 107 131 318 0.83591
00025.jpg 198 123 529 319 0.83319
00025.jpg 196 99 116 325 0.83132
00025.jpg 216 29 132 191 0.81956
00025.jpg 222 20 125 208 0.81804
00025.jpg 199 113 119 301 0.81410
00025.jpg 224 178 454 263 0.81086
00025.jpg 188 103 133 313 0.80739
00025.jpg 203 99 107 314 0.80452
00025.jpg 194 83 141 346 0.80448
00025.jpg 190 102 122 320 0.79362
00025.jpg 223 22 127 199 0.79034
00025.jpg 186 131 125 277 0.78986
00025.jpg 204 63 152 374 0.78871
00025.jpg 209 180 481 281 0.78032
00025.jpg 191 98 126 320 0.77895
00025.jpg 232 134 440 315 0.77705
00025.jpg 188 99 123 325 0.77197
00025.jpg 216 30 129 170 0.76661
00025.jpg 196 109 129 324 0.76424
00025.jpg 220 24 134 218 0.76330
00025.jpg 198 119 125 299 0.76209
00025.jpg 213 28 132 189 0.76163
00025.jpg 193 104 125 309 0.75954
00025.jpg 153 79 530 386 0.75895
00025.jpg 223 26 125 184 0.75451
00025.jpg 191 116 121 300 0.75208
00025.jpg 219 127 463 302 0.73925
00025.jpg 257 170 415 270 0.73828
00025.jpg 182 113 153 315 0.73669
00025.jpg 190 106 155 312 0.73547
00025.jpg 202 85 465 337 0.73286
00025.jpg 226 16 118 247 0.73247
00025.jpg 204 128 138 275 0.73105
00025.jpg 193 100 222 345 0.72907
00025.jpg 204 71 527 386 0.72763
00025.jpg 215 28 129 284 0.71708
00025.jpg 198 115 477 326 0.70948
00025.jpg 223 28 125 203 0.70811
00025.jpg 216 42 127 296 0.69423
00025.jpg 202 103 454 320 0.69321
00025.jpg 192 79 133 356 0.67765
00025.jpg 186 111 135 326 0.67456
00025.jpg 217 33 129 177 0.66347
00025.jpg 224 27 128 195 0.65782
00025.jpg 221 141 442 282 0.65244
00025.jpg 216 30 130 177 0.65193
00025.jpg 214 134 457 299 0.65029
00025.jpg 196 100 108 336 0.64950
00025.jpg 189 157 507 300 0.64753
00025.jpg 212 153 431 288 0.64685
00025.jpg 218 29 138 176 0.64636
00025.jpg 217 31 131 187 0.64570
00025.jpg 189 115 125 303 0.64120
00025.jpg 160 102 508 348 0.63197
00025.jpg 188 141 496 291 0.61728
00025.jpg 219 32 123 205 0.61587
00025.jpg 222 184 479 278 0.61251
00025.jpg 198 94 111 329 0.61221
00025.jpg 213 67 122 288 0.61157
00025.jpg 184 105 132 320 0.60684
00025.jpg 214 34 132 185 0.60480
00025.jpg 210 104 163 333 0.59111
00025.jpg 222 26 121 204 0.59052
00025.jpg 195 115 137 299 0.58774
00025.jpg 189 128 122 296 0.58437
00025.jpg 187 82 151 337 0.58180
00025.jpg 256 184 449 268 0.58090
00025.jpg 217 36 124 183 0.57832
00025.jpg 189 114 160 320 0.57210
00025.jpg 179 132 568 315 0.56419
00025.jpg 199 95 500 348 0.56216
00025.jpg 186 109 152 316 0.56123
00025.jpg 255 88 419 369 0.56123
00025.jpg 202 117 177 304 0.55903
00025.jpg 210 152 401 283 0.55782
00025.jpg 221 27 130 196 0.55666
00025.jpg 198 141 377 306 0.55476
00025.jpg 190 126 112 276 0.54724
00025.jpg 191 143 261 293 0.54719
00025.jpg 212 30 185 395 0.54456
00025.jpg 187 105 144 309 0.54295
00025.jpg 195 122 108 289 0.54059
00025.jpg 197 129 133 296 0.54038
00025.jpg 200 50 452 401 0.53883
00025.jpg 203 143 450 319 0.53117
00025.jpg 205 112 171 329 0.52999
00025.jpg 234 138 351 294 0.52100
00025.jpg 191 52 184 396 0.51614
00025.jpg 230 155 464 306 0.51613
00025.jpg 187 116 129 296 0.51381
00025.jpg 209 31 156 294 0.51257
00025.jpg 195 141 119 275 0.50954
