00038.jpg 125 45 160 363 0.99815
00038.jpg 116 48 170 366 0.99789
00038.jpg 128 32 150 374 0.99760
00038.jpg 110 52 197 360 0.99520
00038.jpg 114 54 173 353 0.99397
00038.jpg 114 37 155 377 0.99101
00038.jpg 120 53 163 371 0.99064
00038.jpg 104 45 197 362 0.99057
00038.jpg 124 41 163 378 0.99033
00038.jpg 215 167 475 285 0.99020
00038.jpg 223 174 472 276 0.98993
00038.jpg 113 46 172 378 0.98963
00038.jpg 230 186 437 258 0.98902
00038.jpg 113 37 173 387 0.98891
00038.jpg 207 173 507 274 0.98858
00038.jpg 111 41 187 375 0.98810
00038.jpg 117 49 167 384 0.98602
00038.jpg 117 41 157 374 0.98572
00038.jpg 121 45 175 375 0.98487
00038.jpg 227 169 465 276 0.98281
00038.jpg 127 43 150 381 0.98232
00038.jpg 120 39 180 377 0.98214
00038.jpg 124 43 151 364 0.98147
00038.jpg 110 36 193 372 0.97977
00038.jpg 114 47 175 378 0.97976
00038.jpg 126 39 160 376 0.97814
00038.jpg 112 55 175 351 0.97708
00038.jpg 115 50 172 376 0.97281
00038.jpg 118 44 170 373 0.97224
00038.jpg 116 49 163 356 0.97094
00038.jpg 121 58 150 368 0.97084
00038.jpg 201 185 476 257 0.97058
00038.jpg 121 38 159 387 0.96938
00038.jpg 224 182 468 264 0.96904
00038.jpg 120 39 165 380 0.96769
00038.jpg 113 42 181 372 0.96626
00038.jpg 120 48 183 386 0.96421
00038.jpg 117 43 167 382 0.96079
00038.jpg 229 164 432 279 0.95528
00038.jpg 115 40 156 383 0.95328
00038.jpg 126 36 152 387 0.95065
00038.jpg 121 49 144 366 0.94983
00038.jpg 118 38 183 401 0.94852
00038.jpg 112 44 170 370 0.94571
00038.jpg 211 193 517 246 0.94322
00038.jpg 126 36 159 375 0.94219
00038.jpg 221 188 445 261 0.93854
00038.jpg 122 51 148 373 0.93823
00038.jpg 226 191 454 272 0.93265
00038.jpg 117 36 181 387 0.92287
00038.jpg 227 188 458 244 0.91196
00038.jpg 117 46 168 368 0.91100
00038.jpg 117 47 154 373 0.90060
00038.jpg 189 180 485 278 0.90036
00038.jpg 226 167 463 284 0.89726
00038.jpg 185 183 505 280 0.88073
00038.jpg 122 48 165 360 0.88004
00038.jpg 224 162 466 280 0.87957
00038.jpg 110 48 184 364 0.87848
00038.jpg 119 55 136 352 0.87563
00038.jpg 219 198 473 259 0.87519
00038.jpg 125 51 144 369 0.87430
00038.jpg 119 48 140 367 0.86305
00038.jpg 128 43 159 375 0.85520
00038.jpg 108 49 158 332 0.85435
00038.jpg 223 159 474 305 0.85422
00038.jpg 118 48 152 363 0.85197
00038.jpg 117 55 138 337 0.84908
00038.jpg 220 188 462 261 0.84363
00038.jpg 131 50 124 363 0.83350
00038.jpg 109 50 156 324 0.83107
00038.jpg 125 48 178 362 0.81791
00038.jpg 117 54 146 369 0.80965
00038.jpg 122 49 141 372 0.80879
00038.jpg 209 176 490 279 0.80869
00038.jpg 114 50 185 355 0.80582
00038.jpg 224 162 416 294 0.79401
00038.jpg 229 187 465 256 0.79348
00038.jpg 123 58 141 333 0.79261
00038.jpg 120 40 139 372 0.79015
00038.jpg 164 135 530 334 0.78815
00038.jpg 113 41 151 385 0.78751
00038.jpg 118 51 182 353 0.77883
00038.jpg 124 53 140 356 0.77853
00038.jpg 219 185 482 275 0.77513
00038.jpg 155 135 527 307 0.76472
00038.jpg 118 82 154 318 0.71812
00038.jpg 110 95 631 347 0.70459
00038.jpg 215 182 475 259 0.66090
00038.jpg 218 164 471 297 0.65612
00038.jpg 226 150 460 300 0.64771
00038.jpg 184 183 493 268 0.64764
00038.jpg 124 65 135 333 0.64694
00038.jpg 122 35 184 386 0.63330
00038.jpg 123 58 148 340 0.62920
00038.jpg 217 179 497 262 0.60614
00038.jpg 119 49 146 364 0.59341
00038.jpg 196 152 468 295 0.59258
00038.jpg 124 47 141 362 0.58254
00038.jpg 210 199 499 246 0.57724
00038.jpg 220 168 442 278 0.55949
00038.jpg 104 44 194 370 0.54973
00038.jpg 120 41 205 371 0.54791
00038.jpg 249 194 227 228 0.54246
00038.jpg 140 88 145 321 0.53846
00038.jpg 128 52 147 351 0.53211
00038.jpg 236 198 429 260 0.53207
00038.jpg 206 90 465 362 0.53005
00038.jpg 125 44 192 386 0.50681
00038.jpg 215 127 483 325 0.50329
