00034.jpg 131 42 155 381 0.99893
00034.jpg 121 45 165 384 0.99748
00034.jpg 130 34 159 380 0.99695
00034.jpg 135 19 164 398 0.99358
00034.jpg 130 35 174 389 0.99352
00034.jpg 142 46 149 366 0.99098
00034.jpg 133 41 163 378 0.98972
00034.jpg 132 28 155 386 0.98892
00034.jpg 138 34 142 387 0.98735
00034.jpg 131 30 157 395 0.98734
00034.jpg 132 37 157 379 0.98383
00034.jpg 137 48 150 357 0.98292
00034.jpg 127 30 170 383 0.98264
00034.jpg 137 36 161 374 0.98246
00034.jpg 122 40 172 386 0.98000
00034.jpg 130 29 150 392 0.97944
00034.jpg 130 32 161 387 0.97885
00034.jpg 128 40 156 378 0.97877
00034.jpg 179 180 507 264 0.97776
00034.jpg 131 29 166 395 0.97656
00034.jpg 203 165 492 286 0.97408
00034.jpg 127 32 152 389 0.97387
00034.jpg 123 33 166 389 0.97124
00034.jpg 124 30 171 386 0.96957
00034.jpg 132 49 160 363 0.96764
00034.jpg 134 38 164 372 0.96525
00034.jpg 140 42 138 372 0.96410
00034.jpg 133 51 153 360 0.96408
00034.jpg 191 167 558 274 0.95755
00034.jpg 205 198 464 259 0.95618
00034.jpg 131 31 165 385 0.95465
00034.jpg 220 169 469 284 0.95453
00034.jpg 127 33 166 374 0.95303
00034.jpg 133 25 152 391 0.94423
00034.jpg 132 40 160 370 0.94114
00034.jpg 129 30 157 383 0.94068
00034.jpg 117 29 189 393 0.93810
00034.jpg 137 40 161 380 0.93689
00034.jpg 208 177 459 273 0.93576
00034.jpg 127 25 164 395 0.93573
00034.jpg 133 36 159 382 0.93392
00034.jpg 126 36 177 384 0.93338
00034.jpg 126 26 172 385 0.93266
00034.jpg 136 41 149 371 0.92772
00034.jpg 131 46 149 357 0.92598
00034.jpg 213 181 445 269 0.92186
00034.jpg 162 188 524 264 0.91909
00034.jpg 187 173 544 269 0.91682
00034.jpg 224 174 443 278 0.91451
00034.jpg 131 33 164 381 0.91130
00034.jpg 172 174 517 288 0.90855
00034.jpg 206 178 461 264 0.90367
00034.jpg 127 35 162 359 0.89723
00034.jpg 144 43 148 301 0.88626
00034.jpg 158 91 518 330 0.88238
00034.jpg 129 35 172 381 0.87136
00034.jpg 136 40 150 352 0.87117
00034.jpg 136 42 147 375 0.86971
00034.jpg 137 35 162 386 0.86154
00034.jpg 128 28 167 386 0.84655
00034.jpg 206 182 500 253 0.82973
00034.jpg 135 40 166 373 0.82563
00034.jpg 119 41 184 379 0.82312
00034.jpg 144 41 141 360 0.82296
00034.jpg 206 178 469 275 0.81955
00034.jpg 175 82 494 375 0.80892
00034.jpg 139 34 144 380 0.80868
00034.jpg 136 35 155 382 0.80692
00034.jpg 133 46 162 331 0.80546
00034.jpg 138 122 505 331 0.79867
00034.jpg 140 49 149 337 0.79599
00034.jpg 205 191 506 252 0.79384
00034.jpg 159 98 526 350 0.78123
00034.jpg 121 29 163 387 0.77885
00034.jpg 189 170 507 282 0.77519
00034.jpg 145 0 141 419 0.74010
00034.jpg 130 130 551 332 0.73372
00034.jpg 134 54 149 322 0.72601
00034.jpg 226 185 440 260 0.72245
00034.jpg 234 190 419 257 0.72041
00034.jpg 200 104 459 345 0.70645
00034.jpg 144 51 147 207 0.70447
00034.jpg 172 127 559 308 0.70349
00034.jpg 142 50 142 344 0.70277
00034.jpg 195 169 474 281 0.70206
00034.jpg 126 36 182 375 0.68530
00034.jpg 142 45 130 364 0.67969
00034.jpg 230 179 435 282 0.67798
00034.jpg 165 189 531 255 0.67344
00034.jpg 128 33 168 400 0.66651
00034.jpg 212 150 476 315 0.66187
00034.jpg 129 41 174 379 0.65971
00034.jpg 142 42 154 329 0.64826
00034.jpg 219 143 423 298 0.64636
00034.jpg 135 49 142 353 0.64567
00034.jpg 136 52 162 347 0.64340
00034.jpg 136 39 132 371 0.64267
00034.jpg 129 96 140 325 0.63829
00034.jpg 201 127 478 342 0.63709
00034.jpg 128 41 169 359 0.63608
00034.jpg 137 31 159 389 0.62726
00034.jpg 125 64 171 336 0.62495
00034.jpg 146 49 142 210 0.62241
00034.jpg 137 57 137 349 0.61346
00034.jpg 126 41 161 386 0.60865
00034.jpg 215 186 429 252 0.60128
00034.jpg 212 126 469 336 0.59591
00034.jpg 205 153 483 299 0.59094
00034.jpg 138 48 154 275 0.58755
00034.jpg 199 185 498 262 0.57981
00034.jpg 187 183 473 268 0.56569
00034.jpg 195 182 460 277 0.55324
00034.jpg 127 39 151 367 0.55308
00034.jpg 212 225 476 225 0.52824
00034.jpg 155 64 480 384 0.52310
00034.jpg 149 53 132 253 0.52210
00034.jpg 211 98 474 356 0.51072
00034.jpg 152 51 137 137 0.50514
00034.jpg 145 33 155 387 0.50384
00034.jpg 221 185 416 247 0.50311
00034.jpg 149 44 138 274 0.49993
00034.jpg 147 40 114 367 0.49941
