00041.jpg 110 49 134 370 0.99809
00041.jpg 117 49 144 370 0.99799
00041.jpg 121 48 132 365 0.99714
00041.jpg 113 55 138 350 0.99705
00041.jpg 108 62 153 343 0.99679
00041.jpg 107 55 154 356 0.99614
00041.jpg 102 57 160 353 0.99492
00041.jpg 104 45 146 373 0.99489
00041.jpg 99 60 152 356 0.99433
00041.jpg 105 49 159 373 0.99389
00041.jpg 103 49 161 368 0.99280
00041.jpg 108 55 149 363 0.99195
00041.jpg 110 45 148 364 0.99122
00041.jpg 105 57 156 358 0.99031
00041.jpg 104 66 152 340 0.99030
00041.jpg 208 170 495 275 0.99019
00041.jpg 114 63 140 351 0.99017
00041.jpg 110 45 148 378 0.98953
00041.jpg 108 63 148 338 0.98917
00041.jpg 110 56 155 358 0.98910
00041.jpg 106 57 146 364 0.98887
00041.jpg 105 52 153 365 0.98792
00041.jpg 113 54 145 373 0.98764
00041.jpg 113 45 152 376 0.98572
00041.jpg 182 182 514 259 0.98216
00041.jpg 105 56 154 362 0.98101
00041.jpg 112 54 142 366 0.97310
00041.jpg 108 52 147 361 0.97122
00041.jpg 114 50 144 373 0.96998
00041.jpg 209 192 474 250 0.96918
00041.jpg 105 51 148 369 0.96816
00041.jpg 224 185 486 264 0.96380
00041.jpg 102 51 153 363 0.96371
00041.jpg 108 46 150 375 0.96252
00041.jpg 105 54 144 366 0.96194
00041.jpg 217 168 482 276 0.95873
00041.jpg 108 54 137 359 0.95721
00041.jpg 112 51 134 373 0.95691
00041.jpg 110 57 143 363 0.95481
00041.jpg 107 57 139 340 0.94417
00041.jpg 99 54 176 361 0.93793
00041.jpg 239 188 451 265 0.93548
00041.jpg 219 194 456 266 0.93362
00041.jpg 112 55 146 373 0.92826
00041.jpg 111 66 140 354 0.92051
00041.jpg 103 54 142 370 0.91618
00041.jpg 111 51 133 359 0.91164
00041.jpg 113 57 126 351 0.90742
00041.jpg 109 48 156 373 0.90353
00041.jpg 106 43 170 367 0.90145
00041.jpg 204 152 522 296 0.89338
00041.jpg 107 41 152 381 0.89303
00041.jpg 206 149 520 306 0.88595
00041.jpg 117 65 143 336 0.88141
00041.jpg 189 189 500 267 0.87054
00041.jpg 187 177 549 272 0.86852
00041.jpg 156 196 585 257 0.85975
00041.jpg 219 161 478 291 0.85405
00041.jpg 110 64 136 346 0.85298
00041.jpg 110 59 128 352 0.85036
00041.jpg 201 176 518 272 0.84693
00041.jpg 210 183 486 266 0.83880
00041.jpg 205 163 473 274 0.82911
00041.jpg 209 161 436 288 0.82408
00041.jpg 108 54 139 350 0.82109
00041.jpg 194 203 487 240 0.81318
00041.jpg 106 67 149 345 0.80726
00041.jpg 109 38 168 384 0.80663
00041.jpg 106 49 182 370 0.79923
00041.jpg 201 181 536 272 0.79872
00041.jpg 112 55 147 358 0.79670
00041.jpg 98 56 154 342 0.78212
00041.jpg 153 140 539 276 0.76385
00041.jpg 153 129 550 339 0.76238
00041.jpg 102 63 143 342 0.75442
00041.jpg 105 59 154 350 0.75368
00041.jpg 198 126 489 322 0.75233
00041.jpg 187 123 517 304 0.73630
00041.jpg 236 182 446 267 0.71916
00041.jpg 165 138 501 312 0.71699
00041.jpg 239 133 461 318 0.70150
00041.jpg 209 155 476 296 0.69172
00041.jpg 109 60 136 357 0.68242
00041.jpg 204 186 527 257 0.68022
00041.jpg 109 54 144 358 0.67994
00041.jpg 208 169 481 282 0.67571
00041.jpg 188 110 508 340 0.66883
00041.jpg 106 53 132 345 0.66807
00041.jpg 106 49 176 370 0.65152
00041.jpg 97 46 180 382 0.65003
00041.jpg 114 57 185 373 0.64009
00041.jpg 103 54 147 351 0.63518
00041.jpg 182 152 481 296 0.63447
00041.jpg 104 48 179 386 0.62656
00041.jpg 110 64 132 325 0.61721
00041.jpg 196 182 567 267 0.61628
00041.jpg 117 56 174 360 0.61406
00041.jpg 100 53 175 371 0.61191
00041.jpg 244 202 450 254 0.60302
00041.jpg 193 176 492 276 0.60042
00041.jpg 144 106 595 349 0.59201
00041.jpg 127 168 562 288 0.56365
00041.jpg 189 214 504 240 0.56182
00041.jpg 218 177 466 282 0.55307
00041.jpg 202 80 431 368 0.54956
00041.jpg 93 50 185 370 0.51460
00041.jpg 246 180 425 261 0.50178
