00007.jpg 142 265 243 218 0.99937
00007.jpg 170 267 229 229 0.99934
00007.jpg 159 267 245 224 0.99928
00007.jpg 173 274 232 217 0.99908
00007.jpg 546 49 57 151 0.99861
00007.jpg 548 52 58 145 0.99833
00007.jpg 203 68 67 91 0.99746
00007.jpg 204 69 66 92 0.99732
00007.jpg 548 53 58 141 0.99706
00007.jpg 686 62 87 176 0.99704
00007.jpg 546 48 61 150 0.99621
00007.jpg 162 266 241 230 0.99584
00007.jpg 688 61 91 174 0.99563
00007.jpg 176 276 216 207 0.99516
00007.jpg 158 279 243 203 0.99508
00007.jpg 170 278 239 223 0.99471
00007.jpg 688 67 90 171 0.99457
00007.jpg 541 45 63 154 0.99444
00007.jpg 136 271 269 216 0.99444
00007.jpg 154 276 253 213 0.99389
00007.jpg 689 67 88 174 0.99355
00007.jpg 206 73 68 89 0.99344
00007.jpg 689 66 90 172 0.99315
00007.jpg 207 73 67 83 0.99314
00007.jpg 160 274 239 219 0.99312
00007.jpg 155 273 257 217 0.99304
00007.jpg 361 74 115 221 0.99299
00007.jpg 202 70 70 88 0.99286
00007.jpg 544 54 62 139 0.99270
00007.jpg 688 70 92 163 0.99245
00007.jpg 167 280 228 213 0.99221
00007.jpg 167 279 240 212 0.99218
00007.jpg 689 68 92 166 0.99197
00007.jpg 542 51 63 142 0.99193
00007.jpg 180 270 219 210 0.99186
00007.jpg 355 90 119 211 0.99161
00007.jpg 163 276 245 216 0.99160
00007.jpg 545 50 58 148 0.99156
00007.jpg 165 280 229 211 0.99146
00007.jpg 355 79 117 222 0.99106
00007.jpg 166 274 231 218 0.99090
00007.jpg 163 285 232 207 0.99078
00007.jpg 364 74 108 223 0.99061
00007.jpg 692 64 84 175 0.98990
00007.jpg 205 74 69 89 0.98985
00007.jpg 541 51 64 145 0.98979
00007.jpg 684 63 92 174 0.98969
00007.jpg 355 79 115 215 0.98946
00007.jpg 689 71 94 168 0.98941
00007.jpg 357 76 117 222 0.98936
00007.jpg 357 86 118 214 0.98924
00007.jpg 161 273 246 220 0.98920
00007.jpg 360 71 113 226 0.98905
00007.jpg 692 69 85 164 0.98902
00007.jpg 690 72 93 161 0.98875
00007.jpg 205 72 69 85 0.98865
00007.jpg 548 51 55 149 0.98853
00007.jpg 548 51 55 145 0.98795
00007.jpg 158 273 243 215 0.98795
00007.jpg 165 276 234 222 0.98758
00007.jpg 546 52 58 145 0.98757
00007.jpg 548 51 55 147 0.98753
00007.jpg 150 269 242 218 0.98747
00007.jpg 692 68 82 175 0.98721
00007.jpg 144 281 264 186 0.98655
00007.jpg 544 52 63 140 0.98648
00007.jpg 167 279 233 220 0.98604
00007.jpg 358 82 116 210 0.98558
00007.jpg 546 54 56 140 0.98547
00007.jpg 690 69 87 163 0.98504
00007.jpg 548 49 57 150 0.98486
00007.jpg 545 52 59 145 0.98473
00007.jpg 547 53 61 146 0.98463
00007.jpg 203 73 69 84 0.98462
00007.jpg 687 69 90 168 0.98455
00007.jpg 683 71 102 171 0.98404
00007.jpg 360 84 120 203 0.98387
00007.jpg 548 50 58 149 0.98368
00007.jpg 143 277 261 217 0.98305
00007.jpg 165 269 235 228 0.98304
00007.jpg 362 82 111 218 0.98284
00007.jpg 364 87 113 205 0.98145
00007.jpg 547 51 56 143 0.98136
00007.jpg 162 283 237 217 0.98130
00007.jpg 546 49 61 147 0.98130
00007.jpg 546 53 58 141 0.98103
00007.jpg 545 50 61 155 0.98083
00007.jpg 165 271 228 233 0.97944
00007.jpg 692 65 83 168 0.97917
00007.jpg 689 63 92 175 0.97915
00007.jpg 165 275 225 213 0.97908
00007.jpg 544 51 59 146 0.97890
00007.jpg 545 52 59 144 0.97885
00007.jpg 164 267 250 224 0.97884
00007.jpg 162 281 237 225 0.97880
00007.jpg 355 84 124 208 0.97808
00007.jpg 205 67 68 91 0.97786
00007.jpg 167 272 233 231 0.97777
00007.jpg 162 276 238 225 0.97740
00007.jpg 687 68 95 167 0.97701
00007.jpg 208 71 64 91 0.97685
00007.jpg 168 272 215 207 0.97565
00007.jpg 160 265 244 220 0.97556
00007.jpg 163 260 243 231 0.97552
00007.jpg 357 82 117 213 0.97542
00007.jpg 164 282 243 210 0.97507
00007.jpg 152 265 248 221 0.97499
00007.jpg 547 53 59 138 0.97464
00007.jpg 686 70 93 166 0.97415
00007.jpg 173 275 219 222 0.97415
00007.jpg 688 68 91 169 0.97287
00007.jpg 361 80 119 217 0.97283
00007.jpg 177 276 231 208 0.97239
00007.jpg 360 82 119 206 0.97238
00007.jpg 685 67 98 167 0.97193
00007.jpg 691 71 82 163 0.97147
00007.jpg 168 277 229 221 0.97087
00007.jpg 546 48 60 147 0.97037
00007.jpg 146 266 245 231 0.96993
00007.jpg 689 66 92 172 0.96950
00007.jpg 360 85 117 209 0.96943
00007.jpg 689 67 90 167 0.96851
00007.jpg 356 86 118 215 0.96846
00007.jpg 359 80 119 211 0.96811
00007.jpg 206 74 66 83 0.96740
00007.jpg 543 50 62 150 0.96711
00007.jpg 159 268 253 225 0.96619
00007.jpg 685 64 94 166 0.96599
00007.jpg 545 50 56 148 0.96517
00007.jpg 691 71 92 163 0.96494
00007.jpg 358 76 119 227 0.96484
00007.jpg 361 84 111 208 0.96476
00007.jpg 365 81 108 213 0.96445
00007.jpg 167 277 236 222 0.96440
00007.jpg 356 91 123 206 0.96402
00007.jpg 542 51 63 146 0.96392
00007.jpg 363 78 112 218 0.96364
00007.jpg 686 68 95 166 0.96340
00007.jpg 207 71 64 90 0.96333
00007.jpg 207 71 63 86 0.96315
00007.jpg 165 275 231 217 0.96303
00007.jpg 357 85 116 208 0.96258
00007.jpg 358 83 114 220 0.96244
00007.jpg 204 70 70 94 0.96232
00007.jpg 207 73 69 87 0.96196
00007.jpg 168 277 233 224 0.96059
00007.jpg 549 47 54 148 0.96043
00007.jpg 354 85 123 209 0.96031
00007.jpg 690 65 88 169 0.95931
00007.jpg 691 68 87 169 0.95930
00007.jpg 165 279 232 219 0.95919
00007.jpg 693 70 83 168 0.95880
00007.jpg 691 69 93 164 0.95856
00007.jpg 360 77 113 223 0.95729
00007.jpg 690 67 88 168 0.95698
00007.jpg 688 59 91 185 0.95694
00007.jpg 207 73 64 87 0.95684
00007.jpg 688 68 93 169 0.95657
00007.jpg 363 74 111 229 0.95623
00007.jpg 362 83 114 212 0.95517
00007.jpg 206 69 69 91 0.95443
00007.jpg 354 80 127 217 0.95375
00007.jpg 203 72 68 91 0.95337
00007.jpg 166 284 237 213 0.95326
00007.jpg 359 86 110 208 0.95268
00007.jpg 205 67 71 95 0.95224
00007.jpg 688 64 85 171 0.95084
00007.jpg 356 84 114 214 0.95002
00007.jpg 690 64 85 171 0.94948
00007.jpg 205 70 69 89 0.94810
00007.jpg 209 70 65 89 0.94769
00007.jpg 362 79 117 221 0.94761
00007.jpg 686 67 87 170 0.94718
00007.jpg 690 68 90 169 0.94688
00007.jpg 207 68 63 94 0.94643
00007.jpg 203 69 70 88 0.94639
00007.jpg 203 73 74 86 0.94639
00007.jpg 685 66 94 184 0.94620
00007.jpg 152 268 246 225 0.94488
00007.jpg 206 71 66 88 0.94469
00007.jpg 155 284 247 216 0.94432
00007.jpg 688 63 87 177 0.94375
00007.jpg 550 50 55 143 0.94367
00007.jpg 205 75 66 81 0.94256
00007.jpg 544 51 61 148 0.94210
00007.jpg 205 72 67 84 0.94111
00007.jpg 158 283 241 213 0.93973
00007.jpg 695 63 86 170 0.93940
00007.jpg 688 65 93 174 0.93929
00007.jpg 546 53 60 138 0.93743
00007.jpg 166 281 237 218 0.93627
00007.jpg 206 71 69 86 0.93613
00007.jpg 209 70 65 98 0.93431
00007.jpg 169 278 230 206 0.93412
00007.jpg 684 70 93 162 0.93327
00007.jpg 203 68 73 92 0.93094
00007.jpg 686 66 89 165 0.93029
00007.jpg 358 82 112 210 0.92710
00007.jpg 202 72 70 90 0.92700
00007.jpg 547 49 56 150 0.92695
00007.jpg 165 272 238 224 0.92556
00007.jpg 691 70 86 164 0.92282
00007.jpg 696 67 86 168 0.92170
00007.jpg 208 70 66 90 0.92126
00007.jpg 360 74 114 214 0.92095
00007.jpg 152 273 248 215 0.91984
00007.jpg 548 43 52 155 0.91922
00007.jpg 209 71 63 87 0.91877
00007.jpg 157 281 250 211 0.91833
00007.jpg 691 74 86 163 0.91816
00007.jpg 162 273 232 212 0.91715
00007.jpg 695 66 87 169 0.91655
00007.jpg 550 51 56 147 0.91519
00007.jpg 203 69 74 88 0.91466
00007.jpg 542 54 62 141 0.91432
00007.jpg 206 68 70 90 0.91244
00007.jpg 206 73 72 93 0.91143
00007.jpg 207 71 69 88 0.90944
00007.jpg 164 261 243 216 0.90691
00007.jpg 551 52 54 144 0.90669
00007.jpg 540 54 64 147 0.90661
00007.jpg 207 73 64 83 0.90545
00007.jpg 693 67 84 171 0.90312
00007.jpg 169 278 240 211 0.89986
00007.jpg 362 77 112 221 0.89881
00007.jpg 539 50 67 147 0.89803
00007.jpg 690 70 84 161 0.89765
00007.jpg 139 282 276 207 0.89734
00007.jpg 546 49 62 146 0.89649
00007.jpg 361 78 117 220 0.89476
00007.jpg 161 281 240 206 0.89282
00007.jpg 167 274 234 223 0.88891
00007.jpg 693 70 81 161 0.88734
00007.jpg 361 88 115 213 0.88511
00007.jpg 208 71 67 90 0.88199
00007.jpg 363 83 109 208 0.87959
00007.jpg 207 70 67 97 0.87512
00007.jpg 686 69 95 161 0.87498
00007.jpg 549 52 60 146 0.87418
00007.jpg 357 80 123 219 0.87346
00007.jpg 205 67 68 98 0.87235
00007.jpg 542 56 60 138 0.87078
00007.jpg 162 278 244 214 0.86944
00007.jpg 540 52 68 144 0.86419
00007.jpg 208 67 65 103 0.86300
00007.jpg 545 53 57 143 0.86177
00007.jpg 207 71 67 89 0.85911
00007.jpg 363 81 104 215 0.85897
00007.jpg 542 52 64 149 0.85705
00007.jpg 206 71 69 89 0.85667
00007.jpg 203 72 72 97 0.85426
00007.jpg 541 52 66 146 0.85156
00007.jpg 690 70 88 165 0.85099
00007.jpg 359 72 116 226 0.85020
00007.jpg 545 54 62 141 0.84993
00007.jpg 202 69 72 103 0.84515
00007.jpg 205 71 68 87 0.84359
00007.jpg 204 72 67 91 0.84358
00007.jpg 358 82 111 211 0.84078
00007.jpg 158 279 247 213 0.83496
00007.jpg 135 271 263 218 0.83185
00007.jpg 551 50 57 148 0.82619
00007.jpg 550 51 59 147 0.82324
00007.jpg 542 53 63 145 0.82120
00007.jpg 692 67 96 167 0.81807
00007.jpg 542 50 62 146 0.81637
00007.jpg 206 74 66 103 0.81420
00007.jpg 169 278 229 216 0.81364
00007.jpg 204 66 70 108 0.80735
00007.jpg 207 76 65 82 0.80656
00007.jpg 693 67 92 167 0.80587
00007.jpg 208 71 65 90 0.80123
00007.jpg 681 66 102 172 0.80074
00007.jpg 542 52 61 144 0.79013
00007.jpg 359 79 121 214 0.78972
00007.jpg 688 70 89 167 0.78824
00007.jpg 203 67 66 99 0.77979
00007.jpg 361 84 115 200 0.77760
00007.jpg 358 82 115 215 0.77195
00007.jpg 354 80 115 213 0.77195
00007.jpg 541 52 63 143 0.76960
00007.jpg 163 262 242 234 0.76853
00007.jpg 541 50 59 154 0.76444
00007.jpg 146 275 262 220 0.75916
00007.jpg 690 66 89 173 0.75630
00007.jpg 168 274 234 225 0.75629
00007.jpg 691 66 81 173 0.75626
00007.jpg 362 94 106 192 0.75340
00007.jpg 207 72 65 85 0.75334
00007.jpg 214 70 61 86 0.75284
00007.jpg 550 56 50 143 0.75017
00007.jpg 149 268 255 227 0.74981
00007.jpg 363 83 111 216 0.74969
00007.jpg 209 69 70 88 0.74896
00007.jpg 355 85 122 206 0.74823
00007.jpg 360 81 110 219 0.74674
00007.jpg 689 66 89 150 0.74501
00007.jpg 204 72 66 74 0.74307
00007.jpg 174 279 217 213 0.73847
00007.jpg 689 60 91 173 0.72759
00007.jpg 204 71 71 111 0.72572
00007.jpg 352 82 121 221 0.71598
00007.jpg 206 68 67 82 0.71580
00007.jpg 203 72 72 86 0.71188
00007.jpg 364 79 101 218 0.71022
00007.jpg 149 276 252 216 0.70875
00007.jpg 355 80 115 205 0.70750
00007.jpg 692 70 79 157 0.70169
00007.jpg 356 80 120 203 0.69916
00007.jpg 199 76 72 76 0.69686
00007.jpg 159 277 238 231 0.69414
00007.jpg 551 48 57 151 0.69171
00007.jpg 685 62 98 179 0.69098
00007.jpg 155 269 241 220 0.68799
00007.jpg 357 82 123 212 0.68567
00007.jpg 689 62 92 176 0.68433
00007.jpg 692 69 84 164 0.68315
00007.jpg 204 70 71 109 0.67659
00007.jpg 549 59 58 127 0.67613
00007.jpg 150 263 236 232 0.67498
00007.jpg 551 56 45 138 0.67297
00007.jpg 549 52 52 142 0.67210
00007.jpg 360 81 116 202 0.66557
00007.jpg 353 82 121 217 0.66451
00007.jpg 356 81 121 215 0.65863
00007.jpg 693 69 85 164 0.65800
00007.jpg 552 53 54 144 0.65019
00007.jpg 687 73 101 161 0.64747
00007.jpg 357 79 123 209 0.64573
00007.jpg 212 71 57 87 0.64439
00007.jpg 352 84 124 206 0.63925
00007.jpg 206 69 69 124 0.63449
00007.jpg 203 69 70 116 0.63355
00007.jpg 541 49 67 145 0.62830
00007.jpg 365 74 108 223 0.62164
00007.jpg 685 64 103 176 0.62131
00007.jpg 211 72 62 82 0.61991
00007.jpg 692 74 84 161 0.61960
00007.jpg 167 279 241 216 0.61651
00007.jpg 693 68 76 171 0.61483
00007.jpg 167 272 246 221 0.61444
00007.jpg 549 48 60 153 0.61408
00007.jpg 363 76 114 226 0.61179
00007.jpg 366 89 111 197 0.60663
00007.jpg 351 78 124 224 0.60445
00007.jpg 353 81 126 201 0.60166
00007.jpg 362 83 114 212 0.59530
00007.jpg 353 81 121 220 0.59376
00007.jpg 210 70 65 84 0.58876
00007.jpg 210 71 68 90 0.58852
00007.jpg 149 268 267 228 0.58794
00007.jpg 370 78 108 216 0.58645
00007.jpg 207 69 70 86 0.58455
00007.jpg 211 73 61 103 0.58439
00007.jpg 149 282 253 208 0.58387
00007.jpg 364 81 101 205 0.57989
00007.jpg 935 129 24 42 0.57003
00007.jpg 537 47 69 139 0.56826
00007.jpg 355 83 116 208 0.56706
00007.jpg 681 67 92 170 0.56375
00007.jpg 206 72 64 88 0.56125
00007.jpg 356 83 121 203 0.55562
00007.jpg 158 266 248 231 0.53825
00007.jpg 692 65 80 169 0.53684
00007.jpg 168 283 236 208 0.52997
00007.jpg 176 280 219 213 0.52541
00007.jpg 362 85 97 213 0.52460
00007.jpg 686 66 94 169 0.52234
00007.jpg 203 73 63 85 0.51576
00007.jpg 542 50 58 145 0.51162
00007.jpg 155 276 254 219 0.50358
00007.jpg 689 65 86 160 0.49956
