00010.jpg 150 279 263 212 0.99833
00010.jpg 157 274 246 218 0.99829
00010.jpg 163 269 242 229 0.99823
00010.jpg 144 272 258 224 0.99801
00010.jpg 526 54 83 135 0.99799
00010.jpg 151 278 254 222 0.99721
00010.jpg 134 273 267 215 0.99666
00010.jpg 148 275 256 208 0.99637
00010.jpg 531 53 75 145 0.99635
00010.jpg 141 281 272 211 0.99610
00010.jpg 370 81 112 224 0.99563
00010.jpg 149 276 263 221 0.99554
00010.jpg 688 67 91 165 0.99546
00010.jpg 689 66 90 168 0.99522
00010.jpg 364 84 117 218 0.99430
00010.jpg 369 87 116 220 0.99413
00010.jpg 131 274 273 214 0.99402
00010.jpg 684 66 97 171 0.99389
00010.jpg 690 66 86 172 0.99384
00010.jpg 165 282 236 211 0.99361
00010.jpg 157 284 239 209 0.99358
00010.jpg 162 273 242 223 0.99333
00010.jpg 530 58 77 140 0.99329
00010.jpg 523 56 83 137 0.99301
00010.jpg 159 276 233 210 0.99270
00010.jpg 526 59 78 133 0.99269
00010.jpg 163 280 246 208 0.99230
00010.jpg 161 273 242 223 0.99212
00010.jpg 690 64 91 176 0.99171
00010.jpg 162 280 240 212 0.99159
00010.jpg 360 81 121 221 0.99102
00010.jpg 171 277 219 206 0.99078
00010.jpg 363 86 115 219 0.99076
00010.jpg 362 83 117 206 0.99063
00010.jpg 689 68 89 170 0.99060
00010.jpg 687 67 94 166 0.99053
00010.jpg 206 74 67 87 0.99053
00010.jpg 360 82 124 218 0.99046
00010.jpg 368 89 115 211 0.99026
00010.jpg 201 70 73 92 0.99025
00010.jpg 684 64 95 176 0.99014
00010.jpg 161 278 239 218 0.98985
00010.jpg 166 273 232 223 0.98957
00010.jpg 691 68 85 170 0.98953
00010.jpg 692 69 86 166 0.98949
00010.jpg 365 86 123 215 0.98949
00010.jpg 363 82 124 219 0.98933
00010.jpg 685 62 92 176 0.98911
00010.jpg 206 70 70 89 0.98902
00010.jpg 529 54 76 142 0.98854
00010.jpg 534 58 72 138 0.98846
00010.jpg 143 280 258 203 0.98842
00010.jpg 362 82 118 218 0.98840
00010.jpg 361 85 131 222 0.98837
00010.jpg 140 273 276 213 0.98818
00010.jpg 359 84 123 224 0.98815
00010.jpg 526 57 80 143 0.98806
00010.jpg 146 271 256 225 0.98798
00010.jpg 156 282 251 205 0.98796
00010.jpg 691 68 90 166 0.98789
00010.jpg 690 66 93 169 0.98784
00010.jpg 693 68 85 172 0.98773
00010.jpg 360 83 127 213 0.98762
00010.jpg 150 265 253 217 0.98756
00010.jpg 521 55 85 138 0.98756
00010.jpg 363 90 126 208 0.98739
00010.jpg 163 283 236 215 0.98723
00010.jpg 150 271 262 220 0.98707
00010.jpg 366 84 121 220 0.98697
00010.jpg 139 275 259 218 0.98643
00010.jpg 526 50 80 145 0.98622
00010.jpg 686 66 90 175 0.98584
00010.jpg 364 89 119 211 0.98576
00010.jpg 529 55 78 144 0.98465
00010.jpg 364 86 119 215 0.98434
00010.jpg 170 279 229 220 0.98394
00010.jpg 689 67 91 173 0.98377
00010.jpg 168 277 227 219 0.98376
00010.jpg 691 69 91 166 0.98355
00010.jpg 682 67 100 172 0.98276
00010.jpg 362 90 122 206 0.98248
00010.jpg 168 270 236 212 0.98246
00010.jpg 131 266 275 224 0.98237
00010.jpg 525 52 81 141 0.98222
00010.jpg 687 66 96 176 0.98210
00010.jpg 364 87 115 207 0.98183
00010.jpg 204 75 68 84 0.98162
00010.jpg 525 58 80 131 0.98152
00010.jpg 206 77 71 82 0.98151
00010.jpg 689 69 87 163 0.98123
00010.jpg 526 55 77 142 0.98111
00010.jpg 369 84 111 218 0.98055
00010.jpg 145 275 259 217 0.98049
00010.jpg 685 68 93 169 0.98042
00010.jpg 162 283 239 216 0.97989
00010.jpg 365 92 123 203 0.97981
00010.jpg 166 276 232 217 0.97960
00010.jpg 518 52 83 141 0.97953
00010.jpg 692 68 87 168 0.97909
00010.jpg 203 71 75 93 0.97883
00010.jpg 523 54 82 143 0.97874
00010.jpg 689 68 88 163 0.97874
00010.jpg 366 84 111 211 0.97828
00010.jpg 690 68 85 170 0.97785
00010.jpg 147 265 257 224 0.97783
00010.jpg 159 277 240 214 0.97722
00010.jpg 686 67 93 170 0.97705
00010.jpg 148 281 258 215 0.97632
00010.jpg 691 73 83 160 0.97624
00010.jpg 202 76 71 86 0.97619
00010.jpg 150 281 255 211 0.97604
00010.jpg 362 84 128 211 0.97575
00010.jpg 203 75 72 90 0.97506
00010.jpg 374 81 107 223 0.97431
00010.jpg 163 282 244 213 0.97370
00010.jpg 361 83 120 214 0.97359
00010.jpg 205 73 72 92 0.97356
00010.jpg 528 52 79 144 0.97334
00010.jpg 529 54 79 138 0.97246
00010.jpg 524 52 78 139 0.97223
00010.jpg 155 267 249 228 0.97199
00010.jpg 529 55 78 139 0.97154
00010.jpg 369 83 116 224 0.97150
00010.jpg 368 81 112 218 0.97140
00010.jpg 690 69 88 166 0.97081
00010.jpg 136 269 254 222 0.97066
00010.jpg 683 68 97 168 0.96994
00010.jpg 205 75 69 80 0.96986
00010.jpg 138 269 269 209 0.96974
00010.jpg 162 274 242 220 0.96958
00010.jpg 527 55 80 139 0.96940
00010.jpg 361 82 123 217 0.96901
00010.jpg 159 272 253 215 0.96890
00010.jpg 207 75 67 86 0.96870
00010.jpg 368 87 117 206 0.96864
00010.jpg 138 271 264 226 0.96810
00010.jpg 203 72 72 99 0.96775
00010.jpg 133 272 281 227 0.96750
00010.jpg 360 87 124 214 0.96727
00010.jpg 690 71 88 166 0.96626
00010.jpg 526 52 79 147 0.96581
00010.jpg 531 55 74 140 0.96563
00010.jpg 526 55 76 138 0.96519
00010.jpg 368 82 108 205 0.96490
00010.jpg 204 73 72 89 0.96434
00010.jpg 202 75 75 86 0.96434
00010.jpg 689 66 89 166 0.96280
00010.jpg 689 68 90 166 0.96249
00010.jpg 206 75 70 93 0.96222
00010.jpg 366 80 115 222 0.96185
00010.jpg 149 275 250 215 0.96181
00010.jpg 529 60 76 132 0.96169
00010.jpg 531 55 71 137 0.96167
00010.jpg 364 85 121 217 0.96128
00010.jpg 204 74 73 87 0.96080
00010.jpg 527 51 78 142 0.96067
00010.jpg 690 68 84 167 0.96063
00010.jpg 688 62 88 179 0.96063
00010.jpg 525 49 83 148 0.96060
00010.jpg 204 70 74 88 0.96052
00010.jpg 144 263 267 221 0.96004
00010.jpg 202 71 76 101 0.95949
00010.jpg 161 275 247 226 0.95937
00010.jpg 365 84 119 214 0.95912
00010.jpg 358 84 129 221 0.95906
00010.jpg 205 76 73 101 0.95759
00010.jpg 532 57 76 138 0.95612
00010.jpg 530 55 76 136 0.95610
00010.jpg 369 79 115 220 0.95488
00010.jpg 526 54 76 140 0.95357
00010.jpg 685 69 89 160 0.95345
00010.jpg 131 276 265 212 0.95283
00010.jpg 525 51 83 146 0.95183
00010.jpg 153 277 249 219 0.95140
00010.jpg 524 59 80 135 0.95030
00010.jpg 366 95 111 201 0.94899
00010.jpg 160 271 236 225 0.94771
00010.jpg 203 74 69 89 0.94753
00010.jpg 525 55 77 138 0.94723
00010.jpg 369 83 113 221 0.94716
00010.jpg 689 67 90 170 0.94663
00010.jpg 204 74 71 82 0.94612
00010.jpg 145 274 270 220 0.94537
00010.jpg 145 274 259 220 0.94526
00010.jpg 695 71 86 166 0.94402
00010.jpg 687 66 87 168 0.94363
00010.jpg 689 71 92 163 0.94290
00010.jpg 152 277 254 220 0.94226
00010.jpg 200 74 77 93 0.94203
00010.jpg 687 62 86 171 0.94187
00010.jpg 366 86 109 218 0.94126
00010.jpg 125 269 292 220 0.94069
00010.jpg 532 50 76 148 0.94015
00010.jpg 157 277 245 218 0.93709
00010.jpg 525 60 81 136 0.93616
00010.jpg 522 51 76 143 0.93501
00010.jpg 358 86 127 211 0.93444
00010.jpg 205 76 71 81 0.93347
00010.jpg 367 77 116 223 0.93327
00010.jpg 518 56 92 141 0.93267
00010.jpg 130 276 280 214 0.93151
00010.jpg 206 71 71 96 0.93105
00010.jpg 685 73 97 158 0.93073
00010.jpg 206 74 70 87 0.93009
00010.jpg 525 60 83 137 0.93009
00010.jpg 522 57 82 135 0.92655
00010.jpg 530 58 74 138 0.92591
00010.jpg 524 60 80 137 0.92362
00010.jpg 529 53 77 146 0.92227
00010.jpg 362 84 123 222 0.92220
00010.jpg 363 83 121 221 0.92186
00010.jpg 687 65 96 168 0.91956
00010.jpg 372 81 102 216 0.91808
00010.jpg 158 284 239 211 0.91782
00010.jpg 690 65 85 171 0.91742
00010.jpg 364 81 112 224 0.91721
00010.jpg 694 72 80 159 0.91524
00010.jpg 519 54 85 140 0.91392
00010.jpg 367 88 117 210 0.91148
00010.jpg 207 72 63 91 0.91090
00010.jpg 691 71 80 160 0.90852
00010.jpg 363 85 126 221 0.90817
00010.jpg 689 75 89 161 0.90798
00010.jpg 361 86 122 207 0.90683
00010.jpg 203 70 73 103 0.90674
00010.jpg 122 271 284 230 0.90519
00010.jpg 366 82 115 221 0.90142
00010.jpg 690 65 90 173 0.90104
00010.jpg 687 68 98 168 0.90098
00010.jpg 206 71 74 96 0.89953
00010.jpg 529 58 76 134 0.89903
00010.jpg 156 278 244 227 0.89895
00010.jpg 133 275 266 218 0.89718
00010.jpg 205 75 63 80 0.89695
00010.jpg 204 72 67 89 0.89604
00010.jpg 530 53 75 142 0.89563
00010.jpg 364 89 116 207 0.89557
00010.jpg 205 74 71 87 0.89485
00010.jpg 205 71 65 89 0.89412
00010.jpg 166 273 235 214 0.89219
00010.jpg 365 88 120 211 0.89176
00010.jpg 688 68 88 168 0.89087
00010.jpg 173 276 228 225 0.88984
00010.jpg 364 84 122 209 0.88868
00010.jpg 163 272 242 231 0.88736
00010.jpg 205 69 73 88 0.88733
00010.jpg 200 70 72 97 0.88619
00010.jpg 207 73 71 85 0.88522
00010.jpg 200 75 74 84 0.88180
00010.jpg 687 72 91 167 0.88099
00010.jpg 202 72 75 108 0.88027
00010.jpg 199 70 79 114 0.87839
00010.jpg 692 71 84 164 0.87786
00010.jpg 368 87 106 211 0.87720
00010.jpg 132 273 269 225 0.87682
00010.jpg 159 277 243 218 0.87644
00010.jpg 366 79 117 229 0.87582
00010.jpg 206 69 69 88 0.87451
00010.jpg 203 69 68 117 0.87417
00010.jpg 205 73 71 85 0.87392
00010.jpg 205 72 76 88 0.87244
00010.jpg 358 81 127 223 0.86757
00010.jpg 368 88 113 212 0.86473
00010.jpg 170 273 221 228 0.86387
00010.jpg 524 55 79 139 0.86099
00010.jpg 134 271 275 206 0.85843
00010.jpg 202 71 76 102 0.85576
00010.jpg 205 75 71 107 0.85482
00010.jpg 693 75 91 160 0.85250
00010.jpg 527 61 75 135 0.84988
00010.jpg 691 61 88 182 0.84885
00010.jpg 535 53 70 142 0.84603
00010.jpg 522 57 84 140 0.84204
00010.jpg 204 68 71 112 0.84204
00010.jpg 696 68 86 164 0.83852
00010.jpg 205 73 71 91 0.83056
00010.jpg 683 72 95 162 0.82982
00010.jpg 358 88 126 204 0.82877
00010.jpg 205 66 72 120 0.82680
00010.jpg 530 57 70 135 0.82439
00010.jpg 517 57 94 136 0.82436
00010.jpg 156 277 251 221 0.81822
00010.jpg 527 55 76 139 0.81806
00010.jpg 539 53 64 146 0.81239
00010.jpg 524 59 84 133 0.80749
00010.jpg 203 73 71 89 0.80181
00010.jpg 516 54 91 138 0.79724
00010.jpg 367 86 111 214 0.79571
00010.jpg 205 78 75 86 0.79266
00010.jpg 521 57 86 136 0.79194
00010.jpg 204 76 69 66 0.79153
00010.jpg 203 72 70 110 0.78653
00010.jpg 201 67 77 127 0.78606
00010.jpg 530 57 78 137 0.78483
00010.jpg 521 61 82 135 0.78402
00010.jpg 207 69 70 107 0.77611
00010.jpg 366 87 115 226 0.76756
00010.jpg 202 68 71 124 0.76739
00010.jpg 691 66 82 169 0.76557
00010.jpg 211 70 61 87 0.76238
00010.jpg 140 277 262 224 0.76139
00010.jpg 197 69 76 106 0.76080
00010.jpg 200 70 77 87 0.76006
00010.jpg 677 64 106 176 0.75645
00010.jpg 691 71 88 160 0.75622
00010.jpg 692 71 90 166 0.75241
00010.jpg 210 71 70 86 0.74831
00010.jpg 689 73 83 163 0.74585
00010.jpg 691 65 83 176 0.74035
00010.jpg 366 95 111 212 0.73414
00010.jpg 160 281 221 215 0.73052
00010.jpg 686 72 99 171 0.72835
00010.jpg 204 76 66 85 0.72485
00010.jpg 204 73 73 103 0.72012
00010.jpg 691 70 85 163 0.71644
00010.jpg 687 63 89 188 0.71623
00010.jpg 531 54 77 140 0.71469
00010.jpg 207 77 62 88 0.71130
00010.jpg 691 65 82 169 0.71095
00010.jpg 364 85 121 213 0.71087
00010.jpg 521 57 83 141 0.70869
00010.jpg 524 55 79 138 0.70275
00010.jpg 528 56 76 139 0.70224
00010.jpg 686 69 94 164 0.70189
00010.jpg 360 84 120 217 0.70102
00010.jpg 691 72 86 161 0.70037
00010.jpg 198 78 72 83 0.69869
00010.jpg 209 73 65 83 0.69519
00010.jpg 521 60 78 129 0.69201
00010.jpg 693 74 87 166 0.68879
00010.jpg 202 74 71 92 0.68660
00010.jpg 119 266 292 223 0.68585
00010.jpg 692 72 78 159 0.68429
00010.jpg 531 55 79 145 0.68291
00010.jpg 142 263 243 233 0.67890
00010.jpg 533 53 74 142 0.67804
00010.jpg 199 70 82 124 0.67708
00010.jpg 205 75 74 93 0.67530
00010.jpg 366 89 115 208 0.67525
00010.jpg 209 71 66 82 0.67217
00010.jpg 207 74 65 85 0.67034
00010.jpg 204 73 70 117 0.66953
00010.jpg 211 77 57 82 0.66717
00010.jpg 691 68 76 169 0.66361
00010.jpg 139 281 278 221 0.65750
00010.jpg 197 71 79 128 0.65495
00010.jpg 210 73 59 80 0.65336
00010.jpg 208 71 75 95 0.64588
00010.jpg 355 82 122 213 0.64583
00010.jpg 529 55 77 141 0.64112
00010.jpg 692 66 97 165 0.64106
00010.jpg 516 57 86 130 0.63883
00010.jpg 137 277 269 203 0.63860
00010.jpg 688 64 95 167 0.62583
00010.jpg 204 71 61 124 0.62290
00010.jpg 378 86 103 220 0.61365
00010.jpg 206 74 65 110 0.61352
00010.jpg 200 74 70 97 0.61051
00010.jpg 528 57 69 131 0.60205
00010.jpg 519 56 85 141 0.60039
00010.jpg 539 57 71 140 0.59725
00010.jpg 359 92 117 196 0.59455
00010.jpg 361 75 128 234 0.58363
00010.jpg 373 87 113 206 0.58191
00010.jpg 371 90 114 208 0.57445
00010.jpg 203 68 64 126 0.57409
00010.jpg 687 63 82 178 0.55173
00010.jpg 695 77 75 161 0.55041
00010.jpg 689 74 78 156 0.54385
00010.jpg 692 65 91 167 0.54263
00010.jpg 209 73 70 87 0.54068
00010.jpg 204 70 68 90 0.54046
00010.jpg 373 83 109 215 0.53759
00010.jpg 522 52 77 135 0.53683
00010.jpg 362 80 119 222 0.53636
00010.jpg 206 68 76 111 0.53136
00010.jpg 165 267 246 237 0.51792
00010.jpg 695 67 87 159 0.51597
00010.jpg 516 60 84 134 0.51400
00010.jpg 526 56 84 144 0.51187
00010.jpg 514 55 90 151 0.50931
00010.jpg 362 80 115 224 0.50690
00010.jpg 360 88 117 206 0.50403
00010.jpg 356 88 118 214 0.50204
