00022.jpg 158 267 248 223 0.99956
00022.jpg 158 273 247 223 0.99691
00022.jpg 128 269 278 219 0.99669
00022.jpg 411 96 105 215 0.99657
00022.jpg 153 276 253 208 0.99622
00022.jpg 535 61 72 134 0.99612
00022.jpg 408 98 107 208 0.99581
00022.jpg 538 65 67 125 0.99580
00022.jpg 541 58 66 138 0.99573
00022.jpg 540 60 70 129 0.99567
00022.jpg 155 271 241 227 0.99549
00022.jpg 162 280 237 212 0.99518
00022.jpg 130 271 274 217 0.99513
00022.jpg 137 268 258 218 0.99502
00022.jpg 684 82 97 154 0.99491
00022.jpg 538 61 64 134 0.99488
00022.jpg 685 86 100 147 0.99473
00022.jpg 541 63 68 133 0.99465
00022.jpg 162 277 237 217 0.99450
00022.jpg 405 98 109 206 0.99444
00022.jpg 202 70 69 100 0.99399
00022.jpg 158 276 248 217 0.99371
00022.jpg 405 102 106 209 0.99320
00022.jpg 164 272 240 230 0.99305
00022.jpg 690 84 93 154 0.99259
00022.jpg 161 273 243 223 0.99257
00022.jpg 685 90 99 138 0.99254
00022.jpg 203 68 70 128 0.99240
00022.jpg 688 87 94 147 0.99231
00022.jpg 162 280 241 208 0.99217
00022.jpg 412 97 107 210 0.99190
00022.jpg 540 61 65 133 0.99183
00022.jpg 535 62 74 131 0.99140
00022.jpg 157 271 246 224 0.99111
00022.jpg 410 102 107 208 0.99100
00022.jpg 538 62 68 133 0.99089
00022.jpg 538 64 67 128 0.99080
00022.jpg 146 280 257 205 0.99076
00022.jpg 203 74 68 84 0.99060
00022.jpg 148 270 256 220 0.99027
00022.jpg 159 281 232 208 0.99000
00022.jpg 679 92 104 144 0.98982
00022.jpg 685 86 105 148 0.98883
00022.jpg 686 86 104 146 0.98881
00022.jpg 538 58 72 139 0.98871
00022.jpg 410 101 98 204 0.98862
00022.jpg 681 84 105 150 0.98836
00022.jpg 170 275 229 226 0.98816
00022.jpg 152 271 258 220 0.98810
00022.jpg 404 94 109 216 0.98773
00022.jpg 413 97 97 205 0.98766
00022.jpg 159 275 254 222 0.98727
00022.jpg 537 60 69 135 0.98687
00022.jpg 409 100 113 207 0.98685
00022.jpg 139 262 261 230 0.98639
00022.jpg 405 99 115 205 0.98618
00022.jpg 688 87 90 148 0.98611
00022.jpg 165 270 230 226 0.98592
00022.jpg 412 98 103 202 0.98587
00022.jpg 410 103 102 201 0.98574
00022.jpg 168 277 231 203 0.98547
00022.jpg 202 74 72 111 0.98521
00022.jpg 408 105 109 201 0.98515
00022.jpg 404 96 109 204 0.98495
00022.jpg 141 266 259 208 0.98482
00022.jpg 147 264 261 214 0.98449
00022.jpg 160 271 244 212 0.98449
00022.jpg 146 270 266 217 0.98447
00022.jpg 164 272 243 229 0.98428
00022.jpg 155 274 250 217 0.98415
00022.jpg 162 281 239 220 0.98405
00022.jpg 687 86 98 147 0.98334
00022.jpg 159 279 245 221 0.98311
00022.jpg 414 99 102 205 0.98258
00022.jpg 154 271 246 215 0.98237
00022.jpg 409 98 107 209 0.98229
00022.jpg 537 64 69 129 0.98209
00022.jpg 164 278 230 222 0.98205
00022.jpg 149 282 262 208 0.98152
00022.jpg 539 62 68 132 0.98150
00022.jpg 138 272 277 216 0.98119
00022.jpg 538 62 66 137 0.98090
00022.jpg 407 102 104 204 0.98066
00022.jpg 406 105 108 201 0.98053
00022.jpg 132 267 287 224 0.98034
00022.jpg 689 88 93 146 0.98021
00022.jpg 146 264 260 224 0.97969
00022.jpg 685 92 100 147 0.97937
00022.jpg 146 279 258 219 0.97865
00022.jpg 538 58 68 136 0.97856
00022.jpg 683 85 112 151 0.97846
00022.jpg 203 68 75 107 0.97790
00022.jpg 410 103 104 207 0.97773
00022.jpg 402 103 116 211 0.97764
00022.jpg 691 89 90 145 0.97741
00022.jpg 161 278 242 214 0.97732
00022.jpg 538 64 70 132 0.97716
00022.jpg 161 275 236 214 0.97666
00022.jpg 542 66 62 128 0.97656
00022.jpg 539 59 67 137 0.97623
00022.jpg 411 103 108 202 0.97578
00022.jpg 685 83 108 158 0.97561
00022.jpg 147 272 257 215 0.97554
00022.jpg 408 97 107 211 0.97535
00022.jpg 539 59 65 135 0.97487
00022.jpg 159 272 246 223 0.97428
00022.jpg 535 61 70 133 0.97374
00022.jpg 412 99 98 209 0.97351
00022.jpg 409 97 108 203 0.97350
00022.jpg 538 58 67 140 0.97335
00022.jpg 683 83 112 154 0.97300
00022.jpg 539 63 62 130 0.97261
00022.jpg 204 72 73 105 0.97236
00022.jpg 691 88 85 148 0.97223
00022.jpg 195 65 76 126 0.97188
00022.jpg 681 83 105 152 0.97181
00022.jpg 536 59 74 141 0.97137
00022.jpg 541 61 67 132 0.97071
00022.jpg 205 69 67 113 0.97048
00022.jpg 152 286 236 188 0.97045
00022.jpg 414 101 101 204 0.97044
00022.jpg 152 273 252 222 0.96989
00022.jpg 406 104 110 205 0.96953
00022.jpg 416 103 102 201 0.96879
00022.jpg 540 63 67 126 0.96869
00022.jpg 688 89 101 145 0.96847
00022.jpg 405 96 108 215 0.96836
00022.jpg 684 86 108 146 0.96833
00022.jpg 690 86 91 148 0.96804
00022.jpg 537 59 68 140 0.96740
00022.jpg 134 275 278 202 0.96721
00022.jpg 688 88 95 141 0.96703
00022.jpg 535 64 73 130 0.96669
00022.jpg 203 75 72 90 0.96618
00022.jpg 198 69 78 114 0.96548
00022.jpg 201 70 73 121 0.96410
00022.jpg 540 64 62 130 0.96391
00022.jpg 540 65 63 128 0.96345
00022.jpg 199 70 75 121 0.96275
00022.jpg 405 91 116 222 0.96240
00022.jpg 203 68 73 114 0.96235
00022.jpg 143 264 269 220 0.96234
00022.jpg 150 272 259 222 0.96233
00022.jpg 538 63 67 131 0.96075
00022.jpg 539 62 67 132 0.95988
00022.jpg 539 60 68 133 0.95953
00022.jpg 406 103 111 202 0.95935
00022.jpg 690 83 91 154 0.95885
00022.jpg 683 87 102 149 0.95860
00022.jpg 687 89 86 143 0.95792
00022.jpg 412 95 104 220 0.95734
00022.jpg 683 87 109 149 0.95614
00022.jpg 535 61 72 141 0.95585
00022.jpg 688 89 93 144 0.95542
00022.jpg 681 86 109 146 0.95504
00022.jpg 133 276 264 221 0.95456
00022.jpg 154 266 252 232 0.95452
00022.jpg 150 274 260 220 0.95416
00022.jpg 407 99 100 210 0.95387
00022.jpg 194 74 79 127 0.95385
00022.jpg 130 263 292 231 0.95348
00022.jpg 205 73 68 84 0.95218
00022.jpg 409 97 102 208 0.95207
00022.jpg 542 58 60 138 0.95186
00022.jpg 689 84 92 149 0.95184
00022.jpg 682 85 103 150 0.94980
00022.jpg 540 62 63 138 0.94969
00022.jpg 535 60 69 140 0.94908
00022.jpg 409 106 104 198 0.94900
00022.jpg 153 270 243 218 0.94883
00022.jpg 407 101 112 206 0.94807
00022.jpg 202 74 70 84 0.94718
00022.jpg 411 95 105 215 0.94465
00022.jpg 684 86 102 147 0.94443
00022.jpg 206 69 69 121 0.94387
00022.jpg 538 61 67 135 0.94328
00022.jpg 409 103 109 200 0.94176
00022.jpg 546 63 59 131 0.94147
00022.jpg 408 97 110 216 0.94068
00022.jpg 203 74 71 85 0.94016
00022.jpg 129 266 284 220 0.93978
00022.jpg 147 278 263 222 0.93885
00022.jpg 160 277 240 224 0.93771
00022.jpg 202 67 71 128 0.93707
00022.jpg 202 72 72 81 0.93680
00022.jpg 688 86 96 148 0.93653
00022.jpg 159 266 242 219 0.93652
00022.jpg 155 276 251 221 0.93535
00022.jpg 206 69 67 90 0.93233
00022.jpg 205 73 69 87 0.93166
00022.jpg 411 95 103 209 0.93123
00022.jpg 542 64 66 135 0.93110
00022.jpg 691 85 82 152 0.93085
00022.jpg 540 63 64 127 0.93047
00022.jpg 205 73 67 97 0.92839
00022.jpg 682 84 101 151 0.92809
00022.jpg 158 276 246 216 0.92715
00022.jpg 151 268 251 215 0.92629
00022.jpg 683 89 106 152 0.92592
00022.jpg 684 87 111 149 0.92519
00022.jpg 537 60 67 135 0.92468
00022.jpg 157 274 250 227 0.92138
00022.jpg 538 66 65 132 0.91963
00022.jpg 410 100 106 211 0.91937
00022.jpg 682 88 107 149 0.91891
00022.jpg 198 71 73 123 0.91718
00022.jpg 692 89 82 143 0.90985
00022.jpg 408 101 105 206 0.90958
00022.jpg 149 277 256 217 0.90906
00022.jpg 534 61 68 136 0.90866
00022.jpg 149 261 241 234 0.90782
00022.jpg 690 89 98 142 0.90720
00022.jpg 131 265 285 231 0.90587
00022.jpg 157 277 247 215 0.90371
00022.jpg 407 95 108 215 0.90185
00022.jpg 204 69 71 111 0.90157
00022.jpg 411 103 102 202 0.90027
00022.jpg 205 70 71 91 0.89834
00022.jpg 206 71 69 90 0.89583
00022.jpg 195 77 78 115 0.89486
00022.jpg 540 62 66 131 0.89392
00022.jpg 407 94 109 216 0.89176
00022.jpg 539 65 71 130 0.89032
00022.jpg 203 68 74 92 0.88990
00022.jpg 197 78 72 120 0.88946
00022.jpg 407 97 103 218 0.88764
00022.jpg 410 100 95 208 0.88615
00022.jpg 685 86 107 152 0.88549
00022.jpg 202 72 73 90 0.88379
00022.jpg 684 94 107 143 0.88275
00022.jpg 539 66 68 126 0.88207
00022.jpg 203 73 68 86 0.88065
00022.jpg 207 69 67 111 0.87691
00022.jpg 194 70 83 132 0.87602
00022.jpg 686 80 105 153 0.87540
00022.jpg 691 89 100 139 0.87511
00022.jpg 691 90 89 142 0.87449
00022.jpg 688 86 91 145 0.87365
00022.jpg 680 86 104 149 0.87141
00022.jpg 686 84 107 148 0.87127
00022.jpg 539 66 70 129 0.86958
00022.jpg 207 73 66 91 0.86928
00022.jpg 195 77 76 123 0.86874
00022.jpg 690 86 92 143 0.86861
00022.jpg 413 94 103 212 0.85970
00022.jpg 191 70 83 131 0.85750
00022.jpg 407 100 108 205 0.85712
00022.jpg 209 73 61 83 0.85698
00022.jpg 540 60 64 138 0.85566
00022.jpg 418 105 95 198 0.84947
00022.jpg 204 75 65 78 0.84905
00022.jpg 405 108 101 193 0.84579
00022.jpg 205 75 66 70 0.84523
00022.jpg 691 90 86 146 0.84441
00022.jpg 200 72 70 108 0.84401
00022.jpg 203 69 70 94 0.84385
00022.jpg 406 102 112 204 0.84368
00022.jpg 195 77 79 130 0.84266
00022.jpg 201 63 70 136 0.84187
00022.jpg 114 279 302 220 0.83926
00022.jpg 205 74 68 85 0.83679
00022.jpg 549 63 59 133 0.83131
00022.jpg 693 87 91 149 0.82882
00022.jpg 206 68 67 90 0.82791
00022.jpg 139 266 261 224 0.82723
00022.jpg 207 73 70 83 0.82660
00022.jpg 400 102 117 207 0.82625
00022.jpg 687 87 96 140 0.82492
00022.jpg 691 87 94 153 0.82435
00022.jpg 406 94 109 209 0.82389
00022.jpg 205 73 68 104 0.82112
00022.jpg 413 95 101 211 0.81976
00022.jpg 167 282 227 213 0.81889
00022.jpg 691 86 98 147 0.81732
00022.jpg 201 72 73 106 0.81294
00022.jpg 406 97 110 210 0.81217
00022.jpg 686 83 104 151 0.81010
00022.jpg 193 71 85 135 0.80728
00022.jpg 205 72 62 93 0.80682
00022.jpg 407 101 110 203 0.80662
00022.jpg 538 56 62 142 0.80171
00022.jpg 682 82 111 150 0.79582
00022.jpg 202 75 73 114 0.79220
00022.jpg 201 71 73 118 0.79205
00022.jpg 206 73 70 82 0.79136
00022.jpg 192 71 79 131 0.79117
00022.jpg 204 75 73 88 0.78917
00022.jpg 209 75 68 84 0.78855
00022.jpg 412 99 101 209 0.78849
00022.jpg 686 87 101 141 0.78511
00022.jpg 416 102 98 192 0.78404
00022.jpg 678 92 109 138 0.78328
00022.jpg 686 85 104 140 0.78322
00022.jpg 201 80 70 72 0.77912
00022.jpg 201 73 68 92 0.77895
00022.jpg 198 73 77 99 0.77789
00022.jpg 408 102 104 210 0.77420
00022.jpg 148 272 262 224 0.77353
00022.jpg 690 85 102 145 0.76579
00022.jpg 689 88 86 147 0.76574
00022.jpg 683 84 112 153 0.76539
00022.jpg 206 73 70 80 0.75946
00022.jpg 195 73 73 128 0.75939
00022.jpg 689 89 91 136 0.75711
00022.jpg 540 61 62 130 0.75685
00022.jpg 197 90 62 108 0.75647
00022.jpg 199 72 73 89 0.75623
00022.jpg 213 75 56 79 0.75015
00022.jpg 206 68 67 115 0.74705
00022.jpg 194 106 69 90 0.74549
00022.jpg 543 61 63 137 0.74444
00022.jpg 166 274 227 226 0.74334
00022.jpg 207 67 68 97 0.74294
00022.jpg 538 68 62 123 0.74124
00022.jpg 203 77 70 71 0.74117
00022.jpg 206 69 71 86 0.73651
00022.jpg 199 72 70 114 0.73583
00022.jpg 414 102 101 213 0.73515
00022.jpg 155 274 256 223 0.73417
00022.jpg 208 73 68 79 0.72988
00022.jpg 540 66 68 133 0.72922
00022.jpg 187 70 94 136 0.72728
00022.jpg 409 106 108 191 0.72615
00022.jpg 677 86 121 146 0.72445
00022.jpg 538 63 68 135 0.72217
00022.jpg 203 67 72 132 0.72170
00022.jpg 690 81 95 155 0.72157
00022.jpg 199 72 80 116 0.72021
00022.jpg 536 62 62 131 0.71356
00022.jpg 198 66 81 139 0.71354
00022.jpg 684 91 87 143 0.71147
00022.jpg 690 85 99 140 0.70855
00022.jpg 686 87 86 146 0.70505
00022.jpg 693 87 83 145 0.70042
00022.jpg 689 88 84 149 0.70023
00022.jpg 210 72 62 80 0.69735
00022.jpg 207 73 67 85 0.69286
00022.jpg 188 103 79 91 0.69055
00022.jpg 206 71 63 86 0.68882
00022.jpg 414 99 101 201 0.68795
00022.jpg 164 256 237 242 0.68710
00022.jpg 401 98 108 209 0.68550
00022.jpg 200 76 64 125 0.68271
00022.jpg 192 114 69 75 0.68194
00022.jpg 412 101 104 214 0.67868
00022.jpg 682 91 109 144 0.67423
00022.jpg 201 68 74 129 0.67214
00022.jpg 416 103 100 202 0.66983
00022.jpg 191 70 88 126 0.66488
00022.jpg 677 91 115 145 0.65553
00022.jpg 543 63 64 132 0.65532
00022.jpg 534 67 71 126 0.65449
00022.jpg 200 80 68 95 0.65377
00022.jpg 122 277 275 216 0.65220
00022.jpg 145 268 262 228 0.65180
00022.jpg 549 67 57 133 0.64793
00022.jpg 696 89 96 139 0.64531
00022.jpg 203 65 67 136 0.64268
00022.jpg 535 56 78 139 0.64240
00022.jpg 189 64 93 135 0.63788
00022.jpg 138 269 280 223 0.63782
00022.jpg 541 59 70 135 0.63604
00022.jpg 210 70 67 113 0.63601
00022.jpg 543 65 71 122 0.63600
00022.jpg 195 74 67 129 0.63299
00022.jpg 688 89 81 143 0.63257
00022.jpg 149 278 243 225 0.62847
00022.jpg 195 79 71 111 0.62422
00022.jpg 198 71 77 102 0.62417
00022.jpg 543 62 65 131 0.62120
00022.jpg 194 74 76 129 0.61717
00022.jpg 542 62 65 131 0.61640
00022.jpg 541 62 62 130 0.61488
00022.jpg 541 61 66 130 0.61461
00022.jpg 533 64 67 131 0.61272
00022.jpg 140 273 256 228 0.60888
00022.jpg 532 69 73 125 0.60643
00022.jpg 535 62 66 134 0.60084
00022.jpg 536 61 61 130 0.59887
00022.jpg 538 62 63 134 0.59074
00022.jpg 201 66 67 140 0.58842
00022.jpg 405 101 104 208 0.58336
00022.jpg 184 120 78 68 0.58162
00022.jpg 194 85 76 108 0.58121
00022.jpg 162 277 230 222 0.57944
00022.jpg 146 262 268 233 0.57528
00022.jpg 209 75 56 78 0.57438
00022.jpg 537 65 63 127 0.57072
00022.jpg 187 72 88 132 0.56134
00022.jpg 695 85 79 142 0.55783
00022.jpg 187 70 94 151 0.55763
00022.jpg 402 101 120 192 0.55561
00022.jpg 134 275 285 219 0.55455
00022.jpg 696 91 94 136 0.55382
00022.jpg 403 100 118 204 0.55286
00022.jpg 401 94 127 215 0.55049
00022.jpg 687 94 93 132 0.54280
00022.jpg 192 76 88 144 0.54168
00022.jpg 685 87 108 140 0.54079
00022.jpg 194 75 69 130 0.54058
00022.jpg 702 90 87 136 0.53831
00022.jpg 402 104 108 201 0.53710
00022.jpg 406 102 111 211 0.53693
00022.jpg 184 72 90 132 0.53548
00022.jpg 397 99 117 202 0.52781
00022.jpg 121 277 283 221 0.52525
00022.jpg 194 82 78 118 0.52049
00022.jpg 542 58 72 136 0.51634
00022.jpg 196 73 70 95 0.51586
00022.jpg 189 78 85 118 0.51358
00022.jpg 189 67 92 155 0.51230
00022.jpg 678 88 119 144 0.50931
00022.jpg 141 267 263 225 0.50691
00022.jpg 532 71 78 111 0.50380
00022.jpg 203 71 65 96 0.49952
