00038.jpg 166 254 238 235 0.99870
00038.jpg 152 247 262 252 0.99812
00038.jpg 158 265 249 226 0.99762
00038.jpg 162 251 244 244 0.99755
00038.jpg 156 247 244 243 0.99732
00038.jpg 542 60 61 133 0.99714
00038.jpg 153 265 249 217 0.99699
00038.jpg 141 253 252 235 0.99657
00038.jpg 163 256 247 235 0.99654
00038.jpg 143 263 264 227 0.99608
00038.jpg 546 61 61 125 0.99606
00038.jpg 169 259 234 240 0.99565
00038.jpg 149 252 249 240 0.99564
00038.jpg 681 124 70 113 0.99548
00038.jpg 425 112 112 191 0.99482
00038.jpg 685 125 60 112 0.99479
00038.jpg 144 260 266 231 0.99478
00038.jpg 548 59 60 134 0.99467
00038.jpg 688 126 61 109 0.99444
00038.jpg 192 74 76 118 0.99434
00038.jpg 545 58 61 129 0.99422
00038.jpg 544 62 62 129 0.99411
00038.jpg 155 253 257 247 0.99404
00038.jpg 684 125 65 112 0.99403
00038.jpg 548 59 58 135 0.99402
00038.jpg 429 114 110 192 0.99373
00038.jpg 429 113 109 193 0.99373
00038.jpg 682 128 68 104 0.99316
00038.jpg 548 59 54 133 0.99268
00038.jpg 686 123 58 111 0.99262
00038.jpg 193 71 78 131 0.99260
00038.jpg 433 114 102 189 0.99259
00038.jpg 682 125 71 109 0.99251
00038.jpg 428 110 109 195 0.99250
00038.jpg 167 264 229 224 0.99244
00038.jpg 547 52 59 143 0.99239
00038.jpg 685 125 65 113 0.99209
00038.jpg 684 126 62 108 0.99196
00038.jpg 139 253 272 245 0.99195
00038.jpg 196 73 77 125 0.99191
00038.jpg 427 110 110 197 0.99187
00038.jpg 168 261 239 241 0.99182
00038.jpg 169 265 229 232 0.99169
00038.jpg 172 255 231 233 0.99168
00038.jpg 685 124 62 114 0.99162
00038.jpg 548 61 57 130 0.99151
00038.jpg 547 59 59 132 0.99131
00038.jpg 167 262 237 231 0.99130
00038.jpg 140 267 261 218 0.99119
00038.jpg 682 124 70 110 0.99079
00038.jpg 428 113 103 195 0.99075
00038.jpg 545 55 63 137 0.99065
00038.jpg 549 56 53 135 0.99063
00038.jpg 430 113 105 193 0.99059
00038.jpg 429 110 106 198 0.99050
00038.jpg 126 260 270 233 0.99035
00038.jpg 132 249 265 252 0.99023
00038.jpg 685 126 56 108 0.99019
00038.jpg 682 120 69 116 0.99014
00038.jpg 425 115 111 188 0.98972
00038.jpg 548 59 59 132 0.98955
00038.jpg 685 125 63 116 0.98953
00038.jpg 425 115 107 193 0.98951
00038.jpg 161 262 242 236 0.98901
00038.jpg 430 116 105 190 0.98894
00038.jpg 427 105 109 202 0.98860
00038.jpg 684 123 68 114 0.98847
00038.jpg 685 124 64 113 0.98797
00038.jpg 149 250 261 236 0.98790
00038.jpg 430 118 102 185 0.98735
00038.jpg 685 123 65 116 0.98715
00038.jpg 684 124 66 112 0.98689
00038.jpg 549 59 55 131 0.98671
00038.jpg 167 251 238 232 0.98671
00038.jpg 189 69 85 133 0.98664
00038.jpg 430 115 101 195 0.98632
00038.jpg 192 73 83 128 0.98608
00038.jpg 168 261 230 236 0.98600
00038.jpg 430 117 99 183 0.98598
00038.jpg 427 111 111 196 0.98584
00038.jpg 550 58 58 133 0.98559
00038.jpg 172 259 225 236 0.98550
00038.jpg 551 61 56 130 0.98543
00038.jpg 193 74 80 125 0.98535
00038.jpg 160 259 224 230 0.98529
00038.jpg 547 59 56 130 0.98483
00038.jpg 167 262 240 241 0.98416
00038.jpg 547 58 60 135 0.98394
00038.jpg 549 59 54 135 0.98371
00038.jpg 160 260 244 238 0.98367
00038.jpg 168 262 226 233 0.98356
00038.jpg 432 111 105 200 0.98320
00038.jpg 196 73 74 124 0.98290
00038.jpg 146 250 257 240 0.98243
00038.jpg 160 261 238 232 0.98214
00038.jpg 136 251 271 235 0.98205
00038.jpg 685 125 64 107 0.98173
00038.jpg 425 120 117 179 0.98152
00038.jpg 548 61 56 134 0.98107
00038.jpg 422 116 119 197 0.98034
00038.jpg 158 262 253 228 0.98024
00038.jpg 682 126 65 108 0.98019
00038.jpg 195 73 76 123 0.97999
00038.jpg 686 125 57 110 0.97984
00038.jpg 170 252 231 245 0.97983
00038.jpg 544 57 60 135 0.97950
00038.jpg 192 73 76 123 0.97947
00038.jpg 145 243 270 251 0.97921
00038.jpg 195 71 76 127 0.97912
00038.jpg 683 121 68 115 0.97887
00038.jpg 428 115 108 190 0.97884
00038.jpg 684 124 70 107 0.97833
00038.jpg 546 59 61 134 0.97828
00038.jpg 549 61 59 127 0.97760
00038.jpg 427 116 109 189 0.97753
00038.jpg 546 56 54 140 0.97752
00038.jpg 437 110 97 195 0.97556
00038.jpg 686 123 61 112 0.97524
00038.jpg 686 122 66 115 0.97486
00038.jpg 547 58 60 136 0.97474
00038.jpg 684 124 70 111 0.97474
00038.jpg 432 117 106 193 0.97449
00038.jpg 424 111 112 189 0.97428
00038.jpg 684 121 68 114 0.97405
00038.jpg 431 110 107 196 0.97382
00038.jpg 149 256 258 223 0.97375
00038.jpg 197 71 77 124 0.97371
00038.jpg 421 118 121 188 0.97327
00038.jpg 418 117 125 193 0.97223
00038.jpg 126 251 286 238 0.97219
00038.jpg 193 71 80 129 0.97201
00038.jpg 548 60 57 129 0.97123
00038.jpg 192 69 82 130 0.97116
00038.jpg 422 117 112 182 0.97033
00038.jpg 151 245 242 245 0.97014
00038.jpg 546 58 59 140 0.96998
00038.jpg 163 252 235 232 0.96899
00038.jpg 428 121 105 185 0.96873
00038.jpg 140 250 275 245 0.96857
00038.jpg 164 262 243 228 0.96835
00038.jpg 164 256 237 236 0.96824
00038.jpg 427 115 109 185 0.96625
00038.jpg 685 124 67 111 0.96536
00038.jpg 428 117 104 186 0.96524
00038.jpg 430 117 105 180 0.96483
00038.jpg 548 56 60 141 0.96456
00038.jpg 166 252 239 245 0.96432
00038.jpg 545 56 60 138 0.96352
00038.jpg 686 125 61 108 0.96304
00038.jpg 685 124 62 109 0.96300
00038.jpg 194 67 79 151 0.96282
00038.jpg 194 71 78 124 0.96177
00038.jpg 547 58 58 131 0.96169
00038.jpg 154 256 250 225 0.96117
00038.jpg 683 122 70 114 0.96010
00038.jpg 420 110 119 197 0.95994
00038.jpg 423 114 118 192 0.95962
00038.jpg 429 113 108 195 0.95844
00038.jpg 191 71 81 128 0.95749
00038.jpg 684 125 67 111 0.95628
00038.jpg 149 249 243 252 0.95538
00038.jpg 685 127 66 109 0.95451
00038.jpg 191 76 81 130 0.95428
00038.jpg 684 124 62 111 0.95290
00038.jpg 159 259 253 241 0.95185
00038.jpg 163 248 243 255 0.95126
00038.jpg 546 60 57 133 0.95121
00038.jpg 160 257 241 240 0.95073
00038.jpg 196 73 75 120 0.94933
00038.jpg 194 71 80 128 0.94877
00038.jpg 685 121 62 116 0.94864
00038.jpg 131 265 279 222 0.94828
00038.jpg 548 61 59 131 0.94567
00038.jpg 168 258 240 241 0.94366
00038.jpg 686 124 63 115 0.94360
00038.jpg 163 264 245 230 0.94309
00038.jpg 683 123 65 112 0.94260
00038.jpg 190 70 81 127 0.94218
00038.jpg 426 117 112 192 0.94208
00038.jpg 549 57 57 135 0.94032
00038.jpg 426 114 113 192 0.94021
00038.jpg 425 119 107 181 0.93963
00038.jpg 431 114 104 191 0.93943
00038.jpg 170 264 235 230 0.93940
00038.jpg 545 58 61 132 0.93848
00038.jpg 430 121 109 188 0.93644
00038.jpg 685 124 62 111 0.93346
00038.jpg 191 70 83 130 0.93299
00038.jpg 548 52 54 140 0.93281
00038.jpg 158 259 244 241 0.93188
00038.jpg 544 54 63 137 0.93157
00038.jpg 682 126 64 109 0.93018
00038.jpg 686 128 61 105 0.92978
00038.jpg 190 71 85 132 0.92971
00038.jpg 429 115 103 192 0.92965
00038.jpg 196 71 79 133 0.92829
00038.jpg 194 72 80 128 0.92756
00038.jpg 547 56 57 136 0.92741
00038.jpg 195 69 78 127 0.92655
00038.jpg 164 258 239 235 0.92650
00038.jpg 192 68 85 153 0.92581
00038.jpg 169 255 240 246 0.92372
00038.jpg 548 58 56 136 0.92107
00038.jpg 426 116 114 188 0.92020
00038.jpg 130 251 286 242 0.91928
00038.jpg 197 68 77 138 0.91803
00038.jpg 171 253 235 251 0.91685
00038.jpg 550 53 52 135 0.91681
00038.jpg 544 55 60 142 0.91431
00038.jpg 549 60 57 133 0.91422
00038.jpg 427 115 107 192 0.91373
00038.jpg 142 257 264 226 0.91335
00038.jpg 546 57 61 137 0.91306
00038.jpg 682 122 68 114 0.91291
00038.jpg 686 123 54 111 0.91066
00038.jpg 549 59 55 135 0.90941
00038.jpg 427 112 108 197 0.90728
00038.jpg 683 124 60 115 0.90704
00038.jpg 425 114 117 194 0.90491
00038.jpg 192 66 88 142 0.89998
00038.jpg 116 252 303 237 0.89791
00038.jpg 682 127 68 107 0.89546
00038.jpg 550 63 55 127 0.89053
00038.jpg 173 258 234 243 0.88940
00038.jpg 190 65 78 141 0.88827
00038.jpg 548 60 58 130 0.88779
00038.jpg 189 70 80 129 0.88775
00038.jpg 192 72 84 128 0.88768
00038.jpg 424 108 116 194 0.88192
00038.jpg 189 69 86 134 0.87850
00038.jpg 546 57 54 139 0.87833
00038.jpg 190 76 78 118 0.87761
00038.jpg 193 73 81 158 0.87740
00038.jpg 545 64 60 127 0.87243
00038.jpg 191 74 78 121 0.87227
00038.jpg 167 263 239 234 0.87224
00038.jpg 684 123 69 111 0.87156
00038.jpg 549 63 59 128 0.86965
00038.jpg 545 58 57 134 0.85990
00038.jpg 428 112 110 191 0.85718
00038.jpg 682 123 70 112 0.85453
00038.jpg 684 123 57 113 0.84944
00038.jpg 188 75 85 125 0.84855
00038.jpg 689 127 63 109 0.84837
00038.jpg 545 58 61 136 0.84441
00038.jpg 192 73 78 116 0.84271
00038.jpg 186 72 91 183 0.83688
00038.jpg 550 59 58 135 0.83233
00038.jpg 172 265 216 212 0.83007
00038.jpg 426 116 109 185 0.82446
00038.jpg 167 270 240 223 0.82196
00038.jpg 199 72 74 129 0.82123
00038.jpg 549 58 53 130 0.82090
00038.jpg 195 71 77 122 0.81947
00038.jpg 143 255 265 241 0.81881
00038.jpg 135 258 271 227 0.81827
00038.jpg 434 114 104 193 0.81667
00038.jpg 200 71 74 132 0.81507
00038.jpg 685 123 59 113 0.81152
00038.jpg 685 125 70 111 0.80922
00038.jpg 131 269 281 228 0.80441
00038.jpg 687 126 71 109 0.80317
00038.jpg 424 115 109 188 0.79613
00038.jpg 195 74 76 108 0.79389
00038.jpg 186 65 86 162 0.79262
00038.jpg 431 117 96 194 0.78748
00038.jpg 169 266 232 223 0.78689
00038.jpg 680 128 75 107 0.78309
00038.jpg 175 270 224 219 0.77880
00038.jpg 546 53 52 142 0.77749
00038.jpg 188 77 80 129 0.77537
00038.jpg 435 106 103 202 0.77462
00038.jpg 197 75 75 114 0.76868
00038.jpg 683 127 56 108 0.76706
00038.jpg 420 105 118 204 0.76558
00038.jpg 166 257 239 250 0.76509
00038.jpg 545 62 62 131 0.76252
00038.jpg 195 72 75 123 0.76094
00038.jpg 556 60 49 133 0.75523
00038.jpg 192 73 78 124 0.75493
00038.jpg 196 72 77 106 0.75389
00038.jpg 547 56 63 139 0.74961
00038.jpg 540 58 67 138 0.74343
00038.jpg 680 136 78 100 0.74281
00038.jpg 539 54 62 149 0.74121
00038.jpg 194 71 76 120 0.74106
00038.jpg 745 154 37 77 0.73952
00038.jpg 548 63 61 125 0.73410
00038.jpg 130 261 277 238 0.73227
00038.jpg 547 49 55 148 0.73159
00038.jpg 196 73 76 118 0.73154
00038.jpg 550 59 58 135 0.72674
00038.jpg 553 60 55 128 0.72564
00038.jpg 196 62 84 174 0.72063
00038.jpg 744 165 42 65 0.72010
00038.jpg 194 70 84 201 0.71439
00038.jpg 193 71 75 112 0.71381
00038.jpg 190 73 83 121 0.71318
00038.jpg 426 113 106 185 0.70968
00038.jpg 129 260 273 224 0.70607
00038.jpg 438 118 89 183 0.70363
00038.jpg 194 77 75 113 0.70087
00038.jpg 432 114 107 192 0.69804
00038.jpg 549 61 62 134 0.69358
00038.jpg 750 156 36 73 0.69264
00038.jpg 128 263 274 232 0.68699
00038.jpg 194 73 76 125 0.68611
00038.jpg 173 253 219 259 0.68529
00038.jpg 682 126 63 103 0.68419
00038.jpg 168 261 238 232 0.68328
00038.jpg 743 153 45 70 0.67962
00038.jpg 196 70 77 123 0.67221
00038.jpg 559 56 49 135 0.67083
00038.jpg 192 72 80 127 0.67035
00038.jpg 742 151 41 71 0.66684
00038.jpg 203 78 65 132 0.66341
00038.jpg 164 257 243 237 0.66119
00038.jpg 193 73 82 117 0.65909
00038.jpg 420 113 112 195 0.65786
00038.jpg 180 256 214 235 0.65140
00038.jpg 546 62 56 128 0.65126
00038.jpg 425 116 115 187 0.64963
00038.jpg 423 115 108 195 0.64277
00038.jpg 187 67 94 142 0.64258
00038.jpg 545 58 51 131 0.63858
00038.jpg 746 160 39 70 0.63856
00038.jpg 188 65 94 179 0.63594
00038.jpg 682 127 81 109 0.63141
00038.jpg 196 70 77 133 0.63019
00038.jpg 551 65 62 131 0.63000
00038.jpg 420 121 112 188 0.62833
00038.jpg 552 64 57 129 0.62639
00038.jpg 685 125 58 108 0.62541
00038.jpg 545 59 63 132 0.62408
00038.jpg 546 59 52 130 0.62303
00038.jpg 191 73 75 107 0.62157
00038.jpg 433 111 104 189 0.62068
00038.jpg 420 114 121 189 0.62045
00038.jpg 684 126 70 107 0.61790
00038.jpg 745 152 40 79 0.60885
00038.jpg 680 125 71 110 0.60397
00038.jpg 129 255 277 240 0.60049
00038.jpg 749 151 36 75 0.59873
00038.jpg 741 157 42 73 0.59756
00038.jpg 682 124 58 109 0.59068
00038.jpg 166 266 248 224 0.59007
00038.jpg 190 76 79 101 0.58999
00038.jpg 549 60 62 129 0.58300
00038.jpg 176 255 230 233 0.58100
00038.jpg 199 79 73 163 0.57841
00038.jpg 686 124 68 113 0.57788
00038.jpg 198 68 74 122 0.57701
00038.jpg 754 157 33 69 0.57221
00038.jpg 187 67 86 143 0.56964
00038.jpg 429 104 115 200 0.56796
00038.jpg 691 127 61 106 0.56766
00038.jpg 742 161 43 69 0.56644
00038.jpg 431 119 107 182 0.56625
00038.jpg 192 69 77 132 0.56304
00038.jpg 122 244 273 237 0.56197
00038.jpg 429 119 109 195 0.55957
00038.jpg 674 122 87 112 0.55384
00038.jpg 203 73 66 129 0.55047
00038.jpg 426 113 107 191 0.54592
00038.jpg 126 253 299 240 0.54035
00038.jpg 543 55 59 131 0.52758
00038.jpg 746 157 41 71 0.52749
00038.jpg 103 246 301 263 0.52515
00038.jpg 440 114 94 187 0.52198
00038.jpg 182 257 223 259 0.51669
00038.jpg 143 255 265 213 0.51320
00038.jpg 546 61 54 138 0.50473
00038.jpg 422 107 117 204 0.50457
00038.jpg 683 127 54 107 0.50208
00038.jpg 694 126 64 110 0.50065
00038.jpg 552 59 59 131 0.49940
00038.jpg 750 153 35 76 0.49915
