00037.jpg 161 257 239 234 0.99910
00037.jpg 166 257 239 229 0.99862
00037.jpg 157 256 248 235 0.99768
00037.jpg 430 123 106 185 0.99767
00037.jpg 164 263 236 233 0.99738
00037.jpg 548 59 61 134 0.99718
00037.jpg 150 265 261 235 0.99711
00037.jpg 158 264 251 231 0.99709
00037.jpg 143 265 266 225 0.99705
00037.jpg 166 263 237 235 0.99702
00037.jpg 432 120 104 184 0.99642
00037.jpg 190 71 84 129 0.99624
00037.jpg 682 130 67 106 0.99614
00037.jpg 199 68 72 133 0.99597
00037.jpg 154 259 245 231 0.99572
00037.jpg 681 129 69 110 0.99554
00037.jpg 426 119 115 183 0.99549
00037.jpg 544 55 64 138 0.99534
00037.jpg 143 269 248 217 0.99509
00037.jpg 545 60 64 133 0.99477
00037.jpg 682 125 61 113 0.99475
00037.jpg 548 57 60 142 0.99406
00037.jpg 547 59 61 132 0.99381
00037.jpg 146 249 262 239 0.99373
00037.jpg 546 53 59 142 0.99368
00037.jpg 433 115 101 189 0.99347
00037.jpg 169 270 231 222 0.99347
00037.jpg 678 127 72 109 0.99331
00037.jpg 199 73 71 124 0.99315
00037.jpg 544 57 65 136 0.99265
00037.jpg 139 251 260 236 0.99259
00037.jpg 129 256 269 233 0.99250
00037.jpg 170 255 227 248 0.99247
00037.jpg 169 264 238 225 0.99242
00037.jpg 196 73 75 123 0.99239
00037.jpg 681 127 63 109 0.99238
00037.jpg 549 61 56 132 0.99230
00037.jpg 683 125 64 109 0.99221
00037.jpg 545 59 66 133 0.99217
00037.jpg 430 114 111 190 0.99202
00037.jpg 430 116 109 191 0.99202
00037.jpg 426 116 112 183 0.99185
00037.jpg 430 111 107 193 0.99180
00037.jpg 174 269 223 228 0.99170
00037.jpg 683 126 63 112 0.99169
00037.jpg 547 60 59 130 0.99138
00037.jpg 678 131 70 104 0.99127
00037.jpg 154 257 243 227 0.99126
00037.jpg 148 256 264 231 0.99097
00037.jpg 163 264 243 231 0.99096
00037.jpg 130 263 262 228 0.99080
00037.jpg 545 61 60 131 0.99073
00037.jpg 544 55 65 139 0.99061
00037.jpg 544 56 62 132 0.99056
00037.jpg 156 261 246 227 0.99047
00037.jpg 196 72 77 127 0.99031
00037.jpg 679 126 68 108 0.99029
00037.jpg 430 112 107 198 0.99028
00037.jpg 167 257 232 250 0.99015
00037.jpg 170 265 223 220 0.99013
00037.jpg 425 116 113 187 0.98958
00037.jpg 685 129 53 111 0.98952
00037.jpg 431 113 106 188 0.98947
00037.jpg 680 125 69 110 0.98946
00037.jpg 159 268 238 221 0.98946
00037.jpg 151 265 255 229 0.98942
00037.jpg 681 127 67 111 0.98909
00037.jpg 545 59 64 127 0.98901
00037.jpg 548 59 62 136 0.98873
00037.jpg 194 73 77 124 0.98862
00037.jpg 153 250 248 236 0.98859
00037.jpg 164 259 239 236 0.98831
00037.jpg 545 59 62 136 0.98825
00037.jpg 686 129 58 103 0.98817
00037.jpg 547 58 64 137 0.98815
00037.jpg 197 72 73 125 0.98812
00037.jpg 550 61 54 131 0.98811
00037.jpg 682 128 62 108 0.98784
00037.jpg 549 62 57 124 0.98783
00037.jpg 162 255 240 241 0.98769
00037.jpg 680 128 66 107 0.98767
00037.jpg 546 59 65 133 0.98764
00037.jpg 686 126 59 111 0.98706
00037.jpg 683 126 60 110 0.98705
00037.jpg 193 73 80 121 0.98696
00037.jpg 548 57 57 133 0.98668
00037.jpg 546 56 64 143 0.98635
00037.jpg 682 125 64 115 0.98606
00037.jpg 173 263 232 237 0.98570
00037.jpg 430 114 108 192 0.98559
00037.jpg 549 58 57 135 0.98556
00037.jpg 427 113 109 197 0.98551
00037.jpg 155 275 239 205 0.98532
00037.jpg 192 72 83 127 0.98532
00037.jpg 193 70 81 127 0.98528
00037.jpg 682 127 64 113 0.98508
00037.jpg 427 120 112 181 0.98494
00037.jpg 195 73 75 121 0.98481
00037.jpg 164 262 235 231 0.98449
00037.jpg 433 115 109 187 0.98424
00037.jpg 156 265 257 227 0.98364
00037.jpg 126 264 281 221 0.98352
00037.jpg 433 118 107 183 0.98330
00037.jpg 195 73 75 121 0.98296
00037.jpg 137 256 267 222 0.98255
00037.jpg 677 129 72 108 0.98251
00037.jpg 143 258 269 222 0.98248
00037.jpg 428 114 112 194 0.98244
00037.jpg 429 118 108 184 0.98243
00037.jpg 148 260 251 233 0.98212
00037.jpg 681 128 65 104 0.98184
00037.jpg 144 256 263 222 0.98137
00037.jpg 680 128 66 107 0.98124
00037.jpg 684 128 60 107 0.98103
00037.jpg 147 258 260 223 0.98069
00037.jpg 544 54 62 138 0.98067
00037.jpg 430 118 106 184 0.98065
00037.jpg 546 58 62 143 0.98013
00037.jpg 541 58 73 135 0.97978
00037.jpg 192 70 81 130 0.97974
00037.jpg 545 59 63 133 0.97959
00037.jpg 430 115 105 188 0.97857
00037.jpg 545 59 67 131 0.97816
00037.jpg 196 73 75 120 0.97791
00037.jpg 167 261 240 235 0.97745
00037.jpg 193 74 77 119 0.97585
00037.jpg 194 70 82 126 0.97546
00037.jpg 155 262 254 234 0.97531
00037.jpg 135 264 274 219 0.97515
00037.jpg 545 58 64 133 0.97496
00037.jpg 681 128 64 108 0.97438
00037.jpg 195 75 75 118 0.97428
00037.jpg 164 261 246 245 0.97360
00037.jpg 683 124 63 112 0.97338
00037.jpg 542 59 68 134 0.97305
00037.jpg 197 71 76 117 0.97165
00037.jpg 128 255 280 232 0.97159
00037.jpg 684 126 61 109 0.97100
00037.jpg 683 127 66 108 0.97039
00037.jpg 547 56 60 141 0.96970
00037.jpg 429 116 106 187 0.96937
00037.jpg 681 127 65 110 0.96926
00037.jpg 546 55 65 138 0.96863
00037.jpg 194 70 80 122 0.96793
00037.jpg 433 115 103 194 0.96763
00037.jpg 164 263 239 234 0.96751
00037.jpg 196 69 77 128 0.96750
00037.jpg 546 57 63 138 0.96744
00037.jpg 192 73 82 121 0.96719
00037.jpg 196 71 72 129 0.96688
00037.jpg 681 129 69 106 0.96670
00037.jpg 152 257 243 244 0.96652
00037.jpg 434 113 103 193 0.96629
00037.jpg 189 71 82 128 0.96538
00037.jpg 426 115 112 193 0.96500
00037.jpg 545 61 64 130 0.96388
00037.jpg 429 120 107 189 0.96384
00037.jpg 194 72 82 125 0.96262
00037.jpg 173 269 231 220 0.96262
00037.jpg 549 50 59 144 0.96247
00037.jpg 169 262 239 231 0.96234
00037.jpg 197 69 75 127 0.96160
00037.jpg 197 73 74 123 0.96144
00037.jpg 156 262 246 227 0.96106
00037.jpg 682 127 68 107 0.96087
00037.jpg 196 68 75 127 0.96001
00037.jpg 682 124 61 112 0.95822
00037.jpg 159 270 234 214 0.95739
00037.jpg 427 118 110 186 0.95735
00037.jpg 167 266 241 234 0.95731
00037.jpg 168 263 232 236 0.95692
00037.jpg 197 70 74 126 0.95590
00037.jpg 545 56 61 140 0.95558
00037.jpg 546 55 61 140 0.95543
00037.jpg 681 124 62 113 0.95518
00037.jpg 683 124 66 111 0.95446
00037.jpg 544 60 62 136 0.95429
00037.jpg 546 59 59 135 0.95311
00037.jpg 684 126 61 108 0.95284
00037.jpg 132 268 266 218 0.95192
00037.jpg 430 120 106 183 0.95158
00037.jpg 547 60 59 134 0.95045
00037.jpg 195 69 75 126 0.95025
00037.jpg 429 114 107 188 0.95017
00037.jpg 682 128 63 105 0.95016
00037.jpg 195 75 82 128 0.94959
00037.jpg 428 110 109 198 0.94946
00037.jpg 550 59 54 126 0.94776
00037.jpg 682 126 64 112 0.94773
00037.jpg 426 117 113 191 0.94634
00037.jpg 686 129 52 105 0.94557
00037.jpg 188 74 85 130 0.94539
00037.jpg 154 259 248 232 0.94388
00037.jpg 681 128 66 104 0.94360
00037.jpg 163 257 235 239 0.94310
00037.jpg 679 129 69 108 0.94167
00037.jpg 680 131 67 102 0.94143
00037.jpg 170 257 227 234 0.93918
00037.jpg 161 255 243 231 0.93807
00037.jpg 427 118 113 179 0.93766
00037.jpg 684 126 59 110 0.93709
00037.jpg 684 127 62 106 0.93674
00037.jpg 681 129 71 106 0.93643
00037.jpg 432 121 108 182 0.93625
00037.jpg 427 116 112 188 0.93451
00037.jpg 679 126 68 112 0.93407
00037.jpg 427 113 116 201 0.93283
00037.jpg 191 70 85 130 0.93269
00037.jpg 432 115 107 191 0.93267
00037.jpg 547 59 63 134 0.93180
00037.jpg 126 256 280 239 0.93166
00037.jpg 430 122 109 174 0.93163
00037.jpg 175 259 223 238 0.93050
00037.jpg 431 113 104 191 0.92887
00037.jpg 681 127 68 106 0.92880
00037.jpg 426 113 112 188 0.92620
00037.jpg 684 129 60 107 0.92523
00037.jpg 427 114 115 192 0.92461
00037.jpg 546 57 65 141 0.92434
00037.jpg 683 129 61 102 0.92426
00037.jpg 431 109 103 198 0.92331
00037.jpg 682 129 66 110 0.91703
00037.jpg 432 122 108 186 0.91663
00037.jpg 544 61 63 132 0.91526
00037.jpg 551 58 59 134 0.91425
00037.jpg 167 259 243 236 0.91388
00037.jpg 427 111 109 196 0.91119
00037.jpg 684 126 66 112 0.90733
00037.jpg 678 126 71 110 0.90710
00037.jpg 549 55 57 132 0.90709
00037.jpg 193 71 82 129 0.90643
00037.jpg 430 126 109 180 0.90584
00037.jpg 429 111 111 195 0.90375
00037.jpg 430 116 113 189 0.90325
00037.jpg 549 51 59 137 0.90139
00037.jpg 423 114 118 198 0.89904
00037.jpg 120 254 287 237 0.89311
00037.jpg 683 126 70 108 0.89221
00037.jpg 424 114 115 195 0.89183
00037.jpg 433 121 104 180 0.88522
00037.jpg 431 116 102 189 0.88522
00037.jpg 140 258 268 232 0.88518
00037.jpg 194 75 75 120 0.88512
00037.jpg 143 264 252 228 0.88324
00037.jpg 432 112 103 192 0.88266
00037.jpg 201 72 71 124 0.88041
00037.jpg 684 131 58 101 0.87816
00037.jpg 680 131 65 103 0.87660
00037.jpg 684 127 68 107 0.87351
00037.jpg 425 121 115 173 0.87227
00037.jpg 679 125 64 116 0.87048
00037.jpg 165 260 228 231 0.86132
00037.jpg 427 112 109 197 0.85762
00037.jpg 195 73 74 120 0.85018
00037.jpg 197 72 73 108 0.84539
00037.jpg 137 268 276 228 0.84425
00037.jpg 431 114 106 192 0.84370
00037.jpg 545 58 64 139 0.84344
00037.jpg 679 123 66 113 0.83925
00037.jpg 549 58 60 139 0.83911
00037.jpg 545 56 57 135 0.83832
00037.jpg 162 270 234 221 0.83391
00037.jpg 140 265 265 220 0.83380
00037.jpg 428 117 112 188 0.83060
00037.jpg 426 111 113 188 0.82938
00037.jpg 747 152 39 72 0.82620
00037.jpg 542 68 67 120 0.82545
00037.jpg 430 125 102 181 0.82496
00037.jpg 142 247 281 247 0.82476
00037.jpg 680 128 69 103 0.82204
00037.jpg 545 65 61 123 0.82130
00037.jpg 432 111 104 199 0.82029
00037.jpg 198 72 77 125 0.81937
00037.jpg 555 60 55 136 0.81775
00037.jpg 194 72 70 129 0.81733
00037.jpg 190 75 76 130 0.81642
00037.jpg 675 125 79 108 0.81238
00037.jpg 425 120 115 188 0.81120
00037.jpg 546 59 61 139 0.81009
00037.jpg 192 73 81 122 0.80890
00037.jpg 196 69 80 122 0.80295
00037.jpg 541 63 67 127 0.80113
00037.jpg 681 133 72 104 0.79963
00037.jpg 167 254 237 229 0.79214
00037.jpg 682 126 61 106 0.79092
00037.jpg 434 122 93 180 0.79048
00037.jpg 544 58 69 130 0.78858
00037.jpg 429 121 107 182 0.78592
00037.jpg 190 73 89 133 0.78505
00037.jpg 551 57 61 136 0.78470
00037.jpg 195 70 74 118 0.78400
00037.jpg 747 151 35 78 0.77879
00037.jpg 199 71 74 105 0.77760
00037.jpg 201 73 67 118 0.77507
00037.jpg 195 74 75 109 0.77488
00037.jpg 161 262 249 233 0.77286
00037.jpg 544 60 63 132 0.76993
00037.jpg 196 72 74 125 0.76583
00037.jpg 123 267 281 231 0.76309
00037.jpg 187 70 89 124 0.75999
00037.jpg 131 254 278 224 0.75849
00037.jpg 548 63 61 131 0.75493
00037.jpg 682 123 64 114 0.75488
00037.jpg 433 115 107 182 0.75418
00037.jpg 201 74 71 116 0.75165
00037.jpg 680 129 62 107 0.74943
00037.jpg 193 73 82 101 0.74742
00037.jpg 171 263 233 240 0.74600
00037.jpg 550 57 58 138 0.74527
00037.jpg 195 71 81 121 0.74494
00037.jpg 429 111 112 201 0.74083
00037.jpg 428 123 107 184 0.73898
00037.jpg 553 62 58 130 0.73836
00037.jpg 194 65 78 134 0.73414
00037.jpg 428 109 116 200 0.73177
00037.jpg 178 274 218 219 0.73025
00037.jpg 681 127 59 108 0.72840
00037.jpg 195 74 79 115 0.72644
00037.jpg 155 262 264 227 0.72483
00037.jpg 552 63 54 134 0.72383
00037.jpg 190 67 89 149 0.72090
00037.jpg 545 54 56 143 0.71767
00037.jpg 196 70 72 103 0.71762
00037.jpg 424 114 116 200 0.71728
00037.jpg 197 75 74 103 0.70347
00037.jpg 197 74 75 106 0.70080
00037.jpg 192 77 79 95 0.69732
00037.jpg 685 124 64 113 0.69410
00037.jpg 548 61 66 131 0.69341
00037.jpg 188 66 86 145 0.68677
00037.jpg 549 65 60 125 0.68644
00037.jpg 163 271 238 223 0.68371
00037.jpg 145 257 257 241 0.68277
00037.jpg 438 116 102 191 0.68085
00037.jpg 536 56 67 137 0.67958
00037.jpg 548 63 63 124 0.67575
00037.jpg 429 110 113 192 0.67507
00037.jpg 188 74 81 123 0.66993
00037.jpg 194 73 71 104 0.66911
00037.jpg 427 111 113 193 0.66333
00037.jpg 156 272 240 224 0.66318
00037.jpg 191 72 78 128 0.65576
00037.jpg 198 70 75 119 0.65554
00037.jpg 682 125 58 113 0.65497
00037.jpg 681 128 66 108 0.65078
00037.jpg 547 59 68 134 0.64805
00037.jpg 680 125 62 105 0.64555
00037.jpg 684 126 74 107 0.64523
00037.jpg 191 69 81 139 0.63965
00037.jpg 539 53 66 142 0.63894
00037.jpg 542 56 67 134 0.63412
00037.jpg 163 262 232 214 0.62957
00037.jpg 201 74 68 128 0.61711
00037.jpg 546 53 58 143 0.61701
00037.jpg 551 67 59 128 0.61677
00037.jpg 158 265 239 227 0.61188
00037.jpg 428 116 110 186 0.60677
00037.jpg 549 59 56 131 0.60651
00037.jpg 130 255 288 241 0.60549
00037.jpg 198 71 71 134 0.59900
00037.jpg 198 73 75 130 0.59630
00037.jpg 675 119 65 115 0.59230
00037.jpg 559 62 52 130 0.58929
00037.jpg 145 259 272 220 0.58091
00037.jpg 175 261 231 228 0.57756
00037.jpg 429 118 112 189 0.57603
00037.jpg 191 72 87 129 0.56742
00037.jpg 427 122 110 179 0.56595
00037.jpg 190 78 86 111 0.56285
00037.jpg 750 150 35 72 0.56059
00037.jpg 746 148 39 80 0.55990
00037.jpg 682 128 54 99 0.55429
00037.jpg 745 154 43 70 0.55231
00037.jpg 160 260 246 225 0.54934
00037.jpg 428 107 110 206 0.54621
00037.jpg 152 267 239 220 0.54457
00037.jpg 107 257 293 234 0.54141
00037.jpg 678 123 76 109 0.54075
00037.jpg 147 238 258 269 0.53887
00037.jpg 201 70 74 122 0.53102
00037.jpg 431 115 107 180 0.52614
00037.jpg 542 63 69 137 0.52463
00037.jpg 155 246 244 259 0.52448
00037.jpg 541 69 73 123 0.51842
00037.jpg 107 247 309 261 0.51642
00037.jpg 196 79 72 121 0.51539
00037.jpg 550 58 64 135 0.51433
00037.jpg 553 59 62 129 0.51376
00037.jpg 683 127 67 112 0.51304
00037.jpg 200 67 77 140 0.50972
00037.jpg 201 72 74 118 0.50690
