00034.jpg 160 262 245 228 0.99870
00034.jpg 167 260 241 237 0.99870
00034.jpg 533 59 79 134 0.99848
00034.jpg 156 252 240 236 0.99813
00034.jpg 147 260 266 236 0.99675
00034.jpg 681 130 75 101 0.99607
00034.jpg 682 130 72 107 0.99595
00034.jpg 681 129 73 106 0.99573
00034.jpg 684 131 66 111 0.99571
00034.jpg 165 267 235 228 0.99518
00034.jpg 171 256 233 240 0.99454
00034.jpg 170 264 228 237 0.99443
00034.jpg 682 133 70 100 0.99389
00034.jpg 172 266 220 222 0.99358
00034.jpg 681 132 69 104 0.99354
00034.jpg 538 57 71 132 0.99308
00034.jpg 540 58 72 134 0.99266
00034.jpg 681 127 68 111 0.99265
00034.jpg 537 60 71 133 0.99264
00034.jpg 147 255 263 230 0.99254
00034.jpg 436 126 102 179 0.99230
00034.jpg 152 271 265 210 0.99224
00034.jpg 149 265 255 238 0.99196
00034.jpg 540 64 71 126 0.99187
00034.jpg 684 129 67 110 0.99175
00034.jpg 137 257 279 237 0.99131
00034.jpg 537 62 75 130 0.99102
00034.jpg 683 127 75 110 0.99033
00034.jpg 149 265 259 228 0.99030
00034.jpg 684 127 67 112 0.99018
00034.jpg 164 268 242 218 0.98955
00034.jpg 163 273 241 220 0.98940
00034.jpg 148 255 256 232 0.98940
00034.jpg 160 269 246 212 0.98931
00034.jpg 541 59 72 129 0.98927
00034.jpg 168 268 234 229 0.98915
00034.jpg 679 129 75 108 0.98905
00034.jpg 684 132 60 107 0.98904
00034.jpg 161 265 242 234 0.98890
00034.jpg 158 269 238 218 0.98885
00034.jpg 164 264 244 227 0.98881
00034.jpg 432 119 107 187 0.98865
00034.jpg 166 265 238 230 0.98833
00034.jpg 537 60 76 133 0.98826
00034.jpg 166 264 219 206 0.98798
00034.jpg 152 256 258 238 0.98783
00034.jpg 541 60 71 132 0.98770
00034.jpg 143 266 271 218 0.98755
00034.jpg 539 56 69 133 0.98744
00034.jpg 681 132 70 102 0.98734
00034.jpg 681 130 71 107 0.98717
00034.jpg 682 133 69 110 0.98709
00034.jpg 199 74 71 114 0.98699
00034.jpg 540 61 69 130 0.98668
00034.jpg 681 134 69 104 0.98656
00034.jpg 148 270 267 217 0.98641
00034.jpg 158 256 250 232 0.98626
00034.jpg 682 130 71 109 0.98607
00034.jpg 171 249 225 244 0.98600
00034.jpg 678 130 76 110 0.98587
00034.jpg 433 120 104 183 0.98568
00034.jpg 433 125 102 178 0.98567
00034.jpg 684 132 64 104 0.98556
00034.jpg 153 266 258 218 0.98528
00034.jpg 683 130 68 107 0.98520
00034.jpg 161 264 247 236 0.98492
00034.jpg 537 60 67 133 0.98476
00034.jpg 683 126 70 112 0.98469
00034.jpg 536 53 78 141 0.98426
00034.jpg 683 131 69 106 0.98366
00034.jpg 169 269 237 228 0.98343
00034.jpg 536 68 80 124 0.98340
00034.jpg 161 252 246 227 0.98336
00034.jpg 682 134 73 102 0.98276
00034.jpg 681 130 70 105 0.98266
00034.jpg 539 57 74 130 0.98250
00034.jpg 433 118 104 191 0.98243
00034.jpg 161 265 239 231 0.98203
00034.jpg 123 256 271 238 0.98197
00034.jpg 167 265 236 239 0.98161
00034.jpg 433 121 108 177 0.98153
00034.jpg 198 64 73 126 0.98144
00034.jpg 435 119 101 184 0.98141
00034.jpg 537 60 77 133 0.98138
00034.jpg 129 246 286 245 0.98130
00034.jpg 535 62 78 133 0.98126
00034.jpg 150 258 251 231 0.98092
00034.jpg 437 122 100 189 0.98075
00034.jpg 159 270 243 220 0.98070
00034.jpg 439 123 101 181 0.98047
00034.jpg 166 263 231 229 0.98010
00034.jpg 537 60 73 135 0.97988
00034.jpg 537 57 73 135 0.97988
00034.jpg 172 264 230 228 0.97943
00034.jpg 198 71 76 112 0.97907
00034.jpg 172 261 227 239 0.97889
00034.jpg 439 119 100 185 0.97881
00034.jpg 438 124 93 177 0.97881
00034.jpg 682 132 67 103 0.97847
00034.jpg 432 122 113 186 0.97839
00034.jpg 680 128 74 114 0.97823
00034.jpg 140 253 261 225 0.97815
00034.jpg 425 119 107 187 0.97783
00034.jpg 137 258 268 224 0.97762
00034.jpg 199 72 73 123 0.97749
00034.jpg 167 265 240 229 0.97747
00034.jpg 436 125 103 183 0.97716
00034.jpg 168 251 234 240 0.97663
00034.jpg 538 59 72 138 0.97644
00034.jpg 165 266 235 229 0.97642
00034.jpg 434 125 104 181 0.97633
00034.jpg 681 130 74 106 0.97623
00034.jpg 684 128 70 107 0.97433
00034.jpg 435 120 101 184 0.97328
00034.jpg 433 133 96 170 0.97306
00034.jpg 437 119 99 183 0.97197
00034.jpg 433 121 106 185 0.97143
00034.jpg 197 69 77 125 0.97090
00034.jpg 537 62 73 130 0.97087
00034.jpg 197 72 73 120 0.97075
00034.jpg 163 260 250 241 0.97043
00034.jpg 197 70 74 124 0.96946
00034.jpg 436 120 102 186 0.96938
00034.jpg 682 126 68 112 0.96928
00034.jpg 170 257 238 241 0.96893
00034.jpg 430 120 111 183 0.96888
00034.jpg 157 260 239 228 0.96886
00034.jpg 433 118 107 190 0.96865
00034.jpg 536 61 79 130 0.96842
00034.jpg 683 127 64 109 0.96819
00034.jpg 435 116 99 193 0.96785
00034.jpg 430 122 105 183 0.96692
00034.jpg 678 135 78 100 0.96573
00034.jpg 541 61 72 131 0.96505
00034.jpg 164 263 239 234 0.96501
00034.jpg 684 133 65 102 0.96456
00034.jpg 198 73 71 122 0.96440
00034.jpg 434 125 107 183 0.96324
00034.jpg 684 131 67 105 0.96274
00034.jpg 433 127 95 177 0.96247
00034.jpg 537 58 77 138 0.96139
00034.jpg 160 272 232 211 0.96116
00034.jpg 684 131 66 106 0.95922
00034.jpg 195 69 75 129 0.95915
00034.jpg 681 130 74 105 0.95908
00034.jpg 678 131 70 102 0.95878
00034.jpg 201 67 71 131 0.95671
00034.jpg 684 130 65 106 0.95650
00034.jpg 136 268 270 217 0.95648
00034.jpg 197 70 70 124 0.95641
00034.jpg 435 125 96 179 0.95635
00034.jpg 537 61 74 133 0.95600
00034.jpg 197 71 70 111 0.95466
00034.jpg 438 125 103 176 0.95350
00034.jpg 547 65 60 127 0.95349
00034.jpg 201 74 72 121 0.95340
00034.jpg 162 257 240 241 0.95276
00034.jpg 199 70 72 116 0.95077
00034.jpg 684 128 68 108 0.94961
00034.jpg 539 60 71 128 0.94808
00034.jpg 542 60 62 136 0.94745
00034.jpg 683 135 69 99 0.94699
00034.jpg 435 119 101 183 0.94559
00034.jpg 427 120 113 185 0.94413
00034.jpg 748 148 38 80 0.94343
00034.jpg 170 256 234 246 0.94208
00034.jpg 431 121 112 185 0.94173
00034.jpg 132 244 283 253 0.94143
00034.jpg 542 60 73 133 0.94119
00034.jpg 541 68 69 120 0.94056
00034.jpg 539 59 76 133 0.94034
00034.jpg 200 70 70 122 0.93952
00034.jpg 542 63 73 128 0.93930
00034.jpg 437 123 106 190 0.93851
00034.jpg 161 270 246 220 0.93637
00034.jpg 430 116 102 189 0.93632
00034.jpg 433 119 107 181 0.93453
00034.jpg 152 256 240 230 0.93411
00034.jpg 542 61 72 133 0.93347
00034.jpg 194 73 75 129 0.93237
00034.jpg 685 133 68 105 0.93168
00034.jpg 197 69 70 127 0.93164
00034.jpg 682 130 72 105 0.93094
00034.jpg 537 62 75 131 0.93092
00034.jpg 541 59 70 135 0.93049
00034.jpg 537 63 70 129 0.93047
00034.jpg 200 70 73 112 0.92877
00034.jpg 546 61 66 131 0.92872
00034.jpg 431 121 107 186 0.92860
00034.jpg 681 131 73 106 0.92807
00034.jpg 541 63 73 131 0.92643
00034.jpg 202 71 68 96 0.92557
00034.jpg 113 255 291 238 0.92436
00034.jpg 440 124 95 180 0.92382
00034.jpg 685 130 60 107 0.92290
00034.jpg 431 122 109 184 0.92286
00034.jpg 431 117 108 189 0.92217
00034.jpg 431 124 101 181 0.92096
00034.jpg 200 75 70 115 0.91964
00034.jpg 197 70 77 125 0.91947
00034.jpg 198 69 74 127 0.91691
00034.jpg 748 150 40 73 0.91555
00034.jpg 681 129 77 106 0.91507
00034.jpg 435 125 98 176 0.91443
00034.jpg 682 132 67 105 0.91410
00034.jpg 437 119 100 188 0.91268
00034.jpg 200 72 72 101 0.91202
00034.jpg 543 63 71 130 0.91056
00034.jpg 203 74 69 100 0.90941
00034.jpg 200 70 71 124 0.90731
00034.jpg 166 263 237 226 0.90444
00034.jpg 165 252 232 239 0.90436
00034.jpg 542 50 66 145 0.90264
00034.jpg 539 58 72 135 0.90240
00034.jpg 539 63 66 127 0.90153
00034.jpg 428 120 113 182 0.90051
00034.jpg 124 257 278 241 0.89909
00034.jpg 538 61 73 134 0.89834
00034.jpg 437 119 100 189 0.89632
00034.jpg 542 63 63 128 0.89556
00034.jpg 198 67 71 113 0.89480
00034.jpg 440 122 88 185 0.89051
00034.jpg 539 60 67 131 0.88932
00034.jpg 534 60 74 134 0.88929
00034.jpg 682 131 70 108 0.88607
00034.jpg 194 70 76 125 0.88550
00034.jpg 199 74 74 122 0.88521
00034.jpg 435 121 98 185 0.88447
00034.jpg 435 119 104 191 0.88393
00034.jpg 436 120 105 191 0.88376
00034.jpg 142 244 267 258 0.88340
00034.jpg 198 74 74 102 0.87847
00034.jpg 682 131 65 105 0.87720
00034.jpg 170 260 236 230 0.87697
00034.jpg 683 131 72 106 0.87604
00034.jpg 681 127 70 115 0.87500
00034.jpg 164 272 236 202 0.87254
00034.jpg 532 68 77 121 0.87206
00034.jpg 437 124 99 179 0.87165
00034.jpg 161 253 227 234 0.87014
00034.jpg 547 67 65 122 0.86859
00034.jpg 198 72 69 113 0.86834
00034.jpg 438 121 101 179 0.86787
00034.jpg 200 72 70 97 0.86438
00034.jpg 542 60 70 132 0.86375
00034.jpg 542 62 60 133 0.86295
00034.jpg 137 269 259 233 0.85670
00034.jpg 196 68 73 125 0.85616
00034.jpg 681 129 77 110 0.85585
00034.jpg 433 125 103 175 0.85522
00034.jpg 163 268 234 224 0.85310
00034.jpg 747 146 40 83 0.85200
00034.jpg 434 122 107 189 0.85099
00034.jpg 676 133 81 106 0.84933
00034.jpg 198 68 75 113 0.84628
00034.jpg 114 264 306 234 0.84627
00034.jpg 433 123 107 182 0.84607
00034.jpg 677 131 77 107 0.84607
00034.jpg 198 74 72 88 0.84504
00034.jpg 438 119 99 186 0.84435
00034.jpg 687 129 58 112 0.84414
00034.jpg 200 72 69 88 0.84290
00034.jpg 201 73 75 98 0.84241
00034.jpg 117 254 297 244 0.84117
00034.jpg 197 70 73 115 0.83845
00034.jpg 203 74 70 112 0.83481
00034.jpg 196 73 80 127 0.83418
00034.jpg 429 120 107 180 0.83138
00034.jpg 199 71 68 120 0.82686
00034.jpg 685 134 78 103 0.82265
00034.jpg 544 59 70 133 0.81938
00034.jpg 124 257 289 229 0.81857
00034.jpg 542 59 76 134 0.81487
00034.jpg 540 60 68 133 0.81258
00034.jpg 433 119 109 192 0.81230
00034.jpg 682 131 60 107 0.81216
00034.jpg 201 72 71 95 0.80996
00034.jpg 198 67 71 128 0.80553
00034.jpg 540 61 74 129 0.80514
00034.jpg 195 67 75 125 0.80455
00034.jpg 199 70 73 122 0.80390
00034.jpg 117 266 301 219 0.80304
00034.jpg 195 75 73 88 0.80233
00034.jpg 197 73 75 84 0.79727
00034.jpg 431 116 111 195 0.79436
00034.jpg 677 132 85 105 0.79058
00034.jpg 740 151 46 75 0.77792
00034.jpg 538 62 71 129 0.77520
00034.jpg 192 69 80 135 0.77474
00034.jpg 196 67 76 138 0.77118
00034.jpg 200 72 72 103 0.76994
00034.jpg 680 127 75 110 0.76536
00034.jpg 132 251 284 245 0.75961
00034.jpg 435 138 92 173 0.75810
00034.jpg 682 132 57 104 0.75627
00034.jpg 752 147 36 87 0.75546
00034.jpg 440 130 92 170 0.75336
00034.jpg 535 61 72 134 0.75315
00034.jpg 123 258 283 236 0.75309
00034.jpg 546 60 71 133 0.75289
00034.jpg 181 260 225 225 0.75272
00034.jpg 193 70 76 127 0.75177
00034.jpg 203 69 68 129 0.75127
00034.jpg 441 113 97 196 0.75048
00034.jpg 119 265 287 232 0.74890
00034.jpg 683 128 68 108 0.74839
00034.jpg 752 150 34 78 0.74602
00034.jpg 545 63 72 129 0.74147
00034.jpg 193 71 80 128 0.74103
00034.jpg 684 128 71 108 0.73991
00034.jpg 538 64 77 137 0.73991
00034.jpg 538 57 78 138 0.73868
00034.jpg 685 131 74 106 0.73835
00034.jpg 544 61 71 128 0.73573
00034.jpg 674 129 87 109 0.73550
00034.jpg 536 61 74 123 0.73518
00034.jpg 748 144 39 84 0.73279
00034.jpg 203 71 70 119 0.72808
00034.jpg 176 258 222 242 0.72711
00034.jpg 745 144 38 86 0.72642
00034.jpg 539 61 73 135 0.72539
00034.jpg 746 153 41 74 0.72279
00034.jpg 546 57 63 138 0.72164
00034.jpg 744 144 42 78 0.72143
00034.jpg 170 262 234 236 0.72139
00034.jpg 113 263 308 208 0.71884
00034.jpg 199 73 71 89 0.71683
00034.jpg 746 155 40 73 0.71456
00034.jpg 433 129 98 174 0.70559
00034.jpg 196 73 70 96 0.70453
00034.jpg 684 133 69 106 0.70244
00034.jpg 678 124 86 113 0.69870
00034.jpg 684 132 53 102 0.69736
00034.jpg 435 130 88 167 0.69718
00034.jpg 200 70 74 112 0.69665
00034.jpg 200 72 72 90 0.69353
00034.jpg 198 70 72 98 0.69026
00034.jpg 528 59 75 132 0.68681
00034.jpg 201 69 74 97 0.68611
00034.jpg 192 68 84 129 0.68513
00034.jpg 206 72 64 92 0.68364
00034.jpg 686 128 71 107 0.67878
00034.jpg 751 151 41 74 0.67850
00034.jpg 428 124 117 182 0.67790
00034.jpg 163 269 232 223 0.67720
00034.jpg 174 263 232 238 0.67512
00034.jpg 197 66 76 126 0.67428
00034.jpg 204 66 67 116 0.67349
00034.jpg 674 130 92 106 0.67292
00034.jpg 429 116 109 184 0.66798
00034.jpg 687 133 75 106 0.66384
00034.jpg 195 76 67 122 0.66212
00034.jpg 205 68 68 115 0.65985
00034.jpg 435 119 108 194 0.65684
00034.jpg 434 125 92 176 0.65595
00034.jpg 198 76 68 85 0.65069
00034.jpg 546 69 69 122 0.65015
00034.jpg 128 258 277 236 0.64904
00034.jpg 543 61 69 125 0.64687
00034.jpg 196 71 77 109 0.64345
00034.jpg 754 151 35 74 0.64326
00034.jpg 749 146 43 77 0.64276
00034.jpg 205 70 67 100 0.63895
00034.jpg 186 73 86 133 0.63706
00034.jpg 424 113 121 189 0.63204
00034.jpg 193 74 79 125 0.63134
00034.jpg 533 60 75 139 0.63077
00034.jpg 541 67 75 126 0.63022
00034.jpg 195 78 69 121 0.62619
00034.jpg 532 61 71 139 0.61997
00034.jpg 434 114 104 199 0.61640
00034.jpg 437 125 105 175 0.61536
00034.jpg 753 145 36 78 0.61263
00034.jpg 430 125 97 179 0.60810
00034.jpg 432 119 100 189 0.60505
00034.jpg 742 140 44 90 0.59895
00034.jpg 742 155 44 77 0.59637
00034.jpg 119 257 290 214 0.59481
00034.jpg 682 125 70 113 0.59369
00034.jpg 438 126 97 173 0.59163
00034.jpg 195 74 68 112 0.59055
00034.jpg 752 147 35 82 0.58539
00034.jpg 194 70 80 101 0.58266
00034.jpg 683 133 84 105 0.58198
00034.jpg 542 62 71 132 0.57849
00034.jpg 445 126 93 179 0.57528
00034.jpg 203 73 69 86 0.57438
00034.jpg 680 127 72 110 0.57407
00034.jpg 747 157 41 74 0.56925
00034.jpg 738 145 44 86 0.56701
00034.jpg 191 66 74 136 0.56665
00034.jpg 186 71 89 124 0.56403
00034.jpg 203 69 72 93 0.56243
00034.jpg 441 122 91 182 0.56156
00034.jpg 680 132 78 104 0.56148
00034.jpg 198 76 65 93 0.56125
00034.jpg 185 71 91 112 0.56018
00034.jpg 197 70 74 103 0.55855
00034.jpg 737 146 50 77 0.55410
00034.jpg 427 125 106 181 0.55073
00034.jpg 201 70 66 97 0.54879
00034.jpg 751 154 37 72 0.54790
00034.jpg 140 266 274 210 0.54667
00034.jpg 166 264 242 228 0.54106
00034.jpg 540 63 72 118 0.53959
00034.jpg 746 145 47 75 0.53919
00034.jpg 151 270 265 228 0.53757
00034.jpg 202 70 70 96 0.53746
00034.jpg 684 130 57 107 0.53725
00034.jpg 754 166 31 54 0.53692
00034.jpg 167 265 241 235 0.53550
00034.jpg 741 152 46 73 0.53449
00034.jpg 682 133 92 98 0.53377
00034.jpg 443 128 95 163 0.52797
00034.jpg 678 135 70 102 0.52530
00034.jpg 200 70 72 88 0.52407
00034.jpg 684 132 71 103 0.52091
00034.jpg 677 132 71 103 0.51824
00034.jpg 137 257 262 240 0.51704
00034.jpg 678 125 67 113 0.51187
00034.jpg 686 133 71 101 0.51128
00034.jpg 426 122 120 187 0.50949
00034.jpg 544 65 61 131 0.50932
00034.jpg 179 266 225 221 0.50857
00034.jpg 679 125 74 114 0.50843
00034.jpg 536 62 66 122 0.50639
00034.jpg 191 74 75 130 0.50042
