00039.jpg 684 122 63 115 0.99695
00039.jpg 189 69 83 132 0.99673
00039.jpg 550 56 51 138 0.99672
00039.jpg 136 243 261 246 0.99637
00039.jpg 682 121 67 119 0.99611
00039.jpg 190 76 79 117 0.99577
00039.jpg 683 120 69 118 0.99529
00039.jpg 686 123 62 113 0.99528
00039.jpg 686 122 61 115 0.99508
00039.jpg 129 252 277 246 0.99476
00039.jpg 139 247 259 248 0.99450
00039.jpg 549 57 55 134 0.99381
00039.jpg 683 119 67 117 0.99380
00039.jpg 682 119 70 122 0.99373
00039.jpg 550 56 56 137 0.99371
00039.jpg 123 245 279 248 0.99369
00039.jpg 548 55 55 139 0.99349
00039.jpg 194 72 79 128 0.99328
00039.jpg 682 120 67 115 0.99325
00039.jpg 142 244 255 241 0.99320
00039.jpg 134 247 275 249 0.99282
00039.jpg 549 55 52 141 0.99270
00039.jpg 682 118 67 118 0.99255
00039.jpg 683 120 64 115 0.99250
00039.jpg 681 121 68 113 0.99234
00039.jpg 115 250 288 247 0.99221
00039.jpg 110 248 282 243 0.99196
00039.jpg 685 119 65 123 0.99187
00039.jpg 192 76 76 122 0.99168
00039.jpg 548 52 57 138 0.99149
00039.jpg 680 122 71 111 0.99127
00039.jpg 430 114 105 189 0.99121
00039.jpg 684 121 65 112 0.99082
00039.jpg 546 56 57 138 0.99080
00039.jpg 544 57 60 133 0.99066
00039.jpg 190 72 83 127 0.99035
00039.jpg 423 114 116 190 0.99035
00039.jpg 191 75 82 124 0.99033
00039.jpg 546 60 61 129 0.99022
00039.jpg 430 116 107 186 0.99017
00039.jpg 428 111 110 195 0.98991
00039.jpg 430 111 108 198 0.98991
00039.jpg 192 75 80 119 0.98977
00039.jpg 549 57 56 134 0.98951
00039.jpg 681 120 70 115 0.98904
00039.jpg 128 248 276 245 0.98899
00039.jpg 686 123 61 112 0.98898
00039.jpg 683 120 65 116 0.98862
00039.jpg 552 60 52 132 0.98853
00039.jpg 546 53 59 138 0.98848
00039.jpg 121 249 285 241 0.98814
00039.jpg 152 258 257 234 0.98801
00039.jpg 192 68 78 131 0.98750
00039.jpg 684 123 68 113 0.98690
00039.jpg 125 249 278 249 0.98598
00039.jpg 550 55 52 138 0.98568
00039.jpg 677 124 76 115 0.98563
00039.jpg 549 59 52 130 0.98529
00039.jpg 681 119 67 116 0.98465
00039.jpg 188 73 91 126 0.98455
00039.jpg 123 246 273 247 0.98411
00039.jpg 122 248 274 233 0.98402
00039.jpg 107 241 295 246 0.98398
00039.jpg 682 121 67 113 0.98379
00039.jpg 683 123 64 116 0.98375
00039.jpg 136 241 268 242 0.98363
00039.jpg 194 72 79 125 0.98331
00039.jpg 549 61 54 128 0.98328
00039.jpg 682 121 64 114 0.98249
00039.jpg 431 114 101 200 0.98217
00039.jpg 551 62 50 130 0.98201
00039.jpg 425 115 107 188 0.98183
00039.jpg 426 116 115 189 0.98128
00039.jpg 551 59 53 134 0.98112
00039.jpg 430 118 107 183 0.98110
00039.jpg 432 111 100 196 0.98100
00039.jpg 135 255 272 240 0.98099
00039.jpg 432 107 104 211 0.98095
00039.jpg 190 68 84 133 0.98010
00039.jpg 425 105 110 204 0.97990
00039.jpg 146 253 260 239 0.97989
00039.jpg 429 117 109 189 0.97988
00039.jpg 425 113 111 191 0.97986
00039.jpg 550 56 52 134 0.97978
00039.jpg 682 121 65 114 0.97959
00039.jpg 128 255 273 228 0.97950
00039.jpg 189 73 89 126 0.97946
00039.jpg 683 120 65 116 0.97941
00039.jpg 429 116 102 186 0.97937
00039.jpg 119 252 285 250 0.97932
00039.jpg 432 107 95 203 0.97909
00039.jpg 122 253 291 246 0.97883
00039.jpg 188 74 82 128 0.97854
00039.jpg 682 121 68 118 0.97849
00039.jpg 137 251 265 238 0.97688
00039.jpg 125 236 289 264 0.97665
00039.jpg 126 244 289 246 0.97625
00039.jpg 425 110 107 197 0.97578
00039.jpg 432 114 97 188 0.97566
00039.jpg 551 55 52 138 0.97536
00039.jpg 424 113 113 190 0.97493
00039.jpg 110 252 298 236 0.97428
00039.jpg 548 56 54 135 0.97424
00039.jpg 683 125 67 112 0.97415
00039.jpg 137 249 246 250 0.97370
00039.jpg 682 119 73 118 0.97368
00039.jpg 191 71 80 128 0.97364
00039.jpg 192 70 82 130 0.97139
00039.jpg 194 73 76 126 0.97062
00039.jpg 551 56 53 136 0.97034
00039.jpg 420 118 124 187 0.97033
00039.jpg 685 121 60 116 0.97016
00039.jpg 426 113 107 187 0.96991
00039.jpg 120 249 294 244 0.96989
00039.jpg 156 264 245 233 0.96948
00039.jpg 425 118 115 189 0.96806
00039.jpg 133 248 275 235 0.96732
00039.jpg 681 118 69 116 0.96679
00039.jpg 684 122 65 114 0.96645
00039.jpg 426 116 108 194 0.96643
00039.jpg 120 249 290 240 0.96634
00039.jpg 551 50 51 136 0.96620
00039.jpg 429 110 105 197 0.96611
00039.jpg 193 70 77 129 0.96591
00039.jpg 683 122 66 113 0.96540
00039.jpg 432 113 107 194 0.96535
00039.jpg 546 56 58 135 0.96514
00039.jpg 423 107 116 205 0.96498
00039.jpg 685 115 69 124 0.96485
00039.jpg 428 109 106 195 0.96482
00039.jpg 159 250 238 250 0.96476
00039.jpg 117 254 291 230 0.96475
00039.jpg 144 257 256 229 0.96461
00039.jpg 193 79 80 123 0.96369
00039.jpg 136 254 256 234 0.96357
00039.jpg 191 72 79 141 0.96214
00039.jpg 547 54 57 139 0.96214
00039.jpg 123 251 285 247 0.96182
00039.jpg 142 264 264 224 0.96059
00039.jpg 430 114 104 187 0.96048
00039.jpg 421 118 120 189 0.96044
00039.jpg 547 58 56 136 0.96013
00039.jpg 147 246 262 255 0.96002
00039.jpg 686 122 64 113 0.95999
00039.jpg 148 257 253 247 0.95985
00039.jpg 546 55 58 137 0.95944
00039.jpg 431 119 100 182 0.95856
00039.jpg 429 116 108 192 0.95821
00039.jpg 432 116 96 183 0.95790
00039.jpg 683 122 69 112 0.95729
00039.jpg 431 113 104 189 0.95658
00039.jpg 137 242 272 250 0.95555
00039.jpg 132 255 280 244 0.95527
00039.jpg 190 72 79 128 0.95519
00039.jpg 681 124 72 111 0.95487
00039.jpg 683 122 65 112 0.95358
00039.jpg 191 71 84 128 0.95317
00039.jpg 148 262 245 237 0.95314
00039.jpg 120 254 289 243 0.95203
00039.jpg 682 119 72 118 0.95131
00039.jpg 681 122 65 116 0.95106
00039.jpg 122 258 269 230 0.95056
00039.jpg 426 110 115 193 0.95036
00039.jpg 144 241 257 244 0.94998
00039.jpg 678 122 74 114 0.94990
00039.jpg 152 261 245 217 0.94835
00039.jpg 193 73 77 122 0.94756
00039.jpg 155 259 246 231 0.94633
00039.jpg 433 113 103 201 0.94575
00039.jpg 550 57 54 132 0.94567
00039.jpg 158 267 245 216 0.94547
00039.jpg 432 119 98 188 0.94475
00039.jpg 143 263 260 219 0.94421
00039.jpg 155 263 253 231 0.94395
00039.jpg 425 113 112 195 0.94380
00039.jpg 681 123 66 108 0.94295
00039.jpg 150 267 245 231 0.94229
00039.jpg 550 62 54 125 0.94168
00039.jpg 427 113 111 190 0.94148
00039.jpg 551 50 49 142 0.94133
00039.jpg 138 247 266 249 0.93979
00039.jpg 680 118 70 120 0.93850
00039.jpg 429 115 98 186 0.93464
00039.jpg 188 70 87 128 0.93409
00039.jpg 686 119 68 119 0.93243
00039.jpg 553 56 53 138 0.93155
00039.jpg 549 54 51 141 0.93048
00039.jpg 191 71 82 125 0.92852
00039.jpg 686 122 55 112 0.92746
00039.jpg 429 118 104 183 0.92709
00039.jpg 190 68 83 135 0.92669
00039.jpg 428 114 109 189 0.92418
00039.jpg 547 56 58 136 0.92404
00039.jpg 192 70 83 131 0.92337
00039.jpg 430 115 108 190 0.92084
00039.jpg 111 261 294 232 0.92020
00039.jpg 188 70 83 130 0.92004
00039.jpg 189 75 76 120 0.91770
00039.jpg 96 242 303 265 0.91687
00039.jpg 139 250 260 224 0.91678
00039.jpg 191 74 80 125 0.91337
00039.jpg 547 58 57 131 0.91325
00039.jpg 423 116 118 195 0.91110
00039.jpg 190 73 84 128 0.91073
00039.jpg 188 75 80 122 0.90984
00039.jpg 684 122 60 113 0.90763
00039.jpg 427 111 114 192 0.90754
00039.jpg 164 267 232 217 0.90713
00039.jpg 683 117 71 119 0.90599
00039.jpg 154 260 237 227 0.90534
00039.jpg 191 76 84 124 0.90503
00039.jpg 123 258 272 242 0.90430
00039.jpg 544 56 58 138 0.90366
00039.jpg 551 58 47 131 0.90358
00039.jpg 546 58 54 138 0.90354
00039.jpg 545 62 58 134 0.90041
00039.jpg 545 57 58 132 0.89930
00039.jpg 684 121 61 114 0.89783
00039.jpg 185 68 84 141 0.89643
00039.jpg 428 115 107 190 0.89510
00039.jpg 108 254 306 240 0.89480
00039.jpg 430 116 106 186 0.89403
00039.jpg 436 107 99 200 0.89277
00039.jpg 684 122 65 112 0.89261
00039.jpg 113 252 292 233 0.89201
00039.jpg 156 252 249 249 0.89195
00039.jpg 433 117 94 182 0.89173
00039.jpg 686 121 66 113 0.88920
00039.jpg 427 117 112 193 0.88629
00039.jpg 544 57 58 133 0.88441
00039.jpg 156 261 247 234 0.88383
00039.jpg 546 61 57 131 0.88307
00039.jpg 683 119 74 115 0.88287
00039.jpg 550 57 55 135 0.88147
00039.jpg 194 67 79 131 0.88066
00039.jpg 191 70 79 127 0.87628
00039.jpg 546 58 59 131 0.87619
00039.jpg 194 75 78 120 0.87590
00039.jpg 183 68 94 133 0.87515
00039.jpg 190 75 88 138 0.87297
00039.jpg 127 256 282 235 0.87056
00039.jpg 167 264 227 231 0.86487
00039.jpg 190 70 81 130 0.86275
00039.jpg 550 58 53 131 0.86160
00039.jpg 124 261 281 236 0.86144
00039.jpg 431 108 109 191 0.85980
00039.jpg 193 72 79 123 0.85899
00039.jpg 423 112 114 196 0.85576
00039.jpg 183 73 92 141 0.85565
00039.jpg 679 121 70 116 0.85301
00039.jpg 430 108 107 198 0.85064
00039.jpg 153 252 251 244 0.84765
00039.jpg 433 114 99 192 0.84604
00039.jpg 193 70 80 127 0.84373
00039.jpg 156 257 243 237 0.84332
00039.jpg 193 71 79 124 0.84125
00039.jpg 122 254 272 246 0.84056
00039.jpg 425 114 105 195 0.83872
00039.jpg 426 112 113 191 0.83870
00039.jpg 683 111 73 128 0.83680
00039.jpg 430 109 108 194 0.83075
00039.jpg 109 258 285 241 0.82767
00039.jpg 423 111 116 190 0.82622
00039.jpg 188 72 82 129 0.82348
00039.jpg 193 76 79 122 0.82289
00039.jpg 548 68 56 119 0.81972
00039.jpg 549 57 53 135 0.81851
00039.jpg 165 251 233 259 0.81355
00039.jpg 550 59 52 127 0.81021
00039.jpg 147 242 241 248 0.80977
00039.jpg 428 116 105 191 0.80634
00039.jpg 101 244 287 233 0.80600
00039.jpg 196 79 72 120 0.80493
00039.jpg 162 254 222 245 0.80350
00039.jpg 164 250 231 249 0.80104
00039.jpg 189 76 84 125 0.79438
00039.jpg 169 256 231 239 0.79250
00039.jpg 434 115 102 182 0.78962
00039.jpg 551 56 48 134 0.78713
00039.jpg 194 72 86 166 0.78689
00039.jpg 546 58 53 132 0.78370
00039.jpg 552 55 55 135 0.77802
00039.jpg 167 261 226 232 0.77681
00039.jpg 431 111 109 198 0.77410
00039.jpg 191 71 82 123 0.77399
00039.jpg 160 235 241 270 0.77211
00039.jpg 187 73 89 135 0.76858
00039.jpg 191 74 82 160 0.76840
00039.jpg 192 71 79 127 0.76824
00039.jpg 193 75 77 112 0.76355
00039.jpg 190 77 79 116 0.76139
00039.jpg 162 256 230 240 0.76114
00039.jpg 688 119 69 118 0.76114
00039.jpg 127 248 267 250 0.75953
00039.jpg 690 119 66 114 0.75863
00039.jpg 196 62 84 165 0.75794
00039.jpg 194 74 79 125 0.75443
00039.jpg 420 115 119 190 0.75246
00039.jpg 430 105 104 205 0.75157
00039.jpg 201 76 66 132 0.74648
00039.jpg 433 108 106 203 0.74183
00039.jpg 419 109 121 205 0.73944
00039.jpg 423 116 118 193 0.73772
00039.jpg 547 50 49 146 0.73674
00039.jpg 439 109 95 205 0.73458
00039.jpg 676 117 80 116 0.73384
00039.jpg 685 121 66 114 0.73071
00039.jpg 189 72 87 134 0.73063
00039.jpg 188 72 84 159 0.73051
00039.jpg 98 256 302 250 0.73048
00039.jpg 543 59 57 129 0.72935
00039.jpg 167 256 237 234 0.71938
00039.jpg 548 56 61 127 0.71317
00039.jpg 687 119 63 116 0.71258
00039.jpg 683 119 56 119 0.71248
00039.jpg 549 59 55 134 0.71004
00039.jpg 428 126 103 179 0.70551
00039.jpg 138 261 266 237 0.70303
00039.jpg 167 257 230 238 0.70286
00039.jpg 192 74 82 106 0.69284
00039.jpg 192 72 79 126 0.69280
00039.jpg 189 71 84 125 0.69019
00039.jpg 749 152 37 75 0.67753
00039.jpg 683 126 74 117 0.67209
00039.jpg 681 122 62 108 0.67181
00039.jpg 194 71 78 127 0.67001
00039.jpg 190 72 78 116 0.66906
00039.jpg 675 120 82 120 0.66277
00039.jpg 553 59 52 135 0.66207
00039.jpg 432 112 96 200 0.66061
00039.jpg 546 58 58 126 0.65985
00039.jpg 683 119 69 116 0.65961
00039.jpg 129 242 261 233 0.65551
00039.jpg 425 114 108 197 0.65281
00039.jpg 682 117 73 115 0.64949
00039.jpg 682 120 64 113 0.64381
00039.jpg 137 244 280 251 0.63828
00039.jpg 427 115 113 191 0.63765
00039.jpg 751 152 35 83 0.63454
00039.jpg 85 251 323 253 0.62458
00039.jpg 422 113 107 198 0.62294
00039.jpg 678 121 77 116 0.62167
00039.jpg 683 119 65 118 0.62002
00039.jpg 686 117 71 121 0.61323
00039.jpg 540 57 66 132 0.60778
00039.jpg 424 112 116 199 0.60440
00039.jpg 743 156 41 75 0.60371
00039.jpg 748 151 36 78 0.60248
00039.jpg 556 63 52 125 0.60091
00039.jpg 552 62 55 129 0.59294
00039.jpg 446 116 90 189 0.59124
00039.jpg 428 109 110 192 0.59021
00039.jpg 430 112 111 194 0.58574
00039.jpg 680 125 82 115 0.57858
00039.jpg 191 74 83 120 0.57749
00039.jpg 197 72 76 121 0.57669
00039.jpg 747 150 39 82 0.57563
00039.jpg 540 58 62 132 0.57465
00039.jpg 542 60 62 138 0.57274
00039.jpg 671 110 77 122 0.57011
00039.jpg 151 264 229 227 0.56683
00039.jpg 543 60 65 119 0.56493
00039.jpg 747 156 40 71 0.56484
00039.jpg 746 152 40 75 0.56430
00039.jpg 107 254 294 245 0.55614
00039.jpg 549 58 57 139 0.55554
00039.jpg 744 166 41 63 0.55348
00039.jpg 188 73 85 129 0.54912
00039.jpg 754 152 36 72 0.54879
00039.jpg 749 158 39 71 0.54704
00039.jpg 680 123 65 111 0.54520
00039.jpg 748 157 39 72 0.53744
00039.jpg 681 113 76 129 0.53580
00039.jpg 186 74 84 126 0.53521
00039.jpg 545 63 59 116 0.52906
00039.jpg 427 103 112 197 0.52874
00039.jpg 751 155 33 72 0.52494
00039.jpg 126 230 259 274 0.51612
00039.jpg 165 262 229 228 0.51286
00039.jpg 431 115 99 185 0.51283
00039.jpg 422 103 117 209 0.51010
00039.jpg 554 54 51 131 0.50640
00039.jpg 194 74 75 126 0.50313
