1,1,128.4978,128.6413,125.5236,273.0462,1,1,1,1,
2,1,122.477,128.017,129.7964,292.8843,1,1,1,1,
3,1,120.8678,127.6424,128.5756,295.0208,1,1,1,1,
4,1,115.7209,128.9187,131.9329,291.3583,1,1,1,1,
5,1,111.573,131.3465,131.6277,286.7803,1,1,1,1,
6,1,109.1036,133.1222,131.0172,284.3387,1,1,1,1,
7,1,109.3949,133.4413,124.608,289.5271,1,1,1,1,
8,1,106.2319,133.2193,120.9456,294.4104,1,1,1,1,
9,1,106.773,134.6066,115.1467,294.4104,1,1,1,1,
10,1,106.7103,135.106,110.4222,295.6312,1,1,1,1,
11,1,110.2467,136.1326,105.8686,297.4624,1,1,1,1,
12,1,111.1207,136.0632,104.953,298.9884,1,1,1,1,
13,1,112.8687,135.98,103.1218,300.8196,1,1,1,1,
14,1,112.5796,137.6864,103.134,299.904,1,1,1,1,
15,1,110.9981,137.6864,101.3028,299.904,1,1,1,1,
16,1,108.5426,138.491,100.3871,300.5144,1,1,1,1,
17,1,108.7507,138.5326,95.8091,299.5988,1,1,1,1,
18,1,108.9726,138.5326,90.9259,299.5988,1,1,1,1,
19,1,101.2732,140.5719,95.5039,297.4624,1,1,1,1,
20,1,99.8721,142.5418,89.7051,296.852,1,1,1,1,
21,1,97.9299,143.7072,89.7051,295.6312,1,1,1,1,
22,1,97.9992,143.7072,88.1791,295.6312,1,1,1,1,
23,1,98.0669,143.7072,86.6897,295.6312,1,1,1,1,
24,1,96.638,143.6101,87.6053,297.7676,1,1,1,1,
25,1,92.5594,144.484,91.8781,296.852,1,1,1,1,
26,1,89.8542,146.8147,96.4561,294.4104,1,1,1,1,
27,1,89.8542,146.9118,96.4561,292.2739,1,1,1,1,
28,1,88.6889,149.8251,97.6769,289.2219,1,1,1,1,
29,1,87.2322,152.6274,99.203,288.6115,1,1,1,1,
30,1,85.4843,155.3603,101.0342,283.4231,1,1,1,1,
31,1,85.4149,155.3326,102.5602,284.0335,1,1,1,1,
32,1,83.9583,159.7025,104.0862,279.4554,1,1,1,1,
33,1,81.045,161.7418,107.1382,277.319,1,1,1,1,
34,1,78.1455,166.9719,109.885,272.1306,1,1,1,1,
35,1,78.1455,167.0274,109.885,270.9098,1,1,1,1,
36,1,78.1455,167.0274,109.885,270.9098,1,1,1,1,
37,1,78.1455,167.0274,109.885,270.9098,1,1,1,1,
38,1,78.1455,167.0274,109.885,270.9098,1,1,1,1,
39,1,78.1455,167.0274,109.885,270.9098,1,1,1,1,
40,1,78.1455,166.958,109.885,272.4358,1,1,1,1,
41,1,77.9818,167.2077,113.4864,266.9422,1,1,1,1,
1,2,302.5131,92.4199,54.3504,165.0534,1,1,1,1,
2,2,301.6946,91.7817,54.0452,166.8846,1,1,1,1,
3,2,301.6252,91.1574,55.5712,168.4106,1,1,1,1,
4,2,300.1963,91.1574,56.4868,168.4106,1,1,1,1,
5,2,299.6275,91.1574,56.792,168.4106,1,1,1,1,
6,2,297.9212,90.8661,57.7077,168.7158,1,1,1,1,
7,2,296.9917,91.1574,59.8441,168.4106,1,1,1,1,
8,2,298.7258,90.8661,58.3181,168.7158,1,1,1,1,
9,2,297.5882,90.8661,58.9285,168.7158,1,1,1,1,
10,2,296.4229,92.9054,60.1493,166.5794,1,1,1,1,
11,2,296.3813,92.9054,61.0649,166.5794,1,1,1,1,
12,2,298.1293,92.9054,59.2337,166.5794,1,1,1,1,
13,2,297.2553,92.947,60.1493,165.6638,1,1,1,1,
14,2,295.7986,92.947,61.6753,165.6638,1,1,1,1,
15,2,296.9917,92.947,59.8441,165.6638,1,1,1,1,
16,2,296.1177,92.9193,60.7597,166.2742,1,1,1,1,
17,2,296.409,92.9193,60.4545,166.2742,1,1,1,1,
18,2,296.409,92.9193,60.4545,166.2742,1,1,1,1,
19,2,296.409,92.5464,60.4545,168.374,1,1,1,1,
20,2,296.7004,92.4493,60.1493,170.5104,1,1,1,1,
21,2,296.7004,92.4493,60.1493,170.5104,1,1,1,1,
22,2,298.1154,93.8088,59.5389,171.1208,1,1,1,1,
23,2,298.0876,95.7371,60.1493,171.426,1,1,1,1,
24,2,298.0876,95.4458,60.1493,171.7312,1,1,1,1,
25,2,298.3651,95.3903,60.1493,172.952,1,1,1,1,
26,2,299.5304,95.3903,58.9285,172.952,1,1,1,1,
27,2,299.3778,95.3903,62.2857,172.952,1,1,1,1,
28,2,299.3778,95.4042,62.2857,172.6468,1,1,1,1,
29,2,299.2946,95.4042,64.1169,172.6468,1,1,1,1,
30,2,300.1686,95.4042,63.2013,172.6468,1,1,1,1,
31,2,299.5304,94.8215,65.0325,173.2572,1,1,1,1,
32,2,297.505,94.8215,66.8637,173.2572,1,1,1,1,
33,2,297.727,94.8354,68.0845,172.952,1,1,1,1,
34,2,295.6322,93.6701,71.4418,174.1729,1,1,1,1,
35,2,295.6322,93.6701,71.4418,174.1729,1,1,1,1,
36,2,293.0102,93.6701,74.1886,174.1729,1,1,1,1,
37,2,293.0102,93.0874,74.1886,174.7833,1,1,1,1,
38,2,292.1223,93.0441,75.4094,175.7355,1,1,1,1,
39,2,292.1223,94.6395,75.4094,177.2615,1,1,1,1,
40,2,292.1223,94.5979,75.4094,178.1771,1,1,1,1,
41,2,290.7212,94.4175,75.7146,182.1447,1,1,1,1,
1,3,426.1627,124.2142,74.7746,115.7815,1,1,1,1,
2,3,426.6622,123.6038,75.9954,117.0024,1,1,1,1,
3,3,426.7593,123.8257,73.859,118.2232,1,1,1,1,
4,3,426.6622,123.2708,75.9954,118.2232,1,1,1,1,
5,3,426.6899,123.2986,75.385,117.6128,1,1,1,1,
6,3,426.9812,123.2708,75.0798,118.2232,1,1,1,1,
7,3,427.0367,123.2708,73.859,118.2232,1,1,1,1,
8,3,427.0229,123.2708,74.1642,118.2232,1,1,1,1,
9,3,427.0229,123.2708,74.1642,118.2232,1,1,1,1,
10,3,426.4402,123.2847,74.7746,117.918,1,1,1,1,
11,3,426.3847,123.2847,75.9954,117.918,1,1,1,1,
12,3,426.4125,122.3552,75.385,120.0544,1,1,1,1,
13,3,426.4125,122.3552,75.385,120.0544,1,1,1,1,
14,3,426.4125,122.3552,75.385,120.0544,1,1,1,1,
15,3,426.3847,122.3552,75.9954,120.0544,1,1,1,1,
16,3,426.3847,122.3552,75.9954,120.0544,1,1,1,1,
17,3,426.3847,122.3552,75.9954,120.0544,1,1,1,1,
18,3,426.3847,122.3552,75.9954,120.0544,1,1,1,1,
19,3,426.3847,122.3552,75.9954,120.0544,1,1,1,1,
20,3,426.3847,122.3552,75.9954,120.0544,1,1,1,1,
21,3,426.4125,122.4246,75.385,118.5284,1,1,1,1,
22,3,426.4125,122.4246,75.385,118.5284,1,1,1,1,
23,3,426.4125,122.4246,75.385,118.5284,1,1,1,1,
24,3,426.4125,123.5899,75.385,117.3076,1,1,1,1,
25,3,426.4125,123.5899,75.385,117.3076,1,1,1,1,
26,3,426.4125,123.5899,75.385,117.3076,1,1,1,1,
27,3,426.4125,123.5899,75.385,117.3076,1,1,1,1,
28,3,426.4125,123.5899,75.385,117.3076,1,1,1,1,
29,3,426.4125,123.5899,75.385,117.3076,1,1,1,1,
30,3,426.4125,123.5899,75.385,117.3076,1,1,1,1,
31,3,426.4125,123.5899,75.385,117.3076,1,1,1,1,
32,3,426.4125,123.5899,75.385,117.3076,1,1,1,1,
33,3,426.4125,123.5899,75.385,117.3076,1,1,1,1,
34,3,426.4125,123.5899,75.385,117.3076,1,1,1,1,
35,3,426.4125,123.5899,75.385,117.3076,1,1,1,1,
36,3,426.4125,123.5899,75.385,117.3076,1,1,1,1,
37,3,426.4125,123.5899,75.385,117.3076,1,1,1,1,
38,3,426.4125,123.5899,75.385,117.3076,1,1,1,1,
39,3,426.4125,123.5899,75.385,117.3076,1,1,1,1,
40,3,426.4125,123.5899,75.385,117.3076,1,1,1,1,
41,3,426.3986,123.5899,75.6902,117.3076,1,1,1,1,
1,4,564.0806,93.8382,32.9069,164.6139,1,1,1,1,
2,4,564.0806,93.755,32.9069,166.4451,1,1,1,1,
3,4,564.6119,93.7966,34.4024,165.5295,1,1,1,1,
4,4,564.0937,92.9365,38.7241,166.1399,1,1,1,1,
5,4,564.0104,93.2278,40.5553,165.8347,1,1,1,1,
6,4,563.8301,93.2001,44.5229,166.4451,1,1,1,1,
7,4,563.8301,94.0741,44.5229,165.5295,1,1,1,1,
8,4,563.7052,93.9908,47.2697,167.3607,1,1,1,1,
9,4,564.2879,94.8648,46.6593,166.4451,1,1,1,1,
10,4,564.0104,94.8232,46.6593,167.3607,1,1,1,1,
11,4,565.689,97.1261,46.3541,165.5295,1,1,1,1,
12,4,565.6474,97.4035,47.2697,165.5295,1,1,1,1,
13,4,569.6991,97.4035,43.589,165.5295,1,1,1,1,
14,4,572.5153,97.6949,42.6734,165.2243,1,1,1,1,
15,4,574.8459,97.0706,40.2318,166.7503,1,1,1,1,
16,4,579.7985,97.1261,35.0433,165.5295,1,1,1,1,
17,4,585.5344,96.8347,30.9353,165.8347,1,1,1,1,
18,4,593.539,96.8347,25.7469,165.8347,1,1,1,1,
19,4,599.9011,96.8347,20.0701,165.8347,1,1,1,1,
20,4,600.3031,96.8347,32.1012,165.8347,1,1,1,1,
21,4,603.0083,96.5434,33.6272,166.1399,1,1,1,1,
22,4,602.7864,96.2521,38.5104,166.4451,1,1,1,1,
23,4,605.1725,96.8347,40.952,165.8347,1,1,1,1,
24,4,607.628,97.7504,41.8677,164.0035,1,1,1,1,
25,4,609.0661,98.0417,43.5585,163.6983,1,1,1,1,
26,4,608.894,97.459,47.343,164.3087,1,1,1,1,
27,4,608.6027,96.8764,53.7522,164.9191,1,1,1,1,
28,4,608.2004,96.1367,62.6031,168.9844,1,1,1,1,
29,4,608.1449,97.7043,63.8239,165.0168,1,1,1,1,
30,4,608.1449,97.413,63.8239,165.322,1,1,1,1,
31,4,612.7645,98.5089,59.8563,165.6272,1,1,1,1,
32,4,615.0813,98.176,57.7199,166.848,1,1,1,1,
33,4,617.0152,94.791,57.903,168.0688,1,1,1,1,
34,4,622.5629,94.1667,57.9335,169.5948,1,1,1,1,
35,4,626.3086,94.1667,60.9855,169.5948,1,1,1,1,
36,4,632.1213,94.1667,61.2907,169.5948,1,1,1,1,
37,4,638.6879,94.7494,60.5155,168.9844,1,1,1,1,
38,4,638.4659,94.4442,65.3988,169.5948,1,1,1,1,
39,4,641.726,93.5702,66.9248,170.5104,1,1,1,1,
40,4,641.4902,94.4858,72.1132,168.6792,1,1,1,1,
41,4,642.5445,94.0879,73.334,171.3284,1,1,1,1,
1,5,594.9352,85.8053,29.8244,105.7221,1,1,1,1,
2,5,594.9352,85.8469,29.8244,104.8065,1,1,1,1,
3,5,594.9352,85.8469,29.8244,104.8065,1,1,1,1,
4,5,594.9352,85.8469,29.8244,104.8065,1,1,1,1,
5,5,595.3098,85.2365,27.688,106.0273,1,1,1,1,
6,5,595.3098,85.2365,27.688,106.0273,1,1,1,1,
7,5,594.7548,84.6816,27.688,106.0273,1,1,1,1,
8,5,602.7495,85.514,19.301,106.0273,1,1,1,1,
9,5,603.1307,88.2885,17.7506,99.9232,1,1,1,1,
10,5,602.2156,88.5105,19.5696,101.144,1,1,1,1,
11,5,585.141,87.3313,37.7596,102.6701,1,1,1,1,
12,5,580.6661,87.7059,42.4475,106.6377,1,1,1,1,
13,5,580.6661,87.7059,42.4475,106.6377,1,1,1,1,
14,5,581.2938,87.7475,42.0691,105.7221,1,1,1,1,
15,5,581.2938,87.7475,42.0691,105.7221,1,1,1,1,
16,5,582.1833,87.7475,22.4995,105.7221,1,1,1,1,
17,5,582.1833,87.7475,22.4995,105.7221,1,1,1,1,
18,5,582.1572,87.7475,23.0733,105.7221,1,1,1,1,
19,5,582.1572,87.7475,23.0733,105.7221,1,1,1,1,
20,5,582.1572,87.7475,23.0733,105.7221,1,1,1,1,
21,5,582.1572,87.7475,23.0733,105.7221,1,1,1,1,
22,5,581.5618,88.9128,36.1726,104.5013,1,1,1,1,
23,5,581.6173,90.6608,34.9518,102.6701,1,1,1,1,
24,5,581.5895,91.2434,35.5622,102.0597,1,1,1,1,
25,5,581.4924,90.6608,37.6986,102.6701,1,1,1,1,
26,5,581.5457,91.2434,36.5266,102.0597,1,1,1,1,
27,5,581.5457,93.5741,36.5266,99.618,1,1,1,1,
28,5,581.3909,93.9209,39.9327,98.092,1,1,1,1,
29,5,581.3909,95.6689,39.9327,96.2608,1,1,1,1,
30,5,581.3764,94.5036,40.2501,97.4816,1,1,1,1,
31,5,581.3764,96.5429,40.2501,95.3452,1,1,1,1,
32,5,581.3764,96.5429,40.2501,95.3452,1,1,1,1,
33,5,581.3764,96.5429,40.2501,95.3452,1,1,1,1,
34,5,581.3764,97.7082,40.2501,94.1244,1,1,1,1,
35,5,581.3492,97.7082,40.8483,94.1244,1,1,1,1,
36,5,581.3492,97.7082,40.8483,94.1244,1,1,1,1,
37,5,581.3492,97.7082,40.8483,94.1244,1,1,1,1,
38,5,581.3492,97.7082,40.8483,94.1244,1,1,1,1,
39,5,581.3492,98.5822,40.8483,93.2088,1,1,1,1,
40,5,581.3492,98.5822,40.8483,93.2088,1,1,1,1,
41,5,581.3492,98.5822,40.8483,93.2088,1,1,1,1,
1,6,651.7949,73.7182,49.5282,191.6915,1,1,1,1,
2,6,656.4562,74.6338,44.645,189.8603,1,1,1,1,
3,6,660.2501,74.0511,41.7517,190.4707,1,1,1,1,
4,6,660.0698,73.4685,45.7193,191.0811,1,1,1,1,
5,6,664.4397,72.8581,41.1413,192.3019,1,1,1,1,
6,6,666.2987,72.8581,42.9725,192.3019,1,1,1,1,
7,6,670.1781,71.8037,42.1057,184.977,1,1,1,1,
8,6,674.1457,71.4846,40.2745,191.9967,1,1,1,1,
9,6,677.3504,71.4153,43.0213,193.5227,1,1,1,1,
10,6,679.1943,72.8719,51.2862,191.9967,1,1,1,1,
11,6,680.1238,72.5806,55.2538,192.3019,1,1,1,1,
12,6,683.0798,73.1078,57.3658,192.9123,1,1,1,1,
13,6,685.2717,73.8569,57.9762,194.7435,1,1,1,1,
14,6,689.1966,74.065,57.085,196.2695,1,1,1,1,
15,6,693.9966,74.065,55.2538,196.2695,1,1,1,1,
16,6,695.9111,73.7737,55.8642,196.5747,1,1,1,1,
17,6,699.2544,74.065,55.559,196.2695,1,1,1,1,
18,6,701.8492,76.2985,54.8754,195.9643,1,1,1,1,
19,6,703.6527,76.2985,57.9274,195.9643,1,1,1,1,
20,6,709.0353,75.1332,55.4858,197.1851,1,1,1,1,
21,6,714.9729,74.6893,53.0442,200.8475,1,1,1,1,
22,6,721.4787,73.8153,48.8446,201.7631,1,1,1,1,
23,6,728.0683,73.5239,44.2665,202.0683,1,1,1,1,
24,6,731.0954,72.0673,46.0367,203.5944,1,1,1,1,
25,6,737.6822,72.6361,40.2989,203.2892,1,1,1,1,
26,6,742.5654,70.8881,36.6365,205.1204,1,1,1,1,
27,6,745.7584,71.7621,33.2915,204.2048,1,1,1,1,
28,6,745.492,74.3841,39.1514,201.4579,1,1,1,1,
29,6,745.1452,73.2187,46.7814,202.6788,1,1,1,1,
30,6,744.6597,73.2187,57.4635,202.6788,1,1,1,1,
31,6,744.4377,73.2187,62.3467,202.6788,1,1,1,1,
32,6,744.2712,72.6361,66.0092,203.2892,1,1,1,1,
33,6,744.1464,75.8407,68.756,199.9319,1,1,1,1,
34,6,744.077,75.7991,70.282,200.8475,1,1,1,1,
35,6,744.077,76.9644,70.282,199.6267,1,1,1,1,
36,6,747.1568,75.369,69.6716,204.2048,1,1,1,1,
37,6,748.9048,76.8257,67.8404,202.6788,1,1,1,1,
38,6,754.1487,74.7864,62.3467,204.8152,1,1,1,1,
39,6,762.5556,74.7448,54.4115,205.7308,1,1,1,1,
40,6,770.7584,74.7725,44.8647,205.1204,1,1,1,1,
41,6,780.8883,73.6072,36.8684,206.3412,1,1,1,1,
