00026.jpg 240 100 179 305 0.99944
00026.jpg 235 103 190 310 0.99943
00026.jpg 236 101 181 307 0.99919
00026.jpg 227 100 200 310 0.99885
00026.jpg 230 105 204 292 0.99851
00026.jpg 225 95 203 314 0.99842
00026.jpg 229 101 194 303 0.99825
00026.jpg 233 97 190 315 0.99817
00026.jpg 235 111 200 287 0.99815
00026.jpg 253 106 169 288 0.99808
00026.jpg 230 102 205 314 0.99737
00026.jpg 233 108 192 285 0.99696
00026.jpg 234 102 194 304 0.99683
00026.jpg 234 100 194 308 0.99651
00026.jpg 418 142 181 238 0.99527
00026.jpg 243 92 175 321 0.99490
00026.jpg 239 97 188 303 0.99411
00026.jpg 422 150 176 214 0.99383
00026.jpg 415 151 183 213 0.99368
00026.jpg 232 98 206 310 0.99358
00026.jpg 232 102 199 303 0.99351
00026.jpg 243 103 186 296 0.99297
00026.jpg 232 94 188 313 0.99261
00026.jpg 421 141 177 228 0.99176
00026.jpg 422 138 181 238 0.99060
00026.jpg 417 135 182 233 0.99024
00026.jpg 237 95 192 315 0.99017
00026.jpg 418 152 178 209 0.99011
00026.jpg 223 109 205 280 0.98976
00026.jpg 228 107 201 304 0.98882
00026.jpg 415 150 181 209 0.98690
00026.jpg 416 151 181 214 0.98688
00026.jpg 241 103 187 299 0.98666
00026.jpg 417 147 185 212 0.98634
00026.jpg 226 89 198 327 0.98616
00026.jpg 426 140 163 248 0.98547
00026.jpg 430 142 157 235 0.98544
00026.jpg 231 95 191 318 0.98504
00026.jpg 425 146 170 235 0.98462
00026.jpg 234 95 199 320 0.98442
00026.jpg 235 112 196 291 0.98416
00026.jpg 220 101 203 304 0.98410
00026.jpg 231 117 193 289 0.98329
00026.jpg 229 92 207 326 0.98290
00026.jpg 421 157 172 213 0.98289
00026.jpg 226 114 194 293 0.98225
00026.jpg 422 140 183 232 0.98047
00026.jpg 223 97 211 309 0.97983
00026.jpg 412 140 186 231 0.97927
00026.jpg 414 145 189 234 0.97895
00026.jpg 420 146 177 215 0.97586
00026.jpg 415 152 187 217 0.97547
00026.jpg 219 99 206 311 0.97532
00026.jpg 423 148 174 253 0.97481
00026.jpg 229 93 189 326 0.97455
00026.jpg 427 146 162 258 0.97359
00026.jpg 418 156 175 212 0.97334
00026.jpg 246 109 185 293 0.97318
00026.jpg 227 99 187 297 0.97277
00026.jpg 409 143 192 247 0.97257
00026.jpg 420 143 177 238 0.97251
00026.jpg 419 153 172 208 0.97219
00026.jpg 419 149 178 215 0.96983
00026.jpg 413 150 193 218 0.96932
00026.jpg 408 137 191 246 0.96777
00026.jpg 234 102 189 301 0.96738
00026.jpg 241 105 190 302 0.96725
00026.jpg 418 154 178 212 0.96673
00026.jpg 417 148 178 248 0.96657
00026.jpg 417 152 183 209 0.96464
00026.jpg 220 101 211 295 0.96135
00026.jpg 423 150 173 214 0.96107
00026.jpg 412 139 187 260 0.96015
00026.jpg 426 148 170 241 0.95932
00026.jpg 408 141 200 253 0.95408
00026.jpg 419 147 179 229 0.95250
00026.jpg 238 111 196 284 0.95118
00026.jpg 225 97 192 293 0.95084
00026.jpg 415 150 185 216 0.95011
00026.jpg 414 144 186 241 0.94985
00026.jpg 253 95 176 297 0.94369
00026.jpg 240 105 185 295 0.94329
00026.jpg 227 113 195 291 0.94231
00026.jpg 415 148 181 213 0.93887
00026.jpg 421 153 175 204 0.93737
00026.jpg 430 147 173 234 0.93667
00026.jpg 412 139 188 250 0.93602
00026.jpg 418 141 174 253 0.93555
00026.jpg 419 144 187 240 0.93047
00026.jpg 418 155 178 202 0.92960
00026.jpg 422 148 180 235 0.92798
00026.jpg 414 154 182 202 0.92179
00026.jpg 417 151 183 204 0.91986
00026.jpg 410 153 197 230 0.91773
00026.jpg 218 110 213 295 0.91668
00026.jpg 424 143 166 256 0.91505
00026.jpg 212 94 213 325 0.91344
00026.jpg 420 154 173 242 0.91083
00026.jpg 417 159 184 197 0.90949
00026.jpg 415 149 190 221 0.90645
00026.jpg 421 149 171 218 0.90562
00026.jpg 249 102 180 301 0.90542
00026.jpg 426 138 170 276 0.90386
00026.jpg 416 147 184 225 0.90159
00026.jpg 416 143 183 232 0.89975
00026.jpg 211 98 220 307 0.89669
00026.jpg 414 152 182 212 0.89167
00026.jpg 246 104 185 269 0.88412
00026.jpg 405 146 201 228 0.88164
00026.jpg 420 151 177 211 0.87236
00026.jpg 240 106 185 302 0.87198
00026.jpg 415 134 188 251 0.87169
00026.jpg 245 104 179 279 0.86235
00026.jpg 211 105 221 295 0.85887
00026.jpg 247 111 189 261 0.85678
00026.jpg 409 144 181 265 0.85204
00026.jpg 419 151 178 220 0.84420
00026.jpg 423 149 172 250 0.84407
00026.jpg 218 93 206 311 0.84237
00026.jpg 407 139 189 246 0.83865
00026.jpg 414 133 191 259 0.83825
00026.jpg 425 150 170 211 0.82896
00026.jpg 413 147 187 226 0.82691
00026.jpg 420 147 181 261 0.82661
00026.jpg 210 98 207 301 0.82487
00026.jpg 242 105 178 262 0.82108
00026.jpg 422 151 167 208 0.81957
00026.jpg 425 150 166 212 0.81642
00026.jpg 245 100 187 302 0.81077
00026.jpg 232 113 194 257 0.80450
00026.jpg 417 143 175 221 0.80300
00026.jpg 411 154 187 198 0.80239
00026.jpg 417 137 191 259 0.80006
00026.jpg 242 103 185 317 0.79466
00026.jpg 237 81 197 331 0.79335
00026.jpg 421 149 176 208 0.79003
00026.jpg 414 152 188 206 0.77638
00026.jpg 234 104 194 291 0.76781
00026.jpg 424 144 171 240 0.76272
00026.jpg 401 149 203 218 0.76105
00026.jpg 423 150 168 201 0.76094
00026.jpg 247 110 173 295 0.76037
00026.jpg 232 106 190 305 0.75666
00026.jpg 422 150 176 216 0.72625
00026.jpg 244 103 179 283 0.70769
00026.jpg 213 93 212 316 0.70463
00026.jpg 196 112 252 294 0.70157
00026.jpg 433 179 40 89 0.70125
00026.jpg 409 159 179 186 0.67683
00026.jpg 426 153 162 201 0.67491
00026.jpg 430 177 39 97 0.67171
00026.jpg 421 151 173 209 0.66803
00026.jpg 434 179 39 90 0.66069
00026.jpg 249 101 181 282 0.65831
00026.jpg 219 90 211 307 0.65130
00026.jpg 427 176 45 93 0.64206
00026.jpg 268 107 152 288 0.62669
00026.jpg 419 149 178 205 0.62220
00026.jpg 425 147 167 203 0.61622
00026.jpg 251 101 174 324 0.61445
00026.jpg 433 177 38 93 0.61143
00026.jpg 245 103 183 294 0.60756
00026.jpg 418 137 173 244 0.60268
00026.jpg 259 95 170 319 0.60191
00026.jpg 423 135 182 259 0.59592
00026.jpg 216 97 221 332 0.58863
00026.jpg 418 147 177 248 0.57201
00026.jpg 244 97 196 314 0.57042
00026.jpg 252 110 162 254 0.56867
00026.jpg 400 147 188 231 0.56807
00026.jpg 415 147 187 254 0.56439
00026.jpg 223 98 200 302 0.55684
00026.jpg 429 173 44 100 0.55506
00026.jpg 211 89 205 325 0.53508
00026.jpg 251 106 178 288 0.52817
00026.jpg 429 175 47 95 0.52391
00026.jpg 251 98 181 295 0.52133
