00038.jpg 244 92 159 328 0.99974
00038.jpg 236 93 186 318 0.99972
00038.jpg 236 96 176 328 0.99952
00038.jpg 245 92 165 313 0.99936
00038.jpg 224 94 194 321 0.99907
00038.jpg 405 151 179 214 0.99882
00038.jpg 408 154 174 204 0.99875
00038.jpg 403 148 181 216 0.99854
00038.jpg 237 91 173 315 0.99792
00038.jpg 216 88 196 332 0.99789
00038.jpg 409 145 183 219 0.99747
00038.jpg 395 146 197 222 0.99677
00038.jpg 234 82 174 334 0.99614
00038.jpg 413 148 163 225 0.99590
00038.jpg 413 154 168 211 0.99584
00038.jpg 419 156 167 213 0.99548
00038.jpg 225 92 184 325 0.99511
00038.jpg 405 141 179 232 0.99507
00038.jpg 400 143 193 217 0.99500
00038.jpg 411 144 178 219 0.99480
00038.jpg 415 144 162 227 0.99457
00038.jpg 406 153 177 206 0.99453
00038.jpg 399 139 194 235 0.99450
00038.jpg 400 154 185 206 0.99414
00038.jpg 408 153 182 213 0.99406
00038.jpg 409 153 173 207 0.99395
00038.jpg 238 94 168 328 0.99369
00038.jpg 405 151 180 216 0.99365
00038.jpg 242 86 172 336 0.99344
00038.jpg 404 146 176 218 0.99330
00038.jpg 229 84 182 333 0.99306
00038.jpg 406 151 181 209 0.99280
00038.jpg 217 95 193 320 0.99264
00038.jpg 417 137 168 241 0.99154
00038.jpg 239 101 177 314 0.99121
00038.jpg 235 91 180 321 0.99102
00038.jpg 238 81 175 336 0.99095
00038.jpg 231 98 182 320 0.99066
00038.jpg 234 81 171 340 0.98996
00038.jpg 229 96 175 314 0.98978
00038.jpg 402 151 181 215 0.98935
00038.jpg 408 146 174 219 0.98935
00038.jpg 230 92 179 331 0.98930
00038.jpg 411 141 170 229 0.98889
00038.jpg 414 151 170 216 0.98837
00038.jpg 235 94 177 315 0.98825
00038.jpg 405 147 170 221 0.98813
00038.jpg 413 146 180 217 0.98812
00038.jpg 223 88 189 336 0.98781
00038.jpg 402 154 188 207 0.98700
00038.jpg 399 152 186 208 0.98684
00038.jpg 406 148 178 218 0.98680
00038.jpg 225 91 180 336 0.98607
00038.jpg 242 87 164 334 0.98594
00038.jpg 402 147 174 223 0.98583
00038.jpg 227 96 180 311 0.98581
00038.jpg 406 156 183 209 0.98568
00038.jpg 228 81 186 346 0.98516
00038.jpg 410 152 171 220 0.98456
00038.jpg 405 155 183 220 0.98426
00038.jpg 226 92 183 323 0.98286
00038.jpg 238 89 170 318 0.98124
00038.jpg 240 97 167 315 0.98100
00038.jpg 406 142 183 221 0.98093
00038.jpg 239 98 170 317 0.98071
00038.jpg 240 100 168 307 0.97975
00038.jpg 220 89 186 328 0.97958
00038.jpg 256 94 151 312 0.97859
00038.jpg 223 96 201 328 0.97815
00038.jpg 402 146 186 221 0.97788
00038.jpg 404 149 178 205 0.97699
00038.jpg 249 97 158 315 0.97559
00038.jpg 401 148 185 219 0.97483
00038.jpg 411 154 173 197 0.97414
00038.jpg 408 158 174 201 0.97407
00038.jpg 406 147 180 218 0.97334
00038.jpg 410 153 164 212 0.97314
00038.jpg 224 99 188 324 0.97308
00038.jpg 400 148 192 219 0.97057
00038.jpg 398 148 195 217 0.97052
00038.jpg 240 92 174 323 0.97034
00038.jpg 408 142 183 223 0.96916
00038.jpg 401 152 192 212 0.96892
00038.jpg 405 156 180 208 0.96730
00038.jpg 413 140 175 232 0.96716
00038.jpg 244 103 163 302 0.96645
00038.jpg 249 90 158 324 0.96250
00038.jpg 414 138 171 234 0.96222
00038.jpg 200 81 209 348 0.96168
00038.jpg 239 74 175 356 0.96147
00038.jpg 403 151 175 221 0.96081
00038.jpg 244 100 157 312 0.95987
00038.jpg 407 159 179 194 0.95979
00038.jpg 251 92 155 318 0.95839
00038.jpg 414 145 180 221 0.95774
00038.jpg 402 144 184 215 0.95293
00038.jpg 403 153 188 213 0.94897
00038.jpg 254 93 151 313 0.94687
00038.jpg 206 79 208 357 0.94425
00038.jpg 221 106 190 293 0.94219
00038.jpg 240 94 168 304 0.94208
00038.jpg 221 92 182 336 0.94053
00038.jpg 403 154 184 204 0.93984
00038.jpg 409 154 176 209 0.93514
00038.jpg 412 153 169 219 0.93218
00038.jpg 193 91 226 339 0.93128
00038.jpg 402 150 187 211 0.92609
00038.jpg 410 151 165 204 0.92520
00038.jpg 250 95 156 312 0.92143
00038.jpg 212 96 205 325 0.91857
00038.jpg 409 155 168 208 0.91773
00038.jpg 404 152 178 206 0.90930
00038.jpg 405 157 176 199 0.90696
00038.jpg 413 148 177 214 0.90372
00038.jpg 246 97 154 320 0.89977
00038.jpg 403 152 184 210 0.89885
00038.jpg 400 149 188 215 0.89700
00038.jpg 242 99 163 296 0.88992
00038.jpg 209 84 207 334 0.88548
00038.jpg 238 93 182 325 0.87893
00038.jpg 409 136 175 235 0.87761
00038.jpg 214 88 198 348 0.87492
00038.jpg 411 141 173 225 0.87058
00038.jpg 399 157 186 201 0.86828
00038.jpg 246 90 155 324 0.86562
00038.jpg 400 146 181 230 0.86047
00038.jpg 408 147 175 225 0.85696
00038.jpg 397 145 186 234 0.83698
00038.jpg 211 94 197 349 0.82973
00038.jpg 253 96 149 332 0.82660
00038.jpg 206 92 197 342 0.82109
00038.jpg 402 149 184 227 0.81940
00038.jpg 221 80 197 357 0.81893
00038.jpg 250 100 165 287 0.81702
00038.jpg 400 156 187 207 0.81539
00038.jpg 409 152 175 205 0.81291
00038.jpg 226 76 186 357 0.81252
00038.jpg 203 94 212 330 0.80881
00038.jpg 393 143 192 229 0.80305
00038.jpg 390 156 196 205 0.79841
00038.jpg 399 135 182 233 0.79782
00038.jpg 249 99 153 307 0.79026
00038.jpg 404 149 181 213 0.77958
00038.jpg 243 111 151 284 0.77306
00038.jpg 408 143 186 230 0.76444
00038.jpg 231 103 191 293 0.75624
00038.jpg 415 162 178 203 0.75355
00038.jpg 410 143 173 219 0.74783
00038.jpg 409 148 175 217 0.74400
00038.jpg 400 150 192 209 0.74153
00038.jpg 399 138 181 229 0.72545
00038.jpg 226 97 196 334 0.72460
00038.jpg 410 151 164 193 0.71863
00038.jpg 401 154 183 205 0.71327
00038.jpg 407 137 179 239 0.71129
00038.jpg 214 88 186 326 0.70792
00038.jpg 406 149 173 222 0.70583
00038.jpg 246 98 166 329 0.68812
00038.jpg 248 96 171 329 0.68278
00038.jpg 190 96 243 338 0.68177
00038.jpg 406 164 174 187 0.67232
00038.jpg 235 103 169 288 0.67068
00038.jpg 411 149 175 236 0.66141
00038.jpg 209 101 217 314 0.63657
00038.jpg 252 94 153 311 0.63274
00038.jpg 242 91 180 307 0.62545
00038.jpg 217 102 204 307 0.61504
00038.jpg 402 138 192 235 0.61199
00038.jpg 411 192 44 83 0.58360
00038.jpg 399 139 188 247 0.57445
00038.jpg 256 93 159 316 0.57153
00038.jpg 233 96 163 308 0.55448
00038.jpg 412 187 43 89 0.54866
00038.jpg 410 189 45 87 0.54866
00038.jpg 243 93 178 314 0.54577
00038.jpg 394 139 175 222 0.53650
00038.jpg 408 145 184 231 0.53447
00038.jpg 207 87 215 317 0.53032
00038.jpg 256 91 158 301 0.51634
00038.jpg 194 91 219 317 0.51393
00038.jpg 415 190 39 84 0.51367
00038.jpg 412 191 42 90 0.51291
