00034.jpg 215 89 209 329 0.99878
00034.jpg 204 91 231 328 0.99771
00034.jpg 225 101 197 318 0.99769
00034.jpg 217 106 212 314 0.99756
00034.jpg 229 96 186 329 0.99687
00034.jpg 212 103 212 330 0.99623
00034.jpg 210 104 206 317 0.99588
00034.jpg 211 98 220 340 0.99576
00034.jpg 404 155 191 208 0.99554
00034.jpg 403 144 192 227 0.99549
00034.jpg 415 153 182 209 0.99549
00034.jpg 414 141 191 227 0.99537
00034.jpg 408 146 192 224 0.99487
00034.jpg 419 149 173 220 0.99485
00034.jpg 404 160 196 209 0.99468
00034.jpg 409 158 194 214 0.99418
00034.jpg 415 148 173 223 0.99402
00034.jpg 406 140 186 231 0.99391
00034.jpg 222 104 201 312 0.99373
00034.jpg 407 149 196 228 0.99365
00034.jpg 225 95 192 336 0.99343
00034.jpg 221 91 211 342 0.99338
00034.jpg 219 103 203 316 0.99329
00034.jpg 200 104 223 315 0.99325
00034.jpg 404 159 189 208 0.99317
00034.jpg 405 155 190 210 0.99249
00034.jpg 412 153 187 212 0.99187
00034.jpg 413 141 182 236 0.99140
00034.jpg 217 92 212 321 0.99123
00034.jpg 223 89 215 343 0.99102
00034.jpg 231 97 184 326 0.99024
00034.jpg 411 159 183 213 0.98996
00034.jpg 211 89 203 333 0.98977
00034.jpg 207 85 216 355 0.98974
00034.jpg 407 156 184 213 0.98965
00034.jpg 403 149 210 212 0.98948
00034.jpg 405 151 195 213 0.98907
00034.jpg 410 144 192 225 0.98903
00034.jpg 419 150 170 223 0.98872
00034.jpg 409 152 192 218 0.98795
00034.jpg 408 157 190 210 0.98666
00034.jpg 212 101 221 330 0.98649
00034.jpg 230 95 185 331 0.98544
00034.jpg 409 152 186 221 0.98535
00034.jpg 215 97 203 345 0.98513
00034.jpg 214 92 208 341 0.98451
00034.jpg 408 138 188 244 0.98373
00034.jpg 404 157 191 210 0.98359
00034.jpg 415 153 193 219 0.98288
00034.jpg 224 101 214 314 0.98274
00034.jpg 412 155 190 211 0.98216
00034.jpg 214 98 213 322 0.98200
00034.jpg 408 148 193 224 0.98190
00034.jpg 229 90 189 334 0.98185
00034.jpg 402 155 191 216 0.98161
00034.jpg 414 157 181 203 0.98081
00034.jpg 209 100 213 344 0.98075
00034.jpg 418 155 172 208 0.98068
00034.jpg 408 157 187 200 0.98041
00034.jpg 405 152 187 210 0.97831
00034.jpg 404 152 195 218 0.97822
00034.jpg 407 150 189 215 0.97821
00034.jpg 403 156 198 205 0.97659
00034.jpg 408 152 187 218 0.97629
00034.jpg 397 150 208 218 0.97560
00034.jpg 406 160 189 197 0.97514
00034.jpg 211 98 225 321 0.97417
00034.jpg 196 97 228 348 0.97410
00034.jpg 197 96 223 341 0.97392
00034.jpg 240 98 182 333 0.97315
00034.jpg 206 77 216 355 0.97237
00034.jpg 409 155 187 215 0.97051
00034.jpg 410 150 187 223 0.96994
00034.jpg 406 154 183 219 0.96922
00034.jpg 410 153 187 215 0.96905
00034.jpg 403 153 194 219 0.96807
00034.jpg 405 146 192 224 0.96763
00034.jpg 410 156 189 206 0.96249
00034.jpg 225 81 194 346 0.96044
00034.jpg 402 146 196 226 0.95978
00034.jpg 236 96 184 319 0.95894
00034.jpg 412 158 183 202 0.95638
00034.jpg 209 98 211 349 0.95338
00034.jpg 407 156 186 208 0.95316
00034.jpg 215 103 217 329 0.95020
00034.jpg 403 149 195 225 0.94687
00034.jpg 195 95 229 334 0.94478
00034.jpg 410 157 186 208 0.94189
00034.jpg 405 145 197 231 0.94172
00034.jpg 409 146 184 227 0.94085
00034.jpg 407 144 186 230 0.94054
00034.jpg 227 105 199 290 0.93926
00034.jpg 402 158 202 201 0.93500
00034.jpg 223 103 197 318 0.93395
00034.jpg 204 93 219 339 0.93353
00034.jpg 216 110 210 292 0.93167
00034.jpg 203 93 226 325 0.92649
00034.jpg 400 158 205 195 0.92606
00034.jpg 412 155 182 207 0.91994
00034.jpg 243 108 183 297 0.91855
00034.jpg 402 148 195 224 0.91850
00034.jpg 409 152 179 217 0.91525
00034.jpg 418 144 183 219 0.91282
00034.jpg 231 106 194 335 0.91214
00034.jpg 202 98 226 317 0.91083
00034.jpg 410 158 179 197 0.90864
00034.jpg 408 152 187 212 0.90734
00034.jpg 401 148 200 229 0.90695
00034.jpg 401 155 191 214 0.90248
00034.jpg 404 153 203 213 0.90179
00034.jpg 407 157 183 203 0.90012
00034.jpg 414 155 178 209 0.89865
00034.jpg 404 155 192 216 0.89368
00034.jpg 207 97 210 313 0.88528
00034.jpg 421 184 35 96 0.86962
00034.jpg 211 106 215 293 0.86484
00034.jpg 244 103 181 292 0.86422
00034.jpg 405 159 190 201 0.85620
00034.jpg 411 155 181 208 0.85544
00034.jpg 200 96 230 333 0.85178
00034.jpg 408 154 186 209 0.85073
00034.jpg 409 152 194 215 0.84874
00034.jpg 209 96 222 337 0.84549
00034.jpg 401 155 186 206 0.84537
00034.jpg 197 109 218 294 0.84504
00034.jpg 225 103 204 313 0.83926
00034.jpg 199 96 235 333 0.83539
00034.jpg 216 90 210 364 0.83109
00034.jpg 238 100 178 303 0.81987
00034.jpg 419 184 41 101 0.81823
00034.jpg 405 157 196 201 0.80800
00034.jpg 240 100 187 315 0.80686
00034.jpg 419 182 37 96 0.80257
00034.jpg 239 105 184 291 0.78114
00034.jpg 406 145 183 207 0.78033
00034.jpg 220 88 206 345 0.77826
00034.jpg 232 103 191 287 0.77508
00034.jpg 407 138 193 242 0.77235
00034.jpg 420 185 39 103 0.76726
00034.jpg 418 185 45 94 0.76054
00034.jpg 392 149 215 207 0.75635
00034.jpg 420 187 39 96 0.75451
00034.jpg 411 148 189 231 0.75385
00034.jpg 397 159 191 193 0.74891
00034.jpg 242 114 179 273 0.74801
00034.jpg 201 99 225 316 0.74461
00034.jpg 410 153 174 222 0.74341
00034.jpg 422 188 37 93 0.72157
00034.jpg 398 145 200 231 0.72097
00034.jpg 399 163 191 207 0.71519
00034.jpg 244 107 183 323 0.71478
00034.jpg 240 106 181 271 0.71404
00034.jpg 233 105 186 259 0.71258
00034.jpg 249 95 175 296 0.70769
00034.jpg 207 97 207 311 0.70462
00034.jpg 420 161 177 203 0.70385
00034.jpg 420 152 184 200 0.69843
00034.jpg 252 92 167 303 0.69790
00034.jpg 416 187 40 99 0.69572
00034.jpg 420 194 42 85 0.69314
00034.jpg 245 110 177 264 0.67515
00034.jpg 417 156 173 208 0.66174
00034.jpg 422 191 40 95 0.64619
00034.jpg 396 139 203 236 0.64412
00034.jpg 419 186 42 93 0.64174
00034.jpg 418 194 44 86 0.64164
00034.jpg 181 97 254 356 0.63951
00034.jpg 421 185 34 96 0.63834
00034.jpg 416 190 44 94 0.62619
00034.jpg 194 100 220 346 0.62384
00034.jpg 420 182 42 100 0.61960
00034.jpg 422 188 41 100 0.60188
00034.jpg 231 114 195 245 0.60046
00034.jpg 424 200 39 81 0.57604
00034.jpg 202 111 217 283 0.55870
00034.jpg 228 93 209 363 0.54954
00034.jpg 418 182 44 98 0.53979
00034.jpg 413 156 178 225 0.53964
00034.jpg 196 99 215 316 0.53642
00034.jpg 413 146 192 240 0.53604
00034.jpg 413 161 169 189 0.53505
00034.jpg 406 154 192 205 0.53316
00034.jpg 232 119 191 243 0.53315
00034.jpg 409 163 180 217 0.53310
00034.jpg 236 102 186 301 0.53072
00034.jpg 416 185 39 91 0.52737
00034.jpg 423 190 37 89 0.52550
00034.jpg 412 153 178 216 0.50794
00034.jpg 424 187 41 96 0.50676
00034.jpg 224 89 206 303 0.50204
00034.jpg 232 95 202 345 0.49925
