00030.jpg 211 102 223 317 0.99873
00030.jpg 234 100 189 322 0.99763
00030.jpg 213 95 222 325 0.99755
00030.jpg 410 155 185 206 0.99736
00030.jpg 221 113 219 302 0.99724
00030.jpg 226 98 214 328 0.99669
00030.jpg 228 107 206 306 0.99611
00030.jpg 231 104 194 322 0.99609
00030.jpg 419 157 174 202 0.99601
00030.jpg 227 104 205 312 0.99571
00030.jpg 409 151 188 207 0.99561
00030.jpg 217 99 211 327 0.99524
00030.jpg 226 98 204 323 0.99509
00030.jpg 224 96 197 320 0.99476
00030.jpg 419 148 172 205 0.99449
00030.jpg 213 104 219 328 0.99437
00030.jpg 241 104 183 322 0.99366
00030.jpg 229 103 198 320 0.99288
00030.jpg 416 156 183 203 0.99249
00030.jpg 419 151 171 202 0.99157
00030.jpg 412 154 183 195 0.99135
00030.jpg 215 106 225 325 0.99105
00030.jpg 417 152 181 214 0.99091
00030.jpg 418 152 172 208 0.99022
00030.jpg 418 152 173 208 0.98939
00030.jpg 219 108 207 327 0.98876
00030.jpg 413 150 180 202 0.98871
00030.jpg 224 109 205 304 0.98832
00030.jpg 416 161 184 199 0.98807
00030.jpg 230 101 202 318 0.98795
00030.jpg 413 154 180 198 0.98773
00030.jpg 414 156 185 196 0.98739
00030.jpg 426 151 161 208 0.98683
00030.jpg 416 144 176 221 0.98627
00030.jpg 411 154 185 206 0.98584
00030.jpg 236 99 190 329 0.98531
00030.jpg 227 99 195 326 0.98461
00030.jpg 211 106 218 315 0.98338
00030.jpg 419 149 178 217 0.98178
00030.jpg 417 151 172 216 0.98164
00030.jpg 212 94 217 345 0.98124
00030.jpg 224 97 201 323 0.98065
00030.jpg 240 106 182 311 0.97991
00030.jpg 239 99 183 333 0.97987
00030.jpg 422 152 169 208 0.97975
00030.jpg 240 99 188 308 0.97969
00030.jpg 224 101 192 332 0.97879
00030.jpg 205 109 224 318 0.97725
00030.jpg 415 154 189 217 0.97638
00030.jpg 411 158 187 204 0.97500
00030.jpg 424 154 172 202 0.97469
00030.jpg 220 102 216 323 0.97458
00030.jpg 418 153 174 208 0.97446
00030.jpg 232 94 195 332 0.97443
00030.jpg 425 154 162 217 0.97355
00030.jpg 408 146 197 218 0.97273
00030.jpg 220 114 217 308 0.96944
00030.jpg 417 150 173 218 0.96724
00030.jpg 416 156 180 200 0.96681
00030.jpg 412 149 185 224 0.96611
00030.jpg 423 151 161 217 0.96589
00030.jpg 412 153 188 212 0.96321
00030.jpg 230 98 198 316 0.96233
00030.jpg 420 152 170 211 0.96142
00030.jpg 419 159 177 194 0.96119
00030.jpg 417 157 171 205 0.96105
00030.jpg 419 150 165 201 0.95885
00030.jpg 200 99 233 341 0.95821
00030.jpg 423 154 168 204 0.95737
00030.jpg 419 156 172 197 0.95639
00030.jpg 222 100 212 329 0.95286
00030.jpg 412 157 174 221 0.95250
00030.jpg 416 153 171 201 0.95197
00030.jpg 418 154 171 211 0.95181
00030.jpg 414 155 177 207 0.95162
00030.jpg 405 155 194 200 0.95156
00030.jpg 221 107 200 318 0.95125
00030.jpg 253 100 172 321 0.95110
00030.jpg 420 154 172 196 0.95065
00030.jpg 217 119 208 286 0.94864
00030.jpg 204 105 234 316 0.94615
00030.jpg 418 152 173 206 0.94602
00030.jpg 211 103 223 317 0.94539
00030.jpg 410 150 190 216 0.94504
00030.jpg 418 137 156 233 0.94293
00030.jpg 418 149 177 226 0.94278
00030.jpg 408 153 185 214 0.94271
00030.jpg 202 104 233 318 0.94223
00030.jpg 413 150 184 214 0.94195
00030.jpg 227 103 204 339 0.94186
00030.jpg 418 145 173 223 0.94063
00030.jpg 416 159 180 193 0.94035
00030.jpg 420 157 167 196 0.93347
00030.jpg 411 154 182 197 0.92983
00030.jpg 251 110 177 306 0.92974
00030.jpg 233 108 202 317 0.92436
00030.jpg 223 102 208 321 0.92368
00030.jpg 203 102 225 315 0.92179
00030.jpg 409 147 190 213 0.91921
00030.jpg 420 152 170 208 0.91686
00030.jpg 409 151 185 209 0.91357
00030.jpg 416 157 170 207 0.91236
00030.jpg 414 151 177 213 0.90691
00030.jpg 420 155 168 198 0.90304
00030.jpg 415 143 174 227 0.90207
00030.jpg 216 106 201 312 0.89575
00030.jpg 419 156 173 201 0.89477
00030.jpg 419 152 173 206 0.89464
00030.jpg 209 109 221 308 0.89447
00030.jpg 216 102 205 314 0.88573
00030.jpg 218 106 210 312 0.88235
00030.jpg 420 151 176 206 0.87948
00030.jpg 407 140 180 241 0.87902
00030.jpg 255 113 173 305 0.87887
00030.jpg 425 180 44 93 0.87333
00030.jpg 418 152 173 212 0.87281
00030.jpg 240 110 195 308 0.87215
00030.jpg 430 179 40 99 0.87050
00030.jpg 423 157 167 201 0.86560
00030.jpg 414 154 178 195 0.85645
00030.jpg 422 150 172 199 0.85590
00030.jpg 419 149 183 198 0.85439
00030.jpg 429 179 45 96 0.84913
00030.jpg 215 92 214 327 0.84877
00030.jpg 409 150 195 216 0.84355
00030.jpg 418 151 166 221 0.84343
00030.jpg 429 173 37 103 0.82294
00030.jpg 424 176 45 100 0.82178
00030.jpg 215 95 201 318 0.81543
00030.jpg 235 107 190 299 0.81496
00030.jpg 244 104 182 316 0.81187
00030.jpg 418 147 170 215 0.81157
00030.jpg 400 150 195 231 0.79739
00030.jpg 427 178 42 98 0.79130
00030.jpg 425 179 42 94 0.78957
00030.jpg 203 104 228 327 0.78899
00030.jpg 417 141 180 236 0.78852
00030.jpg 239 120 191 294 0.78776
00030.jpg 425 157 167 201 0.78417
00030.jpg 244 108 181 289 0.78301
00030.jpg 244 105 195 310 0.78160
00030.jpg 425 178 44 101 0.77845
00030.jpg 429 179 42 91 0.77771
00030.jpg 418 158 168 213 0.77562
00030.jpg 241 111 185 318 0.77361
00030.jpg 426 180 43 97 0.77207
00030.jpg 412 150 183 219 0.77166
00030.jpg 426 179 44 93 0.76890
00030.jpg 427 178 42 100 0.76233
00030.jpg 422 182 46 95 0.76137
00030.jpg 425 179 44 97 0.75796
00030.jpg 420 161 169 195 0.74925
00030.jpg 250 116 189 268 0.74846
00030.jpg 422 176 45 102 0.74650
00030.jpg 413 163 171 192 0.73602
00030.jpg 411 154 184 221 0.73586
00030.jpg 256 103 174 304 0.73355
00030.jpg 237 107 201 324 0.73249
00030.jpg 409 156 186 203 0.72926
00030.jpg 426 179 45 96 0.72796
00030.jpg 200 104 239 335 0.72609
00030.jpg 428 181 41 94 0.72596
00030.jpg 223 85 217 344 0.72162
00030.jpg 243 104 178 320 0.71347
00030.jpg 427 179 41 92 0.71179
00030.jpg 251 105 176 325 0.71106
00030.jpg 409 163 176 174 0.71037
00030.jpg 412 157 168 228 0.70751
00030.jpg 427 186 45 88 0.70296
00030.jpg 218 116 208 294 0.69702
00030.jpg 428 178 45 101 0.69137
00030.jpg 201 109 226 312 0.68505
00030.jpg 407 154 188 213 0.67892
00030.jpg 181 104 258 312 0.67365
00030.jpg 405 148 196 226 0.66969
00030.jpg 428 180 44 93 0.66183
00030.jpg 252 109 181 267 0.65810
00030.jpg 424 178 43 95 0.65369
00030.jpg 429 175 44 98 0.63489
00030.jpg 410 156 182 202 0.63418
00030.jpg 427 182 44 85 0.63188
00030.jpg 414 134 195 237 0.63173
00030.jpg 426 182 42 93 0.62955
00030.jpg 427 153 164 204 0.62771
00030.jpg 249 102 189 331 0.62415
00030.jpg 413 147 163 235 0.61708
00030.jpg 401 155 189 225 0.61308
00030.jpg 430 183 41 95 0.60640
00030.jpg 418 132 184 254 0.60564
00030.jpg 226 93 223 333 0.60488
00030.jpg 426 181 45 94 0.59092
00030.jpg 430 178 42 96 0.58294
00030.jpg 426 188 46 85 0.57910
00030.jpg 430 181 42 95 0.57247
00030.jpg 430 179 42 96 0.56990
00030.jpg 209 96 218 314 0.55358
00030.jpg 430 181 40 99 0.55100
00030.jpg 402 166 181 185 0.54831
00030.jpg 417 160 183 195 0.54676
00030.jpg 429 180 43 94 0.54429
00030.jpg 421 154 174 199 0.54388
00030.jpg 432 182 38 90 0.53559
00030.jpg 400 141 183 237 0.52039
00030.jpg 208 113 203 302 0.51339
00030.jpg 420 176 55 103 0.50469
