00006.jpg 206 144 193 314 0.99970
00006.jpg 207 143 199 311 0.99964
00006.jpg 209 140 203 319 0.99955
00006.jpg 204 150 202 304 0.99955
00006.jpg 203 143 206 313 0.99931
00006.jpg 211 149 195 306 0.99930
00006.jpg 211 148 197 312 0.99889
00006.jpg 208 149 194 305 0.99854
00006.jpg 209 145 193 307 0.99841
00006.jpg 206 145 198 317 0.99787
00006.jpg 204 143 195 311 0.99777
00006.jpg 205 150 206 305 0.99767
00006.jpg 210 150 187 307 0.99762
00006.jpg 199 136 213 322 0.99756
00006.jpg 190 152 223 291 0.99718
00006.jpg 582 188 167 250 0.99708
00006.jpg 205 150 207 287 0.99696
00006.jpg 200 152 213 304 0.99667
00006.jpg 198 143 208 313 0.99630
00006.jpg 201 144 208 307 0.99593
00006.jpg 198 142 211 320 0.99564
00006.jpg 195 148 212 296 0.99426
00006.jpg 196 153 208 298 0.99388
00006.jpg 214 144 188 303 0.99383
00006.jpg 199 144 202 313 0.99381
00006.jpg 199 150 203 306 0.99335
00006.jpg 204 146 198 311 0.99292
00006.jpg 194 146 224 300 0.99281
00006.jpg 474 142 184 302 0.99265
00006.jpg 206 148 199 315 0.99203
00006.jpg 569 196 188 231 0.99201
00006.jpg 487 122 152 319 0.99195
00006.jpg 201 132 206 319 0.99180
00006.jpg 197 149 212 292 0.99157
00006.jpg 575 196 182 236 0.99149
00006.jpg 195 160 212 292 0.99116
00006.jpg 198 149 205 310 0.99098
00006.jpg 196 148 230 317 0.99090
00006.jpg 578 192 168 235 0.99047
00006.jpg 583 201 167 228 0.98989
00006.jpg 464 155 112 292 0.98962
00006.jpg 582 198 169 229 0.98932
00006.jpg 587 199 162 232 0.98929
00006.jpg 201 150 205 299 0.98884
00006.jpg 582 197 168 236 0.98856
00006.jpg 208 152 201 303 0.98849
00006.jpg 200 147 205 314 0.98782
00006.jpg 589 188 158 243 0.98740
00006.jpg 583 198 167 234 0.98733
00006.jpg 205 148 202 320 0.98721
00006.jpg 487 131 154 312 0.98720
00006.jpg 593 198 150 231 0.98537
00006.jpg 480 135 172 298 0.98478
00006.jpg 201 147 204 323 0.98461
00006.jpg 460 156 112 300 0.98196
00006.jpg 577 193 174 230 0.98097
00006.jpg 490 119 162 318 0.97822
00006.jpg 580 186 168 244 0.97786
00006.jpg 582 194 171 232 0.97729
00006.jpg 485 130 162 318 0.97702
00006.jpg 578 194 176 229 0.97701
00006.jpg 479 137 172 291 0.97593
00006.jpg 580 195 172 227 0.97518
00006.jpg 200 150 208 310 0.97499
00006.jpg 207 143 199 317 0.97487
00006.jpg 584 197 166 231 0.97437
00006.jpg 574 175 179 253 0.97386
00006.jpg 585 194 154 227 0.97358
00006.jpg 210 144 193 313 0.97294
00006.jpg 579 191 177 237 0.97246
00006.jpg 458 160 105 289 0.97245
00006.jpg 208 153 196 294 0.97164
00006.jpg 209 138 191 322 0.97118
00006.jpg 500 137 152 302 0.97059
00006.jpg 459 150 105 307 0.97039
00006.jpg 493 126 150 312 0.96792
00006.jpg 471 140 165 300 0.96754
00006.jpg 503 139 146 289 0.96645
00006.jpg 201 156 200 302 0.96636
00006.jpg 462 164 102 276 0.96618
00006.jpg 571 191 182 241 0.96364
00006.jpg 204 143 198 315 0.96351
00006.jpg 588 191 166 244 0.96316
00006.jpg 201 156 204 297 0.96255
00006.jpg 494 123 151 318 0.96243
00006.jpg 206 153 194 305 0.96200
00006.jpg 573 190 177 238 0.96195
00006.jpg 583 194 164 234 0.96173
00006.jpg 494 137 155 296 0.96123
00006.jpg 580 194 172 237 0.96102
00006.jpg 569 180 182 241 0.96019
00006.jpg 204 149 200 315 0.95928
00006.jpg 208 140 195 325 0.95764
00006.jpg 463 143 130 307 0.95710
00006.jpg 560 193 191 235 0.95651
00006.jpg 491 138 155 301 0.95571
00006.jpg 590 189 160 244 0.95459
00006.jpg 477 148 195 282 0.95451
00006.jpg 555 185 198 239 0.95343
00006.jpg 588 195 156 232 0.95248
00006.jpg 502 138 146 295 0.95190
00006.jpg 469 141 198 288 0.95112
00006.jpg 193 137 218 327 0.95065
00006.jpg 196 148 209 311 0.95033
00006.jpg 458 146 102 293 0.95026
00006.jpg 203 156 197 294 0.94934
00006.jpg 579 195 174 231 0.94891
00006.jpg 575 197 177 231 0.94638
00006.jpg 575 187 179 241 0.94617
00006.jpg 490 127 159 322 0.94517
00006.jpg 591 194 145 232 0.94312
00006.jpg 579 196 172 231 0.94227
00006.jpg 578 192 173 228 0.94150
00006.jpg 577 196 179 224 0.94068
00006.jpg 588 183 147 242 0.93810
00006.jpg 494 146 153 282 0.93434
00006.jpg 498 148 145 275 0.93298
00006.jpg 517 146 216 283 0.93206
00006.jpg 470 145 170 306 0.93094
00006.jpg 579 199 176 237 0.93073
00006.jpg 497 135 152 304 0.92739
00006.jpg 479 145 178 288 0.92636
00006.jpg 493 136 153 301 0.92578
00006.jpg 200 155 205 305 0.92549
00006.jpg 199 141 208 309 0.92470
00006.jpg 497 137 144 307 0.92425
00006.jpg 582 196 167 238 0.92168
00006.jpg 591 198 162 228 0.92102
00006.jpg 465 135 168 315 0.91909
00006.jpg 464 145 150 310 0.91792
00006.jpg 193 138 224 314 0.91704
00006.jpg 198 145 207 296 0.91477
00006.jpg 578 191 172 247 0.91344
00006.jpg 468 127 183 317 0.91233
00006.jpg 584 184 167 244 0.91198
00006.jpg 564 190 194 235 0.91108
00006.jpg 562 173 184 251 0.91079
00006.jpg 578 188 168 235 0.90949
00006.jpg 496 129 169 324 0.90899
00006.jpg 467 146 112 289 0.90864
00006.jpg 485 135 153 305 0.90743
00006.jpg 456 152 108 296 0.90675
00006.jpg 453 158 104 288 0.90599
00006.jpg 506 131 133 304 0.90590
00006.jpg 478 148 137 294 0.90467
00006.jpg 578 198 175 232 0.90315
00006.jpg 197 133 218 334 0.90304
00006.jpg 498 134 153 315 0.90151
00006.jpg 460 153 108 289 0.90116
00006.jpg 583 189 166 239 0.89992
00006.jpg 583 196 158 236 0.89837
00006.jpg 459 150 105 302 0.89768
00006.jpg 476 138 150 306 0.89545
00006.jpg 477 142 178 286 0.89512
00006.jpg 466 147 141 296 0.89229
00006.jpg 487 131 156 309 0.89139
00006.jpg 207 148 204 307 0.89043
00006.jpg 195 148 203 312 0.89027
00006.jpg 568 183 178 255 0.88775
00006.jpg 459 136 154 307 0.88619
00006.jpg 491 130 161 287 0.88414
00006.jpg 485 148 190 281 0.88355
00006.jpg 466 138 181 304 0.88311
00006.jpg 559 193 194 235 0.88222
00006.jpg 472 126 180 318 0.88154
00006.jpg 489 135 146 304 0.88063
00006.jpg 456 153 105 297 0.87242
00006.jpg 583 193 167 242 0.87212
00006.jpg 581 191 175 236 0.87180
00006.jpg 571 185 183 243 0.87156
00006.jpg 462 170 102 274 0.87148
00006.jpg 499 137 152 304 0.87135
00006.jpg 461 156 101 290 0.86994
00006.jpg 200 148 202 309 0.86978
00006.jpg 206 146 198 303 0.86861
00006.jpg 195 143 214 306 0.86629
00006.jpg 202 158 204 298 0.86341
00006.jpg 586 187 156 254 0.86189
00006.jpg 465 158 89 298 0.86171
00006.jpg 501 142 192 308 0.86078
00006.jpg 493 142 156 299 0.85546
00006.jpg 581 195 165 234 0.84971
00006.jpg 463 160 90 286 0.84626
00006.jpg 484 137 165 283 0.84598
00006.jpg 457 151 98 293 0.84267
00006.jpg 486 139 171 282 0.84204
00006.jpg 505 142 141 280 0.84181
00006.jpg 561 179 186 255 0.84023
00006.jpg 489 139 153 297 0.83892
00006.jpg 463 135 194 306 0.83812
00006.jpg 212 131 194 325 0.83731
00006.jpg 584 195 168 231 0.83642
00006.jpg 580 202 165 230 0.83347
00006.jpg 215 150 185 306 0.83141
00006.jpg 487 149 173 275 0.83015
00006.jpg 459 147 109 295 0.82817
00006.jpg 464 153 92 292 0.82672
00006.jpg 465 154 86 294 0.82550
00006.jpg 502 137 143 293 0.82426
00006.jpg 196 132 216 326 0.82037
00006.jpg 461 133 142 325 0.81824
00006.jpg 483 141 173 298 0.81251
00006.jpg 455 157 106 298 0.81003
00006.jpg 206 146 189 311 0.80978
00006.jpg 481 132 135 312 0.80863
00006.jpg 484 141 172 303 0.80815
00006.jpg 574 185 180 249 0.80702
00006.jpg 463 156 96 290 0.80494
00006.jpg 495 126 146 329 0.80330
00006.jpg 541 181 201 258 0.79931
00006.jpg 534 168 198 258 0.79867
00006.jpg 461 153 92 293 0.79407
00006.jpg 465 162 87 288 0.79328
00006.jpg 585 202 157 222 0.78056
00006.jpg 506 134 140 289 0.77897
00006.jpg 199 158 205 296 0.76104
00006.jpg 483 140 145 298 0.75263
00006.jpg 467 140 180 300 0.75239
00006.jpg 464 168 96 277 0.74465
00006.jpg 465 134 141 317 0.74361
00006.jpg 535 158 204 282 0.74150
00006.jpg 500 138 149 291 0.74139
00006.jpg 461 155 104 298 0.74080
00006.jpg 515 144 130 285 0.73946
00006.jpg 463 164 106 281 0.73907
00006.jpg 461 153 84 292 0.73854
00006.jpg 564 186 184 245 0.73237
00006.jpg 506 138 140 288 0.72678
00006.jpg 200 161 201 288 0.71776
00006.jpg 194 156 217 298 0.70809
00006.jpg 592 193 147 238 0.70108
00006.jpg 452 150 124 298 0.70035
00006.jpg 560 186 195 244 0.69966
00006.jpg 584 183 177 228 0.69424
00006.jpg 511 139 137 274 0.68807
00006.jpg 464 150 124 281 0.68473
00006.jpg 463 141 193 277 0.68278
00006.jpg 455 166 115 283 0.68081
00006.jpg 504 146 150 290 0.67912
00006.jpg 465 142 150 311 0.67838
00006.jpg 452 150 127 296 0.67826
00006.jpg 458 153 104 292 0.67304
00006.jpg 458 158 120 289 0.67296
00006.jpg 503 150 151 257 0.67234
00006.jpg 507 184 229 237 0.66866
00006.jpg 472 138 237 298 0.66725
00006.jpg 458 155 112 296 0.66390
00006.jpg 543 186 194 238 0.65929
00006.jpg 463 151 113 302 0.65563
00006.jpg 513 138 133 286 0.65470
00006.jpg 453 150 174 299 0.65079
00006.jpg 459 157 97 283 0.65041
00006.jpg 454 166 108 284 0.64715
00006.jpg 468 130 211 329 0.64692
00006.jpg 464 143 165 305 0.64191
00006.jpg 458 156 85 279 0.63966
00006.jpg 457 152 103 290 0.63672
00006.jpg 567 170 169 249 0.63624
00006.jpg 587 193 165 240 0.63588
00006.jpg 451 145 255 301 0.62837
00006.jpg 591 196 160 230 0.61939
00006.jpg 455 147 133 307 0.61865
00006.jpg 456 136 154 319 0.61349
00006.jpg 460 154 112 289 0.61304
00006.jpg 547 174 181 250 0.61101
00006.jpg 583 191 168 244 0.60746
00006.jpg 592 187 152 245 0.60650
00006.jpg 525 169 224 257 0.60246
00006.jpg 585 194 161 235 0.60234
00006.jpg 197 141 215 317 0.59834
00006.jpg 465 169 89 280 0.59766
00006.jpg 455 152 100 285 0.57955
00006.jpg 456 152 97 282 0.57578
00006.jpg 499 130 147 304 0.56113
00006.jpg 454 173 112 264 0.55863
00006.jpg 556 192 192 232 0.54740
00006.jpg 470 175 104 262 0.54652
00006.jpg 466 159 105 278 0.54423
00006.jpg 468 161 98 280 0.53177
00006.jpg 485 152 151 297 0.53109
00006.jpg 500 131 159 288 0.52433
00006.jpg 456 150 102 291 0.52160
00006.jpg 466 158 72 278 0.52083
00006.jpg 567 192 173 226 0.51298
00006.jpg 455 148 244 291 0.51294
00006.jpg 505 149 145 259 0.50935
00006.jpg 200 150 205 298 0.50251
00006.jpg 457 190 114 245 0.50189
00006.jpg 462 174 92 263 0.50158
