00002.jpg 177 146 221 299 0.99974
00002.jpg 174 146 202 292 0.99955
00002.jpg 168 135 220 319 0.99949
00002.jpg 166 141 232 307 0.99949
00002.jpg 177 143 209 296 0.99948
00002.jpg 173 136 215 311 0.99938
00002.jpg 173 141 222 309 0.99935
00002.jpg 172 133 206 308 0.99927
00002.jpg 167 137 217 297 0.99922
00002.jpg 165 139 225 308 0.99918
00002.jpg 174 132 219 316 0.99917
00002.jpg 178 139 218 303 0.99907
00002.jpg 178 145 213 291 0.99906
00002.jpg 175 145 226 304 0.99894
00002.jpg 165 145 226 302 0.99863
00002.jpg 170 140 229 300 0.99844
00002.jpg 177 142 202 298 0.99826
00002.jpg 171 142 212 309 0.99822
00002.jpg 162 145 229 303 0.99818
00002.jpg 168 137 225 319 0.99808
00002.jpg 160 137 228 298 0.99808
00002.jpg 158 130 251 311 0.99801
00002.jpg 425 117 190 316 0.99782
00002.jpg 169 147 223 302 0.99777
00002.jpg 551 176 189 249 0.99768
00002.jpg 176 140 215 309 0.99760
00002.jpg 447 122 171 309 0.99712
00002.jpg 174 144 199 307 0.99703
00002.jpg 163 135 241 312 0.99638
00002.jpg 168 136 224 312 0.99623
00002.jpg 162 144 229 299 0.99515
00002.jpg 170 144 217 311 0.99512
00002.jpg 543 164 193 256 0.99501
00002.jpg 557 179 179 240 0.99481
00002.jpg 433 122 184 321 0.99429
00002.jpg 164 132 224 312 0.99402
00002.jpg 162 145 240 295 0.99396
00002.jpg 428 134 182 300 0.99381
00002.jpg 163 137 226 307 0.99315
00002.jpg 552 186 182 230 0.99309
00002.jpg 168 132 216 313 0.99294
00002.jpg 165 151 224 297 0.99221
00002.jpg 556 180 184 234 0.99163
00002.jpg 167 126 225 327 0.99140
00002.jpg 428 122 173 310 0.99133
00002.jpg 555 176 177 248 0.99114
00002.jpg 557 172 167 245 0.99094
00002.jpg 171 150 219 300 0.99073
00002.jpg 430 145 187 274 0.99039
00002.jpg 562 180 173 236 0.98854
00002.jpg 546 182 190 241 0.98828
00002.jpg 560 178 176 241 0.98826
00002.jpg 556 177 173 239 0.98821
00002.jpg 562 175 176 246 0.98753
00002.jpg 560 181 172 236 0.98752
00002.jpg 556 180 185 232 0.98719
00002.jpg 414 132 203 311 0.98688
00002.jpg 429 126 166 315 0.98666
00002.jpg 560 174 176 246 0.98623
00002.jpg 547 165 190 241 0.98573
00002.jpg 434 135 172 297 0.98543
00002.jpg 558 179 181 234 0.98542
00002.jpg 545 178 194 247 0.98526
00002.jpg 418 136 197 288 0.98458
00002.jpg 561 174 174 241 0.98452
00002.jpg 567 181 174 235 0.98360
00002.jpg 555 164 187 259 0.98293
00002.jpg 555 181 172 241 0.98280
00002.jpg 562 186 176 220 0.98217
00002.jpg 435 134 190 293 0.98075
00002.jpg 416 126 194 298 0.97983
00002.jpg 434 122 161 315 0.97914
00002.jpg 167 142 227 316 0.97910
00002.jpg 434 122 175 314 0.97772
00002.jpg 554 177 181 235 0.97751
00002.jpg 419 130 146 308 0.97591
00002.jpg 173 135 220 302 0.97590
00002.jpg 544 181 190 230 0.97410
00002.jpg 441 123 171 313 0.97397
00002.jpg 432 142 176 280 0.97351
00002.jpg 173 133 218 315 0.97277
00002.jpg 172 134 211 321 0.97248
00002.jpg 556 176 174 245 0.97206
00002.jpg 561 181 170 234 0.97200
00002.jpg 559 184 172 230 0.97069
00002.jpg 553 177 179 245 0.97039
00002.jpg 182 141 208 304 0.96977
00002.jpg 173 142 218 301 0.96967
00002.jpg 427 125 191 314 0.96795
00002.jpg 169 147 219 303 0.96719
00002.jpg 558 167 171 256 0.96683
00002.jpg 549 177 179 239 0.96640
00002.jpg 422 119 214 315 0.96610
00002.jpg 554 183 184 234 0.96579
00002.jpg 422 125 205 316 0.96564
00002.jpg 555 173 174 259 0.96527
00002.jpg 552 186 185 227 0.96483
00002.jpg 445 123 164 307 0.96338
00002.jpg 424 141 139 282 0.96269
00002.jpg 566 171 165 248 0.96223
00002.jpg 560 175 177 247 0.95988
00002.jpg 435 141 168 291 0.95901
00002.jpg 556 177 175 249 0.95889
00002.jpg 164 146 234 303 0.95803
00002.jpg 440 131 166 299 0.95656
00002.jpg 430 123 179 310 0.95534
00002.jpg 558 175 176 249 0.95531
00002.jpg 165 150 231 297 0.95509
00002.jpg 550 177 189 241 0.95480
00002.jpg 540 164 194 251 0.95344
00002.jpg 549 178 186 236 0.95303
00002.jpg 419 149 101 276 0.95205
00002.jpg 171 130 219 308 0.95186
00002.jpg 559 180 176 240 0.95162
00002.jpg 558 174 171 247 0.95117
00002.jpg 420 154 127 274 0.95093
00002.jpg 178 138 215 307 0.95004
00002.jpg 440 129 143 309 0.94993
00002.jpg 426 131 180 313 0.94991
00002.jpg 429 125 186 319 0.94442
00002.jpg 458 155 208 266 0.94437
00002.jpg 165 137 224 313 0.94400
00002.jpg 180 154 205 296 0.94392
00002.jpg 541 181 187 233 0.94358
00002.jpg 424 124 177 304 0.94356
00002.jpg 444 132 173 300 0.94248
00002.jpg 449 132 160 295 0.94223
00002.jpg 437 128 182 301 0.94130
00002.jpg 426 127 183 319 0.93886
00002.jpg 173 135 214 312 0.93596
00002.jpg 170 132 214 316 0.93481
00002.jpg 175 151 212 293 0.93470
00002.jpg 418 154 110 278 0.92917
00002.jpg 531 166 206 251 0.92839
00002.jpg 172 139 206 330 0.92812
00002.jpg 169 146 229 294 0.91775
00002.jpg 422 144 136 288 0.91775
00002.jpg 414 138 216 297 0.91406
00002.jpg 419 127 203 309 0.91053
00002.jpg 435 122 199 320 0.91038
00002.jpg 436 128 178 291 0.90652
00002.jpg 421 140 132 292 0.90600
00002.jpg 179 130 217 313 0.90393
00002.jpg 437 132 186 301 0.90294
00002.jpg 545 182 186 229 0.90236
00002.jpg 530 169 220 246 0.90052
00002.jpg 184 144 189 310 0.89813
00002.jpg 425 121 175 322 0.89771
00002.jpg 420 150 101 275 0.89413
00002.jpg 548 178 187 236 0.89162
00002.jpg 425 131 164 307 0.88620
00002.jpg 163 134 224 303 0.88612
00002.jpg 418 146 99 273 0.88449
00002.jpg 574 178 157 234 0.88409
00002.jpg 550 180 184 240 0.88126
00002.jpg 426 134 189 305 0.87941
00002.jpg 561 166 173 245 0.87830
00002.jpg 168 145 216 300 0.87737
00002.jpg 560 174 171 247 0.87553
00002.jpg 422 149 74 259 0.87335
00002.jpg 562 182 173 241 0.87313
00002.jpg 164 151 226 300 0.86938
00002.jpg 443 131 152 295 0.86708
00002.jpg 553 177 180 242 0.86446
00002.jpg 452 133 165 284 0.85832
00002.jpg 446 134 161 300 0.85770
00002.jpg 424 142 98 300 0.85657
00002.jpg 169 151 216 296 0.85583
00002.jpg 430 131 182 299 0.85246
00002.jpg 567 188 169 222 0.84939
00002.jpg 416 137 187 292 0.84836
00002.jpg 418 151 82 263 0.84801
00002.jpg 166 143 226 300 0.84413
00002.jpg 441 136 183 311 0.83603
00002.jpg 414 151 96 265 0.83565
00002.jpg 162 124 221 330 0.83432
00002.jpg 566 162 171 246 0.83399
00002.jpg 555 179 178 248 0.83389
00002.jpg 177 139 210 300 0.83217
00002.jpg 423 155 88 266 0.82682
00002.jpg 161 143 232 310 0.81963
00002.jpg 422 121 161 328 0.81833
00002.jpg 569 177 161 243 0.81665
00002.jpg 420 163 104 251 0.81357
00002.jpg 415 154 85 267 0.81028
00002.jpg 419 147 88 261 0.80937
00002.jpg 558 166 183 244 0.80820
00002.jpg 423 152 83 256 0.80755
00002.jpg 416 142 75 273 0.80622
00002.jpg 561 178 168 231 0.80497
00002.jpg 170 142 206 300 0.80167
00002.jpg 438 133 184 302 0.79983
00002.jpg 410 148 117 282 0.79925
00002.jpg 566 179 162 235 0.79860
00002.jpg 166 129 217 325 0.79594
00002.jpg 420 145 93 276 0.79365
00002.jpg 542 176 179 236 0.78937
00002.jpg 555 177 179 243 0.78822
00002.jpg 417 163 107 263 0.78628
00002.jpg 445 134 169 298 0.78079
00002.jpg 173 136 211 309 0.77920
00002.jpg 420 149 111 284 0.77130
00002.jpg 417 157 79 254 0.76761
00002.jpg 429 143 183 289 0.76691
00002.jpg 426 127 191 308 0.76671
00002.jpg 437 122 172 304 0.76477
00002.jpg 553 164 176 264 0.76411
00002.jpg 426 136 150 296 0.76343
00002.jpg 549 174 173 256 0.75763
00002.jpg 150 137 248 318 0.75688
00002.jpg 422 156 86 260 0.75674
00002.jpg 447 131 174 288 0.75242
00002.jpg 165 139 236 306 0.75014
00002.jpg 419 144 79 273 0.74546
00002.jpg 161 139 241 304 0.74501
00002.jpg 447 132 176 293 0.74255
00002.jpg 434 139 168 301 0.74136
00002.jpg 454 128 156 301 0.74133
00002.jpg 546 169 185 245 0.73853
00002.jpg 175 132 209 313 0.73516
00002.jpg 426 148 88 271 0.73470
00002.jpg 569 178 165 236 0.72648
00002.jpg 420 130 200 309 0.72615
00002.jpg 425 156 90 274 0.71867
00002.jpg 410 150 109 277 0.71741
00002.jpg 419 150 92 279 0.71507
00002.jpg 426 136 190 295 0.70780
00002.jpg 175 147 220 288 0.69887
00002.jpg 561 177 177 239 0.69624
00002.jpg 427 157 89 264 0.69374
00002.jpg 452 132 148 305 0.68886
00002.jpg 419 159 119 275 0.68600
00002.jpg 418 161 106 271 0.67704
00002.jpg 422 153 68 261 0.67384
00002.jpg 423 141 163 307 0.67033
00002.jpg 176 138 210 311 0.66448
00002.jpg 420 152 66 252 0.66395
00002.jpg 409 128 209 318 0.66035
00002.jpg 417 156 100 275 0.65963
00002.jpg 416 156 84 262 0.65902
00002.jpg 440 134 161 291 0.65868
00002.jpg 557 189 173 214 0.65737
00002.jpg 419 149 89 278 0.65430
00002.jpg 422 156 82 266 0.65215
00002.jpg 467 147 212 284 0.64664
00002.jpg 544 178 191 248 0.64268
00002.jpg 422 155 67 242 0.64073
00002.jpg 420 153 104 279 0.63905
00002.jpg 158 145 240 294 0.63285
00002.jpg 423 122 185 320 0.61931
00002.jpg 422 168 69 214 0.61858
00002.jpg 409 135 220 266 0.61681
00002.jpg 410 139 199 279 0.61013
00002.jpg 445 140 136 277 0.60970
00002.jpg 436 124 203 310 0.60953
00002.jpg 421 155 87 273 0.60802
00002.jpg 426 158 52 217 0.59951
00002.jpg 546 162 196 264 0.59747
00002.jpg 452 129 158 298 0.59382
00002.jpg 478 156 238 260 0.59192
00002.jpg 417 144 111 283 0.58679
00002.jpg 544 163 195 259 0.58515
00002.jpg 408 141 183 284 0.58006
00002.jpg 419 160 92 259 0.57707
00002.jpg 422 155 72 262 0.57573
00002.jpg 168 123 223 311 0.56462
00002.jpg 540 172 178 244 0.55655
00002.jpg 415 151 103 273 0.55565
00002.jpg 425 147 94 253 0.55271
00002.jpg 170 148 209 304 0.55139
00002.jpg 430 160 103 268 0.54624
00002.jpg 173 144 209 300 0.54339
00002.jpg 560 178 183 230 0.53516
00002.jpg 498 142 207 275 0.53201
00002.jpg 174 153 230 290 0.53160
00002.jpg 418 161 76 251 0.53159
00002.jpg 443 130 162 306 0.52712
00002.jpg 575 174 163 242 0.52696
00002.jpg 420 156 70 251 0.51794
00002.jpg 525 179 214 244 0.51764
00002.jpg 159 135 227 295 0.51524
00002.jpg 171 139 222 308 0.51508
00002.jpg 541 184 203 233 0.50818
00002.jpg 160 133 223 322 0.49961
00002.jpg 416 136 200 303 0.49923
