00001.jpg 155 133 238 303 0.99993
00001.jpg 156 138 223 304 0.99968
00001.jpg 148 139 240 300 0.99968
00001.jpg 160 140 226 311 0.99956
00001.jpg 149 130 235 313 0.99939
00001.jpg 157 149 225 292 0.99934
00001.jpg 155 125 232 327 0.99926
00001.jpg 148 138 250 302 0.99920
00001.jpg 152 135 245 302 0.99918
00001.jpg 145 133 247 303 0.99891
00001.jpg 167 134 210 308 0.99882
00001.jpg 161 137 220 301 0.99882
00001.jpg 156 133 225 315 0.99876
00001.jpg 421 124 172 314 0.99872
00001.jpg 158 128 216 317 0.99870
00001.jpg 152 136 246 304 0.99859
00001.jpg 160 144 231 295 0.99845
00001.jpg 159 144 208 300 0.99822
00001.jpg 159 144 224 296 0.99811
00001.jpg 149 137 235 310 0.99794
00001.jpg 148 137 241 311 0.99786
00001.jpg 547 180 182 233 0.99767
00001.jpg 547 178 182 238 0.99756
00001.jpg 158 154 230 285 0.99740
00001.jpg 146 134 240 317 0.99733
00001.jpg 163 151 220 297 0.99729
00001.jpg 155 139 218 301 0.99694
00001.jpg 547 181 177 239 0.99689
00001.jpg 544 185 185 227 0.99688
00001.jpg 149 143 238 294 0.99687
00001.jpg 157 138 237 306 0.99616
00001.jpg 153 129 235 310 0.99572
00001.jpg 158 147 232 299 0.99543
00001.jpg 411 130 180 304 0.99513
00001.jpg 543 184 184 230 0.99509
00001.jpg 553 179 168 242 0.99488
00001.jpg 159 143 221 307 0.99475
00001.jpg 548 182 177 231 0.99457
00001.jpg 148 147 246 288 0.99442
00001.jpg 155 129 223 329 0.99432
00001.jpg 548 181 182 238 0.99416
00001.jpg 548 183 179 223 0.99341
00001.jpg 550 178 178 232 0.99280
00001.jpg 548 182 175 236 0.99253
00001.jpg 550 175 177 242 0.99248
00001.jpg 154 140 233 302 0.99247
00001.jpg 546 185 175 234 0.99234
00001.jpg 423 122 174 309 0.99219
00001.jpg 554 179 173 236 0.99213
00001.jpg 153 127 245 318 0.99172
00001.jpg 156 130 230 307 0.99156
00001.jpg 542 180 183 228 0.99134
00001.jpg 543 181 174 223 0.99053
00001.jpg 555 178 172 239 0.99048
00001.jpg 543 183 181 230 0.99038
00001.jpg 421 130 169 297 0.98993
00001.jpg 553 179 176 238 0.98968
00001.jpg 407 132 191 296 0.98959
00001.jpg 160 134 226 314 0.98938
00001.jpg 155 137 237 315 0.98928
00001.jpg 551 167 165 251 0.98907
00001.jpg 544 169 192 238 0.98889
00001.jpg 425 128 171 303 0.98885
00001.jpg 153 139 238 311 0.98843
00001.jpg 155 135 229 305 0.98826
00001.jpg 415 119 182 320 0.98817
00001.jpg 544 177 185 239 0.98795
00001.jpg 549 178 165 227 0.98793
00001.jpg 559 179 162 237 0.98676
00001.jpg 558 182 172 239 0.98665
00001.jpg 419 115 181 310 0.98609
00001.jpg 403 122 194 312 0.98593
00001.jpg 551 175 173 243 0.98588
00001.jpg 546 178 175 231 0.98582
00001.jpg 417 127 181 303 0.98543
00001.jpg 547 181 181 224 0.98516
00001.jpg 547 181 179 228 0.98510
00001.jpg 412 127 147 298 0.98445
00001.jpg 157 137 224 317 0.98199
00001.jpg 417 134 181 295 0.98177
00001.jpg 155 144 220 293 0.98152
00001.jpg 540 170 182 243 0.98121
00001.jpg 151 143 237 299 0.98121
00001.jpg 414 120 201 315 0.97927
00001.jpg 411 127 191 292 0.97897
00001.jpg 552 174 176 247 0.97692
00001.jpg 422 113 171 338 0.97564
00001.jpg 547 177 169 238 0.97547
00001.jpg 155 135 215 318 0.97487
00001.jpg 544 182 182 235 0.97368
00001.jpg 547 179 174 231 0.97365
00001.jpg 418 130 186 305 0.97243
00001.jpg 155 143 232 298 0.97110
00001.jpg 150 128 229 328 0.97084
00001.jpg 543 182 181 237 0.96956
00001.jpg 551 180 173 230 0.96932
00001.jpg 163 138 217 308 0.96807
00001.jpg 407 121 173 314 0.96710
00001.jpg 546 179 182 237 0.96680
00001.jpg 545 170 184 248 0.96659
00001.jpg 420 115 185 328 0.96646
00001.jpg 544 181 178 229 0.96615
00001.jpg 538 174 184 241 0.96598
00001.jpg 142 135 248 309 0.96569
00001.jpg 541 177 176 243 0.96565
00001.jpg 400 133 200 300 0.96426
00001.jpg 555 179 161 240 0.96355
00001.jpg 415 136 198 290 0.96287
00001.jpg 417 127 184 302 0.96232
00001.jpg 165 137 211 320 0.96213
00001.jpg 424 124 179 309 0.96212
00001.jpg 545 187 182 223 0.96208
00001.jpg 544 178 185 239 0.96202
00001.jpg 152 144 236 303 0.96110
00001.jpg 551 183 175 236 0.96047
00001.jpg 427 136 166 299 0.96033
00001.jpg 411 125 180 304 0.95971
00001.jpg 429 129 162 297 0.95797
00001.jpg 553 178 166 237 0.95744
00001.jpg 557 175 171 242 0.95620
00001.jpg 156 145 229 307 0.95581
00001.jpg 414 128 177 296 0.95469
00001.jpg 547 177 176 238 0.95418
00001.jpg 413 133 177 304 0.95216
00001.jpg 165 134 216 314 0.95043
00001.jpg 557 175 165 229 0.94968
00001.jpg 153 151 225 294 0.94439
00001.jpg 155 146 233 303 0.94425
00001.jpg 423 130 180 293 0.94094
00001.jpg 541 182 188 233 0.93878
00001.jpg 431 121 172 323 0.93834
00001.jpg 532 167 188 251 0.93597
00001.jpg 156 130 230 320 0.93230
00001.jpg 547 178 171 239 0.93176
00001.jpg 159 137 219 321 0.93150
00001.jpg 405 151 116 277 0.92984
00001.jpg 411 140 104 288 0.92876
00001.jpg 409 129 184 315 0.92760
00001.jpg 549 188 175 230 0.92703
00001.jpg 158 142 221 304 0.92641
00001.jpg 404 130 204 298 0.92613
00001.jpg 412 129 133 300 0.92583
00001.jpg 404 145 100 273 0.91982
00001.jpg 544 179 176 235 0.91770
00001.jpg 406 123 188 315 0.91627
00001.jpg 407 130 180 319 0.91511
00001.jpg 428 132 178 301 0.91381
00001.jpg 544 172 174 240 0.91361
00001.jpg 416 129 176 298 0.91346
00001.jpg 411 128 187 304 0.91119
00001.jpg 408 150 82 251 0.90477
00001.jpg 544 174 185 234 0.90219
00001.jpg 558 183 168 238 0.89920
00001.jpg 546 176 178 249 0.89630
00001.jpg 161 132 208 319 0.89531
00001.jpg 407 133 203 294 0.89307
00001.jpg 406 146 103 265 0.89211
00001.jpg 406 153 108 266 0.89099
00001.jpg 394 141 147 285 0.88762
00001.jpg 407 123 178 309 0.88216
00001.jpg 400 127 207 305 0.87975
00001.jpg 402 133 158 298 0.87737
00001.jpg 415 116 196 304 0.87521
00001.jpg 162 142 233 308 0.87383
00001.jpg 552 169 167 254 0.87079
00001.jpg 410 150 66 227 0.86950
00001.jpg 409 152 78 251 0.86878
00001.jpg 559 178 166 235 0.86760
00001.jpg 395 126 220 305 0.85815
00001.jpg 149 143 237 297 0.85726
00001.jpg 399 127 211 302 0.85601
00001.jpg 408 138 181 314 0.85558
00001.jpg 405 149 82 257 0.85490
00001.jpg 399 149 98 271 0.85129
00001.jpg 544 179 181 236 0.84634
00001.jpg 405 142 98 278 0.83916
00001.jpg 526 177 202 248 0.83423
00001.jpg 408 125 180 296 0.83213
00001.jpg 159 124 206 319 0.83167
00001.jpg 430 130 172 290 0.82752
00001.jpg 540 176 175 245 0.82727
00001.jpg 154 150 224 292 0.82597
00001.jpg 407 144 74 266 0.82580
00001.jpg 408 148 91 262 0.82363
00001.jpg 546 176 181 235 0.82321
00001.jpg 159 139 235 306 0.82018
00001.jpg 429 144 187 275 0.81966
00001.jpg 401 148 91 264 0.81795
00001.jpg 410 149 108 269 0.81176
00001.jpg 436 133 151 291 0.81116
00001.jpg 407 142 159 276 0.80054
00001.jpg 445 145 151 286 0.80012
00001.jpg 407 154 102 262 0.79997
00001.jpg 401 148 101 256 0.79609
00001.jpg 548 177 170 228 0.79491
00001.jpg 391 122 246 288 0.79440
00001.jpg 413 127 195 305 0.79343
00001.jpg 408 150 82 249 0.79326
00001.jpg 410 151 86 270 0.79159
00001.jpg 413 140 149 297 0.78961
00001.jpg 407 142 77 255 0.78781
00001.jpg 403 157 99 257 0.78751
00001.jpg 428 127 177 301 0.78659
00001.jpg 447 134 158 286 0.78538
00001.jpg 160 144 217 306 0.78397
00001.jpg 152 137 228 311 0.78114
00001.jpg 550 171 170 241 0.77368
00001.jpg 551 172 172 227 0.76763
00001.jpg 402 123 200 312 0.75893
00001.jpg 538 175 196 242 0.75737
00001.jpg 434 129 171 294 0.75639
00001.jpg 160 138 213 309 0.75031
00001.jpg 408 146 96 272 0.74632
00001.jpg 421 129 178 298 0.74585
00001.jpg 405 151 84 259 0.74539
00001.jpg 420 136 196 280 0.74285
00001.jpg 395 150 134 266 0.74032
00001.jpg 533 156 191 268 0.73719
00001.jpg 407 131 199 293 0.73695
00001.jpg 547 189 179 222 0.73518
00001.jpg 413 147 122 275 0.73499
00001.jpg 155 135 234 311 0.73236
00001.jpg 411 161 115 258 0.72986
00001.jpg 411 158 64 230 0.72621
00001.jpg 408 149 69 251 0.70399
00001.jpg 431 129 177 289 0.70232
00001.jpg 433 130 159 294 0.69821
00001.jpg 163 142 217 303 0.69715
00001.jpg 406 138 106 290 0.69475
00001.jpg 156 141 222 297 0.69001
00001.jpg 409 148 105 282 0.68853
00001.jpg 416 128 179 295 0.68632
00001.jpg 411 144 99 278 0.68601
00001.jpg 410 141 68 267 0.68498
00001.jpg 434 131 166 287 0.66295
00001.jpg 548 169 177 254 0.65880
00001.jpg 413 151 63 228 0.65850
00001.jpg 557 171 161 245 0.65477
00001.jpg 573 164 158 241 0.65453
00001.jpg 411 142 87 279 0.65305
00001.jpg 408 150 92 274 0.65060
00001.jpg 408 145 94 261 0.65021
00001.jpg 157 125 220 310 0.64904
00001.jpg 421 143 179 300 0.64707
00001.jpg 404 143 127 288 0.64167
00001.jpg 524 160 211 257 0.63575
00001.jpg 537 169 191 258 0.62905
00001.jpg 406 147 69 262 0.62640
00001.jpg 405 154 81 250 0.62389
00001.jpg 432 128 160 294 0.60990
00001.jpg 161 139 207 307 0.60854
00001.jpg 149 154 232 268 0.60337
00001.jpg 542 170 174 244 0.59787
00001.jpg 407 151 78 258 0.59547
00001.jpg 407 147 87 274 0.59057
00001.jpg 405 151 89 269 0.58882
00001.jpg 483 159 233 272 0.58792
00001.jpg 411 140 188 283 0.58711
00001.jpg 407 124 213 303 0.58565
00001.jpg 402 157 191 283 0.58509
00001.jpg 440 130 155 301 0.58344
00001.jpg 408 151 72 257 0.57125
00001.jpg 539 165 194 240 0.57058
00001.jpg 142 149 226 283 0.56846
00001.jpg 535 166 186 251 0.56835
00001.jpg 480 172 245 249 0.56304
00001.jpg 432 123 165 321 0.56251
00001.jpg 496 149 217 270 0.55704
00001.jpg 151 148 238 302 0.54024
00001.jpg 135 144 250 305 0.53999
00001.jpg 415 125 203 266 0.53741
00001.jpg 406 148 85 264 0.53731
00001.jpg 409 150 61 207 0.53281
00001.jpg 402 145 69 255 0.53262
00001.jpg 407 148 74 258 0.53127
00001.jpg 168 137 230 305 0.53081
00001.jpg 407 145 138 279 0.52963
00001.jpg 384 133 212 297 0.52588
00001.jpg 401 159 100 265 0.52535
00001.jpg 411 151 58 221 0.52270
00001.jpg 414 140 157 299 0.52260
00001.jpg 434 129 161 289 0.52209
00001.jpg 412 155 60 198 0.51636
00001.jpg 405 150 97 271 0.51437
00001.jpg 413 150 106 257 0.51099
00001.jpg 488 142 207 289 0.50790
00001.jpg 421 158 97 260 0.50773
00001.jpg 442 142 222 264 0.50748
00001.jpg 409 169 66 207 0.50129
