00029.jpg 206 177 223 326 0.99935
00029.jpg 207 168 214 333 0.99928
00029.jpg 197 172 228 330 0.99913
00029.jpg 207 171 227 331 0.99897
00029.jpg 201 182 228 322 0.99870
00029.jpg 207 185 213 303 0.99868
00029.jpg 201 178 223 320 0.99865
00029.jpg 201 170 223 329 0.99832
00029.jpg 202 185 226 318 0.99829
00029.jpg 193 174 226 323 0.99815
00029.jpg 196 183 227 306 0.99810
00029.jpg 205 186 217 313 0.99796
00029.jpg 477 199 295 317 0.99780
00029.jpg 191 171 237 330 0.99759
00029.jpg 202 179 226 322 0.99753
00029.jpg 194 175 245 315 0.99749
00029.jpg 196 170 231 328 0.99737
00029.jpg 210 176 206 317 0.99708
00029.jpg 481 202 286 314 0.99687
00029.jpg 471 208 306 308 0.99687
00029.jpg 195 175 230 314 0.99664
00029.jpg 200 169 218 325 0.99631
00029.jpg 199 182 223 310 0.99622
00029.jpg 465 212 297 299 0.99586
00029.jpg 203 171 206 331 0.99570
00029.jpg 193 182 233 304 0.99345
00029.jpg 480 197 191 314 0.99265
00029.jpg 476 195 205 312 0.99265
00029.jpg 468 196 305 309 0.99148
00029.jpg 484 222 281 297 0.98988
00029.jpg 197 187 232 296 0.98983
00029.jpg 194 183 227 317 0.98941
00029.jpg 201 181 224 324 0.98913
00029.jpg 195 176 224 322 0.98866
00029.jpg 196 184 224 309 0.98861
00029.jpg 490 199 265 301 0.98851
00029.jpg 195 174 226 324 0.98792
00029.jpg 195 166 225 338 0.98761
00029.jpg 203 166 220 341 0.98738
00029.jpg 206 188 224 304 0.98660
00029.jpg 195 182 238 298 0.98611
00029.jpg 199 175 222 335 0.98535
00029.jpg 192 183 229 314 0.98400
00029.jpg 190 187 242 303 0.98347
00029.jpg 200 181 229 321 0.98319
00029.jpg 486 206 282 308 0.98286
00029.jpg 439 199 296 309 0.98162
00029.jpg 464 187 215 322 0.98012
00029.jpg 446 199 212 310 0.97946
00029.jpg 485 210 291 304 0.97876
00029.jpg 467 201 276 302 0.97862
00029.jpg 456 197 253 313 0.97798
00029.jpg 499 200 275 307 0.97688
00029.jpg 474 194 292 319 0.97632
00029.jpg 520 206 222 298 0.97613
00029.jpg 492 202 286 319 0.97607
00029.jpg 517 221 255 292 0.97594
00029.jpg 208 175 223 307 0.97553
00029.jpg 477 189 124 304 0.97467
00029.jpg 195 184 236 306 0.97401
00029.jpg 490 196 276 323 0.97291
00029.jpg 469 183 153 318 0.97035
00029.jpg 475 209 180 288 0.97028
00029.jpg 462 193 193 297 0.96977
00029.jpg 525 208 248 313 0.96965
00029.jpg 193 180 227 321 0.96840
00029.jpg 469 199 150 307 0.96792
00029.jpg 457 218 319 297 0.96597
00029.jpg 458 194 282 316 0.96548
00029.jpg 495 200 262 303 0.96534
00029.jpg 462 217 316 300 0.96437
00029.jpg 473 200 276 296 0.96436
00029.jpg 474 203 294 306 0.96165
00029.jpg 443 184 212 317 0.96014
00029.jpg 468 190 137 299 0.95735
00029.jpg 515 216 244 299 0.95601
00029.jpg 497 203 262 304 0.95452
00029.jpg 470 192 137 300 0.95321
00029.jpg 526 199 212 312 0.95316
00029.jpg 508 203 262 317 0.95117
00029.jpg 198 172 225 335 0.94601
00029.jpg 492 201 287 310 0.93422
00029.jpg 478 188 119 296 0.92867
00029.jpg 186 183 248 311 0.92809
00029.jpg 490 204 256 303 0.92392
00029.jpg 208 168 222 326 0.92235
00029.jpg 457 208 302 308 0.92043
00029.jpg 201 176 215 330 0.92034
00029.jpg 199 183 217 335 0.91891
00029.jpg 508 207 265 301 0.91851
00029.jpg 494 203 280 295 0.91773
00029.jpg 198 175 223 321 0.91455
00029.jpg 197 183 219 325 0.91229
00029.jpg 434 193 325 308 0.90737
00029.jpg 503 198 183 314 0.90566
00029.jpg 462 198 140 296 0.89692
00029.jpg 472 183 126 311 0.89623
00029.jpg 406 202 318 300 0.89518
00029.jpg 484 188 120 299 0.89293
00029.jpg 482 192 117 272 0.89205
00029.jpg 494 213 284 295 0.89036
00029.jpg 505 204 187 287 0.88929
00029.jpg 447 194 342 312 0.88707
00029.jpg 485 192 103 263 0.88016
00029.jpg 454 211 220 294 0.87850
00029.jpg 422 201 285 305 0.87793
00029.jpg 472 210 216 279 0.87112
00029.jpg 425 213 180 293 0.86991
00029.jpg 495 221 257 285 0.86771
00029.jpg 189 179 230 327 0.86551
00029.jpg 192 160 232 321 0.85863
00029.jpg 473 168 147 354 0.85852
00029.jpg 498 210 282 300 0.85630
00029.jpg 453 206 328 306 0.85604
00029.jpg 204 184 213 316 0.85469
00029.jpg 513 213 257 298 0.85367
00029.jpg 477 186 172 318 0.85296
00029.jpg 444 193 173 297 0.85161
00029.jpg 479 188 113 285 0.85046
00029.jpg 485 190 108 290 0.85040
00029.jpg 401 229 220 274 0.84220
00029.jpg 186 180 263 302 0.83646
00029.jpg 420 207 216 298 0.83324
00029.jpg 421 187 320 318 0.82820
00029.jpg 479 192 112 284 0.82786
00029.jpg 457 198 150 302 0.82278
00029.jpg 482 210 130 294 0.82250
00029.jpg 500 212 206 298 0.80651
00029.jpg 427 208 245 300 0.80031
00029.jpg 192 174 224 314 0.79726
00029.jpg 415 262 198 246 0.79323
00029.jpg 203 184 204 321 0.79214
00029.jpg 474 190 133 320 0.78974
00029.jpg 460 206 315 284 0.78550
00029.jpg 524 212 182 281 0.77932
00029.jpg 474 178 130 334 0.77872
00029.jpg 404 207 257 293 0.77837
00029.jpg 402 201 270 309 0.77617
00029.jpg 480 190 109 276 0.77593
00029.jpg 473 181 126 314 0.77475
00029.jpg 195 188 221 299 0.77298
00029.jpg 189 184 237 315 0.77291
00029.jpg 477 198 112 272 0.77138
00029.jpg 391 202 344 297 0.77132
00029.jpg 546 227 198 297 0.76960
00029.jpg 193 178 212 325 0.76779
00029.jpg 477 187 120 291 0.76710
00029.jpg 480 193 117 292 0.76644
00029.jpg 479 187 119 307 0.76453
00029.jpg 498 214 266 280 0.76289
00029.jpg 522 216 245 294 0.76166
00029.jpg 442 197 175 305 0.76135
00029.jpg 469 178 150 341 0.76013
00029.jpg 472 178 142 332 0.75870
00029.jpg 201 174 225 329 0.75867
00029.jpg 194 180 235 322 0.75751
00029.jpg 452 198 162 314 0.75629
00029.jpg 441 217 323 282 0.75538
00029.jpg 503 215 182 275 0.75147
00029.jpg 475 190 138 295 0.74926
00029.jpg 458 182 164 321 0.74641
00029.jpg 193 178 228 321 0.74617
00029.jpg 480 189 129 304 0.74574
00029.jpg 473 183 127 319 0.74508
00029.jpg 206 185 208 313 0.74228
00029.jpg 475 186 120 292 0.73588
00029.jpg 415 209 187 301 0.73387
00029.jpg 205 178 236 321 0.72970
00029.jpg 200 172 224 321 0.72722
00029.jpg 436 196 184 327 0.71982
00029.jpg 497 211 277 311 0.71872
00029.jpg 503 220 227 287 0.71766
00029.jpg 188 162 245 347 0.71687
00029.jpg 477 198 162 291 0.71558
00029.jpg 486 217 258 282 0.71408
00029.jpg 470 193 128 319 0.71154
00029.jpg 485 186 165 313 0.71004
00029.jpg 530 216 252 295 0.70577
00029.jpg 427 192 212 319 0.70353
00029.jpg 202 187 223 302 0.70288
00029.jpg 485 193 117 295 0.70112
00029.jpg 534 212 238 287 0.69947
00029.jpg 387 341 244 157 0.69805
00029.jpg 532 230 211 297 0.69676
00029.jpg 482 199 109 229 0.69582
00029.jpg 473 200 127 273 0.69266
00029.jpg 475 196 112 244 0.69004
00029.jpg 473 192 124 324 0.68679
00029.jpg 540 210 212 294 0.68134
00029.jpg 196 186 218 313 0.67261
00029.jpg 514 230 252 270 0.67153
00029.jpg 396 367 215 136 0.65587
00029.jpg 457 179 166 341 0.65387
00029.jpg 480 190 105 234 0.65354
00029.jpg 477 197 112 223 0.64898
00029.jpg 474 195 126 297 0.64866
00029.jpg 482 192 110 281 0.64591
00029.jpg 481 188 124 301 0.64096
00029.jpg 512 215 239 294 0.64085
00029.jpg 482 183 111 318 0.64029
00029.jpg 440 200 184 314 0.63410
00029.jpg 491 215 238 285 0.63384
00029.jpg 531 210 236 303 0.62355
00029.jpg 485 201 98 232 0.61524
00029.jpg 417 184 179 355 0.61460
00029.jpg 469 203 127 229 0.60687
00029.jpg 460 204 164 309 0.60521
00029.jpg 388 338 237 167 0.60457
00029.jpg 469 193 119 232 0.59898
00029.jpg 194 180 224 325 0.57992
00029.jpg 198 187 250 327 0.57919
00029.jpg 446 199 139 278 0.57855
00029.jpg 480 182 143 327 0.57805
00029.jpg 393 369 214 135 0.57435
00029.jpg 483 191 99 268 0.56783
00029.jpg 205 179 227 319 0.56487
00029.jpg 185 166 247 352 0.55770
00029.jpg 479 195 118 229 0.55670
00029.jpg 506 227 255 273 0.55434
00029.jpg 407 326 192 176 0.55348
00029.jpg 484 195 153 241 0.55316
00029.jpg 455 200 203 281 0.55109
00029.jpg 448 210 324 300 0.54465
00029.jpg 482 187 96 272 0.54088
00029.jpg 400 235 271 281 0.53987
00029.jpg 518 208 264 311 0.53761
00029.jpg 398 226 231 277 0.53668
00029.jpg 530 226 206 270 0.53562
00029.jpg 478 183 107 288 0.52773
00029.jpg 400 202 357 294 0.52632
00029.jpg 486 198 91 177 0.51781
00029.jpg 477 196 153 297 0.51524
00029.jpg 484 191 101 227 0.51468
00029.jpg 392 361 202 139 0.50705
00029.jpg 202 163 217 351 0.50561
00029.jpg 195 168 234 343 0.50008
