00021.jpg 215 162 180 329 0.99922
00021.jpg 216 161 175 331 0.99896
00021.jpg 216 169 166 328 0.99896
00021.jpg 215 164 174 318 0.99873
00021.jpg 218 165 171 328 0.99848
00021.jpg 213 153 177 340 0.99820
00021.jpg 229 154 157 348 0.99808
00021.jpg 212 163 189 331 0.99802
00021.jpg 204 157 189 338 0.99796
00021.jpg 218 172 171 331 0.99795
00021.jpg 218 169 170 327 0.99768
00021.jpg 210 173 184 323 0.99751
00021.jpg 538 204 167 296 0.99747
00021.jpg 217 170 176 325 0.99732
00021.jpg 220 168 166 327 0.99634
00021.jpg 216 166 173 330 0.99607
00021.jpg 458 169 175 336 0.99603
00021.jpg 207 169 196 318 0.99575
00021.jpg 451 172 174 327 0.99567
00021.jpg 217 169 177 319 0.99561
00021.jpg 222 168 157 318 0.99522
00021.jpg 216 156 184 334 0.99517
00021.jpg 464 185 149 313 0.99504
00021.jpg 229 161 167 334 0.99503
00021.jpg 230 158 161 331 0.99495
00021.jpg 214 168 175 321 0.99492
00021.jpg 220 173 171 309 0.99455
00021.jpg 217 171 169 330 0.99428
00021.jpg 443 184 226 325 0.99419
00021.jpg 529 188 189 329 0.99364
00021.jpg 518 178 202 339 0.99316
00021.jpg 468 184 145 321 0.99282
00021.jpg 499 177 200 334 0.99249
00021.jpg 462 191 147 307 0.99205
00021.jpg 211 168 180 320 0.99194
00021.jpg 212 167 182 334 0.99187
00021.jpg 514 178 207 322 0.99135
00021.jpg 461 191 143 303 0.99128
00021.jpg 459 186 147 317 0.99006
00021.jpg 210 170 187 332 0.98950
00021.jpg 215 154 176 347 0.98902
00021.jpg 214 172 180 325 0.98862
00021.jpg 530 189 195 321 0.98763
00021.jpg 219 170 171 318 0.98686
00021.jpg 216 166 168 333 0.98589
00021.jpg 215 174 181 314 0.98558
00021.jpg 216 162 172 336 0.98531
00021.jpg 517 189 206 317 0.98516
00021.jpg 458 181 220 317 0.98477
00021.jpg 509 191 194 305 0.98387
00021.jpg 542 200 170 297 0.98360
00021.jpg 471 187 132 310 0.98278
00021.jpg 217 166 178 330 0.98207
00021.jpg 519 198 185 297 0.98194
00021.jpg 458 191 159 317 0.98191
00021.jpg 211 173 177 318 0.98158
00021.jpg 474 195 228 295 0.98154
00021.jpg 529 204 178 296 0.98072
00021.jpg 211 165 184 327 0.97982
00021.jpg 221 171 166 325 0.97974
00021.jpg 436 178 180 311 0.97933
00021.jpg 446 190 186 306 0.97852
00021.jpg 447 189 183 316 0.97837
00021.jpg 210 176 176 309 0.97790
00021.jpg 547 188 156 318 0.97734
00021.jpg 461 190 149 308 0.97726
00021.jpg 223 163 168 333 0.97707
00021.jpg 522 186 191 318 0.97639
00021.jpg 552 188 156 324 0.97631
00021.jpg 501 198 222 307 0.97626
00021.jpg 467 194 140 297 0.97497
00021.jpg 533 197 172 315 0.97270
00021.jpg 219 160 177 328 0.96828
00021.jpg 546 198 168 318 0.96704
00021.jpg 217 164 174 339 0.96572
00021.jpg 456 191 152 313 0.96565
00021.jpg 219 172 169 332 0.96526
00021.jpg 645 280 88 244 0.96285
00021.jpg 507 209 226 306 0.96250
00021.jpg 218 162 160 329 0.95859
00021.jpg 547 193 170 325 0.95805
00021.jpg 220 167 169 332 0.95727
00021.jpg 435 180 204 319 0.95704
00021.jpg 217 172 178 305 0.95666
00021.jpg 216 175 175 311 0.95589
00021.jpg 647 276 101 244 0.95420
00021.jpg 536 201 172 315 0.95175
00021.jpg 640 278 104 241 0.95118
00021.jpg 570 209 156 305 0.94884
00021.jpg 538 200 171 293 0.94858
00021.jpg 504 196 226 310 0.94837
00021.jpg 542 197 180 323 0.94760
00021.jpg 641 271 100 257 0.94723
00021.jpg 437 191 176 297 0.94672
00021.jpg 637 278 100 242 0.94607
00021.jpg 548 200 167 308 0.94492
00021.jpg 444 188 177 312 0.94440
00021.jpg 467 188 146 315 0.94336
00021.jpg 495 184 218 326 0.94304
00021.jpg 537 208 180 292 0.94272
00021.jpg 540 196 162 328 0.94249
00021.jpg 218 162 181 334 0.94153
00021.jpg 459 194 153 306 0.94133
00021.jpg 464 181 145 311 0.93943
00021.jpg 647 281 91 238 0.93867
00021.jpg 632 278 110 249 0.93717
00021.jpg 492 183 210 323 0.93615
00021.jpg 525 196 192 296 0.93524
00021.jpg 221 155 179 335 0.93316
00021.jpg 213 166 176 329 0.93214
00021.jpg 455 190 152 307 0.93110
00021.jpg 448 201 231 292 0.92610
00021.jpg 543 196 170 306 0.92502
00021.jpg 507 194 220 306 0.92423
00021.jpg 220 161 177 343 0.92178
00021.jpg 648 278 96 244 0.92042
00021.jpg 654 280 90 244 0.91992
00021.jpg 540 190 161 319 0.91972
00021.jpg 458 197 165 301 0.91956
00021.jpg 646 274 96 248 0.91932
00021.jpg 459 193 148 299 0.91842
00021.jpg 649 279 90 241 0.91818
00021.jpg 466 169 144 332 0.91714
00021.jpg 649 284 95 234 0.91707
00021.jpg 540 204 165 301 0.91486
00021.jpg 214 165 182 324 0.91389
00021.jpg 434 193 181 297 0.91325
00021.jpg 452 190 147 299 0.91036
00021.jpg 436 178 190 320 0.90844
00021.jpg 645 274 104 254 0.90504
00021.jpg 643 281 98 249 0.90500
00021.jpg 642 268 94 256 0.90438
00021.jpg 643 272 103 251 0.90408
00021.jpg 455 183 147 318 0.90305
00021.jpg 468 180 142 320 0.90286
00021.jpg 537 198 169 313 0.90230
00021.jpg 642 285 101 234 0.90211
00021.jpg 537 206 168 307 0.90121
00021.jpg 482 196 230 310 0.90107
00021.jpg 640 282 101 243 0.90030
00021.jpg 647 277 97 243 0.90010
00021.jpg 460 191 157 298 0.89916
00021.jpg 640 279 105 238 0.89792
00021.jpg 467 189 139 310 0.89747
00021.jpg 447 189 253 297 0.89641
00021.jpg 448 205 165 294 0.89410
00021.jpg 543 197 170 326 0.89247
00021.jpg 478 198 220 312 0.89033
00021.jpg 463 197 145 297 0.89028
00021.jpg 496 217 227 274 0.88839
00021.jpg 465 183 141 319 0.88830
00021.jpg 645 281 99 240 0.88741
00021.jpg 450 190 191 299 0.88662
00021.jpg 541 200 178 306 0.87807
00021.jpg 649 277 96 246 0.87672
00021.jpg 456 190 151 310 0.87488
00021.jpg 531 207 186 307 0.87433
00021.jpg 648 279 97 241 0.87316
00021.jpg 630 250 104 273 0.87293
00021.jpg 221 171 169 313 0.86765
00021.jpg 433 187 208 305 0.86579
00021.jpg 644 275 101 237 0.85668
00021.jpg 537 194 165 313 0.85658
00021.jpg 438 207 169 288 0.85126
00021.jpg 544 228 189 286 0.84979
00021.jpg 516 185 188 333 0.84897
00021.jpg 460 179 149 306 0.84585
00021.jpg 651 277 90 244 0.84459
00021.jpg 457 205 159 293 0.84049
00021.jpg 216 159 181 328 0.84020
00021.jpg 638 272 104 251 0.83941
00021.jpg 651 272 94 250 0.83921
00021.jpg 645 278 98 241 0.83909
00021.jpg 439 188 177 303 0.83767
00021.jpg 466 185 138 309 0.83654
00021.jpg 455 183 136 321 0.83267
00021.jpg 223 162 170 338 0.83073
00021.jpg 632 271 110 257 0.82993
00021.jpg 461 195 150 304 0.82934
00021.jpg 653 283 86 231 0.82831
00021.jpg 517 193 174 311 0.82621
00021.jpg 216 173 171 318 0.82364
00021.jpg 216 176 173 312 0.81720
00021.jpg 645 287 97 227 0.81520
00021.jpg 209 172 187 332 0.81271
00021.jpg 639 266 102 263 0.80828
00021.jpg 548 196 149 314 0.80749
00021.jpg 648 281 95 237 0.80086
00021.jpg 643 255 98 280 0.79293
00021.jpg 496 191 220 311 0.79204
00021.jpg 654 279 84 237 0.79178
00021.jpg 645 278 94 235 0.78806
00021.jpg 659 282 81 243 0.78611
00021.jpg 643 276 100 252 0.78568
00021.jpg 533 198 186 305 0.77776
00021.jpg 483 181 156 324 0.77702
00021.jpg 225 170 158 319 0.77323
00021.jpg 549 198 148 309 0.76955
00021.jpg 528 206 185 291 0.76881
00021.jpg 222 173 164 314 0.76357
00021.jpg 454 199 153 290 0.76300
00021.jpg 437 196 175 289 0.75954
00021.jpg 459 185 261 321 0.75391
00021.jpg 473 185 136 318 0.75364
00021.jpg 644 284 94 228 0.75333
00021.jpg 571 229 146 283 0.75016
00021.jpg 555 207 165 288 0.74886
00021.jpg 471 193 137 309 0.74711
00021.jpg 427 181 201 302 0.74513
00021.jpg 653 280 90 229 0.74465
00021.jpg 428 191 265 311 0.74017
00021.jpg 544 200 157 315 0.73818
00021.jpg 440 200 174 290 0.73227
00021.jpg 643 265 99 267 0.72821
00021.jpg 538 194 181 324 0.72609
00021.jpg 555 202 186 320 0.71694
00021.jpg 503 189 196 296 0.71280
00021.jpg 217 164 174 332 0.70805
00021.jpg 208 152 182 343 0.70221
00021.jpg 653 278 89 232 0.70041
00021.jpg 647 276 93 247 0.69560
00021.jpg 529 198 195 306 0.69459
00021.jpg 642 278 98 239 0.69060
00021.jpg 428 201 206 290 0.68692
00021.jpg 628 264 119 252 0.67868
00021.jpg 445 193 258 303 0.67837
00021.jpg 639 278 100 247 0.67618
00021.jpg 445 195 161 311 0.66941
00021.jpg 653 278 86 247 0.66832
00021.jpg 644 271 96 254 0.66526
00021.jpg 646 278 95 232 0.66440
00021.jpg 648 278 87 251 0.66315
00021.jpg 441 185 155 322 0.65327
00021.jpg 219 173 171 311 0.64268
00021.jpg 544 202 164 290 0.64240
00021.jpg 440 183 175 301 0.64032
00021.jpg 468 190 146 312 0.63558
00021.jpg 508 206 210 292 0.63163
00021.jpg 602 260 138 262 0.61990
00021.jpg 650 286 90 215 0.61761
00021.jpg 464 197 140 295 0.60854
00021.jpg 613 282 133 235 0.60593
00021.jpg 222 165 170 329 0.59715
00021.jpg 452 199 159 300 0.59345
00021.jpg 202 177 195 286 0.58486
00021.jpg 534 216 180 268 0.58345
00021.jpg 457 214 177 270 0.58328
00021.jpg 448 221 175 260 0.57956
00021.jpg 475 211 132 268 0.57842
00021.jpg 442 184 257 314 0.57702
00021.jpg 440 169 188 327 0.56671
00021.jpg 639 274 109 229 0.56144
00021.jpg 438 193 292 311 0.56093
00021.jpg 445 193 170 295 0.56079
00021.jpg 558 193 178 328 0.55791
00021.jpg 204 160 190 338 0.53827
00021.jpg 214 151 167 356 0.53514
00021.jpg 521 219 226 295 0.53300
00021.jpg 428 205 189 269 0.53130
00021.jpg 642 268 102 254 0.52981
00021.jpg 427 189 287 307 0.52520
00021.jpg 218 173 172 307 0.51697
00021.jpg 481 203 224 282 0.51662
00021.jpg 650 276 90 244 0.51346
00021.jpg 632 284 110 222 0.50699
00021.jpg 212 164 200 299 0.50632
