00024.jpg 217 171 178 321 0.99977
00024.jpg 221 178 175 312 0.99974
00024.jpg 217 175 199 310 0.99960
00024.jpg 210 162 190 342 0.99919
00024.jpg 214 164 193 343 0.99911
00024.jpg 207 163 200 333 0.99908
00024.jpg 220 170 184 329 0.99889
00024.jpg 204 166 202 326 0.99821
00024.jpg 213 179 184 309 0.99790
00024.jpg 491 186 228 316 0.99749
00024.jpg 219 173 181 320 0.99727
00024.jpg 204 177 195 303 0.99680
00024.jpg 483 188 133 315 0.99646
00024.jpg 224 166 174 326 0.99605
00024.jpg 489 200 234 309 0.99591
00024.jpg 210 169 201 322 0.99582
00024.jpg 216 169 194 334 0.99569
00024.jpg 215 178 182 320 0.99552
00024.jpg 498 182 203 336 0.99500
00024.jpg 668 305 79 142 0.99411
00024.jpg 486 199 195 295 0.99405
00024.jpg 212 166 195 318 0.99403
00024.jpg 470 173 154 325 0.99296
00024.jpg 503 189 202 329 0.99259
00024.jpg 207 172 204 326 0.99213
00024.jpg 212 163 187 333 0.99156
00024.jpg 207 180 200 307 0.99134
00024.jpg 206 169 191 330 0.99124
00024.jpg 479 178 191 321 0.99123
00024.jpg 460 199 255 321 0.99066
00024.jpg 214 165 172 332 0.98949
00024.jpg 212 168 184 328 0.98948
00024.jpg 220 177 177 317 0.98926
00024.jpg 212 163 186 337 0.98915
00024.jpg 210 177 198 322 0.98905
00024.jpg 214 176 185 321 0.98870
00024.jpg 502 187 209 324 0.98717
00024.jpg 214 180 183 319 0.98707
00024.jpg 213 160 189 329 0.98685
00024.jpg 204 167 203 320 0.98623
00024.jpg 479 184 128 326 0.98523
00024.jpg 666 308 81 139 0.98436
00024.jpg 451 190 218 306 0.98387
00024.jpg 470 189 231 311 0.98316
00024.jpg 210 171 188 342 0.98288
00024.jpg 652 300 99 160 0.98270
00024.jpg 481 182 234 322 0.98237
00024.jpg 213 174 184 322 0.98117
00024.jpg 217 180 190 319 0.98114
00024.jpg 482 196 191 304 0.98078
00024.jpg 669 314 83 133 0.97922
00024.jpg 455 195 189 316 0.97919
00024.jpg 211 165 194 335 0.97841
00024.jpg 537 210 174 310 0.97831
00024.jpg 669 307 72 142 0.97666
00024.jpg 214 174 188 323 0.97628
00024.jpg 669 312 74 137 0.97430
00024.jpg 514 198 194 312 0.97401
00024.jpg 531 207 182 306 0.97382
00024.jpg 210 155 200 354 0.97300
00024.jpg 514 189 201 317 0.96977
00024.jpg 215 169 185 330 0.96902
00024.jpg 472 188 139 321 0.96876
00024.jpg 509 204 210 316 0.96828
00024.jpg 207 171 198 330 0.96761
00024.jpg 210 173 191 320 0.96682
00024.jpg 537 206 169 304 0.96558
00024.jpg 219 162 181 326 0.96537
00024.jpg 484 182 121 319 0.96506
00024.jpg 523 204 188 297 0.96489
00024.jpg 482 186 127 324 0.96391
00024.jpg 663 312 87 135 0.96204
00024.jpg 481 187 141 310 0.96169
00024.jpg 498 189 205 317 0.96001
00024.jpg 502 195 133 309 0.95840
00024.jpg 216 177 190 317 0.95676
00024.jpg 210 174 194 315 0.95641
00024.jpg 510 199 209 311 0.95579
00024.jpg 481 195 121 311 0.95569
00024.jpg 474 186 166 308 0.95447
00024.jpg 503 192 219 323 0.95298
00024.jpg 662 301 88 157 0.95290
00024.jpg 669 313 78 131 0.95115
00024.jpg 476 189 124 319 0.94921
00024.jpg 670 312 67 137 0.94631
00024.jpg 478 193 239 308 0.94588
00024.jpg 455 189 252 320 0.94560
00024.jpg 668 308 70 141 0.94528
00024.jpg 470 201 142 303 0.94456
00024.jpg 213 176 186 317 0.94306
00024.jpg 523 193 175 312 0.94257
00024.jpg 471 206 241 306 0.94035
00024.jpg 478 186 126 326 0.94020
00024.jpg 484 186 122 325 0.94005
00024.jpg 218 168 180 330 0.93850
00024.jpg 546 213 156 299 0.93766
00024.jpg 665 309 83 138 0.93318
00024.jpg 533 221 172 294 0.93195
00024.jpg 498 194 205 316 0.93193
00024.jpg 524 204 189 314 0.93094
00024.jpg 540 211 165 296 0.93032
00024.jpg 481 188 128 315 0.92846
00024.jpg 496 193 220 321 0.92796
00024.jpg 442 197 221 309 0.92470
00024.jpg 455 187 178 311 0.92470
00024.jpg 219 179 174 308 0.92348
00024.jpg 669 306 73 146 0.92252
00024.jpg 214 173 175 320 0.92214
00024.jpg 537 212 172 289 0.92205
00024.jpg 207 152 189 356 0.91874
00024.jpg 489 187 120 316 0.91871
00024.jpg 469 203 231 300 0.91871
00024.jpg 663 308 91 137 0.91710
00024.jpg 668 310 72 141 0.91669
00024.jpg 533 208 176 304 0.91616
00024.jpg 668 307 78 140 0.91595
00024.jpg 469 196 231 301 0.91538
00024.jpg 514 213 186 296 0.91385
00024.jpg 474 190 152 314 0.91353
00024.jpg 216 175 179 315 0.91197
00024.jpg 663 310 90 133 0.90909
00024.jpg 660 300 95 158 0.90887
00024.jpg 503 203 211 309 0.90881
00024.jpg 496 191 208 300 0.90878
00024.jpg 533 208 183 298 0.90741
00024.jpg 207 185 195 310 0.90630
00024.jpg 664 309 83 140 0.90509
00024.jpg 530 211 171 301 0.90475
00024.jpg 494 193 216 323 0.90471
00024.jpg 221 162 179 336 0.90216
00024.jpg 662 302 91 156 0.90138
00024.jpg 660 311 103 141 0.90065
00024.jpg 460 206 257 292 0.89899
00024.jpg 660 300 89 149 0.89748
00024.jpg 668 309 74 144 0.89733
00024.jpg 667 313 77 135 0.89445
00024.jpg 481 188 227 331 0.89388
00024.jpg 213 182 187 312 0.89258
00024.jpg 540 204 167 310 0.89059
00024.jpg 668 310 84 144 0.88990
00024.jpg 532 199 173 316 0.88367
00024.jpg 481 180 130 333 0.88352
00024.jpg 445 197 201 301 0.88124
00024.jpg 532 204 173 302 0.87870
00024.jpg 478 190 130 315 0.87726
00024.jpg 666 305 78 144 0.87602
00024.jpg 667 310 84 139 0.87428
00024.jpg 449 196 241 310 0.87330
00024.jpg 667 311 77 135 0.87070
00024.jpg 476 185 131 323 0.86751
00024.jpg 483 183 121 338 0.86625
00024.jpg 463 191 153 314 0.86356
00024.jpg 487 178 117 335 0.86167
00024.jpg 668 304 89 152 0.85758
00024.jpg 472 201 146 308 0.85737
00024.jpg 471 189 242 322 0.85490
00024.jpg 483 191 118 307 0.85436
00024.jpg 661 304 91 154 0.84573
00024.jpg 532 212 166 286 0.84414
00024.jpg 472 203 141 297 0.84396
00024.jpg 668 311 68 137 0.84230
00024.jpg 485 197 226 318 0.83878
00024.jpg 669 306 85 134 0.83795
00024.jpg 455 198 174 309 0.83536
00024.jpg 543 207 161 314 0.83370
00024.jpg 482 184 134 322 0.83226
00024.jpg 477 184 126 305 0.83195
00024.jpg 666 308 76 142 0.83108
00024.jpg 667 309 69 140 0.83003
00024.jpg 484 195 122 283 0.82547
00024.jpg 481 188 127 313 0.81902
00024.jpg 544 207 162 300 0.81148
00024.jpg 667 310 90 146 0.81121
00024.jpg 545 202 164 302 0.81083
00024.jpg 207 167 196 335 0.81007
00024.jpg 659 305 96 149 0.80667
00024.jpg 474 207 212 284 0.80260
00024.jpg 658 303 98 164 0.79461
00024.jpg 441 203 270 308 0.78919
00024.jpg 481 190 115 317 0.78748
00024.jpg 519 202 191 321 0.78721
00024.jpg 659 309 93 144 0.78528
00024.jpg 484 193 111 314 0.78208
00024.jpg 471 210 138 293 0.77035
00024.jpg 661 301 87 149 0.76880
00024.jpg 673 311 63 135 0.76801
00024.jpg 435 203 276 315 0.76799
00024.jpg 667 301 85 144 0.76391
00024.jpg 462 192 138 318 0.75976
00024.jpg 669 310 68 136 0.75901
00024.jpg 513 199 209 317 0.75773
00024.jpg 540 214 170 278 0.75751
00024.jpg 655 299 100 151 0.75365
00024.jpg 670 308 69 139 0.75139
00024.jpg 632 299 126 170 0.74039
00024.jpg 660 303 93 146 0.73859
00024.jpg 548 217 166 296 0.73686
00024.jpg 213 182 187 310 0.73493
00024.jpg 533 226 198 267 0.73381
00024.jpg 214 163 194 334 0.73104
00024.jpg 473 191 134 308 0.73101
00024.jpg 654 307 114 148 0.72989
00024.jpg 445 188 188 324 0.72821
00024.jpg 668 307 66 140 0.72327
00024.jpg 657 299 96 158 0.72280
00024.jpg 473 212 168 301 0.71987
00024.jpg 661 302 99 159 0.71527
00024.jpg 544 206 156 310 0.71202
00024.jpg 214 179 185 311 0.71161
00024.jpg 425 198 226 306 0.70205
00024.jpg 667 309 71 141 0.70100
00024.jpg 477 183 122 327 0.70063
00024.jpg 444 202 262 301 0.70005
00024.jpg 653 309 103 163 0.69168
00024.jpg 463 211 145 284 0.68649
00024.jpg 537 210 174 293 0.68355
00024.jpg 209 175 179 307 0.68271
00024.jpg 212 174 181 321 0.67599
00024.jpg 455 226 227 280 0.67157
00024.jpg 486 190 111 316 0.67129
00024.jpg 483 185 122 319 0.66911
00024.jpg 534 216 180 284 0.65713
00024.jpg 657 296 103 159 0.65666
00024.jpg 659 307 87 161 0.65445
00024.jpg 432 188 182 319 0.65279
00024.jpg 659 304 93 173 0.64957
00024.jpg 434 198 249 304 0.64610
00024.jpg 652 299 98 175 0.64075
00024.jpg 512 205 223 305 0.64002
00024.jpg 485 189 114 321 0.63974
00024.jpg 201 180 199 321 0.63728
00024.jpg 483 192 125 308 0.63533
00024.jpg 670 309 61 138 0.63527
00024.jpg 665 311 86 159 0.63525
00024.jpg 668 309 80 132 0.62528
00024.jpg 485 192 120 293 0.61696
00024.jpg 451 201 274 308 0.61479
00024.jpg 653 300 106 146 0.61150
00024.jpg 670 312 68 129 0.60877
00024.jpg 662 306 96 148 0.60376
00024.jpg 206 187 207 306 0.59886
00024.jpg 670 304 81 161 0.59845
00024.jpg 433 216 217 275 0.59734
00024.jpg 492 188 106 299 0.59594
00024.jpg 653 305 108 152 0.59266
00024.jpg 654 303 105 170 0.59215
00024.jpg 460 183 197 323 0.58415
00024.jpg 218 171 181 321 0.58172
00024.jpg 532 206 173 286 0.58002
00024.jpg 489 212 120 262 0.57098
00024.jpg 666 308 87 137 0.56681
00024.jpg 435 207 301 301 0.56363
00024.jpg 206 176 194 296 0.55954
00024.jpg 488 198 119 282 0.55542
00024.jpg 548 212 173 284 0.55335
00024.jpg 216 177 178 301 0.53844
00024.jpg 490 183 130 291 0.53738
00024.jpg 481 195 140 289 0.53693
00024.jpg 478 191 132 296 0.53663
00024.jpg 466 196 140 297 0.52854
00024.jpg 522 215 177 290 0.52501
00024.jpg 661 307 102 178 0.52045
00024.jpg 670 312 70 131 0.51655
00024.jpg 666 307 62 143 0.50955
00024.jpg 432 201 256 296 0.50812
00024.jpg 214 175 185 314 0.50262
00024.jpg 453 229 149 266 0.50011
