00003.jpg 44 218 77 135 0.99982
00003.jpg 474 202 107 227 0.99976
00003.jpg 42 223 85 122 0.99937
00003.jpg 45 221 75 129 0.99903
00003.jpg 468 196 114 241 0.99901
00003.jpg 470 201 105 231 0.99900
00003.jpg 43 222 80 127 0.99868
00003.jpg 43 221 81 127 0.99859
00003.jpg 475 199 104 235 0.99858
00003.jpg 480 203 94 227 0.99819
00003.jpg 472 200 101 229 0.99788
00003.jpg 477 199 98 239 0.99786
00003.jpg 45 222 75 125 0.99782
00003.jpg 476 196 99 240 0.99754
00003.jpg 472 198 105 240 0.99752
00003.jpg 473 200 103 231 0.99745
00003.jpg 471 200 107 234 0.99682
00003.jpg 46 223 77 127 0.99674
00003.jpg 45 224 77 125 0.99637
00003.jpg 474 202 98 227 0.99635
00003.jpg 473 191 98 244 0.99582
00003.jpg 42 222 82 128 0.99554
00003.jpg 473 197 104 241 0.99550
00003.jpg 44 223 83 128 0.99537
00003.jpg 43 219 81 128 0.99481
00003.jpg 480 200 91 234 0.99465
00003.jpg 478 198 99 240 0.99452
00003.jpg 46 224 75 123 0.99405
00003.jpg 43 221 79 127 0.99383
00003.jpg 476 200 101 234 0.99282
00003.jpg 297 184 32 106 0.99259
00003.jpg 383 195 34 98 0.99257
00003.jpg 470 196 105 244 0.99224
00003.jpg 42 224 82 125 0.99206
00003.jpg 41 219 82 129 0.99200
00003.jpg 329 200 59 191 0.99173
00003.jpg 299 186 30 105 0.99171
00003.jpg 475 197 101 234 0.99147
00003.jpg 44 221 80 126 0.99033
00003.jpg 45 221 77 130 0.99031
00003.jpg 477 201 99 235 0.99023
00003.jpg 44 220 80 130 0.99007
00003.jpg 479 205 100 233 0.98903
00003.jpg 42 224 86 124 0.98875
00003.jpg 40 225 89 125 0.98875
00003.jpg 475 202 101 234 0.98875
00003.jpg 42 224 84 123 0.98865
00003.jpg 474 198 102 232 0.98862
00003.jpg 45 222 78 123 0.98855
00003.jpg 385 196 34 100 0.98849
00003.jpg 475 193 101 239 0.98829
00003.jpg 42 219 83 130 0.98826
00003.jpg 42 220 82 132 0.98797
00003.jpg 324 208 68 179 0.98754
00003.jpg 473 200 97 233 0.98705
00003.jpg 42 221 82 131 0.98699
00003.jpg 471 198 106 237 0.98675
00003.jpg 327 209 60 180 0.98674
00003.jpg 475 204 97 234 0.98661
00003.jpg 49 221 77 129 0.98628
00003.jpg 43 222 82 127 0.98628
00003.jpg 389 191 34 104 0.98615
00003.jpg 44 223 79 126 0.98599
00003.jpg 324 207 66 177 0.98597
00003.jpg 296 185 29 104 0.98538
00003.jpg 322 212 66 177 0.98536
00003.jpg 51 217 74 134 0.98520
00003.jpg 44 220 80 130 0.98511
00003.jpg 324 209 65 181 0.98389
00003.jpg 476 204 94 229 0.98377
00003.jpg 322 210 67 175 0.98357
00003.jpg 389 194 32 101 0.98286
00003.jpg 50 223 75 124 0.98254
00003.jpg 386 193 34 102 0.98216
00003.jpg 477 201 98 237 0.98173
00003.jpg 295 180 32 109 0.98166
00003.jpg 42 220 84 132 0.98146
00003.jpg 472 202 103 237 0.98119
00003.jpg 323 210 62 174 0.98114
00003.jpg 44 216 83 133 0.98090
00003.jpg 45 217 81 137 0.98082
00003.jpg 47 222 77 131 0.97882
00003.jpg 322 213 68 177 0.97879
00003.jpg 44 215 86 135 0.97834
00003.jpg 44 220 82 129 0.97753
00003.jpg 47 226 81 129 0.97714
00003.jpg 477 205 100 222 0.97664
00003.jpg 43 224 82 123 0.97625
00003.jpg 475 202 97 231 0.97550
00003.jpg 44 220 80 130 0.97514
00003.jpg 49 222 75 125 0.97486
00003.jpg 325 212 64 176 0.97483
00003.jpg 50 222 76 127 0.97442
00003.jpg 476 194 100 243 0.97423
00003.jpg 474 202 97 227 0.97407
00003.jpg 324 214 68 175 0.97331
00003.jpg 324 209 67 176 0.97234
00003.jpg 49 221 76 132 0.97143
00003.jpg 44 221 76 130 0.97137
00003.jpg 324 215 66 164 0.97109
00003.jpg 323 214 66 170 0.97105
00003.jpg 477 203 96 231 0.97070
00003.jpg 326 215 61 165 0.97043
00003.jpg 44 219 78 128 0.96988
00003.jpg 325 210 65 174 0.96984
00003.jpg 323 214 64 170 0.96956
00003.jpg 326 213 64 172 0.96951
00003.jpg 472 200 97 236 0.96838
00003.jpg 384 197 29 100 0.96726
00003.jpg 327 203 61 179 0.96702
00003.jpg 43 223 83 124 0.96663
00003.jpg 298 181 29 111 0.96579
00003.jpg 321 207 67 175 0.96532
00003.jpg 45 223 84 127 0.96509
00003.jpg 297 185 30 104 0.96212
00003.jpg 328 210 56 172 0.96212
00003.jpg 44 220 80 131 0.96163
00003.jpg 47 218 84 138 0.96082
00003.jpg 327 204 59 179 0.96053
00003.jpg 43 222 81 128 0.95849
00003.jpg 326 204 66 188 0.95833
00003.jpg 478 193 102 235 0.95653
00003.jpg 315 212 77 179 0.95607
00003.jpg 472 209 105 221 0.95494
00003.jpg 46 220 79 131 0.95458
00003.jpg 44 225 76 124 0.95425
00003.jpg 386 193 34 102 0.95224
00003.jpg 325 206 64 177 0.95157
00003.jpg 385 193 34 106 0.95133
00003.jpg 47 223 79 122 0.95086
00003.jpg 298 182 30 110 0.94898
00003.jpg 298 181 31 109 0.94875
00003.jpg 383 191 37 103 0.94811
00003.jpg 297 186 29 104 0.94707
00003.jpg 44 220 82 129 0.94549
00003.jpg 324 203 63 190 0.94422
00003.jpg 473 193 103 239 0.94387
00003.jpg 297 181 28 109 0.94358
00003.jpg 472 199 106 237 0.94260
00003.jpg 323 205 66 186 0.94237
00003.jpg 384 195 35 101 0.94235
00003.jpg 46 218 79 130 0.94121
00003.jpg 327 219 62 156 0.94083
00003.jpg 479 201 95 233 0.94066
00003.jpg 470 194 102 239 0.94003
00003.jpg 321 207 67 192 0.94000
00003.jpg 296 183 30 105 0.93942
00003.jpg 388 192 32 104 0.93917
00003.jpg 44 224 83 122 0.93798
00003.jpg 384 194 34 99 0.93750
00003.jpg 297 183 30 106 0.93636
00003.jpg 298 187 27 104 0.93398
00003.jpg 39 217 82 134 0.93367
00003.jpg 383 195 37 97 0.93003
00003.jpg 296 183 34 112 0.92836
00003.jpg 47 223 86 131 0.92809
00003.jpg 43 222 76 127 0.92497
00003.jpg 47 220 79 127 0.92261
00003.jpg 39 218 88 135 0.92258
00003.jpg 297 186 31 101 0.92146
00003.jpg 323 210 65 174 0.92123
00003.jpg 324 209 62 176 0.91940
00003.jpg 298 183 30 105 0.91847
00003.jpg 385 196 34 98 0.91651
00003.jpg 475 206 101 224 0.91381
00003.jpg 383 197 33 97 0.91000
00003.jpg 298 186 30 107 0.90956
00003.jpg 47 222 75 126 0.90865
00003.jpg 382 196 37 98 0.90710
00003.jpg 386 193 36 100 0.90614
00003.jpg 44 225 76 120 0.90407
00003.jpg 42 222 83 125 0.90335
00003.jpg 49 224 75 126 0.90240
00003.jpg 301 183 28 110 0.90121
00003.jpg 40 219 85 128 0.90077
00003.jpg 45 226 79 125 0.90068
00003.jpg 46 224 77 122 0.89972
00003.jpg 320 205 69 181 0.89929
00003.jpg 326 204 58 181 0.89818
00003.jpg 294 184 32 105 0.89776
00003.jpg 297 187 33 99 0.89759
00003.jpg 329 215 53 171 0.89699
00003.jpg 385 193 34 102 0.89546
00003.jpg 297 189 31 100 0.89006
00003.jpg 382 198 36 97 0.88575
00003.jpg 478 201 101 230 0.88409
00003.jpg 46 222 86 130 0.88307
00003.jpg 299 184 32 101 0.88303
00003.jpg 394 189 28 106 0.87913
00003.jpg 296 185 33 103 0.87645
00003.jpg 43 217 80 137 0.87529
00003.jpg 41 221 86 120 0.87403
00003.jpg 296 187 30 102 0.87343
00003.jpg 474 210 97 216 0.86935
00003.jpg 322 212 66 171 0.86804
00003.jpg 323 215 67 167 0.86521
00003.jpg 44 217 78 135 0.86482
00003.jpg 389 193 34 102 0.86481
00003.jpg 378 199 28 94 0.86156
00003.jpg 299 185 30 104 0.85816
00003.jpg 45 225 81 123 0.85524
00003.jpg 384 201 35 93 0.85146
00003.jpg 393 186 31 109 0.84843
00003.jpg 476 204 99 228 0.84832
00003.jpg 324 212 68 174 0.84646
00003.jpg 52 222 73 129 0.84645
00003.jpg 473 200 104 240 0.83626
00003.jpg 330 209 59 170 0.83299
00003.jpg 49 222 70 128 0.82897
00003.jpg 382 197 32 98 0.82829
00003.jpg 297 187 32 103 0.82680
00003.jpg 387 195 34 100 0.82552
00003.jpg 384 198 32 100 0.82539
00003.jpg 382 198 34 96 0.82388
00003.jpg 478 204 102 226 0.82269
00003.jpg 472 201 108 226 0.82155
00003.jpg 325 212 69 168 0.82004
00003.jpg 327 212 63 169 0.81968
00003.jpg 319 198 66 187 0.81525
00003.jpg 392 192 29 105 0.81371
00003.jpg 324 216 63 167 0.81325
00003.jpg 386 195 33 103 0.81316
00003.jpg 296 188 25 98 0.80970
00003.jpg 324 206 63 179 0.80754
00003.jpg 329 212 62 175 0.80364
00003.jpg 44 221 80 119 0.80219
00003.jpg 295 185 34 106 0.79998
00003.jpg 475 196 105 232 0.79884
00003.jpg 321 223 76 154 0.79807
00003.jpg 382 196 35 106 0.79182
00003.jpg 324 207 68 178 0.79175
00003.jpg 380 197 36 93 0.79002
00003.jpg 40 218 84 126 0.78838
00003.jpg 47 222 71 128 0.78599
00003.jpg 327 212 67 169 0.77748
00003.jpg 472 208 97 222 0.77363
00003.jpg 390 190 33 102 0.77146
00003.jpg 298 183 31 107 0.77096
00003.jpg 323 182 31 48 0.77021
00003.jpg 471 202 105 236 0.76725
00003.jpg 297 187 29 98 0.76025
00003.jpg 326 183 30 52 0.75989
00003.jpg 325 183 33 50 0.75975
00003.jpg 327 183 30 45 0.75892
00003.jpg 299 184 30 102 0.75871
00003.jpg 324 182 28 47 0.75793
00003.jpg 477 196 103 233 0.75543
00003.jpg 40 220 81 131 0.75515
00003.jpg 656 182 36 46 0.75216
00003.jpg 379 194 44 101 0.75036
00003.jpg 324 201 68 193 0.74722
00003.jpg 653 180 34 47 0.74722
00003.jpg 323 214 72 172 0.74679
00003.jpg 322 185 36 42 0.73229
00003.jpg 651 181 34 46 0.73228
00003.jpg 327 181 27 46 0.71464
00003.jpg 40 230 81 106 0.71080
00003.jpg 389 197 33 96 0.70930
00003.jpg 324 219 63 165 0.70873
00003.jpg 294 183 37 111 0.70224
00003.jpg 386 196 37 99 0.69581
00003.jpg 389 194 32 105 0.68795
00003.jpg 40 219 86 132 0.68616
00003.jpg 372 193 50 105 0.68602
00003.jpg 323 183 34 48 0.68599
00003.jpg 323 184 30 45 0.68105
00003.jpg 473 195 102 240 0.67821
00003.jpg 326 183 27 45 0.67678
00003.jpg 379 196 36 99 0.67656
00003.jpg 383 191 40 100 0.67641
00003.jpg 386 191 39 99 0.67529
00003.jpg 473 203 91 227 0.67438
00003.jpg 473 190 102 248 0.67147
00003.jpg 471 203 98 230 0.66726
00003.jpg 40 223 78 121 0.66718
00003.jpg 298 191 37 100 0.66606
00003.jpg 43 216 78 139 0.66218
00003.jpg 293 184 33 105 0.66154
00003.jpg 324 180 33 69 0.65985
00003.jpg 479 203 103 227 0.65390
00003.jpg 651 181 40 44 0.65344
00003.jpg 323 185 36 40 0.65011
00003.jpg 383 193 37 96 0.64909
00003.jpg 319 206 66 185 0.64875
00003.jpg 383 198 41 97 0.64618
00003.jpg 394 190 27 99 0.64406
00003.jpg 298 185 33 108 0.64274
00003.jpg 47 225 74 123 0.64245
00003.jpg 649 182 40 45 0.64001
00003.jpg 481 195 98 243 0.63978
00003.jpg 321 183 41 52 0.63715
00003.jpg 387 194 34 104 0.63548
00003.jpg 475 198 102 232 0.63273
00003.jpg 319 214 71 175 0.62952
00003.jpg 391 194 31 102 0.62596
00003.jpg 475 207 102 218 0.62015
00003.jpg 379 195 33 97 0.61633
00003.jpg 323 182 34 46 0.61167
00003.jpg 385 195 39 109 0.61070
00003.jpg 324 182 32 41 0.61061
00003.jpg 322 181 35 51 0.60869
00003.jpg 322 183 29 52 0.60627
00003.jpg 322 204 68 187 0.60314
00003.jpg 382 186 42 114 0.60217
00003.jpg 322 181 37 57 0.59988
00003.jpg 653 181 34 48 0.59777
00003.jpg 382 203 28 93 0.58852
00003.jpg 51 222 75 124 0.58779
00003.jpg 323 193 75 195 0.57771
00003.jpg 650 178 40 52 0.57664
00003.jpg 394 189 25 31 0.57052
00003.jpg 386 197 36 99 0.56477
00003.jpg 322 181 30 63 0.56310
00003.jpg 376 195 47 90 0.56140
00003.jpg 399 191 24 35 0.55875
00003.jpg 326 187 31 46 0.55423
00003.jpg 376 201 37 95 0.55159
00003.jpg 324 182 35 46 0.54194
00003.jpg 654 181 41 48 0.53706
00003.jpg 296 184 34 99 0.53696
00003.jpg 317 183 39 68 0.53567
00003.jpg 380 196 40 100 0.53350
00003.jpg 378 196 44 105 0.53093
00003.jpg 327 184 32 43 0.52901
00003.jpg 297 186 37 93 0.52751
00003.jpg 327 182 29 42 0.52665
00003.jpg 47 225 71 129 0.52282
00003.jpg 654 174 33 53 0.51694
00003.jpg 381 195 31 103 0.51518
00003.jpg 477 197 99 224 0.51469
00003.jpg 318 182 34 63 0.51122
00003.jpg 657 179 35 47 0.50487
00003.jpg 651 179 34 46 0.50033
