00019.jpg 21 232 77 140 0.99964
00019.jpg 428 213 118 201 0.99915
00019.jpg 24 238 68 133 0.99904
00019.jpg 23 232 75 136 0.99903
00019.jpg 229 203 43 111 0.99884
00019.jpg 24 235 68 135 0.99837
00019.jpg 25 237 69 135 0.99804
00019.jpg 344 214 121 180 0.99790
00019.jpg 229 202 47 110 0.99774
00019.jpg 23 232 74 136 0.99739
00019.jpg 310 207 47 106 0.99728
00019.jpg 425 217 118 197 0.99714
00019.jpg 350 213 115 184 0.99686
00019.jpg 23 229 71 146 0.99686
00019.jpg 24 236 71 138 0.99683
00019.jpg 430 216 119 206 0.99654
00019.jpg 21 234 73 135 0.99653
00019.jpg 348 219 119 180 0.99651
00019.jpg 18 232 75 142 0.99637
00019.jpg 346 211 119 195 0.99616
00019.jpg 26 237 67 138 0.99606
00019.jpg 230 204 45 108 0.99564
00019.jpg 430 220 119 195 0.99562
00019.jpg 430 221 119 189 0.99513
00019.jpg 26 231 63 140 0.99503
00019.jpg 22 231 75 141 0.99502
00019.jpg 23 237 70 135 0.99495
00019.jpg 353 214 116 184 0.99486
00019.jpg 426 222 120 196 0.99481
00019.jpg 230 203 46 110 0.99474
00019.jpg 227 204 48 108 0.99463
00019.jpg 228 205 47 110 0.99463
00019.jpg 351 217 114 184 0.99456
00019.jpg 313 209 40 104 0.99453
00019.jpg 355 214 106 186 0.99443
00019.jpg 312 208 44 109 0.99422
00019.jpg 230 203 43 105 0.99415
00019.jpg 345 219 121 171 0.99398
00019.jpg 350 219 116 172 0.99389
00019.jpg 426 219 122 195 0.99372
00019.jpg 21 234 74 138 0.99367
00019.jpg 423 222 116 188 0.99364
00019.jpg 431 219 117 192 0.99360
00019.jpg 227 203 44 108 0.99319
00019.jpg 20 230 75 144 0.99309
00019.jpg 24 234 69 138 0.99303
00019.jpg 226 205 47 107 0.99302
00019.jpg 23 232 68 139 0.99296
00019.jpg 226 206 44 104 0.99268
00019.jpg 424 221 121 192 0.99265
00019.jpg 22 231 73 143 0.99264
00019.jpg 345 217 116 177 0.99241
00019.jpg 433 220 112 194 0.99230
00019.jpg 427 220 120 196 0.99214
00019.jpg 310 203 43 110 0.99211
00019.jpg 426 215 120 196 0.99197
00019.jpg 427 216 121 205 0.99164
00019.jpg 420 218 130 202 0.99117
00019.jpg 425 219 125 196 0.99104
00019.jpg 353 221 109 180 0.99097
00019.jpg 228 205 43 104 0.99090
00019.jpg 23 230 70 144 0.99083
00019.jpg 310 206 49 110 0.99074
00019.jpg 428 221 123 191 0.99073
00019.jpg 24 229 68 145 0.99052
00019.jpg 429 214 115 199 0.99028
00019.jpg 21 234 71 140 0.99024
00019.jpg 23 232 67 141 0.99022
00019.jpg 24 236 71 135 0.99003
00019.jpg 22 235 74 140 0.99001
00019.jpg 348 218 125 178 0.98988
00019.jpg 349 220 116 171 0.98982
00019.jpg 22 232 73 142 0.98971
00019.jpg 25 233 70 141 0.98970
00019.jpg 25 236 63 135 0.98956
00019.jpg 308 206 50 109 0.98942
00019.jpg 426 224 121 191 0.98924
00019.jpg 428 220 115 195 0.98890
00019.jpg 346 213 117 183 0.98873
00019.jpg 231 204 43 109 0.98819
00019.jpg 228 206 48 105 0.98783
00019.jpg 21 231 78 142 0.98782
00019.jpg 349 218 120 182 0.98757
00019.jpg 432 224 106 190 0.98755
00019.jpg 348 214 120 183 0.98735
00019.jpg 228 207 46 102 0.98696
00019.jpg 426 220 122 196 0.98692
00019.jpg 228 202 43 108 0.98687
00019.jpg 229 205 43 108 0.98658
00019.jpg 315 208 39 109 0.98653
00019.jpg 311 205 47 112 0.98627
00019.jpg 228 201 48 111 0.98626
00019.jpg 226 204 48 108 0.98623
00019.jpg 431 220 110 194 0.98622
00019.jpg 27 230 67 141 0.98595
00019.jpg 424 222 127 188 0.98578
00019.jpg 353 218 110 184 0.98570
00019.jpg 348 216 121 178 0.98555
00019.jpg 428 221 122 189 0.98515
00019.jpg 433 225 117 186 0.98491
00019.jpg 21 232 74 139 0.98430
00019.jpg 228 204 42 109 0.98391
00019.jpg 314 207 42 108 0.98386
00019.jpg 227 203 48 112 0.98380
00019.jpg 428 224 116 191 0.98330
00019.jpg 20 233 75 138 0.98329
00019.jpg 353 214 106 186 0.98259
00019.jpg 430 218 115 200 0.98144
00019.jpg 21 230 70 144 0.98139
00019.jpg 426 223 119 194 0.98122
00019.jpg 21 236 75 137 0.98108
00019.jpg 426 222 120 188 0.98090
00019.jpg 21 231 73 147 0.98041
00019.jpg 428 220 112 196 0.97989
00019.jpg 18 228 78 146 0.97935
00019.jpg 347 214 116 180 0.97909
00019.jpg 427 218 122 202 0.97906
00019.jpg 348 212 116 190 0.97880
00019.jpg 315 209 41 109 0.97836
00019.jpg 348 223 118 172 0.97811
00019.jpg 227 202 48 110 0.97780
00019.jpg 314 208 41 108 0.97769
00019.jpg 422 214 116 195 0.97701
00019.jpg 21 235 76 138 0.97693
00019.jpg 425 222 129 188 0.97687
00019.jpg 426 218 114 195 0.97563
00019.jpg 226 204 48 106 0.97535
00019.jpg 429 216 121 195 0.97503
00019.jpg 427 222 116 194 0.97476
00019.jpg 349 211 126 184 0.97335
00019.jpg 229 206 42 105 0.97331
00019.jpg 349 217 119 179 0.97284
00019.jpg 227 202 48 111 0.97276
00019.jpg 433 219 113 197 0.97251
00019.jpg 346 216 123 182 0.97042
00019.jpg 351 213 114 185 0.97031
00019.jpg 343 215 127 188 0.97026
00019.jpg 226 206 48 104 0.97012
00019.jpg 426 219 119 190 0.96793
00019.jpg 433 216 110 195 0.96788
00019.jpg 346 213 115 186 0.96747
00019.jpg 22 232 72 143 0.96670
00019.jpg 310 207 50 108 0.96599
00019.jpg 227 205 48 108 0.96578
00019.jpg 349 221 122 165 0.96362
00019.jpg 310 207 45 109 0.96353
00019.jpg 26 238 68 130 0.96250
00019.jpg 225 203 48 111 0.96230
00019.jpg 415 228 131 178 0.96222
00019.jpg 311 210 44 103 0.96200
00019.jpg 228 204 44 106 0.96174
00019.jpg 312 206 44 109 0.96131
00019.jpg 228 205 47 102 0.96112
00019.jpg 311 204 47 112 0.96082
00019.jpg 310 210 44 105 0.96032
00019.jpg 426 222 129 190 0.96024
00019.jpg 430 220 121 199 0.95971
00019.jpg 227 200 45 113 0.95925
00019.jpg 344 215 119 174 0.95916
00019.jpg 227 202 48 112 0.95774
00019.jpg 226 208 50 105 0.95726
00019.jpg 310 208 51 108 0.95394
00019.jpg 308 208 49 107 0.95369
00019.jpg 350 220 116 172 0.95347
00019.jpg 348 210 121 186 0.95092
00019.jpg 21 233 75 138 0.95041
00019.jpg 313 207 45 109 0.94942
00019.jpg 227 196 47 118 0.94924
00019.jpg 431 220 113 203 0.94920
00019.jpg 230 200 40 113 0.94845
00019.jpg 351 210 116 187 0.94772
00019.jpg 228 203 46 112 0.94686
00019.jpg 311 208 43 107 0.94604
00019.jpg 25 238 71 133 0.94601
00019.jpg 429 220 112 198 0.94579
00019.jpg 311 209 41 106 0.94331
00019.jpg 229 200 45 115 0.94295
00019.jpg 419 214 122 200 0.94217
00019.jpg 351 223 105 173 0.94206
00019.jpg 415 218 130 191 0.94047
00019.jpg 309 208 47 110 0.94022
00019.jpg 309 210 45 106 0.94011
00019.jpg 23 239 73 131 0.93766
00019.jpg 432 219 113 200 0.93762
00019.jpg 25 233 70 141 0.93706
00019.jpg 428 224 123 195 0.93704
00019.jpg 22 232 74 139 0.93468
00019.jpg 23 234 70 144 0.93453
00019.jpg 25 236 65 139 0.93384
00019.jpg 310 208 44 108 0.93225
00019.jpg 355 214 112 188 0.93219
00019.jpg 422 217 121 197 0.93176
00019.jpg 358 219 104 179 0.93081
00019.jpg 312 206 45 109 0.93061
00019.jpg 438 220 109 194 0.92869
00019.jpg 224 201 52 109 0.92769
00019.jpg 342 213 125 187 0.92670
00019.jpg 343 221 126 177 0.92623
00019.jpg 355 213 116 184 0.92616
00019.jpg 312 207 43 112 0.92450
00019.jpg 347 216 132 188 0.92384
00019.jpg 431 222 112 188 0.92318
00019.jpg 346 213 123 181 0.92085
00019.jpg 349 213 108 179 0.92046
00019.jpg 354 215 102 179 0.91990
00019.jpg 22 233 71 140 0.91756
00019.jpg 310 202 46 116 0.91710
00019.jpg 25 226 71 147 0.91706
00019.jpg 314 208 42 106 0.91683
00019.jpg 343 211 124 189 0.91510
00019.jpg 227 204 46 106 0.91414
00019.jpg 315 209 42 108 0.91346
00019.jpg 349 220 119 179 0.91261
00019.jpg 427 222 119 194 0.91193
00019.jpg 308 207 44 106 0.90953
00019.jpg 22 229 74 143 0.90891
00019.jpg 25 232 69 142 0.90799
00019.jpg 314 207 40 112 0.90751
00019.jpg 307 204 52 114 0.90607
00019.jpg 306 208 48 107 0.90584
00019.jpg 349 220 123 172 0.90311
00019.jpg 312 205 44 113 0.90143
00019.jpg 355 208 114 192 0.89668
00019.jpg 23 234 64 138 0.89445
00019.jpg 312 209 41 102 0.89417
00019.jpg 21 238 73 129 0.89387
00019.jpg 420 222 130 195 0.89191
00019.jpg 345 218 132 178 0.89131
00019.jpg 230 205 44 107 0.89059
00019.jpg 352 221 111 175 0.88629
00019.jpg 352 209 116 198 0.88058
00019.jpg 22 230 71 148 0.87574
00019.jpg 227 206 41 107 0.86537
00019.jpg 350 215 117 183 0.86305
00019.jpg 347 219 118 176 0.85851
00019.jpg 306 209 47 108 0.85752
00019.jpg 20 235 65 142 0.85549
00019.jpg 30 224 68 148 0.85292
00019.jpg 23 227 77 144 0.85014
00019.jpg 343 218 126 180 0.84994
00019.jpg 24 227 71 150 0.84807
00019.jpg 345 216 123 181 0.84618
00019.jpg 310 206 47 110 0.84537
00019.jpg 357 222 110 175 0.84449
00019.jpg 230 200 46 112 0.84383
00019.jpg 313 203 46 115 0.84369
00019.jpg 345 215 124 171 0.84200
00019.jpg 21 234 66 138 0.84069
00019.jpg 308 203 51 112 0.83490
00019.jpg 28 233 68 135 0.83163
00019.jpg 426 215 126 195 0.82933
00019.jpg 23 234 70 138 0.82760
00019.jpg 230 206 46 110 0.82618
00019.jpg 347 214 117 177 0.82599
00019.jpg 227 202 51 103 0.82119
00019.jpg 315 205 44 114 0.81781
00019.jpg 315 209 44 104 0.81551
00019.jpg 227 202 53 111 0.81282
00019.jpg 26 232 71 134 0.81183
00019.jpg 24 231 72 136 0.80869
00019.jpg 309 207 44 107 0.80772
00019.jpg 231 204 42 112 0.80705
00019.jpg 351 218 112 176 0.79347
00019.jpg 309 205 52 109 0.78387
00019.jpg 397 215 145 200 0.78231
00019.jpg 20 231 76 143 0.78107
00019.jpg 311 207 48 108 0.77921
00019.jpg 226 206 52 107 0.77830
00019.jpg 227 199 47 108 0.77474
00019.jpg 414 217 125 196 0.77310
00019.jpg 19 239 75 131 0.77269
00019.jpg 230 199 45 116 0.77030
00019.jpg 429 218 115 191 0.75834
00019.jpg 433 221 116 195 0.75275
00019.jpg 308 204 49 113 0.75184
00019.jpg 232 211 42 100 0.74955
00019.jpg 306 208 52 112 0.74793
00019.jpg 311 203 51 116 0.74743
00019.jpg 309 207 50 116 0.74715
00019.jpg 351 211 139 193 0.74662
00019.jpg 232 203 42 104 0.74101
00019.jpg 228 198 49 121 0.73762
00019.jpg 428 219 116 197 0.73682
00019.jpg 304 207 58 107 0.73229
00019.jpg 348 218 118 178 0.72973
00019.jpg 25 228 71 143 0.72883
00019.jpg 226 202 53 114 0.72292
00019.jpg 229 202 49 113 0.72160
00019.jpg 346 210 126 191 0.72123
00019.jpg 423 221 120 195 0.71869
00019.jpg 304 207 53 111 0.71761
00019.jpg 417 223 126 182 0.71444
00019.jpg 387 211 154 204 0.71386
00019.jpg 25 232 71 140 0.71362
00019.jpg 429 217 112 195 0.70165
00019.jpg 224 208 54 114 0.70051
00019.jpg 230 205 49 107 0.70034
00019.jpg 224 201 50 105 0.69816
00019.jpg 23 240 71 128 0.69485
00019.jpg 318 207 42 108 0.69140
00019.jpg 408 209 133 206 0.68917
00019.jpg 312 206 48 111 0.68683
00019.jpg 353 213 110 184 0.68110
00019.jpg 317 205 41 108 0.68068
00019.jpg 397 221 148 188 0.67955
00019.jpg 412 214 131 205 0.67467
00019.jpg 353 217 107 179 0.67164
00019.jpg 25 230 70 147 0.66656
00019.jpg 306 205 53 120 0.66149
00019.jpg 228 202 49 111 0.65229
00019.jpg 20 236 70 136 0.64437
00019.jpg 314 209 47 106 0.63683
00019.jpg 438 213 105 199 0.63352
00019.jpg 225 204 47 106 0.63350
00019.jpg 18 231 70 145 0.63258
00019.jpg 341 210 135 192 0.63197
00019.jpg 25 231 58 145 0.62866
00019.jpg 306 210 45 108 0.61894
00019.jpg 310 203 49 118 0.61788
00019.jpg 439 216 104 206 0.61465
00019.jpg 17 232 72 134 0.60250
00019.jpg 311 212 51 108 0.60158
00019.jpg 21 219 77 158 0.60089
00019.jpg 21 234 70 129 0.59818
00019.jpg 354 218 128 184 0.59574
00019.jpg 313 208 48 113 0.59204
00019.jpg 223 204 51 97 0.58651
00019.jpg 309 211 37 101 0.56545
00019.jpg 343 213 123 182 0.56381
00019.jpg 334 217 132 165 0.54806
00019.jpg 29 234 65 129 0.53703
00019.jpg 308 208 56 108 0.53401
00019.jpg 307 205 49 109 0.52898
00019.jpg 348 217 125 170 0.52815
00019.jpg 18 240 70 127 0.52443
00019.jpg 306 214 47 100 0.52288
00019.jpg 233 199 43 114 0.51957
00019.jpg 20 239 81 145 0.51272
00019.jpg 304 214 47 96 0.51187
00019.jpg 20 228 77 151 0.50727
00019.jpg 420 223 118 186 0.50119
