00016.jpg 440 209 102 207 0.99963
00016.jpg 330 205 117 193 0.99954
00016.jpg 434 214 105 191 0.99937
00016.jpg 435 216 105 193 0.99937
00016.jpg 27 222 66 143 0.99936
00016.jpg 436 211 104 204 0.99927
00016.jpg 26 225 66 135 0.99905
00016.jpg 30 219 63 150 0.99898
00016.jpg 326 209 122 183 0.99898
00016.jpg 24 218 64 155 0.99886
00016.jpg 436 215 101 196 0.99883
00016.jpg 22 227 71 143 0.99865
00016.jpg 30 223 55 144 0.99857
00016.jpg 434 215 102 195 0.99840
00016.jpg 26 219 64 152 0.99832
00016.jpg 24 226 67 138 0.99824
00016.jpg 235 196 43 112 0.99812
00016.jpg 23 222 72 146 0.99796
00016.jpg 329 212 116 181 0.99771
00016.jpg 21 220 71 148 0.99770
00016.jpg 436 212 102 197 0.99766
00016.jpg 440 209 96 199 0.99760
00016.jpg 21 219 69 151 0.99755
00016.jpg 331 204 114 191 0.99744
00016.jpg 28 221 64 148 0.99681
00016.jpg 330 205 116 188 0.99680
00016.jpg 23 220 69 147 0.99652
00016.jpg 23 224 70 145 0.99621
00016.jpg 332 205 110 188 0.99600
00016.jpg 26 225 63 142 0.99571
00016.jpg 235 192 47 116 0.99545
00016.jpg 341 210 102 182 0.99535
00016.jpg 432 209 107 207 0.99531
00016.jpg 27 226 64 144 0.99518
00016.jpg 238 193 41 111 0.99516
00016.jpg 337 210 109 182 0.99506
00016.jpg 27 222 67 144 0.99505
00016.jpg 329 201 115 192 0.99496
00016.jpg 331 202 113 192 0.99496
00016.jpg 234 192 46 119 0.99494
00016.jpg 430 212 112 195 0.99488
00016.jpg 25 227 67 139 0.99485
00016.jpg 440 212 99 199 0.99460
00016.jpg 237 197 41 113 0.99454
00016.jpg 434 213 103 202 0.99445
00016.jpg 431 217 109 194 0.99429
00016.jpg 24 227 68 137 0.99429
00016.jpg 430 213 112 199 0.99417
00016.jpg 24 222 67 145 0.99411
00016.jpg 435 215 108 191 0.99400
00016.jpg 26 226 67 138 0.99351
00016.jpg 336 207 112 189 0.99331
00016.jpg 237 192 40 118 0.99324
00016.jpg 27 223 64 148 0.99295
00016.jpg 24 224 69 142 0.99294
00016.jpg 334 209 107 181 0.99290
00016.jpg 439 216 98 198 0.99239
00016.jpg 437 212 97 199 0.99221
00016.jpg 440 211 97 199 0.99219
00016.jpg 26 224 67 145 0.99200
00016.jpg 235 196 43 107 0.99188
00016.jpg 327 214 113 176 0.99159
00016.jpg 240 196 42 112 0.99158
00016.jpg 322 202 38 106 0.99064
00016.jpg 237 194 42 112 0.99015
00016.jpg 432 213 102 195 0.99012
00016.jpg 436 214 102 198 0.98993
00016.jpg 22 221 71 147 0.98993
00016.jpg 240 198 38 105 0.98927
00016.jpg 332 211 118 178 0.98887
00016.jpg 434 215 109 198 0.98876
00016.jpg 440 213 98 200 0.98845
00016.jpg 434 218 105 190 0.98819
00016.jpg 27 228 66 138 0.98785
00016.jpg 25 226 68 140 0.98725
00016.jpg 333 207 112 181 0.98682
00016.jpg 331 208 117 187 0.98665
00016.jpg 435 211 101 205 0.98662
00016.jpg 336 214 114 180 0.98637
00016.jpg 330 209 112 184 0.98614
00016.jpg 237 191 39 117 0.98540
00016.jpg 28 222 62 147 0.98510
00016.jpg 330 213 121 175 0.98453
00016.jpg 440 211 97 201 0.98431
00016.jpg 330 203 109 193 0.98424
00016.jpg 334 206 113 186 0.98370
00016.jpg 28 218 57 153 0.98331
00016.jpg 441 210 93 203 0.98327
00016.jpg 237 197 42 110 0.98325
00016.jpg 29 227 66 140 0.98279
00016.jpg 24 228 69 139 0.98279
00016.jpg 436 215 103 190 0.98206
00016.jpg 332 211 111 181 0.98205
00016.jpg 432 214 111 196 0.98164
00016.jpg 330 207 118 187 0.98137
00016.jpg 443 208 95 208 0.98120
00016.jpg 27 230 66 134 0.98102
00016.jpg 435 215 102 195 0.98058
00016.jpg 432 211 103 203 0.98044
00016.jpg 335 207 113 181 0.98039
00016.jpg 238 195 40 109 0.98031
00016.jpg 435 216 110 190 0.98030
00016.jpg 323 203 36 102 0.98030
00016.jpg 441 212 93 200 0.98014
00016.jpg 236 197 40 108 0.97931
00016.jpg 335 209 111 186 0.97924
00016.jpg 334 216 102 166 0.97890
00016.jpg 334 214 103 180 0.97876
00016.jpg 333 215 111 179 0.97768
00016.jpg 327 205 115 187 0.97738
00016.jpg 323 207 122 196 0.97710
00016.jpg 336 205 109 194 0.97696
00016.jpg 331 208 112 181 0.97681
00016.jpg 333 212 107 181 0.97670
00016.jpg 29 221 65 151 0.97606
00016.jpg 24 226 68 144 0.97513
00016.jpg 236 194 45 116 0.97440
00016.jpg 326 210 125 179 0.97425
00016.jpg 329 208 114 177 0.97407
00016.jpg 239 201 40 104 0.97405
00016.jpg 25 222 68 144 0.97405
00016.jpg 30 227 62 142 0.97356
00016.jpg 331 207 114 193 0.97346
00016.jpg 335 201 113 192 0.97312
00016.jpg 443 218 93 192 0.97287
00016.jpg 318 201 41 109 0.97103
00016.jpg 331 212 115 183 0.97060
00016.jpg 329 210 114 181 0.97052
00016.jpg 321 200 39 112 0.97022
00016.jpg 28 220 67 148 0.96981
00016.jpg 333 207 113 190 0.96876
00016.jpg 28 227 62 138 0.96819
00016.jpg 238 197 41 112 0.96667
00016.jpg 326 205 35 105 0.96607
00016.jpg 324 202 36 107 0.96489
00016.jpg 438 211 95 204 0.96318
00016.jpg 239 199 39 104 0.96205
00016.jpg 236 196 42 113 0.96191
00016.jpg 24 221 68 148 0.96179
00016.jpg 435 218 107 193 0.96083
00016.jpg 435 216 103 187 0.95901
00016.jpg 28 225 59 143 0.95899
00016.jpg 28 224 62 142 0.95859
00016.jpg 436 211 100 202 0.95838
00016.jpg 25 222 64 143 0.95750
00016.jpg 322 202 42 110 0.95708
00016.jpg 435 217 103 190 0.95701
00016.jpg 330 212 117 182 0.95691
00016.jpg 325 203 36 109 0.95420
00016.jpg 27 224 62 144 0.95281
00016.jpg 237 194 44 117 0.95195
00016.jpg 237 193 44 118 0.95094
00016.jpg 235 196 44 113 0.94932
00016.jpg 435 215 105 192 0.94916
00016.jpg 438 211 100 202 0.94791
00016.jpg 431 216 107 192 0.94781
00016.jpg 233 195 47 115 0.94636
00016.jpg 338 210 110 183 0.94546
00016.jpg 438 212 97 198 0.94478
00016.jpg 324 207 36 102 0.94084
00016.jpg 233 194 49 114 0.94081
00016.jpg 236 197 43 113 0.94019
00016.jpg 326 202 36 109 0.93923
00016.jpg 338 206 109 194 0.93804
00016.jpg 325 198 37 112 0.93672
00016.jpg 324 207 33 105 0.93505
00016.jpg 335 205 109 193 0.93411
00016.jpg 321 198 40 115 0.93274
00016.jpg 235 191 40 117 0.93253
00016.jpg 326 205 36 110 0.93245
00016.jpg 27 228 61 136 0.93161
00016.jpg 435 212 100 197 0.93120
00016.jpg 27 222 65 147 0.93056
00016.jpg 22 234 69 125 0.92626
00016.jpg 239 199 39 114 0.92569
00016.jpg 27 218 66 149 0.92156
00016.jpg 435 216 104 199 0.92104
00016.jpg 331 211 108 180 0.92050
00016.jpg 24 227 70 136 0.92030
00016.jpg 327 208 120 176 0.91980
00016.jpg 323 202 35 111 0.91843
00016.jpg 28 223 65 144 0.91782
00016.jpg 23 223 69 145 0.91613
00016.jpg 28 224 69 141 0.91562
00016.jpg 435 213 102 202 0.91277
00016.jpg 435 214 108 197 0.91224
00016.jpg 438 213 103 195 0.91058
00016.jpg 320 201 41 114 0.90963
00016.jpg 335 206 114 195 0.90931
00016.jpg 237 198 40 108 0.90881
00016.jpg 26 228 67 142 0.90755
00016.jpg 331 211 118 181 0.90565
00016.jpg 437 212 104 193 0.90352
00016.jpg 323 201 38 107 0.90307
00016.jpg 322 209 39 98 0.90182
00016.jpg 324 202 36 104 0.90094
00016.jpg 330 210 114 183 0.89755
00016.jpg 29 228 63 136 0.89503
00016.jpg 336 209 110 180 0.89343
00016.jpg 237 193 44 112 0.89037
00016.jpg 429 217 110 201 0.88679
00016.jpg 326 206 35 106 0.88517
00016.jpg 438 207 100 202 0.88411
00016.jpg 23 223 69 144 0.88336
00016.jpg 235 195 44 115 0.88176
00016.jpg 334 212 105 171 0.88121
00016.jpg 24 223 62 146 0.87995
00016.jpg 30 219 65 152 0.87596
00016.jpg 333 210 114 182 0.87531
00016.jpg 333 204 105 191 0.87390
00016.jpg 325 200 32 116 0.87345
00016.jpg 29 227 56 145 0.87306
00016.jpg 33 217 65 149 0.87218
00016.jpg 324 209 38 102 0.86698
00016.jpg 325 205 40 105 0.86370
00016.jpg 321 199 36 104 0.86206
00016.jpg 25 221 64 147 0.86184
00016.jpg 23 218 66 155 0.86107
00016.jpg 334 207 110 188 0.85835
00016.jpg 332 201 110 193 0.85796
00016.jpg 24 224 65 143 0.85747
00016.jpg 329 206 114 192 0.85530
00016.jpg 29 223 64 142 0.85499
00016.jpg 329 213 114 178 0.85411
00016.jpg 239 205 41 100 0.85127
00016.jpg 433 218 104 187 0.84633
00016.jpg 324 205 37 106 0.84235
00016.jpg 25 227 62 138 0.84049
00016.jpg 321 198 35 109 0.84046
00016.jpg 28 218 68 152 0.83673
00016.jpg 333 205 118 186 0.83439
00016.jpg 435 214 101 195 0.82881
00016.jpg 26 229 64 137 0.82822
00016.jpg 236 194 45 114 0.82667
00016.jpg 239 198 41 107 0.82580
00016.jpg 333 203 112 195 0.82150
00016.jpg 437 218 102 190 0.81952
00016.jpg 237 191 42 118 0.81733
00016.jpg 239 193 39 116 0.81148
00016.jpg 430 212 113 196 0.80770
00016.jpg 26 224 65 144 0.80601
00016.jpg 26 225 71 142 0.80545
00016.jpg 24 227 64 141 0.80537
00016.jpg 24 220 63 157 0.80463
00016.jpg 324 202 39 106 0.80368
00016.jpg 326 209 38 95 0.78953
00016.jpg 333 203 109 182 0.78848
00016.jpg 27 221 66 148 0.78550
00016.jpg 26 228 60 139 0.78435
00016.jpg 320 197 41 114 0.78209
00016.jpg 321 209 34 100 0.77806
00016.jpg 235 194 43 115 0.77792
00016.jpg 323 204 34 102 0.76559
00016.jpg 235 197 39 106 0.75732
00016.jpg 320 200 42 114 0.75506
00016.jpg 331 207 117 188 0.75449
00016.jpg 24 222 66 149 0.75146
00016.jpg 240 196 42 106 0.74713
00016.jpg 235 197 38 110 0.74569
00016.jpg 322 207 37 101 0.74236
00016.jpg 240 196 41 115 0.74027
00016.jpg 334 206 110 178 0.73945
00016.jpg 438 208 100 211 0.73617
00016.jpg 442 209 98 204 0.71487
00016.jpg 236 190 39 116 0.70309
00016.jpg 321 200 42 107 0.70109
00016.jpg 335 208 110 176 0.69383
00016.jpg 321 211 41 97 0.67451
00016.jpg 427 224 104 180 0.67324
00016.jpg 236 199 39 109 0.67252
00016.jpg 321 195 32 110 0.66942
00016.jpg 323 205 43 105 0.66604
00016.jpg 234 195 44 109 0.66000
00016.jpg 437 216 100 187 0.65911
00016.jpg 23 227 63 145 0.65858
00016.jpg 327 208 118 183 0.65056
00016.jpg 25 219 72 142 0.64826
00016.jpg 238 198 41 108 0.63832
00016.jpg 321 197 35 111 0.63477
00016.jpg 432 213 102 183 0.63356
00016.jpg 328 203 118 189 0.62981
00016.jpg 22 219 70 149 0.62652
00016.jpg 321 203 43 111 0.62643
00016.jpg 338 212 109 184 0.62363
00016.jpg 24 219 71 153 0.61952
00016.jpg 322 197 34 109 0.61344
00016.jpg 436 215 98 197 0.60956
00016.jpg 328 207 122 183 0.60935
00016.jpg 325 205 39 107 0.60116
00016.jpg 234 197 42 109 0.59382
00016.jpg 241 190 39 118 0.59077
00016.jpg 324 203 41 114 0.58548
00016.jpg 323 208 41 105 0.58450
00016.jpg 237 190 42 117 0.58427
00016.jpg 439 212 104 205 0.57356
00016.jpg 437 214 108 187 0.57197
00016.jpg 326 203 37 105 0.56683
00016.jpg 319 195 41 118 0.56318
00016.jpg 241 187 38 119 0.55664
00016.jpg 33 224 59 136 0.55552
00016.jpg 435 216 111 199 0.55149
00016.jpg 325 200 40 116 0.54997
00016.jpg 240 198 38 113 0.54629
00016.jpg 426 215 111 187 0.54467
00016.jpg 332 210 112 179 0.54259
00016.jpg 333 202 120 186 0.53903
00016.jpg 233 200 38 110 0.53494
00016.jpg 333 212 112 184 0.52309
00016.jpg 333 204 108 183 0.51920
00016.jpg 426 210 115 205 0.51701
00016.jpg 320 204 34 101 0.51467
00016.jpg 321 206 42 110 0.50688
