00011.jpg 463 209 83 213 0.99977
00011.jpg 39 225 55 139 0.99935
00011.jpg 458 210 82 215 0.99934
00011.jpg 40 222 51 142 0.99918
00011.jpg 32 225 67 140 0.99862
00011.jpg 459 212 87 207 0.99858
00011.jpg 39 226 56 138 0.99850
00011.jpg 459 212 83 209 0.99848
00011.jpg 38 228 59 134 0.99842
00011.jpg 34 224 62 138 0.99840
00011.jpg 40 221 55 142 0.99815
00011.jpg 40 223 50 142 0.99797
00011.jpg 460 205 82 214 0.99790
00011.jpg 39 222 60 144 0.99767
00011.jpg 351 211 69 173 0.99767
00011.jpg 35 223 62 139 0.99752
00011.jpg 38 221 58 141 0.99733
00011.jpg 350 211 71 178 0.99727
00011.jpg 454 203 89 216 0.99646
00011.jpg 459 206 82 217 0.99593
00011.jpg 348 198 78 187 0.99561
00011.jpg 256 194 43 110 0.99558
00011.jpg 458 207 88 203 0.99555
00011.jpg 349 205 69 182 0.99551
00011.jpg 36 226 61 140 0.99540
00011.jpg 354 203 65 180 0.99516
00011.jpg 348 207 66 180 0.99512
00011.jpg 346 206 77 185 0.99511
00011.jpg 36 223 59 141 0.99504
00011.jpg 458 213 82 208 0.99496
00011.jpg 258 201 41 102 0.99449
00011.jpg 458 203 82 221 0.99417
00011.jpg 463 205 84 215 0.99414
00011.jpg 37 221 60 140 0.99408
00011.jpg 460 207 87 217 0.99400
00011.jpg 463 209 75 213 0.99393
00011.jpg 460 208 81 209 0.99352
00011.jpg 260 198 42 109 0.99327
00011.jpg 258 197 42 111 0.99306
00011.jpg 256 196 42 111 0.99284
00011.jpg 258 198 41 105 0.99251
00011.jpg 40 226 53 136 0.99243
00011.jpg 461 203 80 217 0.99241
00011.jpg 38 222 57 141 0.99231
00011.jpg 38 224 58 139 0.99187
00011.jpg 37 218 62 146 0.99154
00011.jpg 457 209 85 206 0.99110
00011.jpg 39 223 58 143 0.99082
00011.jpg 349 207 77 178 0.99080
00011.jpg 39 223 56 141 0.99061
00011.jpg 349 200 65 184 0.99056
00011.jpg 460 207 84 215 0.99014
00011.jpg 36 223 60 140 0.98952
00011.jpg 455 209 86 207 0.98943
00011.jpg 349 202 73 186 0.98908
00011.jpg 257 195 42 110 0.98860
00011.jpg 350 211 66 173 0.98846
00011.jpg 38 225 60 133 0.98840
00011.jpg 460 199 81 224 0.98784
00011.jpg 255 197 46 106 0.98749
00011.jpg 41 223 55 144 0.98658
00011.jpg 35 224 61 140 0.98590
00011.jpg 461 209 83 214 0.98588
00011.jpg 461 212 86 208 0.98582
00011.jpg 466 209 76 211 0.98552
00011.jpg 354 207 62 176 0.98428
00011.jpg 459 213 87 204 0.98383
00011.jpg 351 203 64 187 0.98342
00011.jpg 458 204 82 225 0.98332
00011.jpg 351 200 63 186 0.98323
00011.jpg 34 222 62 142 0.98318
00011.jpg 352 208 67 180 0.98295
00011.jpg 37 220 62 145 0.98283
00011.jpg 35 218 62 144 0.98229
00011.jpg 347 207 72 176 0.98223
00011.jpg 35 220 60 147 0.98168
00011.jpg 353 204 65 179 0.98131
00011.jpg 459 214 86 201 0.98100
00011.jpg 256 195 45 110 0.98043
00011.jpg 38 223 57 140 0.98005
00011.jpg 348 208 70 177 0.97970
00011.jpg 455 206 87 219 0.97895
00011.jpg 350 209 67 178 0.97890
00011.jpg 256 198 43 108 0.97886
00011.jpg 36 225 59 137 0.97824
00011.jpg 37 224 57 136 0.97819
00011.jpg 458 201 83 217 0.97698
00011.jpg 461 209 83 210 0.97686
00011.jpg 351 199 65 189 0.97609
00011.jpg 37 224 61 134 0.97597
00011.jpg 257 198 41 108 0.97549
00011.jpg 458 199 83 225 0.97544
00011.jpg 458 210 88 207 0.97532
00011.jpg 460 214 85 209 0.97487
00011.jpg 460 207 86 208 0.97410
00011.jpg 38 221 59 142 0.97374
00011.jpg 36 223 59 141 0.97289
00011.jpg 257 195 45 111 0.97235
00011.jpg 253 199 47 105 0.97194
00011.jpg 350 204 70 178 0.97154
00011.jpg 39 219 60 151 0.97137
00011.jpg 344 195 32 84 0.97106
00011.jpg 37 222 61 142 0.97086
00011.jpg 459 207 88 217 0.96948
00011.jpg 34 217 64 149 0.96902
00011.jpg 354 205 65 179 0.96738
00011.jpg 350 207 73 180 0.96688
00011.jpg 459 211 84 202 0.96565
00011.jpg 462 211 82 202 0.96560
00011.jpg 35 222 61 137 0.96528
00011.jpg 257 196 41 111 0.96498
00011.jpg 38 223 57 142 0.96443
00011.jpg 351 205 68 182 0.96363
00011.jpg 459 214 89 206 0.96337
00011.jpg 258 201 41 100 0.96318
00011.jpg 348 204 67 183 0.96160
00011.jpg 255 196 44 110 0.96142
00011.jpg 343 195 36 73 0.96127
00011.jpg 256 197 47 106 0.96091
00011.jpg 349 206 62 178 0.96037
00011.jpg 38 219 59 143 0.96020
00011.jpg 350 208 72 179 0.95990
00011.jpg 352 207 70 182 0.95943
00011.jpg 344 195 29 78 0.95930
00011.jpg 349 207 73 180 0.95846
00011.jpg 348 215 69 163 0.95834
00011.jpg 463 206 81 217 0.95830
00011.jpg 348 208 66 183 0.95797
00011.jpg 459 203 84 215 0.95723
00011.jpg 258 201 42 102 0.95558
00011.jpg 259 199 41 102 0.95552
00011.jpg 344 194 31 81 0.95478
00011.jpg 457 221 89 191 0.95250
00011.jpg 35 221 62 141 0.95244
00011.jpg 39 220 57 143 0.95200
00011.jpg 40 226 54 131 0.95125
00011.jpg 354 206 64 180 0.95115
00011.jpg 258 197 43 106 0.95055
00011.jpg 347 204 70 182 0.94937
00011.jpg 463 213 78 203 0.94779
00011.jpg 460 207 83 211 0.94682
00011.jpg 38 223 59 137 0.94348
00011.jpg 461 212 85 209 0.94341
00011.jpg 39 221 55 142 0.94221
00011.jpg 261 199 41 104 0.94143
00011.jpg 255 196 48 109 0.94011
00011.jpg 459 207 87 210 0.93833
00011.jpg 35 223 64 138 0.93783
00011.jpg 254 197 45 106 0.93512
00011.jpg 37 219 60 148 0.93451
00011.jpg 256 199 43 104 0.93407
00011.jpg 256 197 45 104 0.93320
00011.jpg 342 199 33 84 0.93145
00011.jpg 258 195 39 112 0.93142
00011.jpg 459 210 88 213 0.93134
00011.jpg 349 209 72 179 0.93028
00011.jpg 344 198 32 77 0.92861
00011.jpg 256 195 46 105 0.92768
00011.jpg 38 222 60 142 0.92334
00011.jpg 33 222 68 146 0.91666
00011.jpg 37 218 65 148 0.91590
00011.jpg 343 194 29 87 0.91568
00011.jpg 463 214 79 201 0.91436
00011.jpg 37 226 63 137 0.91277
00011.jpg 457 208 91 214 0.91137
00011.jpg 348 210 69 182 0.90753
00011.jpg 352 210 66 176 0.90698
00011.jpg 459 206 79 213 0.90408
00011.jpg 344 195 33 86 0.90283
00011.jpg 37 225 60 136 0.90190
00011.jpg 343 200 33 92 0.90097
00011.jpg 38 222 59 143 0.90088
00011.jpg 257 195 38 107 0.89983
00011.jpg 256 200 43 104 0.89653
00011.jpg 344 194 34 77 0.89623
00011.jpg 342 201 31 84 0.89585
00011.jpg 350 205 71 186 0.89514
00011.jpg 38 219 61 138 0.89454
00011.jpg 257 196 42 109 0.89441
00011.jpg 350 200 69 190 0.89435
00011.jpg 352 207 64 184 0.89412
00011.jpg 37 222 58 140 0.89316
00011.jpg 344 195 35 72 0.89248
00011.jpg 260 199 40 105 0.88896
00011.jpg 258 195 43 109 0.88851
00011.jpg 36 224 55 140 0.88689
00011.jpg 461 217 80 198 0.88229
00011.jpg 342 199 33 77 0.88091
00011.jpg 257 202 46 101 0.87913
00011.jpg 343 194 35 75 0.87886
00011.jpg 346 196 35 70 0.87538
00011.jpg 346 194 33 71 0.87538
00011.jpg 349 195 30 69 0.87386
00011.jpg 359 207 60 175 0.87310
00011.jpg 258 194 40 112 0.86918
00011.jpg 458 209 89 213 0.86770
00011.jpg 39 228 54 131 0.86417
00011.jpg 342 198 31 68 0.86220
00011.jpg 37 218 63 148 0.86141
00011.jpg 35 222 59 140 0.86087
00011.jpg 258 199 45 108 0.86056
00011.jpg 260 200 42 114 0.85660
00011.jpg 341 199 31 87 0.85623
00011.jpg 465 213 82 210 0.85541
00011.jpg 347 210 73 171 0.85483
00011.jpg 42 224 50 139 0.85289
00011.jpg 343 196 34 67 0.85059
00011.jpg 252 193 49 112 0.84642
00011.jpg 345 196 32 88 0.84445
00011.jpg 343 195 30 86 0.84399
00011.jpg 461 213 82 203 0.83954
00011.jpg 350 200 71 193 0.83822
00011.jpg 340 200 31 85 0.82549
00011.jpg 346 208 69 154 0.82526
00011.jpg 36 221 60 141 0.81210
00011.jpg 258 198 46 108 0.81139
00011.jpg 256 200 48 107 0.80998
00011.jpg 39 222 60 135 0.80680
00011.jpg 351 204 69 176 0.80090
00011.jpg 342 194 33 86 0.79613
00011.jpg 259 194 42 111 0.79349
00011.jpg 36 226 62 134 0.79315
00011.jpg 461 215 85 203 0.78589
00011.jpg 345 197 29 79 0.78534
00011.jpg 459 206 90 219 0.78518
00011.jpg 347 212 75 169 0.78297
00011.jpg 458 210 85 206 0.78231
00011.jpg 38 224 56 139 0.77937
00011.jpg 456 210 88 212 0.77705
00011.jpg 349 198 30 55 0.77496
00011.jpg 342 198 37 76 0.76646
00011.jpg 257 196 46 109 0.75979
00011.jpg 351 212 62 172 0.75840
00011.jpg 346 198 30 70 0.75835
00011.jpg 346 203 74 186 0.75141
00011.jpg 343 196 31 65 0.74827
00011.jpg 257 194 45 106 0.74454
00011.jpg 355 207 62 179 0.74174
00011.jpg 460 208 74 206 0.73833
00011.jpg 347 209 72 179 0.73525
00011.jpg 342 195 36 64 0.73504
00011.jpg 343 201 34 68 0.73275
00011.jpg 346 198 30 44 0.72605
00011.jpg 35 226 58 135 0.72348
00011.jpg 342 194 36 90 0.72072
00011.jpg 350 215 67 167 0.71994
00011.jpg 461 213 80 204 0.70345
00011.jpg 251 193 50 114 0.70323
00011.jpg 256 203 42 101 0.69745
00011.jpg 342 193 32 92 0.69706
00011.jpg 343 195 32 73 0.69553
00011.jpg 258 204 45 100 0.69481
00011.jpg 251 200 48 107 0.68935
00011.jpg 452 211 94 199 0.68776
00011.jpg 36 222 62 145 0.68438
00011.jpg 342 200 31 72 0.67466
00011.jpg 254 197 43 107 0.67291
00011.jpg 345 196 27 74 0.66690
00011.jpg 254 195 45 114 0.65985
00011.jpg 461 215 81 201 0.65956
00011.jpg 346 198 32 84 0.65948
00011.jpg 38 220 63 143 0.65742
00011.jpg 462 206 84 216 0.65707
00011.jpg 345 197 65 187 0.65622
00011.jpg 343 196 35 77 0.65574
00011.jpg 457 208 85 213 0.65188
00011.jpg 345 208 75 178 0.64754
00011.jpg 342 198 39 125 0.64412
00011.jpg 347 196 33 64 0.63395
00011.jpg 343 195 35 95 0.63310
00011.jpg 35 221 58 139 0.63217
00011.jpg 457 210 80 202 0.63160
00011.jpg 343 190 36 94 0.62556
00011.jpg 40 221 57 137 0.61979
00011.jpg 349 208 70 178 0.61600
00011.jpg 32 221 65 140 0.59813
00011.jpg 342 194 29 81 0.59783
00011.jpg 260 200 43 101 0.59405
00011.jpg 345 199 74 185 0.59377
00011.jpg 343 199 35 56 0.59288
00011.jpg 343 198 33 69 0.59246
00011.jpg 255 206 43 101 0.58740
00011.jpg 347 199 48 174 0.58629
00011.jpg 347 199 32 60 0.58439
00011.jpg 455 214 88 197 0.56951
00011.jpg 259 201 45 100 0.56817
00011.jpg 454 209 84 205 0.56165
00011.jpg 360 208 60 166 0.55676
00011.jpg 346 205 78 183 0.55409
00011.jpg 354 203 65 178 0.54581
00011.jpg 450 207 97 220 0.54517
00011.jpg 340 194 32 92 0.54226
00011.jpg 344 198 35 44 0.54080
00011.jpg 343 205 79 184 0.53871
00011.jpg 348 196 31 35 0.53550
00011.jpg 339 194 30 101 0.52814
00011.jpg 462 216 77 192 0.52710
00011.jpg 344 194 36 71 0.52686
00011.jpg 258 192 46 116 0.52385
00011.jpg 343 196 27 65 0.51517
00011.jpg 459 209 90 202 0.51300
00011.jpg 37 223 58 140 0.51171
00011.jpg 456 198 97 223 0.51097
00011.jpg 32 216 62 160 0.50666
