00021.jpg 23 237 73 141 0.99965
00021.jpg 315 206 38 116 0.99937
00021.jpg 25 231 74 152 0.99878
00021.jpg 428 216 122 196 0.99875
00021.jpg 433 220 115 198 0.99871
00021.jpg 23 239 73 137 0.99834
00021.jpg 25 237 73 146 0.99833
00021.jpg 314 207 41 111 0.99831
00021.jpg 231 203 40 117 0.99805
00021.jpg 229 203 45 112 0.99798
00021.jpg 28 234 68 142 0.99781
00021.jpg 23 234 72 150 0.99767
00021.jpg 23 235 71 147 0.99736
00021.jpg 21 234 79 142 0.99729
00021.jpg 25 240 68 137 0.99697
00021.jpg 433 217 114 193 0.99697
00021.jpg 315 208 37 108 0.99695
00021.jpg 21 232 75 159 0.99644
00021.jpg 23 236 75 144 0.99615
00021.jpg 23 236 74 143 0.99614
00021.jpg 24 242 72 136 0.99588
00021.jpg 27 233 71 151 0.99583
00021.jpg 26 236 72 149 0.99582
00021.jpg 20 236 74 144 0.99568
00021.jpg 425 217 128 196 0.99560
00021.jpg 425 215 129 205 0.99528
00021.jpg 25 235 71 145 0.99505
00021.jpg 231 205 40 111 0.99447
00021.jpg 429 216 119 201 0.99359
00021.jpg 228 204 45 113 0.99359
00021.jpg 20 237 76 152 0.99350
00021.jpg 382 223 82 171 0.99322
00021.jpg 25 237 73 148 0.99293
00021.jpg 310 205 47 115 0.99229
00021.jpg 380 220 90 178 0.99213
00021.jpg 226 204 44 112 0.99189
00021.jpg 232 204 42 113 0.99181
00021.jpg 377 224 90 166 0.99168
00021.jpg 230 203 45 112 0.99145
00021.jpg 427 218 123 194 0.99126
00021.jpg 229 201 45 114 0.99121
00021.jpg 423 219 128 195 0.99119
00021.jpg 228 199 43 118 0.99111
00021.jpg 431 220 119 197 0.99109
00021.jpg 22 236 74 145 0.99099
00021.jpg 311 204 41 117 0.99084
00021.jpg 230 203 43 115 0.99081
00021.jpg 427 222 123 189 0.99069
00021.jpg 231 202 44 113 0.99039
00021.jpg 19 232 76 150 0.99035
00021.jpg 380 223 88 174 0.99014
00021.jpg 383 215 88 178 0.99001
00021.jpg 382 223 84 180 0.98981
00021.jpg 312 206 42 111 0.98965
00021.jpg 26 237 68 144 0.98937
00021.jpg 383 220 87 174 0.98924
00021.jpg 438 221 110 191 0.98903
00021.jpg 311 208 43 106 0.98874
00021.jpg 28 234 70 143 0.98863
00021.jpg 433 226 114 182 0.98848
00021.jpg 19 234 77 149 0.98839
00021.jpg 231 206 39 110 0.98829
00021.jpg 26 232 70 151 0.98799
00021.jpg 312 205 45 113 0.98760
00021.jpg 381 222 82 173 0.98759
00021.jpg 433 220 123 199 0.98758
00021.jpg 22 238 74 143 0.98745
00021.jpg 428 221 125 190 0.98701
00021.jpg 426 218 120 195 0.98701
00021.jpg 231 203 43 111 0.98681
00021.jpg 22 235 75 147 0.98665
00021.jpg 428 225 120 186 0.98652
00021.jpg 384 216 83 179 0.98637
00021.jpg 229 202 42 117 0.98636
00021.jpg 22 235 76 147 0.98627
00021.jpg 432 213 118 205 0.98620
00021.jpg 232 201 38 118 0.98544
00021.jpg 232 206 40 108 0.98532
00021.jpg 316 205 41 112 0.98512
00021.jpg 316 209 41 111 0.98505
00021.jpg 23 233 69 145 0.98487
00021.jpg 230 201 46 111 0.98471
00021.jpg 24 241 72 140 0.98431
00021.jpg 24 239 75 142 0.98429
00021.jpg 385 224 81 173 0.98423
00021.jpg 26 236 67 146 0.98415
00021.jpg 231 207 39 112 0.98383
00021.jpg 435 224 114 196 0.98326
00021.jpg 434 216 112 205 0.98300
00021.jpg 382 220 82 180 0.98220
00021.jpg 429 212 122 207 0.98201
00021.jpg 311 203 45 109 0.98197
00021.jpg 229 202 44 115 0.98078
00021.jpg 435 216 116 196 0.98076
00021.jpg 24 237 73 140 0.98055
00021.jpg 382 224 84 176 0.98011
00021.jpg 433 214 119 202 0.97970
00021.jpg 24 235 74 143 0.97948
00021.jpg 437 217 109 193 0.97854
00021.jpg 428 220 120 193 0.97803
00021.jpg 431 224 116 193 0.97778
00021.jpg 229 199 44 118 0.97774
00021.jpg 384 217 79 184 0.97754
00021.jpg 436 218 114 190 0.97704
00021.jpg 21 232 75 145 0.97682
00021.jpg 379 220 93 173 0.97647
00021.jpg 317 206 40 112 0.97579
00021.jpg 431 224 120 187 0.97573
00021.jpg 431 228 122 183 0.97454
00021.jpg 380 226 85 172 0.97434
00021.jpg 228 200 46 117 0.97411
00021.jpg 424 215 124 203 0.97327
00021.jpg 231 205 45 113 0.97306
00021.jpg 435 214 117 202 0.97265
00021.jpg 314 206 41 116 0.97234
00021.jpg 315 208 40 112 0.97142
00021.jpg 231 208 43 107 0.97138
00021.jpg 229 202 40 115 0.97080
00021.jpg 383 220 80 179 0.96920
00021.jpg 380 221 89 172 0.96919
00021.jpg 383 220 82 178 0.96888
00021.jpg 23 234 68 147 0.96839
00021.jpg 312 206 44 112 0.96824
00021.jpg 315 206 42 112 0.96732
00021.jpg 229 204 43 113 0.96720
00021.jpg 376 218 94 193 0.96690
00021.jpg 316 207 40 110 0.96672
00021.jpg 382 223 88 173 0.96641
00021.jpg 228 204 44 113 0.96582
00021.jpg 310 210 49 107 0.96432
00021.jpg 23 239 70 145 0.96415
00021.jpg 313 207 43 113 0.96366
00021.jpg 21 239 82 141 0.96362
00021.jpg 384 220 85 176 0.96339
00021.jpg 382 226 83 170 0.96267
00021.jpg 436 215 113 198 0.96257
00021.jpg 229 207 45 111 0.96108
00021.jpg 377 216 90 186 0.96088
00021.jpg 433 218 118 193 0.96040
00021.jpg 314 204 41 117 0.96006
00021.jpg 25 235 71 143 0.95975
00021.jpg 26 237 69 139 0.95970
00021.jpg 384 217 90 182 0.95925
00021.jpg 24 232 74 154 0.95915
00021.jpg 230 203 38 114 0.95825
00021.jpg 380 218 89 181 0.95805
00021.jpg 377 218 94 181 0.95649
00021.jpg 313 207 46 115 0.95630
00021.jpg 230 205 45 112 0.95583
00021.jpg 380 221 81 178 0.95534
00021.jpg 24 235 71 152 0.95385
00021.jpg 437 220 111 192 0.95358
00021.jpg 313 206 43 114 0.95354
00021.jpg 432 216 123 190 0.95191
00021.jpg 435 225 117 189 0.95179
00021.jpg 23 235 73 145 0.95159
00021.jpg 380 222 91 178 0.95143
00021.jpg 382 222 83 179 0.95127
00021.jpg 28 240 67 142 0.95098
00021.jpg 316 207 42 113 0.95080
00021.jpg 27 235 70 145 0.95006
00021.jpg 312 207 41 114 0.94996
00021.jpg 379 222 86 174 0.94966
00021.jpg 382 220 84 185 0.94699
00021.jpg 384 229 79 165 0.94662
00021.jpg 317 207 40 109 0.94489
00021.jpg 230 200 45 120 0.94382
00021.jpg 434 222 112 190 0.94378
00021.jpg 437 219 108 196 0.94179
00021.jpg 427 220 127 189 0.94082
00021.jpg 26 237 67 140 0.94017
00021.jpg 313 205 45 114 0.93896
00021.jpg 430 221 111 198 0.93824
00021.jpg 26 240 71 140 0.93805
00021.jpg 21 237 75 140 0.93785
00021.jpg 316 208 40 109 0.93604
00021.jpg 426 221 124 191 0.93504
00021.jpg 24 235 72 143 0.93456
00021.jpg 230 201 44 116 0.93212
00021.jpg 227 202 44 118 0.93212
00021.jpg 425 220 119 193 0.92838
00021.jpg 433 220 121 193 0.92805
00021.jpg 427 214 117 205 0.92573
00021.jpg 443 215 109 200 0.92436
00021.jpg 434 215 107 201 0.92226
00021.jpg 311 205 46 114 0.92155
00021.jpg 310 207 43 109 0.92139
00021.jpg 23 236 73 143 0.91972
00021.jpg 27 242 71 132 0.91367
00021.jpg 24 239 72 145 0.91353
00021.jpg 309 209 40 105 0.91254
00021.jpg 432 221 118 193 0.91183
00021.jpg 23 238 71 139 0.91052
00021.jpg 377 217 90 184 0.90856
00021.jpg 305 207 51 109 0.90475
00021.jpg 382 219 82 176 0.90305
00021.jpg 377 214 95 185 0.90205
00021.jpg 318 208 41 108 0.90201
00021.jpg 317 208 41 109 0.90187
00021.jpg 379 219 90 175 0.90037
00021.jpg 23 237 73 142 0.89643
00021.jpg 439 224 111 191 0.89625
00021.jpg 266 197 25 45 0.89390
00021.jpg 25 233 72 151 0.89317
00021.jpg 378 220 89 183 0.89179
00021.jpg 403 213 109 191 0.89127
00021.jpg 230 201 41 116 0.89062
00021.jpg 315 206 46 115 0.88270
00021.jpg 310 205 43 113 0.87869
00021.jpg 310 203 49 117 0.87497
00021.jpg 387 224 75 172 0.87423
00021.jpg 308 206 46 110 0.87287
00021.jpg 27 231 70 158 0.86935
00021.jpg 381 223 79 173 0.86923
00021.jpg 437 226 109 188 0.86707
00021.jpg 269 197 24 43 0.86403
00021.jpg 302 205 52 108 0.85569
00021.jpg 228 198 46 118 0.85424
00021.jpg 231 203 45 109 0.85377
00021.jpg 231 204 47 116 0.85364
00021.jpg 27 240 65 143 0.84430
00021.jpg 21 232 77 149 0.84382
00021.jpg 440 219 113 192 0.84076
00021.jpg 312 208 43 106 0.84053
00021.jpg 399 210 102 198 0.83843
00021.jpg 382 214 90 186 0.83802
00021.jpg 229 207 47 113 0.83247
00021.jpg 312 209 35 103 0.83238
00021.jpg 310 205 46 115 0.83018
00021.jpg 229 201 43 116 0.82962
00021.jpg 25 233 71 154 0.82898
00021.jpg 266 197 26 44 0.82669
00021.jpg 228 204 48 113 0.82420
00021.jpg 229 208 47 108 0.81859
00021.jpg 382 227 90 173 0.81669
00021.jpg 379 216 90 173 0.81612
00021.jpg 438 223 108 191 0.81554
00021.jpg 432 212 116 206 0.81468
00021.jpg 22 247 75 131 0.81344
00021.jpg 432 221 116 196 0.80302
00021.jpg 266 197 27 48 0.80271
00021.jpg 304 214 23 89 0.80082
00021.jpg 443 216 109 202 0.79980
00021.jpg 618 201 27 40 0.79829
00021.jpg 440 221 110 184 0.78917
00021.jpg 380 222 84 177 0.78756
00021.jpg 381 223 84 176 0.78519
00021.jpg 381 218 82 182 0.77878
00021.jpg 314 205 45 111 0.77595
00021.jpg 308 206 49 116 0.77215
00021.jpg 381 204 94 204 0.77144
00021.jpg 234 201 41 116 0.76929
00021.jpg 382 222 80 168 0.76829
00021.jpg 229 205 41 106 0.76755
00021.jpg 305 202 52 113 0.76553
00021.jpg 383 226 88 171 0.76428
00021.jpg 20 241 76 138 0.76125
00021.jpg 23 239 71 140 0.75726
00021.jpg 380 224 87 174 0.75619
00021.jpg 229 203 40 115 0.75297
00021.jpg 307 215 27 93 0.75096
00021.jpg 374 220 99 180 0.74599
00021.jpg 385 220 83 177 0.74596
00021.jpg 226 200 52 114 0.74471
00021.jpg 231 206 46 108 0.74214
00021.jpg 269 200 22 42 0.74119
00021.jpg 314 207 42 112 0.74043
00021.jpg 384 221 97 180 0.73601
00021.jpg 21 236 71 148 0.73217
00021.jpg 227 202 43 116 0.73080
00021.jpg 383 229 81 167 0.72930
00021.jpg 25 242 66 136 0.72547
00021.jpg 227 206 48 115 0.72456
00021.jpg 310 203 48 118 0.72384
00021.jpg 19 235 78 147 0.70300
00021.jpg 26 233 71 144 0.70087
00021.jpg 266 200 29 42 0.69969
00021.jpg 231 206 45 108 0.69544
00021.jpg 409 213 134 204 0.69145
00021.jpg 314 206 43 105 0.69037
00021.jpg 28 225 75 151 0.68916
00021.jpg 232 207 46 116 0.68687
00021.jpg 375 225 94 169 0.68408
00021.jpg 229 208 39 105 0.68372
00021.jpg 231 204 42 112 0.68255
00021.jpg 265 196 29 45 0.67407
00021.jpg 309 207 39 115 0.67288
00021.jpg 232 202 46 111 0.67135
00021.jpg 434 217 109 203 0.67066
00021.jpg 380 220 85 177 0.67039
00021.jpg 21 239 80 144 0.65318
00021.jpg 26 234 71 146 0.65251
00021.jpg 19 236 82 147 0.64851
00021.jpg 619 206 27 40 0.64025
00021.jpg 404 210 163 192 0.63365
00021.jpg 313 204 38 111 0.63186
00021.jpg 306 210 42 107 0.62543
00021.jpg 314 208 46 109 0.62355
00021.jpg 432 217 110 191 0.62055
00021.jpg 311 210 49 114 0.61916
00021.jpg 310 206 38 107 0.61685
00021.jpg 318 204 39 120 0.61651
00021.jpg 307 204 54 116 0.61417
00021.jpg 23 243 74 137 0.61177
00021.jpg 265 201 31 37 0.61064
00021.jpg 372 215 90 179 0.60974
00021.jpg 623 203 18 33 0.60816
00021.jpg 380 221 79 174 0.60690
00021.jpg 617 202 26 43 0.60512
00021.jpg 313 204 42 107 0.60283
00021.jpg 307 210 38 100 0.60278
00021.jpg 303 209 45 107 0.60168
00021.jpg 304 210 31 97 0.60012
00021.jpg 424 223 129 190 0.59691
00021.jpg 311 212 51 107 0.59615
00021.jpg 267 200 30 40 0.59437
00021.jpg 267 197 30 44 0.59273
00021.jpg 267 198 22 40 0.58634
00021.jpg 266 200 28 41 0.58445
00021.jpg 593 199 31 46 0.57998
00021.jpg 382 215 102 179 0.57941
00021.jpg 439 226 104 180 0.57486
00021.jpg 408 214 130 197 0.57118
00021.jpg 320 206 43 110 0.57110
00021.jpg 304 208 59 108 0.56929
00021.jpg 266 198 26 43 0.56915
00021.jpg 432 220 123 188 0.56593
00021.jpg 23 239 73 143 0.56046
00021.jpg 301 207 57 116 0.55882
00021.jpg 228 200 39 120 0.55811
00021.jpg 267 199 29 45 0.55566
00021.jpg 591 199 29 44 0.55178
00021.jpg 266 201 27 42 0.54543
00021.jpg 237 202 43 115 0.54499
00021.jpg 595 199 31 44 0.53826
00021.jpg 593 197 30 45 0.53822
00021.jpg 319 211 45 110 0.53446
00021.jpg 410 219 140 191 0.53425
00021.jpg 267 200 27 50 0.53294
00021.jpg 267 199 27 45 0.52607
00021.jpg 320 211 40 106 0.51796
00021.jpg 398 222 158 193 0.51522
00021.jpg 618 201 27 39 0.51464
00021.jpg 381 224 80 171 0.51377
00021.jpg 263 197 33 42 0.51067
00021.jpg 22 237 66 147 0.50991
00021.jpg 308 205 34 105 0.50763
