00034.jpg 4 222 52 150 0.99962
00034.jpg 364 180 92 198 0.99916
00034.jpg 370 175 88 216 0.99908
00034.jpg 359 183 100 203 0.99849
00034.jpg 1 220 60 147 0.99840
00034.jpg 367 179 91 206 0.99828
00034.jpg 0 227 63 135 0.99824
00034.jpg 236 200 64 118 0.99773
00034.jpg 1 225 60 145 0.99735
00034.jpg 364 179 95 212 0.99706
00034.jpg 0 221 60 145 0.99706
00034.jpg 364 176 94 206 0.99653
00034.jpg 236 202 69 112 0.99609
00034.jpg 364 182 87 203 0.99590
00034.jpg 236 200 66 118 0.99578
00034.jpg 2 222 56 146 0.99535
00034.jpg 232 204 69 110 0.99523
00034.jpg 236 199 64 113 0.99514
00034.jpg 365 180 87 202 0.99503
00034.jpg 2 226 54 140 0.99491
00034.jpg 191 193 43 105 0.99482
00034.jpg 2 223 54 145 0.99475
00034.jpg 362 182 97 198 0.99472
00034.jpg 0 219 60 148 0.99431
00034.jpg 365 188 88 193 0.99364
00034.jpg 366 178 87 212 0.99318
00034.jpg 1 222 60 151 0.99287
00034.jpg 1 221 59 149 0.99278
00034.jpg 1 221 62 147 0.99236
00034.jpg 235 202 67 113 0.99182
00034.jpg 231 198 73 120 0.99071
00034.jpg 235 198 69 118 0.99070
00034.jpg 236 199 65 115 0.99057
00034.jpg 235 198 67 115 0.99052
00034.jpg 360 182 98 199 0.99029
00034.jpg 367 182 88 193 0.99028
00034.jpg 2 220 58 149 0.98980
00034.jpg 0 222 59 146 0.98925
00034.jpg 237 203 68 110 0.98859
00034.jpg 234 201 66 111 0.98854
00034.jpg 361 172 101 215 0.98840
00034.jpg 232 199 69 115 0.98768
00034.jpg 234 194 66 120 0.98756
00034.jpg 364 178 93 208 0.98730
00034.jpg 0 220 63 149 0.98713
00034.jpg 0 220 60 145 0.98650
00034.jpg 358 181 105 210 0.98593
00034.jpg 370 179 88 211 0.98574
00034.jpg 2 225 58 144 0.98444
00034.jpg 235 200 69 115 0.98404
00034.jpg 0 227 58 138 0.98313
00034.jpg 234 203 67 107 0.98224
00034.jpg 361 181 95 202 0.98070
00034.jpg 196 196 39 100 0.98068
00034.jpg 368 179 84 200 0.98044
00034.jpg 370 182 87 200 0.98036
00034.jpg 234 197 72 120 0.98029
00034.jpg 365 182 94 200 0.98018
00034.jpg 191 191 45 106 0.98009
00034.jpg 236 198 67 119 0.97995
00034.jpg 1 218 62 145 0.97993
00034.jpg 364 183 93 198 0.97960
00034.jpg 235 198 66 117 0.97949
00034.jpg 195 196 40 97 0.97924
00034.jpg 2 224 60 142 0.97922
00034.jpg 0 218 63 152 0.97914
00034.jpg 364 185 89 198 0.97796
00034.jpg 235 202 68 112 0.97779
00034.jpg 369 178 84 210 0.97779
00034.jpg 0 226 63 139 0.97729
00034.jpg 191 193 48 107 0.97691
00034.jpg 234 200 70 116 0.97609
00034.jpg 2 216 60 152 0.97608
00034.jpg 365 181 91 203 0.97376
00034.jpg 234 196 68 121 0.97290
00034.jpg 232 194 71 124 0.97202
00034.jpg 2 226 59 140 0.97158
00034.jpg 365 179 88 206 0.97052
00034.jpg 237 199 67 115 0.96789
00034.jpg 237 199 67 114 0.96684
00034.jpg 3 220 59 148 0.96634
00034.jpg 235 202 66 116 0.96551
00034.jpg 239 193 67 124 0.96536
00034.jpg 2 226 55 142 0.96523
00034.jpg 1 228 58 135 0.96515
00034.jpg 235 195 67 119 0.96513
00034.jpg 235 200 66 120 0.96354
00034.jpg 234 199 68 115 0.96340
00034.jpg 189 190 50 107 0.96334
00034.jpg 360 183 96 195 0.96294
00034.jpg 233 198 69 117 0.96254
00034.jpg 1 225 62 135 0.96181
00034.jpg 190 196 50 102 0.96138
00034.jpg 236 198 69 118 0.96135
00034.jpg 232 199 72 115 0.96102
00034.jpg 369 176 89 204 0.95817
00034.jpg 4 222 61 146 0.95693
00034.jpg 237 202 65 109 0.95595
00034.jpg 192 195 41 96 0.95376
00034.jpg 2 224 62 147 0.95268
00034.jpg 236 202 68 112 0.95250
00034.jpg 365 179 97 202 0.95231
00034.jpg 0 226 61 134 0.95107
00034.jpg 365 184 86 202 0.94908
00034.jpg 196 196 40 101 0.94687
00034.jpg 196 194 44 107 0.94586
00034.jpg 194 195 40 106 0.94505
00034.jpg 1 220 56 150 0.94469
00034.jpg 366 183 91 203 0.94447
00034.jpg 362 177 91 206 0.94182
00034.jpg 236 197 63 121 0.94090
00034.jpg 234 196 68 119 0.94058
00034.jpg 190 195 41 95 0.93813
00034.jpg 0 221 64 143 0.93728
00034.jpg 234 193 69 127 0.93541
00034.jpg 359 184 105 205 0.93523
00034.jpg 363 181 96 198 0.93508
00034.jpg 366 174 93 218 0.93487
00034.jpg 236 199 67 115 0.93241
00034.jpg 1 222 57 145 0.93207
00034.jpg 194 200 43 96 0.93058
00034.jpg 235 200 71 113 0.92522
00034.jpg 190 198 51 98 0.92516
00034.jpg 2 227 60 143 0.92392
00034.jpg 363 174 101 217 0.92388
00034.jpg 195 197 42 98 0.92217
00034.jpg 191 195 50 99 0.92183
00034.jpg 198 193 39 108 0.92167
00034.jpg 192 196 41 101 0.92108
00034.jpg 1 217 56 146 0.92092
00034.jpg 193 195 42 103 0.91986
00034.jpg 193 196 43 99 0.91793
00034.jpg 240 201 62 119 0.91738
00034.jpg 370 185 85 197 0.91631
00034.jpg 191 195 46 94 0.91584
00034.jpg 361 179 97 207 0.91329
00034.jpg 194 195 40 100 0.91201
00034.jpg 364 175 100 216 0.91190
00034.jpg 362 183 95 198 0.91102
00034.jpg 237 203 66 112 0.91086
00034.jpg 372 185 84 198 0.91050
00034.jpg 193 198 41 92 0.90753
00034.jpg 234 200 69 110 0.90642
00034.jpg 0 223 63 141 0.90631
00034.jpg 1 227 55 143 0.90411
00034.jpg 189 196 47 99 0.90341
00034.jpg 190 196 54 101 0.90232
00034.jpg 196 194 43 105 0.89933
00034.jpg 239 195 64 122 0.89806
00034.jpg 197 197 39 102 0.89792
00034.jpg 193 198 49 97 0.89684
00034.jpg 196 194 37 95 0.89607
00034.jpg 368 186 90 189 0.89301
00034.jpg 235 201 67 111 0.89243
00034.jpg 367 183 91 201 0.89080
00034.jpg 194 196 50 105 0.88763
00034.jpg 186 191 54 106 0.88386
00034.jpg 4 221 54 147 0.88346
00034.jpg 364 176 94 206 0.88105
00034.jpg 189 197 51 107 0.88017
00034.jpg 188 201 54 94 0.87457
00034.jpg 364 181 93 200 0.87453
00034.jpg 362 182 95 197 0.87403
00034.jpg 2 223 50 149 0.87333
00034.jpg 191 197 41 99 0.87181
00034.jpg 0 222 58 147 0.86383
00034.jpg 366 183 90 199 0.86309
00034.jpg 369 186 85 188 0.86272
00034.jpg 0 218 58 151 0.86191
00034.jpg 234 196 70 122 0.86104
00034.jpg 198 195 45 105 0.85935
00034.jpg 356 182 104 208 0.85863
00034.jpg 192 193 42 97 0.85539
00034.jpg 238 199 68 122 0.85515
00034.jpg 193 197 46 95 0.85322
00034.jpg 2 223 51 142 0.84948
00034.jpg 194 197 48 96 0.84425
00034.jpg 3 221 56 151 0.84166
00034.jpg 238 203 64 109 0.84091
00034.jpg 189 196 39 94 0.83935
00034.jpg 190 194 41 96 0.83634
00034.jpg 233 196 75 121 0.83630
00034.jpg 238 200 68 113 0.83612
00034.jpg 191 197 47 101 0.83503
00034.jpg 0 222 62 144 0.83351
00034.jpg 194 195 52 105 0.83305
00034.jpg 190 195 42 94 0.83156
00034.jpg 235 200 65 113 0.83156
00034.jpg 1 232 62 130 0.83067
00034.jpg 194 198 49 105 0.82890
00034.jpg 199 202 39 97 0.82783
00034.jpg 238 194 67 130 0.82747
00034.jpg 371 186 85 194 0.82733
00034.jpg 2 220 61 146 0.82558
00034.jpg 237 200 65 111 0.82185
00034.jpg 363 188 89 192 0.81776
00034.jpg 2 214 65 161 0.81655
00034.jpg 233 201 69 110 0.80958
00034.jpg 195 195 42 95 0.80651
00034.jpg 188 193 57 103 0.80509
00034.jpg 372 187 80 194 0.80364
00034.jpg 230 196 71 118 0.79856
00034.jpg 185 201 58 92 0.79431
00034.jpg 232 204 70 108 0.79379
00034.jpg 195 197 47 94 0.78652
00034.jpg 201 198 41 97 0.78361
00034.jpg 191 193 40 96 0.77407
00034.jpg 1 224 65 139 0.77195
00034.jpg 232 202 72 110 0.77087
00034.jpg 4 220 55 140 0.76382
00034.jpg 5 221 62 142 0.76114
00034.jpg 190 199 40 96 0.76001
00034.jpg 368 185 89 201 0.75731
00034.jpg 364 176 91 213 0.75390
00034.jpg 376 187 81 196 0.75316
00034.jpg 360 181 99 212 0.75165
00034.jpg 193 195 43 91 0.74993
00034.jpg 193 192 47 113 0.72830
00034.jpg 189 198 55 92 0.72600
00034.jpg 186 194 57 100 0.71200
00034.jpg 234 191 68 127 0.71195
00034.jpg 236 202 70 112 0.70601
00034.jpg 186 198 44 92 0.69875
00034.jpg 186 198 45 94 0.69875
00034.jpg 184 193 50 107 0.69795
00034.jpg 0 219 61 152 0.69714
00034.jpg 204 194 37 109 0.68781
00034.jpg 358 185 102 198 0.68429
00034.jpg 204 198 34 103 0.68185
00034.jpg 224 195 79 118 0.67775
00034.jpg 185 197 53 106 0.67730
00034.jpg 227 204 79 117 0.67691
00034.jpg 370 189 92 193 0.67560
00034.jpg 204 201 38 100 0.67399
00034.jpg 191 189 63 112 0.66477
00034.jpg 234 198 66 105 0.66400
00034.jpg 200 194 41 98 0.64926
00034.jpg 240 197 64 118 0.64696
00034.jpg 191 188 61 119 0.64346
00034.jpg 358 177 98 198 0.64240
00034.jpg 357 174 94 216 0.63821
00034.jpg 1 225 53 142 0.63710
00034.jpg 1 219 64 148 0.63703
00034.jpg 359 186 98 204 0.62721
00034.jpg 370 185 90 206 0.62197
00034.jpg 2 225 64 142 0.62030
00034.jpg 188 199 43 85 0.61737
00034.jpg 230 198 71 115 0.61362
00034.jpg 881 24 78 68 0.60833
00034.jpg 198 199 49 98 0.60796
00034.jpg 240 200 56 113 0.60539
00034.jpg 238 205 60 111 0.59792
00034.jpg 189 203 55 88 0.59318
00034.jpg 6 218 61 156 0.59220
00034.jpg 189 195 53 105 0.59182
00034.jpg 227 198 70 114 0.59037
00034.jpg 198 198 46 95 0.58946
00034.jpg 235 197 72 118 0.58046
00034.jpg 186 200 41 98 0.57923
00034.jpg 2 228 58 129 0.57863
00034.jpg 205 213 39 85 0.57228
00034.jpg 358 179 90 196 0.56583
00034.jpg 870 30 88 60 0.54127
00034.jpg 373 181 87 201 0.53691
00034.jpg 237 198 67 114 0.53367
00034.jpg 186 198 41 94 0.52896
00034.jpg 238 203 56 108 0.52785
00034.jpg 190 194 43 88 0.52754
00034.jpg 224 195 72 125 0.52381
00034.jpg 191 192 52 90 0.51981
00034.jpg 372 182 80 197 0.51624
00034.jpg 239 201 67 121 0.51410
00034.jpg 171 198 64 99 0.50965
00034.jpg 0 214 64 158 0.50931
00034.jpg 205 201 39 102 0.50631
00034.jpg 365 187 86 188 0.49947
