00039.jpg 284 186 93 191 0.99843
00039.jpg 111 185 59 128 0.99841
00039.jpg 282 181 98 194 0.99731
00039.jpg 111 186 54 126 0.99723
00039.jpg 109 187 65 121 0.99667
00039.jpg 106 189 62 121 0.99588
00039.jpg 154 177 45 126 0.99566
00039.jpg 282 179 101 205 0.99541
00039.jpg 158 179 42 128 0.99536
00039.jpg 284 183 92 197 0.99497
00039.jpg 286 187 89 188 0.99492
00039.jpg 288 178 93 201 0.99444
00039.jpg 920 208 39 134 0.99420
00039.jpg 113 187 54 120 0.99386
00039.jpg 108 187 64 122 0.99375
00039.jpg 283 180 93 196 0.99336
00039.jpg 287 186 85 188 0.99298
00039.jpg 111 190 61 115 0.99264
00039.jpg 284 180 96 195 0.99208
00039.jpg 109 189 60 117 0.99204
00039.jpg 290 183 87 189 0.99186
00039.jpg 107 188 64 121 0.99173
00039.jpg 279 178 104 193 0.99165
00039.jpg 110 187 63 121 0.99158
00039.jpg 283 180 97 198 0.99127
00039.jpg 110 188 59 121 0.99115
00039.jpg 110 190 62 117 0.99115
00039.jpg 160 183 36 123 0.99054
00039.jpg 109 190 59 120 0.99037
00039.jpg 284 180 97 191 0.98978
00039.jpg 282 181 98 196 0.98977
00039.jpg 158 183 40 120 0.98941
00039.jpg 108 190 64 119 0.98905
00039.jpg 285 178 95 201 0.98897
00039.jpg 110 190 58 118 0.98897
00039.jpg 278 183 105 189 0.98892
00039.jpg 108 187 63 124 0.98855
00039.jpg 111 187 59 121 0.98725
00039.jpg 281 181 96 204 0.98696
00039.jpg 286 171 92 209 0.98647
00039.jpg 921 204 38 135 0.98630
00039.jpg 113 186 55 122 0.98587
00039.jpg 924 213 35 119 0.98544
00039.jpg 107 188 79 119 0.98520
00039.jpg 289 178 91 200 0.98227
00039.jpg 110 186 62 123 0.98217
00039.jpg 112 187 54 120 0.98192
00039.jpg 157 185 42 118 0.98151
00039.jpg 282 182 94 200 0.98131
00039.jpg 283 180 98 195 0.97989
00039.jpg 110 190 63 117 0.97944
00039.jpg 111 189 59 114 0.97909
00039.jpg 109 192 64 116 0.97638
00039.jpg 284 183 96 194 0.97516
00039.jpg 111 186 57 123 0.97157
00039.jpg 103 184 72 127 0.97093
00039.jpg 282 180 96 191 0.97068
00039.jpg 106 188 63 124 0.97028
00039.jpg 108 188 65 116 0.96910
00039.jpg 923 213 36 123 0.96888
00039.jpg 282 183 93 189 0.96845
00039.jpg 111 188 56 122 0.96763
00039.jpg 110 187 64 121 0.96762
00039.jpg 284 182 90 199 0.96749
00039.jpg 920 207 39 134 0.96702
00039.jpg 287 178 93 198 0.96687
00039.jpg 281 186 97 186 0.96526
00039.jpg 288 189 89 184 0.96446
00039.jpg 288 181 89 199 0.96404
00039.jpg 157 183 42 122 0.96382
00039.jpg 102 188 70 123 0.96133
00039.jpg 923 207 36 134 0.96043
00039.jpg 281 182 90 197 0.96037
00039.jpg 106 190 73 117 0.96011
00039.jpg 158 181 40 120 0.95965
00039.jpg 280 189 101 184 0.95947
00039.jpg 284 178 89 201 0.95918
00039.jpg 919 211 40 128 0.95861
00039.jpg 923 204 36 136 0.95842
00039.jpg 108 189 59 121 0.95499
00039.jpg 922 210 37 131 0.95478
00039.jpg 156 178 39 126 0.95413
00039.jpg 281 181 95 196 0.95411
00039.jpg 160 181 37 123 0.95400
00039.jpg 921 210 38 127 0.95395
00039.jpg 923 204 36 137 0.95313
00039.jpg 108 190 60 120 0.95283
00039.jpg 156 182 42 120 0.95152
00039.jpg 157 186 42 116 0.95083
00039.jpg 105 190 65 112 0.95067
00039.jpg 156 186 44 121 0.94889
00039.jpg 161 185 40 119 0.94870
00039.jpg 920 211 39 126 0.94762
00039.jpg 284 186 95 190 0.94548
00039.jpg 921 209 38 130 0.94513
00039.jpg 105 193 66 114 0.94133
00039.jpg 280 187 102 187 0.94018
00039.jpg 276 179 101 194 0.93852
00039.jpg 156 189 45 116 0.93829
00039.jpg 280 187 101 189 0.93824
00039.jpg 112 190 53 117 0.93787
00039.jpg 281 184 97 190 0.93706
00039.jpg 283 187 90 190 0.93658
00039.jpg 110 191 59 119 0.93605
00039.jpg 278 184 105 185 0.93585
00039.jpg 919 206 40 130 0.93254
00039.jpg 113 186 59 125 0.92922
00039.jpg 105 191 66 115 0.92808
00039.jpg 157 190 42 111 0.92644
00039.jpg 105 191 64 116 0.92584
00039.jpg 283 182 97 195 0.92519
00039.jpg 108 186 66 120 0.92476
00039.jpg 288 185 92 193 0.92445
00039.jpg 106 190 63 117 0.92215
00039.jpg 155 176 42 128 0.92209
00039.jpg 152 180 46 132 0.92050
00039.jpg 923 210 36 125 0.92034
00039.jpg 278 182 96 199 0.91960
00039.jpg 283 186 97 190 0.91307
00039.jpg 110 189 63 120 0.91273
00039.jpg 919 211 40 125 0.91209
00039.jpg 114 187 55 116 0.90963
00039.jpg 161 185 39 121 0.90885
00039.jpg 282 174 100 211 0.90578
00039.jpg 161 188 38 115 0.90500
00039.jpg 917 209 42 131 0.90257
00039.jpg 148 183 52 120 0.90122
00039.jpg 110 184 64 117 0.90029
00039.jpg 105 194 68 115 0.89568
00039.jpg 109 189 65 118 0.89559
00039.jpg 921 204 37 137 0.89503
00039.jpg 160 182 44 121 0.89139
00039.jpg 109 190 57 116 0.89056
00039.jpg 156 182 44 122 0.88903
00039.jpg 160 192 42 112 0.88589
00039.jpg 161 183 40 120 0.88482
00039.jpg 921 210 38 126 0.88379
00039.jpg 156 185 43 120 0.88378
00039.jpg 108 193 68 115 0.88374
00039.jpg 283 185 96 192 0.87949
00039.jpg 110 189 63 115 0.87881
00039.jpg 284 183 92 193 0.87865
00039.jpg 156 184 43 122 0.87799
00039.jpg 922 200 36 142 0.87756
00039.jpg 109 190 62 111 0.87126
00039.jpg 115 187 55 118 0.87121
00039.jpg 286 185 91 183 0.86912
00039.jpg 273 181 105 196 0.86875
00039.jpg 106 189 66 118 0.86828
00039.jpg 279 186 101 193 0.86358
00039.jpg 289 186 90 185 0.85988
00039.jpg 162 182 38 125 0.85966
00039.jpg 285 183 92 195 0.85568
00039.jpg 289 181 85 199 0.85420
00039.jpg 156 192 44 108 0.85390
00039.jpg 160 187 39 118 0.85223
00039.jpg 158 180 45 121 0.84679
00039.jpg 161 183 37 118 0.84615
00039.jpg 110 189 67 124 0.84334
00039.jpg 279 178 101 198 0.84289
00039.jpg 919 211 40 126 0.83950
00039.jpg 103 185 68 131 0.83640
00039.jpg 154 180 39 120 0.83409
00039.jpg 158 187 38 116 0.83014
00039.jpg 918 212 39 119 0.82898
00039.jpg 115 190 55 117 0.82874
00039.jpg 115 186 58 121 0.82846
00039.jpg 285 183 97 195 0.82733
00039.jpg 109 183 64 128 0.82614
00039.jpg 111 191 66 113 0.82201
00039.jpg 159 195 43 109 0.81576
00039.jpg 115 184 58 126 0.81374
00039.jpg 110 186 64 117 0.80708
00039.jpg 287 186 86 188 0.80705
00039.jpg 101 196 72 106 0.80532
00039.jpg 924 207 35 130 0.80237
00039.jpg 918 207 41 131 0.79975
00039.jpg 114 183 61 125 0.79930
00039.jpg 280 172 97 206 0.79891
00039.jpg 106 188 63 116 0.79726
00039.jpg 160 188 43 115 0.79616
00039.jpg 924 212 35 123 0.79463
00039.jpg 154 188 43 108 0.78979
00039.jpg 161 189 40 114 0.78345
00039.jpg 157 181 38 119 0.77885
00039.jpg 105 191 67 111 0.76858
00039.jpg 156 186 46 115 0.76549
00039.jpg 282 180 100 205 0.76536
00039.jpg 918 206 41 133 0.76183
00039.jpg 923 211 36 125 0.75402
00039.jpg 154 187 40 108 0.75312
00039.jpg 160 183 41 113 0.74643
00039.jpg 103 187 69 117 0.74437
00039.jpg 114 187 51 121 0.74361
00039.jpg 101 185 73 119 0.73761
00039.jpg 277 181 100 186 0.73748
00039.jpg 921 213 37 123 0.73660
00039.jpg 282 186 99 188 0.71866
00039.jpg 104 191 62 113 0.71753
00039.jpg 161 187 42 119 0.71002
00039.jpg 157 179 44 102 0.70463
00039.jpg 105 187 74 114 0.70354
00039.jpg 159 202 41 100 0.70003
00039.jpg 112 189 64 115 0.69302
00039.jpg 108 189 60 118 0.68940
00039.jpg 281 183 96 194 0.67819
00039.jpg 155 187 42 112 0.67449
00039.jpg 152 187 42 115 0.67440
00039.jpg 140 181 51 126 0.66801
00039.jpg 151 185 52 123 0.66743
00039.jpg 285 181 88 187 0.66585
00039.jpg 162 187 41 115 0.66564
00039.jpg 293 178 89 198 0.66037
00039.jpg 919 213 38 123 0.66032
00039.jpg 159 177 39 123 0.65302
00039.jpg 162 179 37 114 0.64477
00039.jpg 132 189 66 111 0.63827
00039.jpg 102 186 80 116 0.63559
00039.jpg 110 192 56 123 0.63520
00039.jpg 159 181 44 125 0.63152
00039.jpg 288 184 96 189 0.63031
00039.jpg 281 176 93 207 0.62905
00039.jpg 920 211 36 116 0.62905
00039.jpg 124 189 45 112 0.62109
00039.jpg 921 213 35 118 0.61893
00039.jpg 104 190 68 113 0.61756
00039.jpg 106 194 59 113 0.61580
00039.jpg 921 210 38 129 0.61499
00039.jpg 149 179 52 131 0.61471
00039.jpg 295 186 79 190 0.61454
00039.jpg 913 202 46 137 0.61392
00039.jpg 489 182 33 47 0.61240
00039.jpg 920 209 39 130 0.60994
00039.jpg 115 178 71 128 0.60738
00039.jpg 151 178 50 124 0.60412
00039.jpg 916 210 41 121 0.59921
00039.jpg 287 175 97 192 0.59561
00039.jpg 107 182 74 126 0.59266
00039.jpg 276 183 91 188 0.58285
00039.jpg 104 184 67 120 0.58274
00039.jpg 282 177 98 202 0.58091
00039.jpg 162 195 40 107 0.58006
00039.jpg 116 194 75 104 0.57799
00039.jpg 153 181 38 110 0.56357
00039.jpg 156 183 41 110 0.55962
00039.jpg 159 181 38 115 0.55487
00039.jpg 98 193 70 119 0.55238
00039.jpg 125 187 65 120 0.54997
00039.jpg 279 179 100 201 0.54554
00039.jpg 921 198 38 151 0.54302
00039.jpg 924 214 35 123 0.54116
00039.jpg 108 189 82 121 0.53878
00039.jpg 484 184 41 44 0.53852
00039.jpg 288 181 97 203 0.53225
00039.jpg 156 179 42 94 0.53018
00039.jpg 115 186 50 118 0.52920
00039.jpg 278 178 98 190 0.52749
00039.jpg 157 177 36 108 0.51744
00039.jpg 280 189 86 180 0.51660
00039.jpg 921 212 37 116 0.51539
00039.jpg 275 185 102 203 0.51091
00039.jpg 105 190 61 111 0.50737
00039.jpg 289 184 90 189 0.50624
00039.jpg 486 181 34 46 0.50356
00039.jpg 479 184 31 44 0.50213
