00002.jpg 244 159 105 247 0.99973
00002.jpg 247 159 105 248 0.99946
00002.jpg 247 150 110 255 0.99921
00002.jpg 247 152 106 261 0.99874
00002.jpg 247 157 103 244 0.99872
00002.jpg 244 156 112 250 0.99867
00002.jpg 129 145 126 232 0.99844
00002.jpg 250 151 102 256 0.99826
00002.jpg 249 148 101 261 0.99811
00002.jpg 129 149 131 234 0.99806
00002.jpg 250 161 103 242 0.99789
00002.jpg 249 156 103 252 0.99787
00002.jpg 130 150 123 229 0.99773
00002.jpg 129 151 125 236 0.99767
00002.jpg 244 147 112 263 0.99731
00002.jpg 126 157 134 222 0.99721
00002.jpg 249 158 102 251 0.99623
00002.jpg 128 157 132 233 0.99573
00002.jpg 248 159 103 246 0.99566
00002.jpg 250 153 97 248 0.99473
00002.jpg 245 159 108 245 0.99464
00002.jpg 246 158 105 251 0.99446
00002.jpg 254 158 93 249 0.99432
00002.jpg 246 160 108 247 0.99431
00002.jpg 130 156 121 221 0.99321
00002.jpg 133 155 124 222 0.99292
00002.jpg 249 159 96 241 0.99261
00002.jpg 127 150 133 236 0.99244
00002.jpg 127 155 128 228 0.99242
00002.jpg 250 157 102 257 0.99241
00002.jpg 127 147 127 234 0.99240
00002.jpg 256 157 95 246 0.99227
00002.jpg 250 159 104 249 0.99227
00002.jpg 124 151 133 226 0.99185
00002.jpg 247 158 105 245 0.99108
00002.jpg 129 153 129 223 0.99095
00002.jpg 133 147 123 239 0.99083
00002.jpg 128 158 126 225 0.99070
00002.jpg 124 156 140 226 0.99066
00002.jpg 244 157 104 245 0.99042
00002.jpg 247 154 100 257 0.98965
00002.jpg 250 153 96 257 0.98959
00002.jpg 251 163 100 247 0.98928
00002.jpg 250 154 103 248 0.98870
00002.jpg 252 156 98 252 0.98769
00002.jpg 125 150 132 229 0.98688
00002.jpg 248 159 100 243 0.98416
00002.jpg 128 158 129 220 0.98413
00002.jpg 130 145 132 240 0.98285
00002.jpg 252 158 99 249 0.98263
00002.jpg 246 153 103 255 0.98084
00002.jpg 121 151 137 232 0.98077
00002.jpg 126 156 128 219 0.98053
00002.jpg 124 150 134 231 0.98042
00002.jpg 244 161 108 243 0.97933
00002.jpg 126 155 132 221 0.97916
00002.jpg 130 156 126 228 0.97854
00002.jpg 126 157 135 228 0.97811
00002.jpg 245 160 102 246 0.97797
00002.jpg 132 150 120 226 0.97760
00002.jpg 126 144 132 247 0.97742
00002.jpg 127 143 124 248 0.97583
00002.jpg 247 158 107 248 0.97577
00002.jpg 128 151 120 231 0.97492
00002.jpg 128 157 136 231 0.97487
00002.jpg 248 152 103 265 0.97368
00002.jpg 128 152 129 232 0.97196
00002.jpg 131 154 128 223 0.97177
00002.jpg 246 155 106 255 0.97088
00002.jpg 130 150 129 229 0.97062
00002.jpg 251 145 102 265 0.96785
00002.jpg 134 155 120 222 0.96516
00002.jpg 121 154 132 223 0.96365
00002.jpg 132 152 125 237 0.96356
00002.jpg 132 137 130 248 0.96331
00002.jpg 128 153 126 231 0.96297
00002.jpg 124 160 135 224 0.96020
00002.jpg 246 155 110 258 0.95927
00002.jpg 122 154 137 217 0.95690
00002.jpg 127 149 130 233 0.95206
00002.jpg 130 151 128 234 0.94163
00002.jpg 130 155 119 233 0.94140
00002.jpg 126 148 125 236 0.93974
00002.jpg 123 150 131 225 0.93673
00002.jpg 255 155 94 256 0.92946
00002.jpg 125 156 133 222 0.92614
00002.jpg 250 159 102 246 0.89669
00002.jpg 124 156 135 227 0.89489
00002.jpg 123 152 135 223 0.88923
00002.jpg 135 151 123 236 0.88922
00002.jpg 242 153 106 256 0.88857
00002.jpg 130 150 127 219 0.88624
00002.jpg 133 153 131 215 0.88402
00002.jpg 247 164 108 241 0.88334
00002.jpg 132 152 121 233 0.88073
00002.jpg 250 144 105 262 0.87751
00002.jpg 125 156 128 232 0.87088
00002.jpg 249 154 103 252 0.86861
00002.jpg 131 161 118 216 0.86730
00002.jpg 131 152 124 236 0.86686
00002.jpg 132 159 127 213 0.86158
00002.jpg 137 163 115 212 0.85031
00002.jpg 244 152 107 256 0.84786
00002.jpg 248 161 105 250 0.83347
00002.jpg 251 166 94 225 0.81536
00002.jpg 124 159 133 225 0.81243
00002.jpg 253 153 100 250 0.79055
00002.jpg 247 149 107 252 0.78648
00002.jpg 97 151 38 34 0.78458
00002.jpg 119 154 140 235 0.76360
00002.jpg 249 151 100 250 0.76223
00002.jpg 132 157 125 230 0.75879
00002.jpg 127 152 135 230 0.75325
00002.jpg 248 159 96 239 0.75128
00002.jpg 127 152 130 218 0.75009
00002.jpg 256 161 97 247 0.75001
00002.jpg 127 149 130 238 0.74270
00002.jpg 97 147 38 41 0.73561
00002.jpg 130 154 127 224 0.72345
00002.jpg 135 159 125 216 0.72225
00002.jpg 97 151 46 36 0.72069
00002.jpg 125 152 127 231 0.71927
00002.jpg 101 150 39 35 0.70727
00002.jpg 252 153 105 250 0.70534
00002.jpg 97 147 40 37 0.69553
00002.jpg 131 154 128 215 0.69261
00002.jpg 128 155 128 221 0.68763
00002.jpg 99 148 41 38 0.66867
00002.jpg 98 149 42 41 0.66386
00002.jpg 97 149 43 38 0.66102
00002.jpg 134 155 118 216 0.65936
00002.jpg 116 146 154 251 0.65901
00002.jpg 125 154 129 210 0.64782
00002.jpg 788 126 86 58 0.64082
00002.jpg 129 153 123 227 0.63859
00002.jpg 100 152 39 36 0.63543
00002.jpg 790 130 100 57 0.62674
00002.jpg 96 151 50 35 0.61853
00002.jpg 787 126 88 58 0.61748
00002.jpg 95 146 38 38 0.61491
00002.jpg 96 145 43 39 0.60180
00002.jpg 124 155 127 223 0.59915
00002.jpg 99 149 46 40 0.59831
00002.jpg 568 62 45 49 0.59012
00002.jpg 97 150 43 39 0.58803
00002.jpg 251 160 94 240 0.58757
00002.jpg 252 159 108 236 0.57930
00002.jpg 240 157 109 243 0.57485
00002.jpg 97 153 38 34 0.56922
00002.jpg 97 154 45 33 0.56678
00002.jpg 789 126 67 59 0.56349
00002.jpg 846 134 43 40 0.56205
00002.jpg 840 134 41 40 0.55439
00002.jpg 781 126 73 61 0.55369
00002.jpg 559 63 63 51 0.55323
00002.jpg 99 146 46 39 0.54643
00002.jpg 99 151 44 37 0.54540
00002.jpg 95 153 43 35 0.54532
00002.jpg 127 154 120 215 0.53476
00002.jpg 242 153 108 254 0.53119
00002.jpg 845 137 39 39 0.52672
00002.jpg 833 132 63 53 0.51827
00002.jpg 93 147 48 43 0.51398
00002.jpg 120 153 145 233 0.51080
00002.jpg 125 147 132 229 0.50824
00002.jpg 561 59 59 55 0.49971
00002.jpg 561 61 59 49 0.49970
00002.jpg 846 138 48 39 0.49956
