00022.jpg 194 153 121 220 0.99286
00022.jpg 194 157 119 230 0.99160
00022.jpg 191 157 127 228 0.99108
00022.jpg 203 146 114 249 0.99003
00022.jpg 193 151 116 241 0.98623
00022.jpg 199 160 110 216 0.98497
00022.jpg 196 160 119 235 0.98378
00022.jpg 188 147 119 239 0.98200
00022.jpg 195 155 115 223 0.97878
00022.jpg 202 149 112 230 0.97874
00022.jpg 198 146 116 233 0.97712
00022.jpg 192 147 130 259 0.97178
00022.jpg 116 142 128 197 0.97137
00022.jpg 198 161 113 206 0.96862
00022.jpg 193 154 121 232 0.96460
00022.jpg 198 148 112 248 0.96195
00022.jpg 195 152 120 233 0.95323
00022.jpg 196 148 115 240 0.95125
00022.jpg 106 160 136 113 0.94851
00022.jpg 105 144 133 180 0.94697
00022.jpg 200 155 109 238 0.94302
00022.jpg 198 156 117 221 0.94273
00022.jpg 109 149 132 184 0.94117
00022.jpg 104 157 140 111 0.94111
00022.jpg 196 149 121 237 0.93942
00022.jpg 108 152 131 157 0.93846
00022.jpg 203 152 110 242 0.93735
00022.jpg 197 149 119 221 0.93612
00022.jpg 202 155 107 231 0.93468
00022.jpg 195 152 111 240 0.92992
00022.jpg 108 154 126 91 0.92990
00022.jpg 204 159 105 206 0.92667
00022.jpg 197 151 113 230 0.92588
00022.jpg 193 156 120 210 0.92344
00022.jpg 195 142 112 269 0.92095
00022.jpg 197 145 117 246 0.92056
00022.jpg 112 161 128 79 0.91669
00022.jpg 199 145 111 247 0.91292
00022.jpg 104 146 138 186 0.91274
00022.jpg 208 152 103 237 0.91194
00022.jpg 199 149 116 226 0.91087
00022.jpg 191 154 122 222 0.91030
00022.jpg 199 149 109 242 0.90586
00022.jpg 200 144 114 245 0.88941
00022.jpg 199 147 114 247 0.88788
00022.jpg 107 149 138 163 0.88671
00022.jpg 107 157 133 89 0.88401
00022.jpg 200 155 109 224 0.88310
00022.jpg 191 156 112 209 0.87989
00022.jpg 101 158 143 96 0.87879
00022.jpg 196 153 115 236 0.87313
00022.jpg 191 146 127 231 0.86808
00022.jpg 114 156 121 92 0.86649
00022.jpg 195 156 125 239 0.86184
00022.jpg 112 134 127 216 0.86126
00022.jpg 97 154 146 137 0.86087
00022.jpg 111 149 133 160 0.85393
00022.jpg 118 151 131 196 0.85358
00022.jpg 111 149 126 189 0.85265
00022.jpg 113 152 124 96 0.85106
00022.jpg 101 158 131 103 0.85017
00022.jpg 789 127 60 60 0.84710
00022.jpg 204 154 104 229 0.84698
00022.jpg 204 153 106 237 0.84034
00022.jpg 109 148 134 194 0.83926
00022.jpg 188 150 131 219 0.83294
00022.jpg 105 160 136 89 0.82927
00022.jpg 691 124 60 62 0.82808
00022.jpg 189 149 121 269 0.82758
00022.jpg 117 157 116 79 0.82120
00022.jpg 102 152 138 163 0.82098
00022.jpg 197 149 118 245 0.81998
00022.jpg 691 127 58 59 0.81439
00022.jpg 111 156 125 88 0.81325
00022.jpg 689 125 54 65 0.81264
00022.jpg 695 126 49 62 0.81232
00022.jpg 138 136 148 232 0.80951
00022.jpg 692 126 50 67 0.80904
00022.jpg 114 141 128 206 0.80823
00022.jpg 199 145 110 225 0.80727
00022.jpg 110 157 127 189 0.80574
00022.jpg 788 126 78 61 0.80315
00022.jpg 120 156 111 95 0.80032
00022.jpg 193 150 111 224 0.79562
00022.jpg 198 153 116 244 0.79556
00022.jpg 111 148 124 95 0.79409
00022.jpg 688 126 56 62 0.79396
00022.jpg 195 166 123 238 0.78455
00022.jpg 201 158 107 223 0.77828
00022.jpg 115 147 121 187 0.77774
00022.jpg 113 158 117 89 0.77622
00022.jpg 567 336 67 68 0.76976
00022.jpg 689 130 60 60 0.76059
00022.jpg 786 131 73 54 0.76043
00022.jpg 108 140 144 189 0.75669
00022.jpg 567 336 71 71 0.75529
00022.jpg 103 147 139 190 0.74802
00022.jpg 689 123 58 61 0.74588
00022.jpg 791 127 73 57 0.74169
00022.jpg 105 148 135 201 0.73983
00022.jpg 106 152 136 190 0.73537
00022.jpg 176 144 142 239 0.73343
00022.jpg 775 124 81 58 0.73282
00022.jpg 201 151 106 225 0.73162
00022.jpg 123 136 128 226 0.73137
00022.jpg 788 123 68 59 0.73018
00022.jpg 782 126 82 62 0.72769
00022.jpg 837 131 108 55 0.72283
00022.jpg 829 133 110 55 0.72106
00022.jpg 783 121 81 60 0.72012
00022.jpg 105 142 144 202 0.71744
00022.jpg 108 148 132 193 0.71688
00022.jpg 110 144 128 127 0.71401
00022.jpg 117 158 117 91 0.71342
00022.jpg 689 123 59 67 0.71241
00022.jpg 849 129 93 56 0.71201
00022.jpg 98 147 143 102 0.71075
00022.jpg 105 152 138 186 0.70707
00022.jpg 117 155 119 87 0.70605
00022.jpg 791 128 70 57 0.70594
00022.jpg 199 157 116 221 0.70413
00022.jpg 104 149 139 197 0.70387
00022.jpg 162 145 125 225 0.70177
00022.jpg 198 143 113 278 0.70055
00022.jpg 106 151 130 178 0.69798
00022.jpg 791 126 68 57 0.69681
00022.jpg 115 161 121 84 0.69531
00022.jpg 120 160 113 88 0.69212
00022.jpg 112 145 126 199 0.69110
00022.jpg 786 129 63 56 0.69038
00022.jpg 793 128 61 61 0.68863
00022.jpg 108 152 128 175 0.68840
00022.jpg 108 159 128 183 0.68395
00022.jpg 572 327 65 83 0.67981
00022.jpg 685 130 58 59 0.67742
00022.jpg 691 133 54 50 0.67380
00022.jpg 108 142 140 186 0.67354
00022.jpg 855 132 81 54 0.67286
00022.jpg 180 156 134 229 0.67080
00022.jpg 786 126 67 61 0.66754
00022.jpg 858 132 81 56 0.66690
00022.jpg 690 130 52 50 0.66562
00022.jpg 104 154 142 151 0.66321
00022.jpg 685 133 65 57 0.66222
00022.jpg 793 125 56 59 0.66120
00022.jpg 686 129 57 61 0.66052
00022.jpg 567 339 70 75 0.65834
00022.jpg 573 330 66 74 0.65788
00022.jpg 785 128 64 52 0.65681
00022.jpg 190 148 113 239 0.65644
00022.jpg 106 154 131 109 0.65639
00022.jpg 110 164 115 71 0.65598
00022.jpg 114 142 124 202 0.65523
00022.jpg 576 332 64 79 0.65434
00022.jpg 104 156 134 187 0.65357
00022.jpg 692 117 52 71 0.65301
00022.jpg 200 158 107 204 0.65209
00022.jpg 125 159 105 88 0.65189
00022.jpg 789 131 67 49 0.65083
00022.jpg 795 128 49 55 0.64731
00022.jpg 105 159 136 185 0.64602
00022.jpg 691 125 49 61 0.64561
00022.jpg 105 153 138 109 0.64518
00022.jpg 190 148 121 266 0.64306
00022.jpg 876 125 59 61 0.64295
00022.jpg 104 156 138 96 0.64222
00022.jpg 693 125 59 61 0.63903
00022.jpg 103 148 131 194 0.63662
00022.jpg 198 154 111 212 0.63359
00022.jpg 782 128 77 58 0.63256
00022.jpg 108 145 134 206 0.63034
00022.jpg 693 130 44 60 0.61996
00022.jpg 118 151 122 196 0.61633
00022.jpg 120 158 114 87 0.61595
00022.jpg 114 149 127 205 0.61581
00022.jpg 688 125 61 61 0.61437
00022.jpg 690 126 68 61 0.61346
00022.jpg 564 334 72 80 0.61258
00022.jpg 581 334 51 72 0.61201
00022.jpg 794 127 64 57 0.60837
00022.jpg 782 126 66 60 0.60753
00022.jpg 687 127 58 64 0.60618
00022.jpg 197 159 107 233 0.60577
00022.jpg 573 336 65 69 0.60501
00022.jpg 788 124 77 57 0.60161
00022.jpg 690 123 63 65 0.60093
00022.jpg 834 136 110 54 0.59993
00022.jpg 99 160 147 132 0.59658
00022.jpg 111 139 169 204 0.59610
00022.jpg 118 156 105 88 0.59398
00022.jpg 787 128 68 61 0.59231
00022.jpg 103 155 137 81 0.59056
00022.jpg 105 155 132 146 0.59006
00022.jpg 186 145 139 278 0.58967
00022.jpg 100 156 140 177 0.58934
00022.jpg 687 128 63 63 0.58832
00022.jpg 788 122 66 61 0.58695
00022.jpg 562 337 79 70 0.58556
00022.jpg 788 126 86 55 0.58196
00022.jpg 691 135 51 52 0.57874
00022.jpg 189 151 131 260 0.57844
00022.jpg 840 126 106 54 0.57785
00022.jpg 109 139 128 203 0.57500
00022.jpg 783 126 68 58 0.57105
00022.jpg 866 126 78 57 0.57066
00022.jpg 112 153 126 186 0.56800
00022.jpg 693 123 55 59 0.56422
00022.jpg 845 127 98 59 0.56200
00022.jpg 685 120 62 67 0.56113
00022.jpg 575 345 64 70 0.55942
00022.jpg 841 134 38 48 0.55875
00022.jpg 105 149 133 105 0.55811
00022.jpg 99 157 136 87 0.55808
00022.jpg 571 337 67 74 0.55257
00022.jpg 584 339 57 65 0.54717
00022.jpg 578 338 62 64 0.54479
00022.jpg 870 129 72 58 0.54311
00022.jpg 695 129 57 61 0.54176
00022.jpg 862 129 74 58 0.54014
00022.jpg 792 123 55 59 0.53881
00022.jpg 865 129 67 55 0.53829
00022.jpg 568 340 69 74 0.53498
00022.jpg 784 124 68 61 0.53407
00022.jpg 869 129 76 60 0.53247
00022.jpg 846 137 38 41 0.53171
00022.jpg 560 332 80 79 0.53165
00022.jpg 693 124 56 63 0.52936
00022.jpg 209 154 106 211 0.52876
00022.jpg 796 123 59 60 0.52861
00022.jpg 845 134 35 41 0.52850
00022.jpg 113 163 117 74 0.52598
00022.jpg 839 133 97 54 0.52547
00022.jpg 791 121 65 59 0.52525
00022.jpg 791 128 75 58 0.52393
00022.jpg 690 120 52 68 0.52390
00022.jpg 108 149 133 198 0.52342
00022.jpg 695 127 41 60 0.52255
00022.jpg 853 132 84 58 0.52244
00022.jpg 688 125 55 62 0.52101
00022.jpg 793 122 65 60 0.51904
00022.jpg 105 160 124 81 0.51789
00022.jpg 686 126 54 63 0.51475
00022.jpg 567 337 67 73 0.51252
00022.jpg 114 145 134 183 0.51227
00022.jpg 778 132 79 55 0.50946
00022.jpg 789 123 67 62 0.50793
00022.jpg 203 154 110 212 0.50312
00022.jpg 120 143 111 104 0.50297
00022.jpg 869 124 68 58 0.50187
00022.jpg 684 125 66 65 0.50092
00022.jpg 866 125 79 62 0.49995
00022.jpg 194 160 108 196 0.49928
