00038.jpg 171 132 118 226 0.99948
00038.jpg 168 133 125 227 0.99837
00038.jpg 171 131 118 219 0.99795
00038.jpg 173 128 113 232 0.99774
00038.jpg 172 130 121 225 0.99761
00038.jpg 302 240 164 239 0.99721
00038.jpg 163 133 129 228 0.99720
00038.jpg 171 131 121 228 0.99694
00038.jpg 174 135 116 222 0.99687
00038.jpg 297 237 169 248 0.99591
00038.jpg 306 236 155 251 0.99573
00038.jpg 167 132 124 225 0.99554
00038.jpg 171 127 120 231 0.99532
00038.jpg 168 133 125 223 0.99530
00038.jpg 171 131 115 229 0.99507
00038.jpg 169 128 124 228 0.99504
00038.jpg 303 236 159 243 0.99500
00038.jpg 304 236 153 245 0.99499
00038.jpg 172 134 117 222 0.99459
00038.jpg 173 137 115 218 0.99358
00038.jpg 178 128 112 235 0.99305
00038.jpg 168 132 117 218 0.99301
00038.jpg 167 134 121 225 0.99262
00038.jpg 171 135 121 214 0.99260
00038.jpg 302 235 152 246 0.99242
00038.jpg 177 132 110 231 0.99232
00038.jpg 170 128 120 228 0.99232
00038.jpg 295 240 157 244 0.99210
00038.jpg 171 140 112 213 0.99193
00038.jpg 308 239 144 246 0.99046
00038.jpg 171 128 115 228 0.99044
00038.jpg 301 230 160 259 0.99024
00038.jpg 166 131 132 228 0.99016
00038.jpg 168 136 125 217 0.98957
00038.jpg 163 132 132 221 0.98937
00038.jpg 303 238 154 247 0.98919
00038.jpg 289 234 180 234 0.98889
00038.jpg 312 235 152 255 0.98787
00038.jpg 301 236 162 251 0.98786
00038.jpg 170 134 120 224 0.98780
00038.jpg 316 226 140 259 0.98769
00038.jpg 296 238 160 244 0.98767
00038.jpg 171 132 119 226 0.98690
00038.jpg 302 234 163 254 0.98669
00038.jpg 303 230 153 252 0.98591
00038.jpg 293 235 161 252 0.98513
00038.jpg 175 129 116 227 0.98473
00038.jpg 301 246 159 235 0.98446
00038.jpg 306 232 158 253 0.98442
00038.jpg 297 234 172 241 0.98437
00038.jpg 166 132 125 225 0.98297
00038.jpg 173 136 115 220 0.98272
00038.jpg 173 133 124 227 0.98207
00038.jpg 173 129 121 223 0.98198
00038.jpg 302 242 159 246 0.98177
00038.jpg 170 136 120 219 0.98139
00038.jpg 165 132 131 221 0.98103
00038.jpg 171 122 110 242 0.98099
00038.jpg 173 139 124 215 0.98079
00038.jpg 172 133 119 223 0.98068
00038.jpg 168 127 123 231 0.97951
00038.jpg 170 135 122 225 0.97885
00038.jpg 168 129 121 225 0.97760
00038.jpg 170 125 123 232 0.97649
00038.jpg 292 237 167 244 0.97616
00038.jpg 301 232 158 254 0.97603
00038.jpg 300 239 152 245 0.97450
00038.jpg 297 237 160 243 0.97338
00038.jpg 172 129 119 227 0.97295
00038.jpg 173 134 122 223 0.97238
00038.jpg 300 235 165 247 0.97174
00038.jpg 301 244 159 234 0.97034
00038.jpg 295 242 169 237 0.97031
00038.jpg 300 224 160 262 0.96887
00038.jpg 304 237 150 246 0.96751
00038.jpg 171 132 120 225 0.96689
00038.jpg 307 236 153 243 0.96626
00038.jpg 300 237 158 246 0.96576
00038.jpg 299 239 152 245 0.96466
00038.jpg 300 236 159 245 0.96398
00038.jpg 304 237 151 245 0.96059
00038.jpg 172 130 119 225 0.96042
00038.jpg 289 242 184 228 0.95872
00038.jpg 171 135 120 220 0.95822
00038.jpg 299 247 155 239 0.95401
00038.jpg 292 239 179 241 0.95221
00038.jpg 319 231 144 252 0.94044
00038.jpg 299 236 162 252 0.93822
00038.jpg 309 241 143 236 0.93591
00038.jpg 302 234 163 251 0.92909
00038.jpg 172 132 110 223 0.92803
00038.jpg 294 236 163 251 0.92751
00038.jpg 168 134 120 227 0.92457
00038.jpg 311 242 142 241 0.92416
00038.jpg 313 240 148 248 0.91012
00038.jpg 300 228 165 247 0.90805
00038.jpg 293 233 171 236 0.90228
00038.jpg 303 245 154 232 0.90009
00038.jpg 307 244 153 240 0.89965
00038.jpg 293 235 171 249 0.89937
00038.jpg 96 137 40 54 0.89660
00038.jpg 315 240 150 247 0.89627
00038.jpg 296 245 165 233 0.89605
00038.jpg 327 232 123 256 0.89545
00038.jpg 168 137 127 215 0.89470
00038.jpg 300 232 162 257 0.89403
00038.jpg 292 238 163 245 0.89116
00038.jpg 307 235 155 247 0.87678
00038.jpg 307 245 158 234 0.87676
00038.jpg 169 129 118 233 0.86991
00038.jpg 175 134 116 220 0.86324
00038.jpg 308 217 161 259 0.85955
00038.jpg 286 228 185 246 0.85623
00038.jpg 173 136 118 212 0.83119
00038.jpg 93 134 47 57 0.81654
00038.jpg 289 237 171 241 0.80942
00038.jpg 162 133 125 219 0.79800
00038.jpg 167 122 118 246 0.78644
00038.jpg 96 146 43 40 0.78078
00038.jpg 291 223 182 266 0.77676
00038.jpg 96 142 40 43 0.77046
00038.jpg 306 236 157 234 0.75758
00038.jpg 166 134 123 210 0.75035
00038.jpg 176 138 113 217 0.74896
00038.jpg 690 131 57 58 0.74892
00038.jpg 98 150 42 38 0.74657
00038.jpg 296 244 156 232 0.74251
00038.jpg 97 142 44 47 0.73860
00038.jpg 313 233 155 259 0.73443
00038.jpg 96 148 39 42 0.72408
00038.jpg 696 128 47 60 0.71424
00038.jpg 160 125 138 232 0.70561
00038.jpg 131 125 52 65 0.70399
00038.jpg 95 145 44 46 0.69895
00038.jpg 172 128 121 227 0.69836
00038.jpg 784 123 93 57 0.69413
00038.jpg 790 125 89 58 0.68920
00038.jpg 178 136 116 206 0.68292
00038.jpg 292 236 167 248 0.68056
00038.jpg 98 145 38 40 0.67848
00038.jpg 95 146 48 42 0.67732
00038.jpg 180 127 115 226 0.65656
00038.jpg 698 136 43 49 0.65451
00038.jpg 170 122 127 223 0.64857
00038.jpg 92 132 42 57 0.64264
00038.jpg 136 123 42 66 0.63491
00038.jpg 98 138 41 51 0.63344
00038.jpg 789 130 102 56 0.63275
00038.jpg 780 124 87 59 0.63090
00038.jpg 95 132 47 61 0.63025
00038.jpg 132 125 50 66 0.62748
00038.jpg 696 133 45 57 0.62632
00038.jpg 98 150 42 38 0.62603
00038.jpg 783 128 92 59 0.62380
00038.jpg 788 127 61 60 0.62091
00038.jpg 100 147 42 42 0.61527
00038.jpg 97 138 50 49 0.61495
00038.jpg 320 233 143 254 0.60879
00038.jpg 692 130 56 58 0.60722
00038.jpg 97 144 46 47 0.60269
00038.jpg 141 123 42 66 0.60242
00038.jpg 101 141 38 46 0.59866
00038.jpg 305 235 149 247 0.59649
00038.jpg 289 236 193 234 0.58475
00038.jpg 695 136 56 52 0.58286
00038.jpg 94 127 44 62 0.58242
00038.jpg 692 136 56 55 0.57346
00038.jpg 93 141 48 48 0.56980
00038.jpg 140 125 41 69 0.56900
00038.jpg 313 241 153 241 0.56039
00038.jpg 138 127 45 69 0.55875
00038.jpg 302 247 167 216 0.55709
00038.jpg 169 130 138 227 0.55505
00038.jpg 783 128 71 59 0.55493
00038.jpg 163 121 129 220 0.55489
00038.jpg 136 123 49 66 0.55429
00038.jpg 95 145 46 45 0.55053
00038.jpg 290 228 192 253 0.54780
00038.jpg 688 131 53 55 0.54702
00038.jpg 310 227 161 250 0.54561
00038.jpg 785 121 69 60 0.54316
00038.jpg 794 127 65 61 0.54004
00038.jpg 694 140 53 45 0.53970
00038.jpg 134 120 46 76 0.53807
00038.jpg 177 140 112 224 0.53733
00038.jpg 295 242 159 228 0.53604
00038.jpg 688 133 62 57 0.53338
00038.jpg 322 241 141 236 0.52943
00038.jpg 103 146 41 41 0.52734
00038.jpg 691 124 58 59 0.52620
00038.jpg 139 122 50 69 0.52595
00038.jpg 275 229 190 244 0.52576
00038.jpg 97 135 42 51 0.52514
00038.jpg 91 127 51 62 0.52447
00038.jpg 98 140 47 46 0.52379
00038.jpg 139 122 41 69 0.52003
00038.jpg 788 124 81 58 0.51894
00038.jpg 180 120 111 249 0.51749
00038.jpg 131 123 50 66 0.51402
00038.jpg 168 129 128 222 0.51270
00038.jpg 701 135 37 51 0.50794
00038.jpg 697 134 51 55 0.50745
00038.jpg 98 146 45 39 0.50494
00038.jpg 790 129 67 59 0.50416
00038.jpg 778 129 101 57 0.50150
