00003.jpg 282 97 147 351 0.99979
00003.jpg 450 98 161 356 0.99975
00003.jpg 281 88 141 361 0.99975
00003.jpg 455 97 159 357 0.99959
00003.jpg 283 96 141 353 0.99939
00003.jpg 277 84 146 364 0.99939
00003.jpg 451 94 159 369 0.99938
00003.jpg 278 95 141 360 0.99937
00003.jpg 288 96 135 344 0.99931
00003.jpg 284 98 137 345 0.99919
00003.jpg 276 95 152 355 0.99917
00003.jpg 451 97 163 363 0.99910
00003.jpg 287 90 143 360 0.99910
00003.jpg 445 112 162 345 0.99909
00003.jpg 269 89 155 364 0.99877
00003.jpg 448 108 164 352 0.99877
00003.jpg 278 91 143 363 0.99843
00003.jpg 436 91 184 375 0.99839
00003.jpg 447 95 167 376 0.99838
00003.jpg 448 108 161 349 0.99826
00003.jpg 441 103 179 361 0.99826
00003.jpg 279 98 147 355 0.99789
00003.jpg 283 95 134 353 0.99779
00003.jpg 444 98 168 358 0.99774
00003.jpg 446 95 167 365 0.99766
00003.jpg 449 102 165 368 0.99760
00003.jpg 453 101 150 357 0.99726
00003.jpg 281 99 146 351 0.99714
00003.jpg 272 97 154 354 0.99677
00003.jpg 454 101 166 362 0.99655
00003.jpg 274 96 153 358 0.99640
00003.jpg 451 99 156 373 0.99636
00003.jpg 281 101 141 352 0.99629
00003.jpg 458 100 147 356 0.99628
00003.jpg 281 97 140 356 0.99616
00003.jpg 275 93 149 366 0.99611
00003.jpg 284 89 137 364 0.99585
00003.jpg 280 91 143 368 0.99575
00003.jpg 282 91 145 365 0.99550
00003.jpg 454 98 158 361 0.99526
00003.jpg 460 91 152 370 0.99484
00003.jpg 452 104 169 348 0.99468
00003.jpg 438 103 177 350 0.99466
00003.jpg 272 88 155 363 0.99464
00003.jpg 452 97 165 373 0.99437
00003.jpg 450 99 177 360 0.99364
00003.jpg 283 88 132 355 0.99355
00003.jpg 452 96 155 380 0.99354
00003.jpg 445 104 166 355 0.99343
00003.jpg 446 102 169 360 0.99318
00003.jpg 274 90 154 368 0.99297
00003.jpg 449 104 165 368 0.99286
00003.jpg 276 93 150 365 0.99278
00003.jpg 286 87 132 361 0.99209
00003.jpg 457 101 152 359 0.99194
00003.jpg 455 96 162 375 0.99152
00003.jpg 442 92 178 381 0.99110
00003.jpg 448 108 169 369 0.99048
00003.jpg 446 98 171 371 0.99044
00003.jpg 446 102 163 370 0.98952
00003.jpg 283 100 145 333 0.98919
00003.jpg 279 105 146 350 0.98880
00003.jpg 278 93 151 361 0.98879
00003.jpg 442 96 177 365 0.98851
00003.jpg 446 96 170 375 0.98808
00003.jpg 278 91 145 369 0.98786
00003.jpg 271 88 147 360 0.98653
00003.jpg 283 85 139 364 0.98645
00003.jpg 271 85 152 373 0.98410
00003.jpg 285 91 142 358 0.98219
00003.jpg 452 106 159 364 0.98078
00003.jpg 442 95 168 363 0.97936
00003.jpg 279 96 152 351 0.97935
00003.jpg 447 98 174 362 0.97874
00003.jpg 450 101 161 368 0.97852
00003.jpg 285 90 137 366 0.97760
00003.jpg 452 91 158 377 0.97581
00003.jpg 453 104 158 359 0.97192
00003.jpg 281 98 145 355 0.96875
00003.jpg 453 107 158 363 0.96865
00003.jpg 443 94 171 373 0.96767
00003.jpg 452 96 158 359 0.96697
00003.jpg 454 100 162 373 0.96562
00003.jpg 267 92 164 364 0.96367
00003.jpg 272 92 154 363 0.96327
00003.jpg 279 100 149 356 0.96225
00003.jpg 275 103 159 352 0.95951
00003.jpg 274 88 148 367 0.95891
00003.jpg 446 108 167 356 0.95569
00003.jpg 443 99 178 368 0.95160
00003.jpg 449 100 163 362 0.95090
00003.jpg 452 91 155 383 0.94442
00003.jpg 281 93 144 362 0.94405
00003.jpg 283 100 138 356 0.94157
00003.jpg 447 104 168 352 0.93817
00003.jpg 457 102 150 374 0.93370
00003.jpg 275 91 144 351 0.93359
00003.jpg 280 88 141 363 0.93297
00003.jpg 270 96 158 346 0.93059
00003.jpg 281 92 147 359 0.92810
00003.jpg 447 109 171 358 0.90585
00003.jpg 449 108 161 351 0.90124
00003.jpg 279 96 148 354 0.89952
00003.jpg 448 103 164 361 0.89916
00003.jpg 276 95 148 352 0.89097
00003.jpg 446 108 170 361 0.88272
00003.jpg 453 105 164 369 0.87245
00003.jpg 282 93 145 353 0.87073
00003.jpg 443 100 165 364 0.86024
00003.jpg 446 106 163 359 0.84958
00003.jpg 288 100 141 326 0.83681
00003.jpg 281 99 139 351 0.83471
00003.jpg 450 110 171 347 0.82060
00003.jpg 452 98 165 363 0.80707
00003.jpg 450 112 163 361 0.79959
00003.jpg 449 103 162 370 0.79343
00003.jpg 278 95 149 341 0.78919
00003.jpg 449 110 158 350 0.76365
00003.jpg 271 106 165 346 0.76239
00003.jpg 444 114 177 348 0.72559
00003.jpg 457 111 162 356 0.71825
00003.jpg 441 104 168 357 0.71634
00003.jpg 279 103 145 346 0.70153
00003.jpg 274 100 144 350 0.69114
00003.jpg 439 109 175 354 0.67223
00003.jpg 451 102 162 360 0.66767
00003.jpg 455 99 165 371 0.66367
00003.jpg 278 89 155 364 0.65988
00003.jpg 270 94 149 358 0.64703
00003.jpg 451 93 152 375 0.63829
00003.jpg 455 107 163 366 0.63444
00003.jpg 441 112 163 342 0.62965
00003.jpg 453 110 169 342 0.61932
00003.jpg 277 91 138 351 0.59371
00003.jpg 758 200 24 18 0.56060
00003.jpg 273 88 152 356 0.53530
00003.jpg 449 111 167 357 0.52101
00003.jpg 281 111 148 338 0.51376
00003.jpg 275 93 152 364 0.50175
