00017.jpg 277 98 154 358 0.99973
00017.jpg 463 99 165 373 0.99972
00017.jpg 465 89 153 383 0.99958
00017.jpg 456 104 179 366 0.99949
00017.jpg 284 96 147 352 0.99940
00017.jpg 456 98 165 369 0.99939
00017.jpg 458 99 171 375 0.99936
00017.jpg 461 110 156 353 0.99936
00017.jpg 452 110 168 367 0.99932
00017.jpg 280 97 149 343 0.99925
00017.jpg 455 108 167 366 0.99906
00017.jpg 289 91 144 351 0.99902
00017.jpg 454 111 162 359 0.99881
00017.jpg 462 107 160 362 0.99877
00017.jpg 281 95 148 360 0.99859
00017.jpg 293 88 138 361 0.99847
00017.jpg 453 112 163 358 0.99841
00017.jpg 274 99 144 341 0.99831
00017.jpg 457 109 177 357 0.99825
00017.jpg 454 102 166 367 0.99812
00017.jpg 455 103 154 371 0.99806
00017.jpg 285 82 139 366 0.99778
00017.jpg 280 94 149 354 0.99777
00017.jpg 458 105 171 369 0.99776
00017.jpg 450 110 175 352 0.99773
00017.jpg 284 94 142 363 0.99757
00017.jpg 457 107 165 364 0.99755
00017.jpg 455 101 165 378 0.99755
00017.jpg 278 102 147 346 0.99741
00017.jpg 280 98 154 356 0.99741
00017.jpg 465 91 151 384 0.99721
00017.jpg 279 98 152 355 0.99687
00017.jpg 283 89 146 366 0.99668
00017.jpg 282 95 147 347 0.99660
00017.jpg 451 96 164 376 0.99653
00017.jpg 455 110 169 364 0.99643
00017.jpg 279 97 147 342 0.99642
00017.jpg 452 106 172 375 0.99639
00017.jpg 455 102 158 370 0.99639
00017.jpg 454 106 170 366 0.99631
00017.jpg 286 90 137 364 0.99622
00017.jpg 276 95 148 362 0.99595
00017.jpg 450 110 171 361 0.99566
00017.jpg 290 97 142 354 0.99564
00017.jpg 460 101 162 382 0.99560
00017.jpg 282 104 148 342 0.99559
00017.jpg 279 93 143 358 0.99556
00017.jpg 285 96 142 360 0.99522
00017.jpg 282 99 147 354 0.99516
00017.jpg 282 102 143 345 0.99514
00017.jpg 452 110 169 353 0.99508
00017.jpg 467 98 159 368 0.99497
00017.jpg 281 98 146 350 0.99495
00017.jpg 286 97 137 344 0.99492
00017.jpg 452 96 173 379 0.99488
00017.jpg 279 99 146 355 0.99454
00017.jpg 461 106 172 371 0.99394
00017.jpg 460 97 165 364 0.99341
00017.jpg 282 98 145 353 0.99286
00017.jpg 284 99 154 356 0.99250
00017.jpg 465 101 157 367 0.99214
00017.jpg 459 108 157 363 0.99152
00017.jpg 291 93 142 348 0.99110
00017.jpg 460 113 159 362 0.99018
00017.jpg 453 106 169 381 0.98918
00017.jpg 283 96 144 355 0.98803
00017.jpg 459 95 163 392 0.98753
00017.jpg 464 98 161 374 0.98655
00017.jpg 454 102 167 378 0.98643
00017.jpg 452 111 173 364 0.98634
00017.jpg 278 96 154 356 0.98609
00017.jpg 455 101 170 381 0.98579
00017.jpg 451 112 166 364 0.97874
00017.jpg 450 113 171 370 0.97853
00017.jpg 291 102 131 335 0.97850
00017.jpg 278 82 148 368 0.97654
00017.jpg 451 101 172 371 0.97538
00017.jpg 283 101 137 348 0.97217
00017.jpg 275 100 150 344 0.97103
00017.jpg 278 100 149 345 0.97091
00017.jpg 283 87 138 374 0.97091
00017.jpg 283 101 151 352 0.97065
00017.jpg 462 107 160 371 0.97001
00017.jpg 457 113 165 346 0.96691
00017.jpg 279 101 157 354 0.96454
00017.jpg 449 106 185 362 0.96352
00017.jpg 279 97 150 350 0.96153
00017.jpg 460 102 159 368 0.95707
00017.jpg 459 105 164 358 0.94915
00017.jpg 457 109 162 358 0.94759
00017.jpg 276 92 152 361 0.94373
00017.jpg 456 100 169 375 0.93854
00017.jpg 453 94 173 379 0.93189
00017.jpg 284 106 142 340 0.92689
00017.jpg 450 101 173 378 0.92650
00017.jpg 457 91 165 385 0.92410
00017.jpg 461 100 167 389 0.92304
00017.jpg 451 101 167 373 0.91330
00017.jpg 470 102 150 369 0.91197
00017.jpg 293 94 138 357 0.90775
00017.jpg 457 105 174 372 0.89464
00017.jpg 285 103 142 342 0.89374
00017.jpg 287 104 144 342 0.89047
00017.jpg 289 91 136 367 0.88509
00017.jpg 457 97 173 389 0.87883
00017.jpg 447 108 170 368 0.87860
00017.jpg 460 116 161 354 0.87556
00017.jpg 456 103 164 372 0.87412
00017.jpg 448 97 177 383 0.86113
00017.jpg 289 95 138 360 0.85683
00017.jpg 282 105 148 339 0.85387
00017.jpg 461 111 156 359 0.85171
00017.jpg 453 111 173 372 0.82059
00017.jpg 450 106 173 370 0.80828
00017.jpg 282 86 145 364 0.80435
00017.jpg 286 100 151 349 0.79838
00017.jpg 453 99 167 366 0.78576
00017.jpg 280 99 153 346 0.77198
00017.jpg 276 103 141 340 0.75902
00017.jpg 444 112 172 352 0.75656
00017.jpg 451 94 178 388 0.72200
00017.jpg 457 113 151 366 0.69489
00017.jpg 459 96 168 392 0.68441
00017.jpg 452 115 184 364 0.68230
00017.jpg 276 94 144 371 0.68146
00017.jpg 278 104 157 346 0.67997
00017.jpg 291 105 134 344 0.66718
00017.jpg 453 98 163 380 0.66131
00017.jpg 269 101 155 349 0.65113
00017.jpg 450 108 169 360 0.64255
00017.jpg 280 103 146 344 0.64210
00017.jpg 280 99 143 343 0.63478
00017.jpg 458 114 171 348 0.62338
00017.jpg 457 111 162 352 0.62115
00017.jpg 274 107 149 335 0.56840
00017.jpg 451 105 163 360 0.56126
00017.jpg 462 108 172 348 0.55882
00017.jpg 284 101 144 349 0.55695
00017.jpg 287 104 136 348 0.55425
00017.jpg 274 103 145 344 0.52283
00017.jpg 451 117 167 352 0.50931
00017.jpg 457 103 166 378 0.50620
