00024.jpg 271 89 149 365 0.99984
00024.jpg 282 88 127 357 0.99966
00024.jpg 448 96 158 365 0.99947
00024.jpg 273 97 150 350 0.99946
00024.jpg 271 96 146 354 0.99944
00024.jpg 452 103 165 367 0.99939
00024.jpg 452 107 167 370 0.99931
00024.jpg 436 100 187 370 0.99924
00024.jpg 271 87 148 361 0.99917
00024.jpg 273 94 143 361 0.99901
00024.jpg 265 85 150 361 0.99896
00024.jpg 449 106 158 357 0.99870
00024.jpg 438 106 181 363 0.99845
00024.jpg 448 105 167 367 0.99840
00024.jpg 453 106 159 355 0.99838
00024.jpg 276 91 132 353 0.99831
00024.jpg 442 100 172 370 0.99825
00024.jpg 273 98 139 358 0.99820
00024.jpg 444 107 166 372 0.99805
00024.jpg 279 95 136 369 0.99804
00024.jpg 442 99 171 378 0.99797
00024.jpg 445 108 174 359 0.99795
00024.jpg 271 96 143 356 0.99775
00024.jpg 270 83 151 368 0.99759
00024.jpg 270 90 142 357 0.99754
00024.jpg 441 97 179 366 0.99753
00024.jpg 268 87 153 367 0.99749
00024.jpg 442 94 172 374 0.99741
00024.jpg 276 91 149 365 0.99734
00024.jpg 263 95 157 354 0.99709
00024.jpg 451 107 170 360 0.99707
00024.jpg 448 97 156 386 0.99703
00024.jpg 265 87 163 360 0.99702
00024.jpg 439 102 164 375 0.99699
00024.jpg 446 113 162 363 0.99695
00024.jpg 270 96 151 356 0.99676
00024.jpg 440 102 164 365 0.99669
00024.jpg 438 101 173 368 0.99628
00024.jpg 267 98 147 354 0.99604
00024.jpg 446 101 169 359 0.99598
00024.jpg 442 102 162 379 0.99592
00024.jpg 266 96 153 358 0.99542
00024.jpg 446 110 168 355 0.99507
00024.jpg 267 94 157 364 0.99497
00024.jpg 457 101 152 372 0.99475
00024.jpg 449 87 170 396 0.99471
00024.jpg 273 84 136 363 0.99459
00024.jpg 272 94 147 352 0.99458
00024.jpg 270 93 143 359 0.99369
00024.jpg 434 101 179 381 0.99356
00024.jpg 271 95 145 361 0.99321
00024.jpg 263 83 162 366 0.99320
00024.jpg 261 80 153 373 0.99294
00024.jpg 440 91 179 382 0.99220
00024.jpg 265 94 155 354 0.99188
00024.jpg 280 81 136 375 0.99185
00024.jpg 269 92 154 363 0.99133
00024.jpg 441 108 169 360 0.99091
00024.jpg 269 88 153 364 0.99084
00024.jpg 277 92 144 359 0.99051
00024.jpg 268 91 149 357 0.98995
00024.jpg 453 115 162 354 0.98945
00024.jpg 259 98 151 358 0.98939
00024.jpg 445 107 161 371 0.98856
00024.jpg 441 105 168 362 0.98810
00024.jpg 265 94 158 355 0.98785
00024.jpg 267 84 157 370 0.98770
00024.jpg 442 110 171 365 0.98760
00024.jpg 270 82 156 367 0.98744
00024.jpg 269 85 148 368 0.98650
00024.jpg 445 112 163 363 0.98634
00024.jpg 265 89 157 363 0.98617
00024.jpg 442 102 168 367 0.98555
00024.jpg 443 98 157 379 0.98499
00024.jpg 276 94 139 366 0.98377
00024.jpg 448 93 167 384 0.98321
00024.jpg 438 108 171 356 0.98270
00024.jpg 439 110 183 354 0.98149
00024.jpg 445 96 164 386 0.98123
00024.jpg 272 90 146 364 0.98093
00024.jpg 443 99 166 384 0.98065
00024.jpg 454 87 159 387 0.97887
00024.jpg 275 94 147 349 0.97526
00024.jpg 269 94 148 352 0.97100
00024.jpg 444 107 162 364 0.97013
00024.jpg 436 100 182 372 0.96923
00024.jpg 449 111 160 361 0.96563
00024.jpg 259 98 158 351 0.96025
00024.jpg 273 92 140 361 0.95999
00024.jpg 447 101 168 371 0.95788
00024.jpg 270 99 151 355 0.95506
00024.jpg 434 108 169 355 0.95380
00024.jpg 272 93 142 356 0.95123
00024.jpg 437 99 173 368 0.94994
00024.jpg 274 87 148 365 0.94529
00024.jpg 262 93 156 362 0.92865
00024.jpg 445 112 166 365 0.92707
00024.jpg 279 83 147 372 0.91800
00024.jpg 443 108 173 368 0.91675
00024.jpg 441 99 169 378 0.89987
00024.jpg 442 114 165 363 0.89371
00024.jpg 273 89 149 371 0.89273
00024.jpg 269 102 146 344 0.88453
00024.jpg 447 101 156 359 0.88348
00024.jpg 446 107 175 364 0.88034
00024.jpg 446 104 163 377 0.87892
00024.jpg 444 101 161 373 0.87655
00024.jpg 259 96 161 345 0.87609
00024.jpg 447 104 161 368 0.87415
00024.jpg 447 96 168 383 0.86843
00024.jpg 444 101 172 373 0.86535
00024.jpg 277 100 134 346 0.86082
00024.jpg 437 105 181 373 0.85938
00024.jpg 443 93 174 382 0.85162
00024.jpg 272 91 154 354 0.84698
00024.jpg 446 104 162 364 0.83600
00024.jpg 441 109 163 361 0.81746
00024.jpg 453 99 157 367 0.81227
00024.jpg 448 95 169 382 0.79236
00024.jpg 262 103 159 357 0.78615
00024.jpg 454 107 157 365 0.78306
00024.jpg 448 101 159 376 0.74349
00024.jpg 268 92 154 358 0.73128
00024.jpg 438 111 181 355 0.68764
00024.jpg 441 120 170 343 0.68752
00024.jpg 266 102 149 339 0.68424
00024.jpg 773 185 13 35 0.67244
00024.jpg 439 104 176 368 0.66616
00024.jpg 442 99 175 370 0.65327
00024.jpg 266 93 152 346 0.64853
00024.jpg 268 93 146 348 0.64356
00024.jpg 266 89 152 367 0.62077
00024.jpg 461 103 160 340 0.60519
00024.jpg 446 108 173 357 0.59642
00024.jpg 265 100 169 347 0.58481
00024.jpg 269 101 146 344 0.55257
00024.jpg 266 91 162 329 0.54951
00024.jpg 774 180 15 37 0.53456
00024.jpg 262 84 165 371 0.52306
00024.jpg 278 95 133 349 0.50810
00024.jpg 262 103 148 330 0.50677
