00026.jpg 263 100 164 353 0.99977
00026.jpg 264 90 148 359 0.99950
00026.jpg 267 92 153 355 0.99947
00026.jpg 446 97 167 377 0.99942
00026.jpg 440 100 167 368 0.99940
00026.jpg 451 99 152 385 0.99939
00026.jpg 267 96 154 357 0.99894
00026.jpg 262 89 153 360 0.99893
00026.jpg 264 99 147 347 0.99893
00026.jpg 440 98 180 382 0.99891
00026.jpg 272 94 141 359 0.99889
00026.jpg 264 98 150 358 0.99888
00026.jpg 450 100 156 363 0.99877
00026.jpg 443 107 165 351 0.99872
00026.jpg 268 95 143 359 0.99864
00026.jpg 445 97 172 370 0.99853
00026.jpg 265 96 145 349 0.99853
00026.jpg 444 109 170 363 0.99852
00026.jpg 437 93 178 376 0.99814
00026.jpg 273 96 146 349 0.99808
00026.jpg 270 94 141 368 0.99794
00026.jpg 443 107 176 365 0.99783
00026.jpg 266 94 141 347 0.99782
00026.jpg 265 94 150 352 0.99752
00026.jpg 440 114 183 356 0.99737
00026.jpg 451 103 150 374 0.99723
00026.jpg 442 98 169 383 0.99704
00026.jpg 265 78 145 378 0.99700
00026.jpg 439 114 171 358 0.99696
00026.jpg 454 96 156 371 0.99694
00026.jpg 263 94 145 358 0.99685
00026.jpg 443 106 170 366 0.99669
00026.jpg 268 97 145 356 0.99666
00026.jpg 441 102 164 367 0.99658
00026.jpg 441 98 164 377 0.99656
00026.jpg 270 96 147 357 0.99634
00026.jpg 263 95 156 359 0.99624
00026.jpg 450 93 162 373 0.99608
00026.jpg 438 107 174 366 0.99601
00026.jpg 440 108 172 362 0.99589
00026.jpg 447 92 157 388 0.99588
00026.jpg 438 98 166 378 0.99580
00026.jpg 437 88 168 381 0.99556
00026.jpg 442 107 161 361 0.99553
00026.jpg 437 105 177 368 0.99544
00026.jpg 440 84 178 393 0.99502
00026.jpg 442 97 167 376 0.99498
00026.jpg 264 91 154 352 0.99496
00026.jpg 449 101 164 362 0.99442
00026.jpg 267 94 154 362 0.99441
00026.jpg 270 86 137 364 0.99420
00026.jpg 258 90 167 357 0.99399
00026.jpg 259 96 151 359 0.99365
00026.jpg 267 94 155 371 0.99363
00026.jpg 264 89 148 368 0.99360
00026.jpg 262 97 161 345 0.99354
00026.jpg 273 99 147 349 0.99352
00026.jpg 267 94 153 367 0.99334
00026.jpg 262 90 151 371 0.99320
00026.jpg 265 92 157 363 0.99300
00026.jpg 439 102 180 361 0.99262
00026.jpg 272 91 141 360 0.99212
00026.jpg 445 105 158 369 0.99207
00026.jpg 436 111 180 361 0.99194
00026.jpg 272 93 141 357 0.99181
00026.jpg 268 96 159 349 0.99111
00026.jpg 435 111 177 351 0.99084
00026.jpg 443 109 164 367 0.98980
00026.jpg 265 90 153 363 0.98944
00026.jpg 268 96 155 350 0.98904
00026.jpg 273 95 149 356 0.98896
00026.jpg 268 102 150 352 0.98857
00026.jpg 260 96 164 352 0.98843
00026.jpg 266 97 141 360 0.98841
00026.jpg 438 105 161 375 0.98807
00026.jpg 273 104 154 332 0.98588
00026.jpg 443 92 172 379 0.98522
00026.jpg 447 93 157 387 0.98267
00026.jpg 444 105 164 375 0.98201
00026.jpg 447 97 161 378 0.98165
00026.jpg 447 106 169 372 0.97961
00026.jpg 443 107 170 379 0.97946
00026.jpg 437 97 168 375 0.97610
00026.jpg 443 105 168 367 0.97422
00026.jpg 266 101 149 354 0.97167
00026.jpg 434 105 175 364 0.97098
00026.jpg 263 91 155 369 0.96902
00026.jpg 442 102 161 368 0.96430
00026.jpg 439 110 168 362 0.96344
00026.jpg 264 91 160 352 0.96306
00026.jpg 263 92 152 361 0.96166
00026.jpg 457 98 151 374 0.95881
00026.jpg 259 105 156 343 0.95847
00026.jpg 438 98 171 386 0.95634
00026.jpg 441 109 168 364 0.95535
00026.jpg 269 90 140 360 0.95394
00026.jpg 442 100 170 380 0.95207
00026.jpg 443 104 161 372 0.95015
00026.jpg 438 108 163 369 0.94706
00026.jpg 436 102 175 376 0.94682
00026.jpg 266 93 159 352 0.94644
00026.jpg 266 96 148 356 0.94141
00026.jpg 439 108 167 374 0.94141
00026.jpg 444 104 171 367 0.94096
00026.jpg 442 107 166 367 0.93381
00026.jpg 448 104 155 372 0.92146
00026.jpg 265 99 148 353 0.91257
00026.jpg 269 93 150 361 0.90995
00026.jpg 439 100 168 387 0.90322
00026.jpg 447 86 167 395 0.90221
00026.jpg 265 91 151 372 0.90139
00026.jpg 261 102 154 354 0.89800
00026.jpg 264 94 147 356 0.89405
00026.jpg 264 99 148 351 0.88919
00026.jpg 443 114 174 353 0.88752
00026.jpg 438 108 182 356 0.87116
00026.jpg 263 103 165 334 0.86788
00026.jpg 446 111 173 351 0.86778
00026.jpg 445 100 163 384 0.86601
00026.jpg 269 98 143 356 0.86547
00026.jpg 258 95 157 338 0.85727
00026.jpg 265 92 146 361 0.83955
00026.jpg 260 104 152 340 0.83077
00026.jpg 261 95 153 354 0.82595
00026.jpg 438 93 170 395 0.82423
00026.jpg 446 110 161 346 0.82208
00026.jpg 445 115 154 360 0.81636
00026.jpg 448 99 176 366 0.80586
00026.jpg 256 95 152 356 0.80017
00026.jpg 273 98 140 350 0.79966
00026.jpg 263 98 163 349 0.79894
00026.jpg 445 108 166 351 0.79455
00026.jpg 433 97 173 374 0.79437
00026.jpg 441 100 157 371 0.78016
00026.jpg 433 105 180 370 0.77334
00026.jpg 440 113 168 360 0.76195
00026.jpg 774 187 16 29 0.73995
00026.jpg 445 104 169 359 0.73184
00026.jpg 443 102 158 364 0.72863
00026.jpg 448 105 168 373 0.72784
00026.jpg 258 95 161 366 0.71817
00026.jpg 265 94 149 361 0.71185
00026.jpg 269 107 150 327 0.70574
00026.jpg 261 103 154 348 0.69236
00026.jpg 258 103 150 330 0.68956
00026.jpg 446 99 152 379 0.67270
00026.jpg 260 79 148 370 0.64687
00026.jpg 436 105 173 360 0.61221
00026.jpg 256 89 154 377 0.59460
00026.jpg 263 102 153 343 0.59189
00026.jpg 435 103 181 366 0.58829
00026.jpg 772 181 15 37 0.58758
00026.jpg 268 103 150 362 0.56883
00026.jpg 271 97 149 350 0.56325
00026.jpg 260 89 146 367 0.55459
00026.jpg 428 114 180 365 0.54612
00026.jpg 450 98 176 379 0.52538
00026.jpg 169 67 22 16 0.51376
00026.jpg 254 102 159 350 0.50571
