00036.jpg 251 95 152 347 0.99976
00036.jpg 253 89 150 357 0.99976
00036.jpg 430 109 162 373 0.99956
00036.jpg 437 105 155 363 0.99941
00036.jpg 428 106 167 369 0.99941
00036.jpg 254 89 139 353 0.99936
00036.jpg 255 95 146 360 0.99929
00036.jpg 433 108 162 352 0.99923
00036.jpg 432 108 161 365 0.99922
00036.jpg 435 99 157 372 0.99922
00036.jpg 254 102 157 341 0.99889
00036.jpg 251 92 153 355 0.99883
00036.jpg 434 99 153 375 0.99879
00036.jpg 258 100 132 357 0.99845
00036.jpg 431 103 158 355 0.99838
00036.jpg 436 110 156 351 0.99823
00036.jpg 442 104 143 363 0.99807
00036.jpg 428 104 158 371 0.99795
00036.jpg 260 99 147 351 0.99789
00036.jpg 427 105 166 373 0.99757
00036.jpg 430 103 171 377 0.99750
00036.jpg 439 107 144 367 0.99749
00036.jpg 254 96 145 362 0.99746
00036.jpg 252 93 155 376 0.99729
00036.jpg 250 100 153 351 0.99723
00036.jpg 256 92 152 356 0.99709
00036.jpg 438 104 151 357 0.99704
00036.jpg 258 95 142 361 0.99704
00036.jpg 245 88 165 373 0.99698
00036.jpg 434 94 156 370 0.99684
00036.jpg 438 102 156 369 0.99671
00036.jpg 431 103 158 372 0.99667
00036.jpg 248 99 162 349 0.99639
00036.jpg 255 88 155 362 0.99626
00036.jpg 249 91 155 362 0.99619
00036.jpg 420 103 175 360 0.99618
00036.jpg 253 95 157 360 0.99615
00036.jpg 262 91 134 354 0.99574
00036.jpg 432 103 154 369 0.99553
00036.jpg 251 91 146 347 0.99546
00036.jpg 432 104 159 357 0.99519
00036.jpg 432 104 159 372 0.99513
00036.jpg 423 106 168 356 0.99505
00036.jpg 439 103 153 372 0.99501
00036.jpg 431 106 165 362 0.99471
00036.jpg 429 110 158 361 0.99468
00036.jpg 248 91 157 363 0.99457
00036.jpg 256 101 139 347 0.99453
00036.jpg 258 93 153 351 0.99409
00036.jpg 268 95 128 361 0.99399
00036.jpg 429 92 163 371 0.99366
00036.jpg 251 96 151 348 0.99318
00036.jpg 257 86 145 370 0.99317
00036.jpg 249 95 154 357 0.99265
00036.jpg 252 94 151 359 0.99257
00036.jpg 253 92 152 359 0.99233
00036.jpg 443 109 148 357 0.99222
00036.jpg 251 96 157 356 0.99189
00036.jpg 250 94 153 365 0.98990
00036.jpg 427 102 163 377 0.98985
00036.jpg 255 94 150 358 0.98981
00036.jpg 251 88 159 364 0.98925
00036.jpg 429 107 158 372 0.98891
00036.jpg 434 115 162 359 0.98859
00036.jpg 428 111 164 368 0.98737
00036.jpg 254 103 152 351 0.98709
00036.jpg 259 85 141 382 0.98673
00036.jpg 256 93 152 359 0.98663
00036.jpg 429 105 159 373 0.98606
00036.jpg 428 108 161 362 0.98580
00036.jpg 429 105 168 376 0.98529
00036.jpg 258 94 144 348 0.98355
00036.jpg 436 100 153 377 0.98325
00036.jpg 436 113 164 349 0.98303
00036.jpg 437 108 154 358 0.98058
00036.jpg 432 106 160 359 0.97944
00036.jpg 432 106 153 355 0.97720
00036.jpg 244 83 167 378 0.97643
00036.jpg 250 97 149 364 0.97555
00036.jpg 436 108 150 354 0.97483
00036.jpg 255 96 148 362 0.97249
00036.jpg 433 119 158 363 0.96539
00036.jpg 425 106 172 364 0.96451
00036.jpg 435 103 153 368 0.96359
00036.jpg 428 113 164 369 0.96017
00036.jpg 445 103 152 365 0.95862
00036.jpg 253 102 148 340 0.95040
00036.jpg 242 96 165 356 0.94782
00036.jpg 252 96 148 359 0.94770
00036.jpg 430 113 159 358 0.94675
00036.jpg 251 89 156 354 0.94659
00036.jpg 439 104 155 367 0.94018
00036.jpg 253 92 148 363 0.93039
00036.jpg 265 87 147 374 0.92884
00036.jpg 262 95 150 357 0.92675
00036.jpg 264 93 138 351 0.92577
00036.jpg 430 110 163 368 0.91147
00036.jpg 431 111 160 358 0.90446
00036.jpg 437 105 149 364 0.88481
00036.jpg 251 90 153 364 0.87299
00036.jpg 772 185 16 36 0.86885
00036.jpg 259 93 155 347 0.86878
00036.jpg 247 93 154 363 0.86728
00036.jpg 260 87 151 369 0.86248
00036.jpg 248 93 155 366 0.86205
00036.jpg 251 99 159 356 0.86178
00036.jpg 437 107 160 355 0.85354
00036.jpg 428 112 157 353 0.85207
00036.jpg 429 112 165 361 0.84722
00036.jpg 262 83 142 373 0.84106
00036.jpg 250 94 146 369 0.83818
00036.jpg 251 98 155 355 0.82735
00036.jpg 435 105 153 374 0.82686
00036.jpg 256 92 147 359 0.82329
00036.jpg 434 104 165 362 0.81219
00036.jpg 253 89 152 350 0.79649
00036.jpg 262 98 145 348 0.79280
00036.jpg 246 93 160 355 0.79260
00036.jpg 252 95 149 365 0.79000
00036.jpg 430 111 163 361 0.78025
00036.jpg 426 106 154 358 0.77966
00036.jpg 249 101 152 335 0.77656
00036.jpg 437 119 159 360 0.77231
00036.jpg 441 103 148 367 0.77135
00036.jpg 425 105 169 363 0.76935
00036.jpg 258 90 151 356 0.75162
00036.jpg 247 93 160 364 0.74407
00036.jpg 771 184 18 33 0.73305
00036.jpg 435 104 151 365 0.72503
00036.jpg 438 108 155 348 0.70798
00036.jpg 434 115 161 342 0.70085
00036.jpg 432 99 154 386 0.70053
00036.jpg 769 187 16 35 0.69320
00036.jpg 435 93 160 388 0.68052
00036.jpg 433 97 154 381 0.64918
00036.jpg 421 109 167 352 0.63722
00036.jpg 428 91 163 379 0.59044
00036.jpg 425 85 163 398 0.57185
00036.jpg 429 102 158 360 0.56329
00036.jpg 434 110 171 367 0.54864
00036.jpg 430 110 166 362 0.54666
00036.jpg 237 126 170 328 0.54152
00036.jpg 249 80 153 392 0.54086
00036.jpg 444 105 155 357 0.52681
