1,1,183.1172,296.8784,217.4387,185.8868,1,1,1,1,
2,1,184.4115,296.8784,217.4387,185.8868,1,1,1,1,
3,1,184.4115,296.8784,217.4387,185.8868,1,1,1,1,
4,1,184.4115,296.8784,217.4387,185.8868,1,1,1,1,
5,1,184.4115,296.8784,217.4387,185.8868,1,1,1,1,
6,1,184.4115,296.8784,217.4387,185.8868,1,1,1,1,
7,1,186.6767,298.8199,217.4387,185.8868,1,1,1,1,
8,1,186.6767,298.8199,217.4387,185.8868,1,1,1,1,
9,1,186.6767,298.8199,217.4387,185.8868,1,1,1,1,
10,1,186.6767,298.8199,217.4387,185.8868,1,1,1,1,
11,1,187.6475,298.1727,217.4387,185.8868,1,1,1,1,
12,1,187.6475,298.1727,217.4387,185.8868,1,1,1,1,
13,1,187.6475,298.1727,217.4387,185.8868,1,1,1,1,
14,1,189.9127,298.1727,217.4387,185.8868,1,1,1,1,
15,1,189.9127,298.1727,217.4387,185.8868,1,1,1,1,
16,1,188.9257,296.8945,217.7947,185.5309,1,1,1,1,
17,1,187.6475,296.5548,217.4387,185.8868,1,1,1,1,
18,1,187.6475,296.5548,217.4387,185.8868,1,1,1,1,
19,1,187.6475,296.5548,217.4387,185.8868,1,1,1,1,
20,1,187.6475,296.49,217.4387,187.3107,1,1,1,1,
21,1,187.6475,296.49,217.4387,187.3107,1,1,1,1,
22,1,188.2947,296.49,217.4387,187.3107,1,1,1,1,
23,1,188.2947,296.49,217.4387,187.3107,1,1,1,1,
24,1,188.2947,296.49,217.4387,187.3107,1,1,1,1,
25,1,185.3823,293.5777,217.4387,187.3107,1,1,1,1,
26,1,185.3823,293.5777,217.4387,187.3107,1,1,1,1,
27,1,184.4115,291.3125,217.4387,187.3107,1,1,1,1,
28,1,184.4115,291.3125,217.4387,187.3107,1,1,1,1,
29,1,184.5248,283.4977,214.947,195.4976,1,1,1,1,
30,1,183.2304,283.1741,214.947,195.4976,1,1,1,1,
31,1,183.2304,283.1741,214.947,195.4976,1,1,1,1,
32,1,179.6709,279.6145,214.947,195.4976,1,1,1,1,
33,1,179.6709,279.6145,214.947,195.4976,1,1,1,1,
34,1,185.8677,279.1615,206.7601,198.3453,1,1,1,1,
35,1,185.8677,279.1615,206.7601,198.3453,1,1,1,1,
36,1,185.8677,279.1615,206.7601,198.3453,1,1,1,1,
37,1,188.1329,278.0451,206.7601,201.5489,1,1,1,1,
38,1,190.7217,277.7215,206.7601,201.5489,1,1,1,1,
39,1,190.6408,273.6442,208.5398,205.8203,1,1,1,1,
40,1,194.5239,271.0554,208.5398,205.8203,1,1,1,1,
41,1,196.7891,267.8195,208.5398,205.8203,1,1,1,1,
1,2,213.9093,65.9495,47.362,116.6764,1,1,1,1,
2,2,213.8843,65.9495,47.9116,116.6764,1,1,1,1,
3,2,216.5657,66.2731,45.8726,116.6764,1,1,1,1,
4,2,216.5657,66.2731,45.8726,116.6764,1,1,1,1,
5,2,216.5657,66.2731,45.8726,116.6764,1,1,1,1,
6,2,216.5657,66.2731,45.8726,116.6764,1,1,1,1,
7,2,216.6746,68.2147,46.0976,116.6764,1,1,1,1,
8,2,216.6746,68.2147,46.0976,116.6764,1,1,1,1,
9,2,216.6746,68.2147,46.0976,116.6764,1,1,1,1,
10,2,216.6746,68.2147,46.0976,116.6764,1,1,1,1,
11,2,216.6746,68.2147,46.0976,116.6764,1,1,1,1,
12,2,216.5657,68.9751,45.8726,114.1847,1,1,1,1,
13,2,216.5657,68.9751,45.8726,114.1847,1,1,1,1,
14,2,216.5657,69.3149,45.8726,113.8287,1,1,1,1,
15,2,216.5657,69.3149,45.8726,113.8287,1,1,1,1,
16,2,216.5657,68.9751,45.8726,114.1847,1,1,1,1,
17,2,216.5657,68.9751,45.8726,114.1847,1,1,1,1,
18,2,216.5657,68.9751,45.8726,114.1847,1,1,1,1,
19,2,217.1644,69.2987,46.9405,114.1847,1,1,1,1,
20,2,218.1351,67.6969,46.9405,113.8287,1,1,1,1,
21,2,218.1351,67.6969,46.9405,113.8287,1,1,1,1,
22,2,217.129,69.056,47.7179,112.4049,1,1,1,1,
23,2,217.129,69.056,47.7179,112.4049,1,1,1,1,
24,2,217.0511,69.056,49.4322,112.4049,1,1,1,1,
25,2,217.0511,69.056,49.4322,112.4049,1,1,1,1,
26,2,217.0511,69.056,49.4322,112.4049,1,1,1,1,
27,2,215.3522,71.0947,51.212,110.2692,1,1,1,1,
28,2,215.3522,71.0947,51.212,110.2692,1,1,1,1,
29,2,214.2976,71.0947,53.0572,110.2692,1,1,1,1,
30,2,212.9385,71.0947,54.4811,110.2692,1,1,1,1,
31,2,212.7862,70.0753,54.6405,111.337,1,1,1,1,
32,2,211.8155,70.0753,54.6405,111.337,1,1,1,1,
33,2,211.8155,70.0753,54.6405,111.337,1,1,1,1,
34,2,208.4177,68.3765,58.2001,113.1168,1,1,1,1,
35,2,208.4177,68.3765,58.2001,113.1168,1,1,1,1,
36,2,207.7705,69.0722,58.2001,112.049,1,1,1,1,
37,2,207.7705,69.0722,58.2001,112.049,1,1,1,1,
38,2,207.1233,69.3958,58.2001,112.049,1,1,1,1,
39,2,205.5053,70.0753,58.2001,111.337,1,1,1,1,
40,2,205.3921,69.9135,60.6918,114.8966,1,1,1,1,
41,2,205.3921,69.9135,60.6918,114.8966,1,1,1,1,
1,3,367.7009,63.2413,87.9061,235.2566,1,1,1,1,
2,3,365.3225,68.2743,90.3978,229.984,1,1,1,1,
3,3,365.3225,74.914,90.3978,223.0281,1,1,1,1,
4,3,364.3031,77.6322,91.4656,220.1804,1,1,1,1,
5,3,364.3031,81.03,91.4656,216.6209,1,1,1,1,
6,3,364.3031,81.03,91.4656,216.6209,1,1,1,1,
7,3,362.9117,83.9424,93.6013,216.6209,1,1,1,1,
8,3,362.8631,88.3594,94.6692,211.9935,1,1,1,1,
9,3,365.5813,88.3594,91.8216,211.9935,1,1,1,1,
10,3,365.5813,88.3594,91.8216,211.9935,1,1,1,1,
11,3,369.8544,126.8463,91.8216,174.722,1,1,1,1,
12,3,374.3847,125.2607,98.9407,174.0101,1,1,1,1,
13,3,379.5016,126.9596,99.6822,172.2303,1,1,1,1,
14,3,384.3555,123.4,99.6822,172.2303,1,1,1,1,
15,3,389.7919,126.1182,93.987,169.3827,1,1,1,1,
16,3,393.6912,123.3191,93.631,174.0101,1,1,1,1,
17,3,398.9011,121.6202,92.9191,175.7899,1,1,1,1,
18,3,398.9011,121.6202,92.9191,175.7899,1,1,1,1,
19,3,409.3806,83.1467,84.9917,219.8245,1,1,1,1,
20,3,414.3852,85.962,86.8679,221.9602,1,1,1,1,
21,3,412.9536,90.6218,84.6951,211.9935,1,1,1,1,
22,3,420.9709,97.7421,86.1189,203.4506,1,1,1,1,
23,3,421.8228,104.9247,88.9072,203.4506,1,1,1,1,
24,3,427.9115,111.607,88.2917,191.704,1,1,1,1,
25,3,429.6656,117.1728,92.4148,183.1611,1,1,1,1,
26,3,430.9276,122.2694,93.1267,177.8218,1,1,1,1,
27,3,432.2706,125.8452,92.0589,177.4658,1,1,1,1,
28,3,432.2706,128.2236,92.0589,174.9742,1,1,1,1,
29,3,434.2445,131.6375,91.347,171.0587,1,1,1,1,
30,3,433.5326,133.9027,92.7708,171.0587,1,1,1,1,
31,3,433.5326,133.9027,92.7708,171.0587,1,1,1,1,
32,3,433.8724,133.9027,92.4148,171.0587,1,1,1,1,
33,3,433.8724,133.9027,92.4148,171.0587,1,1,1,1,
34,3,433.8724,133.9027,92.4148,171.0587,1,1,1,1,
35,3,431.4939,129.4856,94.9065,175.6861,1,1,1,1,
36,3,444.4964,126.3629,85.0139,173.1944,1,1,1,1,
37,3,447.0852,123.127,85.0139,173.1944,1,1,1,1,
38,3,449.2371,118.0465,80.3865,178.1778,1,1,1,1,
39,3,449.2533,117.367,80.0306,178.8897,1,1,1,1,
40,3,444.5867,109.5289,83.0265,192.1861,1,1,1,1,
41,3,445.6061,98.3163,81.9587,203.9326,1,1,1,1,
1,4,566.561,47.4861,40.0392,141.7783,1,1,1,1,
2,4,566.561,47.4861,40.0392,141.7783,1,1,1,1,
3,4,566.6257,47.4861,38.6154,141.7783,1,1,1,1,
4,4,566.3656,47.4861,37.5319,141.7783,1,1,1,1,
5,4,561.3296,47.4861,41.5357,141.7783,1,1,1,1,
6,4,560.0353,47.5185,41.5357,141.0664,1,1,1,1,
7,4,557.673,48.4731,43.6714,141.4224,1,1,1,1,
8,4,549.5993,49.4439,50.4346,141.4224,1,1,1,1,
9,4,548.2402,49.4439,51.8584,141.4224,1,1,1,1,
10,4,548.2402,49.4439,51.8584,141.4224,1,1,1,1,
11,4,541.8168,52.5504,57.9096,137.1509,1,1,1,1,
12,4,539.4617,54.2654,59.8887,135.0152,1,1,1,1,
13,4,539.4617,54.2654,59.8887,135.0152,1,1,1,1,
14,4,539.4617,54.2654,59.8887,135.0152,1,1,1,1,
15,4,537.3907,54.6214,62.7364,134.3033,1,1,1,1,
16,4,535.7727,56.4821,62.7364,128.9639,1,1,1,1,
17,4,535.7727,56.4821,62.7364,128.9639,1,1,1,1,
18,4,535.7727,56.4821,62.7364,128.9639,1,1,1,1,
19,4,535.7727,58.5207,62.7364,126.8282,1,1,1,1,
20,4,539.85,58.5207,58.4649,126.8282,1,1,1,1,
21,4,539.5102,58.5207,58.8209,126.8282,1,1,1,1,
22,4,531.0159,60.2196,67.7197,125.0484,1,1,1,1,
23,4,527.7637,60.2034,75.1948,125.4044,1,1,1,1,
24,4,527.7637,60.2034,75.1948,125.4044,1,1,1,1,
25,4,520.4666,62.954,86.2294,121.8448,1,1,1,1,
26,4,520.4666,62.954,86.2294,121.8448,1,1,1,1,
27,4,517.7484,62.954,89.077,121.8448,1,1,1,1,
28,4,517.344,62.9702,90.8568,121.4889,1,1,1,1,
29,4,517.344,62.9702,90.8568,121.4889,1,1,1,1,
30,4,517.344,62.9702,90.8568,121.4889,1,1,1,1,
31,4,532.6338,62.9702,74.8388,121.4889,1,1,1,1,
32,4,533.9282,59.9607,74.8388,123.6246,1,1,1,1,
33,4,538.0055,58.6016,70.5674,125.0484,1,1,1,1,
34,4,539.6895,58.9414,68.8033,124.6925,1,1,1,1,
35,4,539.6895,58.9414,68.8033,124.6925,1,1,1,1,
36,4,545.5951,55.576,59.9044,127.5401,1,1,1,1,
37,4,547.9344,54.6052,54.7416,127.5401,1,1,1,1,
38,4,546.8246,53.9418,53.8702,127.8961,1,1,1,1,
39,4,547.7402,52.5989,51.894,128.9639,1,1,1,1,
40,4,547.8697,52.9225,49.0463,128.9639,1,1,1,1,
41,4,547.8697,52.9225,49.0463,128.9639,1,1,1,1,
1,5,685.9389,53.9097,74.0683,172.8458,1,1,1,1,
2,5,691.2135,56.4984,71.9326,172.8458,1,1,1,1,
3,5,699.5542,58.2458,65.2288,169.9982,1,1,1,1,
4,5,699.1497,59.5402,67.0085,169.9982,1,1,1,1,
5,5,699.4733,58.5209,67.0085,171.0661,1,1,1,1,
6,5,700.1204,59.8153,67.0085,171.0661,1,1,1,1,
7,5,700.5088,61.2229,65.5847,168.5744,1,1,1,1,
8,5,700.831,61.2229,65.6144,168.5744,1,1,1,1,
9,5,700.831,61.2229,65.6144,168.5744,1,1,1,1,
10,5,702.1901,61.2229,64.1906,168.5744,1,1,1,1,
11,5,701.8503,61.2229,64.5465,168.5744,1,1,1,1,
12,5,701.8503,61.2229,64.5465,168.5744,1,1,1,1,
13,5,701.8503,61.2229,64.5465,168.5744,1,1,1,1,
14,5,702.1739,61.5465,64.5465,168.5744,1,1,1,1,
15,5,702.0849,64.022,65.3178,163.947,1,1,1,1,
16,5,701.7452,65.64,65.6737,163.947,1,1,1,1,
17,5,701.7775,67.2742,64.9618,156.4719,1,1,1,1,
18,5,701.7775,67.2742,64.9618,156.4719,1,1,1,1,
19,5,701.8665,74.4094,64.1906,148.9969,1,1,1,1,
20,5,701.2679,76.7879,63.1227,146.5052,1,1,1,1,
21,5,696.9317,82.8876,65.9703,133.3348,1,1,1,1,
22,5,700.6854,86.0198,61.6989,135.6189,1,1,1,1,
23,5,697.5303,90.5016,62.2921,129.5676,1,1,1,1,
24,5,697.5303,90.5016,62.2921,129.5676,1,1,1,1,
25,5,698.0481,102.6364,55.6476,118.889,1,1,1,1,
26,5,696.689,102.7011,57.0715,117.4652,1,1,1,1,
27,5,696.3492,102.7173,57.4274,117.1092,1,1,1,1,
28,5,694.084,114.2858,50.3083,104.6508,1,1,1,1,
29,5,691.7879,118.0234,50.9906,100.7353,1,1,1,1,
30,5,689.0697,120.7739,53.8382,97.1757,1,1,1,1,
31,5,688.7946,125.191,52.7703,92.5483,1,1,1,1,
32,5,690.4935,126.0971,50.9906,93.9721,1,1,1,1,
33,5,690.5582,129.1551,49.5667,90.7685,1,1,1,1,
34,5,690.4787,129.1551,51.3169,90.7685,1,1,1,1,
35,5,690.4787,129.1551,51.3169,90.7685,1,1,1,1,
36,5,690.4787,129.1551,51.3169,90.7685,1,1,1,1,
37,5,690.1551,127.5371,51.3169,90.7685,1,1,1,1,
38,5,690.0903,123.0715,52.7407,96.4638,1,1,1,1,
39,5,684.751,116.9393,56.3002,103.227,1,1,1,1,
40,5,687.1928,113.3798,52.4144,103.227,1,1,1,1,
41,5,687.1928,113.3798,52.4144,103.227,1,1,1,1,
