00009.jpg 223 55 244 479 0.99788
00009.jpg 538 151 117 359 0.99784
00009.jpg 537 163 123 347 0.99739
00009.jpg 224 37 252 501 0.99729
00009.jpg 354 131 222 395 0.99689
00009.jpg 538 150 113 370 0.99589
00009.jpg 235 63 231 461 0.99535
00009.jpg 221 47 251 483 0.99505
00009.jpg 377 133 203 388 0.99502
00009.jpg 537 151 116 362 0.99494
00009.jpg 357 137 226 389 0.99460
00009.jpg 242 56 236 463 0.99439
00009.jpg 541 158 115 355 0.99434
00009.jpg 231 57 257 479 0.99431
00009.jpg 218 55 238 474 0.99357
00009.jpg 228 46 230 490 0.99356
00009.jpg 225 54 231 485 0.99352
00009.jpg 218 59 249 459 0.99286
00009.jpg 208 52 261 470 0.99183
00009.jpg 225 69 246 467 0.99177
00009.jpg 538 151 118 369 0.99160
00009.jpg 126 155 100 249 0.99036
00009.jpg 385 142 194 383 0.99034
00009.jpg 543 162 110 356 0.99002
00009.jpg 359 126 217 399 0.98955
00009.jpg 325 132 259 387 0.98926
00009.jpg 229 43 227 496 0.98893
00009.jpg 211 52 245 482 0.98884
00009.jpg 543 159 108 349 0.98872
00009.jpg 372 134 212 393 0.98861
00009.jpg 538 157 111 358 0.98815
00009.jpg 547 153 99 363 0.98791
00009.jpg 539 160 114 358 0.98766
00009.jpg 537 155 113 363 0.98714
00009.jpg 215 47 251 482 0.98650
00009.jpg 373 123 202 404 0.98624
00009.jpg 363 130 210 382 0.98343
00009.jpg 364 113 214 414 0.98338
00009.jpg 132 146 91 257 0.98287
00009.jpg 361 117 226 407 0.98277
00009.jpg 232 50 240 479 0.98261
00009.jpg 224 55 238 467 0.98119
00009.jpg 133 150 92 255 0.97930
00009.jpg 546 160 115 353 0.97816
00009.jpg 546 158 106 353 0.97701
00009.jpg 352 127 225 397 0.97397
00009.jpg 371 135 196 386 0.97357
00009.jpg 128 141 102 268 0.97218
00009.jpg 365 127 202 398 0.97212
00009.jpg 374 133 197 372 0.97123
00009.jpg 543 156 112 357 0.97046
00009.jpg 549 139 99 381 0.97037
00009.jpg 540 160 113 356 0.96648
00009.jpg 224 62 230 462 0.96493
00009.jpg 224 65 273 451 0.96444
00009.jpg 544 155 111 368 0.96375
00009.jpg 233 50 222 477 0.96198
00009.jpg 217 46 244 483 0.96184
00009.jpg 222 49 239 487 0.96051
00009.jpg 542 158 109 358 0.95964
00009.jpg 537 155 118 351 0.95769
00009.jpg 537 152 118 362 0.95696
00009.jpg 539 155 115 365 0.95620
00009.jpg 370 126 209 395 0.95605
00009.jpg 236 48 228 478 0.95226
00009.jpg 294 99 285 439 0.95160
00009.jpg 234 58 225 476 0.95032
00009.jpg 130 153 90 234 0.95000
00009.jpg 124 154 101 252 0.94896
00009.jpg 544 153 103 366 0.94798
00009.jpg 547 152 113 362 0.94741
00009.jpg 471 182 108 338 0.94740
00009.jpg 543 161 105 347 0.94708
00009.jpg 129 151 92 258 0.94420
00009.jpg 540 154 114 357 0.94370
00009.jpg 132 150 95 252 0.94322
00009.jpg 133 155 92 244 0.94319
00009.jpg 537 160 119 352 0.94306
00009.jpg 388 132 194 395 0.94165
00009.jpg 132 150 84 265 0.93922
00009.jpg 379 109 181 423 0.93750
00009.jpg 329 118 268 395 0.93476
00009.jpg 127 144 98 270 0.93428
00009.jpg 133 157 90 250 0.93425
00009.jpg 375 136 205 386 0.93415
00009.jpg 134 149 81 250 0.93336
00009.jpg 129 154 95 247 0.93103
00009.jpg 547 158 108 360 0.93056
00009.jpg 135 158 91 250 0.92945
00009.jpg 230 52 232 472 0.92728
00009.jpg 137 156 90 241 0.92475
00009.jpg 134 153 93 255 0.92391
00009.jpg 126 150 102 253 0.92388
00009.jpg 539 162 116 331 0.92261
00009.jpg 132 154 90 257 0.92259
00009.jpg 128 146 93 262 0.92142
00009.jpg 546 158 102 364 0.92031
00009.jpg 544 154 112 357 0.92025
00009.jpg 241 57 220 476 0.91930
00009.jpg 129 156 98 249 0.91907
00009.jpg 134 156 96 245 0.91862
00009.jpg 127 149 100 252 0.91773
00009.jpg 540 159 110 358 0.91670
00009.jpg 251 56 304 483 0.91617
00009.jpg 130 141 97 271 0.91434
00009.jpg 139 151 81 254 0.91358
00009.jpg 132 153 92 242 0.91343
00009.jpg 127 155 90 238 0.91072
00009.jpg 225 63 239 470 0.90975
00009.jpg 132 149 91 259 0.90866
00009.jpg 549 141 102 367 0.90662
00009.jpg 223 57 226 461 0.90592
00009.jpg 539 150 111 358 0.90368
00009.jpg 332 134 280 394 0.90009
00009.jpg 309 113 287 410 0.89801
00009.jpg 379 127 205 400 0.89762
00009.jpg 545 149 112 355 0.89529
00009.jpg 129 156 92 251 0.89477
00009.jpg 132 155 95 250 0.89378
00009.jpg 469 154 112 369 0.89285
00009.jpg 130 157 95 241 0.89113
00009.jpg 376 125 202 399 0.88935
00009.jpg 357 128 214 390 0.88455
00009.jpg 131 147 95 261 0.88117
00009.jpg 332 133 269 396 0.88115
00009.jpg 371 133 209 377 0.88104
00009.jpg 127 152 96 241 0.88040
00009.jpg 130 150 100 259 0.87980
00009.jpg 377 124 187 393 0.87955
00009.jpg 543 148 116 371 0.87568
00009.jpg 132 153 85 257 0.87466
00009.jpg 376 137 190 384 0.87356
00009.jpg 128 156 96 253 0.87167
00009.jpg 547 154 106 353 0.86140
00009.jpg 550 154 104 350 0.86092
00009.jpg 132 155 86 255 0.85937
00009.jpg 132 154 89 261 0.85868
00009.jpg 375 120 201 400 0.85861
00009.jpg 366 133 186 383 0.85572
00009.jpg 379 114 185 400 0.85167
00009.jpg 215 63 242 476 0.85087
00009.jpg 134 160 92 248 0.85011
00009.jpg 370 127 192 400 0.84653
00009.jpg 134 155 89 240 0.84604
00009.jpg 397 141 210 390 0.84377
00009.jpg 124 155 102 249 0.84092
00009.jpg 463 176 120 350 0.83223
00009.jpg 527 142 141 373 0.82379
00009.jpg 129 157 97 251 0.80805
00009.jpg 371 134 203 388 0.80361
00009.jpg 135 144 95 262 0.79930
00009.jpg 254 80 273 459 0.78991
00009.jpg 128 153 100 260 0.78878
00009.jpg 137 161 83 236 0.78202
00009.jpg 126 157 100 231 0.77754
00009.jpg 188 68 369 461 0.77562
00009.jpg 535 149 114 368 0.77075
00009.jpg 546 158 113 344 0.76919
00009.jpg 375 126 197 408 0.76855
00009.jpg 229 61 229 449 0.76670
00009.jpg 528 151 136 359 0.76593
00009.jpg 390 136 172 399 0.76551
00009.jpg 133 152 88 260 0.76415
00009.jpg 225 74 265 438 0.75670
00009.jpg 476 162 114 357 0.75520
00009.jpg 369 132 181 377 0.75325
00009.jpg 129 150 100 250 0.74407
00009.jpg 544 153 107 350 0.73885
00009.jpg 490 172 114 349 0.73824
00009.jpg 402 144 194 384 0.73687
00009.jpg 480 195 88 325 0.73413
00009.jpg 475 167 99 357 0.73327
00009.jpg 196 76 316 441 0.73190
00009.jpg 129 146 97 253 0.72842
00009.jpg 399 145 173 377 0.72577
00009.jpg 223 56 220 470 0.72526
00009.jpg 536 153 103 366 0.72141
00009.jpg 133 154 88 255 0.71773
00009.jpg 228 52 231 481 0.71724
00009.jpg 375 126 175 394 0.71477
00009.jpg 369 140 242 383 0.71297
00009.jpg 235 57 241 464 0.70642
00009.jpg 225 70 233 457 0.69617
00009.jpg 135 151 86 256 0.69511
00009.jpg 265 71 255 463 0.69143
00009.jpg 398 136 179 383 0.67605
00009.jpg 161 108 439 407 0.66924
00009.jpg 456 159 129 372 0.66815
00009.jpg 123 160 105 228 0.66740
00009.jpg 130 158 82 229 0.66015
00009.jpg 216 42 252 476 0.65984
00009.jpg 191 65 382 457 0.65388
00009.jpg 542 158 112 342 0.65349
00009.jpg 544 156 114 347 0.65349
00009.jpg 124 147 111 241 0.65282
00009.jpg 125 159 92 235 0.65025
00009.jpg 538 154 129 356 0.64948
00009.jpg 280 99 366 429 0.64805
00009.jpg 237 64 230 460 0.64424
00009.jpg 533 160 125 357 0.64031
00009.jpg 482 212 91 294 0.63319
00009.jpg 460 178 114 355 0.62635
00009.jpg 534 158 121 357 0.62634
00009.jpg 391 140 216 396 0.62215
00009.jpg 484 191 96 339 0.62157
00009.jpg 384 134 176 399 0.62141
00009.jpg 471 191 112 327 0.61968
00009.jpg 213 61 235 468 0.61905
00009.jpg 123 109 32 103 0.61780
00009.jpg 476 195 93 328 0.61646
00009.jpg 370 126 191 398 0.61548
00009.jpg 127 156 101 253 0.61365
00009.jpg 131 148 101 263 0.61220
00009.jpg 370 132 188 395 0.60597
00009.jpg 492 179 87 339 0.60468
00009.jpg 365 146 275 391 0.60403
00009.jpg 127 166 104 246 0.58848
00009.jpg 543 154 116 344 0.58813
00009.jpg 461 194 113 336 0.58786
00009.jpg 531 143 134 375 0.58074
00009.jpg 137 153 93 257 0.57244
00009.jpg 479 218 95 299 0.56955
00009.jpg 244 102 260 413 0.56704
00009.jpg 156 64 440 457 0.56390
00009.jpg 458 180 117 345 0.56266
00009.jpg 308 84 260 455 0.55203
00009.jpg 220 48 236 475 0.55086
00009.jpg 121 108 41 117 0.55000
00009.jpg 230 81 217 437 0.54790
00009.jpg 377 135 211 372 0.54730
00009.jpg 489 168 94 354 0.54148
00009.jpg 127 112 32 95 0.54044
00009.jpg 485 182 87 341 0.53821
00009.jpg 457 192 115 332 0.53724
00009.jpg 217 55 239 472 0.52380
00009.jpg 124 108 35 110 0.50507
00009.jpg 216 76 368 460 0.50354
