00010.jpg 223 64 247 471 0.99898
00010.jpg 391 144 196 379 0.99744
00010.jpg 234 66 237 461 0.99695
00010.jpg 534 151 121 359 0.99693
00010.jpg 222 69 232 459 0.99658
00010.jpg 377 138 205 385 0.99586
00010.jpg 376 140 207 385 0.99464
00010.jpg 221 52 254 473 0.99371
00010.jpg 538 157 115 366 0.99308
00010.jpg 359 138 233 392 0.99298
00010.jpg 379 135 197 393 0.99280
00010.jpg 215 55 255 476 0.99239
00010.jpg 225 52 236 473 0.99212
00010.jpg 228 52 241 477 0.99153
00010.jpg 202 47 280 491 0.99070
00010.jpg 544 158 110 356 0.99012
00010.jpg 368 120 206 403 0.98964
00010.jpg 217 50 275 483 0.98955
00010.jpg 207 40 264 496 0.98943
00010.jpg 541 160 113 357 0.98922
00010.jpg 539 160 121 343 0.98853
00010.jpg 370 134 221 391 0.98677
00010.jpg 538 153 110 362 0.98530
00010.jpg 230 66 231 464 0.98522
00010.jpg 544 157 106 357 0.98487
00010.jpg 534 145 121 368 0.98484
00010.jpg 527 157 130 357 0.98454
00010.jpg 536 153 123 374 0.98399
00010.jpg 234 61 208 471 0.98378
00010.jpg 543 162 109 346 0.98361
00010.jpg 237 59 223 476 0.98303
00010.jpg 539 151 125 355 0.98251
00010.jpg 398 137 174 390 0.98196
00010.jpg 536 154 121 362 0.98194
00010.jpg 219 51 253 485 0.98175
00010.jpg 366 104 224 425 0.98132
00010.jpg 363 134 212 380 0.98110
00010.jpg 228 52 233 477 0.97966
00010.jpg 375 119 208 407 0.97714
00010.jpg 360 138 219 381 0.97676
00010.jpg 537 148 119 368 0.97573
00010.jpg 539 152 114 365 0.97568
00010.jpg 536 153 116 358 0.97556
00010.jpg 223 46 249 473 0.97552
00010.jpg 535 152 124 364 0.97544
00010.jpg 371 130 193 381 0.97399
00010.jpg 372 138 195 388 0.97380
00010.jpg 372 131 212 392 0.97293
00010.jpg 532 154 122 368 0.97280
00010.jpg 132 148 86 262 0.97212
00010.jpg 226 64 215 465 0.97076
00010.jpg 135 148 86 266 0.97029
00010.jpg 226 64 245 468 0.96988
00010.jpg 232 61 241 468 0.96786
00010.jpg 127 151 89 262 0.96768
00010.jpg 379 134 200 385 0.96624
00010.jpg 362 134 220 385 0.96614
00010.jpg 539 151 113 367 0.96558
00010.jpg 371 137 199 375 0.96520
00010.jpg 541 152 116 363 0.96405
00010.jpg 380 129 192 394 0.96175
00010.jpg 222 53 234 477 0.96044
00010.jpg 535 162 122 358 0.96038
00010.jpg 532 156 122 347 0.95690
00010.jpg 532 156 118 356 0.95603
00010.jpg 373 120 204 400 0.95441
00010.jpg 126 155 97 249 0.95362
00010.jpg 375 122 181 402 0.95357
00010.jpg 534 153 122 354 0.95236
00010.jpg 133 159 87 236 0.95108
00010.jpg 537 152 114 359 0.94973
00010.jpg 539 157 111 353 0.94410
00010.jpg 378 123 183 395 0.94395
00010.jpg 347 123 220 390 0.94359
00010.jpg 538 157 117 364 0.94171
00010.jpg 223 95 321 431 0.94164
00010.jpg 374 135 215 386 0.94131
00010.jpg 136 160 85 250 0.93922
00010.jpg 474 162 108 366 0.93584
00010.jpg 131 157 92 241 0.93446
00010.jpg 274 131 374 399 0.93018
00010.jpg 216 69 281 460 0.92928
00010.jpg 541 154 115 361 0.92690
00010.jpg 387 133 198 396 0.92599
00010.jpg 138 151 87 261 0.92514
00010.jpg 128 158 94 256 0.92373
00010.jpg 379 102 192 419 0.92308
00010.jpg 469 171 107 357 0.92284
00010.jpg 541 153 111 363 0.92234
00010.jpg 133 150 87 252 0.92221
00010.jpg 132 152 92 258 0.91793
00010.jpg 537 155 111 353 0.91605
00010.jpg 231 61 220 464 0.91323
00010.jpg 376 131 201 394 0.91054
00010.jpg 135 151 82 249 0.90798
00010.jpg 139 155 77 251 0.90683
00010.jpg 537 149 115 362 0.90534
00010.jpg 231 54 231 477 0.90508
00010.jpg 542 153 106 369 0.90265
00010.jpg 360 146 248 376 0.90143
00010.jpg 224 58 240 472 0.89900
00010.jpg 221 60 254 466 0.89772
00010.jpg 542 161 111 345 0.89728
00010.jpg 539 148 115 350 0.89627
00010.jpg 129 158 89 249 0.89609
00010.jpg 132 151 86 263 0.89554
00010.jpg 131 155 88 250 0.89405
00010.jpg 243 71 318 466 0.89103
00010.jpg 245 80 285 446 0.89100
00010.jpg 126 146 97 271 0.89035
00010.jpg 359 116 210 417 0.88878
00010.jpg 131 158 86 243 0.88806
00010.jpg 212 59 235 474 0.88773
00010.jpg 271 80 305 452 0.88605
00010.jpg 375 136 209 376 0.88376
00010.jpg 133 156 80 241 0.88226
00010.jpg 129 161 92 255 0.88160
00010.jpg 234 62 277 467 0.88007
00010.jpg 128 152 94 264 0.87943
00010.jpg 350 141 271 385 0.87859
00010.jpg 129 152 96 245 0.87711
00010.jpg 541 165 119 349 0.87650
00010.jpg 375 121 219 408 0.87196
00010.jpg 531 139 113 380 0.86859
00010.jpg 133 142 93 288 0.86630
00010.jpg 531 153 122 361 0.86552
00010.jpg 475 178 105 344 0.86185
00010.jpg 293 105 303 422 0.85470
00010.jpg 374 139 202 374 0.85379
00010.jpg 248 83 287 456 0.84591
00010.jpg 460 166 145 356 0.84482
00010.jpg 378 138 186 391 0.84192
00010.jpg 540 163 108 340 0.84106
00010.jpg 125 150 94 256 0.83018
00010.jpg 315 117 312 415 0.82861
00010.jpg 389 136 198 378 0.82784
00010.jpg 131 160 81 254 0.82397
00010.jpg 136 147 84 272 0.82068
00010.jpg 450 148 177 379 0.81782
00010.jpg 228 44 228 490 0.81692
00010.jpg 223 57 272 482 0.80375
00010.jpg 360 121 182 391 0.80153
00010.jpg 130 160 87 271 0.79885
00010.jpg 131 162 83 240 0.79408
00010.jpg 532 156 120 360 0.79297
00010.jpg 464 179 117 348 0.79203
00010.jpg 387 139 195 393 0.79094
00010.jpg 523 154 136 356 0.78682
00010.jpg 127 159 96 262 0.78210
00010.jpg 240 124 374 411 0.77749
00010.jpg 237 60 230 467 0.77705
00010.jpg 130 159 101 258 0.77542
00010.jpg 543 139 106 379 0.76931
00010.jpg 182 45 367 467 0.76908
00010.jpg 370 115 195 410 0.76878
00010.jpg 134 152 76 264 0.76777
00010.jpg 121 156 101 240 0.76187
00010.jpg 392 136 167 396 0.75978
00010.jpg 376 120 212 402 0.75964
00010.jpg 222 55 217 478 0.75630
00010.jpg 533 159 118 354 0.75227
00010.jpg 134 160 78 204 0.75191
00010.jpg 375 125 192 396 0.75024
00010.jpg 125 151 98 270 0.74930
00010.jpg 127 153 95 254 0.74605
00010.jpg 370 123 208 411 0.74265
00010.jpg 231 57 224 474 0.74245
00010.jpg 467 171 102 347 0.74169
00010.jpg 137 159 82 263 0.73759
00010.jpg 544 156 110 360 0.72393
00010.jpg 479 195 105 339 0.72378
00010.jpg 131 155 91 262 0.72178
00010.jpg 538 151 120 363 0.71822
00010.jpg 129 157 90 252 0.71791
00010.jpg 130 162 92 246 0.71526
00010.jpg 531 160 123 349 0.71486
00010.jpg 129 157 92 251 0.71391
00010.jpg 540 149 113 360 0.71303
00010.jpg 134 156 78 238 0.71130
00010.jpg 543 161 118 338 0.70712
00010.jpg 137 161 74 255 0.70169
00010.jpg 134 153 86 281 0.69639
00010.jpg 135 162 87 256 0.69614
00010.jpg 278 98 374 428 0.69087
00010.jpg 217 50 242 481 0.68794
00010.jpg 477 175 99 341 0.68755
00010.jpg 118 157 107 230 0.68634
00010.jpg 136 151 90 268 0.68574
00010.jpg 374 130 175 393 0.68508
00010.jpg 291 86 241 443 0.68079
00010.jpg 168 90 412 433 0.68050
00010.jpg 370 115 172 400 0.67697
00010.jpg 540 162 113 325 0.67522
00010.jpg 539 158 119 333 0.67522
00010.jpg 349 125 206 401 0.67366
00010.jpg 540 155 119 344 0.67007
00010.jpg 218 56 226 465 0.66759
00010.jpg 278 125 380 402 0.66004
00010.jpg 189 69 404 463 0.64468
00010.jpg 427 132 150 397 0.64225
00010.jpg 183 62 356 471 0.64041
00010.jpg 135 163 77 244 0.63274
00010.jpg 547 160 104 340 0.62067
00010.jpg 428 152 185 374 0.60982
00010.jpg 380 121 181 381 0.60615
00010.jpg 121 161 101 261 0.60226
00010.jpg 127 158 94 225 0.59734
00010.jpg 478 214 96 293 0.58975
00010.jpg 456 186 121 337 0.58511
00010.jpg 132 154 80 231 0.56984
00010.jpg 522 159 137 347 0.56936
00010.jpg 128 153 97 232 0.56361
00010.jpg 317 104 230 432 0.56122
00010.jpg 389 141 174 370 0.55887
00010.jpg 456 191 118 334 0.55416
00010.jpg 131 158 75 225 0.54519
00010.jpg 127 176 87 214 0.54105
00010.jpg 429 146 147 377 0.54061
00010.jpg 545 161 113 343 0.53789
00010.jpg 166 95 432 432 0.53684
00010.jpg 484 183 91 336 0.53077
00010.jpg 476 195 100 321 0.53031
00010.jpg 428 142 149 392 0.52158
00010.jpg 535 160 112 348 0.52061
00010.jpg 213 89 308 423 0.51980
00010.jpg 133 151 90 231 0.51623
00010.jpg 127 160 98 204 0.51150
00010.jpg 143 160 78 275 0.50613
00010.jpg 130 162 73 223 0.50411
