00015.jpg 227 66 250 473 0.99790
00015.jpg 213 80 278 443 0.99713
00015.jpg 226 53 254 475 0.99627
00015.jpg 530 160 122 361 0.99620
00015.jpg 526 166 131 349 0.99592
00015.jpg 526 166 129 358 0.99532
00015.jpg 221 62 265 458 0.99512
00015.jpg 213 75 267 444 0.99511
00015.jpg 218 68 250 452 0.99506
00015.jpg 223 83 238 447 0.99357
00015.jpg 222 65 268 461 0.99328
00015.jpg 533 162 116 345 0.99267
00015.jpg 227 68 257 469 0.99265
00015.jpg 227 70 237 467 0.99236
00015.jpg 213 69 259 459 0.99198
00015.jpg 382 139 222 386 0.99144
00015.jpg 372 141 212 380 0.98980
00015.jpg 370 146 229 365 0.98964
00015.jpg 221 59 240 480 0.98692
00015.jpg 215 63 252 476 0.98678
00015.jpg 379 146 202 373 0.98569
00015.jpg 230 59 240 476 0.98426
00015.jpg 368 140 218 374 0.98413
00015.jpg 364 152 210 371 0.98360
00015.jpg 530 166 122 357 0.98349
00015.jpg 372 134 213 394 0.98340
00015.jpg 380 133 208 384 0.98095
00015.jpg 227 75 241 451 0.98094
00015.jpg 220 72 248 449 0.98088
00015.jpg 330 154 295 375 0.97981
00015.jpg 226 73 246 458 0.97901
00015.jpg 529 170 125 348 0.97865
00015.jpg 521 155 142 352 0.97863
00015.jpg 362 151 225 388 0.97829
00015.jpg 228 82 235 447 0.97666
00015.jpg 528 167 127 355 0.97649
00015.jpg 234 74 213 453 0.97624
00015.jpg 395 135 198 398 0.97600
00015.jpg 375 134 199 391 0.97506
00015.jpg 531 168 120 351 0.97462
00015.jpg 376 138 227 390 0.97418
00015.jpg 528 171 125 351 0.97410
00015.jpg 531 161 115 350 0.97353
00015.jpg 227 66 227 462 0.97260
00015.jpg 387 146 199 383 0.97224
00015.jpg 378 151 219 363 0.97188
00015.jpg 530 159 122 360 0.97152
00015.jpg 438 157 203 368 0.97147
00015.jpg 360 147 229 372 0.97042
00015.jpg 533 164 116 353 0.96952
00015.jpg 387 140 200 381 0.96842
00015.jpg 134 172 81 257 0.96774
00015.jpg 375 130 203 387 0.96692
00015.jpg 129 171 83 252 0.96691
00015.jpg 376 139 217 381 0.96531
00015.jpg 387 129 188 409 0.96491
00015.jpg 241 83 275 443 0.96304
00015.jpg 530 166 122 354 0.96165
00015.jpg 525 170 127 345 0.96028
00015.jpg 527 171 124 349 0.95954
00015.jpg 394 146 198 376 0.95853
00015.jpg 529 165 121 350 0.95822
00015.jpg 123 166 98 269 0.95792
00015.jpg 131 161 85 261 0.95774
00015.jpg 524 171 121 334 0.95603
00015.jpg 531 173 116 343 0.95538
00015.jpg 333 139 250 396 0.95523
00015.jpg 129 173 92 242 0.95379
00015.jpg 222 68 244 452 0.95219
00015.jpg 223 63 247 468 0.95210
00015.jpg 352 142 255 374 0.94809
00015.jpg 533 166 115 356 0.94367
00015.jpg 226 74 239 451 0.94277
00015.jpg 529 163 122 358 0.94246
00015.jpg 267 139 331 380 0.94061
00015.jpg 527 168 120 348 0.94006
00015.jpg 129 166 85 267 0.93886
00015.jpg 128 168 81 255 0.93877
00015.jpg 519 158 130 354 0.93655
00015.jpg 540 160 111 350 0.93567
00015.jpg 132 170 79 260 0.93443
00015.jpg 132 170 80 252 0.93232
00015.jpg 493 151 145 368 0.92774
00015.jpg 130 167 90 264 0.92569
00015.jpg 375 139 219 387 0.91978
00015.jpg 525 161 126 360 0.91779
00015.jpg 381 135 200 382 0.91730
00015.jpg 130 172 84 250 0.91630
00015.jpg 129 166 88 260 0.91595
00015.jpg 539 169 115 337 0.91555
00015.jpg 132 157 86 283 0.91538
00015.jpg 135 160 77 272 0.91483
00015.jpg 373 130 202 400 0.91463
00015.jpg 236 82 217 449 0.91202
00015.jpg 526 165 118 342 0.91098
00015.jpg 497 161 142 351 0.90885
00015.jpg 521 175 128 337 0.90046
00015.jpg 131 176 85 238 0.89906
00015.jpg 381 136 214 389 0.89769
00015.jpg 133 163 87 264 0.89533
00015.jpg 230 61 228 470 0.89467
00015.jpg 129 165 88 267 0.89460
00015.jpg 542 166 108 351 0.89306
00015.jpg 380 154 177 357 0.89271
00015.jpg 134 169 78 266 0.89221
00015.jpg 230 72 237 457 0.89051
00015.jpg 346 144 278 390 0.88685
00015.jpg 195 62 298 477 0.88653
00015.jpg 371 117 197 412 0.88518
00015.jpg 128 168 85 255 0.88479
00015.jpg 536 161 116 360 0.88376
00015.jpg 129 167 86 259 0.88278
00015.jpg 130 170 76 265 0.88224
00015.jpg 535 172 108 332 0.88157
00015.jpg 229 72 219 461 0.87687
00015.jpg 133 175 84 251 0.87677
00015.jpg 131 167 79 255 0.87444
00015.jpg 132 168 84 265 0.87128
00015.jpg 238 87 218 436 0.87090
00015.jpg 131 160 84 272 0.87079
00015.jpg 379 131 192 388 0.86916
00015.jpg 129 170 77 253 0.86811
00015.jpg 131 168 80 251 0.86712
00015.jpg 353 142 272 379 0.86462
00015.jpg 131 172 83 255 0.86280
00015.jpg 128 172 82 242 0.85207
00015.jpg 235 56 256 477 0.85003
00015.jpg 126 176 92 259 0.84926
00015.jpg 374 139 213 387 0.84919
00015.jpg 228 71 227 453 0.84523
00015.jpg 529 167 118 352 0.84211
00015.jpg 128 164 89 265 0.83883
00015.jpg 377 153 206 370 0.83593
00015.jpg 522 161 123 349 0.83567
00015.jpg 190 58 344 474 0.82965
00015.jpg 460 171 132 358 0.82476
00015.jpg 231 98 250 411 0.82412
00015.jpg 223 65 236 474 0.81559
00015.jpg 127 172 88 244 0.81322
00015.jpg 344 128 225 381 0.81189
00015.jpg 511 144 139 376 0.80870
00015.jpg 213 70 250 456 0.80496
00015.jpg 130 175 90 265 0.80443
00015.jpg 132 171 81 261 0.80034
00015.jpg 491 156 158 365 0.80018
00015.jpg 361 134 202 388 0.79752
00015.jpg 126 175 86 247 0.79713
00015.jpg 412 145 177 376 0.79084
00015.jpg 372 150 225 368 0.78984
00015.jpg 133 165 85 248 0.78853
00015.jpg 533 167 121 339 0.78822
00015.jpg 176 75 376 424 0.78454
00015.jpg 529 168 115 333 0.77573
00015.jpg 536 159 112 354 0.77400
00015.jpg 539 166 116 355 0.77199
00015.jpg 135 175 77 262 0.77194
00015.jpg 131 157 95 267 0.76615
00015.jpg 396 141 198 386 0.76111
00015.jpg 454 150 172 381 0.75612
00015.jpg 526 170 131 335 0.75535
00015.jpg 475 145 187 387 0.74976
00015.jpg 249 69 307 470 0.74845
00015.jpg 367 146 221 366 0.74807
00015.jpg 132 177 66 229 0.74383
00015.jpg 373 124 200 398 0.74070
00015.jpg 222 87 289 437 0.73987
00015.jpg 128 167 91 262 0.72877
00015.jpg 374 131 235 390 0.72796
00015.jpg 215 73 248 449 0.72609
00015.jpg 502 157 140 355 0.72190
00015.jpg 134 180 66 233 0.71610
00015.jpg 354 137 201 384 0.71597
00015.jpg 207 99 306 422 0.71235
00015.jpg 220 95 284 429 0.70503
00015.jpg 385 149 186 379 0.70208
00015.jpg 524 169 126 323 0.69841
00015.jpg 522 158 152 349 0.69790
00015.jpg 128 171 76 238 0.69217
00015.jpg 129 167 94 266 0.69126
00015.jpg 247 82 327 449 0.68604
00015.jpg 211 99 326 422 0.68462
00015.jpg 364 163 278 370 0.67777
00015.jpg 130 171 74 231 0.67563
00015.jpg 118 168 103 243 0.67456
00015.jpg 218 65 232 451 0.67178
00015.jpg 132 170 84 258 0.66772
00015.jpg 223 115 403 401 0.65925
00015.jpg 128 164 90 249 0.65680
00015.jpg 125 168 94 259 0.65435
00015.jpg 133 177 71 208 0.65385
00015.jpg 394 150 175 380 0.65211
00015.jpg 135 168 85 256 0.65162
00015.jpg 393 136 191 380 0.63855
00015.jpg 134 173 74 258 0.63691
00015.jpg 122 164 102 251 0.62670
00015.jpg 126 157 85 282 0.61268
00015.jpg 420 186 182 338 0.59971
00015.jpg 376 153 196 364 0.59351
00015.jpg 437 196 147 330 0.59179
00015.jpg 495 130 147 391 0.58909
00015.jpg 530 171 126 335 0.58540
00015.jpg 522 166 126 338 0.57294
00015.jpg 126 169 80 239 0.56660
00015.jpg 120 171 99 226 0.54997
00015.jpg 247 82 228 435 0.54856
00015.jpg 202 81 387 452 0.54811
00015.jpg 505 170 150 332 0.54495
00015.jpg 412 147 193 386 0.54437
00015.jpg 358 122 224 407 0.54435
00015.jpg 225 57 284 482 0.54169
00015.jpg 219 65 227 460 0.54085
00015.jpg 525 167 128 338 0.53547
00015.jpg 128 166 75 240 0.53262
00015.jpg 234 65 258 470 0.52517
00015.jpg 125 191 80 214 0.52473
00015.jpg 154 73 413 451 0.52213
00015.jpg 414 143 224 395 0.51847
00015.jpg 127 172 89 204 0.51813
00015.jpg 536 167 116 349 0.51390
00015.jpg 205 78 385 451 0.50836
00015.jpg 370 129 173 394 0.50635
00015.jpg 422 150 207 365 0.50320
00015.jpg 540 167 116 348 0.50314
00015.jpg 479 194 111 332 0.50314
00015.jpg 476 167 181 359 0.50183
00015.jpg 535 170 115 331 0.50044
