00023.jpg 234 90 264 446 0.99903
00023.jpg 222 73 248 451 0.99866
00023.jpg 236 72 262 456 0.99849
00023.jpg 551 170 100 358 0.99810
00023.jpg 538 174 119 343 0.99789
00023.jpg 238 70 225 466 0.99674
00023.jpg 229 74 252 448 0.99631
00023.jpg 220 78 251 453 0.99503
00023.jpg 225 81 238 458 0.99503
00023.jpg 377 151 213 370 0.99492
00023.jpg 537 168 118 357 0.99483
00023.jpg 385 136 217 386 0.99420
00023.jpg 223 81 249 453 0.99403
00023.jpg 542 173 114 350 0.99380
00023.jpg 231 66 234 466 0.99216
00023.jpg 372 143 225 386 0.99186
00023.jpg 372 149 216 381 0.99178
00023.jpg 237 79 242 459 0.99110
00023.jpg 240 79 239 460 0.98796
00023.jpg 550 162 101 356 0.98762
00023.jpg 542 171 116 353 0.98708
00023.jpg 379 147 214 370 0.98664
00023.jpg 547 176 109 353 0.98612
00023.jpg 370 112 228 415 0.98581
00023.jpg 542 173 115 344 0.98560
00023.jpg 369 139 231 387 0.98557
00023.jpg 382 152 208 368 0.98537
00023.jpg 232 67 236 463 0.98482
00023.jpg 548 174 109 344 0.98393
00023.jpg 548 169 109 351 0.98246
00023.jpg 547 164 103 350 0.98216
00023.jpg 372 153 224 381 0.98216
00023.jpg 234 80 249 454 0.98168
00023.jpg 544 170 118 344 0.98132
00023.jpg 222 84 260 427 0.98082
00023.jpg 536 168 118 343 0.98033
00023.jpg 222 69 242 447 0.97917
00023.jpg 542 173 118 352 0.97733
00023.jpg 382 144 198 386 0.97703
00023.jpg 540 163 109 354 0.97669
00023.jpg 263 92 268 435 0.97657
00023.jpg 543 165 118 363 0.97536
00023.jpg 384 141 199 381 0.97521
00023.jpg 391 146 195 381 0.97510
00023.jpg 391 143 204 374 0.97343
00023.jpg 358 149 265 376 0.97326
00023.jpg 382 138 198 388 0.97271
00023.jpg 234 73 240 444 0.97220
00023.jpg 129 169 98 259 0.97218
00023.jpg 546 173 108 347 0.97126
00023.jpg 393 144 206 380 0.97098
00023.jpg 388 128 194 410 0.97060
00023.jpg 227 64 251 475 0.97056
00023.jpg 543 175 115 342 0.97045
00023.jpg 238 74 229 462 0.96972
00023.jpg 130 171 97 264 0.96882
00023.jpg 366 126 231 404 0.96795
00023.jpg 399 145 190 379 0.96719
00023.jpg 545 172 115 340 0.96685
00023.jpg 218 44 259 473 0.96624
00023.jpg 240 74 225 451 0.96465
00023.jpg 546 176 113 341 0.96236
00023.jpg 128 163 100 286 0.96103
00023.jpg 227 55 248 484 0.96095
00023.jpg 239 79 223 454 0.96071
00023.jpg 233 72 228 455 0.96038
00023.jpg 210 82 282 454 0.95968
00023.jpg 236 82 256 450 0.95776
00023.jpg 271 114 289 416 0.95701
00023.jpg 361 145 277 374 0.95630
00023.jpg 370 141 245 390 0.95612
00023.jpg 387 145 214 380 0.95498
00023.jpg 234 73 231 466 0.95105
00023.jpg 224 76 249 447 0.94957
00023.jpg 543 161 117 362 0.94776
00023.jpg 535 169 124 340 0.94658
00023.jpg 231 65 240 465 0.94630
00023.jpg 384 144 192 384 0.94550
00023.jpg 134 170 91 249 0.94500
00023.jpg 537 172 122 345 0.94484
00023.jpg 392 150 204 379 0.94459
00023.jpg 227 56 299 483 0.94428
00023.jpg 545 174 109 335 0.94376
00023.jpg 136 175 95 272 0.94211
00023.jpg 222 81 260 453 0.94185
00023.jpg 539 164 120 360 0.94170
00023.jpg 306 119 308 410 0.93876
00023.jpg 540 160 120 363 0.93804
00023.jpg 540 162 116 363 0.93752
00023.jpg 551 167 103 351 0.93541
00023.jpg 549 169 108 352 0.93134
00023.jpg 551 166 104 345 0.93074
00023.jpg 236 74 231 465 0.92792
00023.jpg 335 106 250 427 0.92246
00023.jpg 381 155 231 372 0.91708
00023.jpg 546 160 116 367 0.91576
00023.jpg 129 163 96 278 0.91522
00023.jpg 228 64 232 470 0.91517
00023.jpg 385 143 196 380 0.91275
00023.jpg 545 170 113 350 0.90970
00023.jpg 541 168 116 356 0.90860
00023.jpg 396 137 224 393 0.90834
00023.jpg 224 72 242 464 0.90500
00023.jpg 131 167 95 263 0.90479
00023.jpg 135 175 88 243 0.90330
00023.jpg 377 141 216 390 0.90081
00023.jpg 544 166 108 350 0.89913
00023.jpg 125 166 105 269 0.89606
00023.jpg 374 154 215 377 0.89439
00023.jpg 484 152 179 377 0.89311
00023.jpg 124 162 103 287 0.89280
00023.jpg 385 134 193 382 0.89059
00023.jpg 543 166 115 357 0.88726
00023.jpg 398 148 209 372 0.88660
00023.jpg 389 125 183 402 0.88343
00023.jpg 395 145 205 370 0.88295
00023.jpg 134 174 88 256 0.87965
00023.jpg 128 166 102 276 0.86905
00023.jpg 127 169 105 266 0.86635
00023.jpg 133 168 94 266 0.86457
00023.jpg 238 91 230 427 0.86262
00023.jpg 385 146 191 375 0.86104
00023.jpg 134 164 87 288 0.86083
00023.jpg 310 122 339 417 0.85729
00023.jpg 228 77 246 450 0.85710
00023.jpg 543 168 113 363 0.85622
00023.jpg 123 177 107 272 0.85473
00023.jpg 131 168 98 276 0.85031
00023.jpg 129 166 105 284 0.85012
00023.jpg 132 173 96 255 0.84774
00023.jpg 372 130 205 395 0.84367
00023.jpg 215 92 281 436 0.84223
00023.jpg 137 176 94 252 0.83696
00023.jpg 128 173 105 267 0.83182
00023.jpg 155 75 416 427 0.82732
00023.jpg 351 155 300 381 0.82332
00023.jpg 135 172 83 257 0.82056
00023.jpg 516 165 137 365 0.81765
00023.jpg 131 173 93 272 0.79828
00023.jpg 135 176 85 266 0.79620
00023.jpg 136 164 92 274 0.79516
00023.jpg 535 160 116 358 0.79442
00023.jpg 258 121 275 406 0.79399
00023.jpg 130 174 108 256 0.78821
00023.jpg 534 173 118 344 0.78567
00023.jpg 131 176 93 265 0.77893
00023.jpg 205 75 385 440 0.77870
00023.jpg 131 169 104 276 0.77653
00023.jpg 131 170 95 255 0.77423
00023.jpg 124 173 108 238 0.77309
00023.jpg 230 90 226 446 0.77234
00023.jpg 135 172 92 284 0.77094
00023.jpg 133 172 99 261 0.77044
00023.jpg 123 166 102 295 0.76824
00023.jpg 133 176 102 258 0.76342
00023.jpg 125 171 108 257 0.75997
00023.jpg 219 72 250 436 0.75423
00023.jpg 468 160 174 379 0.74649
00023.jpg 138 171 87 260 0.74345
00023.jpg 127 165 108 285 0.74236
00023.jpg 300 120 254 400 0.73942
00023.jpg 0 124 41 128 0.73190
00023.jpg 1 121 44 129 0.72126
00023.jpg 132 174 100 270 0.71503
00023.jpg 135 175 95 267 0.71449
00023.jpg 130 172 107 258 0.70964
00023.jpg 127 163 104 272 0.70896
00023.jpg 240 99 257 416 0.70614
00023.jpg 216 97 299 412 0.70457
00023.jpg 283 101 343 438 0.70411
00023.jpg 374 122 213 410 0.70152
00023.jpg 350 134 211 384 0.69958
00023.jpg 263 107 286 432 0.69953
00023.jpg 397 152 180 371 0.69603
00023.jpg 135 164 105 274 0.69151
00023.jpg 132 174 86 252 0.69135
00023.jpg 136 168 98 287 0.68554
00023.jpg 528 172 129 326 0.68352
00023.jpg 440 145 164 390 0.68286
00023.jpg 233 125 402 395 0.68085
00023.jpg 545 177 111 327 0.67913
00023.jpg 123 168 109 256 0.67791
00023.jpg 0 124 48 126 0.66195
00023.jpg 495 152 139 377 0.66072
00023.jpg 543 167 121 348 0.65884
00023.jpg 372 145 193 375 0.65432
00023.jpg 132 179 103 255 0.64490
00023.jpg 0 125 49 129 0.63341
00023.jpg 212 98 315 416 0.62917
00023.jpg 232 83 210 420 0.62141
00023.jpg 187 113 444 407 0.61802
00023.jpg 470 170 141 361 0.60891
00023.jpg 1 127 43 133 0.60705
00023.jpg 2 124 40 138 0.60323
00023.jpg 352 138 287 388 0.59982
00023.jpg 0 123 48 128 0.59897
00023.jpg 126 171 97 235 0.59814
00023.jpg 0 124 43 137 0.59277
00023.jpg 132 175 102 247 0.58772
00023.jpg 398 153 205 359 0.57482
00023.jpg 138 176 83 268 0.57187
00023.jpg 520 148 132 373 0.57116
00023.jpg 225 114 316 395 0.56566
00023.jpg 128 168 97 283 0.56449
00023.jpg 490 137 144 397 0.55407
00023.jpg 385 129 192 393 0.55093
00023.jpg 128 166 105 259 0.55081
00023.jpg 370 155 206 375 0.54538
00023.jpg 126 175 111 252 0.54536
00023.jpg 0 122 45 143 0.54526
00023.jpg 330 128 244 400 0.54324
00023.jpg 138 180 102 279 0.54287
00023.jpg 132 175 101 261 0.53820
00023.jpg 551 159 107 370 0.53784
00023.jpg 128 174 87 241 0.53673
00023.jpg 1 136 42 114 0.53358
00023.jpg 128 176 88 255 0.53216
00023.jpg 142 177 87 267 0.52829
00023.jpg 129 159 96 337 0.52040
00023.jpg 131 172 89 218 0.51850
00023.jpg 1 126 43 132 0.51714
00023.jpg 243 80 222 449 0.51318
00023.jpg 546 171 106 349 0.51284
