00046.jpg 241 73 312 466 0.99948
00046.jpg 557 163 114 342 0.99816
00046.jpg 242 62 292 477 0.99549
00046.jpg 236 52 280 481 0.99224
00046.jpg 556 152 111 370 0.99151
00046.jpg 555 161 111 358 0.98977
00046.jpg 409 112 144 404 0.98972
00046.jpg 237 50 309 481 0.98972
00046.jpg 563 165 107 345 0.98889
00046.jpg 557 158 116 353 0.98879
00046.jpg 567 161 98 351 0.98800
00046.jpg 135 156 107 281 0.98796
00046.jpg 409 122 133 380 0.98770
00046.jpg 236 58 287 481 0.98760
00046.jpg 402 118 161 387 0.98587
00046.jpg 385 107 159 410 0.98530
00046.jpg 136 154 109 263 0.98412
00046.jpg 140 158 104 267 0.98337
00046.jpg 558 157 105 346 0.98260
00046.jpg 559 165 111 342 0.98055
00046.jpg 412 105 131 406 0.97942
00046.jpg 370 99 185 417 0.97910
00046.jpg 565 156 99 355 0.97895
00046.jpg 559 159 111 349 0.97859
00046.jpg 139 151 106 270 0.97837
00046.jpg 410 124 140 387 0.97746
00046.jpg 370 101 189 422 0.97736
00046.jpg 561 143 111 376 0.97682
00046.jpg 244 61 280 468 0.97524
00046.jpg 502 156 101 375 0.97460
00046.jpg 259 82 298 457 0.97445
00046.jpg 504 159 89 366 0.97402
00046.jpg 272 103 293 423 0.97332
00046.jpg 558 161 113 345 0.97321
00046.jpg 135 157 105 269 0.97060
00046.jpg 144 165 96 259 0.96846
00046.jpg 147 152 92 285 0.96802
00046.jpg 564 164 106 344 0.96789
00046.jpg 566 155 94 362 0.96706
00046.jpg 561 159 105 359 0.96703
00046.jpg 135 163 104 264 0.96606
00046.jpg 141 158 106 262 0.96601
00046.jpg 137 149 95 288 0.96591
00046.jpg 266 91 303 444 0.96381
00046.jpg 498 161 114 366 0.96191
00046.jpg 241 55 327 472 0.96144
00046.jpg 407 128 145 375 0.96064
00046.jpg 258 59 258 461 0.95790
00046.jpg 135 154 110 272 0.95695
00046.jpg 250 45 309 494 0.95631
00046.jpg 402 123 156 386 0.95378
00046.jpg 564 156 103 341 0.95264
00046.jpg 137 163 106 281 0.95099
00046.jpg 562 163 103 345 0.95008
00046.jpg 248 60 268 478 0.94927
00046.jpg 138 150 100 290 0.94833
00046.jpg 565 150 99 365 0.94768
00046.jpg 556 161 110 347 0.94662
00046.jpg 142 155 102 280 0.94561
00046.jpg 560 159 108 357 0.94438
00046.jpg 405 110 151 404 0.94297
00046.jpg 234 86 327 440 0.94136
00046.jpg 407 115 132 387 0.94059
00046.jpg 133 163 110 256 0.93967
00046.jpg 235 60 293 472 0.93938
00046.jpg 409 132 174 387 0.93844
00046.jpg 400 119 157 390 0.93516
00046.jpg 261 102 336 423 0.93415
00046.jpg 258 53 270 478 0.93324
00046.jpg 564 153 102 358 0.93304
00046.jpg 269 102 273 423 0.93278
00046.jpg 554 153 114 366 0.92901
00046.jpg 241 48 288 479 0.92834
00046.jpg 238 64 296 468 0.92694
00046.jpg 244 73 277 452 0.92675
00046.jpg 136 159 110 276 0.92578
00046.jpg 559 162 107 340 0.92513
00046.jpg 564 153 105 367 0.92442
00046.jpg 235 61 296 458 0.92327
00046.jpg 513 158 86 371 0.92185
00046.jpg 316 119 340 401 0.91845
00046.jpg 245 70 250 460 0.91251
00046.jpg 409 132 165 385 0.90773
00046.jpg 138 161 106 264 0.90669
00046.jpg 142 154 106 267 0.90510
00046.jpg 367 115 232 396 0.90466
00046.jpg 140 161 103 272 0.90453
00046.jpg 141 160 100 263 0.90404
00046.jpg 560 154 110 356 0.90275
00046.jpg 493 160 109 357 0.90227
00046.jpg 479 154 119 356 0.89947
00046.jpg 563 157 107 352 0.89832
00046.jpg 534 160 147 349 0.89639
00046.jpg 402 122 196 388 0.89588
00046.jpg 493 166 108 358 0.89386
00046.jpg 134 160 113 253 0.89373
00046.jpg 500 161 107 359 0.89352
00046.jpg 510 155 104 360 0.89194
00046.jpg 566 164 99 348 0.89044
00046.jpg 508 154 90 379 0.88980
00046.jpg 457 141 129 379 0.88922
00046.jpg 143 154 97 280 0.88731
00046.jpg 498 148 133 367 0.88117
00046.jpg 141 154 97 277 0.88107
00046.jpg 221 82 322 448 0.87828
00046.jpg 137 149 107 279 0.87527
00046.jpg 137 155 108 274 0.87513
00046.jpg 389 113 154 393 0.87456
00046.jpg 508 149 147 370 0.87191
00046.jpg 240 59 248 468 0.87088
00046.jpg 137 155 108 272 0.87031
00046.jpg 561 142 103 375 0.86974
00046.jpg 237 71 300 456 0.86801
00046.jpg 139 156 99 262 0.86692
00046.jpg 558 151 101 361 0.86660
00046.jpg 400 111 144 392 0.86624
00046.jpg 462 160 147 363 0.86572
00046.jpg 141 158 103 274 0.86490
00046.jpg 441 142 139 383 0.86350
00046.jpg 505 154 105 375 0.86318
00046.jpg 516 155 96 371 0.86303
00046.jpg 415 122 170 395 0.86242
00046.jpg 261 66 325 473 0.86217
00046.jpg 131 152 115 284 0.86190
00046.jpg 135 154 109 268 0.85984
00046.jpg 478 155 124 372 0.85601
00046.jpg 239 75 292 438 0.85290
00046.jpg 508 155 89 375 0.85051
00046.jpg 229 66 305 458 0.84901
00046.jpg 491 160 109 361 0.84773
00046.jpg 143 159 97 281 0.84448
00046.jpg 508 165 88 362 0.84117
00046.jpg 567 154 94 363 0.83878
00046.jpg 235 71 268 462 0.83767
00046.jpg 502 156 110 371 0.83293
00046.jpg 402 137 144 310 0.83023
00046.jpg 435 132 179 383 0.82720
00046.jpg 397 129 176 381 0.82624
00046.jpg 533 154 135 357 0.82604
00046.jpg 134 157 106 251 0.82564
00046.jpg 531 151 121 364 0.82528
00046.jpg 435 130 165 390 0.81808
00046.jpg 257 58 230 470 0.81352
00046.jpg 250 77 304 448 0.81274
00046.jpg 501 155 103 363 0.80969
00046.jpg 493 166 114 366 0.80735
00046.jpg 408 123 139 398 0.80271
00046.jpg 133 157 103 269 0.79922
00046.jpg 564 164 102 330 0.79867
00046.jpg 549 164 106 340 0.79828
00046.jpg 400 101 161 430 0.79119
00046.jpg 364 128 275 383 0.78977
00046.jpg 402 132 132 384 0.78748
00046.jpg 501 170 99 349 0.78500
00046.jpg 525 152 111 376 0.78413
00046.jpg 366 99 188 421 0.78356
00046.jpg 565 149 99 364 0.78298
00046.jpg 393 116 178 409 0.78183
00046.jpg 396 119 152 393 0.77724
00046.jpg 501 157 93 374 0.77385
00046.jpg 255 53 260 472 0.77338
00046.jpg 515 159 87 372 0.77100
00046.jpg 253 69 233 432 0.76748
00046.jpg 567 164 96 333 0.76654
00046.jpg 509 166 89 366 0.76628
00046.jpg 557 159 105 355 0.76191
00046.jpg 399 128 157 404 0.75622
00046.jpg 261 65 323 469 0.74870
00046.jpg 558 161 107 338 0.74748
00046.jpg 559 159 111 343 0.73876
00046.jpg 510 158 84 371 0.73874
00046.jpg 499 148 53 78 0.73686
00046.jpg 412 125 153 398 0.73419
00046.jpg 140 150 108 290 0.73157
00046.jpg 252 63 233 446 0.73114
00046.jpg 399 142 219 376 0.72982
00046.jpg 405 141 129 132 0.72654
00046.jpg 418 131 181 395 0.72608
00046.jpg 560 152 101 362 0.72531
00046.jpg 134 158 105 258 0.71902
00046.jpg 402 126 138 399 0.71392
00046.jpg 489 149 110 390 0.71312
00046.jpg 560 140 111 383 0.71299
00046.jpg 503 153 90 386 0.70739
00046.jpg 405 132 129 322 0.70229
00046.jpg 293 83 322 456 0.69835
00046.jpg 283 105 315 427 0.69731
00046.jpg 403 127 202 399 0.69540
00046.jpg 378 118 221 401 0.69313
00046.jpg 239 43 250 494 0.69296
00046.jpg 232 91 369 440 0.69296
00046.jpg 469 144 147 372 0.69274
00046.jpg 445 136 65 35 0.69126
00046.jpg 509 167 101 343 0.69067
00046.jpg 133 146 108 291 0.68656
00046.jpg 408 136 125 253 0.68291
00046.jpg 244 70 259 435 0.67476
00046.jpg 366 122 294 389 0.67245
00046.jpg 500 147 51 54 0.66923
00046.jpg 525 160 110 351 0.66137
00046.jpg 561 159 112 350 0.65669
00046.jpg 234 73 326 447 0.65527
00046.jpg 386 136 258 389 0.65358
00046.jpg 401 135 146 390 0.65189
00046.jpg 144 164 101 273 0.64415
00046.jpg 504 146 46 58 0.64379
00046.jpg 148 179 93 250 0.63921
00046.jpg 140 158 108 242 0.63736
00046.jpg 496 142 52 58 0.63275
00046.jpg 138 149 111 284 0.62715
00046.jpg 132 161 113 272 0.62427
00046.jpg 513 150 90 372 0.61449
00046.jpg 406 140 130 133 0.61186
00046.jpg 135 166 101 222 0.60792
00046.jpg 214 100 416 420 0.60746
00046.jpg 514 169 84 351 0.60556
00046.jpg 249 59 343 480 0.60391
00046.jpg 367 103 180 413 0.60316
00046.jpg 502 149 50 62 0.59854
00046.jpg 415 138 107 243 0.59778
00046.jpg 411 137 129 219 0.59607
00046.jpg 143 159 105 251 0.59601
00046.jpg 412 140 122 138 0.59400
00046.jpg 138 165 101 293 0.59377
00046.jpg 144 168 102 267 0.59197
00046.jpg 497 147 51 58 0.59099
00046.jpg 237 71 263 406 0.58709
00046.jpg 138 153 106 293 0.58315
00046.jpg 237 67 272 461 0.58239
00046.jpg 552 150 122 360 0.58019
00046.jpg 144 156 91 268 0.57848
00046.jpg 408 138 124 170 0.57199
00046.jpg 417 135 105 153 0.56881
00046.jpg 134 160 104 259 0.56756
00046.jpg 140 160 101 249 0.56713
00046.jpg 383 133 225 372 0.56641
00046.jpg 248 64 324 439 0.56276
00046.jpg 416 130 114 346 0.56232
00046.jpg 366 118 164 413 0.56039
00046.jpg 411 136 125 127 0.55939
00046.jpg 406 140 131 121 0.55874
00046.jpg 538 166 130 345 0.55634
00046.jpg 406 140 141 353 0.55553
00046.jpg 226 74 279 450 0.55332
00046.jpg 402 125 131 195 0.55308
00046.jpg 393 137 168 394 0.55226
00046.jpg 491 150 101 386 0.55107
00046.jpg 501 149 54 66 0.54786
00046.jpg 520 166 140 362 0.54737
00046.jpg 407 142 139 220 0.54731
00046.jpg 241 92 260 422 0.54232
00046.jpg 395 150 138 374 0.53917
00046.jpg 249 62 231 445 0.53775
00046.jpg 132 167 109 205 0.53615
00046.jpg 263 91 238 432 0.52906
00046.jpg 403 130 130 285 0.52526
00046.jpg 447 132 63 48 0.52357
00046.jpg 368 128 286 393 0.51955
00046.jpg 501 145 53 62 0.51668
00046.jpg 498 153 55 47 0.51619
00046.jpg 407 139 125 161 0.51540
00046.jpg 409 129 124 175 0.50824
00046.jpg 385 142 157 379 0.50723
00046.jpg 416 140 117 154 0.50333
00046.jpg 546 161 125 336 0.50315
00046.jpg 501 153 48 69 0.50313
00046.jpg 498 148 54 61 0.50133
00046.jpg 443 130 60 45 0.50037
00046.jpg 498 149 53 58 0.50023
