00049.jpg 249 61 305 478 0.99895
00049.jpg 558 162 112 343 0.99751
00049.jpg 238 63 304 476 0.99565
00049.jpg 243 52 292 479 0.99461
00049.jpg 568 158 95 363 0.99441
00049.jpg 409 113 149 404 0.99400
00049.jpg 393 112 174 402 0.99338
00049.jpg 407 114 154 401 0.99069
00049.jpg 411 109 138 394 0.99069
00049.jpg 137 151 102 267 0.99050
00049.jpg 138 151 109 271 0.99004
00049.jpg 238 69 283 470 0.99003
00049.jpg 560 149 108 372 0.98959
00049.jpg 556 159 116 355 0.98939
00049.jpg 240 70 275 450 0.98725
00049.jpg 569 160 94 353 0.98688
00049.jpg 566 167 100 349 0.98662
00049.jpg 408 116 143 390 0.98557
00049.jpg 399 106 161 412 0.98529
00049.jpg 559 161 108 350 0.98522
00049.jpg 350 98 219 417 0.98386
00049.jpg 147 148 94 269 0.98342
00049.jpg 241 60 298 460 0.98221
00049.jpg 385 114 166 414 0.98016
00049.jpg 139 166 109 238 0.97920
00049.jpg 562 138 108 381 0.97870
00049.jpg 145 157 97 268 0.97785
00049.jpg 260 69 339 467 0.97634
00049.jpg 566 158 96 354 0.97514
00049.jpg 560 156 105 357 0.97457
00049.jpg 565 158 103 346 0.97380
00049.jpg 140 167 99 256 0.97226
00049.jpg 145 162 100 263 0.97212
00049.jpg 559 164 113 355 0.97178
00049.jpg 559 153 111 366 0.97159
00049.jpg 562 162 103 352 0.97113
00049.jpg 138 159 104 257 0.97031
00049.jpg 210 92 341 420 0.96917
00049.jpg 139 160 105 268 0.96886
00049.jpg 563 157 105 355 0.96856
00049.jpg 142 161 100 247 0.96818
00049.jpg 246 60 279 470 0.96792
00049.jpg 238 71 275 462 0.96751
00049.jpg 342 129 278 381 0.96736
00049.jpg 137 159 109 263 0.96699
00049.jpg 137 161 107 269 0.96691
00049.jpg 406 109 158 392 0.96655
00049.jpg 507 165 95 360 0.96547
00049.jpg 321 113 269 406 0.96405
00049.jpg 248 67 296 457 0.96200
00049.jpg 264 52 327 484 0.96091
00049.jpg 563 159 105 352 0.96086
00049.jpg 558 164 109 342 0.96045
00049.jpg 241 70 311 448 0.95903
00049.jpg 566 163 107 346 0.95709
00049.jpg 401 120 160 404 0.95252
00049.jpg 558 151 106 362 0.95226
00049.jpg 251 55 309 480 0.94990
00049.jpg 145 165 97 248 0.94960
00049.jpg 406 120 168 401 0.94889
00049.jpg 570 162 105 335 0.94784
00049.jpg 566 164 105 346 0.94553
00049.jpg 139 162 105 250 0.94488
00049.jpg 143 161 100 256 0.94439
00049.jpg 146 149 92 277 0.94340
00049.jpg 564 153 100 349 0.94281
00049.jpg 255 61 261 476 0.94133
00049.jpg 396 114 176 378 0.94124
00049.jpg 143 163 102 252 0.93858
00049.jpg 143 156 103 268 0.93803
00049.jpg 249 61 273 464 0.93798
00049.jpg 340 109 215 411 0.93782
00049.jpg 408 115 164 411 0.93697
00049.jpg 284 90 320 441 0.93499
00049.jpg 559 162 111 349 0.93470
00049.jpg 144 163 98 260 0.93241
00049.jpg 138 159 101 259 0.93166
00049.jpg 406 111 143 424 0.93110
00049.jpg 143 160 102 253 0.92922
00049.jpg 411 124 135 384 0.92894
00049.jpg 235 73 348 459 0.92840
00049.jpg 399 121 194 390 0.92835
00049.jpg 511 182 94 348 0.92718
00049.jpg 244 63 306 468 0.92701
00049.jpg 141 154 103 270 0.92669
00049.jpg 329 124 344 384 0.92502
00049.jpg 501 164 117 366 0.92374
00049.jpg 560 159 101 352 0.92172
00049.jpg 241 77 312 447 0.91681
00049.jpg 145 149 99 277 0.91678
00049.jpg 247 72 234 440 0.91436
00049.jpg 244 69 246 462 0.91343
00049.jpg 139 162 97 245 0.91337
00049.jpg 408 118 165 399 0.91104
00049.jpg 560 150 105 363 0.90856
00049.jpg 139 166 107 236 0.90840
00049.jpg 537 162 122 349 0.90756
00049.jpg 144 157 95 266 0.90695
00049.jpg 535 159 131 338 0.90504
00049.jpg 549 157 116 354 0.90498
00049.jpg 394 109 179 395 0.90494
00049.jpg 508 160 107 362 0.90296
00049.jpg 405 113 161 402 0.90257
00049.jpg 316 93 244 439 0.90235
00049.jpg 134 156 103 270 0.90232
00049.jpg 399 111 158 416 0.90224
00049.jpg 505 167 107 356 0.90218
00049.jpg 507 169 99 356 0.89531
00049.jpg 385 108 220 406 0.89314
00049.jpg 557 139 103 381 0.89259
00049.jpg 242 76 283 455 0.88950
00049.jpg 140 166 104 239 0.88893
00049.jpg 302 112 327 422 0.88880
00049.jpg 140 152 103 280 0.88531
00049.jpg 248 64 257 469 0.88352
00049.jpg 495 158 115 378 0.88348
00049.jpg 135 156 104 271 0.88172
00049.jpg 142 157 105 258 0.88055
00049.jpg 431 137 144 381 0.87444
00049.jpg 498 159 117 371 0.87186
00049.jpg 136 163 107 251 0.87175
00049.jpg 130 163 111 255 0.86637
00049.jpg 406 129 148 391 0.86510
00049.jpg 499 146 53 56 0.86060
00049.jpg 517 163 99 360 0.85952
00049.jpg 397 97 164 420 0.85189
00049.jpg 405 140 139 287 0.85138
00049.jpg 237 64 251 475 0.85062
00049.jpg 500 173 102 363 0.84822
00049.jpg 141 159 99 268 0.84526
00049.jpg 136 166 107 237 0.84415
00049.jpg 547 156 111 355 0.84324
00049.jpg 409 137 123 235 0.84023
00049.jpg 139 170 105 257 0.83500
00049.jpg 141 155 104 272 0.83311
00049.jpg 147 148 97 283 0.83235
00049.jpg 140 158 108 262 0.82918
00049.jpg 562 158 102 359 0.82753
00049.jpg 239 70 283 448 0.82752
00049.jpg 436 127 156 395 0.82388
00049.jpg 500 147 50 81 0.81903
00049.jpg 430 134 153 389 0.81782
00049.jpg 516 178 94 345 0.81473
00049.jpg 567 154 101 361 0.81140
00049.jpg 562 131 98 391 0.80794
00049.jpg 239 55 293 463 0.80742
00049.jpg 139 163 104 243 0.80421
00049.jpg 229 60 319 445 0.80214
00049.jpg 140 168 103 244 0.80104
00049.jpg 404 120 195 410 0.79467
00049.jpg 569 162 102 340 0.79446
00049.jpg 309 101 211 430 0.79429
00049.jpg 364 135 275 382 0.78999
00049.jpg 246 51 279 471 0.78931
00049.jpg 552 152 118 368 0.78872
00049.jpg 405 137 142 377 0.78500
00049.jpg 304 115 267 415 0.78004
00049.jpg 511 167 89 364 0.77842
00049.jpg 534 159 124 348 0.77728
00049.jpg 549 149 121 362 0.77672
00049.jpg 470 145 148 379 0.77078
00049.jpg 490 169 110 357 0.76167
00049.jpg 391 97 161 430 0.75444
00049.jpg 414 125 169 376 0.75281
00049.jpg 557 160 105 354 0.75241
00049.jpg 421 137 196 379 0.75201
00049.jpg 145 158 86 276 0.75134
00049.jpg 441 138 161 383 0.74852
00049.jpg 499 148 48 53 0.74737
00049.jpg 508 160 86 371 0.74601
00049.jpg 489 154 114 385 0.74435
00049.jpg 490 156 112 365 0.72888
00049.jpg 409 121 151 354 0.72399
00049.jpg 494 146 53 54 0.72037
00049.jpg 511 169 89 357 0.71812
00049.jpg 495 144 51 59 0.71802
00049.jpg 415 138 128 212 0.71330
00049.jpg 242 69 269 459 0.70605
00049.jpg 494 141 53 72 0.70578
00049.jpg 566 164 96 338 0.70493
00049.jpg 503 148 44 56 0.70350
00049.jpg 373 113 177 404 0.70018
00049.jpg 501 145 53 80 0.69541
00049.jpg 242 49 243 480 0.69436
00049.jpg 142 160 97 270 0.69162
00049.jpg 530 160 139 350 0.69153
00049.jpg 550 152 124 348 0.69034
00049.jpg 238 87 395 448 0.68830
00049.jpg 136 167 106 241 0.68348
00049.jpg 294 107 302 404 0.68319
00049.jpg 540 149 132 348 0.68250
00049.jpg 562 155 103 349 0.68236
00049.jpg 398 132 148 351 0.68111
00049.jpg 556 163 107 350 0.67852
00049.jpg 408 140 145 289 0.67679
00049.jpg 214 125 407 389 0.67590
00049.jpg 502 145 45 57 0.67459
00049.jpg 496 147 55 58 0.67441
00049.jpg 414 134 119 343 0.67190
00049.jpg 146 166 92 242 0.67141
00049.jpg 149 159 99 270 0.67108
00049.jpg 147 152 98 292 0.67089
00049.jpg 503 154 104 371 0.66998
00049.jpg 242 56 271 458 0.66780
00049.jpg 251 68 236 448 0.66534
00049.jpg 519 182 87 343 0.66221
00049.jpg 243 74 282 446 0.65590
00049.jpg 500 149 49 50 0.64751
00049.jpg 239 58 364 478 0.64587
00049.jpg 143 157 102 262 0.64556
00049.jpg 416 136 124 297 0.64487
00049.jpg 505 170 89 357 0.64280
00049.jpg 248 55 236 457 0.64232
00049.jpg 140 168 102 251 0.63720
00049.jpg 414 140 123 138 0.63569
00049.jpg 566 157 109 349 0.63338
00049.jpg 264 65 243 451 0.63185
00049.jpg 505 177 113 348 0.62862
00049.jpg 411 123 131 248 0.62771
00049.jpg 504 186 96 342 0.62759
00049.jpg 415 135 120 191 0.62529
00049.jpg 501 147 49 61 0.62520
00049.jpg 411 128 132 208 0.62026
00049.jpg 501 146 54 59 0.61837
00049.jpg 477 166 122 373 0.61571
00049.jpg 141 155 105 281 0.61360
00049.jpg 136 163 105 250 0.61180
00049.jpg 501 149 49 80 0.61000
00049.jpg 498 149 50 54 0.60579
00049.jpg 371 134 279 372 0.60542
00049.jpg 411 140 119 131 0.60450
00049.jpg 386 149 158 368 0.60366
00049.jpg 497 148 55 64 0.60286
00049.jpg 497 149 54 51 0.59720
00049.jpg 503 146 50 104 0.59573
00049.jpg 245 72 242 411 0.59452
00049.jpg 236 59 263 478 0.59420
00049.jpg 414 127 123 186 0.59295
00049.jpg 139 154 103 277 0.59069
00049.jpg 403 129 140 383 0.58799
00049.jpg 245 80 256 444 0.58647
00049.jpg 135 157 113 245 0.58478
00049.jpg 498 141 46 62 0.58404
00049.jpg 493 149 60 54 0.57220
00049.jpg 498 150 54 51 0.57175
00049.jpg 382 123 171 410 0.57084
00049.jpg 382 129 234 390 0.57035
00049.jpg 149 172 82 175 0.56971
00049.jpg 234 69 299 458 0.56837
00049.jpg 494 143 60 59 0.56581
00049.jpg 456 132 185 389 0.56458
00049.jpg 490 165 131 345 0.56425
00049.jpg 504 143 47 58 0.56055
00049.jpg 496 148 56 60 0.55947
00049.jpg 416 131 120 158 0.55788
00049.jpg 495 143 59 58 0.55269
00049.jpg 517 174 94 352 0.55235
00049.jpg 507 158 105 361 0.55112
00049.jpg 505 145 46 59 0.54926
00049.jpg 400 133 153 360 0.54876
00049.jpg 134 165 104 233 0.54874
00049.jpg 409 132 133 336 0.54783
00049.jpg 497 142 47 56 0.54298
00049.jpg 265 85 236 440 0.54075
00049.jpg 514 181 77 345 0.53825
00049.jpg 409 125 150 397 0.53677
00049.jpg 409 142 128 137 0.53079
00049.jpg 351 103 183 412 0.53075
00049.jpg 139 166 98 236 0.53072
00049.jpg 564 159 102 353 0.53036
00049.jpg 226 95 338 437 0.52833
00049.jpg 513 168 87 347 0.52776
00049.jpg 561 139 107 386 0.52664
00049.jpg 414 133 126 252 0.52620
00049.jpg 139 158 108 280 0.52398
00049.jpg 522 180 86 346 0.52283
00049.jpg 493 148 65 63 0.51624
00049.jpg 496 147 55 44 0.51549
00049.jpg 241 72 343 426 0.51350
00049.jpg 461 145 193 374 0.50905
00049.jpg 497 147 54 49 0.50754
00049.jpg 493 147 53 60 0.50395
00049.jpg 411 133 135 247 0.50391
00049.jpg 147 163 87 262 0.50377
00049.jpg 500 150 49 67 0.50331
00049.jpg 245 67 249 449 0.50189
00049.jpg 406 134 152 336 0.50021
00049.jpg 499 139 51 63 0.49991
