00051.jpg 248 59 319 480 0.99901
00051.jpg 565 151 102 372 0.99841
00051.jpg 242 68 328 466 0.99749
00051.jpg 411 132 147 397 0.99719
00051.jpg 404 119 159 400 0.99413
00051.jpg 238 68 309 471 0.99344
00051.jpg 142 150 99 263 0.99326
00051.jpg 498 160 112 356 0.99217
00051.jpg 569 163 100 347 0.99209
00051.jpg 560 164 110 343 0.99200
00051.jpg 564 163 104 347 0.98838
00051.jpg 144 161 93 256 0.98809
00051.jpg 142 161 99 247 0.98569
00051.jpg 563 159 106 351 0.98533
00051.jpg 140 157 89 257 0.98473
00051.jpg 563 143 112 379 0.98391
00051.jpg 403 110 144 400 0.98332
00051.jpg 393 120 184 399 0.98245
00051.jpg 244 56 277 469 0.98186
00051.jpg 386 107 178 408 0.98165
00051.jpg 401 124 152 397 0.98078
00051.jpg 502 143 106 396 0.98036
00051.jpg 244 64 294 472 0.97991
00051.jpg 569 154 102 358 0.97971
00051.jpg 410 109 154 411 0.97924
00051.jpg 562 155 112 358 0.97855
00051.jpg 409 102 177 421 0.97815
00051.jpg 256 53 269 479 0.97809
00051.jpg 259 80 284 459 0.97774
00051.jpg 285 85 271 446 0.97723
00051.jpg 240 47 302 488 0.97719
00051.jpg 395 129 197 368 0.97714
00051.jpg 557 153 118 353 0.97677
00051.jpg 272 87 348 445 0.97647
00051.jpg 139 166 99 240 0.97630
00051.jpg 565 164 101 344 0.97576
00051.jpg 408 108 141 392 0.97543
00051.jpg 145 161 95 260 0.97532
00051.jpg 237 59 268 471 0.97512
00051.jpg 270 92 315 447 0.97509
00051.jpg 236 55 308 484 0.97506
00051.jpg 305 122 358 387 0.97487
00051.jpg 144 160 93 242 0.97292
00051.jpg 144 147 103 269 0.97281
00051.jpg 253 63 354 476 0.97248
00051.jpg 145 146 95 272 0.97123
00051.jpg 494 153 110 374 0.96886
00051.jpg 320 94 271 428 0.96836
00051.jpg 401 127 159 377 0.96678
00051.jpg 248 56 273 461 0.96624
00051.jpg 567 158 102 348 0.96577
00051.jpg 409 118 141 401 0.96548
00051.jpg 569 156 101 361 0.96463
00051.jpg 567 163 98 334 0.96435
00051.jpg 143 151 96 265 0.96237
00051.jpg 548 149 129 363 0.96161
00051.jpg 236 50 300 477 0.95935
00051.jpg 136 161 98 250 0.95928
00051.jpg 565 147 103 370 0.95908
00051.jpg 401 89 155 424 0.95907
00051.jpg 407 115 170 412 0.95842
00051.jpg 563 160 105 346 0.95827
00051.jpg 560 158 112 361 0.95737
00051.jpg 566 160 101 346 0.95722
00051.jpg 563 149 108 370 0.95658
00051.jpg 569 164 110 345 0.95604
00051.jpg 223 76 374 459 0.95398
00051.jpg 139 158 103 256 0.95359
00051.jpg 404 118 159 421 0.95343
00051.jpg 479 152 126 374 0.94951
00051.jpg 138 151 102 268 0.94866
00051.jpg 138 162 100 249 0.94814
00051.jpg 245 70 303 446 0.94759
00051.jpg 564 159 103 342 0.94730
00051.jpg 487 163 119 357 0.94722
00051.jpg 305 93 273 435 0.94714
00051.jpg 377 109 181 412 0.94678
00051.jpg 408 117 170 396 0.94665
00051.jpg 143 160 91 257 0.94534
00051.jpg 511 160 92 379 0.94314
00051.jpg 514 154 109 373 0.94259
00051.jpg 141 159 104 253 0.94093
00051.jpg 412 135 153 386 0.94014
00051.jpg 387 121 221 400 0.93846
00051.jpg 565 162 102 337 0.93736
00051.jpg 559 156 108 359 0.93645
00051.jpg 565 156 102 349 0.93631
00051.jpg 144 156 93 259 0.93619
00051.jpg 142 161 94 248 0.93576
00051.jpg 564 156 106 358 0.93574
00051.jpg 520 159 130 353 0.93417
00051.jpg 141 151 97 262 0.93352
00051.jpg 141 156 98 254 0.93159
00051.jpg 370 121 191 393 0.92858
00051.jpg 411 113 163 406 0.92652
00051.jpg 137 158 105 260 0.92627
00051.jpg 492 155 105 375 0.92499
00051.jpg 146 159 94 273 0.92351
00051.jpg 251 70 292 451 0.91887
00051.jpg 443 149 148 382 0.91431
00051.jpg 140 156 98 263 0.91205
00051.jpg 142 160 94 254 0.90779
00051.jpg 560 152 109 350 0.90285
00051.jpg 507 155 107 371 0.90031
00051.jpg 246 56 272 479 0.89887
00051.jpg 493 160 113 357 0.89709
00051.jpg 560 161 114 337 0.89164
00051.jpg 567 152 107 360 0.88855
00051.jpg 565 156 98 356 0.88637
00051.jpg 508 163 96 368 0.87971
00051.jpg 140 165 99 226 0.87927
00051.jpg 148 155 83 256 0.87876
00051.jpg 389 111 178 406 0.87620
00051.jpg 502 146 106 391 0.87555
00051.jpg 568 158 104 343 0.87391
00051.jpg 502 161 101 373 0.87050
00051.jpg 138 152 107 261 0.87026
00051.jpg 499 148 103 383 0.87011
00051.jpg 564 150 103 360 0.86938
00051.jpg 290 116 332 414 0.86819
00051.jpg 470 155 166 355 0.86548
00051.jpg 237 83 332 434 0.86431
00051.jpg 408 134 172 383 0.86177
00051.jpg 243 55 326 474 0.85975
00051.jpg 501 164 108 356 0.85573
00051.jpg 137 163 103 242 0.85353
00051.jpg 246 61 239 467 0.85296
00051.jpg 137 150 100 268 0.84764
00051.jpg 144 159 86 262 0.84418
00051.jpg 562 158 112 342 0.84332
00051.jpg 238 66 295 447 0.83567
00051.jpg 255 59 356 480 0.83300
00051.jpg 563 150 102 357 0.83227
00051.jpg 328 127 346 377 0.83188
00051.jpg 560 147 112 372 0.83084
00051.jpg 243 70 256 464 0.82879
00051.jpg 410 137 148 357 0.82581
00051.jpg 140 157 100 245 0.82522
00051.jpg 240 44 262 494 0.82483
00051.jpg 146 155 94 260 0.82145
00051.jpg 139 156 90 249 0.82011
00051.jpg 332 114 244 417 0.81955
00051.jpg 145 157 90 260 0.81748
00051.jpg 140 161 106 261 0.81704
00051.jpg 249 93 394 442 0.81660
00051.jpg 247 59 283 464 0.81279
00051.jpg 554 157 113 353 0.81216
00051.jpg 399 133 177 359 0.81195
00051.jpg 409 125 186 404 0.80965
00051.jpg 224 52 336 454 0.80441
00051.jpg 490 155 113 381 0.79979
00051.jpg 405 126 197 396 0.78963
00051.jpg 143 155 99 276 0.78695
00051.jpg 144 161 89 241 0.78666
00051.jpg 140 163 99 249 0.78524
00051.jpg 142 161 102 243 0.78425
00051.jpg 145 150 86 275 0.78281
00051.jpg 415 139 130 300 0.78022
00051.jpg 565 154 94 357 0.77734
00051.jpg 511 157 99 370 0.77731
00051.jpg 219 90 386 449 0.77706
00051.jpg 545 159 124 347 0.77534
00051.jpg 550 154 139 339 0.77039
00051.jpg 404 128 147 407 0.76023
00051.jpg 562 149 108 364 0.75915
00051.jpg 142 168 97 233 0.75859
00051.jpg 510 167 98 337 0.75798
00051.jpg 500 170 104 362 0.75505
00051.jpg 570 164 97 337 0.75439
00051.jpg 502 148 93 391 0.75237
00051.jpg 498 153 100 386 0.74809
00051.jpg 144 160 98 255 0.74568
00051.jpg 411 133 135 362 0.74217
00051.jpg 492 158 114 362 0.73980
00051.jpg 505 145 50 59 0.73956
00051.jpg 143 160 97 259 0.73164
00051.jpg 502 144 54 60 0.72993
00051.jpg 503 147 57 59 0.72941
00051.jpg 142 162 96 255 0.72615
00051.jpg 140 167 90 239 0.72599
00051.jpg 233 63 298 464 0.72395
00051.jpg 528 172 108 334 0.72175
00051.jpg 235 79 366 454 0.71898
00051.jpg 134 157 106 261 0.71516
00051.jpg 376 130 243 384 0.71247
00051.jpg 505 147 55 63 0.70849
00051.jpg 503 147 55 78 0.70649
00051.jpg 502 149 59 66 0.70648
00051.jpg 411 124 147 407 0.70280
00051.jpg 405 133 146 332 0.69385
00051.jpg 145 162 97 261 0.69210
00051.jpg 243 75 262 453 0.69021
00051.jpg 508 164 94 359 0.68861
00051.jpg 259 65 230 452 0.68859
00051.jpg 412 136 157 393 0.68438
00051.jpg 147 172 83 239 0.68423
00051.jpg 509 176 101 351 0.68263
00051.jpg 264 60 338 477 0.68103
00051.jpg 243 49 278 471 0.68093
00051.jpg 490 146 109 393 0.68035
00051.jpg 517 165 104 366 0.67867
00051.jpg 502 166 123 369 0.67184
00051.jpg 372 113 177 408 0.67111
00051.jpg 145 158 91 265 0.67031
00051.jpg 141 156 95 263 0.66986
00051.jpg 157 168 69 127 0.66847
00051.jpg 528 169 131 358 0.65949
00051.jpg 507 146 50 68 0.65937
00051.jpg 399 136 164 388 0.65836
00051.jpg 563 152 108 348 0.65801
00051.jpg 145 158 95 259 0.65363
00051.jpg 142 160 94 237 0.64680
00051.jpg 252 67 234 457 0.64144
00051.jpg 501 142 51 74 0.64106
00051.jpg 491 133 128 390 0.64084
00051.jpg 500 148 59 61 0.63944
00051.jpg 142 153 103 258 0.63766
00051.jpg 218 79 352 455 0.63082
00051.jpg 235 55 267 467 0.62311
00051.jpg 503 148 53 65 0.61779
00051.jpg 372 123 194 399 0.61531
00051.jpg 248 52 240 450 0.61481
00051.jpg 242 65 258 429 0.61380
00051.jpg 181 108 455 402 0.61295
00051.jpg 341 88 208 451 0.61020
00051.jpg 476 163 126 366 0.60833
00051.jpg 139 164 90 251 0.60681
00051.jpg 412 116 142 376 0.60676
00051.jpg 505 146 51 103 0.60133
00051.jpg 561 147 105 365 0.59721
00051.jpg 216 127 379 385 0.59470
00051.jpg 153 169 84 145 0.59432
00051.jpg 567 156 99 354 0.59395
00051.jpg 153 160 79 268 0.59211
00051.jpg 500 143 62 84 0.59150
00051.jpg 305 86 316 445 0.58884
00051.jpg 500 144 59 68 0.58791
00051.jpg 502 152 55 54 0.58626
00051.jpg 503 147 56 90 0.58519
00051.jpg 505 147 47 60 0.58188
00051.jpg 503 144 60 80 0.57880
00051.jpg 412 129 145 394 0.57655
00051.jpg 383 140 256 372 0.57369
00051.jpg 395 125 144 396 0.57195
00051.jpg 501 145 53 88 0.56970
00051.jpg 502 148 65 67 0.56923
00051.jpg 417 132 127 239 0.56794
00051.jpg 506 159 95 379 0.56733
00051.jpg 551 152 123 362 0.56286
00051.jpg 151 175 75 109 0.56054
00051.jpg 143 164 105 261 0.56000
00051.jpg 517 160 102 373 0.55941
00051.jpg 346 121 206 375 0.55928
00051.jpg 145 157 92 235 0.55124
00051.jpg 239 67 256 457 0.55109
00051.jpg 543 153 109 368 0.54126
00051.jpg 410 126 134 360 0.54011
00051.jpg 156 155 84 275 0.53413
00051.jpg 149 157 74 125 0.53300
00051.jpg 502 148 57 61 0.52993
00051.jpg 498 148 63 62 0.52979
00051.jpg 146 168 86 249 0.52741
00051.jpg 407 136 141 293 0.52394
00051.jpg 365 139 228 370 0.52284
00051.jpg 136 147 101 286 0.52252
00051.jpg 501 171 102 349 0.52219
00051.jpg 406 143 148 360 0.51596
00051.jpg 140 183 94 237 0.51489
00051.jpg 390 129 277 376 0.51344
00051.jpg 501 147 55 67 0.51325
00051.jpg 507 148 53 87 0.51228
00051.jpg 355 119 171 405 0.51174
00051.jpg 481 136 122 383 0.50666
00051.jpg 288 88 221 439 0.50593
00051.jpg 500 139 55 65 0.50577
00051.jpg 505 146 52 77 0.50486
00051.jpg 504 148 57 86 0.50261
00051.jpg 245 79 262 438 0.50021
00051.jpg 504 141 56 62 0.49979
00051.jpg 145 141 90 291 0.49974
