00057.jpg 250 65 313 465 0.99909
00057.jpg 562 163 111 339 0.99843
00057.jpg 566 154 111 363 0.99664
00057.jpg 239 57 329 482 0.99568
00057.jpg 408 124 155 381 0.99560
00057.jpg 407 114 162 395 0.99420
00057.jpg 250 52 283 480 0.99404
00057.jpg 244 60 318 474 0.99395
00057.jpg 409 138 136 367 0.99305
00057.jpg 402 113 159 404 0.99268
00057.jpg 248 69 297 464 0.99234
00057.jpg 562 159 109 356 0.99207
00057.jpg 567 166 106 345 0.99024
00057.jpg 232 62 312 477 0.99012
00057.jpg 259 68 278 471 0.99002
00057.jpg 144 149 101 267 0.98978
00057.jpg 141 157 94 262 0.98740
00057.jpg 567 151 101 359 0.98709
00057.jpg 568 159 108 348 0.98261
00057.jpg 273 109 309 430 0.98208
00057.jpg 244 67 290 464 0.98195
00057.jpg 224 54 337 464 0.98118
00057.jpg 272 74 325 463 0.98104
00057.jpg 568 152 100 362 0.98078
00057.jpg 566 152 107 360 0.98070
00057.jpg 411 127 142 390 0.98027
00057.jpg 409 111 152 404 0.97954
00057.jpg 405 116 149 404 0.97899
00057.jpg 147 156 97 255 0.97855
00057.jpg 341 113 251 408 0.97803
00057.jpg 567 157 103 351 0.97763
00057.jpg 569 161 99 349 0.97738
00057.jpg 412 118 168 395 0.97673
00057.jpg 269 75 288 460 0.97561
00057.jpg 147 158 97 256 0.97530
00057.jpg 402 116 156 393 0.97463
00057.jpg 371 118 197 400 0.97429
00057.jpg 141 153 98 261 0.97405
00057.jpg 303 106 330 408 0.97296
00057.jpg 413 112 162 407 0.97238
00057.jpg 565 160 106 340 0.97171
00057.jpg 498 142 114 392 0.97154
00057.jpg 400 132 210 373 0.97143
00057.jpg 405 126 171 385 0.96972
00057.jpg 559 147 118 358 0.96847
00057.jpg 146 160 94 257 0.96792
00057.jpg 426 114 145 402 0.96680
00057.jpg 499 139 110 399 0.96678
00057.jpg 508 144 94 395 0.96647
00057.jpg 572 152 95 362 0.96438
00057.jpg 242 55 274 472 0.96321
00057.jpg 567 159 113 354 0.96237
00057.jpg 410 124 137 385 0.96211
00057.jpg 574 157 101 352 0.96157
00057.jpg 231 60 339 444 0.95938
00057.jpg 572 149 95 365 0.95819
00057.jpg 480 153 125 368 0.95718
00057.jpg 142 163 105 252 0.95667
00057.jpg 410 94 141 408 0.95509
00057.jpg 571 133 99 386 0.95501
00057.jpg 503 152 105 373 0.95500
00057.jpg 266 73 330 464 0.95382
00057.jpg 569 152 106 353 0.95365
00057.jpg 563 160 110 353 0.95228
00057.jpg 508 138 91 401 0.95188
00057.jpg 245 62 268 466 0.95102
00057.jpg 406 111 153 412 0.95085
00057.jpg 255 53 330 485 0.94951
00057.jpg 468 149 145 369 0.94931
00057.jpg 559 155 118 348 0.94930
00057.jpg 413 112 139 416 0.94795
00057.jpg 141 156 99 267 0.94734
00057.jpg 150 160 84 243 0.94714
00057.jpg 576 160 99 340 0.94701
00057.jpg 249 64 287 452 0.94600
00057.jpg 555 146 103 357 0.94578
00057.jpg 496 152 109 387 0.94549
00057.jpg 501 159 105 378 0.94478
00057.jpg 146 158 88 263 0.94321
00057.jpg 563 158 109 357 0.94302
00057.jpg 568 161 106 345 0.94132
00057.jpg 572 150 98 368 0.94052
00057.jpg 143 157 95 262 0.93914
00057.jpg 146 154 93 269 0.93862
00057.jpg 145 156 90 260 0.93854
00057.jpg 367 111 186 410 0.93735
00057.jpg 143 154 104 267 0.93478
00057.jpg 261 56 334 483 0.93343
00057.jpg 138 154 106 267 0.93268
00057.jpg 508 151 97 373 0.93027
00057.jpg 499 142 99 378 0.92924
00057.jpg 336 98 210 420 0.92902
00057.jpg 226 69 349 468 0.92637
00057.jpg 501 145 106 384 0.92441
00057.jpg 410 133 144 390 0.92187
00057.jpg 249 50 290 489 0.91773
00057.jpg 258 74 242 455 0.91754
00057.jpg 147 148 87 274 0.91529
00057.jpg 140 159 103 259 0.91354
00057.jpg 403 127 165 384 0.91065
00057.jpg 252 64 265 458 0.90875
00057.jpg 495 143 113 396 0.90830
00057.jpg 411 123 145 413 0.90808
00057.jpg 147 163 93 264 0.90750
00057.jpg 254 72 294 463 0.90651
00057.jpg 145 151 99 271 0.90288
00057.jpg 144 158 101 271 0.90132
00057.jpg 325 100 264 418 0.89987
00057.jpg 246 60 326 474 0.89976
00057.jpg 243 40 280 499 0.89944
00057.jpg 150 160 96 265 0.89799
00057.jpg 143 157 99 262 0.89531
00057.jpg 146 141 97 288 0.89455
00057.jpg 570 150 103 364 0.89132
00057.jpg 146 164 93 247 0.89100
00057.jpg 141 166 103 258 0.89002
00057.jpg 142 158 101 269 0.88912
00057.jpg 143 160 101 250 0.88745
00057.jpg 500 136 104 403 0.88126
00057.jpg 232 93 337 443 0.87910
00057.jpg 142 160 91 248 0.87737
00057.jpg 515 142 96 393 0.87680
00057.jpg 405 130 193 383 0.87305
00057.jpg 143 161 96 246 0.87209
00057.jpg 453 143 153 374 0.86819
00057.jpg 249 60 261 468 0.86799
00057.jpg 389 110 186 405 0.86595
00057.jpg 559 143 110 364 0.86441
00057.jpg 329 99 212 428 0.85912
00057.jpg 346 143 333 376 0.85846
00057.jpg 140 145 100 288 0.85686
00057.jpg 514 144 115 388 0.85673
00057.jpg 232 69 312 462 0.85194
00057.jpg 566 159 110 357 0.85091
00057.jpg 249 56 313 460 0.85041
00057.jpg 147 156 94 272 0.84778
00057.jpg 329 105 260 424 0.84664
00057.jpg 152 160 84 254 0.84654
00057.jpg 505 137 104 399 0.84256
00057.jpg 248 86 396 449 0.83362
00057.jpg 479 160 140 349 0.83361
00057.jpg 138 157 100 260 0.83316
00057.jpg 514 147 93 384 0.83282
00057.jpg 420 130 153 395 0.83081
00057.jpg 144 151 99 275 0.82967
00057.jpg 534 155 146 338 0.82831
00057.jpg 144 160 97 263 0.82557
00057.jpg 367 132 245 379 0.82117
00057.jpg 507 146 56 58 0.81704
00057.jpg 510 145 55 62 0.81315
00057.jpg 574 150 89 373 0.81291
00057.jpg 249 59 260 472 0.81109
00057.jpg 496 134 105 379 0.81109
00057.jpg 537 152 142 344 0.81097
00057.jpg 502 154 103 381 0.81069
00057.jpg 506 146 58 55 0.80863
00057.jpg 492 153 119 369 0.80526
00057.jpg 507 145 59 60 0.80477
00057.jpg 411 133 160 379 0.80397
00057.jpg 502 144 65 56 0.80223
00057.jpg 432 132 215 385 0.79898
00057.jpg 438 125 167 391 0.79711
00057.jpg 148 154 97 263 0.79639
00057.jpg 433 134 181 386 0.79632
00057.jpg 140 149 103 271 0.79559
00057.jpg 506 145 61 69 0.79363
00057.jpg 566 156 106 360 0.78838
00057.jpg 494 135 102 404 0.77963
00057.jpg 413 119 141 411 0.77416
00057.jpg 142 159 92 247 0.77398
00057.jpg 145 155 88 269 0.77194
00057.jpg 417 128 129 411 0.76976
00057.jpg 240 55 286 466 0.76945
00057.jpg 552 152 119 364 0.76812
00057.jpg 416 123 135 375 0.76741
00057.jpg 520 164 102 335 0.76519
00057.jpg 506 144 62 57 0.75844
00057.jpg 558 152 114 358 0.75653
00057.jpg 385 139 162 399 0.75419
00057.jpg 146 157 95 255 0.75203
00057.jpg 479 146 118 379 0.75166
00057.jpg 146 152 93 277 0.75103
00057.jpg 507 144 97 395 0.74989
00057.jpg 144 159 102 258 0.74428
00057.jpg 246 55 280 484 0.72814
00057.jpg 504 141 57 60 0.72509
00057.jpg 570 160 96 339 0.72102
00057.jpg 137 156 106 268 0.71789
00057.jpg 507 141 102 389 0.71614
00057.jpg 136 160 106 239 0.71501
00057.jpg 264 102 372 429 0.70394
00057.jpg 145 161 100 243 0.70354
00057.jpg 398 140 157 395 0.70137
00057.jpg 508 144 50 55 0.69975
00057.jpg 505 147 60 59 0.69938
00057.jpg 505 144 58 55 0.69171
00057.jpg 503 148 61 53 0.68660
00057.jpg 508 152 58 51 0.68651
00057.jpg 544 166 125 347 0.68359
00057.jpg 140 165 105 229 0.68250
00057.jpg 503 124 100 414 0.67786
00057.jpg 224 88 393 433 0.67680
00057.jpg 408 130 151 372 0.67559
00057.jpg 563 157 104 344 0.67288
00057.jpg 508 145 52 58 0.67262
00057.jpg 371 105 179 421 0.67130
00057.jpg 251 65 250 456 0.67064
00057.jpg 284 87 228 447 0.66804
00057.jpg 505 149 64 73 0.66574
00057.jpg 415 140 194 367 0.66403
00057.jpg 503 149 60 53 0.66127
00057.jpg 507 145 54 59 0.66031
00057.jpg 473 140 125 390 0.66019
00057.jpg 431 127 161 375 0.66009
00057.jpg 570 159 104 345 0.65990
00057.jpg 152 158 92 258 0.65773
00057.jpg 510 148 61 63 0.65509
00057.jpg 490 123 126 400 0.65399
00057.jpg 426 124 134 390 0.65174
00057.jpg 468 140 121 368 0.64788
00057.jpg 423 117 127 382 0.64645
00057.jpg 243 72 273 451 0.63482
00057.jpg 507 145 53 58 0.63459
00057.jpg 577 157 94 347 0.62860
00057.jpg 146 155 96 250 0.62479
00057.jpg 550 150 117 364 0.62236
00057.jpg 499 138 157 373 0.62026
00057.jpg 509 144 52 59 0.61943
00057.jpg 418 132 132 371 0.61624
00057.jpg 426 133 118 328 0.61576
00057.jpg 504 145 66 63 0.61508
00057.jpg 573 158 102 354 0.61217
00057.jpg 511 147 56 63 0.60703
00057.jpg 506 147 53 60 0.59665
00057.jpg 525 154 159 360 0.59332
00057.jpg 249 71 347 453 0.59065
00057.jpg 562 158 115 347 0.59046
00057.jpg 512 167 87 356 0.58852
00057.jpg 508 148 61 56 0.58613
00057.jpg 421 127 131 324 0.58591
00057.jpg 260 66 238 467 0.58387
00057.jpg 505 143 60 72 0.58365
00057.jpg 148 158 78 204 0.58321
00057.jpg 508 148 64 77 0.58277
00057.jpg 419 126 134 375 0.57770
00057.jpg 511 143 55 61 0.57296
00057.jpg 139 164 101 221 0.56800
00057.jpg 140 164 105 234 0.56690
00057.jpg 514 171 102 359 0.56372
00057.jpg 395 125 274 380 0.56039
00057.jpg 235 102 330 410 0.55630
00057.jpg 148 156 90 277 0.55513
00057.jpg 506 141 48 61 0.55387
00057.jpg 505 146 75 57 0.55012
00057.jpg 244 84 342 451 0.54976
00057.jpg 238 72 296 456 0.54551
00057.jpg 505 147 57 46 0.54399
00057.jpg 266 79 344 416 0.54214
00057.jpg 508 149 62 58 0.53269
00057.jpg 569 135 90 387 0.53225
00057.jpg 507 144 54 55 0.52667
00057.jpg 424 137 125 224 0.52469
00057.jpg 552 149 124 361 0.52240
00057.jpg 508 143 52 69 0.52187
00057.jpg 407 131 149 388 0.52172
00057.jpg 139 155 103 252 0.52029
00057.jpg 417 129 138 350 0.51796
00057.jpg 510 149 95 364 0.51543
00057.jpg 503 144 67 81 0.51436
00057.jpg 504 140 68 135 0.51434
00057.jpg 422 123 117 391 0.51380
00057.jpg 498 138 94 389 0.51226
00057.jpg 242 71 245 410 0.51195
00057.jpg 510 141 53 61 0.50200
00057.jpg 491 141 107 388 0.50007
