00070.jpg 236 64 342 466 0.99921
00070.jpg 236 60 336 479 0.99861
00070.jpg 231 52 324 478 0.99749
00070.jpg 575 148 99 375 0.99744
00070.jpg 570 159 107 339 0.99724
00070.jpg 240 62 328 475 0.99673
00070.jpg 564 152 113 363 0.99671
00070.jpg 573 154 107 351 0.99552
00070.jpg 236 56 320 466 0.99340
00070.jpg 571 158 112 346 0.99263
00070.jpg 496 162 120 364 0.98988
00070.jpg 564 156 112 351 0.98984
00070.jpg 405 126 180 376 0.98878
00070.jpg 571 150 109 362 0.98868
00070.jpg 247 77 327 457 0.98691
00070.jpg 227 69 322 460 0.98069
00070.jpg 144 144 100 270 0.97964
00070.jpg 574 153 103 362 0.97954
00070.jpg 583 160 94 351 0.97847
00070.jpg 146 153 93 256 0.97772
00070.jpg 577 156 101 355 0.97606
00070.jpg 149 155 95 258 0.97586
00070.jpg 411 118 188 382 0.97389
00070.jpg 576 153 101 357 0.97380
00070.jpg 241 56 314 473 0.97367
00070.jpg 318 99 301 408 0.97345
00070.jpg 144 157 105 253 0.97344
00070.jpg 412 127 166 382 0.97341
00070.jpg 149 160 96 249 0.97315
00070.jpg 390 123 177 369 0.97251
00070.jpg 237 66 319 469 0.97232
00070.jpg 238 70 272 465 0.97120
00070.jpg 407 123 172 391 0.97074
00070.jpg 147 158 102 242 0.97068
00070.jpg 575 156 101 359 0.97041
00070.jpg 570 156 110 353 0.97018
00070.jpg 148 149 99 261 0.96999
00070.jpg 415 133 152 356 0.96912
00070.jpg 575 156 106 348 0.96769
00070.jpg 580 164 88 336 0.96754
00070.jpg 226 72 375 460 0.96448
00070.jpg 364 135 255 359 0.96428
00070.jpg 235 59 300 458 0.96331
00070.jpg 244 45 271 494 0.96035
00070.jpg 239 73 366 450 0.95893
00070.jpg 408 121 168 388 0.95671
00070.jpg 579 152 100 360 0.95519
00070.jpg 568 157 110 364 0.95503
00070.jpg 245 62 308 464 0.95356
00070.jpg 579 153 97 355 0.95189
00070.jpg 145 158 98 255 0.95173
00070.jpg 234 66 306 454 0.95166
00070.jpg 254 75 377 458 0.94722
00070.jpg 253 53 259 473 0.94703
00070.jpg 576 144 101 372 0.94585
00070.jpg 582 154 93 348 0.94573
00070.jpg 244 62 309 468 0.94452
00070.jpg 407 119 149 379 0.94214
00070.jpg 393 123 195 368 0.94197
00070.jpg 362 109 263 404 0.94186
00070.jpg 149 160 89 252 0.94159
00070.jpg 580 157 97 356 0.94139
00070.jpg 493 149 114 382 0.94092
00070.jpg 400 129 158 377 0.94088
00070.jpg 154 159 94 256 0.93992
00070.jpg 328 97 234 425 0.93884
00070.jpg 578 161 96 343 0.93825
00070.jpg 222 96 354 431 0.93612
00070.jpg 263 69 364 462 0.93536
00070.jpg 246 55 282 453 0.93472
00070.jpg 517 146 51 52 0.93406
00070.jpg 365 109 215 407 0.93395
00070.jpg 396 129 188 381 0.93336
00070.jpg 251 63 254 474 0.93147
00070.jpg 573 156 106 359 0.93146
00070.jpg 369 120 220 397 0.93078
00070.jpg 496 154 110 378 0.93065
00070.jpg 579 155 97 347 0.92871
00070.jpg 145 153 99 260 0.92760
00070.jpg 493 151 114 372 0.92688
00070.jpg 407 125 170 383 0.92666
00070.jpg 144 154 103 262 0.92621
00070.jpg 411 128 177 387 0.92552
00070.jpg 581 143 89 375 0.92520
00070.jpg 142 159 100 243 0.92297
00070.jpg 413 117 188 397 0.92262
00070.jpg 148 151 104 267 0.92172
00070.jpg 580 153 100 351 0.92143
00070.jpg 504 146 95 389 0.92131
00070.jpg 475 150 137 363 0.92066
00070.jpg 444 142 164 385 0.91856
00070.jpg 149 152 93 261 0.91828
00070.jpg 385 124 221 380 0.91805
00070.jpg 146 149 99 268 0.91718
00070.jpg 423 122 168 395 0.90890
00070.jpg 146 155 99 255 0.90697
00070.jpg 232 60 307 467 0.90611
00070.jpg 140 153 110 260 0.90463
00070.jpg 244 44 320 483 0.90293
00070.jpg 147 158 99 253 0.90182
00070.jpg 444 136 151 382 0.90086
00070.jpg 507 151 102 385 0.90059
00070.jpg 149 158 90 261 0.89530
00070.jpg 574 157 107 351 0.89422
00070.jpg 147 154 96 256 0.89385
00070.jpg 572 166 99 336 0.89217
00070.jpg 494 151 115 388 0.89112
00070.jpg 157 153 90 270 0.88778
00070.jpg 146 156 103 259 0.88574
00070.jpg 576 157 100 358 0.88504
00070.jpg 242 96 369 419 0.88391
00070.jpg 445 149 166 364 0.88378
00070.jpg 343 127 319 380 0.88217
00070.jpg 502 144 110 385 0.88217
00070.jpg 149 159 95 254 0.87643
00070.jpg 504 143 111 385 0.87540
00070.jpg 568 151 115 357 0.87377
00070.jpg 148 153 100 259 0.87370
00070.jpg 515 146 54 51 0.87352
00070.jpg 145 163 100 249 0.87312
00070.jpg 572 153 101 341 0.87159
00070.jpg 577 158 99 345 0.87092
00070.jpg 223 89 387 418 0.86953
00070.jpg 499 147 107 386 0.86849
00070.jpg 577 156 95 360 0.86730
00070.jpg 516 147 47 50 0.86466
00070.jpg 515 142 55 61 0.86219
00070.jpg 147 154 98 249 0.85921
00070.jpg 151 158 90 261 0.85824
00070.jpg 152 152 87 267 0.85579
00070.jpg 576 147 106 354 0.85181
00070.jpg 154 158 95 259 0.85106
00070.jpg 569 154 105 351 0.84954
00070.jpg 245 62 245 463 0.84721
00070.jpg 151 159 91 262 0.84366
00070.jpg 141 150 105 267 0.84004
00070.jpg 518 144 50 56 0.83966
00070.jpg 394 100 171 411 0.83756
00070.jpg 499 150 127 379 0.83647
00070.jpg 212 47 374 480 0.83627
00070.jpg 399 127 225 383 0.83493
00070.jpg 395 123 231 393 0.83228
00070.jpg 566 150 118 351 0.83129
00070.jpg 490 156 121 379 0.82946
00070.jpg 506 156 99 369 0.82752
00070.jpg 572 155 109 349 0.82491
00070.jpg 249 56 317 481 0.82210
00070.jpg 519 146 59 99 0.82208
00070.jpg 496 151 102 377 0.82154
00070.jpg 152 152 92 261 0.82115
00070.jpg 397 121 219 399 0.81996
00070.jpg 507 152 104 374 0.81725
00070.jpg 150 152 100 272 0.81519
00070.jpg 144 164 96 239 0.81337
00070.jpg 150 153 96 261 0.81321
00070.jpg 578 153 94 362 0.81252
00070.jpg 246 47 276 492 0.80876
00070.jpg 516 143 54 47 0.80755
00070.jpg 232 53 302 471 0.80619
00070.jpg 515 145 52 53 0.80587
00070.jpg 520 144 52 55 0.80122
00070.jpg 244 35 275 502 0.79977
00070.jpg 149 153 87 264 0.79849
00070.jpg 448 127 84 63 0.79688
00070.jpg 512 152 103 377 0.79600
00070.jpg 516 148 54 50 0.79590
00070.jpg 512 141 60 52 0.79577
00070.jpg 521 147 48 49 0.79045
00070.jpg 286 113 364 414 0.78774
00070.jpg 518 143 59 57 0.78738
00070.jpg 516 147 52 50 0.78166
00070.jpg 317 110 288 408 0.78045
00070.jpg 148 152 100 270 0.77959
00070.jpg 516 146 60 56 0.77853
00070.jpg 576 156 105 355 0.77679
00070.jpg 234 79 300 432 0.77656
00070.jpg 147 165 90 237 0.77497
00070.jpg 509 152 99 373 0.77496
00070.jpg 402 126 221 396 0.76287
00070.jpg 499 164 103 351 0.75955
00070.jpg 147 151 101 265 0.75874
00070.jpg 579 149 98 360 0.75733
00070.jpg 374 149 290 352 0.75727
00070.jpg 520 143 47 50 0.75596
00070.jpg 145 162 102 251 0.75566
00070.jpg 152 153 95 270 0.75417
00070.jpg 518 141 48 57 0.75183
00070.jpg 573 160 101 350 0.74082
00070.jpg 436 128 170 377 0.73931
00070.jpg 249 55 270 484 0.73924
00070.jpg 517 146 57 47 0.73495
00070.jpg 517 148 48 54 0.73464
00070.jpg 542 158 129 351 0.73176
00070.jpg 370 114 189 411 0.73048
00070.jpg 449 128 75 59 0.72853
00070.jpg 243 68 268 465 0.72491
00070.jpg 150 160 94 244 0.72375
00070.jpg 519 145 49 50 0.72316
00070.jpg 514 142 62 54 0.72125
00070.jpg 330 107 247 428 0.72069
00070.jpg 499 153 110 385 0.71963
00070.jpg 518 143 49 48 0.71963
00070.jpg 488 155 116 363 0.71598
00070.jpg 516 141 52 54 0.71480
00070.jpg 513 154 92 367 0.71212
00070.jpg 517 143 57 53 0.71188
00070.jpg 508 155 102 369 0.71144
00070.jpg 573 159 111 343 0.71027
00070.jpg 519 140 53 55 0.70927
00070.jpg 583 156 97 345 0.70893
00070.jpg 233 72 395 461 0.70790
00070.jpg 518 147 58 51 0.70399
00070.jpg 147 159 99 233 0.70351
00070.jpg 513 156 98 363 0.70269
00070.jpg 519 144 53 54 0.70046
00070.jpg 411 131 170 382 0.70045
00070.jpg 522 143 52 56 0.70013
00070.jpg 162 165 68 128 0.69791
00070.jpg 519 147 50 53 0.69558
00070.jpg 502 183 104 336 0.69271
00070.jpg 136 154 112 244 0.68568
00070.jpg 460 146 156 383 0.68471
00070.jpg 413 122 163 379 0.68245
00070.jpg 520 140 57 133 0.68212
00070.jpg 518 142 52 69 0.68022
00070.jpg 517 146 46 54 0.67326
00070.jpg 519 143 56 57 0.67068
00070.jpg 232 68 367 468 0.66807
00070.jpg 144 161 92 231 0.65817
00070.jpg 147 163 86 252 0.65797
00070.jpg 148 160 85 241 0.65681
00070.jpg 503 148 108 385 0.65365
00070.jpg 403 136 234 389 0.65062
00070.jpg 448 134 191 367 0.64982
00070.jpg 522 146 48 50 0.64966
00070.jpg 515 147 59 102 0.64859
00070.jpg 524 147 48 53 0.64573
00070.jpg 238 55 329 481 0.63970
00070.jpg 253 71 370 468 0.63861
00070.jpg 444 134 87 58 0.63812
00070.jpg 148 157 101 231 0.63780
00070.jpg 151 145 98 272 0.63429
00070.jpg 571 151 106 360 0.63351
00070.jpg 448 130 83 60 0.63177
00070.jpg 518 160 65 94 0.63098
00070.jpg 293 71 267 463 0.62902
00070.jpg 510 162 87 357 0.62460
00070.jpg 525 160 121 350 0.61602
00070.jpg 515 145 66 120 0.60803
00070.jpg 420 133 132 380 0.60722
00070.jpg 579 155 101 337 0.60596
00070.jpg 507 167 97 349 0.60444
00070.jpg 570 147 105 365 0.60344
00070.jpg 448 128 76 63 0.59906
00070.jpg 144 157 85 237 0.59817
00070.jpg 520 143 50 55 0.59689
00070.jpg 153 151 92 277 0.59653
00070.jpg 512 148 77 115 0.59349
00070.jpg 477 151 142 360 0.59266
00070.jpg 518 139 67 139 0.59021
00070.jpg 513 153 103 376 0.58992
00070.jpg 520 131 51 153 0.58943
00070.jpg 151 160 102 253 0.58903
00070.jpg 521 145 45 49 0.58764
00070.jpg 137 144 109 277 0.58355
00070.jpg 567 160 112 342 0.58008
00070.jpg 567 160 118 339 0.57308
00070.jpg 209 53 382 475 0.57106
00070.jpg 143 162 105 229 0.56989
00070.jpg 518 143 54 65 0.56857
00070.jpg 140 160 105 224 0.56794
00070.jpg 522 142 54 142 0.56673
00070.jpg 515 155 97 374 0.56225
00070.jpg 272 89 280 444 0.56073
00070.jpg 146 146 97 279 0.56049
00070.jpg 377 133 250 384 0.55977
00070.jpg 230 80 293 441 0.55426
00070.jpg 147 157 99 258 0.55308
00070.jpg 145 154 96 267 0.55183
00070.jpg 513 145 76 117 0.54743
00070.jpg 152 157 72 248 0.54708
00070.jpg 147 163 91 115 0.54526
00070.jpg 516 137 63 131 0.54427
00070.jpg 398 128 175 399 0.54057
00070.jpg 579 156 97 346 0.53952
00070.jpg 417 131 149 325 0.53842
00070.jpg 514 147 55 52 0.52799
00070.jpg 514 142 55 131 0.52762
00070.jpg 267 76 236 435 0.52657
00070.jpg 505 149 102 376 0.52321
00070.jpg 519 141 66 100 0.52268
00070.jpg 508 149 63 48 0.52160
00070.jpg 522 143 61 131 0.52136
00070.jpg 292 92 303 443 0.51784
00070.jpg 156 157 92 248 0.51744
00070.jpg 572 157 109 336 0.51708
00070.jpg 145 161 98 176 0.51582
00070.jpg 431 139 146 323 0.51406
00070.jpg 441 138 163 355 0.51294
00070.jpg 514 146 50 49 0.51265
00070.jpg 514 151 58 95 0.51251
00070.jpg 142 163 103 208 0.51155
00070.jpg 141 155 103 264 0.50997
00070.jpg 423 116 193 405 0.50887
00070.jpg 152 171 84 248 0.50725
00070.jpg 580 159 103 331 0.50576
00070.jpg 519 145 44 48 0.50447
00070.jpg 144 162 90 229 0.50088
