00085.jpg 241 49 312 483 0.99877
00085.jpg 241 48 304 488 0.99845
00085.jpg 239 57 338 464 0.99784
00085.jpg 230 61 322 464 0.99564
00085.jpg 244 64 266 464 0.99537
00085.jpg 241 71 329 456 0.99348
00085.jpg 472 141 235 357 0.99194
00085.jpg 412 121 225 390 0.99162
00085.jpg 426 126 194 397 0.98942
00085.jpg 419 118 210 394 0.98899
00085.jpg 395 130 287 365 0.98831
00085.jpg 232 71 289 462 0.98726
00085.jpg 543 148 161 351 0.98632
00085.jpg 415 137 266 372 0.98490
00085.jpg 242 58 288 458 0.98484
00085.jpg 501 143 192 350 0.98417
00085.jpg 416 118 198 401 0.97795
00085.jpg 235 49 276 486 0.97720
00085.jpg 244 53 283 481 0.97521
00085.jpg 547 158 142 338 0.97441
00085.jpg 228 64 299 451 0.97280
00085.jpg 417 142 237 363 0.97061
00085.jpg 238 58 276 476 0.96978
00085.jpg 249 67 281 467 0.96906
00085.jpg 229 54 316 456 0.96871
00085.jpg 418 135 184 362 0.96721
00085.jpg 411 126 216 373 0.96429
00085.jpg 538 155 163 353 0.96397
00085.jpg 525 164 187 335 0.96319
00085.jpg 405 141 303 363 0.96285
00085.jpg 239 61 271 475 0.96281
00085.jpg 239 56 311 474 0.95693
00085.jpg 434 137 189 382 0.95648
00085.jpg 533 158 156 334 0.95630
00085.jpg 226 73 300 454 0.95487
00085.jpg 293 114 324 398 0.95354
00085.jpg 551 152 149 354 0.95353
00085.jpg 447 136 183 362 0.95188
00085.jpg 546 165 161 335 0.95020
00085.jpg 363 139 317 367 0.94725
00085.jpg 354 134 334 378 0.94684
00085.jpg 232 62 283 468 0.94639
00085.jpg 180 171 62 108 0.94615
00085.jpg 489 153 174 349 0.94495
00085.jpg 526 150 184 340 0.94264
00085.jpg 228 75 299 445 0.94125
00085.jpg 547 162 147 335 0.94043
00085.jpg 292 130 387 386 0.93870
00085.jpg 147 151 71 230 0.93835
00085.jpg 242 73 277 461 0.93739
00085.jpg 532 147 155 358 0.93675
00085.jpg 413 149 222 360 0.93588
00085.jpg 380 126 262 391 0.93570
00085.jpg 245 60 273 467 0.93491
00085.jpg 247 54 236 480 0.93342
00085.jpg 143 162 78 208 0.93036
00085.jpg 554 160 134 347 0.92826
00085.jpg 530 159 181 346 0.92492
00085.jpg 521 141 69 59 0.92178
00085.jpg 218 63 363 445 0.92054
00085.jpg 145 155 72 231 0.91595
00085.jpg 563 154 127 361 0.91459
00085.jpg 404 132 215 383 0.91306
00085.jpg 425 144 191 347 0.91304
00085.jpg 388 141 275 359 0.90820
00085.jpg 519 142 64 59 0.90755
00085.jpg 564 146 130 367 0.90724
00085.jpg 145 160 81 209 0.90706
00085.jpg 182 168 60 111 0.90635
00085.jpg 422 151 200 356 0.90574
00085.jpg 147 152 83 248 0.90566
00085.jpg 415 137 222 362 0.90556
00085.jpg 519 157 160 341 0.90175
00085.jpg 235 58 283 475 0.89517
00085.jpg 254 80 414 450 0.89502
00085.jpg 144 152 93 218 0.89370
00085.jpg 567 170 116 351 0.89255
00085.jpg 537 160 156 342 0.89043
00085.jpg 522 143 64 55 0.88953
00085.jpg 569 157 121 341 0.88839
00085.jpg 232 65 272 458 0.88836
00085.jpg 365 113 253 402 0.88354
00085.jpg 409 128 200 369 0.88153
00085.jpg 234 52 372 481 0.88140
00085.jpg 568 155 121 359 0.88015
00085.jpg 233 67 285 466 0.87943
00085.jpg 381 144 265 360 0.87939
00085.jpg 555 166 135 341 0.87692
00085.jpg 186 168 54 132 0.87587
00085.jpg 415 138 172 358 0.87387
00085.jpg 139 143 102 263 0.87314
00085.jpg 478 145 193 350 0.87279
00085.jpg 154 151 85 242 0.87021
00085.jpg 564 147 128 360 0.86867
00085.jpg 250 61 241 471 0.86817
00085.jpg 589 151 55 154 0.86658
00085.jpg 516 169 186 333 0.86596
00085.jpg 261 106 399 418 0.86519
00085.jpg 147 152 83 242 0.86452
00085.jpg 166 164 71 125 0.86247
00085.jpg 567 157 118 357 0.86192
00085.jpg 145 154 88 237 0.85911
00085.jpg 146 154 77 240 0.85776
00085.jpg 243 72 264 448 0.85738
00085.jpg 370 142 265 361 0.85529
00085.jpg 244 66 295 456 0.85487
00085.jpg 571 173 112 339 0.85407
00085.jpg 184 172 61 122 0.85223
00085.jpg 409 106 187 404 0.85126
00085.jpg 550 160 147 342 0.85107
00085.jpg 518 139 64 60 0.84378
00085.jpg 557 160 140 355 0.84267
00085.jpg 433 139 251 365 0.84260
00085.jpg 519 142 66 56 0.84164
00085.jpg 238 66 276 460 0.84160
00085.jpg 549 144 155 366 0.84105
00085.jpg 511 163 201 340 0.83998
00085.jpg 399 144 245 347 0.83923
00085.jpg 144 151 94 249 0.83887
00085.jpg 588 156 47 52 0.83807
00085.jpg 519 142 67 60 0.83283
00085.jpg 431 133 175 356 0.83280
00085.jpg 238 62 368 463 0.83277
00085.jpg 519 141 59 55 0.82805
00085.jpg 574 158 107 358 0.82777
00085.jpg 441 151 212 351 0.82754
00085.jpg 143 151 90 239 0.82749
00085.jpg 148 151 57 227 0.82615
00085.jpg 519 144 66 53 0.82389
00085.jpg 519 140 58 61 0.82174
00085.jpg 299 118 327 388 0.81959
00085.jpg 268 71 295 458 0.81891
00085.jpg 518 141 64 59 0.81882
00085.jpg 456 146 194 350 0.81804
00085.jpg 172 168 69 133 0.81712
00085.jpg 520 142 60 60 0.81613
00085.jpg 139 149 104 233 0.81528
00085.jpg 186 171 53 107 0.81338
00085.jpg 148 147 94 257 0.80668
00085.jpg 570 167 115 353 0.80607
00085.jpg 151 140 54 259 0.80600
00085.jpg 145 161 68 219 0.80599
00085.jpg 156 165 87 122 0.79932
00085.jpg 141 157 107 212 0.79861
00085.jpg 523 139 57 59 0.79861
00085.jpg 153 159 59 211 0.79838
00085.jpg 178 168 59 117 0.79649
00085.jpg 562 177 125 329 0.79280
00085.jpg 152 157 79 243 0.78751
00085.jpg 588 157 48 54 0.78690
00085.jpg 150 153 90 225 0.78582
00085.jpg 427 149 264 365 0.78549
00085.jpg 389 158 330 342 0.78503
00085.jpg 193 168 50 168 0.78357
00085.jpg 590 155 42 52 0.78228
00085.jpg 490 146 222 363 0.78168
00085.jpg 141 147 90 255 0.78017
00085.jpg 139 146 102 251 0.77600
00085.jpg 443 139 268 379 0.77571
00085.jpg 585 179 91 329 0.77526
00085.jpg 153 161 52 218 0.76739
00085.jpg 376 124 201 398 0.76738
00085.jpg 594 160 38 42 0.76430
00085.jpg 586 158 46 51 0.76310
00085.jpg 569 147 113 371 0.76158
00085.jpg 586 158 50 49 0.75744
00085.jpg 253 98 376 425 0.75431
00085.jpg 166 169 81 118 0.75406
00085.jpg 568 176 113 334 0.75405
00085.jpg 156 155 80 246 0.75340
00085.jpg 166 157 78 220 0.75324
00085.jpg 520 143 64 57 0.75233
00085.jpg 517 139 64 58 0.75145
00085.jpg 188 170 53 153 0.75006
00085.jpg 178 167 57 109 0.74436
00085.jpg 149 158 77 246 0.74388
00085.jpg 146 148 71 243 0.74297
00085.jpg 242 69 307 468 0.74227
00085.jpg 574 161 109 348 0.73871
00085.jpg 137 156 105 236 0.73858
00085.jpg 384 122 197 403 0.73842
00085.jpg 523 142 57 57 0.73793
00085.jpg 151 159 65 237 0.73722
00085.jpg 587 154 43 55 0.73246
00085.jpg 515 143 71 52 0.73056
00085.jpg 230 69 320 456 0.72901
00085.jpg 584 157 54 55 0.72792
00085.jpg 540 168 162 347 0.72760
00085.jpg 519 139 70 62 0.72681
00085.jpg 149 155 83 248 0.72335
00085.jpg 561 152 140 351 0.72240
00085.jpg 170 168 59 116 0.72095
00085.jpg 242 66 338 446 0.71921
00085.jpg 248 59 269 473 0.71763
00085.jpg 586 160 50 49 0.71735
00085.jpg 302 95 423 409 0.71700
00085.jpg 276 78 218 445 0.71650
00085.jpg 538 149 171 362 0.71453
00085.jpg 517 142 67 66 0.71346
00085.jpg 519 139 62 60 0.71241
00085.jpg 239 86 429 445 0.71240
00085.jpg 520 140 68 62 0.70948
00085.jpg 522 136 59 64 0.70796
00085.jpg 144 157 67 208 0.70601
00085.jpg 143 164 97 124 0.70472
00085.jpg 165 155 76 250 0.70403
00085.jpg 575 160 111 348 0.70361
00085.jpg 142 159 72 216 0.70063
00085.jpg 559 152 121 366 0.70057
00085.jpg 215 104 441 425 0.69969
00085.jpg 157 154 70 250 0.69747
00085.jpg 388 137 335 380 0.69362
00085.jpg 149 146 96 258 0.69304
00085.jpg 224 81 344 436 0.69167
00085.jpg 180 172 55 108 0.69118
00085.jpg 588 158 49 48 0.68927
00085.jpg 589 156 50 53 0.68839
00085.jpg 303 97 398 418 0.68631
00085.jpg 570 147 111 378 0.68434
00085.jpg 585 158 56 53 0.68220
00085.jpg 589 154 46 49 0.68186
00085.jpg 132 142 116 249 0.68149
00085.jpg 179 167 64 122 0.68148
00085.jpg 460 160 267 343 0.67918
00085.jpg 151 163 49 231 0.67908
00085.jpg 517 143 62 57 0.67692
00085.jpg 236 94 320 435 0.67648
00085.jpg 149 142 97 259 0.67409
00085.jpg 568 151 117 365 0.67294
00085.jpg 165 150 81 213 0.67231
00085.jpg 515 144 68 53 0.67050
00085.jpg 589 156 47 56 0.66965
00085.jpg 148 156 55 218 0.66350
00085.jpg 520 143 57 56 0.66309
00085.jpg 151 157 72 243 0.66181
00085.jpg 518 141 68 61 0.66176
00085.jpg 193 174 52 138 0.66085
00085.jpg 146 143 88 272 0.66052
00085.jpg 178 154 69 228 0.65927
00085.jpg 157 156 60 245 0.65780
00085.jpg 324 88 326 442 0.65710
00085.jpg 512 149 164 368 0.65657
00085.jpg 149 160 54 194 0.65597
00085.jpg 148 162 68 236 0.65542
00085.jpg 593 157 46 55 0.65267
00085.jpg 144 153 77 244 0.65184
00085.jpg 144 152 73 192 0.65120
00085.jpg 582 153 68 153 0.64926
00085.jpg 152 152 96 251 0.64871
00085.jpg 135 149 101 247 0.64860
00085.jpg 239 60 244 462 0.64809
00085.jpg 524 158 167 356 0.64595
00085.jpg 570 181 112 321 0.64427
00085.jpg 545 152 127 371 0.64344
00085.jpg 141 150 95 255 0.64293
00085.jpg 521 144 58 59 0.64084
00085.jpg 190 169 49 160 0.63406
00085.jpg 268 77 381 459 0.63398
00085.jpg 150 162 55 230 0.63213
00085.jpg 153 146 100 259 0.63193
00085.jpg 588 156 51 133 0.63111
00085.jpg 517 142 68 59 0.63091
00085.jpg 549 152 124 362 0.62604
00085.jpg 411 140 315 359 0.62101
00085.jpg 564 155 137 351 0.62077
00085.jpg 568 149 112 364 0.61913
00085.jpg 252 66 260 463 0.61898
00085.jpg 138 158 78 187 0.61760
00085.jpg 572 155 128 351 0.61699
00085.jpg 534 159 171 356 0.61417
00085.jpg 151 162 61 170 0.61295
00085.jpg 422 131 174 360 0.61115
00085.jpg 257 93 245 437 0.61115
00085.jpg 519 139 59 57 0.61002
00085.jpg 521 140 61 49 0.60829
00085.jpg 439 127 200 386 0.60674
00085.jpg 163 149 91 252 0.60624
00085.jpg 591 157 43 48 0.60611
00085.jpg 564 174 111 339 0.60437
00085.jpg 263 85 225 436 0.60415
00085.jpg 177 159 57 245 0.60162
00085.jpg 524 143 58 55 0.59795
00085.jpg 590 155 45 55 0.59743
00085.jpg 175 167 51 125 0.59486
00085.jpg 141 156 83 133 0.59340
00085.jpg 141 151 107 244 0.59198
00085.jpg 176 156 66 238 0.59082
00085.jpg 253 65 262 460 0.59039
00085.jpg 155 162 76 119 0.59022
00085.jpg 266 91 419 437 0.58900
00085.jpg 164 154 58 230 0.58890
00085.jpg 152 147 91 261 0.58683
00085.jpg 516 141 73 64 0.58550
00085.jpg 521 144 60 57 0.58549
00085.jpg 179 172 61 150 0.58478
00085.jpg 402 122 209 394 0.58378
00085.jpg 589 159 42 48 0.58196
00085.jpg 524 147 196 336 0.58036
00085.jpg 593 156 43 49 0.57791
00085.jpg 163 156 87 193 0.57698
00085.jpg 183 171 50 123 0.57549
00085.jpg 584 160 61 49 0.57484
00085.jpg 234 61 254 453 0.57449
00085.jpg 148 158 85 163 0.57254
00085.jpg 586 161 53 45 0.57019
00085.jpg 524 144 56 51 0.56920
00085.jpg 370 116 343 398 0.56835
00085.jpg 140 160 103 178 0.56775
00085.jpg 372 139 353 373 0.56420
00085.jpg 584 148 50 148 0.56347
00085.jpg 154 148 57 253 0.56227
00085.jpg 188 169 59 112 0.56027
00085.jpg 425 135 174 371 0.55778
00085.jpg 187 161 57 197 0.55765
00085.jpg 290 139 436 376 0.55764
00085.jpg 556 148 146 351 0.55599
00085.jpg 518 139 59 62 0.55424
00085.jpg 148 137 102 256 0.55363
00085.jpg 590 150 49 163 0.55240
00085.jpg 142 153 88 183 0.54218
00085.jpg 592 160 44 45 0.53968
00085.jpg 145 162 63 162 0.53948
00085.jpg 585 155 47 48 0.53594
00085.jpg 520 145 69 59 0.53301
00085.jpg 141 157 72 134 0.52908
00085.jpg 584 162 55 48 0.52858
00085.jpg 589 151 45 57 0.52854
00085.jpg 573 151 116 352 0.52676
00085.jpg 523 137 58 63 0.52494
00085.jpg 178 153 58 207 0.52296
00085.jpg 186 161 58 239 0.52218
00085.jpg 523 144 55 52 0.52159
00085.jpg 156 199 45 193 0.52107
00085.jpg 187 175 56 108 0.52001
00085.jpg 133 159 111 178 0.51826
00085.jpg 573 190 117 319 0.51759
00085.jpg 518 143 69 57 0.51697
00085.jpg 153 163 51 229 0.51561
00085.jpg 593 160 49 52 0.51551
00085.jpg 517 141 65 63 0.51454
00085.jpg 158 164 62 133 0.51344
00085.jpg 183 153 65 178 0.51246
00085.jpg 592 154 52 55 0.51022
00085.jpg 590 155 40 48 0.50927
00085.jpg 588 151 46 56 0.50885
00085.jpg 150 160 61 136 0.50775
00085.jpg 521 138 67 60 0.50705
00085.jpg 588 160 54 50 0.50611
00085.jpg 594 158 37 43 0.50573
00085.jpg 356 118 192 400 0.50174
