00109.jpg 592 126 99 377 0.99711
00109.jpg 226 28 336 506 0.99538
00109.jpg 227 63 356 461 0.99515
00109.jpg 231 41 317 491 0.99433
00109.jpg 598 141 96 360 0.99426
00109.jpg 228 45 368 477 0.99383
00109.jpg 210 41 357 496 0.99322
00109.jpg 592 136 98 356 0.99296
00109.jpg 296 94 348 445 0.99046
00109.jpg 189 43 383 470 0.98880
00109.jpg 593 138 104 364 0.98866
00109.jpg 260 89 410 432 0.98799
00109.jpg 591 141 105 356 0.98717
00109.jpg 595 134 103 361 0.98707
00109.jpg 293 111 332 404 0.98673
00109.jpg 226 45 315 480 0.98427
00109.jpg 598 146 91 350 0.98367
00109.jpg 595 141 103 356 0.98322
00109.jpg 372 105 268 420 0.98168
00109.jpg 370 106 260 421 0.98119
00109.jpg 587 131 107 372 0.98038
00109.jpg 320 91 303 435 0.97982
00109.jpg 593 145 97 347 0.97958
00109.jpg 224 33 340 486 0.97888
00109.jpg 334 110 322 415 0.97655
00109.jpg 230 31 311 504 0.97553
00109.jpg 222 37 349 489 0.97546
00109.jpg 235 33 316 492 0.97345
00109.jpg 224 31 297 489 0.97172
00109.jpg 195 37 395 488 0.97088
00109.jpg 598 141 95 357 0.96829
00109.jpg 234 31 306 501 0.96732
00109.jpg 590 137 104 360 0.96633
00109.jpg 163 129 61 249 0.96565
00109.jpg 590 143 100 359 0.96467
00109.jpg 241 36 389 499 0.96413
00109.jpg 592 141 106 360 0.96369
00109.jpg 227 34 306 494 0.96345
00109.jpg 389 121 248 395 0.96198
00109.jpg 215 48 347 483 0.96176
00109.jpg 594 135 104 369 0.96152
00109.jpg 404 132 216 382 0.96067
00109.jpg 330 111 287 411 0.96064
00109.jpg 391 126 219 400 0.96059
00109.jpg 230 35 300 504 0.95812
00109.jpg 594 138 99 380 0.95734
00109.jpg 593 144 105 359 0.95725
00109.jpg 597 130 104 371 0.95603
00109.jpg 362 110 286 414 0.95509
00109.jpg 591 130 102 369 0.95496
00109.jpg 259 35 349 497 0.95293
00109.jpg 600 138 98 358 0.95259
00109.jpg 219 47 366 483 0.95173
00109.jpg 597 138 94 352 0.95154
00109.jpg 253 90 409 432 0.95127
00109.jpg 163 119 65 265 0.94806
00109.jpg 372 109 243 419 0.94339
00109.jpg 161 128 66 241 0.94281
00109.jpg 200 42 406 441 0.94126
00109.jpg 375 128 264 395 0.94095
00109.jpg 158 129 77 245 0.94040
00109.jpg 594 141 104 356 0.93858
00109.jpg 231 42 301 487 0.93825
00109.jpg 162 138 64 228 0.93595
00109.jpg 240 44 283 495 0.93156
00109.jpg 385 115 234 401 0.92841
00109.jpg 383 115 235 413 0.92454
00109.jpg 164 133 61 242 0.92452
00109.jpg 381 114 250 410 0.92356
00109.jpg 591 140 100 359 0.92349
00109.jpg 161 132 73 246 0.92224
00109.jpg 593 133 105 386 0.92044
00109.jpg 584 134 107 376 0.91967
00109.jpg 209 20 365 502 0.91966
00109.jpg 407 132 212 378 0.91650
00109.jpg 378 120 251 407 0.91375
00109.jpg 162 136 61 240 0.91350
00109.jpg 166 129 63 245 0.91258
00109.jpg 230 23 377 506 0.91177
00109.jpg 162 131 62 253 0.90992
00109.jpg 281 77 360 455 0.90269
00109.jpg 166 132 58 259 0.90025
00109.jpg 200 49 395 468 0.89565
00109.jpg 157 124 74 258 0.88968
00109.jpg 205 34 412 490 0.88931
00109.jpg 164 136 67 246 0.88833
00109.jpg 166 139 60 250 0.88758
00109.jpg 166 135 64 243 0.88663
00109.jpg 217 52 334 475 0.88326
00109.jpg 227 44 327 495 0.88166
00109.jpg 604 134 88 376 0.88055
00109.jpg 388 114 239 415 0.88003
00109.jpg 238 49 320 475 0.87707
00109.jpg 385 136 231 393 0.87675
00109.jpg 584 139 109 350 0.87558
00109.jpg 157 139 75 247 0.87527
00109.jpg 344 99 283 424 0.87410
00109.jpg 156 124 77 262 0.87304
00109.jpg 589 135 105 375 0.87074
00109.jpg 161 127 71 247 0.87018
00109.jpg 582 143 112 365 0.86977
00109.jpg 164 130 65 231 0.86834
00109.jpg 226 32 307 502 0.86435
00109.jpg 165 141 54 239 0.85958
00109.jpg 388 118 234 401 0.85899
00109.jpg 581 139 113 365 0.85895
00109.jpg 158 129 71 255 0.85791
00109.jpg 382 129 255 385 0.85634
00109.jpg 160 123 72 254 0.85365
00109.jpg 350 111 293 409 0.85115
00109.jpg 378 118 226 400 0.84918
00109.jpg 586 135 109 360 0.84884
00109.jpg 162 128 73 258 0.84803
00109.jpg 226 50 321 475 0.84473
00109.jpg 371 124 244 415 0.84297
00109.jpg 165 123 64 258 0.84203
00109.jpg 224 54 324 473 0.84196
00109.jpg 600 136 92 354 0.84163
00109.jpg 587 147 108 341 0.83862
00109.jpg 162 132 73 198 0.83824
00109.jpg 592 128 97 376 0.83573
00109.jpg 165 141 56 248 0.82645
00109.jpg 167 136 62 248 0.82618
00109.jpg 405 121 227 399 0.82586
00109.jpg 183 50 431 473 0.82428
00109.jpg 399 123 213 404 0.82264
00109.jpg 219 31 313 482 0.81347
00109.jpg 594 145 101 360 0.80882
00109.jpg 490 130 201 385 0.80876
00109.jpg 258 74 436 440 0.80751
00109.jpg 410 111 221 410 0.80741
00109.jpg 162 131 72 196 0.80708
00109.jpg 436 119 186 390 0.80591
00109.jpg 251 81 388 441 0.80401
00109.jpg 159 141 60 246 0.79866
00109.jpg 598 141 109 354 0.79669
00109.jpg 579 142 117 368 0.79279
00109.jpg 252 66 256 466 0.79116
00109.jpg 582 130 109 380 0.79017
00109.jpg 592 136 109 364 0.78326
00109.jpg 162 140 61 247 0.77397
00109.jpg 163 139 71 217 0.77224
00109.jpg 183 144 48 217 0.76684
00109.jpg 168 136 59 207 0.75697
00109.jpg 223 46 310 484 0.75246
00109.jpg 227 37 403 484 0.75243
00109.jpg 399 117 208 402 0.74989
00109.jpg 385 110 234 405 0.74858
00109.jpg 160 136 69 258 0.74852
00109.jpg 594 142 103 346 0.74698
00109.jpg 386 113 199 426 0.74695
00109.jpg 228 46 290 492 0.74415
00109.jpg 162 138 64 234 0.74182
00109.jpg 169 134 62 258 0.73366
00109.jpg 378 114 258 411 0.73267
00109.jpg 164 130 58 262 0.73126
00109.jpg 350 107 245 421 0.72913
00109.jpg 434 113 190 404 0.72760
00109.jpg 572 150 117 363 0.72567
00109.jpg 163 141 59 245 0.72245
00109.jpg 157 131 79 173 0.72060
00109.jpg 162 144 70 187 0.72059
00109.jpg 381 136 256 385 0.70940
00109.jpg 229 45 416 494 0.70871
00109.jpg 165 143 70 189 0.70262
00109.jpg 221 35 287 488 0.69418
00109.jpg 308 96 360 420 0.68829
00109.jpg 598 131 99 370 0.67007
00109.jpg 164 140 66 165 0.66625
00109.jpg 386 134 220 387 0.66270
00109.jpg 587 116 110 399 0.65977
00109.jpg 473 127 150 390 0.65873
00109.jpg 210 73 388 440 0.65375
00109.jpg 173 137 57 231 0.65281
00109.jpg 184 145 48 176 0.65239
00109.jpg 600 144 91 359 0.65108
00109.jpg 158 128 81 256 0.64715
00109.jpg 403 127 214 368 0.64605
00109.jpg 428 121 215 386 0.64348
00109.jpg 165 139 62 238 0.64141
00109.jpg 162 140 74 154 0.63515
00109.jpg 163 137 60 205 0.63353
00109.jpg 582 134 117 374 0.62771
00109.jpg 385 111 233 411 0.62453
00109.jpg 579 141 109 369 0.62336
00109.jpg 162 145 63 226 0.61777
00109.jpg 160 136 66 186 0.61484
00109.jpg 567 148 127 342 0.61158
00109.jpg 416 129 186 385 0.61057
00109.jpg 360 83 231 434 0.60778
00109.jpg 163 137 64 220 0.60462
00109.jpg 173 131 64 241 0.60043
00109.jpg 168 134 51 250 0.59886
00109.jpg 160 134 59 250 0.58287
00109.jpg 175 134 56 229 0.58271
00109.jpg 168 145 57 190 0.58166
00109.jpg 166 141 70 238 0.58129
00109.jpg 175 142 53 179 0.57535
00109.jpg 156 124 83 265 0.57360
00109.jpg 600 131 85 368 0.57197
00109.jpg 212 44 299 487 0.57014
00109.jpg 606 141 86 358 0.56978
00109.jpg 190 145 44 161 0.56762
00109.jpg 163 138 69 137 0.56688
00109.jpg 603 132 93 370 0.56461
00109.jpg 166 134 52 246 0.56231
00109.jpg 434 135 188 381 0.56124
00109.jpg 445 121 197 403 0.54952
00109.jpg 591 125 103 378 0.54872
00109.jpg 592 141 111 340 0.54306
00109.jpg 240 26 273 489 0.53947
00109.jpg 177 135 60 178 0.53861
00109.jpg 547 145 135 354 0.53656
00109.jpg 226 36 281 483 0.53391
00109.jpg 582 137 104 352 0.53218
00109.jpg 183 144 48 140 0.52554
00109.jpg 569 136 138 373 0.52460
00109.jpg 232 33 283 481 0.52340
00109.jpg 412 130 205 381 0.51920
00109.jpg 161 150 64 242 0.51915
00109.jpg 601 129 94 364 0.51157
00109.jpg 586 141 107 356 0.50495
00109.jpg 229 74 279 434 0.50215
00109.jpg 195 151 39 178 0.50063
00109.jpg 155 125 69 268 0.49925
