00110.jpg 224 30 339 490 0.99704
00110.jpg 596 139 94 355 0.99577
00110.jpg 595 130 95 373 0.99440
00110.jpg 595 140 100 359 0.99417
00110.jpg 215 23 361 502 0.99413
00110.jpg 234 32 316 507 0.99319
00110.jpg 596 134 103 372 0.99304
00110.jpg 220 27 369 498 0.99071
00110.jpg 598 135 100 370 0.98951
00110.jpg 214 37 373 496 0.98943
00110.jpg 223 65 367 460 0.98704
00110.jpg 591 139 104 366 0.98571
00110.jpg 601 143 91 356 0.98459
00110.jpg 239 79 430 445 0.98448
00110.jpg 601 134 90 377 0.98428
00110.jpg 226 45 369 494 0.98396
00110.jpg 599 146 94 349 0.98223
00110.jpg 224 39 371 482 0.98141
00110.jpg 255 81 397 440 0.97917
00110.jpg 229 28 319 507 0.97908
00110.jpg 597 141 102 357 0.97872
00110.jpg 200 41 392 481 0.97793
00110.jpg 262 71 373 451 0.97763
00110.jpg 597 144 92 350 0.97631
00110.jpg 226 28 366 496 0.97513
00110.jpg 598 139 100 354 0.97157
00110.jpg 212 37 363 502 0.97124
00110.jpg 232 60 377 453 0.97069
00110.jpg 599 128 98 379 0.96749
00110.jpg 163 135 59 243 0.96740
00110.jpg 605 138 92 356 0.96639
00110.jpg 601 141 88 361 0.96525
00110.jpg 228 31 301 496 0.96500
00110.jpg 228 31 323 499 0.96452
00110.jpg 597 144 97 364 0.96351
00110.jpg 602 137 95 363 0.96272
00110.jpg 594 137 102 365 0.96248
00110.jpg 600 142 89 348 0.96227
00110.jpg 418 115 214 401 0.96219
00110.jpg 595 139 99 351 0.96040
00110.jpg 597 139 91 361 0.95744
00110.jpg 228 44 320 473 0.95603
00110.jpg 223 14 371 525 0.95545
00110.jpg 393 120 242 394 0.95515
00110.jpg 165 121 66 267 0.95490
00110.jpg 225 39 336 493 0.95372
00110.jpg 160 128 67 250 0.95172
00110.jpg 599 130 102 379 0.95083
00110.jpg 160 126 73 266 0.94724
00110.jpg 599 144 94 357 0.94711
00110.jpg 227 34 322 499 0.94619
00110.jpg 403 110 220 418 0.94596
00110.jpg 308 122 364 401 0.94338
00110.jpg 595 136 98 374 0.94043
00110.jpg 599 134 93 375 0.93896
00110.jpg 599 120 97 388 0.93535
00110.jpg 375 103 261 433 0.93514
00110.jpg 369 94 265 445 0.93514
00110.jpg 263 83 403 441 0.93472
00110.jpg 230 35 305 500 0.93392
00110.jpg 158 128 69 245 0.93295
00110.jpg 169 138 59 237 0.93289
00110.jpg 227 31 322 494 0.92823
00110.jpg 160 134 69 247 0.92790
00110.jpg 595 146 97 345 0.92764
00110.jpg 162 134 66 231 0.92738
00110.jpg 218 26 335 508 0.92691
00110.jpg 162 123 69 258 0.92631
00110.jpg 399 114 227 414 0.92252
00110.jpg 222 48 337 484 0.92064
00110.jpg 589 132 103 368 0.92003
00110.jpg 161 127 66 252 0.91894
00110.jpg 395 127 252 391 0.91882
00110.jpg 231 34 307 505 0.91797
00110.jpg 165 122 67 270 0.91680
00110.jpg 225 40 329 481 0.91482
00110.jpg 162 138 64 234 0.91348
00110.jpg 165 137 56 244 0.91023
00110.jpg 274 78 330 441 0.90809
00110.jpg 267 72 335 448 0.90781
00110.jpg 205 25 394 479 0.90751
00110.jpg 233 54 340 477 0.90700
00110.jpg 263 87 395 439 0.90624
00110.jpg 385 105 245 415 0.90558
00110.jpg 156 131 76 252 0.90507
00110.jpg 165 137 60 251 0.90220
00110.jpg 392 98 238 426 0.90182
00110.jpg 351 119 290 420 0.89869
00110.jpg 410 116 247 405 0.89738
00110.jpg 589 132 103 374 0.89737
00110.jpg 424 108 199 413 0.89619
00110.jpg 421 118 218 394 0.88939
00110.jpg 378 96 239 440 0.88812
00110.jpg 164 135 67 240 0.88699
00110.jpg 157 136 71 250 0.88483
00110.jpg 600 151 92 349 0.88138
00110.jpg 162 134 62 256 0.88057
00110.jpg 219 29 346 497 0.87588
00110.jpg 420 129 193 382 0.87450
00110.jpg 229 35 329 498 0.87318
00110.jpg 595 136 100 371 0.87112
00110.jpg 163 132 61 252 0.86671
00110.jpg 386 95 251 435 0.86040
00110.jpg 371 111 260 408 0.86011
00110.jpg 594 130 98 368 0.85643
00110.jpg 290 61 348 473 0.85433
00110.jpg 165 136 57 253 0.85207
00110.jpg 206 38 362 485 0.85043
00110.jpg 395 121 228 401 0.84300
00110.jpg 394 115 253 412 0.84180
00110.jpg 166 129 64 259 0.84031
00110.jpg 344 90 278 445 0.83653
00110.jpg 603 138 89 365 0.83133
00110.jpg 162 113 68 278 0.82883
00110.jpg 587 143 112 361 0.82623
00110.jpg 266 62 284 467 0.82606
00110.jpg 393 119 240 402 0.81068
00110.jpg 590 137 99 370 0.81008
00110.jpg 164 127 62 249 0.80817
00110.jpg 596 135 104 361 0.80788
00110.jpg 161 127 63 263 0.80743
00110.jpg 218 53 296 477 0.80742
00110.jpg 223 51 330 473 0.80703
00110.jpg 163 126 64 262 0.80262
00110.jpg 438 103 199 418 0.80226
00110.jpg 163 128 66 249 0.80204
00110.jpg 159 138 66 249 0.79947
00110.jpg 160 129 74 193 0.79484
00110.jpg 589 146 106 347 0.79274
00110.jpg 443 131 180 372 0.79242
00110.jpg 172 42 452 476 0.79071
00110.jpg 252 61 374 461 0.78226
00110.jpg 576 142 123 371 0.78115
00110.jpg 164 131 58 261 0.78046
00110.jpg 160 121 75 269 0.77528
00110.jpg 254 24 284 515 0.77264
00110.jpg 240 50 418 489 0.76517
00110.jpg 165 145 58 226 0.76337
00110.jpg 393 122 242 398 0.76068
00110.jpg 598 133 96 356 0.75666
00110.jpg 164 128 67 259 0.75276
00110.jpg 165 139 56 250 0.75098
00110.jpg 167 143 59 247 0.74995
00110.jpg 165 141 61 215 0.73892
00110.jpg 159 139 60 248 0.73885
00110.jpg 161 134 70 224 0.73869
00110.jpg 386 79 214 458 0.73851
00110.jpg 595 141 103 355 0.73103
00110.jpg 452 124 180 390 0.73063
00110.jpg 474 124 150 394 0.72715
00110.jpg 167 135 62 255 0.72673
00110.jpg 598 136 101 362 0.72660
00110.jpg 582 138 110 373 0.71920
00110.jpg 380 121 231 398 0.71908
00110.jpg 160 140 65 200 0.71695
00110.jpg 430 120 191 392 0.71436
00110.jpg 602 144 101 351 0.70613
00110.jpg 593 141 105 369 0.70513
00110.jpg 162 143 73 182 0.70107
00110.jpg 166 127 55 256 0.69627
00110.jpg 171 127 62 240 0.69252
00110.jpg 467 118 156 401 0.69197
00110.jpg 230 48 306 490 0.68250
00110.jpg 170 134 56 231 0.68238
00110.jpg 401 114 200 414 0.67996
00110.jpg 218 38 307 482 0.67579
00110.jpg 170 139 57 240 0.67447
00110.jpg 378 127 228 407 0.67436
00110.jpg 419 120 226 389 0.64837
00110.jpg 271 78 239 432 0.64814
00110.jpg 166 138 59 244 0.64598
00110.jpg 227 49 304 486 0.64537
00110.jpg 578 131 119 367 0.64356
00110.jpg 168 140 59 187 0.64277
00110.jpg 451 123 184 396 0.63638
00110.jpg 220 24 408 497 0.63216
00110.jpg 578 144 112 371 0.62709
00110.jpg 389 98 231 417 0.61904
00110.jpg 162 142 59 246 0.61869
00110.jpg 154 116 84 251 0.60704
00110.jpg 160 130 64 202 0.60700
00110.jpg 166 119 69 261 0.60454
00110.jpg 224 47 312 465 0.60408
00110.jpg 469 129 155 355 0.60061
00110.jpg 167 134 54 249 0.59415
00110.jpg 403 124 180 401 0.58898
00110.jpg 160 130 77 163 0.58749
00110.jpg 216 46 303 489 0.58057
00110.jpg 490 126 143 386 0.56761
00110.jpg 397 133 216 395 0.56504
00110.jpg 269 108 436 413 0.56311
00110.jpg 181 147 50 166 0.55933
00110.jpg 150 112 87 278 0.55883
00110.jpg 151 126 66 244 0.55878
00110.jpg 592 108 95 406 0.54929
00110.jpg 602 135 97 362 0.54867
00110.jpg 432 120 186 403 0.54766
00110.jpg 373 112 213 417 0.54662
00110.jpg 398 128 206 376 0.54157
00110.jpg 162 135 63 201 0.54140
00110.jpg 169 123 61 260 0.54132
00110.jpg 161 135 67 166 0.53802
00110.jpg 582 134 129 367 0.53098
00110.jpg 167 136 62 136 0.52521
00110.jpg 228 43 276 483 0.52009
00110.jpg 157 135 70 149 0.51917
00110.jpg 162 177 60 200 0.51602
00110.jpg 160 131 63 264 0.51576
00110.jpg 169 91 443 419 0.51540
00110.jpg 159 113 31 77 0.51282
00110.jpg 478 123 170 407 0.50494
00110.jpg 190 147 42 148 0.50448
00110.jpg 157 111 35 95 0.50208
00110.jpg 220 14 330 525 0.50093
