00115.jpg 248 21 381 512 0.99951
00115.jpg 232 38 348 455 0.99698
00115.jpg 589 116 102 389 0.99661
00115.jpg 430 109 200 407 0.99580
00115.jpg 238 39 357 479 0.99473
00115.jpg 594 132 96 364 0.99458
00115.jpg 229 25 389 505 0.99425
00115.jpg 233 42 336 476 0.99415
00115.jpg 413 102 239 416 0.99397
00115.jpg 236 25 340 496 0.99249
00115.jpg 320 85 337 431 0.99237
00115.jpg 220 32 349 488 0.99199
00115.jpg 433 119 200 400 0.99181
00115.jpg 215 32 368 498 0.99005
00115.jpg 223 34 419 500 0.98952
00115.jpg 239 67 408 462 0.98861
00115.jpg 234 19 366 509 0.98791
00115.jpg 598 130 99 367 0.98755
00115.jpg 210 35 381 486 0.98716
00115.jpg 427 131 196 384 0.98652
00115.jpg 225 26 362 495 0.98596
00115.jpg 229 26 327 478 0.98432
00115.jpg 605 133 86 362 0.98285
00115.jpg 225 30 338 500 0.98269
00115.jpg 221 33 349 490 0.98234
00115.jpg 299 82 342 452 0.98204
00115.jpg 595 138 98 354 0.97981
00115.jpg 593 128 102 368 0.97824
00115.jpg 406 110 243 409 0.97808
00115.jpg 594 129 99 363 0.97760
00115.jpg 336 94 310 436 0.97697
00115.jpg 599 141 89 351 0.97651
00115.jpg 436 102 213 421 0.96986
00115.jpg 205 33 419 488 0.96982
00115.jpg 601 132 92 356 0.96922
00115.jpg 321 98 342 418 0.96724
00115.jpg 408 121 228 405 0.96722
00115.jpg 435 118 200 377 0.96342
00115.jpg 589 140 103 349 0.96339
00115.jpg 159 129 68 254 0.96306
00115.jpg 225 38 373 489 0.96249
00115.jpg 599 144 100 349 0.96171
00115.jpg 594 127 95 380 0.96073
00115.jpg 597 129 99 373 0.95907
00115.jpg 414 106 233 413 0.95905
00115.jpg 595 119 105 384 0.95780
00115.jpg 414 103 225 417 0.95615
00115.jpg 417 114 216 412 0.95605
00115.jpg 224 37 344 487 0.95578
00115.jpg 162 137 60 228 0.95453
00115.jpg 163 135 60 230 0.95423
00115.jpg 605 132 89 365 0.95390
00115.jpg 591 124 98 378 0.95113
00115.jpg 601 136 89 362 0.95041
00115.jpg 597 131 96 371 0.94912
00115.jpg 165 132 59 243 0.94759
00115.jpg 591 108 98 402 0.94370
00115.jpg 601 138 99 352 0.94263
00115.jpg 226 41 337 486 0.94180
00115.jpg 421 105 211 412 0.93977
00115.jpg 595 134 97 378 0.93953
00115.jpg 592 131 102 363 0.93779
00115.jpg 227 43 382 490 0.93469
00115.jpg 232 35 339 475 0.93435
00115.jpg 422 110 231 405 0.93413
00115.jpg 285 86 384 429 0.92961
00115.jpg 434 114 222 413 0.92875
00115.jpg 436 116 202 389 0.92740
00115.jpg 167 129 59 240 0.92467
00115.jpg 163 132 59 222 0.92233
00115.jpg 426 116 222 391 0.92129
00115.jpg 223 32 325 481 0.91925
00115.jpg 592 125 97 370 0.91615
00115.jpg 427 109 208 408 0.91530
00115.jpg 452 110 198 420 0.91197
00115.jpg 223 45 343 486 0.91133
00115.jpg 164 137 63 209 0.91046
00115.jpg 228 81 379 428 0.90898
00115.jpg 422 113 219 391 0.90839
00115.jpg 598 129 95 383 0.90684
00115.jpg 591 133 106 365 0.90651
00115.jpg 424 92 221 428 0.90360
00115.jpg 239 31 408 506 0.90241
00115.jpg 443 108 200 406 0.90048
00115.jpg 161 133 70 212 0.90016
00115.jpg 228 22 324 511 0.89815
00115.jpg 429 111 201 409 0.89708
00115.jpg 596 126 98 385 0.89604
00115.jpg 598 147 98 356 0.89518
00115.jpg 162 145 65 217 0.89405
00115.jpg 594 136 102 369 0.89356
00115.jpg 590 132 97 356 0.89345
00115.jpg 409 127 243 386 0.89319
00115.jpg 597 115 98 381 0.89126
00115.jpg 171 135 58 220 0.89022
00115.jpg 169 133 61 228 0.88912
00115.jpg 586 125 114 392 0.88561
00115.jpg 400 99 251 427 0.88385
00115.jpg 166 131 53 241 0.88154
00115.jpg 593 132 99 372 0.88117
00115.jpg 163 135 67 184 0.88067
00115.jpg 238 28 306 488 0.88048
00115.jpg 163 128 66 260 0.87497
00115.jpg 594 129 99 374 0.87430
00115.jpg 163 133 66 236 0.87375
00115.jpg 567 129 124 377 0.87374
00115.jpg 161 132 61 249 0.87294
00115.jpg 436 125 193 389 0.86436
00115.jpg 161 142 71 177 0.86338
00115.jpg 228 28 331 490 0.85923
00115.jpg 591 129 100 367 0.85840
00115.jpg 163 138 65 211 0.85558
00115.jpg 255 11 286 523 0.84842
00115.jpg 165 137 57 243 0.84798
00115.jpg 581 126 111 372 0.84367
00115.jpg 594 129 97 374 0.84347
00115.jpg 164 142 60 239 0.84206
00115.jpg 223 28 349 495 0.83760
00115.jpg 160 142 68 228 0.83667
00115.jpg 169 139 54 247 0.83640
00115.jpg 165 142 61 160 0.83589
00115.jpg 389 107 269 400 0.83204
00115.jpg 156 141 75 245 0.82945
00115.jpg 164 142 67 191 0.82726
00115.jpg 163 121 64 265 0.82662
00115.jpg 163 142 66 186 0.81862
00115.jpg 167 132 59 232 0.81815
00115.jpg 597 129 97 380 0.81277
00115.jpg 166 140 63 243 0.81272
00115.jpg 182 145 49 167 0.81226
00115.jpg 226 43 343 487 0.81166
00115.jpg 180 51 447 460 0.80583
00115.jpg 167 140 65 219 0.80424
00115.jpg 159 133 68 248 0.80302
00115.jpg 167 136 66 182 0.80291
00115.jpg 160 132 66 200 0.79879
00115.jpg 591 125 93 379 0.79385
00115.jpg 164 130 67 253 0.79298
00115.jpg 162 127 63 258 0.79023
00115.jpg 219 49 354 475 0.78885
00115.jpg 436 105 230 425 0.77626
00115.jpg 229 40 326 472 0.76795
00115.jpg 220 19 312 510 0.76703
00115.jpg 233 34 323 478 0.76258
00115.jpg 221 41 337 480 0.76237
00115.jpg 456 119 187 401 0.75717
00115.jpg 172 142 56 176 0.75364
00115.jpg 167 146 65 145 0.75087
00115.jpg 596 134 100 351 0.74980
00115.jpg 171 141 56 141 0.74307
00115.jpg 166 141 50 233 0.73992
00115.jpg 407 84 230 441 0.73726
00115.jpg 162 143 67 138 0.73642
00115.jpg 174 135 60 187 0.73514
00115.jpg 219 34 348 485 0.73484
00115.jpg 589 137 107 351 0.73474
00115.jpg 411 106 210 420 0.73448
00115.jpg 163 134 60 232 0.73069
00115.jpg 165 134 56 240 0.72661
00115.jpg 581 133 105 361 0.72411
00115.jpg 159 131 58 232 0.72164
00115.jpg 219 38 342 494 0.72155
00115.jpg 163 139 59 243 0.71636
00115.jpg 164 130 65 243 0.71007
00115.jpg 596 133 91 356 0.70425
00115.jpg 158 145 71 159 0.70415
00115.jpg 167 130 52 249 0.69732
00115.jpg 193 149 38 147 0.69219
00115.jpg 456 121 182 405 0.68464
00115.jpg 474 124 182 393 0.68218
00115.jpg 166 137 57 200 0.68211
00115.jpg 604 127 88 370 0.67709
00115.jpg 249 40 298 475 0.67523
00115.jpg 596 117 99 394 0.67431
00115.jpg 226 36 333 502 0.67043
00115.jpg 163 143 67 137 0.66563
00115.jpg 154 128 80 237 0.65540
00115.jpg 580 139 102 364 0.65248
00115.jpg 259 45 315 474 0.65176
00115.jpg 159 141 68 153 0.64136
00115.jpg 600 131 95 345 0.63905
00115.jpg 400 108 240 410 0.63184
00115.jpg 602 131 90 370 0.63170
00115.jpg 172 135 52 241 0.62763
00115.jpg 366 71 278 453 0.62726
00115.jpg 164 143 54 239 0.62605
00115.jpg 183 146 46 137 0.61978
00115.jpg 212 63 462 453 0.61285
00115.jpg 214 20 360 501 0.60514
00115.jpg 165 65 502 434 0.60092
00115.jpg 453 136 171 369 0.59786
00115.jpg 220 37 468 496 0.59296
00115.jpg 364 59 250 454 0.57520
00115.jpg 203 155 27 64 0.56921
00115.jpg 196 147 32 113 0.56637
00115.jpg 607 135 81 364 0.56053
00115.jpg 597 129 90 377 0.55405
00115.jpg 164 135 65 248 0.55282
00115.jpg 441 110 216 417 0.54961
00115.jpg 169 142 52 122 0.54927
00115.jpg 161 138 57 238 0.54081
00115.jpg 176 145 50 113 0.54076
00115.jpg 163 162 56 222 0.53800
00115.jpg 413 97 205 422 0.53766
00115.jpg 438 111 205 407 0.53373
00115.jpg 417 94 232 440 0.53175
00115.jpg 608 151 63 82 0.53018
00115.jpg 589 144 95 345 0.52907
00115.jpg 164 119 67 265 0.52864
00115.jpg 567 128 128 384 0.51822
00115.jpg 165 139 66 194 0.51757
00115.jpg 408 123 228 373 0.51279
00115.jpg 419 115 190 392 0.50800
00115.jpg 156 121 64 270 0.50545
00115.jpg 275 57 287 474 0.50442
00115.jpg 421 123 224 376 0.50430
00115.jpg 166 146 57 164 0.49954
00115.jpg 571 140 131 367 0.49949
