00117.jpg 601 141 96 339 0.99888
00117.jpg 202 21 396 480 0.99660
00117.jpg 455 104 198 420 0.99340
00117.jpg 598 134 92 354 0.99333
00117.jpg 215 35 383 480 0.99324
00117.jpg 594 121 102 388 0.99204
00117.jpg 235 27 348 492 0.99172
00117.jpg 246 16 354 509 0.99142
00117.jpg 595 119 98 377 0.99055
00117.jpg 211 36 391 466 0.99006
00117.jpg 211 30 400 502 0.99001
00117.jpg 230 66 438 452 0.98930
00117.jpg 423 104 227 419 0.98918
00117.jpg 439 102 218 406 0.98896
00117.jpg 607 124 82 371 0.98862
00117.jpg 599 126 94 371 0.98854
00117.jpg 595 133 103 360 0.98781
00117.jpg 218 26 367 494 0.98712
00117.jpg 204 20 398 515 0.98671
00117.jpg 235 15 328 524 0.98603
00117.jpg 427 116 246 402 0.98545
00117.jpg 217 30 361 480 0.98354
00117.jpg 600 131 98 350 0.98311
00117.jpg 608 131 84 360 0.98273
00117.jpg 211 33 421 484 0.98146
00117.jpg 438 110 208 405 0.98104
00117.jpg 340 91 306 416 0.98041
00117.jpg 599 137 99 355 0.97847
00117.jpg 318 76 342 432 0.97541
00117.jpg 219 24 382 500 0.97425
00117.jpg 215 35 353 487 0.97105
00117.jpg 592 133 105 361 0.97072
00117.jpg 600 114 99 393 0.96946
00117.jpg 442 121 202 374 0.96804
00117.jpg 602 136 97 355 0.96792
00117.jpg 599 138 98 362 0.96645
00117.jpg 446 118 209 401 0.96537
00117.jpg 599 130 92 362 0.96537
00117.jpg 197 31 419 490 0.96464
00117.jpg 608 128 86 369 0.96402
00117.jpg 455 115 193 397 0.96309
00117.jpg 599 133 91 356 0.96305
00117.jpg 207 30 410 477 0.96096
00117.jpg 222 32 352 500 0.96074
00117.jpg 218 27 359 502 0.95991
00117.jpg 445 105 190 403 0.95989
00117.jpg 163 140 60 228 0.95888
00117.jpg 602 139 92 345 0.95856
00117.jpg 211 34 375 497 0.95834
00117.jpg 236 30 329 485 0.95639
00117.jpg 597 128 98 372 0.95608
00117.jpg 162 140 56 230 0.95305
00117.jpg 385 103 266 415 0.95305
00117.jpg 417 100 230 409 0.95290
00117.jpg 604 128 86 368 0.95270
00117.jpg 453 97 199 421 0.94926
00117.jpg 220 40 357 495 0.94703
00117.jpg 154 138 68 236 0.94576
00117.jpg 200 39 401 490 0.94571
00117.jpg 599 138 99 358 0.94519
00117.jpg 204 53 409 463 0.94206
00117.jpg 162 144 61 228 0.94003
00117.jpg 603 135 93 363 0.93818
00117.jpg 600 135 95 364 0.93780
00117.jpg 218 25 327 503 0.93561
00117.jpg 383 112 310 406 0.93491
00117.jpg 598 131 96 367 0.93284
00117.jpg 436 89 222 430 0.93189
00117.jpg 595 135 96 362 0.92803
00117.jpg 321 100 381 405 0.92692
00117.jpg 599 128 96 367 0.92588
00117.jpg 610 140 94 337 0.92539
00117.jpg 199 46 393 493 0.92189
00117.jpg 195 61 450 471 0.91941
00117.jpg 599 130 96 371 0.91847
00117.jpg 160 147 63 210 0.91683
00117.jpg 599 131 95 367 0.91567
00117.jpg 161 146 59 217 0.91439
00117.jpg 160 133 67 230 0.91114
00117.jpg 432 106 233 414 0.90749
00117.jpg 466 109 180 413 0.90513
00117.jpg 449 109 192 397 0.90217
00117.jpg 281 65 386 464 0.90122
00117.jpg 432 105 205 409 0.90053
00117.jpg 158 149 68 214 0.89510
00117.jpg 433 98 221 418 0.89503
00117.jpg 185 48 455 463 0.89478
00117.jpg 592 128 101 358 0.89375
00117.jpg 596 130 104 361 0.89339
00117.jpg 601 109 86 392 0.89224
00117.jpg 161 150 65 212 0.89090
00117.jpg 162 143 63 208 0.89014
00117.jpg 448 121 192 379 0.88907
00117.jpg 598 128 106 368 0.88516
00117.jpg 162 137 67 198 0.88264
00117.jpg 165 139 57 238 0.87906
00117.jpg 159 144 71 187 0.87846
00117.jpg 604 110 88 386 0.87225
00117.jpg 154 151 69 229 0.87211
00117.jpg 512 111 172 401 0.87003
00117.jpg 168 135 62 218 0.86922
00117.jpg 199 34 406 496 0.86727
00117.jpg 164 140 69 237 0.86491
00117.jpg 164 146 61 173 0.86324
00117.jpg 207 38 354 489 0.86035
00117.jpg 164 142 67 169 0.85868
00117.jpg 603 135 84 361 0.85840
00117.jpg 169 145 52 234 0.85398
00117.jpg 219 43 346 485 0.85337
00117.jpg 163 141 64 232 0.85204
00117.jpg 158 141 62 236 0.85053
00117.jpg 160 146 67 165 0.84957
00117.jpg 205 26 434 499 0.84940
00117.jpg 602 140 89 365 0.84792
00117.jpg 161 140 57 241 0.84288
00117.jpg 164 145 56 242 0.83561
00117.jpg 214 40 357 478 0.83472
00117.jpg 441 113 220 391 0.83256
00117.jpg 161 134 62 238 0.82921
00117.jpg 190 41 438 457 0.82889
00117.jpg 211 24 365 502 0.82493
00117.jpg 209 34 368 505 0.81954
00117.jpg 167 144 55 232 0.81691
00117.jpg 434 94 196 408 0.81582
00117.jpg 166 146 58 198 0.81274
00117.jpg 164 148 53 219 0.79885
00117.jpg 429 111 249 412 0.79184
00117.jpg 156 31 478 482 0.79027
00117.jpg 161 137 66 243 0.78990
00117.jpg 166 151 56 177 0.78619
00117.jpg 231 27 317 500 0.78361
00117.jpg 158 152 58 225 0.78173
00117.jpg 166 142 54 200 0.78146
00117.jpg 427 70 226 455 0.77677
00117.jpg 392 96 287 418 0.77602
00117.jpg 167 127 51 251 0.77238
00117.jpg 162 148 61 157 0.77173
00117.jpg 160 145 60 226 0.77119
00117.jpg 159 146 65 176 0.76415
00117.jpg 426 113 214 403 0.76265
00117.jpg 183 146 46 170 0.75845
00117.jpg 161 142 72 167 0.75720
00117.jpg 233 41 404 478 0.75527
00117.jpg 234 35 327 498 0.75115
00117.jpg 606 125 83 364 0.75011
00117.jpg 218 31 350 502 0.74998
00117.jpg 202 157 28 59 0.74960
00117.jpg 229 40 327 480 0.74821
00117.jpg 206 62 463 443 0.74665
00117.jpg 162 153 62 162 0.74514
00117.jpg 494 128 159 368 0.73897
00117.jpg 164 140 54 220 0.73293
00117.jpg 593 138 99 365 0.73165
00117.jpg 161 144 65 191 0.72378
00117.jpg 394 88 251 420 0.72310
00117.jpg 499 124 160 395 0.71914
00117.jpg 159 132 68 247 0.71706
00117.jpg 436 122 195 392 0.71536
00117.jpg 167 150 66 165 0.71487
00117.jpg 172 141 53 138 0.71247
00117.jpg 215 25 346 482 0.70990
00117.jpg 169 149 64 141 0.70983
00117.jpg 204 30 350 474 0.70904
00117.jpg 158 138 68 243 0.70843
00117.jpg 162 134 65 227 0.70770
00117.jpg 229 39 340 484 0.70537
00117.jpg 260 35 296 487 0.69994
00117.jpg 390 92 228 428 0.69982
00117.jpg 419 111 235 395 0.69707
00117.jpg 205 155 24 51 0.69013
00117.jpg 376 57 248 462 0.69000
00117.jpg 172 141 56 193 0.68367
00117.jpg 267 51 335 466 0.68296
00117.jpg 168 140 62 241 0.68077
00117.jpg 167 131 63 208 0.67791
00117.jpg 157 143 69 232 0.67435
00117.jpg 164 145 66 125 0.67280
00117.jpg 460 118 198 409 0.67177
00117.jpg 202 156 27 43 0.66974
00117.jpg 418 99 201 419 0.66562
00117.jpg 164 142 64 201 0.66065
00117.jpg 197 153 32 154 0.64066
00117.jpg 605 134 92 342 0.63428
00117.jpg 200 150 31 101 0.62972
00117.jpg 213 29 343 498 0.62865
00117.jpg 222 43 338 463 0.62714
00117.jpg 415 101 273 411 0.62595
00117.jpg 601 135 92 351 0.62393
00117.jpg 165 135 63 232 0.61639
00117.jpg 605 130 86 364 0.61466
00117.jpg 227 38 423 487 0.60557
00117.jpg 357 74 267 461 0.60310
00117.jpg 195 158 35 64 0.60180
00117.jpg 170 149 53 205 0.59221
00117.jpg 412 111 303 405 0.59109
00117.jpg 470 130 169 366 0.58475
00117.jpg 608 136 84 358 0.57812
00117.jpg 226 57 323 468 0.57604
00117.jpg 464 102 171 384 0.57352
00117.jpg 601 130 92 357 0.57300
00117.jpg 167 154 63 84 0.57226
00117.jpg 154 132 67 249 0.56750
00117.jpg 605 147 91 341 0.56617
00117.jpg 189 148 38 98 0.56592
00117.jpg 163 125 71 248 0.56558
00117.jpg 168 146 50 113 0.56529
00117.jpg 417 113 237 404 0.56251
00117.jpg 162 148 54 182 0.56122
00117.jpg 166 20 452 471 0.56008
00117.jpg 199 156 32 82 0.55985
00117.jpg 157 139 75 228 0.55822
00117.jpg 163 156 63 97 0.55706
00117.jpg 168 138 42 236 0.55470
00117.jpg 595 129 95 352 0.55156
00117.jpg 198 155 31 118 0.53632
00117.jpg 151 149 66 208 0.53553
00117.jpg 211 33 444 495 0.53455
00117.jpg 598 144 97 329 0.53445
00117.jpg 149 144 68 233 0.53238
00117.jpg 161 138 63 249 0.53105
00117.jpg 185 145 44 141 0.52766
00117.jpg 599 131 101 357 0.52283
00117.jpg 582 139 122 332 0.51880
00117.jpg 568 136 116 372 0.51871
00117.jpg 594 133 99 361 0.51433
00117.jpg 570 130 101 375 0.51081
00117.jpg 181 155 50 66 0.51077
00117.jpg 384 103 263 436 0.50479
