00137.jpg 481 103 172 427 0.99870
00137.jpg 487 111 158 398 0.99841
00137.jpg 204 39 387 486 0.99840
00137.jpg 188 51 413 488 0.99820
00137.jpg 152 49 463 476 0.99766
00137.jpg 484 109 171 412 0.99743
00137.jpg 595 139 110 350 0.99704
00137.jpg 480 112 177 404 0.99626
00137.jpg 184 37 382 483 0.99612
00137.jpg 479 110 162 413 0.99607
00137.jpg 167 32 425 497 0.99597
00137.jpg 184 35 389 482 0.99594
00137.jpg 202 36 367 486 0.99593
00137.jpg 606 142 84 343 0.99547
00137.jpg 176 35 391 490 0.99470
00137.jpg 608 141 81 346 0.99455
00137.jpg 189 34 367 490 0.99429
00137.jpg 600 124 93 372 0.99341
00137.jpg 599 142 98 361 0.99281
00137.jpg 466 106 176 415 0.99241
00137.jpg 182 21 406 507 0.99224
00137.jpg 182 39 396 496 0.99221
00137.jpg 185 52 434 468 0.99145
00137.jpg 198 26 392 507 0.99055
00137.jpg 468 116 176 393 0.99051
00137.jpg 491 125 155 399 0.99023
00137.jpg 196 46 377 476 0.99019
00137.jpg 178 34 404 489 0.98939
00137.jpg 197 36 375 484 0.98938
00137.jpg 188 32 388 488 0.98898
00137.jpg 482 115 167 399 0.98882
00137.jpg 467 119 177 384 0.98857
00137.jpg 198 24 374 510 0.98706
00137.jpg 206 16 382 511 0.98678
00137.jpg 190 37 362 489 0.98648
00137.jpg 495 111 145 416 0.98590
00137.jpg 493 120 152 394 0.98544
00137.jpg 602 132 95 362 0.98499
00137.jpg 606 131 83 376 0.98421
00137.jpg 609 131 77 379 0.98372
00137.jpg 166 52 416 452 0.98321
00137.jpg 598 140 96 358 0.98233
00137.jpg 604 139 90 355 0.98013
00137.jpg 600 137 95 349 0.97977
00137.jpg 479 95 168 424 0.97855
00137.jpg 474 122 176 397 0.97839
00137.jpg 599 127 93 368 0.97826
00137.jpg 177 41 390 469 0.97821
00137.jpg 468 105 180 415 0.97804
00137.jpg 491 119 154 412 0.97691
00137.jpg 603 140 90 359 0.97493
00137.jpg 600 134 88 365 0.97245
00137.jpg 178 59 453 470 0.97058
00137.jpg 456 116 213 395 0.96880
00137.jpg 472 119 179 402 0.96804
00137.jpg 604 133 88 363 0.96694
00137.jpg 486 116 159 407 0.96560
00137.jpg 605 135 84 362 0.96521
00137.jpg 602 139 89 362 0.96434
00137.jpg 472 91 193 434 0.96375
00137.jpg 176 18 403 510 0.96177
00137.jpg 232 26 310 504 0.95871
00137.jpg 210 27 369 500 0.95666
00137.jpg 599 137 91 376 0.95478
00137.jpg 192 30 391 502 0.95453
00137.jpg 604 130 81 372 0.95245
00137.jpg 163 23 448 498 0.95207
00137.jpg 600 131 87 362 0.95159
00137.jpg 197 34 375 497 0.95080
00137.jpg 604 131 80 360 0.94841
00137.jpg 464 122 198 383 0.94692
00137.jpg 435 132 263 370 0.94671
00137.jpg 196 39 360 490 0.94617
00137.jpg 203 25 358 505 0.94479
00137.jpg 212 29 335 499 0.94362
00137.jpg 215 27 363 499 0.94217
00137.jpg 185 45 391 482 0.94048
00137.jpg 601 145 87 345 0.94028
00137.jpg 438 142 48 56 0.93940
00137.jpg 443 140 40 56 0.93908
00137.jpg 182 37 433 488 0.93825
00137.jpg 185 32 361 489 0.93794
00137.jpg 439 139 44 52 0.93682
00137.jpg 484 125 155 384 0.93650
00137.jpg 602 131 89 375 0.93645
00137.jpg 606 154 81 340 0.93620
00137.jpg 607 133 83 372 0.93210
00137.jpg 173 45 394 472 0.92924
00137.jpg 191 35 354 492 0.92907
00137.jpg 608 134 85 363 0.92571
00137.jpg 469 117 160 390 0.92537
00137.jpg 440 140 47 56 0.92390
00137.jpg 471 131 207 377 0.92304
00137.jpg 600 128 91 369 0.92045
00137.jpg 604 130 86 369 0.92017
00137.jpg 180 34 380 493 0.91485
00137.jpg 601 128 95 370 0.91110
00137.jpg 438 140 50 54 0.90904
00137.jpg 479 119 178 392 0.90586
00137.jpg 439 139 46 52 0.90169
00137.jpg 439 138 42 56 0.89187
00137.jpg 206 152 23 46 0.89131
00137.jpg 179 38 397 491 0.88236
00137.jpg 441 141 42 53 0.88057
00137.jpg 192 17 350 503 0.87912
00137.jpg 474 97 185 435 0.87606
00137.jpg 606 139 85 358 0.87521
00137.jpg 162 107 60 242 0.87471
00137.jpg 440 142 47 54 0.87209
00137.jpg 470 119 177 384 0.87199
00137.jpg 441 141 42 50 0.87104
00137.jpg 151 102 72 267 0.87022
00137.jpg 465 121 193 400 0.86926
00137.jpg 596 126 93 374 0.86866
00137.jpg 442 137 40 59 0.86799
00137.jpg 154 106 58 237 0.86746
00137.jpg 603 135 87 366 0.86685
00137.jpg 605 128 84 374 0.86596
00137.jpg 239 34 283 483 0.86595
00137.jpg 440 140 47 56 0.86298
00137.jpg 179 42 365 484 0.86110
00137.jpg 600 144 85 351 0.85796
00137.jpg 208 153 17 41 0.85167
00137.jpg 157 113 63 243 0.85165
00137.jpg 160 115 60 229 0.85066
00137.jpg 607 138 85 355 0.84971
00137.jpg 439 141 49 56 0.84805
00137.jpg 608 130 83 367 0.84540
00137.jpg 457 112 197 403 0.84023
00137.jpg 164 105 48 205 0.83587
00137.jpg 187 43 369 464 0.83221
00137.jpg 442 141 45 56 0.82930
00137.jpg 605 131 81 372 0.82916
00137.jpg 480 122 198 399 0.82768
00137.jpg 463 118 174 394 0.82724
00137.jpg 163 106 68 265 0.82227
00137.jpg 437 139 48 57 0.82202
00137.jpg 439 142 45 57 0.82199
00137.jpg 201 152 24 48 0.81970
00137.jpg 159 107 65 237 0.81942
00137.jpg 161 113 65 254 0.81786
00137.jpg 172 44 422 456 0.81774
00137.jpg 440 139 43 55 0.81754
00137.jpg 227 41 316 488 0.81676
00137.jpg 152 109 66 262 0.81573
00137.jpg 602 132 81 364 0.81477
00137.jpg 440 138 47 54 0.81362
00137.jpg 165 110 49 240 0.81010
00137.jpg 157 100 75 266 0.80979
00137.jpg 164 104 52 259 0.80877
00137.jpg 442 141 43 56 0.80830
00137.jpg 185 45 356 465 0.80331
00137.jpg 603 136 90 356 0.80314
00137.jpg 443 140 41 51 0.79835
00137.jpg 441 142 51 57 0.79819
00137.jpg 601 134 91 363 0.79786
00137.jpg 605 147 96 344 0.79715
00137.jpg 155 104 62 212 0.79606
00137.jpg 158 104 59 197 0.79339
00137.jpg 441 98 228 404 0.79047
00137.jpg 198 152 29 48 0.78677
00137.jpg 170 48 391 476 0.78670
00137.jpg 604 131 89 374 0.78265
00137.jpg 153 106 61 246 0.78200
00137.jpg 202 153 27 47 0.78169
00137.jpg 440 140 48 49 0.77962
00137.jpg 440 137 47 56 0.77922
00137.jpg 598 134 93 355 0.76883
00137.jpg 201 148 28 52 0.76477
00137.jpg 177 26 389 505 0.76398
00137.jpg 466 125 176 368 0.75933
00137.jpg 442 136 47 58 0.74903
00137.jpg 589 132 101 353 0.74635
00137.jpg 159 115 59 255 0.74511
00137.jpg 158 31 391 495 0.74246
00137.jpg 438 141 43 52 0.74232
00137.jpg 539 136 130 380 0.73209
00137.jpg 203 153 26 46 0.73176
00137.jpg 551 120 122 390 0.72178
00137.jpg 202 152 27 44 0.71778
00137.jpg 442 140 46 51 0.71721
00137.jpg 199 150 32 78 0.71433
00137.jpg 599 132 89 368 0.70242
00137.jpg 601 126 90 366 0.70154
00137.jpg 492 133 183 368 0.70146
00137.jpg 443 138 41 55 0.70132
00137.jpg 580 128 104 373 0.70059
00137.jpg 205 153 19 44 0.69982
00137.jpg 437 141 48 59 0.69875
00137.jpg 435 141 54 62 0.69533
00137.jpg 442 140 44 51 0.69209
00137.jpg 457 116 191 392 0.69203
00137.jpg 194 149 34 83 0.68160
00137.jpg 159 126 62 243 0.67844
00137.jpg 477 128 170 361 0.67706
00137.jpg 434 142 52 58 0.66873
00137.jpg 162 111 62 269 0.66737
00137.jpg 155 106 73 269 0.66188
00137.jpg 154 108 72 268 0.65764
00137.jpg 516 120 143 397 0.65724
00137.jpg 247 54 286 472 0.65590
00137.jpg 441 137 43 58 0.65562
00137.jpg 164 113 48 244 0.65529
00137.jpg 436 138 55 60 0.64948
00137.jpg 439 138 42 49 0.64908
00137.jpg 196 152 31 53 0.64544
00137.jpg 442 139 45 56 0.64103
00137.jpg 453 120 173 390 0.63607
00137.jpg 442 137 42 51 0.63508
00137.jpg 439 139 48 58 0.63466
00137.jpg 215 51 340 467 0.62596
00137.jpg 164 122 50 211 0.62328
00137.jpg 167 105 42 268 0.62294
00137.jpg 603 142 92 348 0.62208
00137.jpg 153 105 62 173 0.61939
00137.jpg 440 141 39 47 0.61626
00137.jpg 143 105 65 251 0.61349
00137.jpg 381 85 261 432 0.61016
00137.jpg 162 114 67 240 0.61012
00137.jpg 160 104 61 221 0.60962
00137.jpg 141 109 73 263 0.60537
00137.jpg 446 134 211 373 0.60469
00137.jpg 251 38 295 486 0.60410
00137.jpg 602 132 96 360 0.59418
00137.jpg 205 152 24 45 0.59372
00137.jpg 167 111 62 258 0.59138
00137.jpg 162 111 53 261 0.59095
00137.jpg 437 138 54 60 0.58707
00137.jpg 607 139 80 344 0.58703
00137.jpg 436 145 51 52 0.58253
00137.jpg 441 140 49 50 0.58139
00137.jpg 442 143 39 51 0.57375
00137.jpg 437 142 51 59 0.57351
00137.jpg 164 66 411 441 0.57305
00137.jpg 164 101 42 269 0.57242
00137.jpg 487 125 149 388 0.57053
00137.jpg 441 139 49 55 0.56897
00137.jpg 157 119 55 254 0.56578
00137.jpg 198 67 396 447 0.56275
00137.jpg 160 103 50 226 0.55812
00137.jpg 195 153 31 49 0.55172
00137.jpg 437 136 47 69 0.54937
00137.jpg 164 110 52 174 0.54636
00137.jpg 187 135 40 154 0.54524
00137.jpg 167 107 52 204 0.54225
00137.jpg 357 69 282 448 0.54152
00137.jpg 157 64 521 461 0.53773
00137.jpg 242 62 358 476 0.53259
00137.jpg 159 118 71 163 0.52837
00137.jpg 162 113 43 248 0.52205
00137.jpg 320 65 266 451 0.51968
00137.jpg 200 152 31 56 0.51594
00137.jpg 436 136 48 63 0.51575
00137.jpg 157 113 70 268 0.51183
00137.jpg 164 112 45 174 0.50477
00137.jpg 154 113 62 184 0.50298
00137.jpg 163 101 47 171 0.50222
00137.jpg 441 141 43 50 0.49969
