00024.jpg 183 113 186 423 0.99971
00024.jpg 178 107 194 411 0.99956
00024.jpg 165 120 210 408 0.99934
00024.jpg 179 129 188 393 0.99922
00024.jpg 184 114 184 402 0.99902
00024.jpg 167 116 208 410 0.99901
00024.jpg 556 120 151 409 0.99897
00024.jpg 552 129 156 391 0.99876
00024.jpg 174 112 191 413 0.99857
00024.jpg 543 122 170 408 0.99851
00024.jpg 173 117 200 401 0.99821
00024.jpg 548 120 161 398 0.99813
00024.jpg 177 120 194 403 0.99810
00024.jpg 179 125 194 390 0.99802
00024.jpg 185 121 178 406 0.99796
00024.jpg 551 129 141 387 0.99730
00024.jpg 176 112 191 411 0.99717
00024.jpg 556 126 155 385 0.99710
00024.jpg 545 136 153 376 0.99706
00024.jpg 554 121 148 400 0.99705
00024.jpg 171 126 200 400 0.99682
00024.jpg 541 123 173 412 0.99672
00024.jpg 550 150 155 359 0.99614
00024.jpg 554 139 156 380 0.99609
00024.jpg 559 129 157 389 0.99604
00024.jpg 177 103 192 419 0.99556
00024.jpg 189 131 179 386 0.99542
00024.jpg 183 98 185 426 0.99531
00024.jpg 183 114 195 414 0.99504
00024.jpg 556 113 159 415 0.99485
00024.jpg 549 126 155 388 0.99467
00024.jpg 177 127 200 392 0.99441
00024.jpg 544 135 167 387 0.99322
00024.jpg 176 120 198 406 0.99245
00024.jpg 545 130 166 388 0.99191
00024.jpg 545 140 169 378 0.99188
00024.jpg 547 139 170 376 0.99156
00024.jpg 181 112 176 409 0.99054
00024.jpg 174 119 203 394 0.99049
00024.jpg 548 127 160 405 0.98996
00024.jpg 175 117 188 412 0.98994
00024.jpg 172 118 197 413 0.98938
00024.jpg 548 136 149 382 0.98838
00024.jpg 547 128 161 399 0.98797
00024.jpg 181 108 188 418 0.98781
00024.jpg 553 114 152 403 0.98733
00024.jpg 183 112 195 417 0.98675
00024.jpg 365 144 100 243 0.98566
00024.jpg 546 141 163 378 0.98501
00024.jpg 543 141 162 379 0.98387
00024.jpg 175 103 201 417 0.98336
00024.jpg 558 124 154 407 0.98292
00024.jpg 361 140 114 233 0.98171
00024.jpg 183 121 193 396 0.98037
00024.jpg 537 128 178 391 0.97963
00024.jpg 182 111 192 417 0.97731
00024.jpg 550 132 159 394 0.97668
00024.jpg 175 114 196 425 0.97568
00024.jpg 363 142 111 224 0.97560
00024.jpg 552 131 163 379 0.97524
00024.jpg 362 149 113 207 0.97400
00024.jpg 558 138 155 381 0.97344
00024.jpg 368 146 107 219 0.97338
00024.jpg 363 146 110 212 0.97201
00024.jpg 557 138 148 373 0.97151
00024.jpg 367 147 106 228 0.97131
00024.jpg 548 126 156 395 0.97123
00024.jpg 179 115 187 414 0.97123
00024.jpg 557 136 148 392 0.97024
00024.jpg 168 98 201 433 0.96768
00024.jpg 547 144 167 382 0.96490
00024.jpg 356 139 115 242 0.96048
00024.jpg 359 134 114 232 0.95973
00024.jpg 167 111 208 405 0.95088
00024.jpg 178 130 193 409 0.94939
00024.jpg 171 122 192 394 0.94921
00024.jpg 555 137 154 379 0.94881
00024.jpg 556 136 153 380 0.94834
00024.jpg 369 144 109 206 0.94255
00024.jpg 357 132 117 240 0.93953
00024.jpg 366 148 107 226 0.93754
00024.jpg 371 143 95 210 0.93589
00024.jpg 370 141 102 222 0.93537
00024.jpg 179 125 199 393 0.93498
00024.jpg 177 113 202 426 0.93145
00024.jpg 366 136 105 247 0.92779
00024.jpg 364 144 108 208 0.92434
00024.jpg 367 143 101 247 0.92308
00024.jpg 369 146 106 209 0.92127
00024.jpg 545 139 165 368 0.92076
00024.jpg 170 98 208 434 0.91962
00024.jpg 366 132 105 254 0.91851
00024.jpg 366 139 107 212 0.91834
00024.jpg 365 142 104 249 0.91701
00024.jpg 173 113 189 411 0.91627
00024.jpg 367 145 103 204 0.91379
00024.jpg 163 69 203 465 0.91324
00024.jpg 553 139 162 386 0.91182
00024.jpg 551 137 146 375 0.90980
00024.jpg 376 147 95 173 0.90798
00024.jpg 361 147 115 206 0.90226
00024.jpg 179 122 195 397 0.90052
00024.jpg 367 148 101 213 0.90044
00024.jpg 363 134 107 238 0.89797
00024.jpg 362 135 114 257 0.89636
00024.jpg 546 137 160 393 0.89454
00024.jpg 360 145 111 253 0.89258
00024.jpg 360 136 108 251 0.88920
00024.jpg 369 149 106 182 0.88362
00024.jpg 359 142 113 239 0.88132
00024.jpg 374 140 102 241 0.87987
00024.jpg 372 144 105 243 0.87854
00024.jpg 176 100 189 439 0.87576
00024.jpg 547 119 161 410 0.86281
00024.jpg 541 131 164 390 0.85307
00024.jpg 362 145 106 234 0.84953
00024.jpg 550 145 157 362 0.84680
00024.jpg 362 147 113 203 0.84405
00024.jpg 174 117 199 413 0.84384
00024.jpg 364 133 111 260 0.83982
00024.jpg 362 139 110 231 0.82272
00024.jpg 553 137 160 378 0.81858
00024.jpg 373 148 99 158 0.81535
00024.jpg 359 137 115 246 0.81296
00024.jpg 179 120 195 419 0.81272
00024.jpg 372 138 101 247 0.80915
00024.jpg 367 145 101 213 0.80606
00024.jpg 363 134 110 256 0.80599
00024.jpg 362 153 107 179 0.80568
00024.jpg 369 146 97 204 0.79821
00024.jpg 371 149 102 145 0.79511
00024.jpg 358 136 113 265 0.78756
00024.jpg 192 116 190 398 0.77738
00024.jpg 365 145 106 248 0.77697
00024.jpg 539 130 163 385 0.77653
00024.jpg 187 108 192 425 0.76367
00024.jpg 368 154 111 159 0.76322
00024.jpg 370 142 100 236 0.76310
00024.jpg 367 143 105 238 0.75951
00024.jpg 365 135 107 238 0.75177
00024.jpg 359 139 116 256 0.75040
00024.jpg 365 145 111 237 0.73934
00024.jpg 170 120 213 410 0.73923
00024.jpg 368 148 109 182 0.73694
00024.jpg 552 143 156 372 0.73593
00024.jpg 357 139 108 260 0.73169
00024.jpg 362 141 116 258 0.73019
00024.jpg 187 108 172 423 0.72485
00024.jpg 184 101 188 432 0.71985
00024.jpg 562 139 144 381 0.71787
00024.jpg 371 138 99 222 0.71205
00024.jpg 357 147 119 250 0.71165
00024.jpg 364 151 102 181 0.70550
00024.jpg 367 134 99 260 0.70342
00024.jpg 359 138 114 209 0.70031
00024.jpg 361 144 118 231 0.69738
00024.jpg 543 131 167 382 0.69628
00024.jpg 552 139 158 387 0.68734
00024.jpg 344 273 57 119 0.68497
00024.jpg 363 137 120 259 0.66483
00024.jpg 189 124 187 393 0.66226
00024.jpg 366 152 110 213 0.66226
00024.jpg 369 132 104 237 0.66066
00024.jpg 371 148 99 201 0.65950
00024.jpg 558 141 150 379 0.64834
00024.jpg 361 142 116 254 0.64505
00024.jpg 552 129 160 401 0.63622
00024.jpg 345 283 55 102 0.63473
00024.jpg 364 146 105 221 0.63079
00024.jpg 378 145 99 213 0.62873
00024.jpg 558 142 142 373 0.62281
00024.jpg 161 125 216 397 0.62018
00024.jpg 187 126 175 397 0.61380
00024.jpg 546 135 156 364 0.61297
00024.jpg 556 155 141 357 0.60586
00024.jpg 365 154 111 245 0.59800
00024.jpg 366 143 113 196 0.58952
00024.jpg 364 148 105 178 0.58936
00024.jpg 359 148 110 186 0.58757
00024.jpg 362 148 116 194 0.58748
00024.jpg 364 138 99 262 0.58581
00024.jpg 372 143 101 163 0.57573
00024.jpg 368 139 108 235 0.57313
00024.jpg 346 294 52 94 0.56236
00024.jpg 374 142 100 203 0.53023
00024.jpg 368 144 108 202 0.52367
00024.jpg 341 284 58 113 0.51388
00024.jpg 373 141 105 267 0.51278
00024.jpg 369 151 92 169 0.50152
00024.jpg 363 139 118 256 0.50145
