00039.jpg 153 99 231 425 0.99902
00039.jpg 152 112 225 407 0.99882
00039.jpg 160 105 216 419 0.99870
00039.jpg 142 118 241 394 0.99858
00039.jpg 160 109 216 421 0.99848
00039.jpg 150 105 227 416 0.99839
00039.jpg 147 110 236 418 0.99792
00039.jpg 147 112 241 416 0.99786
00039.jpg 156 111 218 412 0.99769
00039.jpg 148 86 234 440 0.99726
00039.jpg 149 113 230 412 0.99712
00039.jpg 157 112 222 404 0.99709
00039.jpg 146 114 223 411 0.99700
00039.jpg 652 151 147 370 0.99664
00039.jpg 649 145 147 385 0.99496
00039.jpg 160 112 208 420 0.99495
00039.jpg 148 111 227 419 0.99414
00039.jpg 146 103 227 425 0.99407
00039.jpg 158 106 215 423 0.99406
00039.jpg 144 109 237 413 0.99325
00039.jpg 146 102 218 424 0.99321
00039.jpg 143 111 233 414 0.99320
00039.jpg 151 114 217 403 0.99276
00039.jpg 147 113 226 409 0.99237
00039.jpg 648 153 147 373 0.99184
00039.jpg 658 157 145 371 0.99125
00039.jpg 149 105 226 407 0.98996
00039.jpg 160 108 211 420 0.98976
00039.jpg 160 89 206 444 0.98940
00039.jpg 607 182 113 293 0.98865
00039.jpg 149 116 232 410 0.98776
00039.jpg 158 129 226 385 0.98614
00039.jpg 610 183 108 292 0.98607
00039.jpg 141 107 236 423 0.98595
00039.jpg 660 163 134 357 0.98374
00039.jpg 657 155 134 367 0.98357
00039.jpg 152 107 225 416 0.98244
00039.jpg 657 156 142 370 0.98133
00039.jpg 610 187 94 287 0.98030
00039.jpg 664 149 133 381 0.97930
00039.jpg 660 161 134 363 0.97863
00039.jpg 652 147 148 382 0.97748
00039.jpg 609 181 110 307 0.97718
00039.jpg 636 160 166 370 0.97555
00039.jpg 650 149 146 382 0.97314
00039.jpg 141 117 238 409 0.97300
00039.jpg 608 186 105 280 0.97300
00039.jpg 608 177 108 302 0.97164
00039.jpg 654 158 139 361 0.97015
00039.jpg 328 163 171 224 0.96687
00039.jpg 616 181 100 300 0.96685
00039.jpg 637 164 146 358 0.96674
00039.jpg 668 159 125 367 0.96602
00039.jpg 337 164 167 219 0.96506
00039.jpg 660 158 133 371 0.96405
00039.jpg 610 183 104 310 0.96343
00039.jpg 150 106 218 422 0.96246
00039.jpg 153 117 231 396 0.96222
00039.jpg 345 174 154 200 0.96209
00039.jpg 613 179 103 301 0.96142
00039.jpg 139 121 243 394 0.96130
00039.jpg 641 153 150 361 0.95961
00039.jpg 661 153 142 377 0.95878
00039.jpg 665 152 131 367 0.95867
00039.jpg 660 161 132 363 0.95693
00039.jpg 652 146 146 385 0.95657
00039.jpg 660 165 132 363 0.95443
00039.jpg 613 185 106 288 0.95082
00039.jpg 339 158 160 258 0.95008
00039.jpg 341 164 156 202 0.94955
00039.jpg 656 161 138 348 0.94773
00039.jpg 662 150 129 389 0.94695
00039.jpg 614 174 109 320 0.94684
00039.jpg 608 188 107 274 0.94566
00039.jpg 664 149 133 383 0.94547
00039.jpg 646 148 146 389 0.94450
00039.jpg 341 167 157 232 0.94371
00039.jpg 138 105 260 423 0.94093
00039.jpg 340 173 162 188 0.93932
00039.jpg 333 175 170 225 0.93824
00039.jpg 627 163 166 358 0.93809
00039.jpg 613 186 93 307 0.93775
00039.jpg 607 186 110 292 0.93759
00039.jpg 605 191 109 282 0.93609
00039.jpg 139 115 247 406 0.93170
00039.jpg 164 111 192 417 0.92869
00039.jpg 338 168 174 213 0.92783
00039.jpg 148 124 234 388 0.92659
00039.jpg 337 173 164 213 0.92568
00039.jpg 160 70 197 459 0.92481
00039.jpg 602 184 116 285 0.92425
00039.jpg 339 157 161 260 0.92369
00039.jpg 661 151 135 369 0.91784
00039.jpg 622 175 118 331 0.91338
00039.jpg 655 158 147 354 0.91159
00039.jpg 344 158 163 271 0.90937
00039.jpg 603 190 114 292 0.90878
00039.jpg 139 105 239 417 0.90659
00039.jpg 607 185 101 291 0.90380
00039.jpg 625 170 117 331 0.90356
00039.jpg 664 155 139 373 0.90218
00039.jpg 622 166 117 357 0.90146
00039.jpg 609 176 100 298 0.90005
00039.jpg 605 174 108 342 0.89923
00039.jpg 608 182 109 276 0.89882
00039.jpg 337 174 166 226 0.89835
00039.jpg 143 116 234 413 0.89623
00039.jpg 336 160 168 201 0.89535
00039.jpg 606 183 114 315 0.89316
00039.jpg 605 184 108 301 0.89160
00039.jpg 656 163 145 356 0.88509
00039.jpg 610 180 106 322 0.88451
00039.jpg 656 158 139 367 0.87997
00039.jpg 337 169 160 203 0.87463
00039.jpg 335 174 172 171 0.87435
00039.jpg 615 189 98 283 0.87269
00039.jpg 333 168 170 264 0.87238
00039.jpg 339 172 163 180 0.86669
00039.jpg 143 109 234 414 0.86250
00039.jpg 657 151 139 373 0.86239
00039.jpg 611 192 92 273 0.86178
00039.jpg 609 191 106 274 0.86143
00039.jpg 647 160 153 360 0.85994
00039.jpg 661 161 143 357 0.85944
00039.jpg 334 178 167 198 0.85887
00039.jpg 344 166 158 252 0.85823
00039.jpg 351 163 150 271 0.85622
00039.jpg 603 177 111 290 0.85486
00039.jpg 642 158 152 371 0.85466
00039.jpg 333 165 169 228 0.85369
00039.jpg 336 169 164 233 0.85286
00039.jpg 612 186 104 284 0.85164
00039.jpg 342 170 158 177 0.85105
00039.jpg 603 185 112 296 0.85098
00039.jpg 641 153 155 379 0.84910
00039.jpg 656 153 135 366 0.84891
00039.jpg 602 191 121 280 0.84667
00039.jpg 655 134 144 405 0.84659
00039.jpg 649 153 134 361 0.84539
00039.jpg 612 189 108 280 0.84224
00039.jpg 609 170 108 327 0.84112
00039.jpg 348 164 151 261 0.83414
00039.jpg 339 175 170 205 0.83337
00039.jpg 614 157 174 368 0.83035
00039.jpg 619 171 101 339 0.82520
00039.jpg 611 170 123 323 0.82492
00039.jpg 620 174 147 327 0.82314
00039.jpg 328 155 171 284 0.82028
00039.jpg 633 162 134 344 0.81878
00039.jpg 338 166 164 239 0.80906
00039.jpg 342 169 162 211 0.80808
00039.jpg 149 115 217 386 0.80741
00039.jpg 606 179 107 301 0.80700
00039.jpg 153 109 225 414 0.80689
00039.jpg 338 169 164 221 0.80184
00039.jpg 605 192 111 278 0.79911
00039.jpg 608 191 118 283 0.79911
00039.jpg 339 174 169 264 0.79694
00039.jpg 612 185 115 326 0.79456
00039.jpg 345 163 161 273 0.79440
00039.jpg 608 184 98 288 0.79304
00039.jpg 345 177 157 158 0.78878
00039.jpg 350 168 151 259 0.78796
00039.jpg 652 158 151 367 0.78180
00039.jpg 345 169 163 239 0.77859
00039.jpg 334 171 169 222 0.77783
00039.jpg 644 168 147 358 0.77408
00039.jpg 617 176 100 289 0.77395
00039.jpg 122 122 276 371 0.77019
00039.jpg 342 163 159 254 0.76760
00039.jpg 339 170 167 196 0.76475
00039.jpg 162 99 214 432 0.76413
00039.jpg 339 168 164 278 0.76178
00039.jpg 609 161 184 341 0.75115
00039.jpg 605 163 133 352 0.74834
00039.jpg 342 168 159 173 0.74129
00039.jpg 335 178 175 180 0.73765
00039.jpg 339 173 160 180 0.73129
00039.jpg 343 161 159 241 0.72816
00039.jpg 338 164 158 258 0.72633
00039.jpg 343 168 166 188 0.72253
00039.jpg 153 113 228 405 0.72242
00039.jpg 651 163 146 333 0.71982
00039.jpg 661 162 139 369 0.71966
00039.jpg 339 171 159 278 0.70932
00039.jpg 342 161 151 267 0.70635
00039.jpg 603 182 119 313 0.70335
00039.jpg 606 189 109 252 0.70286
00039.jpg 337 169 160 223 0.69912
00039.jpg 340 169 163 210 0.69904
00039.jpg 617 184 106 288 0.69781
00039.jpg 603 181 111 279 0.69466
00039.jpg 336 164 177 260 0.69440
00039.jpg 665 161 125 352 0.69043
00039.jpg 623 181 136 297 0.68967
00039.jpg 159 98 199 428 0.68315
00039.jpg 609 185 104 278 0.67443
00039.jpg 343 173 157 248 0.66941
00039.jpg 599 194 118 254 0.65171
00039.jpg 121 110 293 410 0.64869
00039.jpg 611 195 100 260 0.64808
00039.jpg 342 166 168 207 0.64704
00039.jpg 137 110 246 410 0.64643
00039.jpg 336 157 174 284 0.64550
00039.jpg 171 122 214 378 0.64505
00039.jpg 165 125 201 380 0.64222
00039.jpg 340 163 155 240 0.63858
00039.jpg 347 168 156 256 0.63611
00039.jpg 660 150 142 382 0.62826
00039.jpg 603 182 129 281 0.62629
00039.jpg 339 171 163 257 0.61812
00039.jpg 342 163 156 240 0.61121
00039.jpg 140 108 235 414 0.61057
00039.jpg 339 174 161 198 0.60549
00039.jpg 337 171 163 228 0.60391
00039.jpg 334 176 162 161 0.60266
00039.jpg 598 175 116 325 0.59731
00039.jpg 340 176 160 169 0.59384
00039.jpg 136 111 233 391 0.58760
00039.jpg 608 189 108 285 0.58651
00039.jpg 652 164 152 348 0.58011
00039.jpg 331 167 171 182 0.57902
00039.jpg 335 159 180 288 0.57710
00039.jpg 345 161 157 259 0.57683
00039.jpg 337 180 165 164 0.57588
00039.jpg 337 172 163 219 0.57583
00039.jpg 343 168 152 197 0.57465
00039.jpg 604 173 143 322 0.57166
00039.jpg 597 161 197 359 0.56727
00039.jpg 616 187 105 246 0.55832
00039.jpg 338 179 162 156 0.55754
00039.jpg 649 160 138 351 0.55253
00039.jpg 346 171 150 178 0.55057
00039.jpg 339 174 156 162 0.54994
00039.jpg 345 170 150 186 0.54641
00039.jpg 604 174 138 325 0.54183
00039.jpg 322 151 183 316 0.53959
00039.jpg 609 184 124 325 0.53588
00039.jpg 338 174 157 165 0.53474
00039.jpg 602 186 116 270 0.52219
00039.jpg 628 155 180 376 0.51393
00039.jpg 346 164 149 268 0.50820
00039.jpg 133 112 252 411 0.49957
