00030.jpg 173 131 195 389 0.99917
00030.jpg 174 123 195 396 0.99899
00030.jpg 596 163 139 356 0.99893
00030.jpg 595 159 139 369 0.99880
00030.jpg 596 161 152 372 0.99857
00030.jpg 588 163 157 369 0.99849
00030.jpg 154 109 213 428 0.99839
00030.jpg 596 152 143 377 0.99827
00030.jpg 179 126 191 397 0.99796
00030.jpg 182 120 179 413 0.99783
00030.jpg 176 112 185 411 0.99780
00030.jpg 178 123 184 410 0.99755
00030.jpg 176 117 178 402 0.99728
00030.jpg 593 160 146 372 0.99727
00030.jpg 182 116 186 412 0.99684
00030.jpg 180 120 188 416 0.99674
00030.jpg 176 125 184 394 0.99661
00030.jpg 177 115 190 408 0.99655
00030.jpg 597 163 144 353 0.99651
00030.jpg 172 113 196 412 0.99639
00030.jpg 184 121 187 416 0.99632
00030.jpg 174 121 183 399 0.99625
00030.jpg 593 162 132 365 0.99615
00030.jpg 588 161 149 366 0.99599
00030.jpg 591 162 154 360 0.99597
00030.jpg 171 121 187 406 0.99542
00030.jpg 180 118 182 409 0.99526
00030.jpg 180 116 184 415 0.99518
00030.jpg 584 163 154 368 0.99483
00030.jpg 182 119 175 413 0.99450
00030.jpg 587 159 157 368 0.99437
00030.jpg 596 159 138 368 0.99436
00030.jpg 590 161 148 375 0.99427
00030.jpg 595 165 140 361 0.99425
00030.jpg 591 163 151 368 0.99334
00030.jpg 601 163 133 366 0.99324
00030.jpg 166 113 195 415 0.99272
00030.jpg 599 164 135 372 0.99184
00030.jpg 370 170 130 186 0.99116
00030.jpg 590 149 140 381 0.99108
00030.jpg 182 113 183 408 0.99099
00030.jpg 164 116 214 407 0.99042
00030.jpg 591 163 144 360 0.99028
00030.jpg 598 160 142 366 0.99025
00030.jpg 595 155 147 374 0.98999
00030.jpg 589 164 150 367 0.98989
00030.jpg 167 114 206 418 0.98940
00030.jpg 177 100 189 431 0.98902
00030.jpg 166 111 195 421 0.98897
00030.jpg 176 115 190 404 0.98864
00030.jpg 594 162 147 370 0.98764
00030.jpg 604 168 142 347 0.98726
00030.jpg 600 155 135 373 0.98687
00030.jpg 183 117 167 397 0.98569
00030.jpg 586 160 149 362 0.98546
00030.jpg 604 166 135 360 0.98448
00030.jpg 585 161 148 366 0.98354
00030.jpg 594 162 147 373 0.98346
00030.jpg 365 161 132 218 0.98346
00030.jpg 591 158 147 373 0.98340
00030.jpg 598 162 144 371 0.98201
00030.jpg 171 110 190 422 0.98200
00030.jpg 182 117 176 406 0.98170
00030.jpg 180 112 191 421 0.97881
00030.jpg 374 170 126 196 0.97877
00030.jpg 369 167 130 208 0.97742
00030.jpg 594 163 147 360 0.97694
00030.jpg 174 126 194 399 0.97599
00030.jpg 169 121 194 405 0.97486
00030.jpg 592 160 144 370 0.97431
00030.jpg 180 117 191 414 0.97249
00030.jpg 594 161 141 366 0.97209
00030.jpg 365 165 129 194 0.97019
00030.jpg 596 155 133 373 0.96845
00030.jpg 372 168 128 187 0.96489
00030.jpg 182 100 183 425 0.96482
00030.jpg 174 116 196 418 0.96421
00030.jpg 375 171 122 190 0.96320
00030.jpg 373 168 123 188 0.96244
00030.jpg 380 172 109 192 0.96137
00030.jpg 177 116 185 423 0.96107
00030.jpg 365 166 135 192 0.95970
00030.jpg 596 158 137 372 0.95950
00030.jpg 369 164 121 208 0.95733
00030.jpg 606 161 137 362 0.95654
00030.jpg 367 163 129 231 0.95555
00030.jpg 184 109 187 416 0.95446
00030.jpg 595 157 142 380 0.94950
00030.jpg 370 167 127 188 0.94608
00030.jpg 373 165 126 212 0.94575
00030.jpg 594 166 149 359 0.94204
00030.jpg 368 169 129 194 0.94068
00030.jpg 593 165 151 367 0.94051
00030.jpg 369 164 132 204 0.94041
00030.jpg 338 284 48 148 0.93862
00030.jpg 171 124 199 409 0.93376
00030.jpg 173 124 192 404 0.93364
00030.jpg 339 287 42 144 0.92807
00030.jpg 368 173 130 189 0.92496
00030.jpg 367 169 128 191 0.92369
00030.jpg 372 170 121 205 0.92254
00030.jpg 373 165 124 225 0.91668
00030.jpg 172 121 184 418 0.91499
00030.jpg 367 167 130 198 0.91484
00030.jpg 374 166 117 220 0.91416
00030.jpg 333 282 54 148 0.91250
00030.jpg 595 168 141 356 0.90697
00030.jpg 375 166 113 198 0.90576
00030.jpg 590 163 144 373 0.90368
00030.jpg 371 172 127 213 0.90346
00030.jpg 371 172 122 205 0.90294
00030.jpg 378 171 115 221 0.90247
00030.jpg 371 164 122 240 0.90148
00030.jpg 375 166 123 211 0.90132
00030.jpg 372 162 124 204 0.90033
00030.jpg 370 175 127 206 0.89641
00030.jpg 178 118 188 412 0.89606
00030.jpg 597 162 142 371 0.89104
00030.jpg 180 129 186 397 0.87955
00030.jpg 588 159 146 377 0.87750
00030.jpg 375 170 120 187 0.87692
00030.jpg 341 289 48 138 0.87365
00030.jpg 363 168 138 190 0.87180
00030.jpg 369 169 131 222 0.86607
00030.jpg 372 162 119 232 0.86522
00030.jpg 372 174 127 212 0.86487
00030.jpg 591 168 145 352 0.84665
00030.jpg 364 169 134 204 0.84436
00030.jpg 185 123 179 394 0.84383
00030.jpg 368 165 129 206 0.84097
00030.jpg 338 288 56 139 0.83800
00030.jpg 370 173 124 180 0.83736
00030.jpg 374 170 122 196 0.83670
00030.jpg 367 160 134 231 0.83665
00030.jpg 374 164 128 198 0.83352
00030.jpg 596 155 144 374 0.82934
00030.jpg 364 166 140 203 0.82928
00030.jpg 373 175 127 177 0.82614
00030.jpg 594 163 157 336 0.81741
00030.jpg 370 170 126 207 0.81300
00030.jpg 367 162 120 219 0.80984
00030.jpg 363 158 133 247 0.80816
00030.jpg 176 110 197 424 0.80579
00030.jpg 372 170 124 187 0.80434
00030.jpg 366 171 134 221 0.80372
00030.jpg 365 169 134 213 0.80070
00030.jpg 373 164 125 212 0.79923
00030.jpg 335 290 52 137 0.78978
00030.jpg 335 281 44 152 0.78841
00030.jpg 337 281 56 146 0.77774
00030.jpg 373 171 115 179 0.77742
00030.jpg 366 161 133 215 0.77545
00030.jpg 372 169 127 192 0.77492
00030.jpg 335 289 55 133 0.76774
00030.jpg 380 171 117 206 0.76701
00030.jpg 334 289 53 145 0.76318
00030.jpg 332 294 62 131 0.76162
00030.jpg 372 175 129 198 0.75310
00030.jpg 180 113 199 411 0.74548
00030.jpg 337 285 45 159 0.74370
00030.jpg 166 121 199 391 0.74060
00030.jpg 369 161 127 249 0.73949
00030.jpg 179 116 180 421 0.73022
00030.jpg 600 164 139 357 0.71747
00030.jpg 333 285 56 150 0.70879
00030.jpg 182 107 205 414 0.69900
00030.jpg 340 288 50 144 0.69843
00030.jpg 338 283 41 149 0.69749
00030.jpg 369 171 122 180 0.69692
00030.jpg 386 165 23 42 0.68852
00030.jpg 369 168 126 235 0.68738
00030.jpg 601 163 145 370 0.68013
00030.jpg 382 167 24 44 0.67820
00030.jpg 177 122 179 417 0.67366
00030.jpg 160 117 198 405 0.67090
00030.jpg 181 113 181 426 0.66577
00030.jpg 338 280 43 146 0.66519
00030.jpg 370 161 119 243 0.66485
00030.jpg 591 165 143 359 0.65664
00030.jpg 589 165 146 355 0.65597
00030.jpg 384 166 25 46 0.65371
00030.jpg 335 286 47 143 0.65331
00030.jpg 334 284 49 145 0.64771
00030.jpg 158 115 220 414 0.64347
00030.jpg 603 154 132 385 0.64292
00030.jpg 373 170 125 193 0.64201
00030.jpg 375 167 111 231 0.63922
00030.jpg 589 164 152 371 0.63302
00030.jpg 367 167 132 248 0.62748
00030.jpg 593 150 150 380 0.62121
00030.jpg 592 168 155 366 0.61995
00030.jpg 387 165 16 37 0.61079
00030.jpg 337 292 50 125 0.61019
00030.jpg 333 284 62 143 0.60509
00030.jpg 331 287 65 145 0.59044
00030.jpg 332 286 51 145 0.58782
00030.jpg 334 290 51 143 0.58621
00030.jpg 370 162 118 250 0.57932
00030.jpg 372 168 122 237 0.57796
00030.jpg 367 167 128 183 0.57740
00030.jpg 596 172 139 359 0.57555
00030.jpg 383 164 27 49 0.57123
00030.jpg 171 120 204 419 0.57095
00030.jpg 370 159 127 207 0.56595
00030.jpg 365 174 126 251 0.56212
00030.jpg 338 289 43 141 0.55379
00030.jpg 364 173 135 179 0.55265
00030.jpg 363 167 133 198 0.55033
00030.jpg 386 165 27 46 0.54630
00030.jpg 360 171 134 247 0.54459
00030.jpg 334 281 52 148 0.54147
00030.jpg 380 173 108 168 0.53916
00030.jpg 371 174 127 171 0.53641
00030.jpg 163 118 203 403 0.53352
00030.jpg 336 283 50 147 0.53123
00030.jpg 333 288 47 145 0.53103
00030.jpg 379 173 117 170 0.53063
00030.jpg 382 167 28 51 0.52081
00030.jpg 339 289 40 131 0.51760
00030.jpg 597 144 146 390 0.51421
00030.jpg 174 113 184 419 0.51345
00030.jpg 339 289 37 136 0.50815
00030.jpg 369 175 129 165 0.50804
00030.jpg 339 293 50 123 0.50603
