00003.jpg 19 167 55 172 0.99910
00003.jpg 20 169 48 174 0.99897
00003.jpg 17 164 52 183 0.99894
00003.jpg 389 240 98 189 0.99872
00003.jpg 260 212 76 194 0.99871
00003.jpg 902 316 56 221 0.99829
00003.jpg 18 169 51 170 0.99799
00003.jpg 20 168 51 168 0.99790
00003.jpg 253 215 88 195 0.99790
00003.jpg 256 215 79 186 0.99784
00003.jpg 19 171 54 167 0.99771
00003.jpg 256 212 83 198 0.99766
00003.jpg 393 237 86 192 0.99765
00003.jpg 611 301 99 227 0.99757
00003.jpg 390 245 89 192 0.99747
00003.jpg 257 216 79 197 0.99710
00003.jpg 452 293 118 241 0.99701
00003.jpg 15 170 59 168 0.99698
00003.jpg 614 298 95 240 0.99694
00003.jpg 254 218 80 188 0.99688
00003.jpg 258 219 80 191 0.99666
00003.jpg 19 166 51 176 0.99658
00003.jpg 903 305 56 234 0.99612
00003.jpg 258 218 80 190 0.99611
00003.jpg 16 169 60 168 0.99603
00003.jpg 902 317 57 216 0.99586
00003.jpg 609 317 99 212 0.99548
00003.jpg 613 302 99 231 0.99510
00003.jpg 259 218 78 192 0.99506
00003.jpg 609 305 97 233 0.99434
00003.jpg 17 162 53 181 0.99420
00003.jpg 900 317 59 222 0.99417
00003.jpg 456 291 114 248 0.99392
00003.jpg 456 296 109 243 0.99380
00003.jpg 257 217 76 187 0.99370
00003.jpg 256 218 79 195 0.99365
00003.jpg 253 215 86 198 0.99362
00003.jpg 598 223 71 158 0.99361
00003.jpg 393 243 91 186 0.99357
00003.jpg 392 242 84 186 0.99350
00003.jpg 614 303 94 236 0.99320
00003.jpg 610 307 96 227 0.99320
00003.jpg 251 216 87 199 0.99317
00003.jpg 453 286 124 248 0.99311
00003.jpg 391 246 89 177 0.99302
00003.jpg 610 295 100 244 0.99302
00003.jpg 261 216 72 189 0.99291
00003.jpg 462 279 114 260 0.99277
00003.jpg 20 171 50 163 0.99275
00003.jpg 17 166 56 175 0.99271
00003.jpg 391 241 95 188 0.99221
00003.jpg 904 314 55 225 0.99186
00003.jpg 453 290 117 249 0.99098
00003.jpg 21 171 49 167 0.99091
00003.jpg 253 210 87 192 0.99030
00003.jpg 902 315 57 224 0.99019
00003.jpg 898 314 60 219 0.99011
00003.jpg 902 307 56 232 0.99007
00003.jpg 609 297 107 234 0.98993
00003.jpg 458 285 111 253 0.98851
00003.jpg 255 219 83 187 0.98840
00003.jpg 387 244 93 183 0.98829
00003.jpg 458 286 108 253 0.98816
00003.jpg 897 310 62 229 0.98809
00003.jpg 455 290 119 249 0.98795
00003.jpg 393 248 92 184 0.98793
00003.jpg 252 210 85 204 0.98786
00003.jpg 606 295 96 240 0.98785
00003.jpg 22 170 50 170 0.98770
00003.jpg 602 228 70 154 0.98744
00003.jpg 257 213 78 196 0.98735
00003.jpg 454 296 114 238 0.98690
00003.jpg 256 214 82 191 0.98616
00003.jpg 257 217 81 190 0.98612
00003.jpg 458 291 113 245 0.98612
00003.jpg 460 285 114 254 0.98590
00003.jpg 18 171 54 168 0.98584
00003.jpg 903 319 55 220 0.98581
00003.jpg 607 309 105 226 0.98579
00003.jpg 258 209 81 198 0.98567
00003.jpg 391 244 94 177 0.98547
00003.jpg 17 167 54 173 0.98500
00003.jpg 609 309 103 220 0.98483
00003.jpg 17 165 57 176 0.98472
00003.jpg 390 240 95 193 0.98451
00003.jpg 609 291 95 247 0.98438
00003.jpg 252 215 84 198 0.98436
00003.jpg 258 212 80 195 0.98412
00003.jpg 16 165 58 174 0.98365
00003.jpg 611 300 95 239 0.98325
00003.jpg 896 310 61 226 0.98296
00003.jpg 609 297 97 242 0.98284
00003.jpg 455 292 113 247 0.98228
00003.jpg 615 296 93 240 0.98201
00003.jpg 606 301 106 237 0.98174
00003.jpg 614 295 97 244 0.98151
00003.jpg 19 169 54 171 0.98132
00003.jpg 457 282 114 256 0.98112
00003.jpg 610 294 95 244 0.98106
00003.jpg 253 212 83 200 0.98090
00003.jpg 610 295 96 244 0.98079
00003.jpg 397 238 82 197 0.98054
00003.jpg 17 171 54 173 0.98049
00003.jpg 453 295 117 236 0.98042
00003.jpg 393 241 87 190 0.98041
00003.jpg 610 294 98 240 0.98041
00003.jpg 457 283 118 252 0.98024
00003.jpg 454 290 117 247 0.98019
00003.jpg 14 168 61 172 0.97990
00003.jpg 393 243 88 183 0.97974
00003.jpg 456 290 119 247 0.97967
00003.jpg 462 293 111 246 0.97959
00003.jpg 17 168 54 174 0.97929
00003.jpg 900 315 59 224 0.97918
00003.jpg 394 244 90 185 0.97917
00003.jpg 609 307 95 228 0.97906
00003.jpg 464 293 106 243 0.97891
00003.jpg 387 249 98 174 0.97842
00003.jpg 393 244 89 186 0.97812
00003.jpg 608 291 103 248 0.97766
00003.jpg 19 170 53 171 0.97714
00003.jpg 391 242 91 192 0.97707
00003.jpg 18 168 54 171 0.97667
00003.jpg 18 168 55 170 0.97633
00003.jpg 893 317 66 216 0.97619
00003.jpg 897 309 61 230 0.97558
00003.jpg 259 205 82 202 0.97474
00003.jpg 394 242 95 186 0.97433
00003.jpg 610 309 95 221 0.97413
00003.jpg 389 239 90 190 0.97370
00003.jpg 462 294 100 244 0.97368
00003.jpg 456 291 112 248 0.97255
00003.jpg 388 242 100 190 0.97251
00003.jpg 899 319 60 220 0.97228
00003.jpg 898 306 59 233 0.97168
00003.jpg 259 223 79 186 0.97167
00003.jpg 18 166 56 170 0.97134
00003.jpg 16 166 55 169 0.97129
00003.jpg 605 301 103 238 0.97095
00003.jpg 461 295 105 244 0.97091
00003.jpg 604 300 103 238 0.97020
00003.jpg 253 221 86 184 0.97008
00003.jpg 388 238 93 190 0.96997
00003.jpg 900 303 59 236 0.96978
00003.jpg 389 239 96 187 0.96978
00003.jpg 388 254 97 173 0.96962
00003.jpg 458 293 112 246 0.96912
00003.jpg 593 224 77 161 0.96892
00003.jpg 389 238 91 195 0.96861
00003.jpg 20 168 52 169 0.96837
00003.jpg 458 287 107 251 0.96828
00003.jpg 461 290 105 249 0.96774
00003.jpg 609 298 105 237 0.96745
00003.jpg 599 226 75 147 0.96672
00003.jpg 902 317 55 222 0.96671
00003.jpg 389 242 95 188 0.96607
00003.jpg 23 165 52 177 0.96574
00003.jpg 901 317 57 222 0.96518
00003.jpg 601 304 114 231 0.96506
00003.jpg 606 298 102 241 0.96500
00003.jpg 257 221 80 182 0.96418
00003.jpg 454 302 117 233 0.96393
00003.jpg 254 211 84 197 0.96386
00003.jpg 391 239 92 191 0.96322
00003.jpg 901 317 58 222 0.96300
00003.jpg 21 168 53 175 0.96289
00003.jpg 18 168 53 173 0.96267
00003.jpg 611 302 93 224 0.96264
00003.jpg 608 300 105 239 0.96260
00003.jpg 255 214 85 195 0.96200
00003.jpg 22 171 50 164 0.96160
00003.jpg 14 167 58 175 0.96116
00003.jpg 256 216 85 189 0.95981
00003.jpg 895 314 61 224 0.95890
00003.jpg 900 314 58 218 0.95809
00003.jpg 256 222 81 180 0.95786
00003.jpg 606 288 104 250 0.95709
00003.jpg 390 241 90 188 0.95643
00003.jpg 447 291 123 245 0.95641
00003.jpg 606 291 102 246 0.95533
00003.jpg 257 214 80 198 0.95532
00003.jpg 462 285 113 253 0.95367
00003.jpg 454 297 117 233 0.95346
00003.jpg 609 295 96 243 0.95328
00003.jpg 903 317 56 222 0.95316
00003.jpg 391 237 96 191 0.95309
00003.jpg 390 240 92 190 0.95307
00003.jpg 385 241 99 182 0.95261
00003.jpg 458 291 116 245 0.95258
00003.jpg 388 247 97 178 0.95252
00003.jpg 257 217 80 195 0.95209
00003.jpg 390 241 98 194 0.95198
00003.jpg 256 215 79 189 0.95192
00003.jpg 595 219 83 172 0.95167
00003.jpg 462 290 106 248 0.94960
00003.jpg 458 290 110 249 0.94911
00003.jpg 599 224 73 164 0.94800
00003.jpg 457 285 120 254 0.94725
00003.jpg 608 304 98 232 0.94690
00003.jpg 394 241 86 186 0.94645
00003.jpg 608 302 103 236 0.94637
00003.jpg 387 241 100 186 0.94433
00003.jpg 462 296 107 242 0.94409
00003.jpg 610 301 99 238 0.94347
00003.jpg 595 227 82 162 0.94082
00003.jpg 387 247 101 182 0.94011
00003.jpg 895 314 59 225 0.94007
00003.jpg 599 225 80 163 0.93966
00003.jpg 611 294 98 238 0.93938
00003.jpg 449 293 126 239 0.93681
00003.jpg 15 169 60 170 0.93560
00003.jpg 389 243 94 180 0.93445
00003.jpg 612 303 98 234 0.93314
00003.jpg 611 288 94 242 0.93297
00003.jpg 20 170 55 170 0.93216
00003.jpg 456 293 116 244 0.93208
00003.jpg 18 166 51 175 0.93208
00003.jpg 254 216 81 188 0.93026
00003.jpg 601 226 72 155 0.92905
00003.jpg 452 289 123 250 0.92902
00003.jpg 605 291 102 248 0.92809
00003.jpg 20 170 57 169 0.92748
00003.jpg 896 308 58 230 0.92747
00003.jpg 456 284 111 253 0.92653
00003.jpg 614 298 93 241 0.92628
00003.jpg 254 217 84 186 0.92621
00003.jpg 900 309 58 220 0.92588
00003.jpg 20 167 56 175 0.92512
00003.jpg 901 314 55 225 0.92507
00003.jpg 452 288 124 251 0.92422
00003.jpg 595 227 81 142 0.92391
00003.jpg 393 239 93 189 0.92265
00003.jpg 596 225 75 151 0.92156
00003.jpg 391 239 92 185 0.92127
00003.jpg 894 312 64 221 0.92017
00003.jpg 610 296 100 242 0.91896
00003.jpg 19 170 50 169 0.91837
00003.jpg 459 304 115 225 0.91650
00003.jpg 898 310 60 229 0.91589
00003.jpg 903 318 54 221 0.91392
00003.jpg 20 165 52 175 0.91179
00003.jpg 396 241 80 188 0.91129
00003.jpg 595 222 81 168 0.91114
00003.jpg 909 310 49 228 0.91109
00003.jpg 387 247 97 183 0.91038
00003.jpg 902 315 57 224 0.91024
00003.jpg 446 291 123 244 0.90908
00003.jpg 597 220 75 166 0.90831
00003.jpg 600 222 70 159 0.90819
00003.jpg 599 276 107 261 0.90677
00003.jpg 894 313 58 220 0.90635
00003.jpg 386 235 101 199 0.90261
00003.jpg 902 318 55 217 0.90245
00003.jpg 254 218 84 181 0.90118
00003.jpg 463 292 105 236 0.89834
00003.jpg 392 240 90 194 0.89762
00003.jpg 386 239 97 184 0.89676
00003.jpg 458 294 112 241 0.89675
00003.jpg 596 225 81 172 0.89541
00003.jpg 389 250 97 179 0.89499
00003.jpg 597 224 82 196 0.89303
00003.jpg 455 291 115 243 0.89216
00003.jpg 453 294 118 243 0.88990
00003.jpg 614 305 92 233 0.88986
00003.jpg 457 297 112 233 0.88802
00003.jpg 397 245 85 179 0.88739
00003.jpg 596 228 75 159 0.88644
00003.jpg 599 225 73 170 0.88543
00003.jpg 18 172 51 167 0.88539
00003.jpg 22 169 52 166 0.88529
00003.jpg 596 221 76 161 0.88458
00003.jpg 600 223 75 153 0.88141
00003.jpg 257 217 83 191 0.88036
00003.jpg 256 212 80 195 0.87656
00003.jpg 17 171 57 166 0.87110
00003.jpg 452 302 115 230 0.87031
00003.jpg 613 313 95 214 0.86735
00003.jpg 597 224 74 153 0.86581
00003.jpg 18 166 56 172 0.86514
00003.jpg 386 240 97 184 0.86402
00003.jpg 602 290 101 232 0.86140
00003.jpg 901 315 58 224 0.85645
00003.jpg 254 215 81 194 0.85400
00003.jpg 255 217 78 194 0.85334
00003.jpg 21 166 51 167 0.85291
00003.jpg 600 223 77 153 0.85256
00003.jpg 253 215 90 192 0.85088
00003.jpg 600 219 72 165 0.84969
00003.jpg 596 221 83 149 0.84599
00003.jpg 20 176 54 161 0.84563
00003.jpg 260 223 74 188 0.84462
00003.jpg 14 167 62 173 0.84142
00003.jpg 601 226 68 153 0.84133
00003.jpg 452 287 125 252 0.84090
00003.jpg 598 224 74 145 0.83906
00003.jpg 256 212 80 195 0.83069
00003.jpg 390 247 88 180 0.82823
00003.jpg 600 221 74 167 0.82691
00003.jpg 597 217 77 182 0.82477
00003.jpg 395 237 86 195 0.82444
00003.jpg 596 227 73 152 0.82402
00003.jpg 455 292 116 244 0.82390
00003.jpg 19 170 55 170 0.82305
00003.jpg 597 221 72 176 0.82246
00003.jpg 253 216 83 188 0.82187
00003.jpg 596 223 78 145 0.82183
00003.jpg 18 170 57 162 0.82056
00003.jpg 615 307 92 227 0.81680
00003.jpg 601 230 70 164 0.81359
00003.jpg 19 166 54 169 0.80260
00003.jpg 614 308 95 227 0.80127
00003.jpg 387 238 102 187 0.80081
00003.jpg 895 317 61 220 0.79996
00003.jpg 459 295 111 244 0.79991
00003.jpg 455 290 114 242 0.79333
00003.jpg 256 209 82 204 0.78970
00003.jpg 606 286 103 248 0.78705
00003.jpg 596 225 83 130 0.78242
00003.jpg 18 169 60 169 0.78074
00003.jpg 254 215 86 197 0.77722
00003.jpg 595 227 73 143 0.77615
00003.jpg 595 222 72 167 0.77322
00003.jpg 458 290 108 246 0.77295
00003.jpg 597 218 75 178 0.76739
00003.jpg 595 249 108 280 0.76643
00003.jpg 259 216 79 184 0.76517
00003.jpg 896 322 62 209 0.76404
00003.jpg 455 288 111 251 0.76399
00003.jpg 596 230 73 139 0.75763
00003.jpg 386 241 103 179 0.75626
00003.jpg 598 230 78 139 0.75622
00003.jpg 597 228 77 159 0.75177
00003.jpg 395 241 87 190 0.75157
00003.jpg 451 293 120 235 0.75140
00003.jpg 461 290 106 237 0.75139
00003.jpg 18 173 52 167 0.74828
00003.jpg 892 312 67 220 0.74723
00003.jpg 14 164 58 178 0.74571
00003.jpg 608 221 68 171 0.73830
00003.jpg 457 299 101 235 0.73357
00003.jpg 466 283 102 250 0.73133
00003.jpg 602 223 72 155 0.73079
00003.jpg 602 230 68 160 0.72949
00003.jpg 899 293 58 246 0.72906
00003.jpg 453 293 119 239 0.72869
00003.jpg 607 296 94 240 0.72691
00003.jpg 609 299 101 240 0.72622
00003.jpg 894 315 62 222 0.72610
00003.jpg 599 225 74 161 0.72536
00003.jpg 607 298 89 234 0.72401
00003.jpg 902 290 57 249 0.72386
00003.jpg 596 220 77 181 0.72376
00003.jpg 602 227 75 157 0.71932
00003.jpg 14 174 54 170 0.71216
00003.jpg 19 171 59 164 0.71189
00003.jpg 259 218 75 183 0.71085
00003.jpg 20 167 52 167 0.71058
00003.jpg 20 165 59 163 0.70631
00003.jpg 387 244 93 176 0.70540
00003.jpg 603 219 65 194 0.70505
00003.jpg 251 212 84 193 0.70383
00003.jpg 602 230 74 130 0.70046
00003.jpg 254 214 88 198 0.69860
00003.jpg 596 226 73 157 0.69572
00003.jpg 895 312 64 222 0.69551
00003.jpg 899 309 60 230 0.69133
00003.jpg 596 227 73 152 0.68427
00003.jpg 391 248 95 186 0.68058
00003.jpg 260 213 78 189 0.67308
00003.jpg 22 168 49 176 0.66507
00003.jpg 15 166 47 178 0.66200
00003.jpg 256 217 78 191 0.65954
00003.jpg 607 285 88 221 0.65877
00003.jpg 456 290 120 239 0.65255
00003.jpg 601 225 68 142 0.64971
00003.jpg 899 292 59 247 0.64798
00003.jpg 256 216 77 186 0.64797
00003.jpg 258 211 79 196 0.64621
00003.jpg 387 251 95 169 0.64528
00003.jpg 598 222 75 154 0.64343
00003.jpg 894 310 60 229 0.64120
00003.jpg 602 240 72 127 0.64104
00003.jpg 599 223 72 174 0.63795
00003.jpg 613 310 97 211 0.63750
00003.jpg 456 288 106 241 0.63634
00003.jpg 901 316 58 223 0.63353
00003.jpg 254 219 78 187 0.63273
00003.jpg 601 268 88 241 0.63052
00003.jpg 608 290 98 244 0.62831
00003.jpg 392 241 89 183 0.62729
00003.jpg 597 228 74 126 0.62583
00003.jpg 595 226 72 151 0.61643
00003.jpg 455 284 116 251 0.61515
00003.jpg 453 289 115 247 0.61127
00003.jpg 902 298 55 241 0.61125
00003.jpg 17 169 50 162 0.60990
00003.jpg 460 291 110 244 0.60439
00003.jpg 16 173 55 161 0.60321
00003.jpg 445 271 126 261 0.60023
00003.jpg 895 326 64 211 0.58381
00003.jpg 451 286 118 253 0.58237
00003.jpg 20 168 49 170 0.57842
00003.jpg 594 297 121 242 0.57555
00003.jpg 610 306 85 228 0.57491
00003.jpg 600 228 71 133 0.57354
00003.jpg 15 172 51 173 0.57010
00003.jpg 608 302 94 229 0.56766
00003.jpg 592 222 92 153 0.56610
00003.jpg 598 225 75 139 0.56187
00003.jpg 385 240 95 183 0.55365
00003.jpg 448 293 125 242 0.55267
00003.jpg 898 318 54 221 0.55048
00003.jpg 254 213 81 196 0.54432
00003.jpg 16 170 56 167 0.54419
00003.jpg 617 314 92 222 0.54417
00003.jpg 906 311 45 228 0.54351
00003.jpg 595 215 95 187 0.54156
00003.jpg 601 225 79 169 0.54037
00003.jpg 601 286 107 251 0.53963
00003.jpg 260 219 75 185 0.53864
00003.jpg 397 242 76 190 0.53653
00003.jpg 895 319 64 220 0.53313
00003.jpg 397 245 87 201 0.53267
00003.jpg 899 319 60 219 0.53251
00003.jpg 608 301 101 234 0.53164
00003.jpg 397 241 76 186 0.52740
00003.jpg 457 290 112 211 0.51587
00003.jpg 392 245 94 190 0.51445
00003.jpg 22 170 45 177 0.51152
