00006.jpg 623 300 98 231 0.99975
00006.jpg 621 300 96 232 0.99961
00006.jpg 28 158 44 180 0.99959
00006.jpg 258 200 84 191 0.99915
00006.jpg 251 204 98 195 0.99874
00006.jpg 627 291 93 248 0.99873
00006.jpg 23 158 54 171 0.99866
00006.jpg 908 313 49 220 0.99859
00006.jpg 258 197 89 192 0.99831
00006.jpg 630 296 88 241 0.99828
00006.jpg 26 157 50 176 0.99812
00006.jpg 364 228 92 182 0.99777
00006.jpg 27 155 52 176 0.99769
00006.jpg 601 223 60 199 0.99765
00006.jpg 624 314 96 218 0.99764
00006.jpg 465 278 110 252 0.99761
00006.jpg 259 198 81 200 0.99760
00006.jpg 260 203 82 190 0.99759
00006.jpg 625 298 95 238 0.99749
00006.jpg 254 210 91 185 0.99729
00006.jpg 905 330 53 202 0.99729
00006.jpg 903 315 55 220 0.99719
00006.jpg 355 227 102 184 0.99705
00006.jpg 624 302 98 231 0.99700
00006.jpg 622 288 99 251 0.99663
00006.jpg 25 159 53 169 0.99655
00006.jpg 27 157 51 171 0.99646
00006.jpg 25 156 49 171 0.99626
00006.jpg 624 305 95 234 0.99610
00006.jpg 259 199 80 195 0.99605
00006.jpg 624 300 95 239 0.99595
00006.jpg 907 324 52 212 0.99587
00006.jpg 22 159 57 168 0.99558
00006.jpg 250 200 94 204 0.99493
00006.jpg 258 205 83 184 0.99487
00006.jpg 629 297 92 242 0.99482
00006.jpg 622 302 95 233 0.99466
00006.jpg 902 328 57 209 0.99463
00006.jpg 357 225 95 192 0.99445
00006.jpg 458 281 116 253 0.99419
00006.jpg 259 201 84 197 0.99404
00006.jpg 258 201 84 196 0.99397
00006.jpg 260 204 82 187 0.99388
00006.jpg 363 226 90 196 0.99363
00006.jpg 258 207 82 185 0.99361
00006.jpg 909 318 47 218 0.99355
00006.jpg 462 279 110 257 0.99353
00006.jpg 909 327 47 212 0.99336
00006.jpg 623 309 99 229 0.99334
00006.jpg 465 284 101 255 0.99320
00006.jpg 457 282 112 249 0.99308
00006.jpg 458 280 111 243 0.99304
00006.jpg 356 225 96 189 0.99253
00006.jpg 462 278 106 261 0.99231
00006.jpg 465 279 105 254 0.99222
00006.jpg 908 325 48 209 0.99213
00006.jpg 625 303 95 231 0.99210
00006.jpg 467 284 101 252 0.99194
00006.jpg 625 298 95 240 0.99158
00006.jpg 465 289 102 238 0.99146
00006.jpg 255 197 92 199 0.99145
00006.jpg 25 158 49 171 0.99132
00006.jpg 622 307 100 222 0.99104
00006.jpg 262 198 80 201 0.99066
00006.jpg 358 227 102 187 0.99041
00006.jpg 355 222 106 195 0.99029
00006.jpg 621 301 100 234 0.99027
00006.jpg 897 331 61 204 0.98987
00006.jpg 363 231 92 182 0.98983
00006.jpg 598 229 66 191 0.98961
00006.jpg 465 281 104 250 0.98949
00006.jpg 355 228 95 185 0.98945
00006.jpg 905 328 52 211 0.98939
00006.jpg 630 302 91 231 0.98934
00006.jpg 620 297 98 242 0.98928
00006.jpg 621 294 95 241 0.98925
00006.jpg 624 293 97 246 0.98916
00006.jpg 261 202 80 195 0.98890
00006.jpg 598 218 65 206 0.98881
00006.jpg 597 219 63 204 0.98881
00006.jpg 362 230 92 184 0.98880
00006.jpg 28 161 45 170 0.98858
00006.jpg 623 299 96 234 0.98847
00006.jpg 910 321 48 209 0.98833
00006.jpg 27 157 47 175 0.98827
00006.jpg 259 206 80 176 0.98812
00006.jpg 27 154 50 174 0.98777
00006.jpg 28 158 47 171 0.98753
00006.jpg 26 158 50 170 0.98704
00006.jpg 360 226 92 184 0.98678
00006.jpg 359 226 103 188 0.98656
00006.jpg 24 158 57 173 0.98649
00006.jpg 364 234 89 177 0.98615
00006.jpg 366 231 87 186 0.98571
00006.jpg 595 225 64 195 0.98556
00006.jpg 627 300 90 226 0.98528
00006.jpg 599 216 65 209 0.98510
00006.jpg 365 232 86 186 0.98507
00006.jpg 461 278 113 252 0.98504
00006.jpg 465 284 102 248 0.98486
00006.jpg 596 215 63 200 0.98446
00006.jpg 595 225 64 199 0.98437
00006.jpg 361 228 88 189 0.98392
00006.jpg 457 282 113 257 0.98365
00006.jpg 261 204 80 189 0.98337
00006.jpg 624 299 96 233 0.98332
00006.jpg 260 201 84 193 0.98233
00006.jpg 21 161 55 171 0.98153
00006.jpg 464 280 102 254 0.98122
00006.jpg 466 283 100 256 0.98091
00006.jpg 454 279 117 254 0.98079
00006.jpg 24 160 51 169 0.98064
00006.jpg 27 160 52 169 0.98056
00006.jpg 466 278 101 260 0.98055
00006.jpg 621 289 101 247 0.98050
00006.jpg 257 206 85 187 0.98015
00006.jpg 363 231 92 186 0.98012
00006.jpg 258 201 85 196 0.97995
00006.jpg 594 217 67 206 0.97902
00006.jpg 463 278 105 252 0.97866
00006.jpg 601 220 57 204 0.97863
00006.jpg 465 287 107 244 0.97768
00006.jpg 470 288 91 234 0.97737
00006.jpg 260 202 87 195 0.97698
00006.jpg 900 322 54 213 0.97675
00006.jpg 908 318 50 219 0.97641
00006.jpg 24 155 55 172 0.97622
00006.jpg 257 203 86 189 0.97618
00006.jpg 464 279 101 250 0.97601
00006.jpg 353 228 105 185 0.97600
00006.jpg 465 281 103 252 0.97586
00006.jpg 466 288 100 247 0.97578
00006.jpg 458 284 111 239 0.97474
00006.jpg 22 158 52 169 0.97470
00006.jpg 358 227 95 186 0.97458
00006.jpg 462 279 107 255 0.97452
00006.jpg 463 275 113 264 0.97434
00006.jpg 357 233 99 188 0.97406
00006.jpg 260 202 90 195 0.97404
00006.jpg 260 207 83 183 0.97363
00006.jpg 596 221 63 191 0.97341
00006.jpg 23 159 54 168 0.97329
00006.jpg 599 220 59 205 0.97282
00006.jpg 465 283 102 242 0.97282
00006.jpg 462 274 102 255 0.97232
00006.jpg 622 295 101 238 0.97230
00006.jpg 258 204 85 190 0.97222
00006.jpg 23 161 51 169 0.97166
00006.jpg 363 231 89 183 0.97153
00006.jpg 621 315 91 214 0.97148
00006.jpg 598 220 61 195 0.97122
00006.jpg 25 157 50 172 0.97077
00006.jpg 461 285 111 250 0.97008
00006.jpg 602 222 59 199 0.96848
00006.jpg 363 229 84 183 0.96829
00006.jpg 26 158 49 170 0.96827
00006.jpg 598 220 66 203 0.96769
00006.jpg 364 231 89 187 0.96733
00006.jpg 907 328 49 211 0.96665
00006.jpg 260 202 83 189 0.96612
00006.jpg 906 331 50 208 0.96594
00006.jpg 253 205 89 186 0.96547
00006.jpg 25 165 48 166 0.96530
00006.jpg 361 231 95 181 0.96501
00006.jpg 26 157 50 172 0.96493
00006.jpg 460 284 111 247 0.96489
00006.jpg 254 198 88 194 0.96474
00006.jpg 619 294 100 244 0.96474
00006.jpg 364 233 84 176 0.96416
00006.jpg 259 199 84 190 0.96375
00006.jpg 903 322 52 214 0.96363
00006.jpg 625 314 86 218 0.96328
00006.jpg 362 228 89 184 0.96322
00006.jpg 624 309 89 225 0.96305
00006.jpg 358 227 92 192 0.96271
00006.jpg 21 157 57 173 0.96253
00006.jpg 27 154 49 175 0.96185
00006.jpg 459 284 112 248 0.96178
00006.jpg 27 160 50 167 0.96162
00006.jpg 364 236 91 181 0.96146
00006.jpg 361 232 95 185 0.96001
00006.jpg 25 161 50 168 0.95948
00006.jpg 362 231 93 187 0.95943
00006.jpg 23 157 56 172 0.95935
00006.jpg 465 278 104 258 0.95935
00006.jpg 596 219 66 204 0.95916
00006.jpg 909 315 47 224 0.95892
00006.jpg 627 308 91 221 0.95877
00006.jpg 356 223 103 190 0.95856
00006.jpg 258 203 85 193 0.95853
00006.jpg 906 325 50 208 0.95845
00006.jpg 464 287 103 239 0.95752
00006.jpg 907 327 51 210 0.95750
00006.jpg 900 323 56 209 0.95616
00006.jpg 364 236 86 177 0.95472
00006.jpg 903 317 53 217 0.95417
00006.jpg 25 161 55 166 0.95234
00006.jpg 906 327 52 212 0.95184
00006.jpg 618 296 99 242 0.95002
00006.jpg 599 221 64 202 0.94936
00006.jpg 464 284 102 249 0.94923
00006.jpg 592 214 66 207 0.94903
00006.jpg 362 224 93 193 0.94901
00006.jpg 468 281 102 256 0.94654
00006.jpg 469 283 95 248 0.94639
00006.jpg 594 225 65 197 0.94542
00006.jpg 364 236 89 174 0.94454
00006.jpg 627 310 94 219 0.94434
00006.jpg 460 280 114 250 0.94366
00006.jpg 258 203 83 188 0.94288
00006.jpg 263 204 73 188 0.94238
00006.jpg 620 295 100 240 0.94125
00006.jpg 898 314 59 221 0.93918
00006.jpg 363 228 91 186 0.93904
00006.jpg 596 220 72 196 0.93823
00006.jpg 464 280 102 258 0.93628
00006.jpg 464 282 112 250 0.93520
00006.jpg 460 283 107 253 0.93508
00006.jpg 902 319 55 215 0.93505
00006.jpg 467 287 101 251 0.93498
00006.jpg 597 226 65 193 0.93362
00006.jpg 625 302 93 231 0.93280
00006.jpg 26 154 53 175 0.93260
00006.jpg 596 215 65 204 0.93192
00006.jpg 253 201 94 188 0.93109
00006.jpg 594 221 65 188 0.93106
00006.jpg 903 316 53 219 0.92998
00006.jpg 27 153 49 172 0.92968
00006.jpg 355 227 100 189 0.92856
00006.jpg 908 325 49 212 0.92848
00006.jpg 598 225 64 194 0.92838
00006.jpg 25 161 53 172 0.92592
00006.jpg 599 220 60 206 0.92570
00006.jpg 355 221 96 198 0.92394
00006.jpg 25 158 51 170 0.92199
00006.jpg 368 235 87 183 0.92081
00006.jpg 616 275 98 264 0.91856
00006.jpg 904 324 54 204 0.91672
00006.jpg 359 232 89 180 0.91504
00006.jpg 462 280 105 253 0.91390
00006.jpg 353 230 98 183 0.91370
00006.jpg 620 302 98 237 0.91302
00006.jpg 614 301 102 233 0.91271
00006.jpg 591 221 73 204 0.91263
00006.jpg 620 297 103 236 0.91019
00006.jpg 630 310 87 222 0.90646
00006.jpg 619 307 101 219 0.90590
00006.jpg 597 221 69 208 0.90462
00006.jpg 258 209 86 188 0.90462
00006.jpg 600 221 60 200 0.90423
00006.jpg 265 198 80 201 0.90362
00006.jpg 259 205 84 195 0.90213
00006.jpg 596 212 63 221 0.90178
00006.jpg 260 209 86 183 0.90068
00006.jpg 461 288 107 243 0.89976
00006.jpg 619 291 100 248 0.89968
00006.jpg 598 222 65 200 0.89964
00006.jpg 464 280 102 249 0.89892
00006.jpg 600 226 61 183 0.89876
00006.jpg 596 221 68 202 0.89778
00006.jpg 599 219 66 203 0.89685
00006.jpg 597 221 65 199 0.89414
00006.jpg 906 324 51 207 0.89332
00006.jpg 595 226 67 194 0.89332
00006.jpg 29 156 47 169 0.89245
00006.jpg 21 163 60 162 0.89072
00006.jpg 253 201 89 190 0.89065
00006.jpg 904 318 55 218 0.89050
00006.jpg 353 228 109 187 0.88971
00006.jpg 619 309 105 225 0.88833
00006.jpg 259 203 80 191 0.88756
00006.jpg 467 274 99 265 0.88128
00006.jpg 252 202 88 187 0.88075
00006.jpg 621 293 93 240 0.87617
00006.jpg 466 287 102 239 0.87590
00006.jpg 359 221 100 186 0.87395
00006.jpg 909 325 47 214 0.87350
00006.jpg 598 215 64 199 0.87285
00006.jpg 460 284 113 249 0.87179
00006.jpg 371 242 83 176 0.87174
00006.jpg 597 219 65 201 0.87016
00006.jpg 259 198 84 198 0.86935
00006.jpg 467 282 100 256 0.86934
00006.jpg 253 202 99 190 0.86788
00006.jpg 630 305 87 220 0.86625
00006.jpg 462 279 106 260 0.86452
00006.jpg 25 160 55 168 0.86291
00006.jpg 251 210 90 185 0.86192
00006.jpg 596 221 66 203 0.85958
00006.jpg 353 226 99 188 0.85928
00006.jpg 366 234 87 185 0.85918
00006.jpg 595 217 70 213 0.85816
00006.jpg 458 278 114 261 0.85325
00006.jpg 363 231 93 181 0.85299
00006.jpg 361 231 91 187 0.85198
00006.jpg 599 221 63 194 0.85118
00006.jpg 256 202 91 186 0.84722
00006.jpg 598 227 61 192 0.84558
00006.jpg 27 161 55 170 0.84479
00006.jpg 598 218 63 211 0.84356
00006.jpg 624 302 95 227 0.84210
00006.jpg 459 275 112 261 0.84198
00006.jpg 358 230 99 185 0.84065
00006.jpg 631 296 85 238 0.83988
00006.jpg 594 217 68 205 0.83950
00006.jpg 596 221 69 201 0.83785
00006.jpg 356 225 103 180 0.83667
00006.jpg 261 207 81 184 0.83562
00006.jpg 616 291 108 244 0.83478
00006.jpg 357 230 99 186 0.83318
00006.jpg 464 275 105 260 0.83274
00006.jpg 594 223 66 197 0.83243
00006.jpg 467 275 102 261 0.83229
00006.jpg 593 218 72 204 0.82957
00006.jpg 898 322 60 209 0.82739
00006.jpg 257 197 89 199 0.82690
00006.jpg 597 225 68 196 0.82364
00006.jpg 266 205 78 185 0.82364
00006.jpg 253 201 92 195 0.82048
00006.jpg 598 217 65 210 0.82029
00006.jpg 365 230 84 182 0.81351
00006.jpg 467 278 96 256 0.80964
00006.jpg 26 155 53 172 0.80778
00006.jpg 907 326 49 213 0.80700
00006.jpg 910 320 49 214 0.80624
00006.jpg 598 217 64 201 0.80470
00006.jpg 905 325 52 209 0.80406
00006.jpg 618 296 100 240 0.80279
00006.jpg 353 225 107 185 0.80065
00006.jpg 460 288 109 238 0.79673
00006.jpg 462 279 104 250 0.79593
00006.jpg 249 198 88 194 0.79462
00006.jpg 350 225 103 185 0.79406
00006.jpg 904 329 52 210 0.78959
00006.jpg 356 225 97 195 0.78921
00006.jpg 909 324 47 215 0.78021
00006.jpg 23 160 52 173 0.78003
00006.jpg 371 237 84 178 0.77781
00006.jpg 620 299 99 239 0.77548
00006.jpg 254 208 85 182 0.77271
00006.jpg 621 293 88 243 0.76855
00006.jpg 898 310 59 229 0.76750
00006.jpg 257 203 82 198 0.76577
00006.jpg 348 224 106 181 0.76189
00006.jpg 455 279 117 260 0.76107
00006.jpg 898 317 60 216 0.76049
00006.jpg 361 231 81 171 0.75984
00006.jpg 908 325 48 214 0.75893
00006.jpg 622 272 97 267 0.75697
00006.jpg 24 154 53 173 0.75548
00006.jpg 621 298 96 237 0.75305
00006.jpg 614 299 100 231 0.75186
00006.jpg 265 206 81 179 0.74296
00006.jpg 24 158 51 169 0.74189
00006.jpg 466 280 106 252 0.73974
00006.jpg 597 249 64 163 0.73220
00006.jpg 617 289 100 250 0.73198
00006.jpg 27 157 56 167 0.73114
00006.jpg 21 163 61 162 0.72963
00006.jpg 634 298 82 241 0.72905
00006.jpg 464 274 105 263 0.71680
00006.jpg 259 196 89 200 0.71539
00006.jpg 458 278 111 254 0.71388
00006.jpg 258 198 91 205 0.71219
00006.jpg 606 292 118 244 0.70455
00006.jpg 613 282 99 249 0.70429
00006.jpg 619 291 103 241 0.70272
00006.jpg 637 302 81 231 0.70219
00006.jpg 470 280 99 252 0.69837
00006.jpg 615 303 101 220 0.69722
00006.jpg 635 299 87 240 0.69326
00006.jpg 262 207 78 187 0.69177
00006.jpg 252 197 85 192 0.69006
00006.jpg 262 207 77 180 0.68838
00006.jpg 246 201 106 196 0.68491
00006.jpg 19 159 55 176 0.68075
00006.jpg 629 291 92 245 0.67963
00006.jpg 353 233 104 184 0.67526
00006.jpg 29 162 44 161 0.66382
00006.jpg 626 298 95 229 0.65002
00006.jpg 254 209 84 178 0.64125
00006.jpg 260 205 84 181 0.64120
00006.jpg 593 228 73 186 0.63877
00006.jpg 29 165 41 167 0.63876
00006.jpg 623 299 95 232 0.63054
00006.jpg 598 227 72 235 0.62599
00006.jpg 908 324 48 213 0.62077
00006.jpg 461 275 108 257 0.61156
00006.jpg 611 289 107 242 0.60111
00006.jpg 264 212 82 178 0.59624
00006.jpg 591 222 69 193 0.59609
00006.jpg 28 158 53 167 0.59574
00006.jpg 23 160 51 164 0.59037
00006.jpg 900 315 58 219 0.58777
00006.jpg 459 290 107 246 0.58666
00006.jpg 256 200 96 190 0.58249
00006.jpg 264 206 79 182 0.58136
00006.jpg 249 200 94 189 0.57578
00006.jpg 354 231 103 190 0.55817
00006.jpg 372 233 85 185 0.55656
00006.jpg 595 217 69 216 0.55617
00006.jpg 587 216 70 218 0.54704
00006.jpg 626 301 98 226 0.54571
00006.jpg 369 232 79 181 0.53726
00006.jpg 601 252 59 168 0.53625
00006.jpg 376 226 79 188 0.52920
00006.jpg 349 235 105 175 0.52331
00006.jpg 462 285 110 246 0.51810
00006.jpg 457 276 115 259 0.51238
00006.jpg 22 165 50 159 0.50814
00006.jpg 903 324 55 211 0.50092
