00017.jpg 639 281 108 248 0.99934
00017.jpg 645 281 94 252 0.99911
00017.jpg 578 195 77 201 0.99866
00017.jpg 205 73 92 272 0.99860
00017.jpg 24 146 65 168 0.99844
00017.jpg 455 263 114 268 0.99838
00017.jpg 459 261 108 268 0.99834
00017.jpg 211 74 87 265 0.99828
00017.jpg 23 149 67 161 0.99821
00017.jpg 19 145 69 174 0.99795
00017.jpg 24 144 66 169 0.99793
00017.jpg 24 146 65 170 0.99793
00017.jpg 462 263 105 267 0.99790
00017.jpg 22 142 65 175 0.99784
00017.jpg 635 278 104 253 0.99777
00017.jpg 454 267 116 262 0.99774
00017.jpg 459 263 112 270 0.99773
00017.jpg 210 79 91 258 0.99772
00017.jpg 576 205 81 190 0.99763
00017.jpg 573 201 85 192 0.99756
00017.jpg 208 77 90 267 0.99748
00017.jpg 211 80 89 262 0.99748
00017.jpg 210 77 88 258 0.99717
00017.jpg 209 73 89 275 0.99705
00017.jpg 633 282 116 250 0.99702
00017.jpg 23 140 65 177 0.99698
00017.jpg 208 67 84 285 0.99692
00017.jpg 636 281 114 256 0.99677
00017.jpg 462 260 108 277 0.99666
00017.jpg 23 144 64 171 0.99664
00017.jpg 25 144 61 172 0.99624
00017.jpg 636 281 106 248 0.99586
00017.jpg 636 282 105 249 0.99575
00017.jpg 631 274 119 254 0.99544
00017.jpg 23 145 63 168 0.99527
00017.jpg 638 285 103 245 0.99526
00017.jpg 636 281 112 245 0.99514
00017.jpg 24 147 61 167 0.99505
00017.jpg 456 267 109 263 0.99502
00017.jpg 639 276 105 258 0.99482
00017.jpg 457 264 106 265 0.99482
00017.jpg 463 263 101 259 0.99430
00017.jpg 459 266 109 261 0.99424
00017.jpg 23 141 63 174 0.99401
00017.jpg 636 278 105 256 0.99392
00017.jpg 458 260 107 269 0.99391
00017.jpg 637 275 104 255 0.99371
00017.jpg 635 277 105 252 0.99364
00017.jpg 928 337 28 202 0.99354
00017.jpg 22 142 67 176 0.99350
00017.jpg 211 71 85 269 0.99343
00017.jpg 579 201 78 195 0.99330
00017.jpg 24 145 61 173 0.99330
00017.jpg 634 275 115 256 0.99329
00017.jpg 209 77 88 267 0.99322
00017.jpg 24 142 64 176 0.99319
00017.jpg 22 150 63 167 0.99307
00017.jpg 23 143 65 176 0.99305
00017.jpg 572 198 87 199 0.99302
00017.jpg 453 266 120 270 0.99297
00017.jpg 24 147 65 169 0.99293
00017.jpg 583 196 73 208 0.99292
00017.jpg 639 292 107 237 0.99283
00017.jpg 637 286 108 237 0.99283
00017.jpg 927 342 32 194 0.99282
00017.jpg 209 76 89 265 0.99272
00017.jpg 460 269 108 251 0.99261
00017.jpg 21 144 66 176 0.99259
00017.jpg 573 197 84 203 0.99240
00017.jpg 462 261 106 277 0.99217
00017.jpg 292 211 67 108 0.99215
00017.jpg 292 204 65 112 0.99212
00017.jpg 460 258 109 271 0.99207
00017.jpg 458 265 107 262 0.99202
00017.jpg 23 143 66 174 0.99199
00017.jpg 934 339 23 200 0.99192
00017.jpg 637 290 109 241 0.99170
00017.jpg 462 261 99 269 0.99161
00017.jpg 635 273 109 260 0.99155
00017.jpg 458 265 104 266 0.99139
00017.jpg 24 146 62 169 0.99117
00017.jpg 22 148 62 166 0.99104
00017.jpg 637 290 107 232 0.99092
00017.jpg 639 291 102 241 0.99042
00017.jpg 460 261 104 272 0.99038
00017.jpg 631 272 112 255 0.99034
00017.jpg 636 290 105 242 0.99034
00017.jpg 23 145 59 171 0.99014
00017.jpg 633 279 111 252 0.98928
00017.jpg 460 266 103 259 0.98928
00017.jpg 635 277 109 254 0.98917
00017.jpg 636 288 111 244 0.98897
00017.jpg 462 267 105 255 0.98879
00017.jpg 214 78 78 259 0.98866
00017.jpg 290 210 65 111 0.98858
00017.jpg 452 258 119 272 0.98850
00017.jpg 638 285 104 247 0.98791
00017.jpg 640 275 109 251 0.98778
00017.jpg 639 279 106 249 0.98732
00017.jpg 208 80 87 256 0.98728
00017.jpg 636 281 107 256 0.98714
00017.jpg 639 281 102 255 0.98688
00017.jpg 576 195 86 205 0.98679
00017.jpg 930 345 28 188 0.98667
00017.jpg 575 203 82 193 0.98626
00017.jpg 22 147 68 169 0.98626
00017.jpg 578 193 81 202 0.98584
00017.jpg 206 71 90 275 0.98555
00017.jpg 460 269 107 255 0.98540
00017.jpg 453 252 118 276 0.98513
00017.jpg 204 78 91 266 0.98447
00017.jpg 24 147 64 169 0.98441
00017.jpg 642 284 106 243 0.98432
00017.jpg 577 195 77 207 0.98428
00017.jpg 460 266 105 266 0.98402
00017.jpg 289 207 68 114 0.98260
00017.jpg 636 283 103 239 0.98252
00017.jpg 458 261 109 267 0.98242
00017.jpg 575 204 78 190 0.98232
00017.jpg 632 277 113 260 0.98222
00017.jpg 933 334 23 205 0.98212
00017.jpg 632 278 111 251 0.98188
00017.jpg 208 75 87 270 0.98177
00017.jpg 575 197 82 204 0.98091
00017.jpg 207 84 90 257 0.98090
00017.jpg 458 256 112 279 0.98073
00017.jpg 928 342 31 197 0.98038
00017.jpg 206 79 90 259 0.97904
00017.jpg 636 278 114 251 0.97880
00017.jpg 207 71 96 265 0.97859
00017.jpg 206 85 93 257 0.97819
00017.jpg 291 210 67 108 0.97813
00017.jpg 24 147 65 172 0.97800
00017.jpg 579 195 77 208 0.97776
00017.jpg 24 139 65 179 0.97763
00017.jpg 577 201 80 197 0.97684
00017.jpg 208 80 92 258 0.97663
00017.jpg 212 74 85 271 0.97633
00017.jpg 212 82 85 255 0.97613
00017.jpg 633 283 112 245 0.97608
00017.jpg 293 212 64 110 0.97571
00017.jpg 461 267 107 257 0.97511
00017.jpg 207 76 93 269 0.97471
00017.jpg 580 197 83 199 0.97450
00017.jpg 209 81 89 258 0.97442
00017.jpg 458 257 112 275 0.97392
00017.jpg 24 153 68 161 0.97384
00017.jpg 293 211 61 109 0.97376
00017.jpg 25 144 65 177 0.97327
00017.jpg 211 75 89 267 0.97326
00017.jpg 577 190 79 214 0.97305
00017.jpg 572 200 86 192 0.97209
00017.jpg 290 209 68 112 0.97196
00017.jpg 576 198 80 201 0.97155
00017.jpg 457 268 111 260 0.97076
00017.jpg 22 146 71 166 0.96942
00017.jpg 27 149 56 166 0.96940
00017.jpg 292 210 65 112 0.96939
00017.jpg 461 258 106 275 0.96917
00017.jpg 214 84 88 256 0.96838
00017.jpg 215 79 80 260 0.96823
00017.jpg 640 288 102 232 0.96807
00017.jpg 575 200 85 195 0.96756
00017.jpg 291 209 66 112 0.96711
00017.jpg 206 72 99 260 0.96665
00017.jpg 460 267 103 251 0.96653
00017.jpg 22 147 66 166 0.96648
00017.jpg 23 141 65 175 0.96644
00017.jpg 205 79 96 261 0.96617
00017.jpg 462 266 95 265 0.96592
00017.jpg 639 288 101 236 0.96583
00017.jpg 577 197 80 200 0.96514
00017.jpg 210 77 91 264 0.96482
00017.jpg 579 201 73 194 0.96475
00017.jpg 207 77 88 264 0.96444
00017.jpg 635 280 105 252 0.96376
00017.jpg 289 209 67 113 0.96321
00017.jpg 643 288 97 245 0.96239
00017.jpg 453 266 119 255 0.96197
00017.jpg 573 197 85 202 0.96186
00017.jpg 634 285 113 244 0.96177
00017.jpg 23 144 67 176 0.96145
00017.jpg 455 267 113 259 0.96120
00017.jpg 575 201 85 194 0.96009
00017.jpg 25 146 66 163 0.96008
00017.jpg 292 208 66 112 0.95990
00017.jpg 633 279 111 253 0.95770
00017.jpg 466 261 101 265 0.95682
00017.jpg 580 201 75 199 0.95658
00017.jpg 457 270 105 250 0.95652
00017.jpg 456 258 113 275 0.95652
00017.jpg 210 78 85 265 0.95555
00017.jpg 578 192 77 213 0.95520
00017.jpg 25 149 63 165 0.95481
00017.jpg 290 212 68 108 0.95479
00017.jpg 465 249 102 274 0.95445
00017.jpg 212 81 85 253 0.95359
00017.jpg 26 146 63 162 0.95313
00017.jpg 25 153 62 158 0.95252
00017.jpg 579 200 80 193 0.95207
00017.jpg 576 196 77 203 0.95143
00017.jpg 206 79 95 270 0.94995
00017.jpg 210 73 89 269 0.94991
00017.jpg 22 147 70 167 0.94794
00017.jpg 209 74 85 266 0.94644
00017.jpg 26 147 63 165 0.94333
00017.jpg 635 274 104 259 0.94259
00017.jpg 24 141 66 179 0.94084
00017.jpg 213 89 84 250 0.94074
00017.jpg 292 211 62 110 0.94073
00017.jpg 580 203 80 190 0.94064
00017.jpg 209 76 86 279 0.93754
00017.jpg 293 211 64 110 0.93754
00017.jpg 930 345 28 188 0.93739
00017.jpg 581 197 77 193 0.93496
00017.jpg 23 143 67 173 0.93454
00017.jpg 290 208 71 112 0.93444
00017.jpg 634 273 109 260 0.93396
00017.jpg 289 208 69 111 0.93244
00017.jpg 582 199 74 200 0.93169
00017.jpg 462 268 104 260 0.93116
00017.jpg 293 212 67 112 0.92953
00017.jpg 571 205 79 193 0.92876
00017.jpg 291 210 68 115 0.92829
00017.jpg 639 280 104 244 0.92417
00017.jpg 212 80 87 261 0.92164
00017.jpg 642 281 101 258 0.92128
00017.jpg 575 207 85 196 0.92084
00017.jpg 294 209 60 112 0.91681
00017.jpg 21 151 67 163 0.91560
00017.jpg 292 210 68 117 0.91548
00017.jpg 23 144 67 176 0.91446
00017.jpg 463 267 100 257 0.91443
00017.jpg 582 202 70 192 0.91432
00017.jpg 927 340 32 198 0.91348
00017.jpg 928 342 31 197 0.91306
00017.jpg 21 145 61 166 0.91282
00017.jpg 928 339 30 200 0.91132
00017.jpg 27 146 60 170 0.91122
00017.jpg 580 201 78 195 0.91096
00017.jpg 290 212 69 103 0.90953
00017.jpg 210 73 85 276 0.90693
00017.jpg 926 343 33 196 0.90578
00017.jpg 468 257 101 270 0.90401
00017.jpg 289 212 68 109 0.90337
00017.jpg 292 206 64 119 0.90293
00017.jpg 578 205 79 192 0.90246
00017.jpg 925 338 34 201 0.89998
00017.jpg 929 352 30 187 0.89835
00017.jpg 633 271 112 262 0.89518
00017.jpg 639 288 102 244 0.89291
00017.jpg 291 214 65 107 0.89003
00017.jpg 212 74 83 267 0.88952
00017.jpg 24 147 70 166 0.88636
00017.jpg 211 68 84 272 0.88629
00017.jpg 26 146 64 166 0.88595
00017.jpg 290 208 64 114 0.88430
00017.jpg 451 261 120 267 0.87938
00017.jpg 928 344 28 192 0.87711
00017.jpg 633 286 113 242 0.87676
00017.jpg 295 209 61 107 0.87550
00017.jpg 923 333 34 206 0.87480
00017.jpg 580 194 77 207 0.87449
00017.jpg 215 80 76 248 0.86941
00017.jpg 291 212 65 104 0.86768
00017.jpg 293 211 65 108 0.86674
00017.jpg 291 205 68 114 0.86476
00017.jpg 930 341 27 198 0.86208
00017.jpg 291 210 65 96 0.86080
00017.jpg 289 209 72 111 0.86070
00017.jpg 292 210 66 109 0.85718
00017.jpg 581 202 74 190 0.85665
00017.jpg 203 76 98 274 0.85416
00017.jpg 291 208 65 112 0.85231
00017.jpg 24 140 63 174 0.85147
00017.jpg 25 146 59 169 0.84900
00017.jpg 24 142 65 172 0.84866
00017.jpg 580 196 76 202 0.84662
00017.jpg 288 206 67 117 0.84524
00017.jpg 23 146 65 173 0.84082
00017.jpg 640 281 104 249 0.84021
00017.jpg 457 262 105 274 0.83980
00017.jpg 581 211 77 184 0.83908
00017.jpg 215 84 90 253 0.83764
00017.jpg 287 206 72 114 0.83538
00017.jpg 292 210 66 111 0.83195
00017.jpg 292 208 59 111 0.83102
00017.jpg 579 204 75 197 0.83073
00017.jpg 635 274 124 241 0.82897
00017.jpg 575 197 89 202 0.82619
00017.jpg 206 70 95 270 0.82471
00017.jpg 290 207 65 115 0.82118
00017.jpg 206 74 90 271 0.81252
00017.jpg 925 351 28 188 0.81158
00017.jpg 21 146 62 174 0.81121
00017.jpg 457 260 111 263 0.81059
00017.jpg 577 205 82 189 0.80880
00017.jpg 291 202 61 113 0.80874
00017.jpg 578 198 76 195 0.80255
00017.jpg 291 213 61 104 0.80157
00017.jpg 466 264 105 270 0.79452
00017.jpg 206 77 87 264 0.79398
00017.jpg 926 340 29 199 0.79337
00017.jpg 928 339 30 200 0.79231
00017.jpg 23 143 67 165 0.79127
00017.jpg 209 77 88 265 0.78977
00017.jpg 634 280 106 248 0.78909
00017.jpg 295 209 65 111 0.78894
00017.jpg 287 207 71 114 0.78869
00017.jpg 577 198 78 208 0.78396
00017.jpg 570 199 83 191 0.78335
00017.jpg 578 199 83 193 0.78314
00017.jpg 644 278 100 248 0.78287
00017.jpg 579 199 79 193 0.78193
00017.jpg 571 196 85 202 0.78088
00017.jpg 573 203 82 193 0.77412
00017.jpg 927 338 31 201 0.77398
00017.jpg 292 211 68 106 0.77380
00017.jpg 459 252 110 283 0.77029
00017.jpg 927 351 30 185 0.76882
00017.jpg 578 196 74 198 0.76317
00017.jpg 462 261 105 273 0.76144
00017.jpg 208 86 87 248 0.76062
00017.jpg 925 337 30 202 0.75183
00017.jpg 578 198 76 196 0.75117
00017.jpg 289 199 69 110 0.75063
00017.jpg 289 215 66 102 0.74503
00017.jpg 292 206 70 111 0.73946
00017.jpg 22 143 60 170 0.73091
00017.jpg 572 204 84 193 0.72996
00017.jpg 459 265 109 269 0.72875
00017.jpg 291 214 66 108 0.72663
00017.jpg 575 189 88 209 0.72512
00017.jpg 293 211 57 114 0.72210
00017.jpg 462 260 101 273 0.71897
00017.jpg 294 206 68 112 0.71840
00017.jpg 286 198 80 132 0.70335
00017.jpg 634 275 107 264 0.69384
00017.jpg 572 203 87 200 0.68731
00017.jpg 637 280 108 239 0.68543
00017.jpg 16 141 67 180 0.68221
00017.jpg 925 350 32 189 0.67512
00017.jpg 454 268 107 263 0.67216
00017.jpg 462 271 98 248 0.67088
00017.jpg 581 206 78 190 0.66868
00017.jpg 25 138 66 177 0.66413
00017.jpg 296 213 66 115 0.66265
00017.jpg 632 270 119 261 0.65425
00017.jpg 577 194 82 206 0.65419
00017.jpg 629 283 109 256 0.64928
00017.jpg 210 79 84 255 0.64905
00017.jpg 448 257 110 271 0.64776
00017.jpg 634 287 114 243 0.64590
00017.jpg 637 279 105 248 0.63377
00017.jpg 27 146 56 177 0.61645
00017.jpg 581 192 80 203 0.61305
00017.jpg 644 269 102 270 0.60625
00017.jpg 280 193 75 134 0.60471
00017.jpg 573 202 75 190 0.60443
00017.jpg 628 287 116 247 0.59502
00017.jpg 289 209 61 111 0.59434
00017.jpg 28 143 64 170 0.58246
00017.jpg 447 253 126 262 0.58100
00017.jpg 640 273 104 261 0.57888
00017.jpg 199 77 106 253 0.57696
00017.jpg 924 340 34 199 0.57601
00017.jpg 455 261 116 264 0.57520
00017.jpg 576 198 76 194 0.56707
00017.jpg 200 69 92 261 0.56481
00017.jpg 26 144 53 169 0.56480
00017.jpg 466 260 101 259 0.56401
00017.jpg 22 155 68 152 0.56251
00017.jpg 287 201 72 127 0.56016
00017.jpg 572 206 88 195 0.55217
00017.jpg 462 262 103 252 0.54920
00017.jpg 207 73 104 264 0.53553
00017.jpg 295 211 56 107 0.53471
00017.jpg 581 197 79 194 0.53410
00017.jpg 925 346 28 193 0.53407
00017.jpg 575 204 77 202 0.53307
00017.jpg 462 259 117 266 0.53268
00017.jpg 214 101 69 226 0.53249
00017.jpg 576 197 91 199 0.51977
00017.jpg 289 202 61 109 0.51660
00017.jpg 292 151 53 102 0.50860
00017.jpg 928 352 31 184 0.50604
00017.jpg 931 349 28 190 0.50402
00017.jpg 298 210 65 105 0.50150
00017.jpg 921 347 38 192 0.50043
