00036.jpg 671 284 93 246 0.99936
00036.jpg 666 284 107 248 0.99876
00036.jpg 674 277 89 258 0.99850
00036.jpg 674 284 89 245 0.99847
00036.jpg 495 273 104 258 0.99845
00036.jpg 500 268 95 262 0.99765
00036.jpg 674 281 88 248 0.99721
00036.jpg 67 167 81 217 0.99710
00036.jpg 670 283 89 254 0.99686
00036.jpg 499 275 102 261 0.99620
00036.jpg 674 288 92 243 0.99616
00036.jpg 570 188 78 202 0.99613
00036.jpg 677 279 87 251 0.99611
00036.jpg 497 274 106 251 0.99608
00036.jpg 44 152 48 166 0.99603
00036.jpg 501 258 100 271 0.99581
00036.jpg 493 272 106 252 0.99531
00036.jpg 674 289 88 240 0.99509
00036.jpg 670 283 92 243 0.99503
00036.jpg 70 180 85 200 0.99472
00036.jpg 672 286 90 244 0.99468
00036.jpg 671 280 91 251 0.99450
00036.jpg 495 264 101 272 0.99431
00036.jpg 71 178 85 210 0.99415
00036.jpg 39 146 56 182 0.99410
00036.jpg 141 168 79 142 0.99367
00036.jpg 69 179 87 208 0.99345
00036.jpg 668 283 98 250 0.99335
00036.jpg 146 168 70 140 0.99324
00036.jpg 669 288 93 243 0.99298
00036.jpg 492 271 110 261 0.99297
00036.jpg 569 190 77 199 0.99275
00036.jpg 493 267 101 262 0.99264
00036.jpg 673 280 87 250 0.99261
00036.jpg 571 187 80 206 0.99260
00036.jpg 491 268 107 266 0.99209
00036.jpg 71 178 79 219 0.99167
00036.jpg 674 288 88 242 0.99166
00036.jpg 495 271 101 261 0.99163
00036.jpg 0 204 42 254 0.99152
00036.jpg 495 270 102 257 0.99137
00036.jpg 492 265 106 272 0.99120
00036.jpg 667 279 100 257 0.99108
00036.jpg 578 187 65 204 0.99101
00036.jpg 569 190 81 203 0.99075
00036.jpg 143 171 73 136 0.99065
00036.jpg 144 166 75 144 0.99059
00036.jpg 499 272 97 256 0.99033
00036.jpg 140 162 76 147 0.98959
00036.jpg 147 163 71 155 0.98937
00036.jpg 573 186 80 210 0.98929
00036.jpg 572 189 78 203 0.98922
00036.jpg 670 283 95 253 0.98907
00036.jpg 492 269 105 267 0.98873
00036.jpg 501 270 101 251 0.98866
00036.jpg 571 186 78 203 0.98845
00036.jpg 41 149 51 172 0.98842
00036.jpg 669 292 95 239 0.98842
00036.jpg 675 287 90 245 0.98830
00036.jpg 144 171 73 139 0.98806
00036.jpg 575 180 71 217 0.98793
00036.jpg 494 266 108 267 0.98789
00036.jpg 569 185 77 205 0.98778
00036.jpg 668 286 99 244 0.98752
00036.jpg 496 272 101 256 0.98750
00036.jpg 502 271 96 261 0.98703
00036.jpg 670 276 94 255 0.98700
00036.jpg 503 269 93 268 0.98675
00036.jpg 68 175 86 203 0.98664
00036.jpg 572 186 76 204 0.98655
00036.jpg 575 191 73 206 0.98621
00036.jpg 674 289 89 244 0.98621
00036.jpg 140 168 77 142 0.98619
00036.jpg 72 171 83 215 0.98614
00036.jpg 493 265 102 268 0.98601
00036.jpg 498 264 102 267 0.98592
00036.jpg 142 169 77 141 0.98573
00036.jpg 672 283 95 238 0.98521
00036.jpg 70 178 81 209 0.98516
00036.jpg 42 147 50 179 0.98493
00036.jpg 670 290 96 235 0.98441
00036.jpg 144 170 71 137 0.98399
00036.jpg 574 197 77 193 0.98371
00036.jpg 73 169 81 218 0.98367
00036.jpg 578 192 72 195 0.98358
00036.jpg 139 169 80 138 0.98314
00036.jpg 576 188 73 210 0.98311
00036.jpg 499 261 97 278 0.98285
00036.jpg 143 168 74 141 0.98261
00036.jpg 497 267 95 272 0.98260
00036.jpg 673 280 88 251 0.98238
00036.jpg 675 291 86 235 0.98231
00036.jpg 138 171 80 138 0.98228
00036.jpg 490 264 107 272 0.98226
00036.jpg 42 146 51 179 0.98219
00036.jpg 574 188 73 200 0.98135
00036.jpg 144 169 74 141 0.98124
00036.jpg 143 172 74 136 0.98115
00036.jpg 673 285 90 240 0.98104
00036.jpg 144 172 70 140 0.98064
00036.jpg 42 150 51 177 0.98035
00036.jpg 71 169 80 214 0.97964
00036.jpg 144 171 76 142 0.97935
00036.jpg 574 190 74 199 0.97915
00036.jpg 572 195 76 196 0.97912
00036.jpg 70 166 87 227 0.97911
00036.jpg 574 187 73 203 0.97910
00036.jpg 568 194 77 192 0.97897
00036.jpg 575 187 71 212 0.97888
00036.jpg 141 168 75 140 0.97842
00036.jpg 673 287 88 243 0.97835
00036.jpg 575 187 67 197 0.97783
00036.jpg 499 267 96 260 0.97769
00036.jpg 70 178 86 202 0.97747
00036.jpg 676 273 85 266 0.97731
00036.jpg 570 187 80 203 0.97677
00036.jpg 143 170 72 135 0.97644
00036.jpg 140 170 81 138 0.97627
00036.jpg 573 193 72 196 0.97625
00036.jpg 496 270 102 263 0.97616
00036.jpg 74 183 82 196 0.97587
00036.jpg 572 189 77 195 0.97544
00036.jpg 140 171 84 144 0.97538
00036.jpg 40 149 52 181 0.97531
00036.jpg 493 260 105 272 0.97507
00036.jpg 574 186 76 202 0.97437
00036.jpg 499 271 98 261 0.97425
00036.jpg 72 179 80 208 0.97394
00036.jpg 41 150 52 167 0.97391
00036.jpg 74 177 81 201 0.97388
00036.jpg 500 264 104 273 0.97362
00036.jpg 47 147 47 178 0.97244
00036.jpg 0 211 42 238 0.97129
00036.jpg 500 259 103 270 0.96846
00036.jpg 42 150 52 175 0.96805
00036.jpg 43 146 50 176 0.96771
00036.jpg 137 173 79 135 0.96731
00036.jpg 76 174 78 222 0.96731
00036.jpg 573 186 77 205 0.96678
00036.jpg 577 194 68 199 0.96662
00036.jpg 68 171 88 213 0.96660
00036.jpg 499 265 99 270 0.96643
00036.jpg 574 191 77 201 0.96523
00036.jpg 496 264 102 275 0.96517
00036.jpg 0 193 40 268 0.96486
00036.jpg 571 189 82 203 0.96460
00036.jpg 668 286 96 239 0.96431
00036.jpg 143 168 75 142 0.96422
00036.jpg 573 193 76 203 0.96416
00036.jpg 574 185 75 207 0.96409
00036.jpg 578 192 70 198 0.96310
00036.jpg 145 165 76 146 0.96256
00036.jpg 577 196 72 191 0.96172
00036.jpg 77 170 71 217 0.96162
00036.jpg 673 279 88 241 0.96142
00036.jpg 143 165 74 154 0.96080
00036.jpg 42 148 49 180 0.96053
00036.jpg 142 171 76 135 0.96043
00036.jpg 70 177 91 206 0.96036
00036.jpg 578 190 71 202 0.95750
00036.jpg 574 189 71 207 0.95738
00036.jpg 40 155 50 169 0.95714
00036.jpg 142 172 74 137 0.95690
00036.jpg 72 174 86 206 0.95686
00036.jpg 666 288 100 236 0.95680
00036.jpg 6 209 36 240 0.95647
00036.jpg 42 150 52 173 0.95597
00036.jpg 72 176 81 212 0.95488
00036.jpg 496 267 102 259 0.95458
00036.jpg 491 264 112 260 0.95455
00036.jpg 673 278 88 255 0.95447
00036.jpg 674 288 88 240 0.95423
00036.jpg 43 150 51 175 0.95399
00036.jpg 571 197 77 190 0.95372
00036.jpg 76 177 74 205 0.95291
00036.jpg 140 171 78 135 0.95234
00036.jpg 0 206 42 247 0.95166
00036.jpg 675 281 83 253 0.95146
00036.jpg 499 263 101 266 0.95116
00036.jpg 571 180 80 215 0.95102
00036.jpg 144 171 71 136 0.95027
00036.jpg 494 267 103 259 0.94941
00036.jpg 0 204 40 256 0.94900
00036.jpg 670 276 92 251 0.94816
00036.jpg 0 190 41 275 0.94795
00036.jpg 72 178 80 197 0.94771
00036.jpg 140 167 78 158 0.94762
00036.jpg 75 173 78 213 0.94715
00036.jpg 497 265 104 267 0.94689
00036.jpg 144 158 72 171 0.94638
00036.jpg 573 191 82 197 0.94625
00036.jpg 65 166 92 217 0.94622
00036.jpg 495 269 102 262 0.94559
00036.jpg 73 173 84 220 0.94489
00036.jpg 40 160 53 166 0.94444
00036.jpg 0 211 42 238 0.94413
00036.jpg 145 168 71 143 0.94314
00036.jpg 498 271 102 252 0.94279
00036.jpg 568 188 85 197 0.94275
00036.jpg 74 177 76 211 0.94236
00036.jpg 140 169 74 137 0.94181
00036.jpg 75 164 82 228 0.94137
00036.jpg 42 150 50 175 0.93994
00036.jpg 142 162 77 158 0.93970
00036.jpg 41 149 52 177 0.93712
00036.jpg 567 190 84 200 0.93683
00036.jpg 0 205 42 258 0.93551
00036.jpg 68 174 79 210 0.93540
00036.jpg 0 206 40 259 0.93495
00036.jpg 43 154 50 170 0.93295
00036.jpg 573 192 78 203 0.93255
00036.jpg 0 200 41 262 0.93214
00036.jpg 69 171 81 207 0.93150
00036.jpg 574 193 69 203 0.93120
00036.jpg 145 172 73 137 0.93013
00036.jpg 41 153 51 170 0.92479
00036.jpg 569 188 73 200 0.92255
00036.jpg 44 147 46 179 0.92218
00036.jpg 143 168 77 154 0.92119
00036.jpg 0 184 41 276 0.92097
00036.jpg 41 150 51 175 0.91734
00036.jpg 497 258 103 273 0.91620
00036.jpg 1 209 43 241 0.91218
00036.jpg 67 174 77 209 0.91033
00036.jpg 71 163 82 229 0.90965
00036.jpg 0 209 42 243 0.90916
00036.jpg 671 284 92 248 0.90756
00036.jpg 675 282 89 245 0.90522
00036.jpg 69 172 88 212 0.90334
00036.jpg 71 169 84 217 0.90334
00036.jpg 674 284 92 252 0.90028
00036.jpg 571 189 78 206 0.90004
00036.jpg 495 271 96 255 0.89860
00036.jpg 68 178 81 202 0.89691
00036.jpg 493 270 104 260 0.89608
00036.jpg 135 172 80 136 0.89531
00036.jpg 72 172 84 215 0.89486
00036.jpg 494 273 106 257 0.89465
00036.jpg 43 149 50 176 0.89379
00036.jpg 0 187 37 274 0.89310
00036.jpg 142 166 74 139 0.89298
00036.jpg 143 167 74 157 0.89230
00036.jpg 39 160 51 161 0.89076
00036.jpg 664 286 100 246 0.89015
00036.jpg 575 188 77 206 0.88919
00036.jpg 140 166 74 140 0.88814
00036.jpg 497 269 95 262 0.88812
00036.jpg 672 283 95 248 0.88733
00036.jpg 494 275 105 250 0.88578
00036.jpg 69 171 86 216 0.88463
00036.jpg 676 280 84 251 0.88389
00036.jpg 1 205 37 249 0.88304
00036.jpg 68 169 82 211 0.88302
00036.jpg 578 189 68 201 0.88232
00036.jpg 673 272 90 263 0.88085
00036.jpg 569 197 82 189 0.87915
00036.jpg 673 285 81 246 0.87878
00036.jpg 43 150 45 174 0.87864
00036.jpg 576 191 66 202 0.87587
00036.jpg 138 171 79 136 0.87564
00036.jpg 39 154 56 173 0.87554
00036.jpg 575 200 68 188 0.87326
00036.jpg 138 175 78 134 0.87071
00036.jpg 69 179 85 209 0.87054
00036.jpg 41 151 51 172 0.86797
00036.jpg 569 185 78 211 0.86719
00036.jpg 42 146 48 182 0.86649
00036.jpg 43 148 50 174 0.86289
00036.jpg 68 173 88 214 0.86282
00036.jpg 47 148 52 175 0.86088
00036.jpg 41 146 52 184 0.85807
00036.jpg 0 201 43 253 0.85745
00036.jpg 570 186 81 208 0.85629
00036.jpg 42 160 52 170 0.85589
00036.jpg 142 163 73 149 0.85484
00036.jpg 141 168 80 152 0.84649
00036.jpg 144 174 73 138 0.84475
00036.jpg 0 203 36 264 0.84270
00036.jpg 575 190 71 204 0.84237
00036.jpg 42 146 50 179 0.83689
00036.jpg 69 175 89 209 0.83625
00036.jpg 58 157 98 228 0.83564
00036.jpg 143 171 77 137 0.83260
00036.jpg 73 176 78 216 0.82701
00036.jpg 72 178 84 191 0.82366
00036.jpg 1 204 40 256 0.81881
00036.jpg 43 152 52 165 0.81546
00036.jpg 44 145 51 178 0.81496
00036.jpg 0 214 42 242 0.81359
00036.jpg 0 197 42 257 0.81346
00036.jpg 1 209 41 241 0.81343
00036.jpg 671 297 94 229 0.81244
00036.jpg 0 206 39 256 0.81111
00036.jpg 73 185 78 203 0.80909
00036.jpg 143 173 70 135 0.80467
00036.jpg 578 199 64 190 0.80386
00036.jpg 570 187 78 213 0.80294
00036.jpg 676 277 91 252 0.80134
00036.jpg 673 288 88 232 0.80087
00036.jpg 0 204 43 254 0.79974
00036.jpg 140 169 79 140 0.79961
00036.jpg 138 166 74 143 0.79872
00036.jpg 0 192 43 265 0.79630
00036.jpg 142 164 83 165 0.79507
00036.jpg 581 194 61 200 0.78941
00036.jpg 572 184 76 207 0.78553
00036.jpg 74 171 79 214 0.78083
00036.jpg 573 194 80 190 0.77783
00036.jpg 677 283 85 245 0.77699
00036.jpg 45 160 46 166 0.76648
00036.jpg 73 180 78 207 0.76250
00036.jpg 46 162 50 164 0.76095
00036.jpg 40 159 52 165 0.76036
00036.jpg 40 147 49 178 0.75456
00036.jpg 490 255 116 284 0.75406
00036.jpg 144 174 76 145 0.74839
00036.jpg 670 284 92 243 0.74820
00036.jpg 673 286 89 239 0.74763
00036.jpg 677 281 87 242 0.74471
00036.jpg 71 176 81 210 0.73933
00036.jpg 44 149 43 171 0.73778
00036.jpg 135 169 84 146 0.72747
00036.jpg 143 167 79 140 0.72677
00036.jpg 499 282 111 243 0.72598
00036.jpg 42 142 53 199 0.72593
00036.jpg 147 169 66 136 0.72516
00036.jpg 496 272 95 256 0.72483
00036.jpg 43 150 53 170 0.71773
00036.jpg 572 187 70 205 0.71616
00036.jpg 0 206 42 250 0.71613
00036.jpg 669 279 86 251 0.71471
00036.jpg 60 176 94 201 0.71380
00036.jpg 44 152 48 183 0.71276
00036.jpg 498 272 101 253 0.70915
00036.jpg 670 283 92 242 0.70049
00036.jpg 0 202 44 247 0.69453
00036.jpg 47 153 58 186 0.69227
00036.jpg 42 148 53 176 0.69179
00036.jpg 142 163 76 164 0.69009
00036.jpg 44 153 46 171 0.69008
00036.jpg 42 158 53 153 0.68650
00036.jpg 145 165 76 152 0.68268
00036.jpg 41 146 51 187 0.67910
00036.jpg 572 194 76 205 0.67706
00036.jpg 144 163 75 171 0.67560
00036.jpg 58 163 103 229 0.67237
00036.jpg 674 282 89 239 0.67021
00036.jpg 665 279 101 260 0.66635
00036.jpg 80 181 68 206 0.66225
00036.jpg 41 154 50 171 0.65845
00036.jpg 0 211 43 233 0.65776
00036.jpg 571 199 73 194 0.65621
00036.jpg 67 171 86 213 0.65487
00036.jpg 148 170 61 139 0.65451
00036.jpg 45 149 48 172 0.65370
00036.jpg 501 272 97 263 0.64586
00036.jpg 0 204 46 248 0.64352
00036.jpg 573 189 71 201 0.64237
00036.jpg 56 172 72 196 0.63131
00036.jpg 45 147 51 178 0.63100
00036.jpg 150 160 76 153 0.62590
00036.jpg 79 175 80 199 0.62476
00036.jpg 66 180 84 194 0.61662
00036.jpg 665 287 99 235 0.60996
00036.jpg 41 151 54 176 0.59945
00036.jpg 145 169 76 138 0.59277
00036.jpg 573 186 81 209 0.58745
00036.jpg 139 172 75 135 0.58596
00036.jpg 61 182 85 201 0.58390
00036.jpg 571 189 75 213 0.58269
00036.jpg 564 189 87 208 0.58068
00036.jpg 61 170 97 222 0.57989
00036.jpg 675 285 84 240 0.57938
00036.jpg 60 164 93 222 0.57935
00036.jpg 46 164 50 167 0.57808
00036.jpg 495 274 91 250 0.56261
00036.jpg 143 162 80 141 0.56217
00036.jpg 495 269 101 261 0.54179
00036.jpg 496 256 104 272 0.53859
00036.jpg 39 168 57 163 0.53803
00036.jpg 670 287 91 232 0.53648
00036.jpg 40 150 57 167 0.53587
00036.jpg 37 163 52 158 0.53579
00036.jpg 145 170 71 145 0.53479
00036.jpg 41 146 46 177 0.52727
00036.jpg 74 174 87 212 0.51990
00036.jpg 41 151 62 191 0.51944
00036.jpg 59 178 89 206 0.50868
00036.jpg 676 292 86 234 0.49973
