00011.jpg 366 109 224 364 0.99960
00011.jpg 368 99 233 370 0.99953
00011.jpg 375 98 209 370 0.99952
00011.jpg 372 98 231 382 0.99939
00011.jpg 361 100 227 365 0.99928
00011.jpg 594 148 100 162 0.99922
00011.jpg 363 90 228 387 0.99917
00011.jpg 372 105 224 370 0.99887
00011.jpg 378 98 215 376 0.99857
00011.jpg 374 103 224 366 0.99849
00011.jpg 591 152 103 159 0.99848
00011.jpg 372 101 212 362 0.99848
00011.jpg 743 139 81 159 0.99839
00011.jpg 366 98 230 380 0.99833
00011.jpg 370 93 222 378 0.99833
00011.jpg 744 135 74 167 0.99785
00011.jpg 367 99 216 360 0.99783
00011.jpg 589 148 107 161 0.99776
00011.jpg 372 97 205 376 0.99774
00011.jpg 377 99 207 377 0.99758
00011.jpg 599 155 91 156 0.99747
00011.jpg 360 98 229 379 0.99735
00011.jpg 590 149 102 164 0.99734
00011.jpg 742 129 76 171 0.99712
00011.jpg 747 136 75 165 0.99710
00011.jpg 375 86 221 388 0.99695
00011.jpg 590 145 100 164 0.99681
00011.jpg 749 140 72 159 0.99678
00011.jpg 378 98 211 376 0.99676
00011.jpg 366 101 215 372 0.99667
00011.jpg 745 132 77 164 0.99656
00011.jpg 746 135 76 165 0.99656
00011.jpg 361 92 233 373 0.99643
00011.jpg 372 101 209 373 0.99643
00011.jpg 596 149 97 162 0.99633
00011.jpg 598 144 85 163 0.99629
00011.jpg 595 149 95 159 0.99622
00011.jpg 745 132 78 170 0.99621
00011.jpg 374 85 215 383 0.99612
00011.jpg 374 97 216 363 0.99611
00011.jpg 747 137 79 161 0.99608
00011.jpg 747 136 74 166 0.99584
00011.jpg 364 90 236 380 0.99525
00011.jpg 744 141 82 162 0.99517
00011.jpg 750 141 72 160 0.99513
00011.jpg 747 132 76 167 0.99512
00011.jpg 744 133 84 168 0.99496
00011.jpg 594 155 101 155 0.99479
00011.jpg 597 141 95 169 0.99450
00011.jpg 743 129 79 168 0.99435
00011.jpg 374 101 223 369 0.99423
00011.jpg 742 136 82 168 0.99418
00011.jpg 748 138 76 160 0.99409
00011.jpg 369 106 219 365 0.99403
00011.jpg 370 98 219 375 0.99385
00011.jpg 745 132 76 166 0.99366
00011.jpg 372 105 223 358 0.99282
00011.jpg 594 148 102 154 0.99268
00011.jpg 748 137 78 158 0.99248
00011.jpg 365 97 220 382 0.99218
00011.jpg 591 155 106 150 0.99186
00011.jpg 594 148 97 165 0.99186
00011.jpg 746 129 71 172 0.99185
00011.jpg 748 134 75 170 0.99158
00011.jpg 369 93 235 391 0.99144
00011.jpg 593 155 96 154 0.99140
00011.jpg 747 138 79 160 0.99110
00011.jpg 370 89 217 384 0.99104
00011.jpg 598 145 91 161 0.99101
00011.jpg 745 138 83 164 0.99084
00011.jpg 598 155 93 156 0.99084
00011.jpg 363 98 227 372 0.99075
00011.jpg 592 147 98 158 0.99058
00011.jpg 593 153 101 154 0.99053
00011.jpg 745 140 73 160 0.99018
00011.jpg 750 139 73 168 0.99016
00011.jpg 374 97 213 376 0.99012
00011.jpg 598 147 92 159 0.99008
00011.jpg 593 148 97 164 0.99006
00011.jpg 594 149 100 163 0.98996
00011.jpg 745 137 73 161 0.98995
00011.jpg 593 156 102 150 0.98988
00011.jpg 589 151 99 158 0.98904
00011.jpg 591 149 95 159 0.98829
00011.jpg 0 39 62 338 0.98754
00011.jpg 746 139 80 160 0.98728
00011.jpg 596 147 97 165 0.98659
00011.jpg 599 147 92 167 0.98652
00011.jpg 364 85 221 394 0.98646
00011.jpg 363 94 226 374 0.98624
00011.jpg 744 135 77 168 0.98590
00011.jpg 593 151 94 158 0.98567
00011.jpg 375 104 214 370 0.98537
00011.jpg 746 137 80 167 0.98496
00011.jpg 747 136 69 163 0.98492
00011.jpg 0 38 64 334 0.98482
00011.jpg 592 152 100 154 0.98452
00011.jpg 745 134 77 167 0.98432
00011.jpg 595 150 96 163 0.98322
00011.jpg 358 100 227 365 0.98276
00011.jpg 743 134 77 166 0.98274
00011.jpg 591 150 105 156 0.98249
00011.jpg 595 149 95 160 0.98238
00011.jpg 748 139 72 157 0.98227
00011.jpg 0 62 60 312 0.98220
00011.jpg 594 150 100 162 0.98188
00011.jpg 372 107 217 368 0.98146
00011.jpg 588 155 103 155 0.98123
00011.jpg 368 97 229 379 0.98119
00011.jpg 372 93 217 374 0.98089
00011.jpg 746 136 79 172 0.98063
00011.jpg 356 98 231 381 0.98044
00011.jpg 748 136 74 165 0.98021
00011.jpg 743 134 80 167 0.98018
00011.jpg 592 150 97 158 0.98004
00011.jpg 0 42 64 330 0.97895
00011.jpg 745 142 79 155 0.97892
00011.jpg 366 93 224 378 0.97779
00011.jpg 591 153 100 155 0.97706
00011.jpg 751 135 67 169 0.97681
00011.jpg 586 152 110 149 0.97576
00011.jpg 748 138 77 164 0.97478
00011.jpg 0 49 63 324 0.97401
00011.jpg 596 153 90 156 0.97335
00011.jpg 748 132 72 167 0.97258
00011.jpg 371 104 223 369 0.97256
00011.jpg 742 137 86 166 0.97218
00011.jpg 594 151 98 160 0.96748
00011.jpg 590 149 100 161 0.96395
00011.jpg 2 43 58 329 0.96392
00011.jpg 596 149 95 162 0.96306
00011.jpg 3 43 59 328 0.96251
00011.jpg 366 83 215 391 0.96121
00011.jpg 596 150 99 160 0.96071
00011.jpg 592 152 98 156 0.95993
00011.jpg 749 137 74 157 0.95968
00011.jpg 746 136 80 161 0.95890
00011.jpg 592 153 101 154 0.95847
00011.jpg 597 152 93 155 0.95808
00011.jpg 744 137 75 158 0.95762
00011.jpg 365 87 233 388 0.95760
00011.jpg 594 147 98 162 0.95430
00011.jpg 751 135 73 162 0.95271
00011.jpg 748 138 72 163 0.95248
00011.jpg 593 150 94 152 0.95103
00011.jpg 0 42 62 327 0.94740
00011.jpg 743 134 79 156 0.94701
00011.jpg 744 133 79 167 0.94521
00011.jpg 1 37 61 350 0.94518
00011.jpg 591 152 101 147 0.94495
00011.jpg 1 47 56 338 0.94441
00011.jpg 0 40 61 338 0.94244
00011.jpg 595 149 97 156 0.94086
00011.jpg 741 130 82 172 0.94049
00011.jpg 0 44 65 333 0.93949
00011.jpg 596 153 93 156 0.93912
00011.jpg 371 100 222 370 0.93423
00011.jpg 1 38 59 339 0.93202
00011.jpg 367 96 235 384 0.93145
00011.jpg 363 106 219 374 0.93128
00011.jpg 361 103 230 370 0.93090
00011.jpg 2 42 60 336 0.93047
00011.jpg 593 148 101 166 0.92977
00011.jpg 590 149 103 158 0.92760
00011.jpg 594 152 96 162 0.92538
00011.jpg 746 136 80 159 0.92415
00011.jpg 747 138 79 163 0.92363
00011.jpg 0 42 58 331 0.92061
00011.jpg 4 34 59 348 0.91200
00011.jpg 597 151 92 152 0.91174
00011.jpg 356 100 224 375 0.90715
00011.jpg 595 150 93 160 0.90506
00011.jpg 0 45 65 345 0.90206
00011.jpg 368 102 214 364 0.89739
00011.jpg 0 43 68 342 0.89688
00011.jpg 2 44 57 324 0.89333
00011.jpg 748 139 75 162 0.89023
00011.jpg 2 40 62 331 0.88991
00011.jpg 592 146 96 157 0.88416
00011.jpg 0 47 65 330 0.88207
00011.jpg 1 37 65 337 0.88132
00011.jpg 0 37 62 338 0.88110
00011.jpg 743 127 78 172 0.88092
00011.jpg 0 42 64 330 0.87895
00011.jpg 0 45 63 332 0.87785
00011.jpg 747 137 77 162 0.87646
00011.jpg 746 136 81 153 0.87073
00011.jpg 0 43 63 328 0.86664
00011.jpg 594 150 93 160 0.86407
00011.jpg 587 146 101 165 0.86222
00011.jpg 744 136 83 157 0.85862
00011.jpg 361 95 228 378 0.85591
00011.jpg 590 148 103 160 0.85529
00011.jpg 0 39 63 346 0.85028
00011.jpg 1 44 63 333 0.84742
00011.jpg 751 140 65 160 0.84423
00011.jpg 748 129 83 168 0.84331
00011.jpg 603 152 90 153 0.84212
00011.jpg 0 28 61 359 0.84111
00011.jpg 592 147 102 164 0.83915
00011.jpg 750 139 77 161 0.83744
00011.jpg 1 41 63 329 0.83521
00011.jpg 360 78 238 400 0.82659
00011.jpg 598 141 91 174 0.82461
00011.jpg 0 50 63 325 0.80946
00011.jpg 0 44 67 335 0.80850
00011.jpg 745 133 75 168 0.80844
00011.jpg 368 88 227 388 0.80640
00011.jpg 0 45 69 334 0.79318
00011.jpg 1 30 60 356 0.79212
00011.jpg 749 130 81 175 0.79183
00011.jpg 595 155 97 152 0.77616
00011.jpg 597 153 96 155 0.77023
00011.jpg 748 141 67 154 0.76900
00011.jpg 357 95 240 381 0.74368
00011.jpg 740 136 88 160 0.73801
00011.jpg 366 91 224 382 0.73303
00011.jpg 6 50 48 318 0.72724
00011.jpg 362 100 229 370 0.72632
00011.jpg 6 52 48 270 0.71586
00011.jpg 591 154 102 152 0.70745
00011.jpg 597 151 97 155 0.70046
00011.jpg 749 137 71 163 0.69494
00011.jpg 0 52 57 242 0.69143
00011.jpg 1 34 45 359 0.67929
00011.jpg 4 47 51 272 0.67657
00011.jpg 0 36 63 341 0.67273
00011.jpg 587 151 106 157 0.66151
00011.jpg 753 141 63 152 0.66060
00011.jpg 2 42 56 345 0.64144
00011.jpg 0 51 59 229 0.62607
00011.jpg 1 47 49 324 0.62005
00011.jpg 744 130 78 168 0.61701
00011.jpg 592 151 98 155 0.61654
00011.jpg 373 92 203 370 0.61058
00011.jpg 349 99 245 382 0.60590
00011.jpg 596 152 98 155 0.59859
00011.jpg 0 35 63 327 0.58908
00011.jpg 750 137 67 159 0.57969
00011.jpg 748 138 69 155 0.56912
00011.jpg 744 138 72 159 0.56112
00011.jpg 368 90 217 390 0.55481
00011.jpg 2 49 61 227 0.55181
00011.jpg 0 56 50 325 0.55135
00011.jpg 592 156 96 144 0.53688
00011.jpg 3 48 52 291 0.53623
00011.jpg 594 148 93 158 0.53064
00011.jpg 596 154 97 161 0.52942
00011.jpg 587 142 105 172 0.52190
00011.jpg 363 104 238 369 0.52145
00011.jpg 358 100 224 356 0.51502
00011.jpg 587 154 105 162 0.51092
00011.jpg 587 148 102 157 0.50818
00011.jpg 589 142 100 168 0.50364
