00029.jpg 364 105 220 364 0.99988
00029.jpg 384 109 176 363 0.99978
00029.jpg 369 98 201 384 0.99966
00029.jpg 364 98 207 382 0.99955
00029.jpg 369 101 200 375 0.99955
00029.jpg 376 113 183 356 0.99954
00029.jpg 365 107 206 372 0.99949
00029.jpg 375 102 183 371 0.99946
00029.jpg 378 109 186 369 0.99945
00029.jpg 367 112 195 351 0.99943
00029.jpg 372 102 203 368 0.99934
00029.jpg 369 106 209 363 0.99932
00029.jpg 373 107 194 357 0.99930
00029.jpg 371 108 192 367 0.99929
00029.jpg 7 61 144 326 0.99920
00029.jpg 362 111 206 350 0.99919
00029.jpg 364 107 197 365 0.99906
00029.jpg 369 99 205 377 0.99901
00029.jpg 372 117 190 344 0.99896
00029.jpg 371 111 200 352 0.99887
00029.jpg 5 68 144 324 0.99884
00029.jpg 366 101 194 371 0.99871
00029.jpg 8 67 142 322 0.99871
00029.jpg 10 69 141 315 0.99852
00029.jpg 0 67 156 321 0.99852
00029.jpg 7 67 143 325 0.99852
00029.jpg 376 99 193 379 0.99843
00029.jpg 376 93 192 371 0.99839
00029.jpg 2 69 139 327 0.99825
00029.jpg 702 176 118 163 0.99824
00029.jpg 2 66 151 321 0.99824
00029.jpg 1 72 146 314 0.99798
00029.jpg 376 111 189 358 0.99785
00029.jpg 14 74 128 313 0.99751
00029.jpg 701 184 121 151 0.99749
00029.jpg 8 66 140 324 0.99745
00029.jpg 703 177 119 165 0.99741
00029.jpg 366 115 201 361 0.99732
00029.jpg 1 103 35 144 0.99725
00029.jpg 13 63 142 324 0.99719
00029.jpg 8 71 139 313 0.99705
00029.jpg 704 177 112 159 0.99699
00029.jpg 374 104 198 357 0.99677
00029.jpg 6 65 146 326 0.99673
00029.jpg 11 74 137 304 0.99658
00029.jpg 707 176 108 164 0.99651
00029.jpg 366 96 204 370 0.99639
00029.jpg 708 184 109 148 0.99603
00029.jpg 369 104 193 372 0.99602
00029.jpg 361 104 210 366 0.99594
00029.jpg 6 58 148 337 0.99579
00029.jpg 378 104 192 365 0.99570
00029.jpg 14 67 123 310 0.99561
00029.jpg 707 184 107 153 0.99561
00029.jpg 363 111 200 354 0.99540
00029.jpg 363 102 207 368 0.99515
00029.jpg 704 178 112 159 0.99494
00029.jpg 705 179 111 155 0.99456
00029.jpg 372 99 196 382 0.99454
00029.jpg 374 113 180 357 0.99409
00029.jpg 700 174 116 172 0.99398
00029.jpg 2 64 146 327 0.99383
00029.jpg 1 71 148 315 0.99375
00029.jpg 0 72 155 317 0.99372
00029.jpg 703 179 108 162 0.99355
00029.jpg 7 67 141 311 0.99338
00029.jpg 701 180 117 155 0.99336
00029.jpg 362 107 199 369 0.99279
00029.jpg 702 184 115 152 0.99255
00029.jpg 370 113 201 360 0.99231
00029.jpg 2 71 148 332 0.99222
00029.jpg 702 180 115 151 0.99161
00029.jpg 707 182 108 156 0.99159
00029.jpg 8 64 137 324 0.99123
00029.jpg 707 183 103 152 0.99096
00029.jpg 380 100 178 370 0.99058
00029.jpg 369 115 197 346 0.99049
00029.jpg 7 83 141 309 0.99009
00029.jpg 702 177 111 160 0.99006
00029.jpg 3 60 145 332 0.98963
00029.jpg 2 94 31 155 0.98904
00029.jpg 381 99 185 365 0.98898
00029.jpg 701 182 118 153 0.98804
00029.jpg 741 134 64 91 0.98736
00029.jpg 702 178 112 160 0.98710
00029.jpg 5 68 144 330 0.98613
00029.jpg 704 183 111 151 0.98570
00029.jpg 4 102 32 144 0.98555
00029.jpg 6 73 136 320 0.98465
00029.jpg 4 64 144 327 0.98435
00029.jpg 741 131 62 90 0.98337
00029.jpg 4 63 142 335 0.98258
00029.jpg 2 67 151 318 0.98221
00029.jpg 2 100 36 148 0.98165
00029.jpg 745 133 60 100 0.98069
00029.jpg 703 185 112 145 0.98047
00029.jpg 372 88 192 376 0.98000
00029.jpg 705 179 110 153 0.97985
00029.jpg 706 176 111 161 0.97893
00029.jpg 380 96 186 367 0.97824
00029.jpg 709 180 108 153 0.97798
00029.jpg 0 64 152 329 0.97746
00029.jpg 708 183 108 146 0.97684
00029.jpg 705 178 113 159 0.97663
00029.jpg 742 130 60 97 0.97592
00029.jpg 705 176 110 165 0.97556
00029.jpg 384 116 181 365 0.97536
00029.jpg 368 118 202 344 0.97524
00029.jpg 702 183 117 152 0.97402
00029.jpg 2 105 34 137 0.97248
00029.jpg 712 181 102 149 0.97202
00029.jpg 742 131 63 96 0.97182
00029.jpg 356 98 209 373 0.97178
00029.jpg 712 175 99 159 0.97174
00029.jpg 709 190 112 144 0.97161
00029.jpg 701 182 116 153 0.97156
00029.jpg 2 62 149 361 0.97110
00029.jpg 4 84 144 306 0.96865
00029.jpg 706 178 110 157 0.96805
00029.jpg 703 184 111 153 0.96751
00029.jpg 709 176 106 160 0.96730
00029.jpg 391 96 172 370 0.96683
00029.jpg 705 172 104 169 0.96643
00029.jpg 10 70 129 304 0.96499
00029.jpg 744 135 58 88 0.96455
00029.jpg 6 75 133 302 0.96373
00029.jpg 0 64 150 329 0.96270
00029.jpg 359 104 212 370 0.96235
00029.jpg 740 136 64 82 0.96141
00029.jpg 0 96 38 150 0.96045
00029.jpg 0 58 145 331 0.95988
00029.jpg 699 177 120 163 0.95841
00029.jpg 1 99 34 146 0.95829
00029.jpg 371 101 201 374 0.95778
00029.jpg 741 133 63 89 0.95708
00029.jpg 0 55 148 338 0.95643
00029.jpg 707 181 113 161 0.95620
00029.jpg 707 191 111 139 0.95485
00029.jpg 742 129 62 93 0.95334
00029.jpg 740 133 64 100 0.95299
00029.jpg 703 182 111 150 0.95297
00029.jpg 743 130 60 99 0.95003
00029.jpg 708 173 107 162 0.94781
00029.jpg 742 127 61 106 0.94611
00029.jpg 706 187 112 145 0.94435
00029.jpg 745 136 60 93 0.94420
00029.jpg 369 101 202 380 0.94400
00029.jpg 3 101 36 145 0.94339
00029.jpg 710 183 105 151 0.94318
00029.jpg 745 133 60 90 0.94257
00029.jpg 0 105 36 136 0.94068
00029.jpg 708 173 103 164 0.94054
00029.jpg 704 169 105 173 0.93872
00029.jpg 0 66 153 326 0.93512
00029.jpg 3 103 35 142 0.93399
00029.jpg 10 67 132 323 0.93306
00029.jpg 703 184 113 148 0.93283
00029.jpg 743 132 60 86 0.93266
00029.jpg 364 104 216 370 0.93175
00029.jpg 715 162 97 164 0.93173
00029.jpg 704 180 115 160 0.93115
00029.jpg 5 75 144 312 0.92873
00029.jpg 701 172 114 169 0.92851
00029.jpg 7 62 141 323 0.92777
00029.jpg 746 130 57 113 0.92589
00029.jpg 705 180 115 147 0.92523
00029.jpg 3 103 34 142 0.92359
00029.jpg 741 131 65 110 0.92040
00029.jpg 742 135 64 92 0.92001
00029.jpg 2 99 34 146 0.91881
00029.jpg 741 130 63 115 0.91791
00029.jpg 740 130 64 97 0.91588
00029.jpg 704 179 119 161 0.91101
00029.jpg 1 99 34 147 0.91072
00029.jpg 741 135 63 106 0.90965
00029.jpg 740 128 61 93 0.90815
00029.jpg 703 180 112 153 0.90770
00029.jpg 699 178 115 157 0.90532
00029.jpg 1 102 36 146 0.90421
00029.jpg 4 68 145 340 0.90405
00029.jpg 709 190 109 133 0.90388
00029.jpg 361 92 205 381 0.90291
00029.jpg 739 134 64 92 0.89935
00029.jpg 711 169 108 168 0.89636
00029.jpg 369 111 206 355 0.89381
00029.jpg 5 71 146 322 0.89319
00029.jpg 741 132 67 102 0.89303
00029.jpg 0 100 37 144 0.89103
00029.jpg 1 100 39 143 0.88480
00029.jpg 704 182 113 154 0.88467
00029.jpg 742 134 61 83 0.88044
00029.jpg 746 134 55 85 0.87503
00029.jpg 739 136 66 90 0.87502
00029.jpg 745 135 57 89 0.87433
00029.jpg 744 131 59 95 0.87411
00029.jpg 743 134 58 80 0.87208
00029.jpg 739 133 65 82 0.87149
00029.jpg 2 61 146 346 0.86704
00029.jpg 12 74 131 306 0.86455
00029.jpg 359 101 212 375 0.86419
00029.jpg 0 100 40 148 0.86281
00029.jpg 708 176 108 161 0.86222
00029.jpg 741 132 63 86 0.85873
00029.jpg 4 105 35 137 0.85873
00029.jpg 697 188 123 143 0.85813
00029.jpg 737 134 65 100 0.85643
00029.jpg 745 133 58 86 0.85381
00029.jpg 5 60 143 334 0.85247
00029.jpg 0 96 38 149 0.85097
00029.jpg 708 184 109 153 0.84249
00029.jpg 377 115 196 342 0.84140
00029.jpg 746 131 58 91 0.84084
00029.jpg 743 128 60 93 0.84046
00029.jpg 731 140 78 117 0.84022
00029.jpg 739 130 66 104 0.83869
00029.jpg 2 107 35 140 0.83593
00029.jpg 745 133 61 98 0.83575
00029.jpg 741 136 62 83 0.83145
00029.jpg 1 104 37 140 0.82663
00029.jpg 1 111 39 138 0.82262
00029.jpg 370 108 193 372 0.81737
00029.jpg 0 102 43 140 0.81516
00029.jpg 744 132 62 85 0.81425
00029.jpg 364 110 199 362 0.80798
00029.jpg 8 74 132 310 0.80614
00029.jpg 369 109 203 357 0.80178
00029.jpg 11 65 144 323 0.79908
00029.jpg 372 106 196 369 0.79791
00029.jpg 743 130 62 80 0.79664
00029.jpg 3 102 35 139 0.79656
00029.jpg 741 130 66 94 0.79203
00029.jpg 745 132 60 93 0.79131
00029.jpg 741 131 64 78 0.79110
00029.jpg 710 180 108 151 0.78117
00029.jpg 705 193 107 140 0.77687
00029.jpg 702 175 121 165 0.77381
00029.jpg 371 100 206 373 0.76442
00029.jpg 741 133 64 103 0.75642
00029.jpg 371 108 192 363 0.75385
00029.jpg 370 112 208 354 0.75058
00029.jpg 742 131 61 91 0.74808
00029.jpg 4 104 37 136 0.74154
00029.jpg 744 133 58 98 0.73938
00029.jpg 747 127 58 107 0.72258
00029.jpg 0 102 43 147 0.72240
00029.jpg 2 106 34 139 0.71567
00029.jpg 746 131 58 88 0.71503
00029.jpg 11 62 140 344 0.70982
00029.jpg 702 192 114 141 0.70646
00029.jpg 708 184 104 156 0.70603
00029.jpg 741 132 63 95 0.70246
00029.jpg 6 102 24 140 0.70109
00029.jpg 1 101 40 144 0.69688
00029.jpg 711 190 102 143 0.69370
00029.jpg 748 134 53 85 0.69193
00029.jpg 746 127 55 92 0.68434
00029.jpg 370 108 188 364 0.67957
00029.jpg 4 98 35 154 0.67662
00029.jpg 704 191 112 142 0.67364
00029.jpg 357 99 224 370 0.66993
00029.jpg 366 103 205 373 0.66799
00029.jpg 371 103 195 367 0.66641
00029.jpg 5 70 137 308 0.66550
00029.jpg 5 72 140 314 0.66390
00029.jpg 7 76 143 321 0.65149
00029.jpg 353 109 214 369 0.64455
00029.jpg 0 58 151 328 0.64229
00029.jpg 705 185 105 154 0.64143
00029.jpg 742 136 65 94 0.64139
00029.jpg 365 102 208 363 0.63743
00029.jpg 358 106 199 363 0.63670
00029.jpg 696 184 116 148 0.63416
00029.jpg 708 187 97 149 0.63307
00029.jpg 739 122 67 116 0.63162
00029.jpg 706 176 113 145 0.62956
00029.jpg 742 127 60 94 0.62809
00029.jpg 362 98 195 381 0.62613
00029.jpg 741 135 58 83 0.61456
00029.jpg 746 128 60 98 0.61237
00029.jpg 700 176 112 164 0.60799
00029.jpg 220 19 54 45 0.59769
00029.jpg 367 115 207 321 0.59152
00029.jpg 747 131 58 103 0.58621
00029.jpg 220 18 53 42 0.58455
00029.jpg 217 18 55 43 0.58113
00029.jpg 226 16 45 46 0.57932
00029.jpg 365 104 211 359 0.57570
00029.jpg 711 192 103 144 0.57519
00029.jpg 699 175 126 154 0.57380
00029.jpg 714 170 109 162 0.57254
00029.jpg 6 56 148 338 0.57048
00029.jpg 748 135 54 82 0.56897
00029.jpg 738 136 68 85 0.56188
00029.jpg 704 191 112 131 0.56075
00029.jpg 3 104 29 139 0.55679
00029.jpg 745 129 58 91 0.55655
00029.jpg 8 73 130 299 0.55548
00029.jpg 741 135 69 81 0.55522
00029.jpg 696 180 116 163 0.54037
00029.jpg 740 137 62 67 0.53880
00029.jpg 701 181 111 160 0.53869
00029.jpg 5 104 36 139 0.53689
00029.jpg 7 70 141 326 0.51784
00029.jpg 747 134 58 80 0.51699
00029.jpg 2 98 22 140 0.51355
00029.jpg 12 63 140 310 0.50963
00029.jpg 219 20 55 47 0.50951
00029.jpg 4 61 151 331 0.50606
00029.jpg 708 190 110 139 0.50410
00029.jpg 705 167 113 164 0.50166
00029.jpg 702 174 111 165 0.50058
