00025.jpg 8 51 147 336 0.99931
00025.jpg 1 49 146 336 0.99924
00025.jpg 385 70 155 395 0.99921
00025.jpg 384 59 166 397 0.99881
00025.jpg 386 64 157 400 0.99866
00025.jpg 377 60 164 413 0.99866
00025.jpg 382 70 162 397 0.99855
00025.jpg 389 73 152 390 0.99844
00025.jpg 387 47 157 428 0.99833
00025.jpg 376 54 163 409 0.99810
00025.jpg 0 59 150 332 0.99787
00025.jpg 0 33 145 359 0.99750
00025.jpg 397 73 138 387 0.99739
00025.jpg 0 51 151 339 0.99730
00025.jpg 0 61 149 337 0.99727
00025.jpg 382 68 162 400 0.99715
00025.jpg 381 57 161 405 0.99712
00025.jpg 372 67 159 398 0.99702
00025.jpg 0 58 155 331 0.99700
00025.jpg 0 57 150 319 0.99696
00025.jpg 0 54 146 334 0.99691
00025.jpg 0 56 144 337 0.99674
00025.jpg 760 129 64 177 0.99669
00025.jpg 0 60 151 326 0.99640
00025.jpg 0 55 149 348 0.99632
00025.jpg 387 67 153 395 0.99629
00025.jpg 0 53 149 340 0.99628
00025.jpg 393 73 146 383 0.99628
00025.jpg 666 178 121 162 0.99609
00025.jpg 0 57 153 331 0.99578
00025.jpg 0 54 151 334 0.99578
00025.jpg 3 52 148 334 0.99570
00025.jpg 0 53 136 339 0.99552
00025.jpg 384 54 152 403 0.99549
00025.jpg 688 178 101 166 0.99536
00025.jpg 388 66 150 392 0.99521
00025.jpg 679 186 114 144 0.99487
00025.jpg 2 52 144 342 0.99473
00025.jpg 0 56 151 325 0.99461
00025.jpg 0 48 149 343 0.99457
00025.jpg 379 63 165 412 0.99457
00025.jpg 678 182 117 151 0.99437
00025.jpg 0 50 143 334 0.99423
00025.jpg 384 67 158 403 0.99394
00025.jpg 392 75 146 383 0.99370
00025.jpg 683 181 108 155 0.99358
00025.jpg 678 182 110 147 0.99358
00025.jpg 670 174 114 163 0.99352
00025.jpg 379 67 164 390 0.99323
00025.jpg 0 56 142 324 0.99321
00025.jpg 0 63 153 308 0.99258
00025.jpg 386 75 155 386 0.99246
00025.jpg 673 180 122 157 0.99244
00025.jpg 12 57 130 332 0.99229
00025.jpg 678 178 106 155 0.99209
00025.jpg 388 73 151 387 0.99205
00025.jpg 1 96 26 155 0.99178
00025.jpg 680 183 104 153 0.99170
00025.jpg 676 179 113 154 0.99165
00025.jpg 669 179 126 158 0.99158
00025.jpg 385 59 149 410 0.99155
00025.jpg 756 125 67 179 0.99138
00025.jpg 0 59 144 335 0.99124
00025.jpg 678 181 113 147 0.99113
00025.jpg 0 61 150 328 0.99044
00025.jpg 0 58 143 328 0.99024
00025.jpg 382 54 160 407 0.98916
00025.jpg 389 70 151 395 0.98886
00025.jpg 382 70 160 391 0.98879
00025.jpg 0 64 157 327 0.98854
00025.jpg 0 53 148 345 0.98816
00025.jpg 682 183 104 153 0.98773
00025.jpg 6 60 137 327 0.98750
00025.jpg 374 66 162 409 0.98729
00025.jpg 381 70 164 385 0.98691
00025.jpg 683 185 110 149 0.98679
00025.jpg 0 62 146 322 0.98661
00025.jpg 0 58 138 338 0.98601
00025.jpg 686 184 101 152 0.98384
00025.jpg 0 100 31 140 0.98362
00025.jpg 758 133 69 170 0.98356
00025.jpg 2 60 147 329 0.98275
00025.jpg 388 66 145 399 0.98263
00025.jpg 683 179 98 157 0.98255
00025.jpg 0 50 146 340 0.98239
00025.jpg 758 132 63 175 0.98226
00025.jpg 673 181 113 149 0.98144
00025.jpg 679 183 109 153 0.98047
00025.jpg 0 55 151 333 0.98047
00025.jpg 676 179 108 158 0.97954
00025.jpg 682 173 105 170 0.97847
00025.jpg 674 178 114 154 0.97833
00025.jpg 751 127 76 179 0.97663
00025.jpg 381 74 165 387 0.97547
00025.jpg 688 174 96 160 0.97522
00025.jpg 680 180 104 156 0.97504
00025.jpg 385 63 151 402 0.97460
00025.jpg 377 68 151 396 0.97460
00025.jpg 0 52 146 340 0.97454
00025.jpg 676 184 108 158 0.97432
00025.jpg 2 99 27 147 0.97276
00025.jpg 678 182 111 165 0.97269
00025.jpg 674 181 120 148 0.97210
00025.jpg 373 61 165 409 0.97069
00025.jpg 676 180 112 150 0.96899
00025.jpg 681 174 111 163 0.96898
00025.jpg 678 178 111 148 0.96886
00025.jpg 668 185 126 141 0.96882
00025.jpg 682 180 110 160 0.96843
00025.jpg 382 70 158 397 0.96798
00025.jpg 382 72 156 389 0.96788
00025.jpg 0 60 148 341 0.96749
00025.jpg 756 132 68 168 0.96566
00025.jpg 758 128 66 179 0.96566
00025.jpg 762 129 59 183 0.96432
00025.jpg 758 130 66 173 0.96412
00025.jpg 761 128 61 179 0.96389
00025.jpg 387 83 150 372 0.96200
00025.jpg 756 124 70 182 0.96176
00025.jpg 382 67 160 403 0.96015
00025.jpg 6 62 135 325 0.96010
00025.jpg 684 184 97 149 0.95964
00025.jpg 759 126 66 179 0.95766
00025.jpg 677 179 105 156 0.95680
00025.jpg 383 69 152 396 0.95675
00025.jpg 679 183 104 148 0.95603
00025.jpg 687 185 93 147 0.95561
00025.jpg 382 56 161 412 0.95485
00025.jpg 0 56 148 339 0.95297
00025.jpg 382 69 163 401 0.95211
00025.jpg 686 179 93 153 0.95156
00025.jpg 757 124 70 175 0.95101
00025.jpg 681 188 103 145 0.95014
00025.jpg 685 181 103 155 0.94914
00025.jpg 678 183 116 153 0.94675
00025.jpg 384 77 152 379 0.94668
00025.jpg 392 72 146 395 0.94649
00025.jpg 758 129 69 179 0.94454
00025.jpg 746 126 77 185 0.94348
00025.jpg 680 184 110 151 0.94329
00025.jpg 681 181 108 154 0.94243
00025.jpg 672 174 122 163 0.94090
00025.jpg 674 179 113 154 0.94089
00025.jpg 390 68 146 409 0.93997
00025.jpg 0 56 153 330 0.93859
00025.jpg 678 170 120 177 0.93641
00025.jpg 668 180 119 160 0.93204
00025.jpg 0 96 34 149 0.93130
00025.jpg 751 133 73 170 0.93074
00025.jpg 0 65 143 319 0.93003
00025.jpg 755 132 70 177 0.92902
00025.jpg 388 62 158 390 0.92883
00025.jpg 383 77 154 387 0.92780
00025.jpg 0 104 29 138 0.92586
00025.jpg 0 55 152 328 0.92534
00025.jpg 754 129 71 175 0.92321
00025.jpg 755 132 73 171 0.92105
00025.jpg 758 129 66 170 0.92101
00025.jpg 1 48 143 327 0.91963
00025.jpg 753 135 74 173 0.91960
00025.jpg 755 123 70 184 0.91808
00025.jpg 0 92 27 155 0.91714
00025.jpg 758 130 64 169 0.91568
00025.jpg 755 128 73 173 0.91217
00025.jpg 681 176 102 161 0.91062
00025.jpg 756 129 72 172 0.90996
00025.jpg 751 127 77 175 0.90917
00025.jpg 759 132 68 173 0.90761
00025.jpg 753 124 73 186 0.90648
00025.jpg 757 128 70 180 0.90619
00025.jpg 759 127 67 180 0.90474
00025.jpg 1 50 145 347 0.90237
00025.jpg 0 101 30 146 0.90210
00025.jpg 757 129 65 175 0.90073
00025.jpg 677 186 113 151 0.90020
00025.jpg 385 68 157 393 0.89880
00025.jpg 751 130 71 170 0.89847
00025.jpg 383 64 156 405 0.89527
00025.jpg 762 124 61 185 0.89452
00025.jpg 752 128 78 183 0.88724
00025.jpg 675 173 118 161 0.88695
00025.jpg 751 126 76 186 0.88391
00025.jpg 1 100 28 146 0.88356
00025.jpg 679 191 109 141 0.88143
00025.jpg 375 68 169 397 0.88106
00025.jpg 680 187 101 140 0.88030
00025.jpg 673 184 114 144 0.87985
00025.jpg 676 180 112 157 0.87913
00025.jpg 0 100 31 148 0.87419
00025.jpg 671 179 116 153 0.87384
00025.jpg 380 72 162 380 0.87372
00025.jpg 2 100 29 145 0.87358
00025.jpg 2 48 142 339 0.87159
00025.jpg 0 97 30 154 0.86965
00025.jpg 757 124 65 184 0.86771
00025.jpg 673 170 125 165 0.86693
00025.jpg 681 181 106 155 0.86458
00025.jpg 1 46 141 333 0.86226
00025.jpg 750 128 80 180 0.85953
00025.jpg 762 129 64 180 0.84996
00025.jpg 757 124 69 187 0.84780
00025.jpg 0 99 31 148 0.84413
00025.jpg 673 179 119 154 0.84397
00025.jpg 674 177 113 166 0.84131
00025.jpg 2 45 148 338 0.84118
00025.jpg 386 74 147 382 0.83937
00025.jpg 755 128 68 191 0.83870
00025.jpg 679 182 109 155 0.83467
00025.jpg 382 73 161 386 0.83369
00025.jpg 0 52 152 344 0.83287
00025.jpg 394 74 138 394 0.83218
00025.jpg 4 52 136 330 0.82931
00025.jpg 762 121 61 193 0.81177
00025.jpg 688 185 95 158 0.80407
00025.jpg 382 61 156 387 0.80024
00025.jpg 757 122 67 182 0.79892
00025.jpg 683 184 101 150 0.79866
00025.jpg 750 118 79 207 0.78650
00025.jpg 379 65 165 410 0.78289
00025.jpg 381 59 151 414 0.77444
00025.jpg 1 107 31 131 0.76993
00025.jpg 670 179 121 159 0.76953
00025.jpg 761 131 66 180 0.76371
00025.jpg 757 131 63 166 0.75465
00025.jpg 1 102 32 144 0.75384
00025.jpg 678 166 120 168 0.73901
00025.jpg 1 99 33 149 0.73582
00025.jpg 759 136 70 166 0.73287
00025.jpg 694 171 104 158 0.72973
00025.jpg 683 186 95 147 0.72627
00025.jpg 686 185 96 147 0.72038
00025.jpg 757 130 67 170 0.71724
00025.jpg 0 69 152 319 0.71533
00025.jpg 0 62 147 311 0.70787
00025.jpg 678 187 102 146 0.70757
00025.jpg 673 179 131 150 0.69943
00025.jpg 2 102 24 145 0.69865
00025.jpg 686 184 95 144 0.69760
00025.jpg 381 63 168 409 0.69704
00025.jpg 0 59 153 317 0.66840
00025.jpg 671 172 122 170 0.66592
00025.jpg 757 123 65 199 0.66308
00025.jpg 754 130 71 189 0.64937
00025.jpg 670 178 138 158 0.64128
00025.jpg 685 179 97 154 0.64022
00025.jpg 759 128 64 171 0.63804
00025.jpg 0 100 34 148 0.63791
00025.jpg 760 131 66 172 0.63623
00025.jpg 383 59 166 410 0.63315
00025.jpg 682 180 115 156 0.62401
00025.jpg 678 179 104 148 0.62351
00025.jpg 755 117 69 204 0.62274
00025.jpg 375 60 165 417 0.62239
00025.jpg 684 191 96 136 0.61569
00025.jpg 378 77 156 378 0.61398
00025.jpg 753 132 66 171 0.61289
00025.jpg 758 124 58 177 0.60692
00025.jpg 0 106 34 135 0.60654
00025.jpg 674 171 126 171 0.60618
00025.jpg 1 104 24 145 0.60057
00025.jpg 3 104 32 141 0.59699
00025.jpg 676 177 118 146 0.59409
00025.jpg 759 132 66 167 0.58453
00025.jpg 751 129 78 185 0.57975
00025.jpg 752 123 73 185 0.57917
00025.jpg 690 187 88 142 0.55727
00025.jpg 748 136 70 173 0.55551
00025.jpg 4 95 32 145 0.54612
00025.jpg 746 131 82 194 0.54609
00025.jpg 681 173 98 151 0.54419
00025.jpg 679 189 103 140 0.54220
00025.jpg 1 40 148 348 0.54043
00025.jpg 7 98 26 148 0.53504
00025.jpg 684 183 97 151 0.52998
00025.jpg 749 125 75 198 0.52647
00025.jpg 3 101 19 140 0.52274
00025.jpg 759 125 71 170 0.52148
00025.jpg 765 127 62 170 0.51335
00025.jpg 757 133 76 169 0.50961
00025.jpg 390 70 144 383 0.50856
