00035.jpg 408 115 187 328 0.99982
00035.jpg 421 114 175 315 0.99965
00035.jpg 402 113 195 322 0.99952
00035.jpg 403 113 195 325 0.99932
00035.jpg 399 107 202 334 0.99928
00035.jpg 396 122 197 318 0.99919
00035.jpg 406 118 203 322 0.99917
00035.jpg 398 111 204 336 0.99917
00035.jpg 402 120 202 314 0.99915
00035.jpg 35 75 156 307 0.99913
00035.jpg 40 79 151 302 0.99910
00035.jpg 399 115 200 325 0.99900
00035.jpg 396 121 198 315 0.99857
00035.jpg 413 109 182 332 0.99857
00035.jpg 399 105 205 338 0.99820
00035.jpg 403 106 196 335 0.99802
00035.jpg 4 97 47 147 0.99801
00035.jpg 401 110 195 323 0.99799
00035.jpg 38 63 148 321 0.99784
00035.jpg 5 94 47 154 0.99770
00035.jpg 40 78 149 307 0.99760
00035.jpg 402 108 182 328 0.99752
00035.jpg 400 110 195 343 0.99734
00035.jpg 42 75 145 311 0.99730
00035.jpg 28 73 149 315 0.99726
00035.jpg 33 81 158 311 0.99717
00035.jpg 30 74 160 311 0.99716
00035.jpg 392 100 219 332 0.99704
00035.jpg 3 98 49 142 0.99697
00035.jpg 40 79 146 303 0.99694
00035.jpg 410 123 197 306 0.99684
00035.jpg 415 114 176 318 0.99678
00035.jpg 39 76 148 310 0.99676
00035.jpg 392 117 204 310 0.99662
00035.jpg 406 114 185 329 0.99650
00035.jpg 398 109 204 319 0.99635
00035.jpg 403 114 195 333 0.99634
00035.jpg 415 106 175 336 0.99632
00035.jpg 399 114 203 326 0.99632
00035.jpg 407 107 197 331 0.99630
00035.jpg 404 117 193 324 0.99618
00035.jpg 37 69 145 308 0.99607
00035.jpg 33 78 150 309 0.99603
00035.jpg 400 108 202 337 0.99587
00035.jpg 45 81 136 305 0.99585
00035.jpg 45 58 136 332 0.99574
00035.jpg 713 153 79 180 0.99510
00035.jpg 41 78 142 315 0.99505
00035.jpg 43 64 130 308 0.99487
00035.jpg 41 67 133 317 0.99479
00035.jpg 32 72 159 314 0.99447
00035.jpg 37 76 146 315 0.99447
00035.jpg 391 114 222 323 0.99443
00035.jpg 396 111 202 328 0.99427
00035.jpg 404 115 198 329 0.99420
00035.jpg 39 70 146 320 0.99357
00035.jpg 2 100 46 143 0.99335
00035.jpg 398 106 195 327 0.99322
00035.jpg 45 75 151 305 0.99271
00035.jpg 37 78 148 308 0.99216
00035.jpg 39 77 143 311 0.99213
00035.jpg 46 73 139 317 0.99169
00035.jpg 42 74 139 303 0.99136
00035.jpg 724 149 64 190 0.99099
00035.jpg 2 99 45 144 0.99074
00035.jpg 413 112 190 329 0.99064
00035.jpg 402 118 196 321 0.99062
00035.jpg 37 72 148 323 0.98963
00035.jpg 35 67 148 323 0.98883
00035.jpg 408 113 190 325 0.98815
00035.jpg 33 68 154 319 0.98680
00035.jpg 399 118 198 335 0.98668
00035.jpg 4 103 50 140 0.98650
00035.jpg 34 70 157 316 0.98638
00035.jpg 36 69 149 326 0.98511
00035.jpg 38 70 140 322 0.98458
00035.jpg 719 151 73 185 0.98390
00035.jpg 37 75 155 318 0.98387
00035.jpg 2 97 52 141 0.98362
00035.jpg 720 156 74 173 0.98297
00035.jpg 392 105 220 337 0.98050
00035.jpg 40 83 136 300 0.98033
00035.jpg 2 101 49 140 0.97968
00035.jpg 35 79 157 307 0.97955
00035.jpg 27 64 155 320 0.97858
00035.jpg 404 102 182 354 0.97725
00035.jpg 725 164 65 168 0.97688
00035.jpg 399 117 199 322 0.97656
00035.jpg 39 77 146 310 0.97475
00035.jpg 400 116 206 318 0.97438
00035.jpg 721 159 69 176 0.97378
00035.jpg 717 159 75 173 0.97361
00035.jpg 397 119 203 319 0.97205
00035.jpg 4 96 48 148 0.97193
00035.jpg 4 99 46 140 0.97188
00035.jpg 719 165 76 165 0.97187
00035.jpg 42 63 143 325 0.97133
00035.jpg 403 115 196 331 0.97117
00035.jpg 406 111 197 332 0.97029
00035.jpg 723 160 69 176 0.97004
00035.jpg 36 72 149 336 0.96973
00035.jpg 718 158 78 179 0.96943
00035.jpg 711 152 83 182 0.96764
00035.jpg 31 71 159 317 0.96664
00035.jpg 396 113 204 317 0.96578
00035.jpg 41 72 143 330 0.96315
00035.jpg 721 157 72 179 0.96287
00035.jpg 721 167 73 164 0.96166
00035.jpg 720 162 73 166 0.96064
00035.jpg 399 117 203 323 0.96012
00035.jpg 35 73 162 303 0.95944
00035.jpg 409 116 190 325 0.95851
00035.jpg 1 95 49 150 0.95734
00035.jpg 714 132 78 205 0.95670
00035.jpg 4 99 46 147 0.95559
00035.jpg 721 160 71 168 0.95545
00035.jpg 720 155 73 181 0.95405
00035.jpg 42 56 146 345 0.95377
00035.jpg 4 100 44 138 0.95287
00035.jpg 4 95 47 146 0.95065
00035.jpg 709 125 69 190 0.94895
00035.jpg 1 100 53 137 0.94802
00035.jpg 716 158 79 176 0.94647
00035.jpg 4 93 46 150 0.94592
00035.jpg 4 101 48 141 0.94324
00035.jpg 38 76 144 307 0.94201
00035.jpg 4 102 43 143 0.94162
00035.jpg 713 123 59 164 0.94138
00035.jpg 397 113 204 329 0.94114
00035.jpg 7 101 46 137 0.94032
00035.jpg 708 137 75 186 0.93933
00035.jpg 723 157 70 174 0.93901
00035.jpg 30 65 163 322 0.93871
00035.jpg 1 95 51 147 0.93869
00035.jpg 710 121 65 174 0.93823
00035.jpg 714 113 57 208 0.93778
00035.jpg 398 109 205 333 0.93705
00035.jpg 401 112 192 320 0.93671
00035.jpg 38 67 142 317 0.93629
00035.jpg 396 118 205 315 0.93466
00035.jpg 404 120 186 325 0.93292
00035.jpg 42 81 154 312 0.93057
00035.jpg 404 120 200 327 0.92946
00035.jpg 723 151 64 175 0.92867
00035.jpg 713 135 78 192 0.92847
00035.jpg 715 156 79 183 0.92814
00035.jpg 408 119 186 325 0.92788
00035.jpg 712 150 78 181 0.92692
00035.jpg 6 102 44 142 0.92657
00035.jpg 726 168 64 161 0.92407
00035.jpg 1 97 50 146 0.91991
00035.jpg 2 94 51 150 0.91964
00035.jpg 31 73 145 306 0.91902
00035.jpg 719 151 77 189 0.91859
00035.jpg 1 95 47 149 0.91845
00035.jpg 717 119 49 121 0.91828
00035.jpg 711 135 87 200 0.91647
00035.jpg 717 160 78 173 0.91610
00035.jpg 718 131 71 200 0.91606
00035.jpg 400 118 208 320 0.91594
00035.jpg 398 124 204 321 0.91296
00035.jpg 723 139 61 192 0.90868
00035.jpg 709 136 75 191 0.90696
00035.jpg 7 99 41 142 0.90598
00035.jpg 34 78 148 297 0.90517
00035.jpg 7 95 48 150 0.90503
00035.jpg 3 96 52 147 0.90484
00035.jpg 707 121 58 187 0.90460
00035.jpg 7 94 48 150 0.90424
00035.jpg 715 152 76 183 0.90281
00035.jpg 420 120 174 318 0.89750
00035.jpg 36 66 145 321 0.89604
00035.jpg 402 115 190 337 0.89456
00035.jpg 2 101 45 145 0.89455
00035.jpg 36 73 150 317 0.89175
00035.jpg 6 98 44 143 0.89128
00035.jpg 711 142 83 195 0.89107
00035.jpg 41 80 136 303 0.89101
00035.jpg 719 154 66 180 0.89012
00035.jpg 711 155 80 175 0.88954
00035.jpg 4 100 50 146 0.88742
00035.jpg 710 122 58 155 0.88667
00035.jpg 34 60 155 334 0.88556
00035.jpg 708 149 87 184 0.88506
00035.jpg 408 110 191 331 0.88180
00035.jpg 718 150 75 184 0.88139
00035.jpg 714 152 80 179 0.88012
00035.jpg 713 150 76 182 0.87912
00035.jpg 25 66 160 309 0.87581
00035.jpg 710 122 60 125 0.87510
00035.jpg 716 124 50 103 0.87467
00035.jpg 710 153 82 175 0.86754
00035.jpg 3 95 49 151 0.86366
00035.jpg 4 100 51 136 0.86128
00035.jpg 707 148 86 197 0.85912
00035.jpg 405 117 186 319 0.85857
00035.jpg 710 136 77 194 0.85812
00035.jpg 709 160 87 180 0.85765
00035.jpg 5 94 48 152 0.85443
00035.jpg 1 94 52 153 0.84793
00035.jpg 714 152 69 185 0.84736
00035.jpg 404 109 196 332 0.84661
00035.jpg 720 146 74 193 0.84281
00035.jpg 402 121 199 312 0.83937
00035.jpg 713 120 55 136 0.83840
00035.jpg 715 118 43 180 0.83809
00035.jpg 717 124 60 161 0.83577
00035.jpg 399 112 199 340 0.83406
00035.jpg 38 75 148 321 0.82867
00035.jpg 712 127 57 100 0.82838
00035.jpg 30 72 152 319 0.82600
00035.jpg 714 122 49 115 0.82556
00035.jpg 404 115 190 325 0.82123
00035.jpg 714 127 58 93 0.81974
00035.jpg 718 130 67 211 0.81898
00035.jpg 713 159 78 173 0.81615
00035.jpg 707 129 71 190 0.81518
00035.jpg 35 63 155 316 0.81287
00035.jpg 713 155 83 170 0.81229
00035.jpg 33 83 150 300 0.81142
00035.jpg 36 77 149 314 0.80878
00035.jpg 4 101 52 135 0.80656
00035.jpg 708 120 57 150 0.80512
00035.jpg 712 120 56 118 0.80374
00035.jpg 29 68 160 328 0.79830
00035.jpg 8 99 46 143 0.79626
00035.jpg 44 71 143 314 0.79511
00035.jpg 714 145 78 194 0.79495
00035.jpg 718 154 78 183 0.78889
00035.jpg 724 157 68 175 0.78404
00035.jpg 711 129 59 89 0.77907
00035.jpg 9 103 41 130 0.77678
00035.jpg 3 98 47 150 0.77444
00035.jpg 719 121 47 106 0.77351
00035.jpg 2 95 44 143 0.77085
00035.jpg 717 120 57 151 0.76247
00035.jpg 2 106 52 128 0.76224
00035.jpg 715 117 50 196 0.75654
00035.jpg 710 122 61 100 0.75330
00035.jpg 711 123 60 104 0.74720
00035.jpg 714 120 50 119 0.74520
00035.jpg 710 123 64 142 0.74050
00035.jpg 717 144 71 190 0.73986
00035.jpg 709 124 64 152 0.73182
00035.jpg 12 103 40 131 0.73103
00035.jpg 712 125 59 90 0.72952
00035.jpg 711 131 59 104 0.72771
00035.jpg 721 121 44 101 0.72540
00035.jpg 6 97 50 139 0.72255
00035.jpg 720 119 51 116 0.72095
00035.jpg 404 119 191 320 0.71218
00035.jpg 411 117 186 330 0.71105
00035.jpg 707 111 61 188 0.71003
00035.jpg 713 152 81 185 0.70818
00035.jpg 727 170 66 152 0.70376
00035.jpg 705 118 57 182 0.70370
00035.jpg 710 123 61 119 0.70089
00035.jpg 714 119 54 106 0.69825
00035.jpg 715 144 79 187 0.69741
00035.jpg 704 118 63 195 0.69595
00035.jpg 714 156 73 161 0.69543
00035.jpg 397 111 200 335 0.69213
00035.jpg 716 124 56 96 0.68965
00035.jpg 37 84 153 309 0.68945
00035.jpg 709 127 63 97 0.67617
00035.jpg 2 103 46 132 0.67497
00035.jpg 32 80 148 304 0.67280
00035.jpg 711 126 55 94 0.67208
00035.jpg 5 102 50 141 0.66665
00035.jpg 716 119 51 105 0.66499
00035.jpg 709 121 54 175 0.66322
00035.jpg 715 130 55 88 0.66321
00035.jpg 710 126 57 135 0.66294
00035.jpg 714 156 83 183 0.65473
00035.jpg 2 98 39 153 0.65305
00035.jpg 715 122 49 99 0.65273
00035.jpg 712 150 86 189 0.65236
00035.jpg 716 143 69 158 0.65221
00035.jpg 402 109 183 340 0.65193
00035.jpg 715 125 59 88 0.64589
00035.jpg 716 123 49 100 0.64582
00035.jpg 2 95 56 146 0.64517
00035.jpg 711 118 62 131 0.64184
00035.jpg 411 110 191 341 0.63891
00035.jpg 20 65 181 316 0.63805
00035.jpg 714 121 52 96 0.63666
00035.jpg 715 124 60 104 0.63619
00035.jpg 406 123 194 319 0.62818
00035.jpg 44 72 142 316 0.62726
00035.jpg 10 99 37 129 0.62575
00035.jpg 2 96 51 153 0.62498
00035.jpg 710 128 55 99 0.62291
00035.jpg 718 122 52 96 0.62268
00035.jpg 0 96 55 147 0.61898
00035.jpg 712 126 53 105 0.61239
00035.jpg 706 118 64 135 0.60872
00035.jpg 709 118 66 144 0.60546
00035.jpg 713 128 79 211 0.60182
00035.jpg 711 120 55 149 0.60034
00035.jpg 718 119 45 119 0.59847
00035.jpg 708 123 57 163 0.59846
00035.jpg 711 136 78 199 0.59622
00035.jpg 716 123 52 87 0.59006
00035.jpg 8 94 44 142 0.58398
00035.jpg 708 129 62 82 0.58364
00035.jpg 8 102 43 146 0.58199
00035.jpg 710 120 52 148 0.57916
00035.jpg 2 104 53 133 0.57825
00035.jpg 713 156 75 152 0.57581
00035.jpg 714 120 48 104 0.57495
00035.jpg 2 96 41 154 0.57399
00035.jpg 727 167 66 169 0.56969
00035.jpg 704 154 96 171 0.56779
00035.jpg 727 168 69 156 0.56256
00035.jpg 714 119 60 136 0.55829
00035.jpg 704 149 75 110 0.55816
00035.jpg 45 78 132 305 0.55482
00035.jpg 394 116 202 316 0.55439
00035.jpg 3 103 17 132 0.55419
00035.jpg 714 121 48 158 0.55154
00035.jpg 716 117 50 130 0.54985
00035.jpg 710 121 72 132 0.54710
00035.jpg 712 121 59 100 0.54623
00035.jpg 65 70 136 313 0.54526
00035.jpg 9 98 45 147 0.54498
00035.jpg 42 82 138 289 0.53876
00035.jpg 710 124 58 90 0.53107
00035.jpg 711 125 61 88 0.53073
00035.jpg 32 65 157 331 0.52885
00035.jpg 9 96 48 151 0.50092
