00003.jpg 407 28 205 439 0.99980
00003.jpg 405 19 205 461 0.99967
00003.jpg 345 64 107 270 0.99965
00003.jpg 404 29 223 446 0.99962
00003.jpg 346 65 102 262 0.99956
00003.jpg 400 26 218 456 0.99950
00003.jpg 416 26 199 448 0.99937
00003.jpg 270 87 76 213 0.99916
00003.jpg 273 84 70 219 0.99909
00003.jpg 410 32 203 439 0.99907
00003.jpg 271 91 77 217 0.99905
00003.jpg 409 40 204 426 0.99904
00003.jpg 265 86 79 216 0.99903
00003.jpg 418 32 184 431 0.99899
00003.jpg 400 36 212 435 0.99890
00003.jpg 405 29 218 444 0.99883
00003.jpg 346 54 97 282 0.99868
00003.jpg 651 81 80 201 0.99843
00003.jpg 410 34 196 431 0.99810
00003.jpg 654 80 78 203 0.99791
00003.jpg 420 18 182 446 0.99786
00003.jpg 408 32 201 445 0.99768
00003.jpg 405 19 205 465 0.99763
00003.jpg 344 59 100 277 0.99753
00003.jpg 271 88 72 219 0.99749
00003.jpg 346 57 98 271 0.99728
00003.jpg 345 69 101 255 0.99688
00003.jpg 347 61 101 268 0.99659
00003.jpg 348 60 93 274 0.99653
00003.jpg 348 57 91 266 0.99650
00003.jpg 408 23 200 457 0.99628
00003.jpg 347 62 96 276 0.99613
00003.jpg 409 28 195 434 0.99611
00003.jpg 654 81 77 209 0.99572
00003.jpg 346 61 96 271 0.99571
00003.jpg 404 29 200 436 0.99570
00003.jpg 420 24 173 450 0.99557
00003.jpg 406 18 197 461 0.99546
00003.jpg 274 89 69 207 0.99545
00003.jpg 267 83 78 219 0.99520
00003.jpg 352 58 86 268 0.99517
00003.jpg 347 69 98 266 0.99513
00003.jpg 404 30 199 448 0.99497
00003.jpg 348 55 102 278 0.99489
00003.jpg 343 66 102 265 0.99471
00003.jpg 662 79 68 211 0.99456
00003.jpg 658 75 76 208 0.99448
00003.jpg 408 40 198 423 0.99448
00003.jpg 652 79 81 207 0.99426
00003.jpg 651 76 80 213 0.99424
00003.jpg 351 57 95 273 0.99404
00003.jpg 351 62 96 264 0.99394
00003.jpg 344 62 98 273 0.99392
00003.jpg 418 30 188 435 0.99345
00003.jpg 346 54 96 278 0.99340
00003.jpg 345 62 96 264 0.99334
00003.jpg 268 85 77 219 0.99323
00003.jpg 269 89 74 210 0.99309
00003.jpg 267 92 73 203 0.99308
00003.jpg 269 83 76 219 0.99307
00003.jpg 405 37 199 423 0.99282
00003.jpg 345 58 97 271 0.99270
00003.jpg 403 25 215 437 0.99251
00003.jpg 402 31 194 449 0.99247
00003.jpg 267 85 76 215 0.99241
00003.jpg 654 78 80 213 0.99239
00003.jpg 412 36 198 435 0.99224
00003.jpg 399 26 212 450 0.99222
00003.jpg 656 84 76 200 0.99192
00003.jpg 655 80 81 207 0.99184
00003.jpg 655 78 76 203 0.99184
00003.jpg 654 80 80 207 0.99174
00003.jpg 272 87 70 209 0.99151
00003.jpg 655 77 79 206 0.99148
00003.jpg 656 83 73 196 0.99137
00003.jpg 343 50 102 284 0.99109
00003.jpg 407 22 197 459 0.99070
00003.jpg 652 77 80 209 0.99063
00003.jpg 274 85 72 217 0.98980
00003.jpg 344 63 106 277 0.98980
00003.jpg 425 35 183 425 0.98963
00003.jpg 655 80 77 202 0.98962
00003.jpg 266 85 77 215 0.98956
00003.jpg 412 19 205 444 0.98928
00003.jpg 269 86 83 218 0.98923
00003.jpg 345 59 101 277 0.98917
00003.jpg 347 58 98 281 0.98884
00003.jpg 271 89 71 208 0.98847
00003.jpg 269 80 77 229 0.98822
00003.jpg 270 78 76 221 0.98822
00003.jpg 651 73 82 211 0.98777
00003.jpg 268 90 75 214 0.98774
00003.jpg 657 80 79 201 0.98712
00003.jpg 655 81 73 204 0.98631
00003.jpg 271 85 77 211 0.98597
00003.jpg 653 78 81 211 0.98491
00003.jpg 349 58 96 280 0.98380
00003.jpg 346 55 97 274 0.98313
00003.jpg 656 79 77 207 0.98251
00003.jpg 337 61 111 280 0.98191
00003.jpg 270 84 75 213 0.98136
00003.jpg 346 67 97 255 0.98124
00003.jpg 265 87 76 213 0.98106
00003.jpg 648 76 85 210 0.98069
00003.jpg 418 22 179 452 0.97990
00003.jpg 657 78 73 211 0.97921
00003.jpg 276 87 69 218 0.97880
00003.jpg 657 78 76 213 0.97779
00003.jpg 405 35 201 429 0.97742
00003.jpg 270 96 78 203 0.97713
00003.jpg 657 81 72 204 0.97708
00003.jpg 272 89 74 214 0.97659
00003.jpg 271 84 72 213 0.97583
00003.jpg 655 83 78 196 0.97577
00003.jpg 648 79 86 205 0.97559
00003.jpg 660 81 69 199 0.97552
00003.jpg 412 22 200 447 0.97543
00003.jpg 653 81 80 202 0.97522
00003.jpg 652 79 76 209 0.97506
00003.jpg 654 76 73 211 0.97491
00003.jpg 410 36 203 442 0.97454
00003.jpg 660 77 75 208 0.97439
00003.jpg 271 86 72 220 0.97318
00003.jpg 657 77 73 214 0.97251
00003.jpg 268 87 76 216 0.97206
00003.jpg 655 81 75 203 0.97178
00003.jpg 268 91 76 206 0.97158
00003.jpg 658 76 76 202 0.97130
00003.jpg 657 77 77 205 0.97120
00003.jpg 345 61 101 264 0.97066
00003.jpg 347 64 100 266 0.96929
00003.jpg 654 81 79 204 0.96896
00003.jpg 271 89 73 207 0.96661
00003.jpg 272 84 74 220 0.96570
00003.jpg 654 82 79 200 0.96297
00003.jpg 271 89 74 206 0.96291
00003.jpg 650 83 85 204 0.96121
00003.jpg 403 23 205 459 0.96067
00003.jpg 656 81 79 197 0.96053
00003.jpg 265 87 83 211 0.96041
00003.jpg 350 56 96 272 0.96030
00003.jpg 349 59 92 271 0.96014
00003.jpg 654 73 81 215 0.95867
00003.jpg 410 21 199 459 0.95856
00003.jpg 350 58 97 273 0.95787
00003.jpg 651 86 85 197 0.95357
00003.jpg 273 81 77 221 0.95354
00003.jpg 410 26 198 444 0.95314
00003.jpg 404 34 197 432 0.94757
00003.jpg 344 59 105 273 0.94671
00003.jpg 346 60 94 268 0.94539
00003.jpg 340 64 104 267 0.94512
00003.jpg 268 88 82 204 0.94280
00003.jpg 654 77 83 205 0.94240
00003.jpg 396 27 209 456 0.94197
00003.jpg 344 60 99 269 0.94195
00003.jpg 271 84 73 211 0.93909
00003.jpg 658 79 74 207 0.93902
00003.jpg 271 83 75 215 0.93771
00003.jpg 657 82 74 197 0.93726
00003.jpg 271 85 75 212 0.93276
00003.jpg 341 68 103 257 0.93265
00003.jpg 654 81 77 202 0.93068
00003.jpg 273 89 74 213 0.92946
00003.jpg 271 91 68 212 0.92854
00003.jpg 269 94 75 200 0.92676
00003.jpg 343 60 100 279 0.91010
00003.jpg 349 65 96 266 0.90571
00003.jpg 271 92 74 205 0.90463
00003.jpg 265 91 83 209 0.90201
00003.jpg 417 36 198 439 0.90048
00003.jpg 273 85 79 214 0.90017
00003.jpg 271 89 72 210 0.89776
00003.jpg 397 28 205 445 0.89490
00003.jpg 352 61 98 259 0.89238
00003.jpg 344 60 103 271 0.89015
00003.jpg 265 82 84 218 0.88994
00003.jpg 654 77 75 211 0.88889
00003.jpg 270 90 74 209 0.88581
00003.jpg 271 87 75 217 0.88475
00003.jpg 414 23 199 457 0.88191
00003.jpg 269 83 81 225 0.87962
00003.jpg 268 92 81 213 0.87647
00003.jpg 269 90 83 207 0.87444
00003.jpg 656 82 76 198 0.87393
00003.jpg 272 87 74 206 0.87140
00003.jpg 272 82 66 228 0.87129
00003.jpg 651 80 84 194 0.87116
00003.jpg 265 86 80 216 0.87080
00003.jpg 270 83 72 223 0.86408
00003.jpg 345 65 101 260 0.85764
00003.jpg 650 86 78 184 0.85065
00003.jpg 342 58 107 290 0.84643
00003.jpg 346 55 101 266 0.84204
00003.jpg 344 58 105 293 0.82636
00003.jpg 347 64 101 262 0.82375
00003.jpg 404 24 196 469 0.81434
00003.jpg 268 82 83 221 0.81371
00003.jpg 657 76 76 202 0.80947
00003.jpg 272 87 78 206 0.80440
00003.jpg 661 87 74 190 0.80115
00003.jpg 653 79 75 199 0.80015
00003.jpg 347 63 98 257 0.79708
00003.jpg 345 58 108 276 0.78371
00003.jpg 412 35 195 446 0.78194
00003.jpg 405 29 216 435 0.78084
00003.jpg 346 67 99 266 0.77973
00003.jpg 652 82 79 204 0.77871
00003.jpg 657 81 68 202 0.77761
00003.jpg 659 74 76 206 0.77319
00003.jpg 351 62 98 275 0.77236
00003.jpg 653 76 82 211 0.76958
00003.jpg 663 76 71 211 0.75601
00003.jpg 391 32 232 447 0.75551
00003.jpg 345 61 104 279 0.75148
00003.jpg 345 68 103 267 0.74414
00003.jpg 268 82 84 228 0.73824
00003.jpg 345 58 100 275 0.73005
00003.jpg 343 55 106 283 0.72044
00003.jpg 656 81 76 192 0.70587
00003.jpg 269 85 78 223 0.70545
00003.jpg 267 87 84 212 0.67539
00003.jpg 272 80 69 221 0.66299
00003.jpg 393 35 222 433 0.64191
00003.jpg 658 80 72 196 0.62582
00003.jpg 397 27 210 435 0.62147
00003.jpg 408 35 203 415 0.62116
00003.jpg 349 60 97 273 0.62050
00003.jpg 344 54 98 291 0.60915
00003.jpg 342 60 112 275 0.60233
00003.jpg 270 84 76 207 0.58545
00003.jpg 651 72 89 224 0.58367
00003.jpg 344 60 93 268 0.58353
00003.jpg 407 34 212 423 0.58090
00003.jpg 334 72 118 244 0.56302
00003.jpg 267 86 71 207 0.55812
00003.jpg 653 86 83 213 0.55225
00003.jpg 655 79 74 190 0.55103
00003.jpg 389 30 229 455 0.55021
00003.jpg 401 46 201 408 0.54457
00003.jpg 655 77 82 216 0.52912
00003.jpg 393 19 215 439 0.52011
00003.jpg 653 76 73 212 0.51784
00003.jpg 399 31 208 442 0.51465
00003.jpg 271 90 67 201 0.50760
00003.jpg 648 78 87 216 0.50107
