00008.jpg 339 69 101 269 0.99958
00008.jpg 406 38 195 436 0.99957
00008.jpg 410 19 198 472 0.99949
00008.jpg 336 67 113 271 0.99945
00008.jpg 270 93 82 216 0.99943
00008.jpg 403 34 200 456 0.99923
00008.jpg 408 34 182 448 0.99921
00008.jpg 404 25 196 450 0.99909
00008.jpg 333 64 115 270 0.99884
00008.jpg 270 86 78 215 0.99877
00008.jpg 404 25 203 458 0.99873
00008.jpg 413 40 186 429 0.99851
00008.jpg 645 78 87 207 0.99850
00008.jpg 340 72 106 275 0.99809
00008.jpg 403 39 199 435 0.99776
00008.jpg 333 63 112 270 0.99757
00008.jpg 333 69 107 263 0.99693
00008.jpg 649 83 88 207 0.99663
00008.jpg 648 75 88 216 0.99663
00008.jpg 269 88 81 222 0.99658
00008.jpg 273 83 78 220 0.99656
00008.jpg 413 48 188 415 0.99652
00008.jpg 338 60 99 282 0.99624
00008.jpg 266 86 80 216 0.99599
00008.jpg 649 75 85 208 0.99587
00008.jpg 401 21 204 468 0.99575
00008.jpg 400 19 212 451 0.99573
00008.jpg 340 60 103 276 0.99542
00008.jpg 338 61 102 278 0.99533
00008.jpg 645 79 87 211 0.99514
00008.jpg 409 39 192 443 0.99501
00008.jpg 402 33 199 450 0.99496
00008.jpg 269 86 82 222 0.99479
00008.jpg 413 39 199 432 0.99434
00008.jpg 337 65 105 271 0.99428
00008.jpg 646 78 86 218 0.99417
00008.jpg 646 82 91 210 0.99395
00008.jpg 404 35 203 448 0.99374
00008.jpg 641 74 97 212 0.99373
00008.jpg 411 38 196 440 0.99372
00008.jpg 338 65 105 269 0.99360
00008.jpg 395 31 211 444 0.99335
00008.jpg 263 81 93 230 0.99318
00008.jpg 338 71 105 272 0.99311
00008.jpg 643 77 91 214 0.99261
00008.jpg 400 34 191 456 0.99247
00008.jpg 338 66 108 264 0.99220
00008.jpg 414 41 188 423 0.99199
00008.jpg 336 67 109 270 0.99172
00008.jpg 331 64 119 274 0.99143
00008.jpg 340 64 105 276 0.99140
00008.jpg 652 75 82 212 0.99094
00008.jpg 411 27 189 461 0.99087
00008.jpg 334 61 105 284 0.99085
00008.jpg 647 80 87 207 0.99057
00008.jpg 407 44 197 439 0.99035
00008.jpg 413 41 190 439 0.99020
00008.jpg 646 78 87 208 0.98984
00008.jpg 645 75 89 213 0.98951
00008.jpg 404 26 196 460 0.98937
00008.jpg 392 36 209 441 0.98934
00008.jpg 337 61 108 277 0.98934
00008.jpg 404 39 194 427 0.98926
00008.jpg 268 88 80 215 0.98918
00008.jpg 645 78 90 209 0.98910
00008.jpg 271 90 76 213 0.98898
00008.jpg 265 89 89 219 0.98898
00008.jpg 651 81 80 204 0.98862
00008.jpg 415 37 192 440 0.98843
00008.jpg 407 43 188 446 0.98836
00008.jpg 648 77 83 212 0.98824
00008.jpg 267 88 85 216 0.98820
00008.jpg 266 86 82 219 0.98801
00008.jpg 338 62 106 271 0.98785
00008.jpg 409 39 195 446 0.98745
00008.jpg 339 65 105 272 0.98718
00008.jpg 265 89 88 218 0.98697
00008.jpg 263 86 90 219 0.98627
00008.jpg 651 85 82 202 0.98443
00008.jpg 643 81 88 205 0.98320
00008.jpg 414 30 189 448 0.98283
00008.jpg 408 44 191 423 0.98226
00008.jpg 336 61 105 266 0.98225
00008.jpg 272 87 77 211 0.98193
00008.jpg 338 68 106 273 0.98173
00008.jpg 266 88 85 210 0.98151
00008.jpg 268 88 78 213 0.98139
00008.jpg 266 92 88 212 0.98119
00008.jpg 334 64 109 274 0.98112
00008.jpg 331 61 120 277 0.98110
00008.jpg 646 79 84 208 0.98044
00008.jpg 648 80 88 202 0.98041
00008.jpg 653 76 72 210 0.98013
00008.jpg 273 88 73 223 0.97993
00008.jpg 649 79 84 211 0.97976
00008.jpg 340 60 104 278 0.97938
00008.jpg 651 79 81 202 0.97867
00008.jpg 274 85 74 215 0.97816
00008.jpg 646 75 91 212 0.97762
00008.jpg 647 77 88 204 0.97716
00008.jpg 267 84 79 218 0.97655
00008.jpg 272 85 71 217 0.97579
00008.jpg 335 67 106 269 0.97565
00008.jpg 651 77 84 207 0.97506
00008.jpg 649 73 86 216 0.97465
00008.jpg 649 74 84 211 0.97360
00008.jpg 398 37 200 427 0.97358
00008.jpg 337 63 103 275 0.97270
00008.jpg 269 85 81 219 0.97230
00008.jpg 273 86 81 217 0.97181
00008.jpg 416 40 185 444 0.97177
00008.jpg 407 29 184 464 0.97122
00008.jpg 339 59 99 277 0.97080
00008.jpg 268 88 80 214 0.97051
00008.jpg 563 97 47 169 0.96955
00008.jpg 267 87 81 216 0.96932
00008.jpg 650 78 83 212 0.96814
00008.jpg 421 35 178 442 0.96689
00008.jpg 335 60 103 278 0.96499
00008.jpg 559 89 52 186 0.96354
00008.jpg 653 81 74 201 0.96353
00008.jpg 559 92 51 181 0.96341
00008.jpg 648 78 87 208 0.96304
00008.jpg 276 85 74 219 0.96289
00008.jpg 652 77 74 205 0.96174
00008.jpg 560 92 54 182 0.96127
00008.jpg 562 97 49 172 0.96060
00008.jpg 267 89 74 214 0.96009
00008.jpg 649 77 86 205 0.95995
00008.jpg 268 90 82 221 0.95961
00008.jpg 643 84 91 190 0.95923
00008.jpg 342 72 103 271 0.95895
00008.jpg 559 90 52 175 0.95672
00008.jpg 410 39 192 437 0.95615
00008.jpg 555 94 56 180 0.95498
00008.jpg 335 64 107 273 0.95480
00008.jpg 267 87 91 211 0.95392
00008.jpg 646 77 78 210 0.94870
00008.jpg 268 83 75 224 0.94784
00008.jpg 333 55 114 287 0.94689
00008.jpg 643 75 93 213 0.94645
00008.jpg 560 96 50 173 0.94635
00008.jpg 392 46 219 431 0.94606
00008.jpg 560 94 49 177 0.94593
00008.jpg 559 93 55 175 0.94192
00008.jpg 343 67 100 280 0.94039
00008.jpg 265 90 84 215 0.94030
00008.jpg 645 77 90 210 0.94010
00008.jpg 340 62 104 271 0.93922
00008.jpg 268 80 76 223 0.93594
00008.jpg 342 73 104 257 0.93588
00008.jpg 272 84 74 215 0.93393
00008.jpg 408 46 208 428 0.93384
00008.jpg 274 88 76 218 0.93048
00008.jpg 559 94 54 176 0.92890
00008.jpg 652 81 81 200 0.92879
00008.jpg 561 97 49 172 0.92654
00008.jpg 562 93 47 179 0.92599
00008.jpg 559 100 56 169 0.92558
00008.jpg 559 97 50 172 0.92474
00008.jpg 268 83 80 225 0.92261
00008.jpg 409 47 196 422 0.92230
00008.jpg 561 95 53 176 0.92199
00008.jpg 273 87 77 216 0.92106
00008.jpg 417 30 180 447 0.91983
00008.jpg 337 55 105 277 0.91874
00008.jpg 557 95 53 173 0.91585
00008.jpg 651 74 84 211 0.91560
00008.jpg 647 80 82 207 0.91461
00008.jpg 329 70 116 266 0.91384
00008.jpg 645 75 84 214 0.91371
00008.jpg 642 80 89 209 0.91140
00008.jpg 334 64 109 271 0.91125
00008.jpg 655 73 78 216 0.90989
00008.jpg 333 64 109 269 0.90948
00008.jpg 400 45 215 443 0.90940
00008.jpg 274 80 79 227 0.90829
00008.jpg 563 92 48 176 0.90534
00008.jpg 655 78 81 205 0.90434
00008.jpg 650 78 86 200 0.90415
00008.jpg 406 40 201 437 0.90390
00008.jpg 556 95 56 170 0.90303
00008.jpg 402 49 205 432 0.90231
00008.jpg 560 95 48 175 0.90132
00008.jpg 570 94 42 174 0.89782
00008.jpg 266 77 88 226 0.89723
00008.jpg 271 87 77 219 0.89347
00008.jpg 559 95 53 177 0.89285
00008.jpg 652 70 82 211 0.89145
00008.jpg 560 93 54 180 0.89051
00008.jpg 559 98 53 171 0.89030
00008.jpg 558 95 55 175 0.88779
00008.jpg 561 94 43 178 0.88699
00008.jpg 646 76 82 217 0.87976
00008.jpg 273 90 74 209 0.87511
00008.jpg 559 97 55 177 0.87457
00008.jpg 406 40 196 416 0.87372
00008.jpg 272 82 68 230 0.86872
00008.jpg 335 67 106 269 0.86700
00008.jpg 641 76 85 215 0.86465
00008.jpg 270 85 79 218 0.86006
00008.jpg 643 78 89 217 0.85920
00008.jpg 646 76 90 209 0.85834
00008.jpg 266 89 87 210 0.85819
00008.jpg 562 101 51 163 0.85559
00008.jpg 565 94 49 175 0.85210
00008.jpg 271 90 76 207 0.84862
00008.jpg 277 80 79 221 0.84617
00008.jpg 335 65 113 272 0.84347
00008.jpg 261 94 91 211 0.83979
00008.jpg 638 80 92 213 0.83909
00008.jpg 646 80 79 201 0.83741
00008.jpg 340 67 100 265 0.83075
00008.jpg 428 38 178 436 0.82380
00008.jpg 559 96 53 171 0.82312
00008.jpg 274 90 73 207 0.82298
00008.jpg 647 78 84 214 0.81936
00008.jpg 343 59 100 275 0.81491
00008.jpg 560 88 46 183 0.81447
00008.jpg 392 50 205 411 0.80872
00008.jpg 272 88 76 219 0.80508
00008.jpg 398 40 204 444 0.80257
00008.jpg 559 100 55 163 0.79792
00008.jpg 270 86 78 215 0.79198
00008.jpg 554 92 55 176 0.78785
00008.jpg 560 89 48 182 0.78320
00008.jpg 566 95 48 176 0.77807
00008.jpg 649 76 88 212 0.77604
00008.jpg 406 57 200 410 0.77110
00008.jpg 342 72 99 260 0.77049
00008.jpg 557 101 54 173 0.75755
00008.jpg 650 77 81 212 0.75377
00008.jpg 557 94 55 177 0.74577
00008.jpg 268 80 81 226 0.74252
00008.jpg 556 94 49 177 0.74129
00008.jpg 559 96 58 169 0.74010
00008.jpg 405 33 199 448 0.73109
00008.jpg 396 34 200 456 0.73090
00008.jpg 556 82 55 200 0.72554
00008.jpg 651 75 81 206 0.72546
00008.jpg 558 98 55 175 0.72124
00008.jpg 411 40 184 407 0.71643
00008.jpg 339 72 99 253 0.71199
00008.jpg 332 64 109 271 0.70979
00008.jpg 337 61 100 271 0.70325
00008.jpg 559 94 53 174 0.69176
00008.jpg 557 85 56 194 0.68901
00008.jpg 561 95 27 27 0.68424
00008.jpg 565 91 49 181 0.67779
00008.jpg 556 98 51 175 0.67728
00008.jpg 556 91 60 177 0.67636
00008.jpg 561 93 48 177 0.66989
00008.jpg 268 88 81 213 0.66296
00008.jpg 564 95 20 30 0.66111
00008.jpg 272 86 73 212 0.65991
00008.jpg 653 74 80 209 0.65318
00008.jpg 563 98 22 29 0.65111
00008.jpg 415 37 178 436 0.65077
00008.jpg 646 72 90 220 0.64796
00008.jpg 561 93 25 36 0.64266
00008.jpg 559 96 26 28 0.64042
00008.jpg 270 87 73 218 0.63875
00008.jpg 554 92 54 183 0.63526
00008.jpg 565 98 19 24 0.63482
00008.jpg 559 87 44 188 0.62795
00008.jpg 336 64 107 280 0.62558
00008.jpg 340 67 105 267 0.61655
00008.jpg 272 90 74 198 0.61149
00008.jpg 641 77 87 218 0.60706
00008.jpg 329 54 115 287 0.59697
00008.jpg 654 75 84 205 0.59454
00008.jpg 264 84 88 227 0.59327
00008.jpg 640 85 101 210 0.58925
00008.jpg 650 81 84 193 0.58392
00008.jpg 654 81 86 211 0.58036
00008.jpg 563 93 25 28 0.57623
00008.jpg 562 95 24 27 0.57342
00008.jpg 347 55 97 296 0.57158
00008.jpg 343 67 104 261 0.56710
00008.jpg 650 76 81 208 0.56355
00008.jpg 337 59 106 267 0.55851
00008.jpg 550 91 70 168 0.54598
00008.jpg 410 32 186 441 0.54339
00008.jpg 568 98 45 174 0.53817
00008.jpg 560 95 46 165 0.53814
00008.jpg 272 86 80 216 0.53532
00008.jpg 557 82 48 196 0.53276
00008.jpg 720 92 20 98 0.52994
00008.jpg 900 80 25 40 0.52179
00008.jpg 395 50 190 397 0.51480
00008.jpg 717 95 21 97 0.51477
00008.jpg 561 97 28 36 0.51294
00008.jpg 335 70 106 264 0.50442
00008.jpg 403 46 203 418 0.50315
00008.jpg 653 81 86 202 0.50123
00008.jpg 566 95 17 22 0.50044
