00025.jpg 434 62 178 439 0.99964
00025.jpg 440 53 176 437 0.99963
00025.jpg 263 133 118 208 0.99955
00025.jpg 432 51 208 442 0.99954
00025.jpg 264 134 117 201 0.99902
00025.jpg 433 54 205 439 0.99887
00025.jpg 442 41 176 462 0.99848
00025.jpg 458 53 152 448 0.99845
00025.jpg 682 75 67 209 0.99837
00025.jpg 679 74 71 209 0.99830
00025.jpg 446 47 178 451 0.99826
00025.jpg 676 74 70 214 0.99812
00025.jpg 459 49 158 458 0.99786
00025.jpg 452 51 161 448 0.99752
00025.jpg 448 66 172 427 0.99722
00025.jpg 683 67 66 218 0.99713
00025.jpg 679 70 71 219 0.99691
00025.jpg 453 53 164 450 0.99676
00025.jpg 442 57 174 437 0.99642
00025.jpg 450 61 171 443 0.99625
00025.jpg 680 76 68 208 0.99620
00025.jpg 439 58 179 440 0.99616
00025.jpg 261 142 123 193 0.99600
00025.jpg 259 137 121 193 0.99591
00025.jpg 268 137 113 198 0.99579
00025.jpg 267 138 112 195 0.99564
00025.jpg 447 52 160 450 0.99561
00025.jpg 263 134 118 193 0.99481
00025.jpg 453 49 164 450 0.99480
00025.jpg 451 54 175 450 0.99449
00025.jpg 440 64 187 427 0.99447
00025.jpg 231 83 82 117 0.99410
00025.jpg 255 134 124 202 0.99363
00025.jpg 675 72 78 215 0.99319
00025.jpg 257 138 121 199 0.99316
00025.jpg 436 54 183 439 0.99279
00025.jpg 235 80 75 123 0.99262
00025.jpg 677 73 77 210 0.99253
00025.jpg 680 73 70 219 0.99194
00025.jpg 261 132 122 204 0.99188
00025.jpg 258 137 125 193 0.99185
00025.jpg 259 139 128 191 0.99166
00025.jpg 235 80 76 123 0.99156
00025.jpg 233 78 80 125 0.99109
00025.jpg 455 63 168 434 0.99065
00025.jpg 678 64 75 227 0.98993
00025.jpg 232 78 82 126 0.98982
00025.jpg 233 78 76 128 0.98974
00025.jpg 450 64 153 427 0.98962
00025.jpg 446 47 163 456 0.98961
00025.jpg 678 78 74 215 0.98939
00025.jpg 678 69 74 216 0.98938
00025.jpg 680 78 67 206 0.98920
00025.jpg 234 81 80 122 0.98882
00025.jpg 676 77 71 210 0.98866
00025.jpg 261 141 119 197 0.98863
00025.jpg 682 68 67 215 0.98859
00025.jpg 682 79 69 202 0.98830
00025.jpg 231 80 81 113 0.98805
00025.jpg 253 127 133 208 0.98797
00025.jpg 237 79 73 122 0.98782
00025.jpg 254 128 131 212 0.98777
00025.jpg 441 53 172 446 0.98776
00025.jpg 682 69 66 216 0.98772
00025.jpg 234 75 79 128 0.98760
00025.jpg 260 131 116 209 0.98748
00025.jpg 260 132 119 203 0.98711
00025.jpg 262 129 123 205 0.98638
00025.jpg 260 135 119 200 0.98593
00025.jpg 679 77 70 209 0.98578
00025.jpg 679 73 67 223 0.98576
00025.jpg 684 68 68 227 0.98523
00025.jpg 678 66 73 226 0.98486
00025.jpg 451 50 165 458 0.98413
00025.jpg 680 71 71 211 0.98393
00025.jpg 256 136 125 196 0.98389
00025.jpg 682 72 64 213 0.98381
00025.jpg 676 75 80 217 0.98359
00025.jpg 681 75 67 214 0.98337
00025.jpg 236 78 77 121 0.98330
00025.jpg 259 129 127 213 0.98322
00025.jpg 235 77 73 123 0.98312
00025.jpg 233 79 78 122 0.98309
00025.jpg 681 76 68 212 0.98279
00025.jpg 256 129 122 210 0.98257
00025.jpg 681 71 64 218 0.98247
00025.jpg 258 132 122 206 0.98138
00025.jpg 236 77 72 133 0.98097
00025.jpg 256 133 124 203 0.98043
00025.jpg 681 71 65 217 0.97966
00025.jpg 676 80 76 208 0.97929
00025.jpg 671 76 76 216 0.97925
00025.jpg 679 74 71 207 0.97917
00025.jpg 262 126 118 209 0.97871
00025.jpg 681 77 70 202 0.97826
00025.jpg 679 72 71 216 0.97824
00025.jpg 259 141 117 192 0.97729
00025.jpg 261 127 121 209 0.97683
00025.jpg 233 82 79 119 0.97664
00025.jpg 236 82 76 118 0.97650
00025.jpg 239 83 72 119 0.97635
00025.jpg 232 74 80 125 0.97602
00025.jpg 236 76 72 127 0.97561
00025.jpg 679 70 73 220 0.97439
00025.jpg 235 81 77 126 0.97410
00025.jpg 676 71 73 222 0.97407
00025.jpg 234 72 73 134 0.97366
00025.jpg 677 73 74 213 0.97339
00025.jpg 269 131 112 208 0.97306
00025.jpg 446 52 168 457 0.97161
00025.jpg 262 131 118 208 0.97158
00025.jpg 234 78 78 122 0.97156
00025.jpg 234 78 76 124 0.97153
00025.jpg 234 81 82 118 0.97136
00025.jpg 236 82 74 116 0.97132
00025.jpg 235 76 72 129 0.96911
00025.jpg 235 78 79 121 0.96892
00025.jpg 232 77 83 124 0.96871
00025.jpg 235 79 76 131 0.96565
00025.jpg 229 77 81 123 0.96486
00025.jpg 452 50 172 457 0.96438
00025.jpg 263 130 119 210 0.96315
00025.jpg 673 73 75 219 0.96301
00025.jpg 269 133 114 205 0.96275
00025.jpg 682 83 68 210 0.96239
00025.jpg 236 80 73 118 0.96151
00025.jpg 236 81 74 121 0.96138
00025.jpg 236 80 74 122 0.96127
00025.jpg 262 131 115 205 0.96069
00025.jpg 438 48 180 440 0.95892
00025.jpg 236 76 72 139 0.95826
00025.jpg 234 76 75 126 0.95812
00025.jpg 448 68 163 424 0.95772
00025.jpg 257 129 130 205 0.95761
00025.jpg 254 124 125 217 0.95749
00025.jpg 262 137 120 196 0.95683
00025.jpg 436 42 175 459 0.95661
00025.jpg 244 136 141 201 0.95596
00025.jpg 234 79 78 123 0.95500
00025.jpg 233 83 82 118 0.95421
00025.jpg 229 78 87 121 0.95412
00025.jpg 256 129 129 205 0.95331
00025.jpg 231 82 77 115 0.95290
00025.jpg 452 55 167 450 0.95247
00025.jpg 682 75 65 217 0.95164
00025.jpg 234 77 77 127 0.95127
00025.jpg 255 125 129 210 0.95012
00025.jpg 676 74 75 214 0.94841
00025.jpg 233 83 81 123 0.94837
00025.jpg 266 130 116 211 0.94621
00025.jpg 443 55 188 439 0.94348
00025.jpg 235 81 73 122 0.94293
00025.jpg 232 77 84 122 0.94265
00025.jpg 260 136 118 203 0.93818
00025.jpg 680 76 70 209 0.93769
00025.jpg 448 42 161 463 0.93699
00025.jpg 232 79 83 125 0.93611
00025.jpg 234 80 83 120 0.93394
00025.jpg 441 62 193 434 0.92744
00025.jpg 261 128 118 209 0.92648
00025.jpg 680 72 66 213 0.92518
00025.jpg 232 73 79 128 0.92266
00025.jpg 447 53 180 447 0.92180
00025.jpg 444 55 183 437 0.91966
00025.jpg 435 50 183 455 0.91867
00025.jpg 248 141 129 193 0.91670
00025.jpg 680 78 70 206 0.91606
00025.jpg 249 132 131 200 0.91576
00025.jpg 261 127 121 217 0.91511
00025.jpg 267 134 112 207 0.91166
00025.jpg 263 134 119 198 0.91043
00025.jpg 442 61 175 419 0.91007
00025.jpg 233 81 80 117 0.90606
00025.jpg 454 47 161 454 0.90101
00025.jpg 681 59 64 231 0.89966
00025.jpg 233 77 73 133 0.89705
00025.jpg 678 74 77 215 0.89527
00025.jpg 677 68 73 220 0.89449
00025.jpg 256 131 126 205 0.89358
00025.jpg 442 58 165 435 0.89353
00025.jpg 235 78 77 122 0.89232
00025.jpg 264 128 118 210 0.88936
00025.jpg 681 75 69 206 0.88251
00025.jpg 233 79 78 124 0.87960
00025.jpg 233 81 77 115 0.87774
00025.jpg 260 133 123 197 0.87716
00025.jpg 676 73 75 218 0.87350
00025.jpg 679 71 72 217 0.86397
00025.jpg 260 130 125 209 0.86256
00025.jpg 679 70 76 217 0.86191
00025.jpg 234 84 72 131 0.86155
00025.jpg 681 70 69 212 0.86053
00025.jpg 680 65 68 227 0.85961
00025.jpg 445 50 171 434 0.85599
00025.jpg 255 129 133 207 0.85447
00025.jpg 235 81 77 136 0.85345
00025.jpg 235 79 80 125 0.85118
00025.jpg 232 80 81 121 0.84771
00025.jpg 682 77 64 206 0.84584
00025.jpg 248 143 130 181 0.84477
00025.jpg 446 62 174 439 0.84292
00025.jpg 684 64 67 230 0.84290
00025.jpg 232 73 81 137 0.83981
00025.jpg 237 95 70 112 0.83912
00025.jpg 263 139 113 194 0.83849
00025.jpg 233 77 80 124 0.83622
00025.jpg 234 81 76 120 0.83576
00025.jpg 445 64 168 421 0.83256
00025.jpg 446 67 174 420 0.82864
00025.jpg 676 78 70 212 0.82832
00025.jpg 248 121 121 203 0.82661
00025.jpg 238 85 75 110 0.82022
00025.jpg 229 79 80 125 0.81943
00025.jpg 255 115 109 212 0.81793
00025.jpg 248 122 132 213 0.81581
00025.jpg 231 81 85 121 0.80932
00025.jpg 233 81 79 118 0.80835
00025.jpg 232 79 81 119 0.80780
00025.jpg 260 134 121 200 0.80641
00025.jpg 231 77 84 122 0.80487
00025.jpg 237 87 73 143 0.80473
00025.jpg 683 57 61 237 0.80397
00025.jpg 266 129 110 211 0.80353
00025.jpg 338 47 32 64 0.79684
00025.jpg 272 129 106 217 0.78916
00025.jpg 445 63 168 425 0.78570
00025.jpg 673 75 73 211 0.77947
00025.jpg 674 69 77 219 0.77840
00025.jpg 678 76 76 209 0.77786
00025.jpg 230 86 79 123 0.77006
00025.jpg 263 137 113 187 0.76853
00025.jpg 679 71 72 210 0.76726
00025.jpg 233 80 80 117 0.76312
00025.jpg 256 134 131 203 0.76113
00025.jpg 238 75 78 203 0.76071
00025.jpg 232 73 76 129 0.74404
00025.jpg 230 81 83 112 0.73872
00025.jpg 238 86 75 170 0.73737
00025.jpg 246 131 137 203 0.72961
00025.jpg 230 81 82 118 0.72895
00025.jpg 239 78 71 127 0.72864
00025.jpg 264 125 117 211 0.72520
00025.jpg 227 80 85 123 0.72438
00025.jpg 264 139 120 197 0.72333
00025.jpg 446 62 172 408 0.72193
00025.jpg 677 73 71 220 0.71319
00025.jpg 266 134 119 205 0.71257
00025.jpg 680 76 68 210 0.70455
00025.jpg 263 134 115 200 0.70373
00025.jpg 333 42 37 73 0.69413
00025.jpg 262 130 115 197 0.68628
00025.jpg 231 82 76 116 0.68576
00025.jpg 255 133 126 203 0.68122
00025.jpg 261 126 112 211 0.67835
00025.jpg 260 133 129 200 0.67568
00025.jpg 444 72 168 405 0.66952
00025.jpg 686 68 62 218 0.66924
00025.jpg 249 109 118 212 0.66437
00025.jpg 332 44 38 70 0.66015
00025.jpg 337 43 34 77 0.65482
00025.jpg 334 45 35 73 0.65256
00025.jpg 270 132 101 199 0.64814
00025.jpg 683 62 69 221 0.64444
00025.jpg 242 70 78 185 0.62797
00025.jpg 250 131 117 193 0.62704
00025.jpg 253 117 112 202 0.62401
00025.jpg 337 45 37 69 0.61376
00025.jpg 337 43 36 73 0.61210
00025.jpg 451 54 172 446 0.61007
00025.jpg 674 71 75 217 0.60904
00025.jpg 236 77 79 124 0.60692
00025.jpg 448 60 169 428 0.60658
00025.jpg 335 42 36 70 0.60007
00025.jpg 250 94 123 238 0.59844
00025.jpg 338 45 33 65 0.59099
00025.jpg 811 58 29 82 0.59041
00025.jpg 333 47 39 70 0.58959
00025.jpg 446 50 173 446 0.58821
00025.jpg 232 81 77 132 0.57229
00025.jpg 260 131 121 191 0.56650
00025.jpg 335 43 38 72 0.56349
00025.jpg 330 44 37 70 0.56343
00025.jpg 336 45 37 68 0.55657
00025.jpg 254 129 119 190 0.52523
00025.jpg 452 62 167 426 0.52215
00025.jpg 812 67 23 74 0.51974
00025.jpg 232 86 82 172 0.51820
00025.jpg 680 61 77 231 0.51191
00025.jpg 343 47 31 63 0.51001
00025.jpg 232 79 81 121 0.50827
00025.jpg 234 77 80 156 0.50623
00025.jpg 228 84 90 110 0.50548
00025.jpg 232 82 79 121 0.50447
00025.jpg 809 62 27 77 0.50273
00025.jpg 256 131 125 210 0.50036
