00032.jpg 231 106 119 236 0.99945
00032.jpg 452 24 171 473 0.99893
00032.jpg 450 21 177 489 0.99892
00032.jpg 451 26 179 480 0.99866
00032.jpg 463 31 164 470 0.99849
00032.jpg 448 35 181 460 0.99836
00032.jpg 453 23 171 480 0.99807
00032.jpg 450 30 179 473 0.99788
00032.jpg 455 34 172 471 0.99782
00032.jpg 450 28 180 476 0.99775
00032.jpg 463 28 155 469 0.99752
00032.jpg 453 25 162 483 0.99750
00032.jpg 226 107 126 232 0.99732
00032.jpg 231 114 110 225 0.99684
00032.jpg 684 72 68 220 0.99680
00032.jpg 225 118 127 215 0.99674
00032.jpg 224 107 131 236 0.99670
00032.jpg 456 37 169 457 0.99662
00032.jpg 687 68 69 214 0.99657
00032.jpg 236 113 114 227 0.99617
00032.jpg 686 67 70 226 0.99571
00032.jpg 232 108 118 235 0.99568
00032.jpg 459 22 167 490 0.99547
00032.jpg 686 74 72 209 0.99518
00032.jpg 222 119 138 219 0.99484
00032.jpg 454 40 172 450 0.99466
00032.jpg 457 37 166 462 0.99420
00032.jpg 684 76 72 207 0.99419
00032.jpg 452 40 188 451 0.99418
00032.jpg 461 38 161 453 0.99410
00032.jpg 224 67 70 126 0.99355
00032.jpg 237 122 111 207 0.99320
00032.jpg 231 103 119 235 0.99280
00032.jpg 447 22 175 489 0.99224
00032.jpg 687 76 71 210 0.99144
00032.jpg 687 74 71 217 0.99116
00032.jpg 230 114 120 222 0.99082
00032.jpg 235 109 114 227 0.99073
00032.jpg 689 68 67 215 0.99044
00032.jpg 463 25 156 487 0.99024
00032.jpg 223 68 69 123 0.99010
00032.jpg 237 108 114 232 0.98962
00032.jpg 461 28 155 463 0.98954
00032.jpg 228 113 122 222 0.98929
00032.jpg 686 67 73 223 0.98928
00032.jpg 452 21 164 489 0.98906
00032.jpg 683 76 71 211 0.98890
00032.jpg 686 68 67 217 0.98875
00032.jpg 227 116 116 222 0.98871
00032.jpg 689 72 65 214 0.98848
00032.jpg 686 69 71 223 0.98828
00032.jpg 686 68 68 221 0.98803
00032.jpg 454 28 176 475 0.98676
00032.jpg 689 72 66 208 0.98641
00032.jpg 462 28 163 475 0.98601
00032.jpg 224 70 69 116 0.98596
00032.jpg 686 66 71 217 0.98565
00032.jpg 233 112 117 228 0.98488
00032.jpg 687 67 68 220 0.98481
00032.jpg 686 66 71 218 0.98473
00032.jpg 686 65 69 227 0.98470
00032.jpg 449 42 173 455 0.98469
00032.jpg 686 68 71 219 0.98414
00032.jpg 228 115 120 223 0.98383
00032.jpg 229 110 118 227 0.98370
00032.jpg 682 71 69 216 0.98318
00032.jpg 456 26 172 486 0.98232
00032.jpg 689 68 70 221 0.98223
00032.jpg 449 40 183 456 0.98222
00032.jpg 687 71 72 212 0.98217
00032.jpg 683 72 73 219 0.98141
00032.jpg 689 71 69 214 0.98107
00032.jpg 223 63 67 124 0.97977
00032.jpg 691 79 70 204 0.97969
00032.jpg 230 105 121 226 0.97969
00032.jpg 233 111 121 230 0.97945
00032.jpg 691 72 60 215 0.97852
00032.jpg 230 115 121 218 0.97803
00032.jpg 685 75 73 216 0.97802
00032.jpg 220 72 72 107 0.97791
00032.jpg 449 28 167 484 0.97787
00032.jpg 220 64 72 120 0.97758
00032.jpg 224 68 66 120 0.97730
00032.jpg 458 40 156 458 0.97710
00032.jpg 235 112 122 226 0.97696
00032.jpg 690 74 66 217 0.97569
00032.jpg 233 120 119 214 0.97536
00032.jpg 232 109 127 232 0.97478
00032.jpg 235 116 113 220 0.97465
00032.jpg 221 67 69 126 0.97452
00032.jpg 227 98 129 244 0.97373
00032.jpg 229 111 124 229 0.97366
00032.jpg 450 40 173 462 0.97290
00032.jpg 454 27 168 471 0.97195
00032.jpg 231 113 124 222 0.97162
00032.jpg 228 121 129 212 0.97112
00032.jpg 689 67 68 215 0.97042
00032.jpg 684 72 70 215 0.97034
00032.jpg 226 113 129 218 0.97024
00032.jpg 221 68 73 122 0.97003
00032.jpg 687 67 72 216 0.96874
00032.jpg 236 119 118 213 0.96824
00032.jpg 221 67 72 123 0.96815
00032.jpg 221 66 71 122 0.96805
00032.jpg 685 69 73 218 0.96805
00032.jpg 223 66 70 125 0.96805
00032.jpg 687 70 69 215 0.96792
00032.jpg 221 65 74 122 0.96791
00032.jpg 223 71 67 115 0.96770
00032.jpg 226 106 125 230 0.96718
00032.jpg 224 68 70 121 0.96579
00032.jpg 685 73 73 218 0.96379
00032.jpg 227 112 132 227 0.96159
00032.jpg 689 76 68 205 0.95921
00032.jpg 228 111 119 223 0.95656
00032.jpg 452 18 182 484 0.95637
00032.jpg 461 44 165 447 0.95522
00032.jpg 232 110 123 233 0.95454
00032.jpg 227 97 116 240 0.95321
00032.jpg 222 66 72 119 0.95121
00032.jpg 226 111 122 242 0.95099
00032.jpg 234 117 117 221 0.95086
00032.jpg 221 66 74 119 0.94989
00032.jpg 688 72 68 214 0.94987
00032.jpg 687 76 74 201 0.94957
00032.jpg 453 54 160 442 0.94946
00032.jpg 224 67 69 118 0.94940
00032.jpg 685 78 73 205 0.94875
00032.jpg 218 67 74 123 0.94793
00032.jpg 228 101 122 234 0.94783
00032.jpg 226 111 118 219 0.94706
00032.jpg 454 32 165 476 0.94678
00032.jpg 455 26 160 477 0.94120
00032.jpg 224 71 67 134 0.93976
00032.jpg 234 106 119 232 0.93885
00032.jpg 221 69 72 116 0.93878
00032.jpg 686 73 69 213 0.93816
00032.jpg 227 107 127 239 0.93784
00032.jpg 221 79 73 108 0.93583
00032.jpg 220 71 73 109 0.93293
00032.jpg 223 61 70 126 0.92881
00032.jpg 222 68 74 117 0.92791
00032.jpg 691 71 66 208 0.92789
00032.jpg 449 37 171 463 0.92714
00032.jpg 222 66 71 119 0.92576
00032.jpg 690 71 68 213 0.92438
00032.jpg 233 119 118 212 0.92259
00032.jpg 223 76 68 97 0.91981
00032.jpg 225 112 130 216 0.91964
00032.jpg 227 110 127 225 0.91928
00032.jpg 221 69 72 114 0.91768
00032.jpg 225 107 126 229 0.91690
00032.jpg 220 71 77 121 0.91651
00032.jpg 224 69 68 124 0.91564
00032.jpg 687 72 73 212 0.91535
00032.jpg 224 103 124 236 0.91321
00032.jpg 224 117 123 220 0.91233
00032.jpg 224 70 70 110 0.90653
00032.jpg 226 71 64 118 0.90404
00032.jpg 454 23 168 474 0.90342
00032.jpg 236 113 104 226 0.90134
00032.jpg 691 74 62 204 0.89942
00032.jpg 218 121 138 209 0.89797
00032.jpg 686 76 68 201 0.89333
00032.jpg 221 107 132 223 0.89286
00032.jpg 224 71 67 111 0.88997
00032.jpg 460 31 167 481 0.88726
00032.jpg 222 70 73 117 0.88622
00032.jpg 690 71 72 215 0.88433
00032.jpg 235 109 111 229 0.88384
00032.jpg 222 110 125 237 0.88023
00032.jpg 229 114 120 215 0.87706
00032.jpg 225 100 119 233 0.87561
00032.jpg 219 65 76 118 0.87054
00032.jpg 222 109 127 238 0.87024
00032.jpg 223 74 67 122 0.86515
00032.jpg 449 27 171 476 0.86336
00032.jpg 229 107 122 228 0.86247
00032.jpg 448 12 176 496 0.86095
00032.jpg 228 100 123 240 0.86069
00032.jpg 220 71 74 109 0.85981
00032.jpg 221 70 73 118 0.85733
00032.jpg 689 73 66 214 0.85669
00032.jpg 687 71 68 210 0.85196
00032.jpg 225 67 66 115 0.84539
00032.jpg 230 115 120 220 0.84441
00032.jpg 221 69 73 127 0.84439
00032.jpg 236 116 121 229 0.82621
00032.jpg 220 74 72 120 0.82337
00032.jpg 219 68 73 126 0.81947
00032.jpg 459 26 160 469 0.81328
00032.jpg 230 110 120 226 0.81172
00032.jpg 234 112 119 223 0.80744
00032.jpg 685 76 74 216 0.79696
00032.jpg 233 132 36 171 0.79682
00032.jpg 448 34 183 468 0.79476
00032.jpg 220 64 74 121 0.79001
00032.jpg 219 94 106 221 0.77925
00032.jpg 228 39 61 294 0.77811
00032.jpg 223 70 70 109 0.77689
00032.jpg 224 77 70 112 0.77074
00032.jpg 225 86 95 245 0.76905
00032.jpg 218 72 71 109 0.76902
00032.jpg 223 67 74 110 0.76577
00032.jpg 450 38 159 430 0.76421
00032.jpg 225 105 130 231 0.75071
00032.jpg 246 115 102 221 0.73943
00032.jpg 688 71 73 220 0.73508
00032.jpg 460 35 162 447 0.73382
00032.jpg 223 72 68 116 0.72009
00032.jpg 225 78 66 111 0.71655
00032.jpg 221 69 72 116 0.71362
00032.jpg 449 27 176 482 0.70915
00032.jpg 456 22 169 489 0.70398
00032.jpg 221 81 89 200 0.70331
00032.jpg 222 100 109 220 0.70022
00032.jpg 450 25 164 472 0.69600
00032.jpg 689 72 71 220 0.69548
00032.jpg 229 85 51 230 0.69050
00032.jpg 465 43 165 450 0.69046
00032.jpg 217 75 75 95 0.68131
00032.jpg 232 117 117 206 0.66973
00032.jpg 232 49 49 289 0.66825
00032.jpg 680 70 82 215 0.66656
00032.jpg 685 76 71 201 0.66406
00032.jpg 243 112 107 225 0.66098
00032.jpg 234 120 119 227 0.65878
00032.jpg 218 68 70 118 0.65835
00032.jpg 216 71 83 114 0.65720
00032.jpg 219 111 143 219 0.65622
00032.jpg 228 105 119 239 0.65146
00032.jpg 676 78 83 208 0.63614
00032.jpg 225 71 72 99 0.63596
00032.jpg 231 108 53 201 0.63063
00032.jpg 227 70 67 117 0.62488
00032.jpg 225 105 124 233 0.62374
00032.jpg 464 21 162 491 0.61913
00032.jpg 225 62 64 132 0.61393
00032.jpg 216 62 71 164 0.60962
00032.jpg 227 68 71 113 0.60018
00032.jpg 233 105 118 240 0.59962
00032.jpg 223 69 70 108 0.59224
00032.jpg 457 28 164 481 0.59048
00032.jpg 212 100 139 227 0.58994
00032.jpg 224 67 74 117 0.58987
00032.jpg 683 65 73 224 0.58709
00032.jpg 226 109 116 229 0.57823
00032.jpg 686 75 65 204 0.57650
00032.jpg 227 63 54 207 0.57647
00032.jpg 339 48 35 75 0.57508
00032.jpg 222 73 72 95 0.57308
00032.jpg 691 70 68 205 0.57292
00032.jpg 223 100 139 238 0.56950
00032.jpg 691 81 69 205 0.56433
00032.jpg 694 74 65 212 0.55691
00032.jpg 691 77 69 196 0.55383
00032.jpg 220 90 77 184 0.55371
00032.jpg 341 50 34 61 0.55311
00032.jpg 224 71 69 127 0.55173
00032.jpg 217 87 122 246 0.55006
00032.jpg 223 67 73 114 0.54508
00032.jpg 219 119 137 225 0.54127
00032.jpg 691 73 72 216 0.53589
00032.jpg 238 105 114 235 0.53566
00032.jpg 453 43 157 454 0.53021
00032.jpg 233 103 39 206 0.52807
00032.jpg 448 24 191 488 0.52489
00032.jpg 696 80 63 193 0.51908
00032.jpg 224 100 126 239 0.51648
00032.jpg 222 64 83 166 0.51554
00032.jpg 226 68 72 119 0.51514
00032.jpg 683 72 84 213 0.51109
00032.jpg 228 98 130 248 0.51079
00032.jpg 222 55 73 137 0.50975
00032.jpg 685 62 82 224 0.50645
00032.jpg 216 103 107 161 0.50546
00032.jpg 218 73 95 237 0.50016
