00034.jpg 453 36 172 462 0.99985
00034.jpg 456 27 181 468 0.99956
00034.jpg 450 34 188 462 0.99920
00034.jpg 445 21 194 474 0.99916
00034.jpg 458 28 173 461 0.99872
00034.jpg 449 21 182 474 0.99855
00034.jpg 462 16 164 491 0.99832
00034.jpg 451 33 178 467 0.99826
00034.jpg 212 87 129 246 0.99821
00034.jpg 455 21 170 482 0.99771
00034.jpg 448 24 176 476 0.99768
00034.jpg 211 92 129 231 0.99761
00034.jpg 462 30 162 458 0.99755
00034.jpg 455 29 174 471 0.99747
00034.jpg 218 83 127 249 0.99718
00034.jpg 447 24 195 468 0.99717
00034.jpg 457 33 165 471 0.99717
00034.jpg 214 85 127 246 0.99717
00034.jpg 453 18 174 492 0.99691
00034.jpg 686 75 74 204 0.99689
00034.jpg 457 22 168 475 0.99656
00034.jpg 687 71 68 218 0.99615
00034.jpg 214 91 129 237 0.99575
00034.jpg 689 74 67 207 0.99571
00034.jpg 459 26 169 466 0.99568
00034.jpg 218 89 124 240 0.99519
00034.jpg 211 91 131 236 0.99506
00034.jpg 690 74 67 209 0.99503
00034.jpg 209 94 133 231 0.99493
00034.jpg 460 29 171 472 0.99490
00034.jpg 454 28 166 470 0.99466
00034.jpg 209 76 133 254 0.99435
00034.jpg 447 23 185 480 0.99424
00034.jpg 685 70 72 220 0.99390
00034.jpg 686 65 66 221 0.99374
00034.jpg 692 73 65 215 0.99331
00034.jpg 686 71 71 214 0.99330
00034.jpg 454 31 171 469 0.99225
00034.jpg 457 23 168 479 0.99223
00034.jpg 465 30 160 479 0.99218
00034.jpg 459 28 167 465 0.99107
00034.jpg 683 75 75 210 0.99078
00034.jpg 693 70 62 210 0.99049
00034.jpg 217 81 123 250 0.99048
00034.jpg 688 73 68 212 0.99044
00034.jpg 217 86 128 237 0.99008
00034.jpg 213 89 132 239 0.98956
00034.jpg 217 85 126 243 0.98907
00034.jpg 692 69 63 213 0.98892
00034.jpg 689 77 66 204 0.98829
00034.jpg 687 73 67 215 0.98804
00034.jpg 461 43 165 444 0.98741
00034.jpg 213 92 132 231 0.98680
00034.jpg 213 89 130 237 0.98665
00034.jpg 691 75 69 212 0.98635
00034.jpg 690 69 62 215 0.98523
00034.jpg 217 94 126 224 0.98460
00034.jpg 213 97 128 233 0.98451
00034.jpg 214 95 127 236 0.98380
00034.jpg 688 68 67 217 0.98368
00034.jpg 689 67 71 217 0.98287
00034.jpg 213 93 129 239 0.98286
00034.jpg 445 29 176 473 0.98265
00034.jpg 690 65 69 225 0.98226
00034.jpg 205 90 145 243 0.98195
00034.jpg 213 90 131 244 0.98162
00034.jpg 214 86 126 241 0.98141
00034.jpg 215 88 129 243 0.98108
00034.jpg 688 72 70 218 0.98083
00034.jpg 692 71 65 215 0.98016
00034.jpg 453 19 171 493 0.97966
00034.jpg 211 80 127 249 0.97852
00034.jpg 209 86 143 243 0.97841
00034.jpg 461 37 160 453 0.97775
00034.jpg 215 90 130 234 0.97728
00034.jpg 686 72 68 215 0.97656
00034.jpg 216 86 121 243 0.97585
00034.jpg 213 82 133 247 0.97564
00034.jpg 218 88 121 241 0.97537
00034.jpg 693 74 63 214 0.97537
00034.jpg 214 85 126 246 0.97433
00034.jpg 455 25 175 480 0.97378
00034.jpg 215 91 129 242 0.97174
00034.jpg 687 75 75 205 0.97164
00034.jpg 688 73 66 211 0.97160
00034.jpg 215 88 126 240 0.97095
00034.jpg 212 86 129 243 0.97055
00034.jpg 217 82 127 253 0.97040
00034.jpg 217 85 119 240 0.96981
00034.jpg 688 76 71 201 0.96926
00034.jpg 223 73 65 69 0.96764
00034.jpg 688 77 67 206 0.96758
00034.jpg 688 75 69 209 0.96720
00034.jpg 690 69 70 214 0.96720
00034.jpg 219 76 66 74 0.96659
00034.jpg 691 70 64 215 0.96591
00034.jpg 455 26 178 485 0.96506
00034.jpg 449 29 170 467 0.96384
00034.jpg 689 74 70 209 0.96163
00034.jpg 688 71 68 219 0.96067
00034.jpg 209 86 138 242 0.95924
00034.jpg 459 24 167 484 0.95854
00034.jpg 215 94 125 238 0.95848
00034.jpg 215 88 125 240 0.95755
00034.jpg 690 75 70 205 0.95724
00034.jpg 688 78 74 201 0.95534
00034.jpg 206 88 139 238 0.95493
00034.jpg 210 87 136 239 0.95381
00034.jpg 690 70 66 212 0.95236
00034.jpg 686 72 68 217 0.95183
00034.jpg 211 83 128 253 0.94979
00034.jpg 220 75 69 74 0.94713
00034.jpg 690 74 69 211 0.94641
00034.jpg 217 91 119 237 0.94177
00034.jpg 692 75 65 198 0.93985
00034.jpg 449 23 184 474 0.93967
00034.jpg 208 89 130 234 0.93963
00034.jpg 688 75 71 205 0.93643
00034.jpg 689 73 66 209 0.93240
00034.jpg 216 96 125 235 0.93002
00034.jpg 462 9 173 496 0.92980
00034.jpg 687 70 72 221 0.92970
00034.jpg 213 79 128 256 0.92797
00034.jpg 690 70 68 224 0.92223
00034.jpg 212 88 129 237 0.92090
00034.jpg 212 87 129 237 0.92016
00034.jpg 216 74 74 69 0.91961
00034.jpg 218 74 68 74 0.91935
00034.jpg 210 86 133 239 0.91239
00034.jpg 693 77 63 203 0.91181
00034.jpg 220 73 65 72 0.90982
00034.jpg 213 91 133 240 0.90589
00034.jpg 217 86 121 236 0.90581
00034.jpg 218 73 72 82 0.90403
00034.jpg 452 21 169 479 0.90367
00034.jpg 213 93 132 238 0.90108
00034.jpg 690 67 74 224 0.90053
00034.jpg 688 74 73 206 0.89969
00034.jpg 223 71 65 78 0.89493
00034.jpg 224 69 64 76 0.89490
00034.jpg 222 76 66 70 0.89364
00034.jpg 460 37 163 467 0.89146
00034.jpg 458 28 170 462 0.88937
00034.jpg 219 91 119 237 0.88787
00034.jpg 210 94 137 233 0.88465
00034.jpg 217 84 123 252 0.88354
00034.jpg 227 75 56 68 0.88176
00034.jpg 693 69 61 215 0.87723
00034.jpg 215 76 75 74 0.87641
00034.jpg 684 77 73 207 0.87566
00034.jpg 452 26 163 469 0.87449
00034.jpg 223 76 58 71 0.87391
00034.jpg 691 74 64 208 0.87042
00034.jpg 219 73 67 86 0.86675
00034.jpg 223 77 65 70 0.86278
00034.jpg 221 71 66 91 0.86067
00034.jpg 462 11 167 496 0.85308
00034.jpg 223 73 66 70 0.85143
00034.jpg 458 0 170 511 0.85036
00034.jpg 223 76 62 64 0.84978
00034.jpg 219 74 70 69 0.84264
00034.jpg 221 74 67 73 0.84093
00034.jpg 218 72 73 85 0.84042
00034.jpg 218 75 69 80 0.84022
00034.jpg 224 73 65 69 0.83893
00034.jpg 219 75 70 65 0.83779
00034.jpg 221 76 65 68 0.83274
00034.jpg 686 74 68 200 0.83133
00034.jpg 687 75 73 201 0.82922
00034.jpg 691 72 71 210 0.82763
00034.jpg 219 93 127 243 0.82395
00034.jpg 212 91 129 234 0.81872
00034.jpg 216 75 71 81 0.81484
00034.jpg 210 88 137 238 0.81383
00034.jpg 222 72 67 76 0.81029
00034.jpg 216 73 70 82 0.80693
00034.jpg 689 75 70 200 0.80650
00034.jpg 219 71 66 80 0.79892
00034.jpg 220 101 129 222 0.79766
00034.jpg 687 70 64 216 0.79557
00034.jpg 217 90 131 225 0.79121
00034.jpg 222 76 65 72 0.78491
00034.jpg 225 77 62 70 0.78276
00034.jpg 691 71 70 216 0.78275
00034.jpg 221 71 63 74 0.78182
00034.jpg 222 77 68 65 0.78154
00034.jpg 221 73 68 95 0.78000
00034.jpg 686 72 77 204 0.77963
00034.jpg 216 70 68 78 0.77636
00034.jpg 227 76 65 86 0.77167
00034.jpg 211 83 118 239 0.77148
00034.jpg 219 81 70 58 0.76930
00034.jpg 202 90 144 231 0.75955
00034.jpg 223 73 67 94 0.75705
00034.jpg 460 22 162 456 0.75422
00034.jpg 208 79 131 261 0.75276
00034.jpg 221 70 71 93 0.74061
00034.jpg 219 74 67 74 0.73798
00034.jpg 451 16 186 493 0.73778
00034.jpg 223 104 62 85 0.73685
00034.jpg 450 15 182 488 0.72920
00034.jpg 689 78 64 201 0.72851
00034.jpg 696 74 62 204 0.72316
00034.jpg 219 94 128 234 0.72121
00034.jpg 463 18 177 492 0.71732
00034.jpg 220 71 62 71 0.71505
00034.jpg 448 22 187 487 0.71145
00034.jpg 220 73 73 83 0.71080
00034.jpg 685 71 80 223 0.71034
00034.jpg 204 87 142 252 0.70804
00034.jpg 452 21 173 461 0.70732
00034.jpg 226 71 64 73 0.70589
00034.jpg 220 73 64 95 0.68829
00034.jpg 222 74 59 82 0.68734
00034.jpg 219 77 72 74 0.68664
00034.jpg 217 70 71 76 0.68487
00034.jpg 684 73 64 211 0.68218
00034.jpg 213 90 136 236 0.68042
00034.jpg 208 89 138 243 0.66503
00034.jpg 688 76 68 206 0.66453
00034.jpg 684 76 73 203 0.66134
00034.jpg 208 91 138 233 0.65701
00034.jpg 681 77 72 200 0.65077
00034.jpg 222 90 66 87 0.64738
00034.jpg 448 32 169 468 0.64459
00034.jpg 690 75 62 199 0.64414
00034.jpg 213 92 131 239 0.64302
00034.jpg 453 17 180 480 0.64301
00034.jpg 215 74 74 60 0.64246
00034.jpg 218 101 133 222 0.63958
00034.jpg 683 75 75 217 0.63546
00034.jpg 219 72 68 101 0.63388
00034.jpg 689 65 70 225 0.61682
00034.jpg 448 22 165 473 0.61330
00034.jpg 223 69 69 85 0.61258
00034.jpg 223 72 62 75 0.61168
00034.jpg 227 71 63 76 0.60853
00034.jpg 219 71 66 119 0.60710
00034.jpg 225 72 60 72 0.60512
00034.jpg 471 23 161 470 0.59804
00034.jpg 220 72 68 114 0.59708
00034.jpg 214 73 72 78 0.59706
00034.jpg 224 89 66 100 0.59470
00034.jpg 457 31 160 477 0.58837
00034.jpg 458 19 177 480 0.58767
00034.jpg 220 89 127 234 0.57463
00034.jpg 214 73 70 89 0.57034
00034.jpg 224 71 60 86 0.56711
00034.jpg 209 83 141 249 0.56073
00034.jpg 690 71 65 212 0.56019
00034.jpg 215 80 76 58 0.55998
00034.jpg 223 77 68 101 0.55003
00034.jpg 208 84 130 242 0.54209
00034.jpg 201 110 155 234 0.54182
00034.jpg 686 65 75 228 0.53900
00034.jpg 216 76 68 71 0.53878
00034.jpg 210 69 83 87 0.53610
00034.jpg 223 73 70 94 0.53609
00034.jpg 224 71 60 77 0.53136
00034.jpg 694 71 67 203 0.52139
00034.jpg 455 13 177 483 0.51947
00034.jpg 220 72 69 66 0.51487
00034.jpg 215 73 72 99 0.51445
00034.jpg 226 67 60 77 0.51265
00034.jpg 222 85 123 246 0.51027
00034.jpg 213 85 133 254 0.50911
00034.jpg 216 74 71 77 0.49989
00034.jpg 725 78 33 55 0.49987
