00038.jpg 450 16 186 483 0.99977
00038.jpg 441 14 192 498 0.99967
00038.jpg 450 11 189 501 0.99963
00038.jpg 450 15 191 481 0.99945
00038.jpg 443 17 199 494 0.99928
00038.jpg 444 22 198 488 0.99923
00038.jpg 438 16 212 490 0.99900
00038.jpg 436 8 207 504 0.99893
00038.jpg 446 17 193 492 0.99872
00038.jpg 434 17 206 495 0.99851
00038.jpg 690 68 71 222 0.99848
00038.jpg 454 15 195 494 0.99837
00038.jpg 444 17 194 488 0.99828
00038.jpg 433 14 217 496 0.99824
00038.jpg 446 15 201 478 0.99820
00038.jpg 452 14 197 490 0.99820
00038.jpg 447 16 192 487 0.99784
00038.jpg 442 12 194 500 0.99758
00038.jpg 695 76 66 214 0.99732
00038.jpg 691 73 71 217 0.99713
00038.jpg 449 15 193 492 0.99713
00038.jpg 180 93 128 241 0.99694
00038.jpg 438 18 215 485 0.99655
00038.jpg 450 16 195 492 0.99650
00038.jpg 454 15 178 487 0.99644
00038.jpg 172 93 141 248 0.99631
00038.jpg 446 8 195 493 0.99616
00038.jpg 172 90 136 258 0.99580
00038.jpg 694 71 71 219 0.99565
00038.jpg 444 6 200 506 0.99504
00038.jpg 441 25 212 484 0.99445
00038.jpg 694 73 71 216 0.99444
00038.jpg 174 92 133 249 0.99388
00038.jpg 451 19 190 488 0.99335
00038.jpg 438 13 199 499 0.99331
00038.jpg 698 77 65 212 0.99272
00038.jpg 447 20 195 490 0.99267
00038.jpg 454 5 192 507 0.99265
00038.jpg 690 73 77 216 0.99260
00038.jpg 445 15 189 493 0.99189
00038.jpg 441 19 201 493 0.99181
00038.jpg 176 100 133 242 0.99136
00038.jpg 695 67 69 222 0.99126
00038.jpg 176 96 136 247 0.99123
00038.jpg 172 92 135 250 0.99105
00038.jpg 177 103 132 231 0.99062
00038.jpg 177 91 135 248 0.99016
00038.jpg 183 94 122 239 0.98891
00038.jpg 448 13 196 495 0.98820
00038.jpg 179 92 128 238 0.98808
00038.jpg 689 71 76 223 0.98745
00038.jpg 171 84 137 254 0.98725
00038.jpg 175 100 133 230 0.98695
00038.jpg 178 96 137 238 0.98678
00038.jpg 694 70 70 215 0.98635
00038.jpg 174 93 133 243 0.98635
00038.jpg 698 63 65 236 0.98615
00038.jpg 694 72 71 215 0.98602
00038.jpg 696 68 68 223 0.98571
00038.jpg 693 73 69 216 0.98520
00038.jpg 174 97 130 241 0.98468
00038.jpg 177 94 127 238 0.98467
00038.jpg 695 66 69 220 0.98422
00038.jpg 175 88 135 251 0.98395
00038.jpg 173 94 139 243 0.98238
00038.jpg 689 68 78 221 0.98171
00038.jpg 700 76 62 209 0.98113
00038.jpg 178 98 127 248 0.98086
00038.jpg 698 68 69 219 0.97967
00038.jpg 690 70 77 216 0.97932
00038.jpg 178 95 129 239 0.97864
00038.jpg 171 92 136 244 0.97789
00038.jpg 177 88 133 247 0.97730
00038.jpg 695 70 69 223 0.97675
00038.jpg 180 100 126 237 0.97663
00038.jpg 691 73 73 220 0.97637
00038.jpg 178 97 133 228 0.97591
00038.jpg 180 100 125 233 0.97584
00038.jpg 179 94 129 245 0.97547
00038.jpg 698 75 64 218 0.97542
00038.jpg 694 72 73 213 0.97483
00038.jpg 175 92 136 252 0.97468
00038.jpg 696 63 68 232 0.97462
00038.jpg 176 96 132 234 0.97387
00038.jpg 183 88 121 249 0.97265
00038.jpg 697 74 62 218 0.97219
00038.jpg 182 94 129 253 0.97179
00038.jpg 179 98 134 242 0.97179
00038.jpg 173 95 134 239 0.97162
00038.jpg 178 89 135 254 0.97083
00038.jpg 175 101 134 238 0.97065
00038.jpg 693 69 67 222 0.97051
00038.jpg 694 72 74 219 0.97050
00038.jpg 698 72 68 213 0.97011
00038.jpg 181 93 129 250 0.96989
00038.jpg 692 72 70 218 0.96902
00038.jpg 692 65 71 228 0.96898
00038.jpg 695 77 69 199 0.96871
00038.jpg 234 75 41 93 0.96842
00038.jpg 175 96 128 239 0.96834
00038.jpg 174 96 137 240 0.96743
00038.jpg 698 81 71 209 0.96733
00038.jpg 695 70 69 227 0.96721
00038.jpg 172 107 145 228 0.96619
00038.jpg 696 68 69 224 0.96602
00038.jpg 234 77 46 100 0.96587
00038.jpg 697 75 66 217 0.96552
00038.jpg 183 93 118 249 0.96487
00038.jpg 434 14 214 498 0.96422
00038.jpg 176 99 132 242 0.96403
00038.jpg 698 72 68 212 0.96361
00038.jpg 175 87 131 250 0.96360
00038.jpg 181 99 123 236 0.96315
00038.jpg 178 92 131 249 0.96271
00038.jpg 692 74 74 221 0.96140
00038.jpg 236 77 44 106 0.95831
00038.jpg 695 79 75 209 0.95596
00038.jpg 695 73 70 213 0.95423
00038.jpg 177 94 129 243 0.95387
00038.jpg 234 75 44 98 0.95308
00038.jpg 181 96 126 239 0.95255
00038.jpg 696 70 69 223 0.95169
00038.jpg 234 73 49 109 0.95137
00038.jpg 442 17 205 486 0.94675
00038.jpg 174 92 137 245 0.94380
00038.jpg 693 73 72 210 0.94230
00038.jpg 232 77 45 97 0.94202
00038.jpg 236 77 45 103 0.94146
00038.jpg 696 78 74 207 0.93448
00038.jpg 176 96 129 241 0.93394
00038.jpg 690 77 76 214 0.93330
00038.jpg 234 65 46 117 0.93304
00038.jpg 232 75 44 102 0.92342
00038.jpg 230 77 51 110 0.92262
00038.jpg 696 74 71 211 0.92038
00038.jpg 183 98 126 238 0.92022
00038.jpg 178 94 130 243 0.91954
00038.jpg 233 75 48 102 0.91668
00038.jpg 236 77 42 95 0.91503
00038.jpg 695 69 73 214 0.91287
00038.jpg 236 74 44 97 0.90865
00038.jpg 695 70 68 217 0.90692
00038.jpg 237 74 44 107 0.90482
00038.jpg 179 80 135 264 0.90005
00038.jpg 697 75 68 205 0.89765
00038.jpg 235 77 42 88 0.89685
00038.jpg 231 78 47 97 0.89493
00038.jpg 233 76 48 98 0.89441
00038.jpg 232 75 52 110 0.89058
00038.jpg 696 81 65 198 0.88889
00038.jpg 234 71 48 106 0.88867
00038.jpg 180 89 130 252 0.88731
00038.jpg 448 22 183 484 0.88719
00038.jpg 180 93 126 250 0.88510
00038.jpg 696 71 68 216 0.88497
00038.jpg 183 95 133 248 0.88146
00038.jpg 233 74 48 104 0.87676
00038.jpg 692 73 71 217 0.87441
00038.jpg 186 103 129 227 0.87266
00038.jpg 693 75 77 222 0.87170
00038.jpg 692 68 79 226 0.86764
00038.jpg 233 76 47 95 0.86669
00038.jpg 177 104 140 235 0.86538
00038.jpg 449 17 201 495 0.86310
00038.jpg 233 74 48 101 0.86220
00038.jpg 234 72 47 108 0.85981
00038.jpg 439 17 203 475 0.85911
00038.jpg 174 104 134 227 0.85908
00038.jpg 691 79 73 209 0.85028
00038.jpg 232 74 49 106 0.85006
00038.jpg 232 75 50 104 0.84694
00038.jpg 692 76 71 213 0.84580
00038.jpg 169 94 146 236 0.84444
00038.jpg 237 78 41 87 0.83720
00038.jpg 694 71 65 213 0.83427
00038.jpg 691 76 72 219 0.83170
00038.jpg 446 16 191 492 0.82398
00038.jpg 170 100 126 230 0.82180
00038.jpg 181 83 129 279 0.82091
00038.jpg 700 62 58 232 0.82047
00038.jpg 438 25 208 484 0.81018
00038.jpg 174 100 135 233 0.80621
00038.jpg 234 74 48 119 0.80036
00038.jpg 179 99 133 232 0.79635
00038.jpg 172 104 132 223 0.79602
00038.jpg 235 74 41 90 0.79293
00038.jpg 232 75 46 109 0.78979
00038.jpg 693 75 73 219 0.78865
00038.jpg 692 60 69 236 0.78732
00038.jpg 691 69 78 220 0.78449
00038.jpg 236 77 42 80 0.77313
00038.jpg 696 69 75 222 0.77205
00038.jpg 229 77 53 107 0.77118
00038.jpg 239 72 47 118 0.75587
00038.jpg 693 73 74 217 0.75457
00038.jpg 695 71 71 215 0.75166
00038.jpg 233 76 47 105 0.75073
00038.jpg 236 72 45 107 0.74513
00038.jpg 176 97 122 235 0.74264
00038.jpg 233 72 46 110 0.74236
00038.jpg 237 76 41 89 0.74201
00038.jpg 698 69 71 214 0.74109
00038.jpg 234 75 47 92 0.73538
00038.jpg 233 75 53 125 0.73251
00038.jpg 692 77 74 209 0.73143
00038.jpg 186 105 123 227 0.72977
00038.jpg 175 96 144 259 0.72572
00038.jpg 232 75 43 89 0.71555
00038.jpg 232 74 43 89 0.71092
00038.jpg 233 76 50 103 0.69732
00038.jpg 236 74 47 95 0.69523
00038.jpg 688 71 75 226 0.69310
00038.jpg 180 92 134 235 0.69238
00038.jpg 239 75 45 108 0.69185
00038.jpg 459 19 187 487 0.68843
00038.jpg 174 95 131 227 0.68635
00038.jpg 230 77 41 85 0.67124
00038.jpg 175 96 137 237 0.66645
00038.jpg 811 73 16 63 0.66331
00038.jpg 806 69 22 66 0.66096
00038.jpg 810 79 17 61 0.64802
00038.jpg 812 69 22 69 0.64740
00038.jpg 810 71 20 67 0.64509
00038.jpg 452 7 176 505 0.64155
00038.jpg 232 75 45 76 0.64077
00038.jpg 232 75 43 89 0.63920
00038.jpg 445 20 171 483 0.63853
00038.jpg 807 77 17 61 0.63278
00038.jpg 174 93 138 235 0.62871
00038.jpg 237 74 44 103 0.62761
00038.jpg 187 87 125 250 0.62395
00038.jpg 234 76 46 95 0.62147
00038.jpg 427 0 221 506 0.61988
00038.jpg 177 97 132 239 0.61689
00038.jpg 234 79 45 80 0.61515
00038.jpg 232 76 49 90 0.61298
00038.jpg 231 78 51 102 0.60786
00038.jpg 171 85 143 264 0.60777
00038.jpg 816 71 16 68 0.59581
00038.jpg 813 72 17 64 0.59189
00038.jpg 177 101 134 232 0.59169
00038.jpg 456 24 188 484 0.58502
00038.jpg 171 101 141 229 0.58098
00038.jpg 181 92 137 238 0.57960
00038.jpg 807 81 17 57 0.57672
00038.jpg 233 78 51 106 0.57530
00038.jpg 235 75 41 102 0.56966
00038.jpg 180 102 129 225 0.56499
00038.jpg 442 8 193 487 0.55984
00038.jpg 440 10 199 501 0.55956
00038.jpg 329 89 22 63 0.55919
00038.jpg 231 79 53 90 0.55550
00038.jpg 168 94 151 256 0.54922
00038.jpg 691 74 68 206 0.54609
00038.jpg 232 74 50 106 0.54602
00038.jpg 182 100 105 229 0.52880
00038.jpg 181 95 128 239 0.52258
00038.jpg 692 75 67 207 0.52040
00038.jpg 435 17 211 480 0.51277
00038.jpg 237 78 49 108 0.51270
00038.jpg 170 107 133 232 0.50335
00038.jpg 696 73 71 214 0.50143
