00001.jpg 717 144 138 279 0.99961
00001.jpg 717 141 144 283 0.99936
00001.jpg 180 74 149 270 0.99934
00001.jpg 715 132 140 293 0.99915
00001.jpg 713 138 142 284 0.99899
00001.jpg 483 90 133 337 0.99880
00001.jpg 716 146 142 272 0.99873
00001.jpg 179 75 144 275 0.99861
00001.jpg 716 138 146 281 0.99848
00001.jpg 5 103 169 227 0.99846
00001.jpg 0 105 170 223 0.99845
00001.jpg 387 81 83 221 0.99838
00001.jpg 715 138 142 283 0.99832
00001.jpg 718 142 139 280 0.99826
00001.jpg 479 90 142 331 0.99822
00001.jpg 716 143 143 279 0.99812
00001.jpg 181 75 148 260 0.99800
00001.jpg 4 104 161 234 0.99796
00001.jpg 181 74 146 266 0.99794
00001.jpg 719 147 143 277 0.99785
00001.jpg 715 139 144 289 0.99781
00001.jpg 390 87 82 214 0.99780
00001.jpg 716 139 145 287 0.99776
00001.jpg 391 79 81 231 0.99768
00001.jpg 719 140 134 290 0.99759
00001.jpg 489 89 127 332 0.99747
00001.jpg 0 99 172 237 0.99742
00001.jpg 715 137 145 288 0.99742
00001.jpg 5 100 168 237 0.99733
00001.jpg 5 98 163 246 0.99731
00001.jpg 478 93 143 324 0.99726
00001.jpg 471 91 151 330 0.99711
00001.jpg 469 89 147 330 0.99710
00001.jpg 3 103 165 236 0.99699
00001.jpg 476 84 143 331 0.99697
00001.jpg 177 72 152 267 0.99683
00001.jpg 712 139 144 284 0.99664
00001.jpg 182 79 148 256 0.99642
00001.jpg 1 105 172 228 0.99637
00001.jpg 3 98 168 235 0.99630
00001.jpg 2 99 170 241 0.99630
00001.jpg 176 82 151 247 0.99628
00001.jpg 181 77 151 254 0.99617
00001.jpg 182 74 139 270 0.99586
00001.jpg 485 93 130 320 0.99583
00001.jpg 393 87 74 214 0.99558
00001.jpg 722 138 131 286 0.99556
00001.jpg 480 88 141 329 0.99535
00001.jpg 720 147 140 267 0.99530
00001.jpg 179 81 154 257 0.99529
00001.jpg 5 104 160 232 0.99528
00001.jpg 481 82 133 334 0.99528
00001.jpg 7 99 158 236 0.99526
00001.jpg 392 85 74 220 0.99522
00001.jpg 10 96 171 226 0.99515
00001.jpg 472 88 150 331 0.99512
00001.jpg 175 75 161 254 0.99508
00001.jpg 712 137 149 284 0.99479
00001.jpg 717 145 140 283 0.99478
00001.jpg 717 144 144 276 0.99462
00001.jpg 719 142 140 279 0.99412
00001.jpg 713 142 143 274 0.99395
00001.jpg 1 100 176 242 0.99377
00001.jpg 471 89 152 324 0.99363
00001.jpg 714 139 142 282 0.99360
00001.jpg 470 91 152 328 0.99347
00001.jpg 178 82 148 259 0.99339
00001.jpg 390 80 74 222 0.99324
00001.jpg 386 83 80 219 0.99324
00001.jpg 3 89 170 252 0.99324
00001.jpg 188 76 141 263 0.99310
00001.jpg 3 110 164 223 0.99295
00001.jpg 718 146 139 275 0.99274
00001.jpg 387 78 79 221 0.99251
00001.jpg 178 76 147 262 0.99236
00001.jpg 185 79 143 265 0.99234
00001.jpg 471 86 141 329 0.99226
00001.jpg 720 142 131 266 0.99225
00001.jpg 182 73 146 263 0.99218
00001.jpg 477 92 144 330 0.99218
00001.jpg 3 99 167 241 0.99190
00001.jpg 721 149 134 272 0.99168
00001.jpg 178 75 151 266 0.99168
00001.jpg 719 151 137 262 0.99162
00001.jpg 481 92 138 326 0.99159
00001.jpg 177 79 152 252 0.99157
00001.jpg 391 83 72 216 0.99134
00001.jpg 0 103 173 236 0.99126
00001.jpg 5 107 170 228 0.99122
00001.jpg 177 80 158 256 0.99122
00001.jpg 721 146 138 281 0.99121
00001.jpg 180 75 149 258 0.99118
00001.jpg 384 80 87 219 0.99117
00001.jpg 391 85 77 219 0.99078
00001.jpg 477 91 140 328 0.99078
00001.jpg 9 101 160 232 0.99022
00001.jpg 5 101 158 239 0.99014
00001.jpg 1 102 173 230 0.98994
00001.jpg 479 93 133 323 0.98990
00001.jpg 392 88 76 214 0.98965
00001.jpg 480 84 136 338 0.98951
00001.jpg 482 93 140 317 0.98946
00001.jpg 720 142 127 278 0.98929
00001.jpg 475 81 140 352 0.98919
00001.jpg 389 78 80 223 0.98914
00001.jpg 480 89 133 318 0.98835
00001.jpg 1 105 173 229 0.98832
00001.jpg 2 104 175 233 0.98807
00001.jpg 714 145 147 259 0.98753
00001.jpg 711 145 149 270 0.98722
00001.jpg 182 76 146 259 0.98598
00001.jpg 717 145 144 270 0.98532
00001.jpg 175 73 158 264 0.98531
00001.jpg 9 109 164 219 0.98497
00001.jpg 389 81 78 222 0.98464
00001.jpg 180 74 147 254 0.98379
00001.jpg 485 87 127 310 0.98349
00001.jpg 389 84 78 217 0.98309
00001.jpg 718 141 143 289 0.98307
00001.jpg 482 89 132 348 0.98251
00001.jpg 4 104 166 229 0.98247
00001.jpg 0 102 175 230 0.98232
00001.jpg 475 88 142 326 0.98208
00001.jpg 476 93 147 335 0.98207
00001.jpg 719 136 141 281 0.98101
00001.jpg 0 102 167 230 0.98091
00001.jpg 709 149 136 274 0.98090
00001.jpg 180 71 152 274 0.98064
00001.jpg 0 100 169 239 0.98043
00001.jpg 712 140 151 285 0.98035
00001.jpg 172 81 163 252 0.98022
00001.jpg 182 79 146 254 0.97988
00001.jpg 474 92 137 323 0.97982
00001.jpg 705 133 154 279 0.97957
00001.jpg 385 80 83 229 0.97843
00001.jpg 475 93 142 331 0.97824
00001.jpg 183 81 142 259 0.97771
00001.jpg 386 88 80 213 0.97763
00001.jpg 710 144 152 280 0.97755
00001.jpg 179 80 149 256 0.97728
00001.jpg 710 149 153 275 0.97668
00001.jpg 718 142 140 279 0.97557
00001.jpg 10 110 159 225 0.97549
00001.jpg 181 76 141 265 0.97536
00001.jpg 477 93 145 309 0.97533
00001.jpg 391 78 80 219 0.97516
00001.jpg 478 92 142 327 0.97491
00001.jpg 174 76 153 261 0.97489
00001.jpg 177 83 150 256 0.97470
00001.jpg 720 136 138 291 0.97465
00001.jpg 476 90 149 329 0.97371
00001.jpg 0 108 172 222 0.97349
00001.jpg 182 75 142 258 0.97330
00001.jpg 0 100 171 233 0.97295
00001.jpg 480 81 139 330 0.97274
00001.jpg 175 77 157 256 0.97218
00001.jpg 392 81 75 219 0.97153
00001.jpg 481 113 123 288 0.97087
00001.jpg 488 74 61 90 0.96926
00001.jpg 182 77 153 259 0.96916
00001.jpg 180 77 149 265 0.96895
00001.jpg 479 89 138 333 0.96843
00001.jpg 177 76 149 260 0.96740
00001.jpg 718 142 136 273 0.96644
00001.jpg 390 84 77 222 0.96633
00001.jpg 8 100 158 228 0.96626
00001.jpg 475 88 148 343 0.96613
00001.jpg 716 139 136 282 0.96358
00001.jpg 391 81 77 217 0.96350
00001.jpg 394 82 70 223 0.96230
00001.jpg 2 107 164 230 0.96160
00001.jpg 177 79 152 245 0.96060
00001.jpg 386 82 84 219 0.95885
00001.jpg 716 148 147 266 0.95795
00001.jpg 176 74 153 270 0.95576
00001.jpg 470 76 159 347 0.95474
00001.jpg 390 84 82 223 0.95474
00001.jpg 390 75 77 231 0.95286
00001.jpg 7 103 160 230 0.95271
00001.jpg 473 96 146 326 0.95257
00001.jpg 386 82 81 222 0.95209
00001.jpg 390 81 83 220 0.95155
00001.jpg 388 85 80 220 0.95049
00001.jpg 2 99 161 230 0.94984
00001.jpg 167 82 169 244 0.94714
00001.jpg 714 148 145 262 0.94621
00001.jpg 715 130 145 282 0.94619
00001.jpg 178 72 155 266 0.94608
00001.jpg 2 101 173 233 0.94433
00001.jpg 485 72 64 96 0.94422
00001.jpg 2 102 165 222 0.94376
00001.jpg 485 73 64 97 0.94375
00001.jpg 392 82 76 223 0.94223
00001.jpg 483 75 65 90 0.94062
00001.jpg 1 101 164 231 0.94011
00001.jpg 185 80 146 259 0.93979
00001.jpg 485 75 64 82 0.93977
00001.jpg 392 83 76 221 0.93921
00001.jpg 484 75 64 85 0.93770
00001.jpg 6 95 162 235 0.93707
00001.jpg 1 104 168 226 0.93693
00001.jpg 486 73 61 90 0.93686
00001.jpg 389 77 79 227 0.93504
00001.jpg 178 74 146 253 0.93254
00001.jpg 188 66 140 275 0.93249
00001.jpg 387 79 81 228 0.93077
00001.jpg 178 80 149 269 0.93065
00001.jpg 388 83 85 219 0.92953
00001.jpg 390 85 78 213 0.92951
00001.jpg 177 74 148 271 0.92891
00001.jpg 487 73 63 86 0.92311
00001.jpg 487 75 63 88 0.92234
00001.jpg 389 82 80 219 0.92191
00001.jpg 0 99 170 221 0.91981
00001.jpg 3 110 160 226 0.91881
00001.jpg 481 73 66 95 0.91859
00001.jpg 480 73 65 89 0.91814
00001.jpg 182 83 145 256 0.91507
00001.jpg 174 79 158 255 0.91379
00001.jpg 483 74 66 85 0.91003
00001.jpg 178 77 162 259 0.90891
00001.jpg 394 82 74 228 0.90874
00001.jpg 5 95 159 246 0.90795
00001.jpg 481 82 137 329 0.90761
00001.jpg 484 74 66 91 0.90725
00001.jpg 391 82 75 218 0.90679
00001.jpg 468 94 152 330 0.90646
00001.jpg 480 72 70 92 0.90122
00001.jpg 480 74 67 92 0.89977
00001.jpg 5 103 165 228 0.89973
00001.jpg 483 76 66 92 0.89836
00001.jpg 387 87 82 213 0.89801
00001.jpg 481 73 66 94 0.89350
00001.jpg 481 91 136 338 0.89242
00001.jpg 177 72 147 259 0.89081
00001.jpg 173 70 150 272 0.89022
00001.jpg 473 88 152 352 0.88535
00001.jpg 485 76 62 84 0.88062
00001.jpg 481 71 69 101 0.87970
00001.jpg 386 85 85 216 0.87870
00001.jpg 483 77 68 95 0.87799
00001.jpg 482 76 68 96 0.87744
00001.jpg 483 71 66 92 0.87537
00001.jpg 714 141 141 284 0.87439
00001.jpg 721 156 132 263 0.87211
00001.jpg 713 136 146 291 0.87022
00001.jpg 386 87 85 213 0.86972
00001.jpg 718 139 138 285 0.86895
00001.jpg 388 78 81 227 0.86651
00001.jpg 6 103 165 223 0.86635
00001.jpg 484 89 138 335 0.86178
00001.jpg 474 98 139 313 0.86072
00001.jpg 2 104 166 229 0.86061
00001.jpg 8 106 150 224 0.86060
00001.jpg 484 72 67 95 0.85524
00001.jpg 388 84 84 213 0.85362
00001.jpg 477 98 147 303 0.85298
00001.jpg 487 73 62 81 0.85106
00001.jpg 175 77 151 252 0.85043
00001.jpg 391 86 81 210 0.84075
00001.jpg 385 83 84 224 0.84011
00001.jpg 181 73 151 269 0.83511
00001.jpg 393 79 74 221 0.83390
00001.jpg 177 75 155 260 0.83305
00001.jpg 481 89 147 325 0.83303
00001.jpg 4 98 168 239 0.83223
00001.jpg 0 96 171 232 0.82891
00001.jpg 485 72 64 95 0.82677
00001.jpg 470 97 155 336 0.82661
00001.jpg 485 74 64 94 0.82350
00001.jpg 392 80 77 224 0.82310
00001.jpg 174 78 160 258 0.81863
00001.jpg 718 138 134 280 0.81718
00001.jpg 177 78 151 264 0.81624
00001.jpg 6 97 164 222 0.80967
00001.jpg 710 139 152 258 0.80758
00001.jpg 489 75 61 95 0.80718
00001.jpg 488 68 63 90 0.80469
00001.jpg 395 79 72 231 0.80442
00001.jpg 391 80 78 223 0.80088
00001.jpg 479 76 69 94 0.79816
00001.jpg 475 88 146 334 0.79739
00001.jpg 483 77 63 89 0.79556
00001.jpg 6 105 165 223 0.79253
00001.jpg 0 100 171 238 0.79078
00001.jpg 485 68 64 94 0.78858
00001.jpg 184 83 150 254 0.78151
00001.jpg 3 113 163 229 0.77980
00001.jpg 387 87 73 217 0.77854
00001.jpg 177 79 155 249 0.77699
00001.jpg 171 83 160 256 0.77569
00001.jpg 488 94 132 327 0.76341
00001.jpg 714 147 147 267 0.75958
00001.jpg 717 148 132 265 0.75469
00001.jpg 482 72 62 106 0.75338
00001.jpg 476 94 145 340 0.74955
00001.jpg 482 76 66 81 0.74791
00001.jpg 175 79 151 258 0.74095
00001.jpg 5 106 154 228 0.74088
00001.jpg 715 142 146 272 0.73992
00001.jpg 486 76 65 98 0.73899
00001.jpg 475 91 142 320 0.73602
00001.jpg 490 81 132 336 0.73353
00001.jpg 387 80 81 224 0.73332
00001.jpg 717 146 131 275 0.73314
00001.jpg 486 74 65 97 0.72355
00001.jpg 476 91 142 300 0.72088
00001.jpg 488 75 62 90 0.71837
00001.jpg 478 91 128 325 0.71775
00001.jpg 387 84 88 216 0.71641
00001.jpg 479 74 71 92 0.70842
00001.jpg 391 80 77 230 0.70320
00001.jpg 470 83 147 338 0.70082
00001.jpg 487 78 56 84 0.69774
00001.jpg 4 104 175 218 0.68625
00001.jpg 479 79 66 83 0.68575
00001.jpg 390 83 78 221 0.68363
00001.jpg 483 77 64 86 0.67715
00001.jpg 490 67 60 92 0.67533
00001.jpg 487 94 129 308 0.66548
00001.jpg 383 85 80 211 0.65597
00001.jpg 484 96 136 317 0.65466
00001.jpg 707 140 154 284 0.64558
00001.jpg 487 72 63 80 0.64261
00001.jpg 391 90 79 218 0.64187
00001.jpg 482 73 65 98 0.64186
00001.jpg 488 72 61 82 0.63828
00001.jpg 181 72 154 255 0.62243
00001.jpg 707 150 160 266 0.62166
00001.jpg 489 74 57 90 0.61699
00001.jpg 488 72 62 80 0.61076
00001.jpg 488 74 63 94 0.61051
00001.jpg 481 76 70 95 0.60699
00001.jpg 385 82 83 216 0.59803
00001.jpg 478 95 143 310 0.59753
00001.jpg 0 105 174 237 0.59747
00001.jpg 708 133 163 292 0.59616
00001.jpg 176 66 155 277 0.58646
00001.jpg 9 113 163 216 0.58195
00001.jpg 491 75 50 81 0.56939
00001.jpg 487 75 54 83 0.56692
00001.jpg 492 74 55 82 0.56615
00001.jpg 179 77 158 251 0.56610
00001.jpg 481 87 138 329 0.56193
00001.jpg 179 71 153 277 0.55070
00001.jpg 172 77 152 252 0.54675
00001.jpg 480 95 137 315 0.54571
00001.jpg 18 107 161 227 0.54414
00001.jpg 479 72 67 111 0.54032
00001.jpg 478 87 141 335 0.53716
00001.jpg 711 134 154 282 0.52911
00001.jpg 472 90 151 327 0.52587
00001.jpg 472 83 139 336 0.52103
00001.jpg 188 73 152 267 0.51699
00001.jpg 181 82 149 249 0.51643
00001.jpg 478 88 143 324 0.51457
00001.jpg 480 67 67 104 0.51206
00001.jpg 386 72 85 233 0.50731
00001.jpg 393 69 73 236 0.50383
00001.jpg 708 159 148 276 0.50307
00001.jpg 486 76 60 66 0.50289
