00022.jpg 609 126 233 296 0.99917
00022.jpg 237 83 92 211 0.99900
00022.jpg 235 82 92 208 0.99900
00022.jpg 616 119 220 303 0.99890
00022.jpg 619 130 216 299 0.99876
00022.jpg 618 113 210 309 0.99869
00022.jpg 238 91 83 203 0.99863
00022.jpg 615 122 220 294 0.99857
00022.jpg 615 111 227 322 0.99843
00022.jpg 322 141 135 157 0.99808
00022.jpg 239 87 89 211 0.99808
00022.jpg 610 115 232 307 0.99799
00022.jpg 619 125 216 286 0.99796
00022.jpg 622 123 212 302 0.99794
00022.jpg 614 120 219 291 0.99788
00022.jpg 614 116 220 304 0.99756
00022.jpg 430 108 162 312 0.99754
00022.jpg 444 96 143 309 0.99746
00022.jpg 317 136 137 165 0.99741
00022.jpg 312 142 138 161 0.99731
00022.jpg 440 105 151 311 0.99722
00022.jpg 306 134 155 171 0.99702
00022.jpg 623 115 207 317 0.99674
00022.jpg 617 126 206 292 0.99673
00022.jpg 608 116 233 308 0.99653
00022.jpg 623 114 211 311 0.99644
00022.jpg 546 88 84 220 0.99609
00022.jpg 430 101 168 324 0.99588
00022.jpg 628 119 212 301 0.99583
00022.jpg 311 140 147 157 0.99548
00022.jpg 440 110 153 314 0.99546
00022.jpg 544 86 89 216 0.99540
00022.jpg 314 143 144 154 0.99516
00022.jpg 608 108 227 314 0.99492
00022.jpg 432 116 168 300 0.99452
00022.jpg 439 108 156 307 0.99438
00022.jpg 618 117 215 300 0.99416
00022.jpg 622 128 205 299 0.99407
00022.jpg 317 139 139 162 0.99399
00022.jpg 545 92 93 211 0.99364
00022.jpg 611 123 228 297 0.99339
00022.jpg 609 120 216 304 0.99330
00022.jpg 240 88 87 209 0.99301
00022.jpg 238 84 90 211 0.99295
00022.jpg 442 103 154 312 0.99273
00022.jpg 240 86 89 207 0.99270
00022.jpg 624 126 212 289 0.99267
00022.jpg 239 84 89 206 0.99228
00022.jpg 619 107 221 317 0.99228
00022.jpg 239 87 86 213 0.99220
00022.jpg 239 91 83 207 0.99196
00022.jpg 445 98 148 326 0.99155
00022.jpg 608 110 220 312 0.99094
00022.jpg 241 84 86 210 0.99086
00022.jpg 235 82 95 211 0.99081
00022.jpg 234 85 90 208 0.99079
00022.jpg 439 115 149 292 0.99078
00022.jpg 240 87 89 207 0.99052
00022.jpg 242 87 82 205 0.98985
00022.jpg 426 99 173 314 0.98983
00022.jpg 606 121 221 301 0.98882
00022.jpg 233 85 91 211 0.98872
00022.jpg 311 143 146 152 0.98829
00022.jpg 239 83 90 217 0.98823
00022.jpg 545 91 92 214 0.98791
00022.jpg 314 135 149 162 0.98785
00022.jpg 618 109 215 320 0.98732
00022.jpg 619 128 220 296 0.98713
00022.jpg 548 85 85 218 0.98636
00022.jpg 440 102 149 323 0.98625
00022.jpg 548 87 89 222 0.98618
00022.jpg 605 121 234 298 0.98610
00022.jpg 238 86 88 202 0.98583
00022.jpg 544 93 86 205 0.98554
00022.jpg 239 86 83 213 0.98554
00022.jpg 316 137 142 168 0.98529
00022.jpg 614 127 225 294 0.98502
00022.jpg 426 108 176 323 0.98499
00022.jpg 442 103 143 313 0.98418
00022.jpg 437 106 156 312 0.98366
00022.jpg 312 143 145 157 0.98320
00022.jpg 238 80 86 220 0.98318
00022.jpg 438 105 146 308 0.98221
00022.jpg 434 95 160 327 0.98172
00022.jpg 239 79 95 224 0.98131
00022.jpg 547 90 85 217 0.98108
00022.jpg 553 93 80 212 0.98105
00022.jpg 310 136 146 163 0.98076
00022.jpg 313 140 140 161 0.98046
00022.jpg 237 85 89 209 0.97974
00022.jpg 317 135 133 160 0.97949
00022.jpg 540 88 96 221 0.97939
00022.jpg 443 93 142 320 0.97931
00022.jpg 546 86 90 219 0.97808
00022.jpg 304 140 151 160 0.97707
00022.jpg 310 143 158 163 0.97701
00022.jpg 309 138 159 166 0.97701
00022.jpg 239 80 90 223 0.97597
00022.jpg 311 140 143 162 0.97581
00022.jpg 618 126 226 294 0.97557
00022.jpg 541 87 94 210 0.97552
00022.jpg 236 89 88 205 0.97530
00022.jpg 617 126 216 301 0.97434
00022.jpg 610 126 232 303 0.97429
00022.jpg 237 83 92 215 0.97417
00022.jpg 314 145 142 150 0.97336
00022.jpg 433 98 59 113 0.97229
00022.jpg 308 136 147 167 0.97189
00022.jpg 431 107 161 296 0.97162
00022.jpg 239 83 89 210 0.97141
00022.jpg 540 88 93 216 0.97074
00022.jpg 315 138 143 164 0.97072
00022.jpg 317 143 141 153 0.97001
00022.jpg 543 91 90 215 0.96933
00022.jpg 542 85 87 216 0.96857
00022.jpg 317 141 138 161 0.96727
00022.jpg 618 130 222 288 0.96713
00022.jpg 311 138 147 166 0.96695
00022.jpg 426 116 158 302 0.96685
00022.jpg 313 136 146 166 0.96676
00022.jpg 313 135 145 166 0.96540
00022.jpg 621 106 224 313 0.96538
00022.jpg 543 84 91 225 0.96529
00022.jpg 544 96 89 208 0.96506
00022.jpg 548 86 86 221 0.96321
00022.jpg 438 109 156 309 0.96205
00022.jpg 319 141 141 162 0.96198
00022.jpg 235 87 93 206 0.96131
00022.jpg 543 87 93 218 0.96121
00022.jpg 238 84 92 211 0.96037
00022.jpg 543 84 87 223 0.96008
00022.jpg 443 108 151 305 0.95813
00022.jpg 316 143 136 154 0.95785
00022.jpg 618 122 216 307 0.95782
00022.jpg 610 123 227 300 0.95619
00022.jpg 314 142 143 159 0.95429
00022.jpg 430 115 177 300 0.95384
00022.jpg 238 85 90 211 0.95325
00022.jpg 541 87 94 217 0.95251
00022.jpg 551 89 82 226 0.95202
00022.jpg 236 87 95 205 0.95161
00022.jpg 236 82 89 204 0.95112
00022.jpg 620 127 213 299 0.95071
00022.jpg 321 143 136 151 0.95064
00022.jpg 612 126 226 290 0.94987
00022.jpg 308 135 157 164 0.94986
00022.jpg 546 86 87 225 0.94961
00022.jpg 239 88 89 198 0.94846
00022.jpg 433 96 61 80 0.94655
00022.jpg 314 141 146 157 0.94597
00022.jpg 300 136 158 162 0.94574
00022.jpg 627 120 216 303 0.94301
00022.jpg 237 87 86 207 0.94225
00022.jpg 543 82 89 227 0.94164
00022.jpg 617 132 223 280 0.94161
00022.jpg 317 140 138 162 0.94140
00022.jpg 544 89 96 216 0.94129
00022.jpg 432 105 163 315 0.94124
00022.jpg 235 86 85 209 0.94049
00022.jpg 238 85 81 207 0.94049
00022.jpg 435 105 55 189 0.93782
00022.jpg 612 130 228 302 0.93685
00022.jpg 239 86 89 205 0.93644
00022.jpg 610 120 225 306 0.93586
00022.jpg 237 83 92 218 0.93479
00022.jpg 313 136 141 164 0.93456
00022.jpg 298 129 174 166 0.93306
00022.jpg 429 100 64 215 0.93297
00022.jpg 309 143 148 150 0.92968
00022.jpg 547 98 81 204 0.92912
00022.jpg 547 90 88 207 0.92822
00022.jpg 439 99 152 317 0.92727
00022.jpg 441 93 147 324 0.92600
00022.jpg 435 107 168 306 0.92492
00022.jpg 238 89 93 200 0.92264
00022.jpg 435 102 57 205 0.92216
00022.jpg 441 98 144 320 0.92161
00022.jpg 311 145 149 149 0.92122
00022.jpg 323 134 137 178 0.91796
00022.jpg 440 99 142 346 0.91759
00022.jpg 312 138 143 166 0.91553
00022.jpg 313 133 145 171 0.91545
00022.jpg 543 88 91 209 0.91489
00022.jpg 546 79 87 234 0.91471
00022.jpg 427 105 167 311 0.91389
00022.jpg 437 113 151 320 0.91305
00022.jpg 306 141 149 158 0.91276
00022.jpg 239 91 84 200 0.91205
00022.jpg 614 117 229 304 0.91188
00022.jpg 431 88 184 335 0.91143
00022.jpg 625 121 210 324 0.91086
00022.jpg 616 117 209 301 0.91081
00022.jpg 310 140 144 155 0.90938
00022.jpg 435 96 57 83 0.90854
00022.jpg 442 105 148 318 0.90803
00022.jpg 433 96 60 88 0.90748
00022.jpg 547 85 88 218 0.90649
00022.jpg 237 93 86 202 0.90558
00022.jpg 316 140 151 163 0.90472
00022.jpg 448 106 148 319 0.89901
00022.jpg 314 136 147 162 0.89789
00022.jpg 314 136 144 167 0.89555
00022.jpg 428 92 67 212 0.89480
00022.jpg 313 143 139 158 0.89397
00022.jpg 311 140 139 154 0.89317
00022.jpg 547 94 87 207 0.89247
00022.jpg 436 115 154 298 0.88852
00022.jpg 547 90 89 214 0.88771
00022.jpg 545 91 93 222 0.88713
00022.jpg 618 128 221 293 0.88477
00022.jpg 240 92 84 189 0.88456
00022.jpg 432 95 63 81 0.88455
00022.jpg 436 93 58 114 0.88315
00022.jpg 230 93 100 203 0.88279
00022.jpg 434 99 59 79 0.88278
00022.jpg 444 100 150 326 0.88156
00022.jpg 441 100 146 321 0.87960
00022.jpg 437 101 145 323 0.87918
00022.jpg 542 89 88 213 0.87627
00022.jpg 317 141 134 160 0.87627
00022.jpg 427 96 69 90 0.87448
00022.jpg 322 146 130 149 0.87375
00022.jpg 431 91 59 227 0.87257
00022.jpg 236 93 93 196 0.87112
00022.jpg 434 101 57 205 0.87071
00022.jpg 434 95 63 79 0.86946
00022.jpg 544 92 89 212 0.86931
00022.jpg 540 82 88 225 0.86538
00022.jpg 437 98 56 205 0.86528
00022.jpg 432 81 61 231 0.86394
00022.jpg 615 115 213 307 0.86144
00022.jpg 232 79 102 208 0.86070
00022.jpg 308 141 155 159 0.85993
00022.jpg 433 95 62 91 0.85954
00022.jpg 433 71 56 240 0.85857
00022.jpg 313 128 149 181 0.85609
00022.jpg 448 95 144 321 0.85585
00022.jpg 433 95 62 84 0.85584
00022.jpg 619 137 213 281 0.85457
00022.jpg 234 88 85 203 0.85417
00022.jpg 433 99 59 114 0.85383
00022.jpg 431 109 159 307 0.85262
00022.jpg 233 85 95 209 0.85089
00022.jpg 614 120 226 310 0.84056
00022.jpg 605 124 223 301 0.84007
00022.jpg 310 139 148 161 0.83975
00022.jpg 541 81 92 230 0.83875
00022.jpg 619 128 208 291 0.83794
00022.jpg 429 98 171 325 0.83773
00022.jpg 433 93 62 88 0.83570
00022.jpg 432 91 61 90 0.83431
00022.jpg 603 112 224 313 0.83421
00022.jpg 432 95 63 94 0.83388
00022.jpg 243 85 79 206 0.83222
00022.jpg 546 89 90 226 0.83172
00022.jpg 552 89 77 223 0.83144
00022.jpg 436 96 55 154 0.82580
00022.jpg 547 93 91 212 0.82476
00022.jpg 431 95 64 79 0.81872
00022.jpg 237 82 91 212 0.81808
00022.jpg 425 87 69 224 0.81520
00022.jpg 546 85 87 227 0.81340
00022.jpg 318 137 138 160 0.80991
00022.jpg 245 88 78 196 0.80931
00022.jpg 429 95 66 83 0.80853
00022.jpg 436 97 57 79 0.80810
00022.jpg 434 96 64 77 0.80757
00022.jpg 312 133 150 173 0.80638
00022.jpg 436 91 60 96 0.80416
00022.jpg 432 92 58 88 0.80090
00022.jpg 441 105 152 320 0.80071
00022.jpg 546 89 86 203 0.79973
00022.jpg 238 87 93 202 0.79623
00022.jpg 437 96 59 80 0.79565
00022.jpg 542 83 98 225 0.79500
00022.jpg 607 127 225 304 0.79003
00022.jpg 544 94 94 207 0.78880
00022.jpg 243 81 82 217 0.78589
00022.jpg 235 84 96 210 0.78516
00022.jpg 432 94 63 85 0.78336
00022.jpg 431 95 65 211 0.78307
00022.jpg 299 134 171 166 0.77636
00022.jpg 428 96 60 219 0.77627
00022.jpg 434 94 62 96 0.77568
00022.jpg 427 100 191 292 0.77263
00022.jpg 304 133 164 172 0.77139
00022.jpg 432 91 61 91 0.77117
00022.jpg 307 141 148 151 0.76661
00022.jpg 609 125 219 294 0.76226
00022.jpg 432 96 62 83 0.76119
00022.jpg 430 90 126 299 0.76072
00022.jpg 431 93 63 87 0.75951
00022.jpg 448 104 148 309 0.75939
00022.jpg 434 95 56 195 0.75396
00022.jpg 435 105 165 318 0.74943
00022.jpg 422 111 179 308 0.74650
00022.jpg 434 91 59 87 0.74485
00022.jpg 239 90 89 196 0.74258
00022.jpg 441 103 132 313 0.74220
00022.jpg 616 122 211 312 0.73973
00022.jpg 425 96 71 207 0.73945
00022.jpg 334 119 45 53 0.73478
00022.jpg 428 93 64 214 0.73027
00022.jpg 435 94 56 80 0.72351
00022.jpg 436 88 51 233 0.72265
00022.jpg 242 86 87 204 0.72200
00022.jpg 618 130 214 294 0.72088
00022.jpg 434 94 56 81 0.71798
00022.jpg 434 92 162 322 0.71719
00022.jpg 434 94 61 75 0.71378
00022.jpg 424 95 71 218 0.71250
00022.jpg 455 90 160 316 0.71238
00022.jpg 425 108 181 308 0.70817
00022.jpg 431 105 61 198 0.70717
00022.jpg 427 92 63 217 0.70391
00022.jpg 436 97 57 79 0.70027
00022.jpg 594 115 237 299 0.69694
00022.jpg 438 100 172 310 0.69501
00022.jpg 435 100 57 87 0.69230
00022.jpg 426 90 64 226 0.68938
00022.jpg 238 85 89 205 0.68877
00022.jpg 616 115 226 303 0.68756
00022.jpg 538 82 103 228 0.68637
00022.jpg 239 83 87 202 0.68182
00022.jpg 430 97 68 218 0.67751
00022.jpg 440 101 148 316 0.67643
00022.jpg 429 110 166 284 0.66984
00022.jpg 623 119 202 305 0.66942
00022.jpg 539 85 96 225 0.66682
00022.jpg 319 137 141 162 0.66631
00022.jpg 437 91 56 99 0.66402
00022.jpg 430 103 67 68 0.66116
00022.jpg 312 138 143 159 0.66096
00022.jpg 337 119 39 45 0.66084
00022.jpg 233 85 94 212 0.65969
00022.jpg 428 88 67 225 0.65895
00022.jpg 434 96 59 85 0.65273
00022.jpg 432 101 61 64 0.64714
00022.jpg 543 83 100 220 0.64638
00022.jpg 433 115 175 289 0.64343
00022.jpg 435 78 55 230 0.63765
00022.jpg 432 95 66 87 0.63695
00022.jpg 436 122 47 190 0.63612
00022.jpg 305 136 152 159 0.63549
00022.jpg 308 144 153 156 0.63435
00022.jpg 421 120 158 297 0.63409
00022.jpg 435 113 161 304 0.63168
00022.jpg 538 98 98 199 0.63033
00022.jpg 543 101 87 209 0.62938
00022.jpg 430 97 62 83 0.62675
00022.jpg 431 94 62 215 0.62572
00022.jpg 434 98 60 71 0.62360
00022.jpg 430 102 65 82 0.62320
00022.jpg 429 97 65 210 0.61924
00022.jpg 233 91 95 200 0.61688
00022.jpg 445 106 144 299 0.61192
00022.jpg 428 85 69 238 0.60955
00022.jpg 432 130 167 291 0.60725
00022.jpg 550 79 86 227 0.60055
00022.jpg 334 118 47 55 0.59986
00022.jpg 332 115 45 54 0.59720
00022.jpg 504 89 107 279 0.59136
00022.jpg 239 88 90 199 0.58872
00022.jpg 433 129 156 279 0.58604
00022.jpg 335 118 40 50 0.58487
00022.jpg 429 88 69 228 0.58409
00022.jpg 314 146 138 160 0.58015
00022.jpg 428 99 69 85 0.57894
00022.jpg 336 120 41 40 0.57845
00022.jpg 333 122 46 44 0.57840
00022.jpg 427 90 68 212 0.57640
00022.jpg 299 144 157 157 0.57359
00022.jpg 602 131 247 282 0.57357
00022.jpg 430 100 66 65 0.56757
00022.jpg 438 92 113 292 0.56315
00022.jpg 434 91 52 158 0.56191
00022.jpg 424 101 69 206 0.55982
00022.jpg 444 114 152 294 0.55707
00022.jpg 631 124 199 299 0.55399
00022.jpg 415 102 83 224 0.55372
00022.jpg 333 121 50 56 0.55277
00022.jpg 615 114 239 306 0.55067
00022.jpg 236 84 89 207 0.55049
00022.jpg 434 98 59 81 0.54911
00022.jpg 319 143 145 164 0.54891
00022.jpg 606 132 232 279 0.54840
00022.jpg 434 94 63 78 0.54528
00022.jpg 421 104 115 265 0.54371
00022.jpg 542 90 88 217 0.53038
00022.jpg 304 135 172 156 0.52770
00022.jpg 336 118 44 63 0.52713
00022.jpg 300 134 175 180 0.52608
00022.jpg 446 92 170 316 0.52178
00022.jpg 421 99 74 215 0.51998
00022.jpg 424 108 71 202 0.51752
00022.jpg 432 89 58 149 0.51437
00022.jpg 333 118 42 63 0.51222
00022.jpg 241 88 89 201 0.51210
00022.jpg 334 117 46 49 0.51177
00022.jpg 428 86 59 238 0.50751
00022.jpg 613 109 213 313 0.50612
00022.jpg 912 4 40 94 0.50492
00022.jpg 437 85 55 221 0.50434
00022.jpg 436 91 60 131 0.50371
00022.jpg 432 83 56 219 0.50348
