00026.jpg 599 125 177 293 0.99965
00026.jpg 237 85 90 206 0.99942
00026.jpg 596 126 177 298 0.99915
00026.jpg 611 121 156 303 0.99903
00026.jpg 536 133 103 237 0.99884
00026.jpg 237 84 91 208 0.99879
00026.jpg 594 121 189 299 0.99850
00026.jpg 235 88 88 206 0.99820
00026.jpg 423 95 143 322 0.99818
00026.jpg 233 89 92 207 0.99789
00026.jpg 599 120 183 297 0.99772
00026.jpg 235 86 91 198 0.99713
00026.jpg 233 85 97 208 0.99713
00026.jpg 591 129 195 292 0.99685
00026.jpg 237 86 90 206 0.99682
00026.jpg 532 129 113 253 0.99624
00026.jpg 595 122 181 294 0.99598
00026.jpg 422 91 147 334 0.99560
00026.jpg 239 89 92 203 0.99556
00026.jpg 234 83 87 207 0.99526
00026.jpg 416 98 147 316 0.99481
00026.jpg 409 83 165 338 0.99455
00026.jpg 602 119 165 303 0.99451
00026.jpg 541 130 100 250 0.99423
00026.jpg 233 88 96 199 0.99418
00026.jpg 597 113 178 314 0.99413
00026.jpg 239 89 86 206 0.99381
00026.jpg 602 123 178 303 0.99347
00026.jpg 596 130 184 295 0.99343
00026.jpg 245 83 78 214 0.99341
00026.jpg 418 87 144 323 0.99297
00026.jpg 238 87 91 206 0.99270
00026.jpg 231 79 91 210 0.99230
00026.jpg 592 121 187 298 0.99181
00026.jpg 425 83 135 330 0.99178
00026.jpg 418 94 151 327 0.99176
00026.jpg 607 121 174 302 0.99170
00026.jpg 606 130 185 282 0.99063
00026.jpg 607 121 166 307 0.99028
00026.jpg 415 102 141 305 0.98995
00026.jpg 239 83 90 216 0.98964
00026.jpg 235 93 90 196 0.98946
00026.jpg 238 84 88 206 0.98930
00026.jpg 420 94 151 311 0.98904
00026.jpg 596 129 187 294 0.98858
00026.jpg 605 129 172 292 0.98858
00026.jpg 543 129 91 259 0.98829
00026.jpg 429 89 142 327 0.98783
00026.jpg 419 81 146 329 0.98774
00026.jpg 598 115 185 300 0.98763
00026.jpg 232 88 98 201 0.98709
00026.jpg 231 84 95 206 0.98699
00026.jpg 607 124 166 297 0.98678
00026.jpg 593 127 185 297 0.98600
00026.jpg 235 89 91 205 0.98529
00026.jpg 596 127 184 295 0.98449
00026.jpg 407 92 152 314 0.98418
00026.jpg 603 125 176 310 0.98404
00026.jpg 608 119 154 312 0.98366
00026.jpg 535 135 110 236 0.98351
00026.jpg 233 91 91 205 0.98330
00026.jpg 429 99 128 309 0.98289
00026.jpg 236 83 91 208 0.98283
00026.jpg 238 81 90 213 0.98200
00026.jpg 415 99 144 307 0.98195
00026.jpg 406 81 158 334 0.98136
00026.jpg 231 84 96 205 0.97897
00026.jpg 543 134 92 250 0.97869
00026.jpg 424 106 141 292 0.97820
00026.jpg 416 110 151 299 0.97795
00026.jpg 594 109 183 329 0.97676
00026.jpg 605 122 177 309 0.97654
00026.jpg 235 83 91 212 0.97651
00026.jpg 599 128 182 300 0.97625
00026.jpg 242 86 81 212 0.97615
00026.jpg 598 130 181 297 0.97546
00026.jpg 234 87 98 200 0.97430
00026.jpg 591 115 187 306 0.97379
00026.jpg 422 87 137 323 0.97371
00026.jpg 542 134 92 239 0.97363
00026.jpg 540 139 99 229 0.97309
00026.jpg 235 86 92 202 0.97292
00026.jpg 425 99 54 93 0.97260
00026.jpg 407 101 162 313 0.97157
00026.jpg 547 132 95 239 0.97153
00026.jpg 536 134 104 245 0.97094
00026.jpg 537 127 106 241 0.97073
00026.jpg 235 89 90 197 0.96935
00026.jpg 541 128 100 250 0.96917
00026.jpg 434 87 129 321 0.96852
00026.jpg 602 113 176 308 0.96844
00026.jpg 434 91 129 323 0.96804
00026.jpg 420 88 137 329 0.96795
00026.jpg 428 95 137 319 0.96718
00026.jpg 606 122 175 308 0.96717
00026.jpg 602 125 181 309 0.96705
00026.jpg 603 121 170 294 0.96685
00026.jpg 239 87 86 206 0.96661
00026.jpg 421 98 61 102 0.96605
00026.jpg 546 133 89 236 0.96532
00026.jpg 241 89 89 199 0.96495
00026.jpg 414 103 166 307 0.96370
00026.jpg 540 131 95 247 0.96316
00026.jpg 236 86 89 206 0.96225
00026.jpg 594 122 180 297 0.96220
00026.jpg 235 83 94 208 0.96091
00026.jpg 542 134 97 242 0.95909
00026.jpg 598 128 177 290 0.95900
00026.jpg 424 86 134 326 0.95830
00026.jpg 540 121 100 260 0.95817
00026.jpg 415 92 153 304 0.95704
00026.jpg 236 85 83 204 0.95606
00026.jpg 538 116 107 268 0.95534
00026.jpg 587 117 194 303 0.95522
00026.jpg 425 91 130 322 0.95353
00026.jpg 603 112 168 309 0.95328
00026.jpg 410 90 147 333 0.94774
00026.jpg 425 94 137 315 0.94753
00026.jpg 602 124 181 297 0.94748
00026.jpg 429 88 133 320 0.94702
00026.jpg 606 126 173 301 0.94590
00026.jpg 540 131 97 247 0.94509
00026.jpg 421 96 60 99 0.94492
00026.jpg 541 131 99 246 0.94484
00026.jpg 594 133 184 297 0.94412
00026.jpg 426 96 138 312 0.94405
00026.jpg 422 97 55 95 0.94325
00026.jpg 413 97 142 311 0.94209
00026.jpg 578 106 206 317 0.94112
00026.jpg 241 88 84 199 0.94105
00026.jpg 415 99 157 306 0.93065
00026.jpg 542 130 95 244 0.92925
00026.jpg 428 90 131 317 0.92843
00026.jpg 540 134 98 235 0.92577
00026.jpg 537 131 104 248 0.92237
00026.jpg 423 102 56 80 0.92235
00026.jpg 410 92 154 334 0.92010
00026.jpg 541 127 96 244 0.91935
00026.jpg 235 93 93 193 0.91831
00026.jpg 595 125 189 282 0.91782
00026.jpg 426 101 49 80 0.91768
00026.jpg 429 91 134 316 0.91503
00026.jpg 571 84 54 87 0.91388
00026.jpg 565 88 61 97 0.91364
00026.jpg 596 130 180 285 0.91288
00026.jpg 416 100 140 300 0.91284
00026.jpg 398 97 176 310 0.91229
00026.jpg 576 86 47 97 0.91199
00026.jpg 593 126 191 297 0.91040
00026.jpg 537 119 105 253 0.90833
00026.jpg 543 123 100 259 0.90667
00026.jpg 426 91 140 327 0.90644
00026.jpg 237 89 84 199 0.90393
00026.jpg 541 126 98 247 0.90343
00026.jpg 415 97 142 323 0.89809
00026.jpg 418 107 153 289 0.89801
00026.jpg 572 127 212 289 0.89677
00026.jpg 574 85 51 97 0.89663
00026.jpg 541 133 99 239 0.89589
00026.jpg 574 85 47 93 0.89215
00026.jpg 573 86 52 94 0.89114
00026.jpg 426 95 54 100 0.89053
00026.jpg 239 87 87 203 0.89040
00026.jpg 539 123 104 264 0.88984
00026.jpg 574 86 53 87 0.88937
00026.jpg 423 99 56 90 0.88729
00026.jpg 538 136 106 243 0.88534
00026.jpg 570 87 57 93 0.88265
00026.jpg 614 114 161 310 0.88255
00026.jpg 580 86 44 97 0.87893
00026.jpg 595 105 188 322 0.87838
00026.jpg 573 86 51 89 0.87419
00026.jpg 572 86 54 86 0.86874
00026.jpg 538 138 99 223 0.86608
00026.jpg 419 102 62 81 0.86520
00026.jpg 601 121 171 306 0.86256
00026.jpg 599 129 180 283 0.86151
00026.jpg 542 135 102 233 0.85972
00026.jpg 414 100 143 301 0.85950
00026.jpg 240 80 94 215 0.85826
00026.jpg 600 124 176 296 0.85674
00026.jpg 599 132 181 292 0.85236
00026.jpg 395 95 187 310 0.85090
00026.jpg 234 92 98 199 0.85046
00026.jpg 559 124 220 295 0.84962
00026.jpg 237 93 93 199 0.84922
00026.jpg 424 102 55 80 0.84893
00026.jpg 540 140 106 239 0.84799
00026.jpg 434 89 154 316 0.84688
00026.jpg 425 100 55 85 0.84616
00026.jpg 529 127 117 259 0.84453
00026.jpg 431 97 46 84 0.84433
00026.jpg 572 83 55 89 0.84194
00026.jpg 573 86 50 88 0.84114
00026.jpg 601 118 164 303 0.83128
00026.jpg 542 135 104 236 0.83109
00026.jpg 574 85 52 94 0.83056
00026.jpg 606 133 178 290 0.83034
00026.jpg 542 134 98 254 0.82983
00026.jpg 422 97 53 88 0.82248
00026.jpg 574 85 53 85 0.81968
00026.jpg 423 92 55 138 0.81762
00026.jpg 570 85 55 90 0.81666
00026.jpg 428 95 135 309 0.81335
00026.jpg 422 94 55 104 0.81257
00026.jpg 436 93 133 322 0.81184
00026.jpg 604 123 173 307 0.81110
00026.jpg 573 82 52 95 0.80960
00026.jpg 421 97 54 90 0.80696
00026.jpg 576 84 49 95 0.80610
00026.jpg 576 81 49 95 0.80564
00026.jpg 571 86 56 89 0.80472
00026.jpg 239 85 87 205 0.79977
00026.jpg 604 126 184 301 0.79679
00026.jpg 429 100 47 78 0.79451
00026.jpg 578 83 45 99 0.79389
00026.jpg 426 97 51 88 0.79154
00026.jpg 541 127 98 254 0.78696
00026.jpg 600 124 176 304 0.78681
00026.jpg 576 84 48 93 0.78660
00026.jpg 420 95 60 121 0.78483
00026.jpg 423 95 54 91 0.78473
00026.jpg 571 87 53 85 0.78457
00026.jpg 418 96 57 128 0.78410
00026.jpg 556 108 71 162 0.78407
00026.jpg 423 99 56 92 0.78384
00026.jpg 238 86 86 205 0.78342
00026.jpg 578 82 47 98 0.77953
00026.jpg 535 131 106 256 0.77732
00026.jpg 422 99 54 108 0.77641
00026.jpg 421 99 60 85 0.77514
00026.jpg 240 91 85 205 0.76711
00026.jpg 405 97 178 318 0.76514
00026.jpg 489 116 310 295 0.76332
00026.jpg 533 131 114 242 0.76227
00026.jpg 379 98 107 220 0.76095
00026.jpg 419 98 56 125 0.75891
00026.jpg 573 85 53 92 0.75877
00026.jpg 422 98 55 93 0.75871
00026.jpg 424 99 54 88 0.75771
00026.jpg 408 101 165 309 0.75693
00026.jpg 422 97 60 116 0.75582
00026.jpg 553 110 73 128 0.75463
00026.jpg 331 97 155 223 0.75432
00026.jpg 418 98 141 320 0.75424
00026.jpg 538 135 109 237 0.75082
00026.jpg 417 93 59 132 0.74904
00026.jpg 421 97 56 102 0.74337
00026.jpg 422 96 58 99 0.74228
00026.jpg 423 96 52 102 0.74186
00026.jpg 418 99 60 88 0.74174
00026.jpg 571 83 56 89 0.73770
00026.jpg 234 85 102 198 0.73709
00026.jpg 417 98 59 125 0.73624
00026.jpg 425 99 56 84 0.73386
00026.jpg 548 143 91 222 0.72273
00026.jpg 425 95 53 92 0.72211
00026.jpg 425 93 121 316 0.72178
00026.jpg 350 89 133 222 0.72013
00026.jpg 331 112 164 194 0.71876
00026.jpg 536 124 105 248 0.71343
00026.jpg 570 83 55 83 0.71262
00026.jpg 536 137 112 247 0.71240
00026.jpg 573 85 54 112 0.70990
00026.jpg 236 82 92 212 0.70901
00026.jpg 423 100 56 81 0.70789
00026.jpg 333 108 159 210 0.70756
00026.jpg 424 99 50 85 0.70701
00026.jpg 571 95 52 110 0.70276
00026.jpg 425 95 54 89 0.69785
00026.jpg 572 86 50 83 0.69653
00026.jpg 422 97 55 88 0.69008
00026.jpg 540 129 108 268 0.68651
00026.jpg 410 94 60 165 0.68588
00026.jpg 542 132 96 234 0.68065
00026.jpg 542 133 106 231 0.67750
00026.jpg 425 77 153 332 0.67533
00026.jpg 353 110 130 202 0.67428
00026.jpg 586 121 196 289 0.67393
00026.jpg 369 104 143 252 0.66901
00026.jpg 334 107 173 213 0.66854
00026.jpg 426 84 125 329 0.66747
00026.jpg 569 83 62 88 0.66744
00026.jpg 422 100 55 81 0.66679
00026.jpg 408 126 55 142 0.66541
00026.jpg 417 101 63 101 0.66190
00026.jpg 561 104 65 106 0.66150
00026.jpg 562 124 226 278 0.66017
00026.jpg 589 126 201 273 0.65989
00026.jpg 427 76 160 342 0.65886
00026.jpg 351 97 132 225 0.65885
00026.jpg 390 95 228 316 0.65687
00026.jpg 574 122 200 286 0.65683
00026.jpg 429 99 47 82 0.65594
00026.jpg 398 99 80 170 0.65420
00026.jpg 428 96 52 86 0.65377
00026.jpg 394 104 114 237 0.64922
00026.jpg 384 87 195 330 0.64915
00026.jpg 539 134 113 249 0.64842
00026.jpg 331 98 152 214 0.64545
00026.jpg 420 102 58 85 0.64226
00026.jpg 341 111 143 189 0.64223
00026.jpg 351 106 127 219 0.64105
00026.jpg 416 92 58 120 0.63801
00026.jpg 337 108 143 190 0.63760
00026.jpg 363 102 119 224 0.63592
00026.jpg 417 104 64 76 0.63444
00026.jpg 321 102 180 213 0.63081
00026.jpg 424 95 152 312 0.62767
00026.jpg 427 95 125 311 0.62701
00026.jpg 578 82 48 92 0.62681
00026.jpg 416 101 66 93 0.62527
00026.jpg 589 123 189 292 0.62501
00026.jpg 571 84 51 84 0.62329
00026.jpg 577 122 200 292 0.61589
00026.jpg 543 132 97 241 0.61556
00026.jpg 578 82 43 91 0.61520
00026.jpg 340 108 142 197 0.61237
00026.jpg 236 82 87 215 0.61212
00026.jpg 532 129 114 254 0.61018
00026.jpg 241 84 80 202 0.60922
00026.jpg 606 117 176 311 0.60778
00026.jpg 429 96 52 82 0.60759
00026.jpg 577 81 54 93 0.60167
00026.jpg 425 100 47 79 0.60096
00026.jpg 414 105 51 147 0.59419
00026.jpg 566 85 65 105 0.59343
00026.jpg 537 135 109 242 0.58973
00026.jpg 344 89 141 231 0.58715
00026.jpg 419 104 60 78 0.58707
00026.jpg 545 133 83 221 0.58693
00026.jpg 365 105 118 208 0.58651
00026.jpg 570 80 50 87 0.58121
00026.jpg 600 133 168 275 0.57759
00026.jpg 415 88 60 159 0.57529
00026.jpg 391 96 192 317 0.57405
00026.jpg 580 87 43 116 0.57203
00026.jpg 323 106 166 212 0.57134
00026.jpg 337 98 148 215 0.57113
00026.jpg 347 113 129 197 0.57094
00026.jpg 424 97 139 315 0.57028
00026.jpg 536 97 114 286 0.56736
00026.jpg 565 85 64 125 0.56375
00026.jpg 602 121 165 306 0.56166
00026.jpg 328 105 156 211 0.55960
00026.jpg 572 92 50 112 0.55828
00026.jpg 534 124 115 244 0.55824
00026.jpg 422 85 137 334 0.55153
00026.jpg 390 94 94 217 0.55027
00026.jpg 568 91 52 78 0.54625
00026.jpg 531 141 149 247 0.54349
00026.jpg 577 83 43 92 0.54017
00026.jpg 541 143 86 226 0.53938
00026.jpg 422 90 52 161 0.53639
00026.jpg 537 137 95 234 0.53507
00026.jpg 531 124 105 258 0.53229
00026.jpg 232 87 99 210 0.53073
00026.jpg 442 89 110 328 0.52890
00026.jpg 409 102 142 292 0.52805
00026.jpg 429 94 52 99 0.52558
00026.jpg 422 97 56 81 0.52518
00026.jpg 543 139 86 195 0.52460
00026.jpg 356 112 118 216 0.51949
00026.jpg 424 99 57 75 0.51941
00026.jpg 338 111 140 216 0.51897
00026.jpg 424 95 52 91 0.51709
00026.jpg 340 117 140 211 0.50894
00026.jpg 410 93 127 295 0.50801
00026.jpg 610 112 167 317 0.50041
00026.jpg 231 85 87 206 0.49976
