00025.jpg 609 119 185 298 0.99938
00025.jpg 604 119 191 303 0.99932
00025.jpg 239 85 92 207 0.99917
00025.jpg 236 87 93 205 0.99917
00025.jpg 610 129 185 287 0.99866
00025.jpg 237 90 95 201 0.99862
00025.jpg 599 124 200 283 0.99823
00025.jpg 598 123 195 301 0.99805
00025.jpg 603 119 190 305 0.99783
00025.jpg 241 89 86 206 0.99750
00025.jpg 245 87 84 206 0.99745
00025.jpg 606 112 190 305 0.99678
00025.jpg 600 120 193 301 0.99675
00025.jpg 615 116 169 303 0.99675
00025.jpg 592 121 196 296 0.99656
00025.jpg 595 124 202 298 0.99597
00025.jpg 598 122 185 291 0.99563
00025.jpg 233 87 97 208 0.99535
00025.jpg 606 123 183 298 0.99534
00025.jpg 239 89 93 203 0.99521
00025.jpg 605 114 177 295 0.99514
00025.jpg 437 99 147 312 0.99497
00025.jpg 605 129 185 291 0.99476
00025.jpg 587 125 215 295 0.99470
00025.jpg 608 113 177 314 0.99470
00025.jpg 603 125 189 299 0.99470
00025.jpg 433 97 169 311 0.99458
00025.jpg 437 98 151 323 0.99444
00025.jpg 599 119 193 310 0.99415
00025.jpg 242 84 89 212 0.99378
00025.jpg 241 90 93 204 0.99375
00025.jpg 440 89 145 325 0.99338
00025.jpg 242 93 88 198 0.99336
00025.jpg 236 86 96 205 0.99265
00025.jpg 241 81 85 211 0.99258
00025.jpg 241 88 88 203 0.99239
00025.jpg 434 107 162 310 0.99198
00025.jpg 431 89 164 332 0.99194
00025.jpg 236 83 92 211 0.99018
00025.jpg 237 86 89 211 0.99014
00025.jpg 599 113 196 300 0.98974
00025.jpg 598 128 191 282 0.98949
00025.jpg 616 124 184 293 0.98946
00025.jpg 241 90 87 203 0.98859
00025.jpg 424 99 181 320 0.98792
00025.jpg 426 106 167 312 0.98786
00025.jpg 606 121 189 307 0.98755
00025.jpg 600 123 191 302 0.98701
00025.jpg 237 86 94 207 0.98694
00025.jpg 240 91 87 196 0.98655
00025.jpg 596 118 199 306 0.98587
00025.jpg 601 127 190 297 0.98568
00025.jpg 239 81 95 215 0.98534
00025.jpg 240 87 89 204 0.98365
00025.jpg 314 158 156 142 0.98295
00025.jpg 604 127 191 302 0.98210
00025.jpg 607 130 183 292 0.98011
00025.jpg 432 105 149 308 0.97984
00025.jpg 601 126 197 284 0.97962
00025.jpg 599 114 189 315 0.97915
00025.jpg 436 98 157 315 0.97834
00025.jpg 235 85 97 202 0.97818
00025.jpg 428 107 167 303 0.97774
00025.jpg 240 84 92 207 0.97719
00025.jpg 603 128 184 293 0.97640
00025.jpg 600 121 190 315 0.97572
00025.jpg 437 97 143 319 0.97547
00025.jpg 433 120 165 289 0.97541
00025.jpg 239 81 91 214 0.97509
00025.jpg 429 99 157 323 0.97483
00025.jpg 440 94 147 315 0.97454
00025.jpg 431 90 161 324 0.97409
00025.jpg 547 126 79 124 0.97406
00025.jpg 602 126 186 296 0.97332
00025.jpg 320 156 149 144 0.97141
00025.jpg 600 127 204 275 0.97127
00025.jpg 442 95 139 335 0.97123
00025.jpg 426 99 178 324 0.96950
00025.jpg 242 82 87 216 0.96920
00025.jpg 437 97 145 310 0.96912
00025.jpg 238 86 90 210 0.96880
00025.jpg 595 130 204 288 0.96789
00025.jpg 241 91 86 202 0.96785
00025.jpg 604 121 189 305 0.96713
00025.jpg 598 121 199 308 0.96693
00025.jpg 430 93 170 320 0.96660
00025.jpg 239 83 91 212 0.96654
00025.jpg 590 127 208 306 0.96542
00025.jpg 603 122 179 288 0.96507
00025.jpg 601 126 191 293 0.96291
00025.jpg 438 90 153 337 0.96247
00025.jpg 607 123 182 296 0.95978
00025.jpg 574 89 54 82 0.95952
00025.jpg 240 84 92 208 0.95924
00025.jpg 431 105 178 289 0.95913
00025.jpg 428 103 171 317 0.95819
00025.jpg 576 84 48 86 0.95806
00025.jpg 238 84 92 207 0.95761
00025.jpg 238 88 96 206 0.95759
00025.jpg 579 85 44 90 0.95656
00025.jpg 580 86 42 85 0.95624
00025.jpg 428 98 193 319 0.95623
00025.jpg 439 101 146 313 0.95616
00025.jpg 429 98 167 318 0.95559
00025.jpg 608 114 178 303 0.95491
00025.jpg 426 103 161 320 0.95420
00025.jpg 597 121 191 297 0.95284
00025.jpg 543 121 81 136 0.94962
00025.jpg 439 95 46 69 0.94918
00025.jpg 547 126 77 119 0.94873
00025.jpg 551 119 74 139 0.94819
00025.jpg 428 94 160 321 0.94663
00025.jpg 233 88 105 198 0.94637
00025.jpg 317 163 146 139 0.94115
00025.jpg 323 165 142 148 0.94085
00025.jpg 241 86 90 205 0.94010
00025.jpg 438 93 50 73 0.93907
00025.jpg 317 160 149 146 0.93550
00025.jpg 441 95 136 323 0.93442
00025.jpg 423 113 189 284 0.93294
00025.jpg 438 96 151 322 0.93136
00025.jpg 434 93 50 72 0.93041
00025.jpg 239 81 90 211 0.93005
00025.jpg 237 96 86 189 0.92722
00025.jpg 426 106 167 306 0.92722
00025.jpg 319 163 144 139 0.92599
00025.jpg 430 90 154 325 0.92537
00025.jpg 577 88 43 82 0.92475
00025.jpg 325 159 140 149 0.92458
00025.jpg 311 158 158 157 0.92196
00025.jpg 577 86 49 81 0.92191
00025.jpg 240 91 90 199 0.92025
00025.jpg 579 87 43 83 0.91985
00025.jpg 237 91 91 199 0.91933
00025.jpg 440 95 44 69 0.91809
00025.jpg 548 116 80 135 0.91626
00025.jpg 578 83 49 87 0.91595
00025.jpg 306 154 162 159 0.91410
00025.jpg 324 156 145 156 0.91407
00025.jpg 438 94 144 329 0.91365
00025.jpg 437 96 48 70 0.91154
00025.jpg 314 160 144 157 0.91108
00025.jpg 581 81 44 94 0.91017
00025.jpg 326 164 138 144 0.90886
00025.jpg 437 93 48 83 0.90768
00025.jpg 435 92 51 78 0.90756
00025.jpg 318 156 154 150 0.90689
00025.jpg 427 116 183 297 0.90618
00025.jpg 434 97 53 67 0.90478
00025.jpg 236 83 96 209 0.90476
00025.jpg 575 85 47 83 0.90450
00025.jpg 547 126 82 121 0.90295
00025.jpg 544 123 85 128 0.90294
00025.jpg 245 86 78 210 0.90059
00025.jpg 324 149 145 171 0.89894
00025.jpg 546 118 80 144 0.89794
00025.jpg 548 120 80 162 0.89756
00025.jpg 545 127 84 119 0.89600
00025.jpg 337 157 127 150 0.89187
00025.jpg 366 162 89 143 0.88961
00025.jpg 439 95 49 73 0.88673
00025.jpg 436 95 48 68 0.88667
00025.jpg 579 81 47 95 0.88453
00025.jpg 433 97 53 73 0.88394
00025.jpg 309 160 158 153 0.88364
00025.jpg 595 116 190 304 0.88192
00025.jpg 581 86 40 81 0.88162
00025.jpg 548 126 74 126 0.88105
00025.jpg 310 151 154 160 0.87956
00025.jpg 440 95 45 70 0.87581
00025.jpg 436 93 51 73 0.87540
00025.jpg 581 84 46 82 0.87500
00025.jpg 545 120 78 147 0.87464
00025.jpg 599 118 193 299 0.87461
00025.jpg 576 84 48 85 0.87420
00025.jpg 325 157 142 150 0.87336
00025.jpg 576 87 50 85 0.87168
00025.jpg 550 129 74 115 0.86957
00025.jpg 433 94 55 69 0.86921
00025.jpg 329 156 139 146 0.86909
00025.jpg 438 97 46 65 0.86894
00025.jpg 239 92 86 198 0.86828
00025.jpg 604 124 190 312 0.86806
00025.jpg 436 97 143 314 0.86683
00025.jpg 549 123 77 118 0.86675
00025.jpg 435 98 56 70 0.86673
00025.jpg 238 84 99 214 0.86607
00025.jpg 325 157 137 153 0.86513
00025.jpg 542 127 89 124 0.86497
00025.jpg 544 125 86 148 0.86397
00025.jpg 327 157 138 159 0.86052
00025.jpg 431 81 178 342 0.86036
00025.jpg 307 153 160 158 0.85998
00025.jpg 576 90 46 85 0.85953
00025.jpg 437 97 48 69 0.85942
00025.jpg 231 90 105 203 0.85925
00025.jpg 546 119 79 154 0.85736
00025.jpg 326 162 136 149 0.85669
00025.jpg 581 82 43 87 0.85575
00025.jpg 549 127 72 102 0.85537
00025.jpg 352 153 106 161 0.85278
00025.jpg 323 161 147 155 0.85140
00025.jpg 552 120 78 138 0.85139
00025.jpg 307 159 164 155 0.85129
00025.jpg 306 158 162 160 0.85046
00025.jpg 323 153 139 166 0.85032
00025.jpg 428 110 163 291 0.84948
00025.jpg 437 94 50 71 0.84890
00025.jpg 434 91 141 330 0.84697
00025.jpg 545 117 80 131 0.84585
00025.jpg 428 102 150 311 0.84469
00025.jpg 608 125 175 292 0.84408
00025.jpg 238 84 85 211 0.84083
00025.jpg 580 87 44 83 0.83681
00025.jpg 310 157 159 151 0.83589
00025.jpg 540 123 83 163 0.83292
00025.jpg 552 125 75 107 0.83226
00025.jpg 549 125 74 114 0.83041
00025.jpg 605 136 184 287 0.82896
00025.jpg 433 94 52 73 0.82881
00025.jpg 592 130 195 284 0.82785
00025.jpg 437 94 49 69 0.82692
00025.jpg 321 166 143 150 0.82535
00025.jpg 238 87 92 198 0.82511
00025.jpg 436 101 163 314 0.82379
00025.jpg 575 83 55 98 0.82279
00025.jpg 574 83 53 82 0.82089
00025.jpg 429 89 177 327 0.82032
00025.jpg 300 150 168 154 0.81832
00025.jpg 315 154 153 164 0.81816
00025.jpg 439 97 48 66 0.81793
00025.jpg 548 120 77 118 0.81769
00025.jpg 237 86 98 202 0.81716
00025.jpg 434 97 49 66 0.81428
00025.jpg 236 85 95 208 0.81343
00025.jpg 553 121 68 85 0.81306
00025.jpg 549 123 78 123 0.81225
00025.jpg 548 127 78 115 0.81197
00025.jpg 549 123 71 111 0.80756
00025.jpg 313 152 150 162 0.80697
00025.jpg 573 87 56 75 0.80510
00025.jpg 321 168 141 144 0.80396
00025.jpg 578 83 46 84 0.80322
00025.jpg 334 157 128 157 0.79962
00025.jpg 571 90 54 89 0.79778
00025.jpg 550 120 78 151 0.79708
00025.jpg 244 89 88 198 0.79633
00025.jpg 550 123 69 89 0.79446
00025.jpg 440 103 164 312 0.79157
00025.jpg 317 168 145 123 0.78930
00025.jpg 547 127 75 128 0.78799
00025.jpg 561 104 63 89 0.78774
00025.jpg 244 90 84 196 0.78699
00025.jpg 321 152 144 167 0.78441
00025.jpg 571 87 55 78 0.78405
00025.jpg 579 87 47 83 0.78273
00025.jpg 548 124 78 114 0.78253
00025.jpg 549 129 80 112 0.78209
00025.jpg 577 85 45 87 0.78126
00025.jpg 596 124 186 293 0.77759
00025.jpg 555 117 71 107 0.77611
00025.jpg 438 94 46 69 0.77286
00025.jpg 541 123 83 178 0.76897
00025.jpg 431 93 178 319 0.76668
00025.jpg 315 152 143 160 0.76562
00025.jpg 603 123 180 299 0.76557
00025.jpg 435 94 180 305 0.76505
00025.jpg 439 108 47 144 0.76423
00025.jpg 301 161 165 148 0.76254
00025.jpg 559 121 72 115 0.76248
00025.jpg 373 159 88 136 0.76221
00025.jpg 546 127 80 158 0.76086
00025.jpg 602 122 189 296 0.76019
00025.jpg 535 126 96 195 0.75903
00025.jpg 438 97 142 318 0.75692
00025.jpg 435 102 158 317 0.75631
00025.jpg 360 162 99 137 0.75529
00025.jpg 606 123 181 299 0.75495
00025.jpg 315 164 143 142 0.75432
00025.jpg 577 84 44 83 0.75294
00025.jpg 313 169 158 142 0.75290
00025.jpg 436 93 52 72 0.75195
00025.jpg 577 86 47 82 0.75019
00025.jpg 328 161 140 150 0.74599
00025.jpg 596 121 207 305 0.74547
00025.jpg 595 121 184 298 0.74507
00025.jpg 601 119 196 299 0.73726
00025.jpg 446 100 141 300 0.73695
00025.jpg 434 94 55 75 0.73628
00025.jpg 546 118 79 138 0.73581
00025.jpg 322 156 145 150 0.73537
00025.jpg 438 97 47 66 0.73281
00025.jpg 328 155 142 163 0.72597
00025.jpg 310 168 162 131 0.72518
00025.jpg 434 96 54 60 0.72503
00025.jpg 440 108 160 317 0.71885
00025.jpg 315 157 145 141 0.71704
00025.jpg 616 124 177 282 0.71657
00025.jpg 433 95 168 328 0.71338
00025.jpg 326 156 132 156 0.71328
00025.jpg 547 114 75 123 0.71324
00025.jpg 574 86 50 78 0.70972
00025.jpg 596 131 189 277 0.70539
00025.jpg 601 135 193 284 0.70465
00025.jpg 309 157 155 150 0.70156
00025.jpg 601 111 195 314 0.69868
00025.jpg 432 99 54 62 0.69547
00025.jpg 312 166 151 144 0.69386
00025.jpg 569 85 62 96 0.69286
00025.jpg 574 81 54 89 0.69201
00025.jpg 435 104 141 310 0.69075
00025.jpg 542 120 78 193 0.68986
00025.jpg 435 92 56 70 0.68798
00025.jpg 546 122 80 125 0.68680
00025.jpg 610 120 180 303 0.68523
00025.jpg 322 159 144 158 0.68353
00025.jpg 438 95 48 67 0.68274
00025.jpg 435 96 49 75 0.67926
00025.jpg 314 172 151 132 0.67613
00025.jpg 343 159 122 154 0.67456
00025.jpg 547 127 78 110 0.67409
00025.jpg 436 87 50 100 0.67101
00025.jpg 304 159 158 151 0.66956
00025.jpg 434 96 54 85 0.66941
00025.jpg 585 87 41 97 0.66892
00025.jpg 348 160 111 144 0.66793
00025.jpg 440 92 48 72 0.66643
00025.jpg 576 83 48 88 0.66549
00025.jpg 579 81 45 88 0.66356
00025.jpg 437 96 48 159 0.65656
00025.jpg 321 158 152 156 0.65112
00025.jpg 538 105 87 245 0.64928
00025.jpg 435 95 53 71 0.64365
00025.jpg 435 92 47 72 0.64147
00025.jpg 549 136 74 113 0.63955
00025.jpg 544 121 78 177 0.63843
00025.jpg 545 124 76 110 0.63838
00025.jpg 547 127 79 132 0.63731
00025.jpg 312 174 160 136 0.63393
00025.jpg 434 91 50 92 0.63288
00025.jpg 601 128 189 291 0.63198
00025.jpg 610 116 183 308 0.62873
00025.jpg 577 87 51 101 0.62734
00025.jpg 439 92 159 321 0.62724
00025.jpg 431 103 144 322 0.62410
00025.jpg 440 111 162 296 0.62348
00025.jpg 548 127 81 116 0.61839
00025.jpg 310 165 155 151 0.61730
00025.jpg 542 130 91 121 0.61602
00025.jpg 243 82 81 218 0.61567
00025.jpg 434 96 54 70 0.61524
00025.jpg 579 84 46 82 0.61137
00025.jpg 545 124 72 98 0.61019
00025.jpg 346 162 103 144 0.60927
00025.jpg 441 94 47 74 0.60432
00025.jpg 330 159 138 132 0.60357
00025.jpg 378 152 83 145 0.60298
00025.jpg 233 89 90 203 0.60182
00025.jpg 547 125 73 123 0.60099
00025.jpg 546 124 73 99 0.59843
00025.jpg 441 94 48 74 0.59781
00025.jpg 551 130 82 96 0.59774
00025.jpg 549 130 70 107 0.59667
00025.jpg 545 130 84 91 0.59626
00025.jpg 363 156 93 134 0.59620
00025.jpg 313 177 148 125 0.59512
00025.jpg 541 115 74 140 0.59441
00025.jpg 547 119 86 149 0.59355
00025.jpg 373 164 79 138 0.59265
00025.jpg 620 121 172 311 0.59154
00025.jpg 306 158 159 152 0.58810
00025.jpg 601 119 196 319 0.58790
00025.jpg 443 98 46 59 0.58486
00025.jpg 605 126 189 290 0.58389
00025.jpg 310 180 153 124 0.58354
00025.jpg 314 230 135 59 0.58264
00025.jpg 536 111 93 197 0.58254
00025.jpg 376 160 83 146 0.58168
00025.jpg 427 102 188 318 0.58096
00025.jpg 567 90 58 92 0.57990
00025.jpg 327 165 140 146 0.57147
00025.jpg 575 85 51 69 0.57114
00025.jpg 424 98 198 286 0.56963
00025.jpg 548 111 78 194 0.56646
00025.jpg 336 205 110 104 0.56531
00025.jpg 546 122 70 118 0.56422
00025.jpg 583 88 41 91 0.56169
00025.jpg 535 113 87 228 0.56109
00025.jpg 423 92 194 327 0.56090
00025.jpg 529 103 99 259 0.56041
00025.jpg 537 115 93 221 0.55973
00025.jpg 584 82 42 90 0.55769
00025.jpg 607 118 192 295 0.55493
00025.jpg 422 95 172 327 0.55306
00025.jpg 580 85 40 93 0.54707
00025.jpg 313 159 154 157 0.54498
00025.jpg 599 123 184 283 0.54252
00025.jpg 355 161 104 154 0.54113
00025.jpg 574 88 52 72 0.54101
00025.jpg 338 185 121 124 0.53684
00025.jpg 306 155 166 158 0.53534
00025.jpg 547 120 72 146 0.52885
00025.jpg 549 128 78 112 0.52778
00025.jpg 428 99 61 73 0.52561
00025.jpg 319 210 135 98 0.52181
00025.jpg 531 108 94 267 0.51904
00025.jpg 438 95 52 99 0.51815
00025.jpg 551 110 64 92 0.51777
00025.jpg 246 88 79 191 0.51687
00025.jpg 294 145 187 161 0.51519
00025.jpg 550 128 77 97 0.50783
00025.jpg 348 156 112 141 0.50618
00025.jpg 435 90 50 81 0.50528
00025.jpg 434 93 56 89 0.50442
00025.jpg 440 95 46 68 0.50106
00025.jpg 416 105 159 313 0.50023
