00024.jpg 240 85 91 203 0.99956
00024.jpg 236 87 92 201 0.99956
00024.jpg 607 122 204 301 0.99930
00024.jpg 602 130 202 285 0.99930
00024.jpg 604 120 206 302 0.99925
00024.jpg 612 126 189 300 0.99912
00024.jpg 606 125 208 304 0.99864
00024.jpg 607 120 203 307 0.99851
00024.jpg 604 113 205 313 0.99821
00024.jpg 427 99 174 317 0.99806
00024.jpg 608 127 202 298 0.99792
00024.jpg 607 118 198 307 0.99771
00024.jpg 430 95 153 323 0.99767
00024.jpg 235 82 100 211 0.99715
00024.jpg 603 124 205 308 0.99708
00024.jpg 243 89 89 203 0.99696
00024.jpg 607 121 201 295 0.99686
00024.jpg 610 126 196 295 0.99667
00024.jpg 302 148 158 164 0.99660
00024.jpg 609 125 195 294 0.99648
00024.jpg 596 128 220 286 0.99644
00024.jpg 245 89 82 204 0.99594
00024.jpg 609 124 205 296 0.99511
00024.jpg 430 86 164 327 0.99500
00024.jpg 611 112 190 300 0.99439
00024.jpg 234 79 99 216 0.99424
00024.jpg 604 119 206 305 0.99376
00024.jpg 608 126 202 302 0.99366
00024.jpg 615 119 185 300 0.99329
00024.jpg 605 115 199 308 0.99226
00024.jpg 241 82 89 214 0.99223
00024.jpg 612 123 195 300 0.99209
00024.jpg 426 96 169 319 0.99190
00024.jpg 434 103 157 311 0.99143
00024.jpg 240 86 92 201 0.99112
00024.jpg 239 83 94 201 0.99066
00024.jpg 239 84 92 210 0.99056
00024.jpg 615 119 195 300 0.99020
00024.jpg 241 82 91 211 0.98974
00024.jpg 242 87 86 198 0.98960
00024.jpg 241 83 89 212 0.98870
00024.jpg 422 86 180 333 0.98865
00024.jpg 606 118 196 310 0.98843
00024.jpg 423 108 182 303 0.98696
00024.jpg 241 91 87 194 0.98662
00024.jpg 608 128 193 290 0.98631
00024.jpg 604 126 207 299 0.98617
00024.jpg 438 101 149 314 0.98567
00024.jpg 285 145 192 161 0.98358
00024.jpg 306 139 161 168 0.98344
00024.jpg 603 127 205 299 0.98334
00024.jpg 612 118 188 302 0.98306
00024.jpg 240 80 86 211 0.98305
00024.jpg 307 146 160 161 0.98219
00024.jpg 605 124 202 304 0.98160
00024.jpg 312 151 150 152 0.98120
00024.jpg 436 106 164 306 0.98077
00024.jpg 239 87 91 202 0.97875
00024.jpg 436 105 156 305 0.97784
00024.jpg 243 85 85 204 0.97770
00024.jpg 610 134 206 279 0.97762
00024.jpg 236 86 92 208 0.97757
00024.jpg 443 96 153 323 0.97656
00024.jpg 599 129 200 281 0.97581
00024.jpg 314 140 153 160 0.97476
00024.jpg 433 110 157 291 0.97437
00024.jpg 240 82 87 208 0.97400
00024.jpg 439 107 145 305 0.97343
00024.jpg 299 145 168 167 0.97168
00024.jpg 302 147 166 153 0.97128
00024.jpg 313 139 142 164 0.97033
00024.jpg 427 112 176 305 0.96995
00024.jpg 441 95 152 321 0.96917
00024.jpg 237 86 96 199 0.96901
00024.jpg 236 84 94 208 0.96817
00024.jpg 615 124 190 286 0.96762
00024.jpg 442 112 150 297 0.96649
00024.jpg 306 145 167 164 0.96645
00024.jpg 308 148 159 160 0.96568
00024.jpg 444 105 146 290 0.96530
00024.jpg 236 89 94 201 0.96521
00024.jpg 602 119 200 305 0.96520
00024.jpg 242 87 90 200 0.96499
00024.jpg 245 98 88 190 0.96461
00024.jpg 298 145 176 159 0.96433
00024.jpg 439 102 150 308 0.96432
00024.jpg 437 97 151 313 0.96377
00024.jpg 307 146 156 158 0.96348
00024.jpg 602 129 208 295 0.96286
00024.jpg 307 145 164 163 0.96239
00024.jpg 305 145 168 165 0.96207
00024.jpg 442 105 148 302 0.96190
00024.jpg 240 91 92 198 0.96054
00024.jpg 241 87 93 199 0.95876
00024.jpg 612 123 191 306 0.95771
00024.jpg 562 94 69 177 0.95761
00024.jpg 242 86 88 204 0.95744
00024.jpg 238 89 93 202 0.95597
00024.jpg 435 108 158 303 0.95486
00024.jpg 301 137 170 166 0.95421
00024.jpg 308 140 163 161 0.95369
00024.jpg 603 117 202 313 0.95312
00024.jpg 237 90 97 200 0.95283
00024.jpg 611 117 207 295 0.95178
00024.jpg 241 94 89 192 0.95149
00024.jpg 597 126 212 305 0.95145
00024.jpg 425 90 171 325 0.94925
00024.jpg 242 87 90 205 0.94917
00024.jpg 591 120 231 306 0.94842
00024.jpg 446 106 141 303 0.94764
00024.jpg 305 133 158 171 0.94683
00024.jpg 312 152 150 156 0.94584
00024.jpg 296 143 173 168 0.94572
00024.jpg 315 140 150 170 0.94506
00024.jpg 243 86 81 208 0.94476
00024.jpg 241 88 92 200 0.94337
00024.jpg 306 146 163 163 0.94298
00024.jpg 303 144 177 167 0.94242
00024.jpg 301 136 170 173 0.94208
00024.jpg 433 95 167 302 0.94206
00024.jpg 600 129 206 296 0.94111
00024.jpg 427 111 160 301 0.93876
00024.jpg 302 152 173 154 0.93646
00024.jpg 296 144 169 164 0.93620
00024.jpg 240 93 91 191 0.93591
00024.jpg 438 99 151 314 0.93574
00024.jpg 241 85 91 206 0.93466
00024.jpg 618 117 192 310 0.93328
00024.jpg 608 126 206 303 0.93081
00024.jpg 603 137 198 280 0.92990
00024.jpg 306 148 169 162 0.92979
00024.jpg 603 129 202 295 0.92921
00024.jpg 602 113 208 297 0.92781
00024.jpg 235 90 94 192 0.92484
00024.jpg 306 139 163 169 0.92451
00024.jpg 303 137 164 173 0.92195
00024.jpg 441 99 47 183 0.92101
00024.jpg 302 142 171 162 0.91691
00024.jpg 546 84 89 281 0.91255
00024.jpg 440 105 143 304 0.91060
00024.jpg 439 71 45 238 0.90993
00024.jpg 295 144 174 159 0.90969
00024.jpg 604 123 199 300 0.90902
00024.jpg 551 84 82 250 0.90833
00024.jpg 439 105 135 312 0.90753
00024.jpg 300 143 167 158 0.90513
00024.jpg 608 120 199 312 0.90426
00024.jpg 314 144 155 160 0.90277
00024.jpg 437 103 143 312 0.90225
00024.jpg 296 144 167 159 0.90101
00024.jpg 541 81 93 265 0.89804
00024.jpg 435 87 177 323 0.89657
00024.jpg 548 87 79 266 0.89595
00024.jpg 434 96 161 324 0.89544
00024.jpg 428 105 187 284 0.89347
00024.jpg 435 99 151 321 0.89190
00024.jpg 315 143 145 165 0.89166
00024.jpg 544 82 86 273 0.89132
00024.jpg 601 129 206 293 0.89012
00024.jpg 312 145 151 156 0.88810
00024.jpg 438 97 46 142 0.88804
00024.jpg 448 99 153 304 0.88714
00024.jpg 445 107 127 297 0.88630
00024.jpg 552 84 79 250 0.88606
00024.jpg 440 102 156 311 0.88517
00024.jpg 566 93 60 171 0.88397
00024.jpg 439 95 50 82 0.88077
00024.jpg 543 81 83 276 0.88043
00024.jpg 243 83 85 203 0.87901
00024.jpg 606 134 196 287 0.87795
00024.jpg 605 127 202 298 0.87766
00024.jpg 434 81 47 232 0.87724
00024.jpg 293 149 174 157 0.87683
00024.jpg 233 79 94 212 0.87538
00024.jpg 606 114 202 318 0.87529
00024.jpg 308 142 161 164 0.87512
00024.jpg 552 82 82 263 0.87406
00024.jpg 242 86 91 201 0.87396
00024.jpg 555 80 74 268 0.87360
00024.jpg 438 96 46 215 0.87066
00024.jpg 434 125 164 292 0.86955
00024.jpg 293 142 173 160 0.86494
00024.jpg 613 120 193 300 0.86186
00024.jpg 298 147 173 160 0.85958
00024.jpg 309 149 158 157 0.85633
00024.jpg 539 97 83 258 0.85625
00024.jpg 437 100 163 313 0.85392
00024.jpg 603 129 200 289 0.85130
00024.jpg 311 150 155 155 0.85038
00024.jpg 438 108 165 286 0.85024
00024.jpg 551 90 76 257 0.85017
00024.jpg 540 79 93 289 0.84980
00024.jpg 240 86 89 198 0.84894
00024.jpg 299 145 173 163 0.84701
00024.jpg 420 100 180 313 0.83831
00024.jpg 533 90 99 253 0.83423
00024.jpg 317 145 157 157 0.83289
00024.jpg 306 150 155 159 0.83246
00024.jpg 562 83 71 237 0.83225
00024.jpg 435 103 166 300 0.83008
00024.jpg 537 98 95 250 0.82901
00024.jpg 299 147 173 154 0.82845
00024.jpg 435 83 187 324 0.82759
00024.jpg 435 95 53 88 0.82673
00024.jpg 538 90 98 276 0.82575
00024.jpg 238 86 93 201 0.82530
00024.jpg 418 91 194 337 0.82505
00024.jpg 539 85 103 249 0.82387
00024.jpg 604 124 195 315 0.82247
00024.jpg 324 144 129 163 0.82247
00024.jpg 549 72 84 274 0.82080
00024.jpg 537 113 53 179 0.81783
00024.jpg 290 156 184 153 0.81777
00024.jpg 549 86 83 264 0.81335
00024.jpg 231 91 104 200 0.81326
00024.jpg 239 93 90 194 0.81283
00024.jpg 562 86 70 169 0.81104
00024.jpg 441 97 45 183 0.80646
00024.jpg 536 87 98 280 0.80592
00024.jpg 286 141 179 164 0.80480
00024.jpg 291 140 181 171 0.80453
00024.jpg 544 86 84 272 0.80440
00024.jpg 540 94 83 248 0.80418
00024.jpg 553 82 86 244 0.80247
00024.jpg 289 140 182 165 0.80067
00024.jpg 436 94 50 136 0.79970
00024.jpg 542 80 96 276 0.79618
00024.jpg 439 96 51 83 0.79549
00024.jpg 437 94 53 83 0.79533
00024.jpg 295 145 177 161 0.79525
00024.jpg 438 95 52 127 0.79371
00024.jpg 431 102 159 305 0.79253
00024.jpg 538 91 86 254 0.79040
00024.jpg 446 108 128 296 0.78791
00024.jpg 302 141 163 165 0.78622
00024.jpg 437 94 53 100 0.78530
00024.jpg 537 89 99 265 0.78393
00024.jpg 435 109 177 286 0.78385
00024.jpg 554 78 79 246 0.77942
00024.jpg 297 153 178 153 0.77896
00024.jpg 437 96 49 206 0.77797
00024.jpg 533 92 101 268 0.77447
00024.jpg 436 96 58 82 0.77316
00024.jpg 618 126 191 301 0.77169
00024.jpg 435 95 53 85 0.76572
00024.jpg 436 94 53 210 0.76400
00024.jpg 234 79 108 213 0.76375
00024.jpg 536 75 101 287 0.76305
00024.jpg 534 123 56 117 0.76261
00024.jpg 615 111 198 319 0.76025
00024.jpg 530 91 111 248 0.75726
00024.jpg 282 139 213 173 0.75553
00024.jpg 564 83 69 227 0.75537
00024.jpg 442 92 160 324 0.75396
00024.jpg 439 93 48 98 0.75353
00024.jpg 289 150 176 160 0.75255
00024.jpg 542 80 94 282 0.75113
00024.jpg 565 88 67 176 0.75056
00024.jpg 608 104 188 327 0.75053
00024.jpg 612 124 190 300 0.75049
00024.jpg 552 89 74 213 0.75047
00024.jpg 434 93 58 86 0.74965
00024.jpg 431 105 167 291 0.74959
00024.jpg 437 95 51 101 0.74792
00024.jpg 294 143 174 160 0.74617
00024.jpg 560 93 74 105 0.73871
00024.jpg 312 141 165 171 0.73865
00024.jpg 430 88 152 327 0.73849
00024.jpg 239 92 89 186 0.73818
00024.jpg 423 101 183 303 0.73764
00024.jpg 561 84 73 222 0.73735
00024.jpg 436 81 48 237 0.73595
00024.jpg 441 96 45 78 0.73425
00024.jpg 438 91 42 220 0.73215
00024.jpg 433 98 168 315 0.73118
00024.jpg 296 140 174 148 0.72983
00024.jpg 292 133 171 171 0.72948
00024.jpg 565 89 61 168 0.72866
00024.jpg 531 84 103 293 0.72595
00024.jpg 537 92 86 253 0.72551
00024.jpg 459 97 151 306 0.72489
00024.jpg 567 88 64 172 0.72368
00024.jpg 325 147 137 155 0.72336
00024.jpg 474 87 134 300 0.72275
00024.jpg 319 150 140 153 0.72274
00024.jpg 435 90 54 93 0.71917
00024.jpg 434 89 56 214 0.71722
00024.jpg 563 89 70 172 0.71577
00024.jpg 438 95 52 90 0.71499
00024.jpg 437 93 54 85 0.71468
00024.jpg 605 133 200 295 0.71420
00024.jpg 236 98 94 188 0.71297
00024.jpg 561 78 73 233 0.70980
00024.jpg 438 94 51 83 0.70820
00024.jpg 592 120 233 308 0.70163
00024.jpg 537 82 96 285 0.70075
00024.jpg 537 88 104 262 0.69798
00024.jpg 539 121 49 109 0.69705
00024.jpg 534 121 49 65 0.69608
00024.jpg 442 98 47 133 0.69548
00024.jpg 312 149 154 147 0.69533
00024.jpg 553 80 80 249 0.69468
00024.jpg 244 85 94 196 0.69348
00024.jpg 544 89 84 225 0.69321
00024.jpg 242 92 85 193 0.69297
00024.jpg 433 96 57 121 0.69209
00024.jpg 532 114 55 153 0.68996
00024.jpg 539 97 93 259 0.68905
00024.jpg 426 91 64 206 0.68889
00024.jpg 434 112 161 275 0.68888
00024.jpg 432 86 54 209 0.68711
00024.jpg 613 127 196 299 0.68656
00024.jpg 430 91 65 223 0.68412
00024.jpg 535 96 91 262 0.68206
00024.jpg 438 87 50 117 0.68099
00024.jpg 535 124 56 97 0.68016
00024.jpg 430 90 60 206 0.67719
00024.jpg 529 94 103 264 0.67669
00024.jpg 610 113 182 302 0.67563
00024.jpg 558 111 71 76 0.67429
00024.jpg 441 98 45 78 0.67377
00024.jpg 423 122 169 285 0.67184
00024.jpg 538 123 45 79 0.66838
00024.jpg 553 86 84 224 0.66755
00024.jpg 431 112 151 292 0.66717
00024.jpg 565 93 66 156 0.66312
00024.jpg 559 83 72 219 0.66157
00024.jpg 332 146 138 158 0.65980
00024.jpg 438 89 50 94 0.65813
00024.jpg 535 123 54 68 0.65802
00024.jpg 454 95 139 304 0.65776
00024.jpg 564 88 63 116 0.65089
00024.jpg 293 152 179 147 0.64986
00024.jpg 535 117 43 62 0.64792
00024.jpg 565 90 62 176 0.64646
00024.jpg 292 134 196 168 0.64619
00024.jpg 431 88 58 223 0.64520
00024.jpg 439 94 52 84 0.64382
00024.jpg 563 89 69 202 0.64285
00024.jpg 534 89 95 265 0.64009
00024.jpg 534 92 85 264 0.63836
00024.jpg 436 125 42 181 0.63786
00024.jpg 607 131 215 272 0.63653
00024.jpg 441 93 43 86 0.63286
00024.jpg 298 151 162 160 0.62815
00024.jpg 603 123 199 299 0.62626
00024.jpg 539 93 78 276 0.62609
00024.jpg 534 118 46 98 0.62577
00024.jpg 436 93 47 194 0.62145
00024.jpg 432 89 50 207 0.62078
00024.jpg 537 88 97 278 0.61968
00024.jpg 430 90 63 212 0.61853
00024.jpg 602 121 186 290 0.61692
00024.jpg 437 93 50 97 0.61497
00024.jpg 271 131 231 164 0.61399
00024.jpg 442 91 48 93 0.61330
00024.jpg 432 95 60 88 0.61239
00024.jpg 314 148 156 166 0.61066
00024.jpg 434 92 145 308 0.60693
00024.jpg 433 96 60 84 0.60676
00024.jpg 312 140 150 167 0.60468
00024.jpg 331 143 129 152 0.60242
00024.jpg 434 101 54 85 0.60098
00024.jpg 276 125 192 168 0.60055
00024.jpg 536 104 81 240 0.59831
00024.jpg 567 95 63 134 0.59740
00024.jpg 432 94 50 204 0.59370
00024.jpg 429 105 60 184 0.58952
00024.jpg 244 88 79 198 0.58760
00024.jpg 433 116 145 290 0.58744
00024.jpg 329 152 123 153 0.58719
00024.jpg 537 121 44 63 0.58654
00024.jpg 536 117 49 82 0.58207
00024.jpg 606 142 218 267 0.57184
00024.jpg 430 106 161 308 0.57156
00024.jpg 434 93 191 326 0.56841
00024.jpg 563 87 72 194 0.56791
00024.jpg 585 127 216 281 0.56780
00024.jpg 291 147 178 159 0.56487
00024.jpg 320 150 143 157 0.56344
00024.jpg 546 94 77 269 0.56129
00024.jpg 534 116 69 166 0.55866
00024.jpg 438 98 48 139 0.55862
00024.jpg 322 147 145 153 0.55724
00024.jpg 557 77 79 245 0.55659
00024.jpg 441 97 53 81 0.55121
00024.jpg 533 118 52 85 0.54634
00024.jpg 244 86 88 205 0.54632
00024.jpg 435 103 54 76 0.54578
00024.jpg 439 106 132 297 0.54387
00024.jpg 563 87 69 187 0.53789
00024.jpg 431 97 59 205 0.53613
00024.jpg 536 121 43 64 0.53443
00024.jpg 420 105 171 308 0.53423
00024.jpg 428 95 175 337 0.53262
00024.jpg 534 123 48 65 0.53049
00024.jpg 538 115 42 70 0.52968
00024.jpg 611 115 192 311 0.52932
00024.jpg 556 83 75 254 0.52843
00024.jpg 443 97 44 85 0.52629
00024.jpg 608 123 210 281 0.52575
00024.jpg 558 84 79 223 0.52557
00024.jpg 437 97 49 91 0.52542
00024.jpg 537 103 70 196 0.51725
00024.jpg 432 108 56 196 0.51701
00024.jpg 286 147 189 147 0.51686
00024.jpg 314 148 157 147 0.51449
00024.jpg 435 99 55 74 0.51237
00024.jpg 533 97 89 247 0.51026
00024.jpg 445 91 44 85 0.50977
00024.jpg 439 94 49 86 0.50925
00024.jpg 436 88 55 119 0.50777
00024.jpg 315 135 163 181 0.50671
00024.jpg 440 92 54 100 0.50595
00024.jpg 561 88 65 155 0.50471
00024.jpg 603 121 204 298 0.50332
00024.jpg 433 96 47 189 0.50156
00024.jpg 539 117 58 151 0.50080
00024.jpg 535 124 49 60 0.50036
00024.jpg 421 85 78 234 0.50018
