00039.jpg 195 95 87 204 0.99949
00039.jpg 196 88 91 206 0.99901
00039.jpg 193 89 90 204 0.99874
00039.jpg 332 76 140 339 0.99841
00039.jpg 542 87 71 144 0.99823
00039.jpg 340 83 137 326 0.99820
00039.jpg 193 90 90 209 0.99811
00039.jpg 541 89 77 148 0.99787
00039.jpg 192 91 93 200 0.99761
00039.jpg 197 84 90 211 0.99719
00039.jpg 197 91 81 209 0.99664
00039.jpg 338 88 130 319 0.99637
00039.jpg 192 92 95 205 0.99620
00039.jpg 338 90 131 320 0.99587
00039.jpg 328 71 148 344 0.99568
00039.jpg 541 88 74 153 0.99565
00039.jpg 202 86 82 213 0.99562
00039.jpg 332 80 143 325 0.99537
00039.jpg 330 88 153 339 0.99486
00039.jpg 197 87 84 212 0.99471
00039.jpg 196 92 91 208 0.99461
00039.jpg 329 93 152 320 0.99459
00039.jpg 195 92 90 202 0.99435
00039.jpg 328 82 147 333 0.99421
00039.jpg 342 85 121 325 0.99415
00039.jpg 335 86 133 324 0.99403
00039.jpg 538 89 79 150 0.99370
00039.jpg 195 86 88 210 0.99345
00039.jpg 335 87 140 320 0.99327
00039.jpg 457 115 134 282 0.99307
00039.jpg 622 297 147 88 0.99193
00039.jpg 201 91 80 207 0.99084
00039.jpg 620 296 162 89 0.98987
00039.jpg 336 89 142 321 0.98941
00039.jpg 193 86 88 208 0.98934
00039.jpg 463 130 124 268 0.98870
00039.jpg 195 83 93 215 0.98859
00039.jpg 198 82 85 214 0.98852
00039.jpg 341 95 130 307 0.98816
00039.jpg 190 88 103 205 0.98783
00039.jpg 322 85 158 328 0.98619
00039.jpg 334 84 151 332 0.98555
00039.jpg 331 89 144 322 0.98531
00039.jpg 544 87 70 151 0.98528
00039.jpg 196 94 83 196 0.98510
00039.jpg 544 85 69 155 0.98425
00039.jpg 193 91 88 206 0.98368
00039.jpg 467 138 127 268 0.98364
00039.jpg 335 95 143 319 0.98318
00039.jpg 335 84 139 327 0.98250
00039.jpg 196 92 89 207 0.98245
00039.jpg 195 93 88 201 0.98243
00039.jpg 333 84 142 334 0.98237
00039.jpg 332 83 142 337 0.98232
00039.jpg 337 90 139 331 0.98199
00039.jpg 463 115 127 281 0.98195
00039.jpg 544 84 70 150 0.98164
00039.jpg 330 92 145 323 0.98068
00039.jpg 544 90 66 147 0.98065
00039.jpg 197 84 86 211 0.98035
00039.jpg 195 87 84 207 0.97981
00039.jpg 330 99 145 301 0.97921
00039.jpg 543 88 72 148 0.97859
00039.jpg 623 300 158 80 0.97824
00039.jpg 197 79 88 222 0.97761
00039.jpg 619 294 161 90 0.97727
00039.jpg 545 86 67 152 0.97620
00039.jpg 470 127 129 285 0.97557
00039.jpg 461 130 134 264 0.97551
00039.jpg 330 101 149 303 0.97531
00039.jpg 330 102 154 299 0.97467
00039.jpg 637 296 138 93 0.97391
00039.jpg 465 130 132 277 0.97348
00039.jpg 195 86 89 210 0.97318
00039.jpg 543 84 71 153 0.97179
00039.jpg 618 297 164 92 0.97178
00039.jpg 464 118 131 291 0.97172
00039.jpg 334 96 142 323 0.97083
00039.jpg 534 90 76 157 0.97069
00039.jpg 539 85 74 155 0.97056
00039.jpg 335 81 139 333 0.96995
00039.jpg 467 131 118 248 0.96873
00039.jpg 198 83 88 208 0.96679
00039.jpg 544 88 70 148 0.96550
00039.jpg 612 293 165 88 0.96472
00039.jpg 539 87 74 158 0.96393
00039.jpg 542 84 71 151 0.96344
00039.jpg 329 82 147 337 0.96300
00039.jpg 337 80 143 338 0.96269
00039.jpg 546 87 64 153 0.96154
00039.jpg 419 102 57 104 0.95891
00039.jpg 462 133 128 244 0.95737
00039.jpg 197 88 86 206 0.95622
00039.jpg 193 88 89 211 0.95582
00039.jpg 335 82 139 338 0.95569
00039.jpg 620 295 157 90 0.95563
00039.jpg 443 120 161 287 0.95534
00039.jpg 466 132 132 280 0.95513
00039.jpg 545 90 64 141 0.95467
00039.jpg 603 296 184 90 0.95422
00039.jpg 615 297 162 87 0.95318
00039.jpg 626 297 157 91 0.95280
00039.jpg 544 88 70 145 0.95240
00039.jpg 332 99 144 318 0.95231
00039.jpg 337 87 138 325 0.95170
00039.jpg 632 293 147 94 0.95166
00039.jpg 471 129 117 281 0.95161
00039.jpg 469 134 116 259 0.95120
00039.jpg 541 91 73 144 0.95090
00039.jpg 337 87 142 323 0.94716
00039.jpg 614 294 167 90 0.94663
00039.jpg 613 288 178 95 0.94635
00039.jpg 538 93 79 144 0.94606
00039.jpg 540 91 75 145 0.94502
00039.jpg 324 99 150 321 0.94427
00039.jpg 541 88 74 147 0.94276
00039.jpg 339 88 141 323 0.94241
00039.jpg 544 88 71 153 0.94058
00039.jpg 335 92 136 328 0.94053
00039.jpg 628 292 148 89 0.93999
00039.jpg 332 82 138 341 0.93902
00039.jpg 631 295 147 90 0.93591
00039.jpg 547 85 63 154 0.93552
00039.jpg 454 127 147 285 0.93523
00039.jpg 459 137 149 267 0.93460
00039.jpg 465 126 130 261 0.93298
00039.jpg 194 83 92 210 0.93240
00039.jpg 471 124 118 282 0.93238
00039.jpg 544 89 66 144 0.93042
00039.jpg 334 82 144 330 0.92835
00039.jpg 540 86 76 151 0.92781
00039.jpg 615 292 160 95 0.92767
00039.jpg 468 128 124 268 0.92721
00039.jpg 627 299 145 86 0.92680
00039.jpg 625 294 150 95 0.92564
00039.jpg 466 133 131 268 0.92483
00039.jpg 199 81 84 222 0.92375
00039.jpg 195 86 86 212 0.92155
00039.jpg 336 97 133 312 0.92065
00039.jpg 200 92 85 201 0.92029
00039.jpg 544 91 66 151 0.92023
00039.jpg 337 84 137 331 0.92002
00039.jpg 625 296 151 87 0.91901
00039.jpg 544 89 67 149 0.91781
00039.jpg 464 126 128 267 0.91635
00039.jpg 331 87 153 335 0.91566
00039.jpg 466 129 126 278 0.91431
00039.jpg 543 87 68 155 0.91406
00039.jpg 329 81 140 334 0.91368
00039.jpg 463 121 135 286 0.91313
00039.jpg 463 121 122 284 0.91173
00039.jpg 415 102 58 93 0.91085
00039.jpg 466 104 124 315 0.90831
00039.jpg 618 294 166 88 0.90652
00039.jpg 195 82 85 217 0.90551
00039.jpg 614 292 174 92 0.90427
00039.jpg 615 288 168 96 0.90373
00039.jpg 626 297 151 91 0.90317
00039.jpg 469 118 118 279 0.90255
00039.jpg 541 87 72 156 0.90203
00039.jpg 621 293 158 94 0.90148
00039.jpg 540 89 75 145 0.90049
00039.jpg 451 122 148 272 0.89889
00039.jpg 469 118 125 284 0.89787
00039.jpg 190 94 90 200 0.89518
00039.jpg 195 87 88 207 0.89439
00039.jpg 623 295 145 90 0.89309
00039.jpg 466 132 130 278 0.89252
00039.jpg 874 0 79 91 0.89243
00039.jpg 201 83 85 213 0.88916
00039.jpg 540 92 72 157 0.88806
00039.jpg 619 293 168 91 0.88700
00039.jpg 545 85 63 157 0.88587
00039.jpg 460 124 135 290 0.88574
00039.jpg 415 104 60 98 0.88554
00039.jpg 613 291 171 95 0.88449
00039.jpg 199 82 89 216 0.88326
00039.jpg 468 118 126 274 0.88323
00039.jpg 468 127 119 275 0.88217
00039.jpg 541 86 74 148 0.87586
00039.jpg 416 105 59 83 0.87477
00039.jpg 474 120 132 297 0.87463
00039.jpg 342 86 134 328 0.87113
00039.jpg 633 301 134 84 0.87097
00039.jpg 329 90 140 323 0.87063
00039.jpg 419 97 51 100 0.86947
00039.jpg 540 88 76 149 0.86939
00039.jpg 194 82 89 217 0.86906
00039.jpg 452 121 156 279 0.86883
00039.jpg 625 294 161 91 0.86857
00039.jpg 541 88 73 145 0.86791
00039.jpg 872 0 77 87 0.86601
00039.jpg 195 88 92 202 0.86124
00039.jpg 537 80 77 169 0.86003
00039.jpg 465 124 136 280 0.85999
00039.jpg 629 296 129 87 0.85914
00039.jpg 341 93 131 327 0.85766
00039.jpg 468 124 134 286 0.85699
00039.jpg 866 0 85 95 0.85493
00039.jpg 461 130 131 236 0.85388
00039.jpg 336 81 134 348 0.85388
00039.jpg 617 293 162 85 0.84979
00039.jpg 616 290 175 97 0.84922
00039.jpg 334 100 134 310 0.84668
00039.jpg 623 294 160 94 0.84662
00039.jpg 624 291 156 83 0.84523
00039.jpg 616 300 171 92 0.84490
00039.jpg 872 1 76 81 0.84454
00039.jpg 545 88 62 145 0.84110
00039.jpg 540 83 75 161 0.83960
00039.jpg 420 104 56 117 0.83847
00039.jpg 192 93 88 203 0.83795
00039.jpg 871 0 78 97 0.83561
00039.jpg 459 126 131 287 0.83458
00039.jpg 617 297 161 92 0.83405
00039.jpg 414 106 62 85 0.83343
00039.jpg 866 0 89 88 0.83055
00039.jpg 612 290 178 95 0.82670
00039.jpg 465 131 130 274 0.82331
00039.jpg 618 289 165 91 0.82081
00039.jpg 629 296 154 89 0.82075
00039.jpg 465 111 141 301 0.82056
00039.jpg 363 80 114 308 0.81969
00039.jpg 631 296 140 82 0.81874
00039.jpg 464 129 133 259 0.81766
00039.jpg 456 124 152 271 0.81578
00039.jpg 342 82 129 336 0.81517
00039.jpg 414 103 60 92 0.81343
00039.jpg 333 95 136 317 0.81299
00039.jpg 464 131 126 258 0.81147
00039.jpg 618 294 155 92 0.81104
00039.jpg 615 299 176 89 0.81064
00039.jpg 542 88 71 144 0.80971
00039.jpg 618 293 168 96 0.80969
00039.jpg 873 0 74 99 0.80889
00039.jpg 196 81 88 219 0.80850
00039.jpg 620 297 154 90 0.80735
00039.jpg 542 88 70 140 0.80547
00039.jpg 416 101 56 112 0.80299
00039.jpg 419 100 54 138 0.80262
00039.jpg 872 0 84 80 0.80172
00039.jpg 540 90 78 169 0.80026
00039.jpg 452 131 155 285 0.80015
00039.jpg 617 297 159 91 0.80008
00039.jpg 868 0 72 95 0.79784
00039.jpg 633 300 141 83 0.79724
00039.jpg 418 100 60 160 0.79483
00039.jpg 204 84 84 215 0.79370
00039.jpg 612 291 166 96 0.78996
00039.jpg 549 85 66 152 0.78917
00039.jpg 454 123 150 289 0.78736
00039.jpg 330 77 139 337 0.78359
00039.jpg 540 85 71 152 0.78302
00039.jpg 463 122 122 269 0.78053
00039.jpg 459 119 139 278 0.77978
00039.jpg 415 104 59 90 0.77431
00039.jpg 868 0 77 88 0.77152
00039.jpg 463 125 121 258 0.77078
00039.jpg 622 290 162 98 0.76954
00039.jpg 463 141 145 271 0.76863
00039.jpg 417 104 50 84 0.76838
00039.jpg 615 290 156 95 0.76690
00039.jpg 615 297 172 88 0.76624
00039.jpg 416 101 57 107 0.76507
00039.jpg 622 290 155 92 0.76207
00039.jpg 418 101 51 89 0.76100
00039.jpg 540 87 72 157 0.75896
00039.jpg 628 295 154 94 0.75896
00039.jpg 868 0 68 96 0.75804
00039.jpg 333 90 152 306 0.75798
00039.jpg 535 82 81 219 0.75494
00039.jpg 616 298 158 87 0.75453
00039.jpg 862 0 89 88 0.75025
00039.jpg 449 122 162 289 0.74935
00039.jpg 327 91 151 310 0.74926
00039.jpg 869 1 77 85 0.74718
00039.jpg 879 0 76 80 0.74656
00039.jpg 195 94 90 201 0.74567
00039.jpg 614 293 163 90 0.74493
00039.jpg 192 87 93 206 0.74486
00039.jpg 463 119 147 289 0.74481
00039.jpg 542 90 68 152 0.74450
00039.jpg 867 0 81 99 0.74306
00039.jpg 464 131 129 254 0.74212
00039.jpg 618 296 148 88 0.73838
00039.jpg 539 90 76 177 0.73837
00039.jpg 419 104 51 83 0.73734
00039.jpg 343 84 121 327 0.73550
00039.jpg 636 301 128 81 0.73541
00039.jpg 418 104 52 80 0.73405
00039.jpg 468 118 134 288 0.72965
00039.jpg 871 0 72 93 0.72650
00039.jpg 876 1 60 94 0.72481
00039.jpg 343 80 124 333 0.72324
00039.jpg 414 103 60 84 0.71985
00039.jpg 536 92 85 141 0.71839
00039.jpg 419 105 55 85 0.71824
00039.jpg 416 100 56 97 0.71796
00039.jpg 449 124 155 285 0.71594
00039.jpg 629 293 145 93 0.71241
00039.jpg 420 103 51 82 0.70929
00039.jpg 461 147 121 228 0.70764
00039.jpg 417 97 50 123 0.70414
00039.jpg 868 2 78 90 0.70354
00039.jpg 631 291 152 90 0.70227
00039.jpg 538 82 78 167 0.70149
00039.jpg 535 89 79 168 0.70055
00039.jpg 876 0 72 100 0.69751
00039.jpg 417 103 61 112 0.69120
00039.jpg 468 125 116 268 0.69064
00039.jpg 864 0 90 94 0.69008
00039.jpg 419 98 57 97 0.68917
00039.jpg 419 102 57 85 0.68746
00039.jpg 618 297 180 91 0.68486
00039.jpg 873 0 68 99 0.68441
00039.jpg 416 100 52 91 0.68407
00039.jpg 546 84 58 147 0.68280
00039.jpg 467 130 144 279 0.68278
00039.jpg 867 0 85 98 0.68260
00039.jpg 335 91 139 334 0.68259
00039.jpg 415 107 57 75 0.68043
00039.jpg 544 87 69 147 0.67919
00039.jpg 416 101 58 126 0.67908
00039.jpg 467 131 119 271 0.67858
00039.jpg 414 103 64 91 0.67715
00039.jpg 330 82 135 328 0.67602
00039.jpg 465 133 120 267 0.67596
00039.jpg 452 116 158 269 0.67167
00039.jpg 606 303 176 79 0.66820
00039.jpg 870 0 71 81 0.66712
00039.jpg 612 293 151 91 0.66656
00039.jpg 417 99 51 101 0.66574
00039.jpg 628 294 152 89 0.66560
00039.jpg 463 120 148 286 0.66549
00039.jpg 535 75 79 183 0.66245
00039.jpg 327 89 171 325 0.65870
00039.jpg 929 1 30 84 0.65756
00039.jpg 416 100 55 103 0.65742
00039.jpg 879 0 73 90 0.65511
00039.jpg 414 106 55 85 0.65510
00039.jpg 545 86 74 152 0.65455
00039.jpg 188 82 102 222 0.65137
00039.jpg 419 100 58 112 0.64971
00039.jpg 418 102 61 135 0.64878
00039.jpg 418 106 57 82 0.64775
00039.jpg 328 74 144 348 0.64699
00039.jpg 416 102 58 83 0.64698
00039.jpg 637 294 150 88 0.64104
00039.jpg 195 88 91 212 0.64096
00039.jpg 635 299 136 88 0.63461
00039.jpg 624 292 139 96 0.63351
00039.jpg 902 0 57 89 0.62878
00039.jpg 545 82 71 168 0.62723
00039.jpg 461 143 143 280 0.62562
00039.jpg 601 294 165 93 0.62355
00039.jpg 542 89 70 151 0.61797
00039.jpg 550 85 65 146 0.61755
00039.jpg 202 83 86 213 0.61737
00039.jpg 868 0 82 59 0.61632
00039.jpg 643 298 117 87 0.61618
00039.jpg 472 100 143 318 0.61512
00039.jpg 467 115 140 301 0.61400
00039.jpg 419 106 56 92 0.61270
00039.jpg 617 294 164 95 0.61208
00039.jpg 421 101 47 87 0.61132
00039.jpg 467 130 119 233 0.60672
00039.jpg 878 0 77 96 0.60157
00039.jpg 541 78 69 187 0.60112
00039.jpg 645 296 126 92 0.60109
00039.jpg 408 96 70 198 0.59853
00039.jpg 601 300 185 86 0.59755
00039.jpg 468 132 116 236 0.59564
00039.jpg 875 0 62 78 0.59441
00039.jpg 331 87 159 343 0.59157
00039.jpg 416 105 49 84 0.58348
00039.jpg 445 119 157 299 0.58134
00039.jpg 331 81 137 341 0.58087
00039.jpg 874 1 72 90 0.58065
00039.jpg 881 0 67 98 0.57996
00039.jpg 195 90 91 201 0.57923
00039.jpg 868 0 74 73 0.57670
00039.jpg 614 292 158 88 0.57498
00039.jpg 459 121 125 269 0.57481
00039.jpg 870 1 77 98 0.57200
00039.jpg 417 98 57 94 0.57172
00039.jpg 481 105 123 273 0.57102
00039.jpg 421 103 53 90 0.56796
00039.jpg 333 85 133 322 0.56707
00039.jpg 639 293 124 91 0.56661
00039.jpg 455 114 140 267 0.56493
00039.jpg 464 113 134 317 0.56250
00039.jpg 194 84 93 199 0.56122
00039.jpg 469 122 129 280 0.56066
00039.jpg 199 86 80 206 0.56019
00039.jpg 871 4 68 90 0.55987
00039.jpg 871 0 84 104 0.55359
00039.jpg 325 84 169 322 0.55130
00039.jpg 328 80 135 339 0.54985
00039.jpg 338 89 136 332 0.54505
00039.jpg 622 296 143 86 0.54482
00039.jpg 452 128 155 258 0.54210
00039.jpg 628 300 167 85 0.53741
00039.jpg 465 130 120 255 0.53637
00039.jpg 419 100 53 85 0.53508
00039.jpg 866 0 77 90 0.53320
00039.jpg 661 293 117 91 0.52817
00039.jpg 615 290 159 88 0.52688
00039.jpg 417 97 54 143 0.52656
00039.jpg 330 99 146 312 0.52531
00039.jpg 882 1 61 94 0.52010
00039.jpg 469 137 134 281 0.51731
00039.jpg 541 82 71 152 0.51665
00039.jpg 196 82 89 212 0.51590
00039.jpg 340 91 151 321 0.51325
00039.jpg 324 85 140 331 0.50980
00039.jpg 420 98 57 150 0.50707
00039.jpg 413 99 64 178 0.50534
00039.jpg 191 84 92 213 0.50229
00039.jpg 876 0 69 62 0.50153
00039.jpg 646 290 118 101 0.50143
00039.jpg 466 102 134 287 0.49932
