00038.jpg 343 79 139 332 0.99955
00038.jpg 347 85 135 319 0.99944
00038.jpg 340 83 146 333 0.99926
00038.jpg 206 90 82 204 0.99922
00038.jpg 342 84 141 324 0.99909
00038.jpg 340 83 144 328 0.99907
00038.jpg 198 91 93 205 0.99897
00038.jpg 343 75 146 338 0.99896
00038.jpg 198 88 92 209 0.99831
00038.jpg 342 85 139 330 0.99829
00038.jpg 341 81 141 335 0.99786
00038.jpg 340 78 132 330 0.99764
00038.jpg 195 86 98 215 0.99747
00038.jpg 647 282 129 106 0.99708
00038.jpg 196 93 92 196 0.99692
00038.jpg 201 87 89 207 0.99680
00038.jpg 345 87 132 315 0.99680
00038.jpg 346 88 137 320 0.99664
00038.jpg 647 286 128 96 0.99654
00038.jpg 200 88 91 214 0.99650
00038.jpg 338 85 149 322 0.99636
00038.jpg 339 79 148 336 0.99633
00038.jpg 201 93 88 207 0.99621
00038.jpg 651 284 126 102 0.99620
00038.jpg 204 89 89 209 0.99618
00038.jpg 348 77 132 343 0.99604
00038.jpg 342 74 137 341 0.99590
00038.jpg 474 130 151 278 0.99574
00038.jpg 200 87 90 213 0.99563
00038.jpg 339 81 144 338 0.99553
00038.jpg 347 85 134 325 0.99515
00038.jpg 202 92 87 202 0.99490
00038.jpg 201 92 90 206 0.99453
00038.jpg 205 89 81 215 0.99405
00038.jpg 337 83 147 337 0.99382
00038.jpg 345 91 138 309 0.99378
00038.jpg 201 85 88 210 0.99368
00038.jpg 339 73 138 337 0.99357
00038.jpg 342 85 142 329 0.99354
00038.jpg 642 282 140 108 0.99325
00038.jpg 346 82 141 320 0.99318
00038.jpg 344 89 121 322 0.99310
00038.jpg 337 76 146 340 0.99278
00038.jpg 479 128 136 287 0.99267
00038.jpg 647 282 122 105 0.99246
00038.jpg 463 116 162 311 0.99218
00038.jpg 643 281 139 108 0.99175
00038.jpg 338 79 146 342 0.99167
00038.jpg 480 123 141 305 0.99159
00038.jpg 201 84 86 218 0.99156
00038.jpg 334 81 151 323 0.99117
00038.jpg 642 286 142 104 0.99113
00038.jpg 202 89 88 204 0.99094
00038.jpg 206 88 80 206 0.99092
00038.jpg 642 284 142 104 0.99083
00038.jpg 199 86 87 207 0.99027
00038.jpg 346 82 132 336 0.98999
00038.jpg 203 90 85 209 0.98990
00038.jpg 338 87 153 321 0.98966
00038.jpg 198 91 94 206 0.98943
00038.jpg 340 84 139 336 0.98922
00038.jpg 354 90 128 306 0.98915
00038.jpg 641 285 139 101 0.98902
00038.jpg 201 94 90 198 0.98876
00038.jpg 647 285 131 101 0.98874
00038.jpg 348 85 127 318 0.98859
00038.jpg 644 284 136 103 0.98841
00038.jpg 476 124 141 287 0.98840
00038.jpg 338 81 143 343 0.98821
00038.jpg 471 129 153 291 0.98794
00038.jpg 475 111 152 309 0.98772
00038.jpg 467 123 146 290 0.98727
00038.jpg 466 134 158 276 0.98713
00038.jpg 339 79 140 341 0.98707
00038.jpg 338 90 142 327 0.98672
00038.jpg 195 83 90 219 0.98598
00038.jpg 652 279 124 108 0.98580
00038.jpg 341 91 148 311 0.98530
00038.jpg 647 283 129 103 0.98524
00038.jpg 204 94 83 203 0.98507
00038.jpg 473 127 149 293 0.98477
00038.jpg 472 123 147 298 0.98429
00038.jpg 332 74 149 338 0.98417
00038.jpg 485 133 141 281 0.98416
00038.jpg 646 281 128 105 0.98363
00038.jpg 648 284 128 98 0.98276
00038.jpg 343 90 136 323 0.98147
00038.jpg 340 89 140 322 0.98130
00038.jpg 644 285 132 100 0.98071
00038.jpg 201 87 83 214 0.98060
00038.jpg 206 89 86 209 0.98013
00038.jpg 340 81 144 330 0.98002
00038.jpg 646 282 137 104 0.97968
00038.jpg 644 286 137 94 0.97925
00038.jpg 649 277 130 112 0.97830
00038.jpg 645 283 136 103 0.97799
00038.jpg 197 89 97 207 0.97782
00038.jpg 470 123 147 274 0.97736
00038.jpg 336 76 154 354 0.97720
00038.jpg 203 86 84 216 0.97697
00038.jpg 642 285 138 104 0.97626
00038.jpg 334 79 151 343 0.97617
00038.jpg 547 91 67 146 0.97490
00038.jpg 645 280 135 102 0.97466
00038.jpg 649 281 131 104 0.97429
00038.jpg 470 116 146 295 0.97418
00038.jpg 476 123 144 299 0.97408
00038.jpg 202 87 79 207 0.97364
00038.jpg 649 286 123 104 0.97345
00038.jpg 645 281 136 105 0.97340
00038.jpg 482 111 146 309 0.97295
00038.jpg 638 284 142 101 0.97201
00038.jpg 197 93 97 203 0.97070
00038.jpg 469 122 151 298 0.97070
00038.jpg 341 92 143 315 0.97061
00038.jpg 470 124 157 290 0.97035
00038.jpg 472 122 160 295 0.96988
00038.jpg 203 87 84 208 0.96835
00038.jpg 343 87 141 315 0.96759
00038.jpg 199 92 89 203 0.96726
00038.jpg 547 86 71 156 0.96723
00038.jpg 647 281 129 98 0.96710
00038.jpg 471 126 155 288 0.96673
00038.jpg 645 277 137 114 0.96554
00038.jpg 645 284 131 105 0.96544
00038.jpg 474 108 156 304 0.96427
00038.jpg 196 92 94 204 0.96395
00038.jpg 548 89 69 139 0.96388
00038.jpg 484 118 141 298 0.96261
00038.jpg 343 78 142 344 0.96245
00038.jpg 651 285 129 101 0.96230
00038.jpg 649 281 129 103 0.96190
00038.jpg 477 122 150 295 0.96080
00038.jpg 649 282 128 100 0.96020
00038.jpg 200 87 85 208 0.95997
00038.jpg 343 85 144 323 0.95984
00038.jpg 650 283 131 98 0.95901
00038.jpg 652 283 132 101 0.95627
00038.jpg 643 281 130 106 0.95479
00038.jpg 646 281 135 98 0.95478
00038.jpg 461 127 172 279 0.95473
00038.jpg 550 87 66 153 0.95431
00038.jpg 198 88 95 211 0.95386
00038.jpg 646 279 134 106 0.95320
00038.jpg 335 89 144 328 0.95300
00038.jpg 547 86 69 147 0.95250
00038.jpg 550 88 69 146 0.95171
00038.jpg 201 89 90 199 0.95076
00038.jpg 471 120 156 294 0.95060
00038.jpg 652 284 124 104 0.94960
00038.jpg 549 86 65 148 0.94864
00038.jpg 647 279 132 97 0.94799
00038.jpg 474 122 143 285 0.94767
00038.jpg 644 288 132 96 0.94367
00038.jpg 203 82 87 221 0.94313
00038.jpg 346 85 140 326 0.94031
00038.jpg 652 285 120 100 0.93915
00038.jpg 644 277 131 109 0.93810
00038.jpg 649 283 131 104 0.93715
00038.jpg 338 79 140 340 0.93524
00038.jpg 474 131 159 280 0.93377
00038.jpg 347 88 129 315 0.93213
00038.jpg 200 82 88 217 0.93201
00038.jpg 469 134 158 285 0.93046
00038.jpg 648 288 136 100 0.93015
00038.jpg 548 91 66 139 0.92960
00038.jpg 550 90 65 151 0.92720
00038.jpg 203 85 88 213 0.92697
00038.jpg 346 79 129 331 0.92656
00038.jpg 472 130 153 277 0.92579
00038.jpg 478 120 140 289 0.92501
00038.jpg 651 282 131 104 0.92468
00038.jpg 643 282 142 102 0.91979
00038.jpg 342 93 142 318 0.91950
00038.jpg 471 130 161 305 0.91754
00038.jpg 553 88 60 145 0.91644
00038.jpg 551 87 66 146 0.91302
00038.jpg 204 89 83 200 0.91283
00038.jpg 548 96 69 139 0.90776
00038.jpg 647 282 134 103 0.90727
00038.jpg 197 86 94 213 0.90630
00038.jpg 547 88 69 154 0.90378
00038.jpg 649 278 126 109 0.90368
00038.jpg 467 127 156 292 0.90221
00038.jpg 550 92 64 162 0.90188
00038.jpg 474 103 150 314 0.90039
00038.jpg 196 88 89 201 0.89942
00038.jpg 647 282 119 106 0.89921
00038.jpg 547 94 70 140 0.89871
00038.jpg 546 84 68 157 0.89851
00038.jpg 201 89 93 208 0.89521
00038.jpg 657 282 120 100 0.89498
00038.jpg 467 125 154 299 0.89443
00038.jpg 475 124 147 305 0.89403
00038.jpg 346 81 149 332 0.89296
00038.jpg 552 86 57 147 0.89102
00038.jpg 342 81 140 331 0.88984
00038.jpg 652 282 114 104 0.88796
00038.jpg 205 83 83 221 0.88358
00038.jpg 548 95 68 133 0.88199
00038.jpg 470 131 158 275 0.88198
00038.jpg 465 122 165 290 0.88106
00038.jpg 546 87 73 152 0.87934
00038.jpg 331 81 160 328 0.87684
00038.jpg 875 0 82 103 0.87630
00038.jpg 474 129 147 282 0.87595
00038.jpg 878 0 70 90 0.86928
00038.jpg 650 284 126 103 0.86775
00038.jpg 551 95 66 153 0.86467
00038.jpg 885 0 69 94 0.86321
00038.jpg 877 0 72 95 0.86228
00038.jpg 469 116 158 316 0.86162
00038.jpg 643 287 129 100 0.85871
00038.jpg 481 91 151 315 0.85858
00038.jpg 877 0 76 96 0.85617
00038.jpg 548 90 67 147 0.85516
00038.jpg 466 111 160 308 0.85404
00038.jpg 652 275 129 103 0.85374
00038.jpg 552 86 65 164 0.85361
00038.jpg 651 286 123 104 0.85180
00038.jpg 655 285 120 104 0.84890
00038.jpg 465 118 161 295 0.84883
00038.jpg 474 136 145 287 0.84740
00038.jpg 546 88 74 152 0.84584
00038.jpg 654 284 114 103 0.84577
00038.jpg 334 77 152 346 0.84468
00038.jpg 650 277 132 111 0.84459
00038.jpg 882 0 70 97 0.84279
00038.jpg 471 106 153 319 0.84058
00038.jpg 643 285 125 103 0.83857
00038.jpg 331 73 153 338 0.83851
00038.jpg 471 105 156 312 0.83660
00038.jpg 547 89 68 154 0.83641
00038.jpg 883 0 62 101 0.83595
00038.jpg 651 286 117 103 0.83330
00038.jpg 478 110 140 287 0.83221
00038.jpg 545 87 71 168 0.83198
00038.jpg 552 90 61 143 0.83162
00038.jpg 873 0 71 98 0.83037
00038.jpg 463 141 164 279 0.82815
00038.jpg 646 279 123 112 0.82349
00038.jpg 647 283 127 102 0.82345
00038.jpg 200 92 87 204 0.82189
00038.jpg 649 283 136 106 0.82097
00038.jpg 654 284 126 100 0.82014
00038.jpg 652 287 117 99 0.81771
00038.jpg 339 87 138 328 0.81688
00038.jpg 550 89 69 152 0.81654
00038.jpg 478 123 132 266 0.81392
00038.jpg 549 88 67 158 0.81253
00038.jpg 639 277 139 110 0.81241
00038.jpg 551 100 68 126 0.81132
00038.jpg 552 92 63 175 0.81025
00038.jpg 650 285 125 101 0.80982
00038.jpg 553 92 70 252 0.80509
00038.jpg 642 284 138 107 0.80270
00038.jpg 548 90 63 146 0.80257
00038.jpg 343 82 147 322 0.79966
00038.jpg 472 136 156 280 0.79956
00038.jpg 474 115 149 295 0.79946
00038.jpg 477 106 144 298 0.79920
00038.jpg 541 88 71 148 0.79293
00038.jpg 546 84 67 170 0.79164
00038.jpg 872 0 84 90 0.78883
00038.jpg 199 88 85 207 0.78378
00038.jpg 877 0 69 101 0.78122
00038.jpg 551 89 67 155 0.78026
00038.jpg 547 96 67 137 0.77763
00038.jpg 647 281 130 107 0.77680
00038.jpg 202 99 84 190 0.77609
00038.jpg 481 130 139 279 0.77384
00038.jpg 650 283 123 97 0.77183
00038.jpg 196 86 95 213 0.77149
00038.jpg 647 284 121 104 0.76918
00038.jpg 474 126 150 291 0.76636
00038.jpg 474 127 144 285 0.76627
00038.jpg 342 81 138 337 0.76580
00038.jpg 474 141 152 268 0.76120
00038.jpg 645 284 127 99 0.76062
00038.jpg 473 124 151 293 0.75645
00038.jpg 479 118 135 282 0.75506
00038.jpg 337 80 139 327 0.75024
00038.jpg 873 0 76 96 0.74363
00038.jpg 196 95 89 203 0.74354
00038.jpg 472 117 156 294 0.74276
00038.jpg 871 0 78 99 0.74271
00038.jpg 646 287 126 99 0.73699
00038.jpg 472 128 142 264 0.73387
00038.jpg 342 84 139 324 0.73372
00038.jpg 502 103 121 292 0.73229
00038.jpg 881 4 57 97 0.73184
00038.jpg 547 104 69 126 0.73140
00038.jpg 553 86 64 248 0.72949
00038.jpg 544 94 70 169 0.72876
00038.jpg 647 284 118 102 0.72673
00038.jpg 550 90 61 227 0.72622
00038.jpg 551 89 66 202 0.72426
00038.jpg 638 285 133 105 0.72381
00038.jpg 542 85 72 259 0.72359
00038.jpg 339 75 145 343 0.72059
00038.jpg 470 123 157 297 0.71781
00038.jpg 643 285 136 105 0.71532
00038.jpg 874 0 65 101 0.71283
00038.jpg 875 0 78 101 0.71185
00038.jpg 554 90 62 150 0.71150
00038.jpg 527 100 91 288 0.71023
00038.jpg 877 0 75 103 0.70965
00038.jpg 876 0 60 101 0.70951
00038.jpg 928 1 31 92 0.70489
00038.jpg 875 0 67 94 0.70435
00038.jpg 644 279 130 105 0.70434
00038.jpg 553 90 59 141 0.69608
00038.jpg 639 276 125 103 0.69493
00038.jpg 465 113 153 302 0.69300
00038.jpg 476 115 156 301 0.69156
00038.jpg 548 78 68 252 0.69090
00038.jpg 871 4 76 98 0.68887
00038.jpg 548 85 73 199 0.68774
00038.jpg 869 0 88 96 0.68464
00038.jpg 513 95 108 285 0.68009
00038.jpg 544 96 77 170 0.67803
00038.jpg 483 133 146 280 0.67603
00038.jpg 466 126 174 289 0.67601
00038.jpg 874 0 71 106 0.67485
00038.jpg 549 90 67 157 0.67225
00038.jpg 650 278 116 117 0.66020
00038.jpg 554 91 57 169 0.65794
00038.jpg 553 90 61 140 0.65429
00038.jpg 875 4 78 97 0.64943
00038.jpg 475 137 144 271 0.64795
00038.jpg 507 97 104 276 0.64764
00038.jpg 643 282 120 106 0.64587
00038.jpg 472 134 159 285 0.64430
00038.jpg 477 126 139 273 0.64376
00038.jpg 500 114 117 252 0.64164
00038.jpg 201 89 89 207 0.63608
00038.jpg 473 124 148 280 0.63579
00038.jpg 874 0 68 77 0.62995
00038.jpg 549 89 66 142 0.62875
00038.jpg 546 87 73 147 0.62223
00038.jpg 475 130 139 262 0.61786
00038.jpg 469 132 164 286 0.61598
00038.jpg 647 284 115 96 0.61588
00038.jpg 547 92 67 204 0.61205
00038.jpg 880 3 50 97 0.61057
00038.jpg 472 136 145 287 0.60781
00038.jpg 881 1 75 95 0.60595
00038.jpg 647 279 128 112 0.60485
00038.jpg 552 87 66 153 0.60272
00038.jpg 647 288 140 97 0.60019
00038.jpg 916 5 41 94 0.59828
00038.jpg 925 3 34 90 0.59777
00038.jpg 460 134 155 267 0.59734
00038.jpg 884 3 58 94 0.59486
00038.jpg 879 10 64 89 0.59231
00038.jpg 552 86 60 147 0.58926
00038.jpg 551 86 59 147 0.57624
00038.jpg 916 3 43 95 0.56833
00038.jpg 548 89 66 156 0.56759
00038.jpg 345 78 136 324 0.56109
00038.jpg 543 87 75 232 0.55882
00038.jpg 544 89 72 168 0.55741
00038.jpg 208 82 83 221 0.55578
00038.jpg 874 6 71 90 0.55082
00038.jpg 330 79 154 324 0.54904
00038.jpg 548 99 67 173 0.54788
00038.jpg 342 79 139 340 0.54448
00038.jpg 474 127 153 268 0.53340
00038.jpg 641 280 142 111 0.53311
00038.jpg 889 0 51 73 0.52976
00038.jpg 196 91 86 199 0.52922
00038.jpg 880 7 65 100 0.52883
00038.jpg 460 111 151 294 0.51390
00038.jpg 199 94 85 194 0.51366
00038.jpg 467 127 137 292 0.51122
00038.jpg 876 5 57 93 0.51092
00038.jpg 633 274 147 116 0.50812
00038.jpg 475 131 125 252 0.50306
