00009.jpg 19 0 154 369 0.99929
00009.jpg 24 3 156 381 0.99918
00009.jpg 25 1 157 372 0.99908
00009.jpg 25 4 150 369 0.99889
00009.jpg 26 11 147 368 0.99880
00009.jpg 25 7 149 372 0.99875
00009.jpg 332 95 109 278 0.99871
00009.jpg 24 0 153 366 0.99866
00009.jpg 515 87 142 289 0.99859
00009.jpg 518 68 134 313 0.99851
00009.jpg 32 4 152 368 0.99841
00009.jpg 34 6 150 369 0.99834
00009.jpg 331 85 111 293 0.99826
00009.jpg 519 83 143 297 0.99818
00009.jpg 330 89 112 275 0.99816
00009.jpg 518 81 147 304 0.99807
00009.jpg 518 80 147 296 0.99804
00009.jpg 517 73 152 310 0.99803
00009.jpg 516 80 142 308 0.99796
00009.jpg 632 89 95 286 0.99781
00009.jpg 34 3 145 381 0.99736
00009.jpg 21 4 161 384 0.99713
00009.jpg 24 11 160 369 0.99712
00009.jpg 519 78 146 317 0.99696
00009.jpg 23 5 158 364 0.99694
00009.jpg 28 5 148 378 0.99692
00009.jpg 330 87 112 291 0.99608
00009.jpg 522 91 135 282 0.99551
00009.jpg 631 89 92 292 0.99528
00009.jpg 337 91 99 284 0.99527
00009.jpg 635 87 90 296 0.99523
00009.jpg 29 7 143 375 0.99514
00009.jpg 29 9 147 363 0.99421
00009.jpg 515 81 151 299 0.99419
00009.jpg 331 88 103 280 0.99407
00009.jpg 521 85 138 294 0.99398
00009.jpg 519 86 143 298 0.99391
00009.jpg 513 87 154 294 0.99389
00009.jpg 337 92 103 286 0.99387
00009.jpg 528 85 125 294 0.99384
00009.jpg 33 6 147 369 0.99372
00009.jpg 515 78 144 308 0.99368
00009.jpg 23 0 153 378 0.99360
00009.jpg 505 70 167 307 0.99339
00009.jpg 32 10 145 371 0.99332
00009.jpg 630 101 98 272 0.99310
00009.jpg 518 73 142 309 0.99308
00009.jpg 341 94 98 279 0.99303
00009.jpg 509 82 159 303 0.99281
00009.jpg 21 0 151 387 0.99257
00009.jpg 23 0 153 382 0.99256
00009.jpg 521 72 142 312 0.99254
00009.jpg 513 77 144 288 0.99203
00009.jpg 30 18 150 359 0.99167
00009.jpg 632 89 92 295 0.99162
00009.jpg 340 96 95 272 0.99161
00009.jpg 339 86 101 280 0.99111
00009.jpg 639 90 83 288 0.99104
00009.jpg 30 4 141 372 0.99062
00009.jpg 31 9 144 376 0.99042
00009.jpg 335 93 106 277 0.99031
00009.jpg 336 92 101 272 0.99016
00009.jpg 515 83 140 293 0.99008
00009.jpg 337 98 102 275 0.99000
00009.jpg 634 81 90 302 0.98996
00009.jpg 641 93 80 281 0.98986
00009.jpg 329 84 111 297 0.98974
00009.jpg 633 89 91 284 0.98947
00009.jpg 333 89 104 282 0.98863
00009.jpg 333 83 103 286 0.98826
00009.jpg 30 9 150 372 0.98794
00009.jpg 333 94 104 280 0.98777
00009.jpg 334 87 109 288 0.98744
00009.jpg 34 0 144 383 0.98670
00009.jpg 638 79 85 298 0.98656
00009.jpg 517 83 140 297 0.98588
00009.jpg 515 86 150 291 0.98473
00009.jpg 338 79 102 298 0.98469
00009.jpg 636 90 90 286 0.98459
00009.jpg 516 80 144 314 0.98435
00009.jpg 26 4 153 376 0.98386
00009.jpg 627 84 103 284 0.98381
00009.jpg 633 90 89 283 0.98369
00009.jpg 342 83 94 291 0.98352
00009.jpg 339 91 103 278 0.98344
00009.jpg 335 92 107 280 0.98320
00009.jpg 519 91 142 287 0.98303
00009.jpg 337 93 94 281 0.98270
00009.jpg 633 80 90 295 0.98254
00009.jpg 333 92 105 282 0.98147
00009.jpg 29 15 153 366 0.98033
00009.jpg 515 91 141 288 0.97987
00009.jpg 336 86 101 291 0.97968
00009.jpg 524 87 142 292 0.97914
00009.jpg 518 79 142 300 0.97913
00009.jpg 628 97 103 282 0.97850
00009.jpg 20 5 161 379 0.97800
00009.jpg 334 91 102 280 0.97770
00009.jpg 514 76 151 313 0.97755
00009.jpg 518 86 138 297 0.97729
00009.jpg 516 83 145 297 0.97642
00009.jpg 510 67 156 305 0.97596
00009.jpg 25 5 150 378 0.97578
00009.jpg 522 79 138 297 0.97565
00009.jpg 518 75 134 310 0.97557
00009.jpg 335 93 104 276 0.97440
00009.jpg 516 73 148 299 0.97385
00009.jpg 28 6 147 396 0.97238
00009.jpg 632 79 84 301 0.97228
00009.jpg 336 91 103 282 0.97200
00009.jpg 521 77 150 303 0.97192
00009.jpg 641 89 84 288 0.97175
00009.jpg 338 85 97 284 0.97172
00009.jpg 514 72 150 314 0.97131
00009.jpg 343 91 91 284 0.97109
00009.jpg 630 90 94 284 0.96982
00009.jpg 520 78 138 293 0.96964
00009.jpg 518 78 139 302 0.96930
00009.jpg 633 77 97 293 0.96915
00009.jpg 516 85 147 300 0.96833
00009.jpg 337 99 106 274 0.96763
00009.jpg 332 87 105 290 0.96699
00009.jpg 636 94 91 284 0.96642
00009.jpg 630 93 98 281 0.96589
00009.jpg 516 95 140 284 0.96565
00009.jpg 332 88 105 288 0.96382
00009.jpg 508 96 160 282 0.96169
00009.jpg 630 86 92 294 0.96162
00009.jpg 26 11 154 368 0.96120
00009.jpg 641 84 78 292 0.96096
00009.jpg 638 88 82 295 0.95975
00009.jpg 514 77 146 305 0.95848
00009.jpg 640 84 79 300 0.95826
00009.jpg 335 87 100 286 0.95808
00009.jpg 634 88 89 284 0.95759
00009.jpg 635 93 83 282 0.95744
00009.jpg 510 76 155 297 0.95592
00009.jpg 334 93 105 282 0.95529
00009.jpg 28 11 149 371 0.95296
00009.jpg 507 73 159 310 0.95294
00009.jpg 636 93 88 276 0.95287
00009.jpg 511 89 154 291 0.95069
00009.jpg 636 93 84 291 0.94661
00009.jpg 511 92 158 290 0.94619
00009.jpg 331 88 108 283 0.94485
00009.jpg 25 0 155 382 0.94319
00009.jpg 522 81 141 305 0.94268
00009.jpg 337 85 97 285 0.94073
00009.jpg 26 13 158 353 0.93869
00009.jpg 515 86 145 299 0.93743
00009.jpg 517 81 145 299 0.93470
00009.jpg 334 89 108 287 0.93396
00009.jpg 26 8 159 367 0.93349
00009.jpg 513 79 149 306 0.93178
00009.jpg 634 95 87 283 0.92918
00009.jpg 336 95 105 271 0.92858
00009.jpg 527 75 120 317 0.92855
00009.jpg 31 12 149 371 0.92853
00009.jpg 637 87 90 284 0.92518
00009.jpg 641 96 79 277 0.91633
00009.jpg 332 85 102 284 0.91348
00009.jpg 635 86 86 292 0.91062
00009.jpg 24 15 151 364 0.90833
00009.jpg 23 11 153 363 0.90761
00009.jpg 631 87 90 279 0.90723
00009.jpg 22 1 164 360 0.90267
00009.jpg 339 81 108 295 0.90238
00009.jpg 515 83 146 290 0.90072
00009.jpg 27 16 150 358 0.89949
00009.jpg 628 82 96 289 0.89793
00009.jpg 338 82 99 291 0.89663
00009.jpg 626 84 103 302 0.89465
00009.jpg 641 96 84 276 0.89396
00009.jpg 333 92 107 285 0.89374
00009.jpg 637 92 85 280 0.89148
00009.jpg 512 87 148 296 0.88930
00009.jpg 633 83 91 297 0.88798
00009.jpg 504 70 164 302 0.88790
00009.jpg 344 92 93 279 0.88759
00009.jpg 342 86 88 287 0.88475
00009.jpg 336 90 103 271 0.88227
00009.jpg 518 86 133 297 0.88183
00009.jpg 332 92 107 275 0.87438
00009.jpg 527 71 147 310 0.87394
00009.jpg 517 86 139 289 0.87355
00009.jpg 339 86 102 282 0.87303
00009.jpg 32 15 145 354 0.86421
00009.jpg 521 68 157 316 0.86164
00009.jpg 30 11 142 371 0.86144
00009.jpg 627 88 97 284 0.86007
00009.jpg 516 80 150 307 0.85788
00009.jpg 637 90 80 285 0.83684
00009.jpg 631 83 95 294 0.83118
00009.jpg 339 95 96 280 0.82995
00009.jpg 631 91 92 281 0.82968
00009.jpg 23 2 151 377 0.82202
00009.jpg 514 85 146 291 0.81543
00009.jpg 626 86 96 295 0.81136
00009.jpg 628 89 102 293 0.80647
00009.jpg 334 94 105 276 0.80509
00009.jpg 625 94 103 288 0.80104
00009.jpg 629 83 110 279 0.79820
00009.jpg 514 92 141 284 0.79662
00009.jpg 526 87 126 289 0.78766
00009.jpg 521 78 149 304 0.78498
00009.jpg 335 90 98 282 0.78365
00009.jpg 509 84 158 282 0.78342
00009.jpg 632 91 92 284 0.77798
00009.jpg 32 5 144 379 0.77576
00009.jpg 335 86 107 288 0.77249
00009.jpg 715 181 46 162 0.76034
00009.jpg 518 85 143 275 0.75686
00009.jpg 521 81 147 307 0.74300
00009.jpg 773 259 76 71 0.73744
00009.jpg 522 81 141 298 0.73611
00009.jpg 514 94 161 281 0.72889
00009.jpg 645 85 80 291 0.72700
00009.jpg 337 91 111 276 0.72612
00009.jpg 630 95 98 274 0.72462
00009.jpg 617 77 114 296 0.69787
00009.jpg 632 92 88 279 0.68701
00009.jpg 25 21 154 355 0.68210
00009.jpg 712 178 45 154 0.67808
00009.jpg 508 93 149 282 0.67733
00009.jpg 327 86 120 279 0.67616
00009.jpg 501 85 190 300 0.67246
00009.jpg 636 93 86 280 0.66635
00009.jpg 515 90 146 284 0.66387
00009.jpg 520 86 171 289 0.65344
00009.jpg 518 87 153 289 0.64828
00009.jpg 769 263 82 71 0.64712
00009.jpg 28 0 157 381 0.63853
00009.jpg 337 94 95 286 0.63291
00009.jpg 770 267 79 62 0.61057
00009.jpg 340 86 105 280 0.60856
00009.jpg 712 173 45 161 0.60444
00009.jpg 767 259 82 69 0.59648
00009.jpg 22 25 160 335 0.59388
00009.jpg 29 8 153 364 0.57999
00009.jpg 715 180 50 154 0.56231
00009.jpg 28 7 162 355 0.56188
00009.jpg 713 175 58 168 0.55291
00009.jpg 711 177 44 165 0.55108
00009.jpg 716 176 49 161 0.55029
00009.jpg 527 84 131 298 0.54962
00009.jpg 623 88 108 276 0.54256
00009.jpg 705 173 78 159 0.54179
00009.jpg 782 252 74 71 0.54136
00009.jpg 33 6 147 371 0.54114
00009.jpg 328 86 101 288 0.53814
00009.jpg 514 80 136 308 0.53807
00009.jpg 775 255 75 68 0.53210
00009.jpg 622 85 117 284 0.53110
00009.jpg 634 77 85 288 0.53044
00009.jpg 632 89 88 290 0.52953
00009.jpg 765 255 85 84 0.52476
00009.jpg 718 178 45 162 0.52378
00009.jpg 772 262 73 65 0.52274
00009.jpg 771 263 77 74 0.52189
00009.jpg 326 101 123 272 0.52173
00009.jpg 768 264 77 70 0.52076
00009.jpg 694 169 94 188 0.52042
00009.jpg 645 97 75 275 0.51789
00009.jpg 325 87 111 287 0.51536
00009.jpg 717 166 111 182 0.51415
00009.jpg 703 163 79 166 0.51140
00009.jpg 771 258 73 72 0.50941
00009.jpg 19 1 160 363 0.50624
00009.jpg 711 186 125 158 0.50207
00009.jpg 714 184 52 131 0.50147
00009.jpg 505 89 158 298 0.49941
00009.jpg 741 177 81 162 0.49926
