00015.jpg 39 1 151 396 0.99929
00015.jpg 39 3 151 387 0.99928
00015.jpg 42 8 152 385 0.99922
00015.jpg 646 100 93 280 0.99914
00015.jpg 648 107 92 283 0.99912
00015.jpg 38 17 145 370 0.99911
00015.jpg 37 14 146 377 0.99906
00015.jpg 649 101 92 279 0.99894
00015.jpg 39 5 145 377 0.99861
00015.jpg 333 103 100 280 0.99847
00015.jpg 328 95 113 285 0.99843
00015.jpg 645 110 86 276 0.99829
00015.jpg 31 16 160 371 0.99818
00015.jpg 331 96 110 279 0.99807
00015.jpg 645 101 86 283 0.99802
00015.jpg 31 16 156 380 0.99776
00015.jpg 338 98 99 285 0.99765
00015.jpg 652 100 84 286 0.99747
00015.jpg 338 96 89 278 0.99717
00015.jpg 652 101 85 285 0.99708
00015.jpg 33 11 158 375 0.99706
00015.jpg 333 102 95 276 0.99704
00015.jpg 30 0 155 394 0.99677
00015.jpg 35 12 151 384 0.99626
00015.jpg 36 12 149 381 0.99623
00015.jpg 339 102 89 274 0.99602
00015.jpg 644 102 93 283 0.99599
00015.jpg 514 97 164 283 0.99575
00015.jpg 650 99 82 283 0.99568
00015.jpg 651 96 85 286 0.99527
00015.jpg 647 100 92 287 0.99510
00015.jpg 40 6 132 387 0.99475
00015.jpg 35 5 161 379 0.99438
00015.jpg 337 95 101 277 0.99437
00015.jpg 32 13 149 367 0.99415
00015.jpg 518 102 152 286 0.99337
00015.jpg 344 103 85 264 0.99325
00015.jpg 42 12 137 383 0.99312
00015.jpg 647 99 94 285 0.99308
00015.jpg 650 100 84 285 0.99287
00015.jpg 650 99 84 289 0.99279
00015.jpg 33 10 156 371 0.99261
00015.jpg 646 99 88 284 0.99259
00015.jpg 37 20 147 360 0.99213
00015.jpg 34 14 146 376 0.99203
00015.jpg 31 6 160 369 0.99184
00015.jpg 32 10 152 377 0.99182
00015.jpg 648 105 92 278 0.99181
00015.jpg 647 96 87 290 0.99142
00015.jpg 329 104 103 273 0.99141
00015.jpg 652 96 81 283 0.99141
00015.jpg 653 99 84 278 0.99076
00015.jpg 24 10 163 387 0.99060
00015.jpg 646 97 90 290 0.99007
00015.jpg 524 96 150 294 0.98979
00015.jpg 527 110 140 271 0.98962
00015.jpg 31 4 157 397 0.98958
00015.jpg 30 12 150 379 0.98946
00015.jpg 33 7 153 392 0.98903
00015.jpg 647 98 86 280 0.98872
00015.jpg 332 100 106 271 0.98856
00015.jpg 338 94 96 287 0.98824
00015.jpg 341 95 94 277 0.98811
00015.jpg 649 99 88 279 0.98803
00015.jpg 34 14 152 373 0.98800
00015.jpg 335 95 98 282 0.98758
00015.jpg 518 95 165 294 0.98667
00015.jpg 33 5 159 377 0.98635
00015.jpg 644 101 94 283 0.98621
00015.jpg 341 94 94 276 0.98591
00015.jpg 33 5 151 386 0.98511
00015.jpg 31 17 160 370 0.98506
00015.jpg 645 94 96 295 0.98491
00015.jpg 334 94 98 285 0.98466
00015.jpg 337 101 95 272 0.98407
00015.jpg 337 96 96 282 0.98348
00015.jpg 336 93 101 283 0.98310
00015.jpg 331 98 101 277 0.98150
00015.jpg 649 102 89 283 0.98070
00015.jpg 31 13 150 382 0.97946
00015.jpg 516 89 153 294 0.97937
00015.jpg 332 105 104 269 0.97898
00015.jpg 645 95 88 293 0.97859
00015.jpg 333 96 101 282 0.97859
00015.jpg 31 15 165 362 0.97767
00015.jpg 335 94 93 289 0.97743
00015.jpg 648 101 88 278 0.97708
00015.jpg 336 95 98 281 0.97568
00015.jpg 516 105 148 275 0.97542
00015.jpg 37 11 152 382 0.97520
00015.jpg 650 98 85 290 0.97513
00015.jpg 524 94 147 292 0.97487
00015.jpg 643 96 98 284 0.97480
00015.jpg 518 96 149 307 0.97466
00015.jpg 339 95 100 282 0.97448
00015.jpg 644 99 95 291 0.97421
00015.jpg 339 103 96 280 0.97318
00015.jpg 339 99 89 277 0.96970
00015.jpg 38 4 135 393 0.96792
00015.jpg 649 91 88 292 0.96788
00015.jpg 642 103 96 286 0.96482
00015.jpg 643 93 96 286 0.96397
00015.jpg 335 95 97 285 0.96375
00015.jpg 517 91 155 300 0.96068
00015.jpg 340 98 93 280 0.96021
00015.jpg 336 94 100 285 0.96012
00015.jpg 333 88 96 287 0.95985
00015.jpg 33 19 155 379 0.95805
00015.jpg 30 10 155 379 0.95638
00015.jpg 649 98 86 281 0.95408
00015.jpg 527 96 129 304 0.95309
00015.jpg 36 12 144 379 0.95258
00015.jpg 521 91 145 303 0.95184
00015.jpg 643 96 97 295 0.94988
00015.jpg 523 105 148 291 0.94937
00015.jpg 342 91 98 285 0.94677
00015.jpg 647 102 84 294 0.94445
00015.jpg 646 91 88 300 0.94362
00015.jpg 650 100 87 298 0.94341
00015.jpg 517 101 147 285 0.94259
00015.jpg 33 14 155 379 0.94222
00015.jpg 526 95 137 288 0.94192
00015.jpg 333 98 107 276 0.94031
00015.jpg 336 101 100 278 0.93907
00015.jpg 518 92 153 301 0.93901
00015.jpg 331 100 105 281 0.93819
00015.jpg 39 16 139 375 0.93722
00015.jpg 338 97 97 281 0.93497
00015.jpg 518 104 146 306 0.93312
00015.jpg 528 95 135 305 0.93171
00015.jpg 651 105 84 277 0.93013
00015.jpg 647 97 87 293 0.92730
00015.jpg 35 6 152 388 0.92581
00015.jpg 652 100 83 277 0.92389
00015.jpg 648 95 90 284 0.92178
00015.jpg 329 91 112 281 0.92061
00015.jpg 339 96 98 285 0.92048
00015.jpg 528 97 137 296 0.92043
00015.jpg 528 93 136 309 0.91880
00015.jpg 530 98 133 287 0.91825
00015.jpg 330 97 110 290 0.91572
00015.jpg 37 7 145 403 0.91380
00015.jpg 517 90 146 298 0.91319
00015.jpg 337 100 100 271 0.91209
00015.jpg 28 9 172 376 0.91204
00015.jpg 524 97 153 292 0.91177
00015.jpg 650 101 81 286 0.90655
00015.jpg 519 102 149 249 0.90442
00015.jpg 327 98 105 273 0.90021
00015.jpg 336 97 97 279 0.89389
00015.jpg 333 101 99 273 0.89364
00015.jpg 535 97 132 307 0.89141
00015.jpg 522 92 145 297 0.88905
00015.jpg 520 97 154 280 0.88875
00015.jpg 521 98 151 304 0.88696
00015.jpg 650 99 89 284 0.88532
00015.jpg 335 103 106 267 0.87316
00015.jpg 324 101 116 271 0.87137
00015.jpg 525 102 137 288 0.87126
00015.jpg 39 21 149 372 0.86745
00015.jpg 520 99 149 275 0.86622
00015.jpg 521 94 138 285 0.86488
00015.jpg 514 104 150 268 0.86397
00015.jpg 524 91 142 309 0.86343
00015.jpg 523 102 145 293 0.85854
00015.jpg 531 101 135 298 0.85798
00015.jpg 643 97 92 290 0.85671
00015.jpg 339 105 93 271 0.85216
00015.jpg 336 99 101 279 0.85194
00015.jpg 510 88 184 305 0.85136
00015.jpg 332 101 110 265 0.85082
00015.jpg 334 99 95 267 0.83681
00015.jpg 26 6 168 373 0.83456
00015.jpg 527 99 146 291 0.83306
00015.jpg 516 87 153 301 0.82547
00015.jpg 44 12 154 365 0.82006
00015.jpg 647 102 87 280 0.81968
00015.jpg 339 96 101 278 0.81639
00015.jpg 519 94 145 295 0.81594
00015.jpg 507 89 168 280 0.81525
00015.jpg 328 91 106 292 0.81425
00015.jpg 331 90 103 293 0.81354
00015.jpg 336 96 103 280 0.80751
00015.jpg 327 95 111 281 0.80651
00015.jpg 521 105 138 274 0.79800
00015.jpg 522 92 135 303 0.79261
00015.jpg 523 109 142 285 0.79043
00015.jpg 336 86 100 294 0.78626
00015.jpg 40 9 147 374 0.76963
00015.jpg 47 10 137 383 0.76169
00015.jpg 530 106 140 304 0.74820
00015.jpg 529 95 146 303 0.74650
00015.jpg 519 109 137 253 0.73800
00015.jpg 533 89 139 311 0.73698
00015.jpg 516 96 151 296 0.73694
00015.jpg 516 95 152 267 0.73693
00015.jpg 330 89 99 288 0.73487
00015.jpg 527 98 134 286 0.72697
00015.jpg 519 105 147 286 0.72405
00015.jpg 521 94 141 295 0.71795
00015.jpg 41 23 136 363 0.71312
00015.jpg 519 95 153 258 0.70950
00015.jpg 523 95 148 314 0.70902
00015.jpg 525 87 153 313 0.70795
00015.jpg 517 94 140 292 0.69693
00015.jpg 649 93 93 286 0.69395
00015.jpg 335 98 93 280 0.68759
00015.jpg 528 116 133 276 0.68642
00015.jpg 338 100 92 277 0.67549
00015.jpg 23 12 172 372 0.67519
00015.jpg 538 114 121 283 0.67243
00015.jpg 648 103 90 278 0.66613
00015.jpg 650 104 87 279 0.65668
00015.jpg 520 113 148 287 0.64823
00015.jpg 333 104 110 275 0.64510
00015.jpg 348 100 84 275 0.63852
00015.jpg 529 81 154 312 0.63849
00015.jpg 517 91 160 290 0.62995
00015.jpg 30 12 154 370 0.62060
00015.jpg 537 112 130 285 0.62047
00015.jpg 519 104 149 274 0.62008
00015.jpg 32 13 142 372 0.60746
00015.jpg 335 104 94 267 0.60309
00015.jpg 41 7 141 411 0.60271
00015.jpg 519 101 142 279 0.59946
00015.jpg 525 114 144 275 0.59623
00015.jpg 520 105 136 294 0.58506
00015.jpg 328 96 111 285 0.58477
00015.jpg 32 23 153 359 0.58233
00015.jpg 519 105 141 300 0.58180
00015.jpg 532 95 150 311 0.58081
00015.jpg 631 103 110 292 0.57455
00015.jpg 518 93 195 305 0.57355
00015.jpg 523 91 147 300 0.55607
00015.jpg 343 93 91 286 0.55485
00015.jpg 654 100 86 284 0.55134
00015.jpg 518 105 144 273 0.54452
00015.jpg 509 97 157 258 0.53768
00015.jpg 637 83 94 296 0.53373
00015.jpg 502 78 200 321 0.51908
00015.jpg 519 100 129 249 0.50865
