00010.jpg 339 89 98 291 0.99945
00010.jpg 23 7 163 376 0.99933
00010.jpg 24 1 152 376 0.99906
00010.jpg 332 83 110 292 0.99906
00010.jpg 25 16 152 365 0.99899
00010.jpg 331 93 110 282 0.99884
00010.jpg 26 3 156 376 0.99883
00010.jpg 28 11 152 372 0.99877
00010.jpg 17 12 164 370 0.99860
00010.jpg 332 93 105 279 0.99830
00010.jpg 26 13 148 368 0.99810
00010.jpg 28 9 151 365 0.99786
00010.jpg 33 13 155 362 0.99752
00010.jpg 29 6 154 361 0.99743
00010.jpg 514 90 155 279 0.99740
00010.jpg 342 89 99 290 0.99735
00010.jpg 334 85 101 289 0.99734
00010.jpg 30 13 152 368 0.99726
00010.jpg 27 15 159 377 0.99722
00010.jpg 37 5 139 365 0.99675
00010.jpg 642 91 86 286 0.99674
00010.jpg 514 80 155 299 0.99667
00010.jpg 336 90 106 283 0.99614
00010.jpg 633 92 104 290 0.99601
00010.jpg 519 89 146 292 0.99579
00010.jpg 512 77 162 303 0.99566
00010.jpg 24 0 154 383 0.99555
00010.jpg 515 82 160 294 0.99546
00010.jpg 511 88 179 297 0.99522
00010.jpg 25 2 155 382 0.99504
00010.jpg 24 5 158 378 0.99500
00010.jpg 516 80 164 300 0.99493
00010.jpg 336 95 103 286 0.99489
00010.jpg 337 91 99 277 0.99487
00010.jpg 28 13 151 362 0.99485
00010.jpg 504 82 182 291 0.99469
00010.jpg 343 91 100 280 0.99448
00010.jpg 640 103 84 268 0.99446
00010.jpg 336 90 101 287 0.99431
00010.jpg 338 90 99 287 0.99406
00010.jpg 336 94 96 270 0.99395
00010.jpg 24 7 156 374 0.99382
00010.jpg 342 88 92 284 0.99359
00010.jpg 329 84 108 290 0.99301
00010.jpg 340 92 99 291 0.99281
00010.jpg 334 83 102 295 0.99229
00010.jpg 337 91 102 282 0.99225
00010.jpg 513 86 153 296 0.99187
00010.jpg 343 89 90 296 0.99165
00010.jpg 335 89 98 284 0.99159
00010.jpg 25 8 158 372 0.99158
00010.jpg 335 81 103 298 0.99146
00010.jpg 28 8 146 371 0.99106
00010.jpg 335 92 104 284 0.99051
00010.jpg 336 94 101 285 0.99050
00010.jpg 341 93 91 282 0.99041
00010.jpg 517 81 157 297 0.99012
00010.jpg 641 89 88 289 0.98946
00010.jpg 639 97 92 282 0.98943
00010.jpg 634 86 103 295 0.98923
00010.jpg 647 99 77 278 0.98894
00010.jpg 515 80 145 301 0.98887
00010.jpg 515 87 156 298 0.98855
00010.jpg 520 82 138 295 0.98828
00010.jpg 512 84 161 291 0.98814
00010.jpg 24 20 159 363 0.98734
00010.jpg 514 83 152 300 0.98684
00010.jpg 334 88 107 285 0.98672
00010.jpg 336 96 103 275 0.98631
00010.jpg 23 1 157 382 0.98578
00010.jpg 634 94 90 291 0.98560
00010.jpg 508 83 159 298 0.98551
00010.jpg 336 87 105 290 0.98547
00010.jpg 514 88 153 283 0.98538
00010.jpg 632 100 99 279 0.98524
00010.jpg 639 97 88 279 0.98496
00010.jpg 515 89 168 285 0.98489
00010.jpg 518 81 140 299 0.98449
00010.jpg 25 13 161 359 0.98426
00010.jpg 25 20 155 358 0.98403
00010.jpg 334 88 106 288 0.98326
00010.jpg 27 7 159 366 0.98306
00010.jpg 516 74 161 309 0.98252
00010.jpg 640 91 88 286 0.98222
00010.jpg 22 7 157 377 0.98173
00010.jpg 22 13 157 374 0.98132
00010.jpg 640 89 88 290 0.98112
00010.jpg 342 94 97 284 0.98099
00010.jpg 24 11 152 372 0.98045
00010.jpg 337 86 98 290 0.97998
00010.jpg 23 8 161 377 0.97796
00010.jpg 643 95 85 284 0.97744
00010.jpg 635 98 105 280 0.97695
00010.jpg 634 90 98 299 0.97648
00010.jpg 520 83 135 294 0.97521
00010.jpg 521 82 136 299 0.97514
00010.jpg 641 90 85 286 0.97478
00010.jpg 514 85 145 295 0.97473
00010.jpg 338 86 94 290 0.97460
00010.jpg 517 84 146 300 0.97444
00010.jpg 344 93 92 282 0.97311
00010.jpg 338 96 99 277 0.97297
00010.jpg 635 94 91 279 0.97240
00010.jpg 337 91 103 290 0.97232
00010.jpg 630 90 100 291 0.97169
00010.jpg 513 85 152 302 0.97169
00010.jpg 517 99 144 280 0.97150
00010.jpg 513 87 154 283 0.97132
00010.jpg 518 76 142 309 0.97078
00010.jpg 23 7 153 378 0.97012
00010.jpg 331 97 114 276 0.96930
00010.jpg 524 87 138 291 0.96919
00010.jpg 634 100 104 274 0.96915
00010.jpg 337 91 100 283 0.96891
00010.jpg 644 91 85 289 0.96825
00010.jpg 639 91 89 287 0.96705
00010.jpg 638 87 88 288 0.96606
00010.jpg 641 91 84 290 0.96549
00010.jpg 26 8 154 379 0.96434
00010.jpg 30 12 148 368 0.96383
00010.jpg 640 99 83 274 0.96262
00010.jpg 515 94 153 285 0.96150
00010.jpg 514 79 154 305 0.96100
00010.jpg 336 87 102 283 0.95872
00010.jpg 639 97 91 280 0.95851
00010.jpg 637 94 89 277 0.95722
00010.jpg 513 78 166 302 0.95698
00010.jpg 635 98 97 282 0.95595
00010.jpg 640 97 84 285 0.95305
00010.jpg 512 88 159 286 0.95299
00010.jpg 637 93 95 281 0.95235
00010.jpg 24 10 152 373 0.95196
00010.jpg 517 88 151 290 0.95181
00010.jpg 638 97 96 274 0.95066
00010.jpg 643 93 85 286 0.95045
00010.jpg 28 3 153 375 0.94982
00010.jpg 338 93 97 288 0.94950
00010.jpg 639 94 86 278 0.94911
00010.jpg 636 96 97 284 0.94884
00010.jpg 334 84 104 293 0.94623
00010.jpg 631 96 107 285 0.94601
00010.jpg 32 3 146 387 0.94510
00010.jpg 638 86 87 292 0.94433
00010.jpg 635 97 94 281 0.94375
00010.jpg 16 8 168 383 0.94316
00010.jpg 516 83 152 299 0.94292
00010.jpg 334 88 109 286 0.94249
00010.jpg 516 88 148 291 0.94221
00010.jpg 336 87 99 276 0.94079
00010.jpg 639 94 87 291 0.94077
00010.jpg 511 77 155 305 0.93966
00010.jpg 24 11 151 369 0.93621
00010.jpg 339 95 97 277 0.93506
00010.jpg 639 88 90 295 0.93415
00010.jpg 513 77 179 301 0.93346
00010.jpg 512 88 156 299 0.93240
00010.jpg 513 76 167 296 0.93160
00010.jpg 337 90 99 283 0.92944
00010.jpg 520 82 142 298 0.92743
00010.jpg 520 93 147 281 0.92709
00010.jpg 334 86 107 293 0.92630
00010.jpg 630 96 102 285 0.92625
00010.jpg 339 91 98 289 0.92529
00010.jpg 30 18 141 357 0.92383
00010.jpg 636 97 96 277 0.92383
00010.jpg 636 92 94 281 0.92292
00010.jpg 23 7 153 393 0.92107
00010.jpg 647 99 81 275 0.91895
00010.jpg 633 102 102 278 0.91777
00010.jpg 631 89 94 288 0.91730
00010.jpg 510 79 170 292 0.91692
00010.jpg 639 90 90 298 0.91417
00010.jpg 32 13 151 367 0.91401
00010.jpg 514 81 152 298 0.91390
00010.jpg 511 81 167 291 0.91302
00010.jpg 523 76 158 314 0.90994
00010.jpg 641 95 89 278 0.90750
00010.jpg 19 18 170 350 0.90739
00010.jpg 514 84 182 302 0.90729
00010.jpg 516 87 140 286 0.90568
00010.jpg 25 8 152 375 0.90060
00010.jpg 524 84 129 304 0.89935
00010.jpg 512 94 153 278 0.89886
00010.jpg 511 74 175 292 0.89416
00010.jpg 23 4 157 381 0.89298
00010.jpg 23 6 158 379 0.88924
00010.jpg 639 100 86 272 0.88396
00010.jpg 28 10 143 367 0.88334
00010.jpg 641 92 82 289 0.88303
00010.jpg 634 92 94 292 0.87917
00010.jpg 523 87 145 286 0.87291
00010.jpg 336 90 103 279 0.86745
00010.jpg 338 82 104 295 0.86196
00010.jpg 630 98 100 281 0.86133
00010.jpg 516 97 144 281 0.86083
00010.jpg 514 85 171 297 0.85581
00010.jpg 508 94 153 281 0.85013
00010.jpg 335 87 106 297 0.84779
00010.jpg 631 84 103 291 0.83001
00010.jpg 626 95 113 274 0.82715
00010.jpg 638 94 89 283 0.82543
00010.jpg 329 88 118 288 0.82173
00010.jpg 515 82 156 301 0.80893
00010.jpg 338 88 91 280 0.79917
00010.jpg 715 180 38 143 0.79696
00010.jpg 510 82 187 299 0.78583
00010.jpg 646 89 84 296 0.78212
00010.jpg 26 9 150 384 0.78074
00010.jpg 341 89 86 284 0.77889
00010.jpg 31 16 139 366 0.77595
00010.jpg 719 175 36 143 0.77483
00010.jpg 332 99 112 269 0.76699
00010.jpg 514 102 154 269 0.76541
00010.jpg 22 9 151 381 0.76466
00010.jpg 706 173 49 151 0.76028
00010.jpg 644 100 85 274 0.75883
00010.jpg 20 9 163 363 0.75802
00010.jpg 635 92 87 285 0.75461
00010.jpg 522 82 147 300 0.75351
00010.jpg 343 87 95 290 0.74468
00010.jpg 511 87 162 277 0.74437
00010.jpg 511 98 161 274 0.74366
00010.jpg 516 91 132 292 0.74038
00010.jpg 516 83 159 298 0.73664
00010.jpg 712 175 43 145 0.73439
00010.jpg 517 90 134 285 0.73387
00010.jpg 32 11 153 354 0.71003
00010.jpg 509 81 159 297 0.69697
00010.jpg 777 273 75 63 0.69504
00010.jpg 641 96 82 270 0.69283
00010.jpg 519 92 139 286 0.68848
00010.jpg 643 114 92 256 0.68790
00010.jpg 779 273 71 57 0.66774
00010.jpg 509 93 191 289 0.65830
00010.jpg 522 84 157 287 0.65500
00010.jpg 783 271 69 60 0.65472
00010.jpg 334 94 100 275 0.65306
00010.jpg 335 86 106 278 0.64425
00010.jpg 516 83 149 303 0.64301
00010.jpg 334 84 107 292 0.63912
00010.jpg 640 111 97 258 0.63899
00010.jpg 511 78 184 297 0.63300
00010.jpg 518 95 146 286 0.63228
00010.jpg 653 113 75 244 0.62985
00010.jpg 334 91 102 275 0.62537
00010.jpg 341 88 102 279 0.62526
00010.jpg 21 12 154 360 0.62335
00010.jpg 521 88 169 281 0.61161
00010.jpg 524 85 188 288 0.60512
00010.jpg 333 81 97 298 0.60443
00010.jpg 328 91 108 276 0.59807
00010.jpg 640 116 87 262 0.59321
00010.jpg 331 87 110 279 0.58752
00010.jpg 771 269 78 64 0.58441
00010.jpg 714 173 39 143 0.58335
00010.jpg 645 101 91 272 0.58309
00010.jpg 517 88 136 290 0.57435
00010.jpg 633 102 106 273 0.56921
00010.jpg 517 82 181 290 0.56777
00010.jpg 345 86 92 283 0.56126
00010.jpg 638 89 88 268 0.55955
00010.jpg 514 75 208 299 0.55941
00010.jpg 786 270 62 63 0.54781
00010.jpg 780 258 73 74 0.54578
00010.jpg 783 262 68 73 0.53944
00010.jpg 707 175 46 146 0.53917
00010.jpg 782 277 72 57 0.53901
00010.jpg 718 180 38 117 0.53898
00010.jpg 331 87 112 282 0.53498
00010.jpg 777 273 81 67 0.53485
00010.jpg 29 11 131 370 0.52750
00010.jpg 520 87 141 282 0.52058
00010.jpg 714 182 41 141 0.51703
00010.jpg 770 268 81 69 0.51685
00010.jpg 783 271 72 68 0.51243
00010.jpg 29 7 150 377 0.50844
00010.jpg 772 274 79 67 0.50723
00010.jpg 19 13 164 370 0.50446
00010.jpg 783 270 71 64 0.50261
00010.jpg 512 92 143 278 0.50171
