00021.jpg 650 110 100 269 0.99930
00021.jpg 25 14 168 377 0.99924
00021.jpg 36 16 152 363 0.99909
00021.jpg 37 7 145 383 0.99904
00021.jpg 646 107 104 291 0.99903
00021.jpg 37 7 146 374 0.99903
00021.jpg 651 112 95 281 0.99897
00021.jpg 29 15 159 369 0.99894
00021.jpg 32 10 157 375 0.99883
00021.jpg 21 17 181 374 0.99881
00021.jpg 342 99 100 275 0.99867
00021.jpg 26 7 161 392 0.99861
00021.jpg 520 97 145 277 0.99860
00021.jpg 340 103 105 263 0.99847
00021.jpg 648 118 106 273 0.99839
00021.jpg 651 112 97 272 0.99836
00021.jpg 343 99 103 279 0.99833
00021.jpg 342 101 98 276 0.99828
00021.jpg 349 111 92 266 0.99824
00021.jpg 652 113 97 276 0.99812
00021.jpg 36 9 148 383 0.99800
00021.jpg 519 100 154 295 0.99799
00021.jpg 32 3 156 401 0.99797
00021.jpg 24 3 165 388 0.99795
00021.jpg 38 16 135 379 0.99784
00021.jpg 345 96 95 286 0.99771
00021.jpg 651 116 95 274 0.99762
00021.jpg 523 99 152 297 0.99759
00021.jpg 648 108 98 280 0.99741
00021.jpg 35 18 142 367 0.99731
00021.jpg 32 12 150 384 0.99718
00021.jpg 651 109 102 280 0.99712
00021.jpg 24 14 167 373 0.99698
00021.jpg 647 105 100 288 0.99693
00021.jpg 340 101 104 276 0.99669
00021.jpg 343 98 98 280 0.99660
00021.jpg 26 15 157 365 0.99632
00021.jpg 28 9 158 387 0.99596
00021.jpg 520 107 144 281 0.99586
00021.jpg 18 0 168 387 0.99574
00021.jpg 27 14 166 375 0.99572
00021.jpg 519 95 163 310 0.99569
00021.jpg 32 16 153 374 0.99556
00021.jpg 346 98 96 282 0.99537
00021.jpg 519 99 153 280 0.99534
00021.jpg 30 10 156 366 0.99533
00021.jpg 512 100 150 291 0.99514
00021.jpg 30 2 164 391 0.99507
00021.jpg 344 103 93 269 0.99503
00021.jpg 653 110 94 279 0.99498
00021.jpg 650 111 96 280 0.99492
00021.jpg 24 0 163 390 0.99487
00021.jpg 346 105 97 265 0.99486
00021.jpg 344 99 101 284 0.99482
00021.jpg 650 107 97 282 0.99476
00021.jpg 345 106 96 267 0.99472
00021.jpg 651 112 98 277 0.99456
00021.jpg 514 104 164 288 0.99444
00021.jpg 519 102 153 292 0.99427
00021.jpg 524 108 139 275 0.99370
00021.jpg 515 104 151 285 0.99368
00021.jpg 518 110 160 289 0.99357
00021.jpg 339 101 107 278 0.99331
00021.jpg 654 107 91 286 0.99307
00021.jpg 651 112 99 280 0.99294
00021.jpg 516 100 148 287 0.99263
00021.jpg 651 105 100 289 0.99237
00021.jpg 344 104 97 276 0.99235
00021.jpg 528 101 137 293 0.99230
00021.jpg 515 110 155 279 0.99223
00021.jpg 338 104 105 277 0.99208
00021.jpg 522 97 143 302 0.99162
00021.jpg 524 105 149 294 0.99152
00021.jpg 510 99 162 299 0.99126
00021.jpg 26 16 157 371 0.99094
00021.jpg 340 106 101 265 0.99059
00021.jpg 649 107 102 286 0.98986
00021.jpg 338 109 107 266 0.98984
00021.jpg 647 106 106 293 0.98973
00021.jpg 523 104 145 286 0.98958
00021.jpg 648 103 103 298 0.98956
00021.jpg 523 99 153 299 0.98929
00021.jpg 650 109 100 280 0.98894
00021.jpg 649 108 98 284 0.98874
00021.jpg 651 111 97 288 0.98857
00021.jpg 343 104 96 273 0.98850
00021.jpg 659 105 88 287 0.98837
00021.jpg 514 102 159 295 0.98827
00021.jpg 519 111 143 269 0.98751
00021.jpg 516 104 153 283 0.98732
00021.jpg 652 115 91 275 0.98685
00021.jpg 345 107 91 274 0.98630
00021.jpg 522 93 159 295 0.98587
00021.jpg 340 106 101 273 0.98528
00021.jpg 30 10 155 384 0.98524
00021.jpg 516 106 154 286 0.98456
00021.jpg 650 100 100 290 0.98417
00021.jpg 512 100 157 297 0.98374
00021.jpg 652 113 96 285 0.98362
00021.jpg 342 102 99 274 0.98349
00021.jpg 338 109 102 262 0.98343
00021.jpg 653 109 91 280 0.98331
00021.jpg 519 100 150 292 0.98320
00021.jpg 524 106 144 288 0.98313
00021.jpg 648 108 101 283 0.98271
00021.jpg 646 113 99 286 0.98240
00021.jpg 650 104 94 290 0.98070
00021.jpg 646 116 100 271 0.98030
00021.jpg 656 110 98 283 0.97955
00021.jpg 344 106 96 257 0.97873
00021.jpg 521 95 150 295 0.97862
00021.jpg 520 108 150 285 0.97740
00021.jpg 516 104 155 279 0.97736
00021.jpg 531 101 137 281 0.97722
00021.jpg 651 119 99 267 0.97625
00021.jpg 340 105 100 265 0.97611
00021.jpg 343 107 97 269 0.97573
00021.jpg 345 99 95 279 0.97502
00021.jpg 27 10 159 379 0.97483
00021.jpg 518 100 157 299 0.97465
00021.jpg 519 101 155 300 0.97388
00021.jpg 518 98 152 288 0.97348
00021.jpg 343 102 100 266 0.97305
00021.jpg 524 94 152 297 0.97248
00021.jpg 341 91 95 285 0.97214
00021.jpg 522 108 145 285 0.97100
00021.jpg 518 99 158 299 0.97035
00021.jpg 652 109 96 279 0.96910
00021.jpg 652 98 93 297 0.96875
00021.jpg 23 15 176 374 0.96852
00021.jpg 525 105 149 294 0.96784
00021.jpg 519 105 158 278 0.96777
00021.jpg 342 101 100 266 0.96757
00021.jpg 521 101 154 289 0.96682
00021.jpg 519 100 151 296 0.96675
00021.jpg 32 13 151 378 0.96596
00021.jpg 33 8 152 397 0.96573
00021.jpg 520 102 155 288 0.96484
00021.jpg 651 107 100 285 0.96313
00021.jpg 652 99 96 290 0.96195
00021.jpg 346 100 95 274 0.96122
00021.jpg 520 100 144 299 0.96108
00021.jpg 522 103 150 282 0.95881
00021.jpg 347 98 90 280 0.95867
00021.jpg 525 98 151 294 0.95837
00021.jpg 647 110 105 279 0.95652
00021.jpg 341 106 99 271 0.95621
00021.jpg 521 100 153 294 0.95407
00021.jpg 339 103 99 271 0.95226
00021.jpg 515 111 152 269 0.95224
00021.jpg 645 104 98 287 0.95116
00021.jpg 652 109 95 283 0.94868
00021.jpg 652 109 98 274 0.94684
00021.jpg 343 103 99 282 0.94377
00021.jpg 516 98 158 292 0.94175
00021.jpg 340 105 102 265 0.93522
00021.jpg 518 104 147 293 0.93424
00021.jpg 29 18 156 377 0.93399
00021.jpg 658 110 95 280 0.93364
00021.jpg 514 101 160 277 0.93230
00021.jpg 517 103 149 289 0.93179
00021.jpg 651 110 99 280 0.92999
00021.jpg 654 108 96 284 0.92965
00021.jpg 26 10 154 375 0.92952
00021.jpg 645 109 109 279 0.92599
00021.jpg 521 103 149 293 0.92526
00021.jpg 519 94 155 310 0.92413
00021.jpg 340 108 103 265 0.92009
00021.jpg 342 104 94 275 0.91732
00021.jpg 647 113 105 277 0.91497
00021.jpg 33 16 147 374 0.91266
00021.jpg 28 17 163 383 0.91151
00021.jpg 518 100 145 287 0.91112
00021.jpg 516 93 160 296 0.90483
00021.jpg 341 99 98 274 0.90018
00021.jpg 28 10 159 385 0.89690
00021.jpg 512 104 167 276 0.89391
00021.jpg 28 8 151 385 0.89194
00021.jpg 24 1 170 390 0.88993
00021.jpg 25 19 156 365 0.88562
00021.jpg 519 104 149 266 0.88481
00021.jpg 518 104 156 289 0.88322
00021.jpg 342 102 96 271 0.88052
00021.jpg 526 103 149 286 0.87325
00021.jpg 341 104 91 270 0.87247
00021.jpg 339 92 98 288 0.87004
00021.jpg 521 101 153 286 0.86411
00021.jpg 35 14 157 385 0.85720
00021.jpg 645 111 108 280 0.85675
00021.jpg 519 104 139 284 0.84989
00021.jpg 526 104 135 291 0.84791
00021.jpg 340 98 97 278 0.84685
00021.jpg 646 112 102 275 0.83931
00021.jpg 27 24 166 357 0.83621
00021.jpg 512 102 168 277 0.82816
00021.jpg 338 101 98 284 0.81684
00021.jpg 342 99 95 281 0.81628
00021.jpg 645 109 108 283 0.81594
00021.jpg 514 94 152 297 0.81181
00021.jpg 338 103 96 270 0.80121
00021.jpg 655 106 93 291 0.80005
00021.jpg 26 16 151 369 0.79223
00021.jpg 654 109 106 283 0.79158
00021.jpg 649 113 94 267 0.79084
00021.jpg 523 101 145 291 0.78393
00021.jpg 516 101 156 297 0.77501
00021.jpg 344 102 90 268 0.77296
00021.jpg 657 109 93 277 0.75921
00021.jpg 522 99 142 288 0.75902
00021.jpg 343 110 105 262 0.75557
00021.jpg 25 13 159 377 0.75208
00021.jpg 531 96 138 305 0.74758
00021.jpg 516 98 163 298 0.74756
00021.jpg 650 110 98 269 0.74549
00021.jpg 510 102 160 294 0.74517
00021.jpg 526 105 140 289 0.74384
00021.jpg 522 99 147 296 0.74214
00021.jpg 520 102 151 284 0.73035
00021.jpg 658 109 88 281 0.72369
00021.jpg 524 97 165 296 0.71634
00021.jpg 33 21 154 356 0.71394
00021.jpg 518 103 149 283 0.70813
00021.jpg 650 112 96 280 0.70407
00021.jpg 530 100 135 292 0.66842
00021.jpg 635 102 106 294 0.66052
00021.jpg 22 12 167 382 0.65740
00021.jpg 530 100 156 291 0.63392
00021.jpg 651 116 95 268 0.63258
00021.jpg 33 13 157 381 0.63105
00021.jpg 522 120 142 275 0.62637
00021.jpg 36 29 143 358 0.62330
00021.jpg 25 12 158 374 0.62184
00021.jpg 651 101 91 289 0.62113
00021.jpg 337 92 99 296 0.61226
00021.jpg 506 109 222 286 0.61208
00021.jpg 339 98 101 284 0.60149
00021.jpg 20 18 168 376 0.60046
00021.jpg 329 105 120 273 0.59489
00021.jpg 337 106 110 266 0.59210
00021.jpg 345 108 98 272 0.58473
00021.jpg 644 113 111 273 0.57962
00021.jpg 515 113 151 261 0.57423
00021.jpg 496 118 179 254 0.56804
00021.jpg 515 81 165 324 0.56721
00021.jpg 512 101 200 271 0.56692
00021.jpg 648 104 104 281 0.56622
00021.jpg 28 12 164 365 0.54645
00021.jpg 646 115 95 268 0.54627
00021.jpg 343 107 85 263 0.53561
00021.jpg 28 19 164 375 0.52739
00021.jpg 334 106 114 271 0.52519
00021.jpg 528 108 149 271 0.52374
00021.jpg 336 104 98 265 0.51857
00021.jpg 344 101 100 267 0.50674
