00032.jpg 666 112 101 266 0.99969
00032.jpg 665 110 104 264 0.99969
00032.jpg 46 6 160 379 0.99937
00032.jpg 670 104 100 285 0.99934
00032.jpg 670 110 90 276 0.99926
00032.jpg 46 8 150 374 0.99923
00032.jpg 529 100 153 296 0.99915
00032.jpg 43 10 155 385 0.99900
00032.jpg 38 11 163 375 0.99899
00032.jpg 46 10 158 377 0.99899
00032.jpg 530 103 149 289 0.99876
00032.jpg 531 99 136 303 0.99869
00032.jpg 674 104 89 281 0.99859
00032.jpg 340 97 133 265 0.99859
00032.jpg 42 20 153 354 0.99859
00032.jpg 677 112 90 270 0.99851
00032.jpg 39 8 158 375 0.99827
00032.jpg 41 12 163 370 0.99817
00032.jpg 677 106 84 281 0.99801
00032.jpg 34 7 172 381 0.99782
00032.jpg 675 105 91 278 0.99742
00032.jpg 530 88 150 316 0.99729
00032.jpg 46 2 163 382 0.99724
00032.jpg 44 8 154 387 0.99705
00032.jpg 35 16 170 367 0.99701
00032.jpg 43 9 161 393 0.99699
00032.jpg 669 107 97 277 0.99693
00032.jpg 675 110 89 272 0.99674
00032.jpg 341 91 132 273 0.99667
00032.jpg 33 8 165 368 0.99658
00032.jpg 49 6 154 381 0.99630
00032.jpg 668 111 95 274 0.99629
00032.jpg 345 100 129 266 0.99623
00032.jpg 534 96 144 304 0.99620
00032.jpg 38 3 158 382 0.99619
00032.jpg 41 8 158 376 0.99617
00032.jpg 41 6 152 371 0.99610
00032.jpg 669 110 99 271 0.99601
00032.jpg 37 9 165 384 0.99599
00032.jpg 525 94 157 304 0.99598
00032.jpg 338 99 137 265 0.99590
00032.jpg 665 109 103 276 0.99558
00032.jpg 674 115 96 266 0.99557
00032.jpg 50 11 148 360 0.99489
00032.jpg 669 113 98 272 0.99486
00032.jpg 335 95 139 269 0.99473
00032.jpg 339 95 134 276 0.99471
00032.jpg 37 6 166 374 0.99466
00032.jpg 533 98 152 298 0.99438
00032.jpg 674 105 91 283 0.99435
00032.jpg 343 90 128 289 0.99435
00032.jpg 337 96 131 277 0.99430
00032.jpg 668 105 101 280 0.99406
00032.jpg 41 17 162 364 0.99404
00032.jpg 38 10 160 377 0.99392
00032.jpg 332 92 137 281 0.99386
00032.jpg 342 102 135 263 0.99368
00032.jpg 666 102 99 286 0.99352
00032.jpg 522 102 165 290 0.99349
00032.jpg 343 91 131 279 0.99338
00032.jpg 338 93 134 265 0.99330
00032.jpg 526 98 163 298 0.99320
00032.jpg 670 113 93 265 0.99318
00032.jpg 44 20 161 363 0.99296
00032.jpg 533 106 142 281 0.99276
00032.jpg 525 95 160 302 0.99273
00032.jpg 341 93 135 274 0.99236
00032.jpg 671 108 89 273 0.99229
00032.jpg 531 104 148 292 0.99203
00032.jpg 343 93 132 270 0.99190
00032.jpg 532 95 141 300 0.99179
00032.jpg 340 92 137 276 0.99174
00032.jpg 528 103 150 291 0.99168
00032.jpg 338 102 134 255 0.99144
00032.jpg 528 104 145 296 0.99131
00032.jpg 34 2 171 392 0.99127
00032.jpg 671 108 91 279 0.99104
00032.jpg 668 104 98 286 0.99092
00032.jpg 672 107 90 272 0.99070
00032.jpg 345 104 119 264 0.99047
00032.jpg 342 97 130 268 0.98988
00032.jpg 527 96 154 305 0.98959
00032.jpg 532 98 142 294 0.98941
00032.jpg 671 111 94 279 0.98925
00032.jpg 339 92 136 279 0.98921
00032.jpg 527 92 154 303 0.98827
00032.jpg 670 104 94 284 0.98824
00032.jpg 665 114 101 264 0.98821
00032.jpg 335 100 144 264 0.98805
00032.jpg 675 107 94 274 0.98742
00032.jpg 669 111 94 276 0.98697
00032.jpg 338 100 137 255 0.98688
00032.jpg 521 102 161 293 0.98673
00032.jpg 667 113 100 266 0.98619
00032.jpg 530 100 151 289 0.98602
00032.jpg 530 93 145 308 0.98586
00032.jpg 665 108 106 275 0.98582
00032.jpg 531 99 148 299 0.98575
00032.jpg 47 7 152 384 0.98563
00032.jpg 341 94 130 272 0.98556
00032.jpg 44 4 152 389 0.98543
00032.jpg 523 101 165 287 0.98531
00032.jpg 337 98 140 268 0.98475
00032.jpg 531 96 148 302 0.98474
00032.jpg 40 4 161 399 0.98436
00032.jpg 521 105 160 285 0.98418
00032.jpg 339 98 133 270 0.98368
00032.jpg 339 100 132 261 0.98302
00032.jpg 38 6 163 387 0.98297
00032.jpg 33 14 171 372 0.98259
00032.jpg 670 110 93 275 0.98234
00032.jpg 670 110 97 273 0.98221
00032.jpg 338 103 141 267 0.98041
00032.jpg 336 102 141 266 0.98027
00032.jpg 535 88 153 307 0.98005
00032.jpg 342 93 129 270 0.97991
00032.jpg 336 105 136 264 0.97920
00032.jpg 535 88 144 311 0.97911
00032.jpg 529 99 150 289 0.97904
00032.jpg 38 15 166 371 0.97902
00032.jpg 530 97 150 300 0.97865
00032.jpg 672 110 94 280 0.97859
00032.jpg 346 100 124 273 0.97831
00032.jpg 335 90 136 287 0.97807
00032.jpg 340 97 136 275 0.97799
00032.jpg 533 95 145 304 0.97732
00032.jpg 669 111 99 274 0.97608
00032.jpg 520 86 166 319 0.97603
00032.jpg 526 105 151 289 0.97566
00032.jpg 666 109 99 272 0.97417
00032.jpg 526 100 156 291 0.97414
00032.jpg 532 90 153 308 0.97378
00032.jpg 525 99 162 286 0.97216
00032.jpg 667 103 101 277 0.97137
00032.jpg 346 93 124 275 0.97079
00032.jpg 669 109 97 270 0.96977
00032.jpg 341 101 132 263 0.96813
00032.jpg 340 100 138 265 0.96757
00032.jpg 661 106 108 274 0.96739
00032.jpg 530 94 146 303 0.96615
00032.jpg 519 94 168 300 0.96387
00032.jpg 535 99 134 287 0.96328
00032.jpg 323 91 153 272 0.96326
00032.jpg 675 104 90 282 0.96184
00032.jpg 533 96 148 303 0.96159
00032.jpg 530 100 141 295 0.96042
00032.jpg 336 100 139 255 0.95975
00032.jpg 344 99 126 265 0.95968
00032.jpg 668 107 95 280 0.95958
00032.jpg 336 87 136 287 0.95880
00032.jpg 524 97 157 303 0.94891
00032.jpg 521 93 163 289 0.94684
00032.jpg 535 105 138 284 0.94611
00032.jpg 42 11 156 368 0.94172
00032.jpg 340 96 132 260 0.94069
00032.jpg 527 98 147 292 0.93993
00032.jpg 527 103 151 294 0.93895
00032.jpg 669 112 93 273 0.93617
00032.jpg 339 108 137 260 0.93363
00032.jpg 41 14 154 368 0.93306
00032.jpg 339 96 135 277 0.93257
00032.jpg 343 98 128 263 0.93247
00032.jpg 338 103 135 257 0.93149
00032.jpg 337 101 139 259 0.93149
00032.jpg 670 110 90 271 0.93076
00032.jpg 674 103 91 281 0.93008
00032.jpg 335 102 140 252 0.92858
00032.jpg 538 90 144 307 0.92504
00032.jpg 334 95 139 262 0.92376
00032.jpg 337 102 138 265 0.91482
00032.jpg 520 105 158 288 0.91451
00032.jpg 332 107 150 255 0.91448
00032.jpg 36 14 170 366 0.91280
00032.jpg 50 15 152 377 0.91096
00032.jpg 527 97 153 302 0.90753
00032.jpg 525 100 155 296 0.90695
00032.jpg 674 101 92 292 0.90668
00032.jpg 532 84 153 312 0.89795
00032.jpg 672 102 93 287 0.89604
00032.jpg 340 99 135 269 0.88550
00032.jpg 342 102 123 256 0.88325
00032.jpg 336 95 140 272 0.88204
00032.jpg 42 13 156 365 0.87952
00032.jpg 334 99 150 278 0.87738
00032.jpg 530 91 152 306 0.87706
00032.jpg 531 96 139 300 0.87504
00032.jpg 334 101 135 270 0.87223
00032.jpg 40 7 158 383 0.86496
00032.jpg 525 97 145 283 0.86161
00032.jpg 662 112 100 269 0.86116
00032.jpg 45 15 162 373 0.85930
00032.jpg 339 107 135 256 0.85682
00032.jpg 34 14 178 369 0.84665
00032.jpg 662 112 109 269 0.84375
00032.jpg 523 96 163 276 0.84137
00032.jpg 666 100 102 296 0.83247
00032.jpg 336 97 134 262 0.83207
00032.jpg 332 89 153 280 0.82681
00032.jpg 525 94 158 311 0.81170
00032.jpg 344 111 134 242 0.80824
00032.jpg 530 106 156 285 0.80564
00032.jpg 529 93 145 307 0.80541
00032.jpg 526 107 147 293 0.79938
00032.jpg 664 106 98 274 0.79864
00032.jpg 663 114 103 269 0.79766
00032.jpg 521 105 149 280 0.79156
00032.jpg 525 107 153 275 0.78553
00032.jpg 672 111 93 271 0.77777
00032.jpg 39 12 162 374 0.77646
00032.jpg 339 103 132 254 0.77259
00032.jpg 526 105 142 284 0.76680
00032.jpg 665 108 101 278 0.76625
00032.jpg 526 95 144 306 0.76445
00032.jpg 671 104 101 280 0.75917
00032.jpg 524 105 148 290 0.75808
00032.jpg 532 93 153 307 0.75126
00032.jpg 668 105 107 275 0.74399
00032.jpg 343 94 124 263 0.74198
00032.jpg 675 105 89 287 0.73876
00032.jpg 342 94 135 272 0.72932
00032.jpg 340 98 135 271 0.72363
00032.jpg 529 103 161 266 0.71812
00032.jpg 35 15 167 380 0.71732
00032.jpg 343 99 125 255 0.70873
00032.jpg 664 103 109 282 0.70666
00032.jpg 529 89 167 303 0.70270
00032.jpg 538 93 150 293 0.69753
00032.jpg 657 110 116 268 0.69438
00032.jpg 675 114 89 272 0.69226
00032.jpg 521 104 168 287 0.69039
00032.jpg 340 100 128 271 0.69033
00032.jpg 662 105 106 278 0.67556
00032.jpg 46 5 154 380 0.67400
00032.jpg 337 96 140 270 0.66427
00032.jpg 340 104 139 275 0.66423
00032.jpg 663 94 110 290 0.65494
00032.jpg 38 21 171 352 0.65406
00032.jpg 523 90 180 294 0.65338
00032.jpg 518 97 177 288 0.63638
00032.jpg 677 105 96 269 0.63621
00032.jpg 527 103 146 281 0.63420
00032.jpg 525 105 139 283 0.63139
00032.jpg 665 106 104 272 0.63095
00032.jpg 40 17 157 368 0.62549
00032.jpg 337 97 135 254 0.62314
00032.jpg 43 17 157 382 0.62070
00032.jpg 39 6 155 364 0.60556
00032.jpg 527 100 142 298 0.59454
00032.jpg 339 98 145 273 0.57208
00032.jpg 349 94 125 283 0.56336
00032.jpg 525 118 152 267 0.56273
00032.jpg 346 109 122 270 0.55944
00032.jpg 663 108 93 277 0.55701
00032.jpg 524 87 156 295 0.55381
00032.jpg 341 114 135 252 0.55330
00032.jpg 665 111 102 273 0.54853
00032.jpg 520 103 160 275 0.54797
00032.jpg 675 107 93 276 0.54644
00032.jpg 346 94 127 256 0.54451
00032.jpg 660 111 100 271 0.51338
00032.jpg 529 104 154 288 0.49914
