00038.jpg 40 23 156 363 0.99927
00038.jpg 517 102 150 300 0.99914
00038.jpg 37 9 156 395 0.99914
00038.jpg 656 125 101 275 0.99901
00038.jpg 336 109 113 272 0.99887
00038.jpg 43 25 144 370 0.99880
00038.jpg 45 16 152 379 0.99878
00038.jpg 516 108 159 289 0.99878
00038.jpg 33 21 159 372 0.99869
00038.jpg 38 15 155 390 0.99861
00038.jpg 39 17 149 380 0.99850
00038.jpg 32 9 154 393 0.99844
00038.jpg 653 126 104 269 0.99840
00038.jpg 346 114 98 277 0.99833
00038.jpg 41 18 154 374 0.99823
00038.jpg 517 103 153 299 0.99787
00038.jpg 39 11 147 394 0.99780
00038.jpg 341 112 105 276 0.99769
00038.jpg 49 16 138 384 0.99763
00038.jpg 343 108 102 287 0.99749
00038.jpg 43 18 143 382 0.99738
00038.jpg 522 96 147 316 0.99730
00038.jpg 662 127 86 278 0.99718
00038.jpg 39 13 161 388 0.99717
00038.jpg 511 102 161 298 0.99687
00038.jpg 521 103 144 304 0.99683
00038.jpg 658 119 97 272 0.99681
00038.jpg 519 94 145 321 0.99678
00038.jpg 34 14 152 378 0.99674
00038.jpg 34 19 154 387 0.99667
00038.jpg 336 100 115 284 0.99662
00038.jpg 522 100 137 299 0.99647
00038.jpg 39 13 162 383 0.99641
00038.jpg 516 101 149 299 0.99617
00038.jpg 655 121 95 281 0.99610
00038.jpg 39 26 149 367 0.99603
00038.jpg 45 15 144 393 0.99597
00038.jpg 654 122 97 277 0.99593
00038.jpg 653 127 99 266 0.99550
00038.jpg 512 99 158 302 0.99546
00038.jpg 340 115 110 270 0.99539
00038.jpg 28 8 160 399 0.99537
00038.jpg 520 104 148 298 0.99487
00038.jpg 513 106 160 292 0.99482
00038.jpg 519 98 152 304 0.99467
00038.jpg 664 126 84 278 0.99461
00038.jpg 334 105 119 280 0.99452
00038.jpg 332 111 118 276 0.99440
00038.jpg 652 125 104 266 0.99398
00038.jpg 514 114 146 271 0.99394
00038.jpg 32 39 168 360 0.99385
00038.jpg 339 113 111 271 0.99373
00038.jpg 513 100 154 298 0.99363
00038.jpg 340 104 103 282 0.99362
00038.jpg 338 104 107 283 0.99357
00038.jpg 513 104 154 305 0.99308
00038.jpg 33 10 161 390 0.99308
00038.jpg 659 121 95 278 0.99305
00038.jpg 33 16 155 391 0.99302
00038.jpg 340 106 115 276 0.99246
00038.jpg 346 112 103 274 0.99227
00038.jpg 32 22 161 374 0.99210
00038.jpg 518 100 146 310 0.99204
00038.jpg 520 104 144 296 0.99201
00038.jpg 335 108 113 281 0.99189
00038.jpg 511 105 153 286 0.99147
00038.jpg 521 104 144 297 0.99132
00038.jpg 341 110 106 274 0.99131
00038.jpg 338 107 114 285 0.99115
00038.jpg 526 108 137 289 0.99049
00038.jpg 338 108 107 278 0.99044
00038.jpg 523 106 149 301 0.99033
00038.jpg 661 113 93 290 0.99029
00038.jpg 656 119 89 275 0.99025
00038.jpg 517 101 152 303 0.99015
00038.jpg 518 101 149 302 0.98998
00038.jpg 659 118 95 287 0.98983
00038.jpg 662 122 86 282 0.98983
00038.jpg 516 97 155 308 0.98950
00038.jpg 34 25 161 382 0.98944
00038.jpg 662 121 88 271 0.98936
00038.jpg 331 110 119 276 0.98868
00038.jpg 519 112 147 289 0.98760
00038.jpg 37 18 153 377 0.98747
00038.jpg 333 108 117 283 0.98590
00038.jpg 655 120 95 278 0.98582
00038.jpg 514 101 156 308 0.98566
00038.jpg 519 100 145 305 0.98544
00038.jpg 513 102 157 305 0.98510
00038.jpg 657 116 92 288 0.98489
00038.jpg 45 7 143 396 0.98438
00038.jpg 336 112 115 275 0.98422
00038.jpg 335 111 112 276 0.98388
00038.jpg 524 96 144 307 0.98380
00038.jpg 339 107 115 284 0.98372
00038.jpg 340 105 103 282 0.98357
00038.jpg 341 108 103 286 0.98351
00038.jpg 43 18 143 384 0.98342
00038.jpg 516 107 149 297 0.98314
00038.jpg 42 26 148 360 0.98298
00038.jpg 661 118 92 288 0.98210
00038.jpg 516 113 152 286 0.98206
00038.jpg 523 98 139 305 0.98174
00038.jpg 654 116 97 283 0.98161
00038.jpg 517 102 144 302 0.98081
00038.jpg 653 121 100 277 0.97947
00038.jpg 40 16 155 380 0.97918
00038.jpg 648 125 106 275 0.97855
00038.jpg 342 107 108 282 0.97849
00038.jpg 516 93 151 312 0.97754
00038.jpg 514 96 157 307 0.97742
00038.jpg 35 23 157 371 0.97738
00038.jpg 655 122 100 274 0.97699
00038.jpg 663 119 89 273 0.97685
00038.jpg 520 98 147 308 0.97685
00038.jpg 521 104 144 308 0.97648
00038.jpg 335 115 119 268 0.97634
00038.jpg 338 110 114 275 0.97613
00038.jpg 38 20 147 361 0.97559
00038.jpg 517 99 141 308 0.97526
00038.jpg 522 101 152 296 0.97509
00038.jpg 521 103 144 306 0.97411
00038.jpg 30 26 163 365 0.97375
00038.jpg 29 35 154 365 0.97346
00038.jpg 337 111 111 268 0.97326
00038.jpg 661 115 91 280 0.97278
00038.jpg 656 120 88 276 0.97183
00038.jpg 334 111 108 275 0.97094
00038.jpg 655 118 95 287 0.97055
00038.jpg 523 94 147 311 0.97026
00038.jpg 520 105 155 289 0.97018
00038.jpg 656 123 96 279 0.96995
00038.jpg 518 98 150 303 0.96961
00038.jpg 660 129 94 272 0.96935
00038.jpg 337 108 113 273 0.96929
00038.jpg 660 121 88 272 0.96784
00038.jpg 660 119 92 285 0.96752
00038.jpg 660 118 96 286 0.96665
00038.jpg 341 110 106 275 0.96602
00038.jpg 28 18 176 387 0.96461
00038.jpg 653 121 101 276 0.96438
00038.jpg 518 99 150 310 0.96148
00038.jpg 665 121 90 275 0.96051
00038.jpg 31 19 161 404 0.95916
00038.jpg 340 108 112 281 0.95781
00038.jpg 660 117 96 279 0.95772
00038.jpg 335 114 117 263 0.95389
00038.jpg 340 106 105 278 0.95357
00038.jpg 516 106 151 299 0.95058
00038.jpg 524 101 148 298 0.95043
00038.jpg 509 111 167 278 0.94670
00038.jpg 338 108 113 278 0.94549
00038.jpg 658 123 94 275 0.94435
00038.jpg 39 25 139 373 0.94237
00038.jpg 336 106 121 285 0.94072
00038.jpg 526 101 142 307 0.93906
00038.jpg 659 117 92 282 0.93885
00038.jpg 653 121 109 279 0.93588
00038.jpg 518 99 149 305 0.93140
00038.jpg 512 102 160 298 0.92851
00038.jpg 36 12 157 387 0.92299
00038.jpg 523 100 132 306 0.92172
00038.jpg 655 118 99 284 0.92135
00038.jpg 339 102 112 291 0.91696
00038.jpg 521 100 150 312 0.91694
00038.jpg 523 107 133 295 0.91368
00038.jpg 657 120 96 284 0.91099
00038.jpg 33 38 153 348 0.91083
00038.jpg 327 93 132 294 0.90931
00038.jpg 37 25 156 374 0.90730
00038.jpg 513 96 162 311 0.90179
00038.jpg 520 100 139 303 0.90090
00038.jpg 518 98 143 309 0.90066
00038.jpg 658 115 97 295 0.89909
00038.jpg 516 108 148 286 0.89906
00038.jpg 650 123 112 287 0.89692
00038.jpg 336 115 111 267 0.89661
00038.jpg 519 104 144 293 0.89075
00038.jpg 340 110 105 274 0.88827
00038.jpg 40 23 152 378 0.88762
00038.jpg 40 46 158 357 0.88741
00038.jpg 514 100 158 290 0.88537
00038.jpg 652 118 94 280 0.87556
00038.jpg 735 155 38 186 0.87270
00038.jpg 332 110 119 272 0.87221
00038.jpg 658 125 94 274 0.87183
00038.jpg 520 108 150 287 0.87033
00038.jpg 663 122 85 282 0.87026
00038.jpg 329 108 123 279 0.86429
00038.jpg 653 120 91 284 0.86258
00038.jpg 332 118 114 268 0.86216
00038.jpg 334 111 130 278 0.85897
00038.jpg 515 102 139 296 0.85891
00038.jpg 659 125 94 270 0.85757
00038.jpg 335 102 121 288 0.85515
00038.jpg 347 108 99 272 0.84564
00038.jpg 339 112 114 279 0.83887
00038.jpg 333 108 114 271 0.83115
00038.jpg 661 122 93 271 0.82754
00038.jpg 657 114 105 284 0.81615
00038.jpg 335 108 119 275 0.81193
00038.jpg 331 108 111 286 0.81067
00038.jpg 514 102 148 300 0.80902
00038.jpg 30 16 149 375 0.80269
00038.jpg 523 96 141 306 0.80040
00038.jpg 35 20 155 377 0.79856
00038.jpg 31 19 174 374 0.79466
00038.jpg 657 124 103 274 0.77937
00038.jpg 348 109 104 270 0.77844
00038.jpg 516 101 147 307 0.77764
00038.jpg 517 98 140 302 0.77626
00038.jpg 344 116 104 266 0.77430
00038.jpg 734 141 45 204 0.77369
00038.jpg 343 111 112 272 0.77292
00038.jpg 734 153 44 195 0.76529
00038.jpg 654 116 107 284 0.76221
00038.jpg 333 105 116 275 0.76183
00038.jpg 659 118 94 279 0.76162
00038.jpg 734 152 41 185 0.76042
00038.jpg 38 29 158 364 0.75659
00038.jpg 514 91 158 321 0.75472
00038.jpg 42 10 146 414 0.73624
00038.jpg 530 103 126 301 0.73496
00038.jpg 652 124 112 272 0.73384
00038.jpg 663 125 83 268 0.72457
00038.jpg 740 153 41 188 0.71948
00038.jpg 738 145 39 187 0.70692
00038.jpg 738 146 38 185 0.70555
00038.jpg 517 100 140 300 0.70280
00038.jpg 664 121 97 270 0.70278
00038.jpg 517 101 153 296 0.70257
00038.jpg 50 19 146 378 0.67859
00038.jpg 786 296 73 62 0.67546
00038.jpg 348 110 110 281 0.67411
00038.jpg 660 121 87 285 0.67103
00038.jpg 660 125 86 277 0.66902
00038.jpg 651 125 93 268 0.66701
00038.jpg 648 123 111 274 0.66487
00038.jpg 523 100 144 300 0.66127
00038.jpg 670 125 94 266 0.65463
00038.jpg 661 121 98 282 0.64884
00038.jpg 35 14 161 380 0.64498
00038.jpg 659 107 91 295 0.63908
00038.jpg 658 126 101 262 0.63329
00038.jpg 517 104 143 289 0.62453
00038.jpg 781 293 75 62 0.61319
00038.jpg 666 128 97 265 0.61258
00038.jpg 739 143 41 178 0.59711
00038.jpg 335 95 120 296 0.59548
00038.jpg 791 285 67 66 0.59205
00038.jpg 735 150 44 183 0.58817
00038.jpg 737 153 43 186 0.58695
00038.jpg 333 119 120 268 0.58588
00038.jpg 740 147 42 188 0.58461
00038.jpg 517 93 157 311 0.57348
00038.jpg 330 114 125 283 0.57308
00038.jpg 737 165 45 172 0.56737
00038.jpg 788 290 64 60 0.56716
00038.jpg 733 154 49 189 0.56662
00038.jpg 670 120 87 275 0.55048
00038.jpg 41 8 150 396 0.54518
00038.jpg 787 296 74 65 0.54390
00038.jpg 738 153 40 173 0.52979
00038.jpg 789 294 68 60 0.52941
00038.jpg 656 116 91 285 0.51721
00038.jpg 736 153 44 200 0.51625
00038.jpg 649 132 118 261 0.51406
00038.jpg 345 120 111 274 0.51071
00038.jpg 735 155 44 181 0.50886
00038.jpg 332 108 114 267 0.50643
00038.jpg 42 24 145 371 0.50529
00038.jpg 738 143 42 209 0.50383
00038.jpg 661 123 97 279 0.49914
