00009.jpg 229 77 223 440 0.99992
00009.jpg 236 77 214 449 0.99971
00009.jpg 229 59 211 461 0.99949
00009.jpg 140 64 144 417 0.99946
00009.jpg 234 82 202 439 0.99906
00009.jpg 242 65 193 448 0.99902
00009.jpg 226 66 230 450 0.99899
00009.jpg 142 79 133 386 0.99887
00009.jpg 222 76 231 445 0.99878
00009.jpg 151 76 125 381 0.99873
00009.jpg 234 79 200 435 0.99848
00009.jpg 469 81 153 430 0.99819
00009.jpg 614 122 72 298 0.99808
00009.jpg 233 60 207 461 0.99805
00009.jpg 145 81 131 380 0.99790
00009.jpg 143 69 134 406 0.99780
00009.jpg 235 80 203 442 0.99764
00009.jpg 153 78 124 389 0.99757
00009.jpg 455 89 172 404 0.99746
00009.jpg 238 74 203 450 0.99725
00009.jpg 220 78 224 442 0.99684
00009.jpg 149 73 127 398 0.99659
00009.jpg 618 119 64 294 0.99658
00009.jpg 226 56 223 460 0.99656
00009.jpg 618 106 64 304 0.99616
00009.jpg 464 89 143 401 0.99603
00009.jpg 231 58 223 461 0.99545
00009.jpg 236 69 197 460 0.99493
00009.jpg 225 61 225 465 0.99444
00009.jpg 226 65 202 450 0.99442
00009.jpg 142 79 135 376 0.99436
00009.jpg 147 68 128 391 0.99425
00009.jpg 153 57 114 413 0.99409
00009.jpg 466 85 153 407 0.99403
00009.jpg 143 71 131 394 0.99363
00009.jpg 620 106 62 313 0.99363
00009.jpg 229 60 217 460 0.99266
00009.jpg 142 82 133 377 0.99259
00009.jpg 621 113 61 303 0.99250
00009.jpg 221 67 226 430 0.99202
00009.jpg 457 90 154 408 0.99196
00009.jpg 145 78 134 382 0.99176
00009.jpg 616 113 65 300 0.99130
00009.jpg 450 86 169 415 0.99112
00009.jpg 151 77 123 378 0.99107
00009.jpg 144 79 131 379 0.99060
00009.jpg 468 98 151 401 0.99004
00009.jpg 462 81 152 416 0.98991
00009.jpg 147 79 130 390 0.98939
00009.jpg 617 116 63 294 0.98915
00009.jpg 148 72 137 396 0.98870
00009.jpg 144 66 139 389 0.98869
00009.jpg 223 61 224 458 0.98833
00009.jpg 460 91 155 408 0.98825
00009.jpg 458 87 157 397 0.98723
00009.jpg 619 114 62 300 0.98667
00009.jpg 614 113 68 300 0.98558
00009.jpg 444 117 62 234 0.98540
00009.jpg 622 117 61 297 0.98536
00009.jpg 619 113 63 307 0.98534
00009.jpg 622 115 56 307 0.98531
00009.jpg 621 119 62 295 0.98517
00009.jpg 243 67 190 462 0.98515
00009.jpg 232 56 200 457 0.98508
00009.jpg 238 64 206 457 0.98503
00009.jpg 142 77 133 397 0.98412
00009.jpg 153 74 126 382 0.98360
00009.jpg 462 81 160 427 0.98348
00009.jpg 218 73 226 448 0.98329
00009.jpg 146 77 131 399 0.98317
00009.jpg 232 66 202 452 0.98156
00009.jpg 225 50 210 482 0.98132
00009.jpg 458 92 156 415 0.98075
00009.jpg 138 79 141 385 0.98024
00009.jpg 452 78 161 422 0.98017
00009.jpg 466 63 142 444 0.97998
00009.jpg 145 76 130 386 0.97881
00009.jpg 464 85 145 412 0.97870
00009.jpg 148 75 131 400 0.97827
00009.jpg 465 75 160 429 0.97690
00009.jpg 466 85 147 415 0.97636
00009.jpg 459 94 153 411 0.97634
00009.jpg 474 87 147 414 0.97558
00009.jpg 150 77 126 389 0.97555
00009.jpg 227 70 208 462 0.97524
00009.jpg 214 56 239 470 0.97480
00009.jpg 618 115 67 293 0.97449
00009.jpg 616 117 69 298 0.97397
00009.jpg 461 99 159 397 0.97382
00009.jpg 460 84 150 409 0.97330
00009.jpg 150 72 127 382 0.97268
00009.jpg 151 70 123 406 0.97242
00009.jpg 445 125 62 228 0.97232
00009.jpg 620 117 63 298 0.97215
00009.jpg 444 108 69 240 0.97154
00009.jpg 232 86 224 442 0.97059
00009.jpg 210 74 224 444 0.97053
00009.jpg 616 116 71 300 0.97005
00009.jpg 461 94 149 402 0.96967
00009.jpg 213 81 227 433 0.96859
00009.jpg 456 82 171 414 0.96421
00009.jpg 138 64 136 398 0.96379
00009.jpg 616 118 64 290 0.96335
00009.jpg 464 94 152 411 0.96073
00009.jpg 615 110 67 302 0.96025
00009.jpg 225 70 209 441 0.95978
00009.jpg 471 89 151 413 0.95974
00009.jpg 448 117 62 237 0.95823
00009.jpg 470 84 139 416 0.95663
00009.jpg 150 77 122 384 0.95327
00009.jpg 472 84 145 412 0.95262
00009.jpg 619 116 65 300 0.95194
00009.jpg 148 80 117 380 0.95188
00009.jpg 450 107 52 246 0.95178
00009.jpg 623 113 60 294 0.95120
00009.jpg 139 61 146 406 0.94991
00009.jpg 443 105 71 256 0.94916
00009.jpg 469 89 144 404 0.94848
00009.jpg 622 114 67 296 0.94835
00009.jpg 448 108 60 246 0.94726
00009.jpg 464 101 151 404 0.94685
00009.jpg 623 119 56 290 0.94668
00009.jpg 618 110 68 302 0.94651
00009.jpg 462 86 161 425 0.94329
00009.jpg 462 88 158 423 0.94198
00009.jpg 151 71 119 390 0.94190
00009.jpg 450 76 158 430 0.94184
00009.jpg 462 80 148 417 0.93898
00009.jpg 222 67 214 459 0.93521
00009.jpg 448 110 64 245 0.93506
00009.jpg 621 110 64 306 0.92623
00009.jpg 445 115 60 229 0.92498
00009.jpg 232 81 199 421 0.92483
00009.jpg 141 77 136 385 0.92187
00009.jpg 227 83 208 424 0.92096
00009.jpg 617 114 70 312 0.91999
00009.jpg 473 82 141 427 0.91823
00009.jpg 138 62 135 411 0.91797
00009.jpg 617 100 64 316 0.91786
00009.jpg 140 66 150 397 0.91724
00009.jpg 616 105 68 306 0.91482
00009.jpg 462 85 148 410 0.91317
00009.jpg 447 109 56 244 0.91206
00009.jpg 233 80 205 435 0.91205
00009.jpg 452 115 52 248 0.90894
00009.jpg 621 118 60 292 0.90569
00009.jpg 445 120 70 230 0.89475
00009.jpg 623 117 59 286 0.89359
00009.jpg 452 111 55 240 0.88931
00009.jpg 226 68 211 453 0.88746
00009.jpg 462 89 157 434 0.88740
00009.jpg 446 116 59 230 0.88467
00009.jpg 453 69 165 434 0.88376
00009.jpg 146 80 126 377 0.88318
00009.jpg 448 105 60 255 0.88301
00009.jpg 445 112 64 234 0.87963
00009.jpg 229 73 206 450 0.87871
00009.jpg 459 78 163 411 0.87118
00009.jpg 445 116 64 240 0.87039
00009.jpg 452 94 173 386 0.86809
00009.jpg 615 99 68 318 0.86627
00009.jpg 137 75 148 370 0.86332
00009.jpg 474 90 148 409 0.86275
00009.jpg 620 118 64 299 0.86242
00009.jpg 624 104 52 307 0.86009
00009.jpg 450 116 56 235 0.85929
00009.jpg 469 90 155 417 0.85860
00009.jpg 450 85 156 415 0.85760
00009.jpg 445 111 68 241 0.85114
00009.jpg 149 78 138 383 0.84965
00009.jpg 474 77 151 416 0.84518
00009.jpg 613 115 72 292 0.84468
00009.jpg 617 115 64 298 0.84102
00009.jpg 230 64 203 464 0.83789
00009.jpg 610 113 79 304 0.83468
00009.jpg 147 61 137 396 0.83038
00009.jpg 228 70 210 450 0.82999
00009.jpg 459 97 158 387 0.82646
00009.jpg 231 73 210 438 0.82400
00009.jpg 443 123 69 230 0.81871
00009.jpg 453 107 53 258 0.81610
00009.jpg 448 116 56 236 0.81565
00009.jpg 241 72 196 440 0.81468
00009.jpg 451 118 61 236 0.79793
00009.jpg 444 108 66 245 0.79727
00009.jpg 626 118 57 290 0.79655
00009.jpg 215 40 220 490 0.79571
00009.jpg 446 114 64 232 0.78948
00009.jpg 449 115 55 233 0.78280
00009.jpg 451 116 50 243 0.78102
00009.jpg 453 123 58 221 0.77861
00009.jpg 473 94 139 396 0.77494
00009.jpg 464 101 145 376 0.76869
00009.jpg 472 97 144 396 0.76753
00009.jpg 242 63 186 449 0.76013
00009.jpg 471 98 141 392 0.75629
00009.jpg 449 113 58 233 0.75224
00009.jpg 449 108 63 244 0.75016
00009.jpg 620 110 69 300 0.74800
00009.jpg 474 94 138 401 0.74745
00009.jpg 631 116 48 299 0.74608
00009.jpg 448 108 62 255 0.74506
00009.jpg 475 92 148 405 0.74106
00009.jpg 624 110 53 305 0.72902
00009.jpg 222 80 219 422 0.72537
00009.jpg 451 98 172 399 0.71956
00009.jpg 446 114 68 246 0.71864
00009.jpg 450 91 159 397 0.71717
00009.jpg 613 117 76 295 0.71564
00009.jpg 445 117 69 242 0.71542
00009.jpg 145 69 138 393 0.71533
00009.jpg 444 114 69 240 0.71039
00009.jpg 617 118 72 289 0.70218
00009.jpg 441 114 69 236 0.69666
00009.jpg 446 115 65 241 0.69488
00009.jpg 446 82 170 415 0.69264
00009.jpg 443 113 73 245 0.68176
00009.jpg 220 72 213 412 0.68027
00009.jpg 453 116 54 242 0.67231
00009.jpg 614 113 71 292 0.66969
00009.jpg 148 67 125 398 0.66609
00009.jpg 443 90 178 412 0.66608
00009.jpg 453 106 157 357 0.66580
00009.jpg 450 109 52 247 0.66157
00009.jpg 448 119 71 247 0.66135
00009.jpg 450 111 48 236 0.65395
00009.jpg 230 61 199 457 0.65177
00009.jpg 225 81 207 419 0.64731
00009.jpg 446 114 54 225 0.63833
00009.jpg 128 74 163 376 0.63393
00009.jpg 443 110 71 250 0.63392
00009.jpg 461 111 163 386 0.63316
00009.jpg 449 113 55 242 0.63219
00009.jpg 447 120 67 235 0.63140
00009.jpg 618 118 63 287 0.62868
00009.jpg 480 101 143 393 0.62753
00009.jpg 614 113 71 306 0.62540
00009.jpg 150 87 131 371 0.62252
00009.jpg 226 73 229 444 0.62073
00009.jpg 616 106 66 313 0.60611
00009.jpg 147 68 298 430 0.60609
00009.jpg 145 54 130 422 0.60426
00009.jpg 179 69 266 451 0.60414
00009.jpg 476 97 138 390 0.60205
00009.jpg 217 64 225 458 0.59842
00009.jpg 627 118 54 282 0.59498
00009.jpg 460 107 141 353 0.58837
00009.jpg 455 116 109 313 0.58258
00009.jpg 441 117 77 240 0.57840
00009.jpg 620 116 63 289 0.57326
00009.jpg 450 111 44 237 0.56471
00009.jpg 462 94 146 338 0.56190
00009.jpg 148 68 302 433 0.56155
00009.jpg 193 86 270 425 0.55532
00009.jpg 145 91 156 385 0.54986
00009.jpg 188 62 220 435 0.54705
00009.jpg 442 106 75 244 0.53382
00009.jpg 618 108 70 300 0.52468
00009.jpg 246 82 184 434 0.51916
00009.jpg 616 116 63 292 0.51908
00009.jpg 628 109 51 305 0.51702
00009.jpg 460 91 154 400 0.51691
00009.jpg 226 77 221 440 0.50806
00009.jpg 455 98 83 281 0.50581
00009.jpg 234 54 204 482 0.50547
00009.jpg 438 89 204 398 0.50178
00009.jpg 439 84 189 409 0.50174
