00018.jpg 247 66 161 458 0.99939
00018.jpg 245 63 155 457 0.99922
00018.jpg 251 62 135 469 0.99922
00018.jpg 102 78 146 366 0.99912
00018.jpg 105 73 137 383 0.99904
00018.jpg 113 77 135 373 0.99885
00018.jpg 248 67 153 454 0.99862
00018.jpg 237 71 168 460 0.99829
00018.jpg 249 60 140 461 0.99811
00018.jpg 443 101 140 384 0.99742
00018.jpg 253 73 142 450 0.99739
00018.jpg 104 80 140 370 0.99711
00018.jpg 244 77 150 457 0.99684
00018.jpg 566 120 70 279 0.99681
00018.jpg 248 79 158 444 0.99630
00018.jpg 249 60 152 472 0.99620
00018.jpg 260 72 131 456 0.99607
00018.jpg 434 88 151 392 0.99579
00018.jpg 447 94 136 373 0.99559
00018.jpg 96 71 152 386 0.99559
00018.jpg 245 61 162 461 0.99543
00018.jpg 104 66 134 390 0.99536
00018.jpg 562 119 70 280 0.99535
00018.jpg 250 73 148 439 0.99507
00018.jpg 106 73 134 377 0.99492
00018.jpg 450 85 137 393 0.99485
00018.jpg 562 116 68 286 0.99459
00018.jpg 100 75 148 378 0.99434
00018.jpg 252 59 148 471 0.99418
00018.jpg 120 77 126 373 0.99415
00018.jpg 443 92 141 389 0.99407
00018.jpg 94 71 163 383 0.99407
00018.jpg 100 85 147 367 0.99345
00018.jpg 448 85 135 396 0.99306
00018.jpg 566 116 67 282 0.99304
00018.jpg 566 118 68 280 0.99295
00018.jpg 241 57 151 465 0.99282
00018.jpg 103 83 146 365 0.99280
00018.jpg 396 116 65 241 0.99225
00018.jpg 247 76 153 454 0.99179
00018.jpg 564 119 66 279 0.99177
00018.jpg 101 76 147 379 0.99175
00018.jpg 248 71 161 456 0.99175
00018.jpg 106 86 141 359 0.99148
00018.jpg 244 55 157 476 0.99119
00018.jpg 399 111 72 258 0.99113
00018.jpg 562 119 69 276 0.99113
00018.jpg 241 70 157 452 0.99089
00018.jpg 241 72 153 462 0.99077
00018.jpg 115 78 132 375 0.99028
00018.jpg 106 84 134 363 0.99012
00018.jpg 106 74 147 367 0.98988
00018.jpg 451 89 129 402 0.98975
00018.jpg 245 66 161 465 0.98952
00018.jpg 564 115 72 283 0.98933
00018.jpg 103 86 138 359 0.98913
00018.jpg 104 84 137 372 0.98903
00018.jpg 447 96 137 374 0.98874
00018.jpg 247 72 148 460 0.98842
00018.jpg 565 110 67 288 0.98797
00018.jpg 111 77 125 375 0.98794
00018.jpg 104 83 139 373 0.98759
00018.jpg 250 77 146 450 0.98743
00018.jpg 430 91 162 391 0.98697
00018.jpg 562 119 73 274 0.98629
00018.jpg 448 91 140 389 0.98621
00018.jpg 109 74 132 384 0.98549
00018.jpg 566 113 66 280 0.98495
00018.jpg 561 118 67 277 0.98383
00018.jpg 245 68 146 457 0.98361
00018.jpg 448 100 128 376 0.98344
00018.jpg 563 115 64 278 0.98182
00018.jpg 437 101 152 380 0.98128
00018.jpg 241 89 162 430 0.98056
00018.jpg 247 66 161 463 0.98010
00018.jpg 106 68 126 391 0.98009
00018.jpg 568 119 64 277 0.97961
00018.jpg 451 93 127 380 0.97873
00018.jpg 567 120 67 281 0.97866
00018.jpg 456 89 126 395 0.97839
00018.jpg 436 92 152 369 0.97781
00018.jpg 444 86 128 398 0.97695
00018.jpg 248 71 146 463 0.97673
00018.jpg 446 90 143 386 0.97658
00018.jpg 396 122 74 230 0.97657
00018.jpg 250 63 138 467 0.97650
00018.jpg 563 119 73 279 0.97594
00018.jpg 564 120 73 271 0.97525
00018.jpg 444 94 140 387 0.97520
00018.jpg 105 78 143 379 0.97503
00018.jpg 247 72 158 462 0.97439
00018.jpg 399 118 68 240 0.97430
00018.jpg 107 78 141 376 0.97361
00018.jpg 248 75 151 444 0.97324
00018.jpg 101 67 155 389 0.97070
00018.jpg 92 80 153 368 0.97045
00018.jpg 442 90 141 399 0.96985
00018.jpg 244 55 146 474 0.96928
00018.jpg 451 82 136 398 0.96901
00018.jpg 115 77 128 382 0.96882
00018.jpg 95 86 157 357 0.96784
00018.jpg 563 117 71 279 0.96683
00018.jpg 400 109 61 245 0.96667
00018.jpg 244 80 152 457 0.96664
00018.jpg 444 92 138 382 0.96569
00018.jpg 97 75 143 363 0.96557
00018.jpg 243 77 151 447 0.96553
00018.jpg 562 106 78 292 0.96424
00018.jpg 250 60 150 470 0.96415
00018.jpg 245 75 152 461 0.96392
00018.jpg 566 120 69 281 0.96342
00018.jpg 564 124 70 268 0.96314
00018.jpg 402 125 68 232 0.96186
00018.jpg 567 118 66 276 0.96079
00018.jpg 101 85 137 360 0.95875
00018.jpg 440 89 148 397 0.95689
00018.jpg 445 91 127 379 0.95588
00018.jpg 447 90 129 386 0.95484
00018.jpg 432 81 153 396 0.95412
00018.jpg 448 94 131 382 0.95203
00018.jpg 253 60 142 478 0.95042
00018.jpg 398 127 66 235 0.94849
00018.jpg 445 87 142 385 0.94795
00018.jpg 450 79 138 396 0.94674
00018.jpg 97 72 157 372 0.94592
00018.jpg 406 120 62 235 0.94504
00018.jpg 94 88 158 356 0.94447
00018.jpg 397 121 68 238 0.94379
00018.jpg 402 114 62 238 0.94354
00018.jpg 560 123 72 271 0.94340
00018.jpg 564 117 71 279 0.94229
00018.jpg 397 119 67 229 0.94207
00018.jpg 444 83 142 400 0.94133
00018.jpg 448 92 133 387 0.94112
00018.jpg 102 77 146 376 0.93764
00018.jpg 398 122 68 234 0.93730
00018.jpg 436 98 152 387 0.93597
00018.jpg 396 125 66 234 0.93325
00018.jpg 440 94 140 382 0.93225
00018.jpg 401 118 69 242 0.92957
00018.jpg 570 121 56 274 0.92915
00018.jpg 253 77 138 451 0.92828
00018.jpg 562 115 67 283 0.92775
00018.jpg 98 83 159 347 0.92678
00018.jpg 394 116 63 244 0.92678
00018.jpg 118 84 129 367 0.92637
00018.jpg 569 121 58 270 0.92549
00018.jpg 448 91 135 386 0.92392
00018.jpg 406 122 53 240 0.92347
00018.jpg 448 105 136 368 0.92309
00018.jpg 447 96 132 377 0.92276
00018.jpg 103 79 143 373 0.92191
00018.jpg 446 85 141 389 0.91568
00018.jpg 100 81 144 378 0.91116
00018.jpg 563 124 69 272 0.91023
00018.jpg 402 122 57 240 0.90866
00018.jpg 568 113 63 284 0.90443
00018.jpg 404 123 59 241 0.90245
00018.jpg 398 117 68 239 0.90153
00018.jpg 107 76 145 361 0.90058
00018.jpg 435 103 147 379 0.90036
00018.jpg 567 116 66 278 0.89813
00018.jpg 399 116 69 241 0.89698
00018.jpg 401 117 67 237 0.89389
00018.jpg 564 110 66 288 0.89130
00018.jpg 559 112 83 282 0.88863
00018.jpg 404 127 65 235 0.88634
00018.jpg 407 123 54 236 0.88198
00018.jpg 446 96 131 375 0.88178
00018.jpg 258 58 141 469 0.87837
00018.jpg 248 60 150 470 0.87684
00018.jpg 399 116 68 249 0.87107
00018.jpg 400 110 63 246 0.86326
00018.jpg 397 115 62 247 0.86134
00018.jpg 107 85 135 365 0.85806
00018.jpg 110 68 142 379 0.85785
00018.jpg 570 119 65 272 0.85482
00018.jpg 397 120 65 236 0.85475
00018.jpg 245 66 146 459 0.84817
00018.jpg 403 127 59 231 0.84443
00018.jpg 251 71 153 465 0.84419
00018.jpg 405 105 56 263 0.84219
00018.jpg 99 76 143 368 0.84065
00018.jpg 455 89 139 391 0.83847
00018.jpg 563 117 67 280 0.82980
00018.jpg 102 69 139 382 0.81923
00018.jpg 425 93 155 402 0.81781
00018.jpg 451 94 137 378 0.81404
00018.jpg 448 94 128 374 0.81109
00018.jpg 567 120 62 267 0.80907
00018.jpg 555 114 85 290 0.80867
00018.jpg 442 97 137 387 0.80571
00018.jpg 392 120 67 226 0.80546
00018.jpg 244 76 161 457 0.79838
00018.jpg 401 120 51 239 0.79196
00018.jpg 408 107 57 269 0.79049
00018.jpg 563 127 69 262 0.78585
00018.jpg 403 117 53 242 0.78401
00018.jpg 398 112 65 247 0.78359
00018.jpg 399 126 65 229 0.78176
00018.jpg 111 72 150 374 0.77479
00018.jpg 247 84 146 448 0.77270
00018.jpg 403 119 56 237 0.76889
00018.jpg 113 81 136 356 0.76776
00018.jpg 404 122 66 231 0.76390
00018.jpg 562 109 68 289 0.76067
00018.jpg 560 116 70 276 0.76043
00018.jpg 106 81 134 380 0.75523
00018.jpg 563 114 78 281 0.75087
00018.jpg 567 114 67 288 0.74835
00018.jpg 569 121 58 275 0.74627
00018.jpg 566 133 65 251 0.73312
00018.jpg 444 76 149 397 0.72614
00018.jpg 405 128 52 233 0.72507
00018.jpg 563 115 71 282 0.72107
00018.jpg 401 122 66 237 0.71774
00018.jpg 106 85 140 356 0.70999
00018.jpg 247 47 149 492 0.70726
00018.jpg 566 122 66 265 0.70265
00018.jpg 457 102 115 367 0.70182
00018.jpg 400 118 58 224 0.70046
00018.jpg 394 103 75 262 0.69898
00018.jpg 642 62 91 130 0.69215
00018.jpg 392 112 69 243 0.68741
00018.jpg 247 83 157 450 0.68041
00018.jpg 399 116 70 241 0.67235
00018.jpg 236 85 178 448 0.63716
00018.jpg 433 84 148 389 0.63687
00018.jpg 101 69 130 386 0.63625
00018.jpg 105 81 139 375 0.63370
00018.jpg 404 112 74 249 0.61950
00018.jpg 433 87 145 385 0.61945
00018.jpg 91 85 165 370 0.61530
00018.jpg 404 122 66 233 0.61456
00018.jpg 449 89 149 381 0.61418
00018.jpg 402 119 62 222 0.61337
00018.jpg 639 64 76 133 0.60926
00018.jpg 562 116 74 278 0.60625
00018.jpg 450 93 132 385 0.60384
00018.jpg 251 39 137 500 0.59424
00018.jpg 116 75 130 368 0.59235
00018.jpg 259 80 127 453 0.59087
00018.jpg 460 90 124 380 0.59067
00018.jpg 408 121 50 244 0.58749
00018.jpg 406 121 61 242 0.58425
00018.jpg 562 120 76 277 0.58388
00018.jpg 399 112 70 255 0.58366
00018.jpg 569 132 56 259 0.57915
00018.jpg 643 63 81 141 0.57318
00018.jpg 559 86 82 339 0.56697
00018.jpg 397 122 64 228 0.55703
00018.jpg 564 119 68 282 0.55152
00018.jpg 399 112 69 243 0.54044
00018.jpg 397 129 58 218 0.53807
00018.jpg 234 67 159 439 0.53546
00018.jpg 406 127 57 234 0.53212
00018.jpg 249 77 163 454 0.52992
00018.jpg 94 84 156 363 0.52919
00018.jpg 250 81 153 433 0.52708
00018.jpg 109 103 130 344 0.51902
