00014.jpg 119 65 149 416 0.99963
00014.jpg 110 73 153 400 0.99939
00014.jpg 120 77 143 378 0.99930
00014.jpg 251 80 170 443 0.99923
00014.jpg 121 76 147 382 0.99914
00014.jpg 248 83 181 444 0.99894
00014.jpg 266 74 151 452 0.99859
00014.jpg 112 86 156 372 0.99846
00014.jpg 581 119 68 292 0.99825
00014.jpg 479 93 121 407 0.99793
00014.jpg 119 71 154 392 0.99761
00014.jpg 264 81 150 433 0.99716
00014.jpg 250 80 165 446 0.99708
00014.jpg 115 73 140 401 0.99691
00014.jpg 124 79 149 388 0.99689
00014.jpg 256 83 160 439 0.99668
00014.jpg 418 109 67 253 0.99628
00014.jpg 122 83 138 376 0.99624
00014.jpg 262 71 164 460 0.99618
00014.jpg 112 78 152 391 0.99613
00014.jpg 260 75 148 453 0.99588
00014.jpg 120 81 142 375 0.99587
00014.jpg 254 81 160 449 0.99546
00014.jpg 585 126 66 282 0.99542
00014.jpg 255 89 158 429 0.99484
00014.jpg 247 71 175 457 0.99484
00014.jpg 414 107 66 257 0.99466
00014.jpg 477 100 124 395 0.99437
00014.jpg 116 84 145 373 0.99424
00014.jpg 582 114 74 292 0.99422
00014.jpg 122 79 146 395 0.99407
00014.jpg 115 86 156 380 0.99380
00014.jpg 110 78 161 372 0.99378
00014.jpg 482 93 118 392 0.99323
00014.jpg 251 81 175 432 0.99252
00014.jpg 251 85 167 429 0.99217
00014.jpg 583 122 71 288 0.99167
00014.jpg 115 80 150 384 0.99132
00014.jpg 240 83 189 438 0.99104
00014.jpg 111 75 150 387 0.99080
00014.jpg 413 106 64 246 0.99071
00014.jpg 581 116 76 298 0.99009
00014.jpg 471 83 128 411 0.98992
00014.jpg 482 97 108 392 0.98978
00014.jpg 122 73 142 387 0.98922
00014.jpg 488 79 108 425 0.98907
00014.jpg 483 99 111 408 0.98901
00014.jpg 115 78 156 400 0.98870
00014.jpg 582 123 71 283 0.98849
00014.jpg 120 79 138 384 0.98808
00014.jpg 581 117 71 293 0.98771
00014.jpg 579 119 74 292 0.98766
00014.jpg 110 65 158 405 0.98763
00014.jpg 482 83 122 416 0.98758
00014.jpg 256 75 167 454 0.98718
00014.jpg 475 92 129 384 0.98682
00014.jpg 581 129 67 279 0.98679
00014.jpg 257 89 160 433 0.98678
00014.jpg 257 74 156 451 0.98675
00014.jpg 419 115 61 243 0.98638
00014.jpg 260 86 161 439 0.98617
00014.jpg 262 89 166 437 0.98593
00014.jpg 255 81 163 442 0.98590
00014.jpg 250 76 168 458 0.98531
00014.jpg 119 81 146 381 0.98448
00014.jpg 476 89 122 412 0.98429
00014.jpg 115 67 152 401 0.98400
00014.jpg 586 112 65 292 0.98367
00014.jpg 581 106 75 309 0.98365
00014.jpg 247 80 170 452 0.98270
00014.jpg 583 106 67 309 0.98235
00014.jpg 121 81 147 375 0.98206
00014.jpg 253 77 166 451 0.98126
00014.jpg 476 97 118 400 0.98104
00014.jpg 582 125 66 287 0.98048
00014.jpg 115 75 144 390 0.98044
00014.jpg 254 83 157 448 0.98017
00014.jpg 254 90 166 427 0.98000
00014.jpg 582 115 70 291 0.97818
00014.jpg 588 118 66 291 0.97808
00014.jpg 249 78 171 448 0.97671
00014.jpg 259 81 158 441 0.97630
00014.jpg 477 98 123 395 0.97579
00014.jpg 252 74 170 453 0.97561
00014.jpg 422 109 57 255 0.97526
00014.jpg 483 72 118 423 0.97501
00014.jpg 425 114 58 247 0.97463
00014.jpg 480 93 116 416 0.97387
00014.jpg 586 121 63 288 0.97284
00014.jpg 425 112 50 250 0.97113
00014.jpg 419 111 61 251 0.97005
00014.jpg 578 107 75 308 0.96954
00014.jpg 471 84 132 408 0.96935
00014.jpg 579 126 71 282 0.96903
00014.jpg 420 110 61 248 0.96898
00014.jpg 112 76 152 391 0.96829
00014.jpg 578 121 74 292 0.96715
00014.jpg 579 112 77 302 0.96597
00014.jpg 481 95 119 403 0.96541
00014.jpg 582 113 68 299 0.96487
00014.jpg 418 111 61 238 0.96314
00014.jpg 417 118 59 239 0.96240
00014.jpg 419 109 60 253 0.96190
00014.jpg 477 94 120 392 0.95889
00014.jpg 580 120 71 292 0.95824
00014.jpg 463 97 135 382 0.95719
00014.jpg 483 100 110 381 0.95593
00014.jpg 479 90 118 400 0.95568
00014.jpg 252 67 162 466 0.95534
00014.jpg 419 111 66 247 0.95446
00014.jpg 583 116 67 291 0.95440
00014.jpg 123 82 139 381 0.95410
00014.jpg 585 124 70 279 0.95408
00014.jpg 584 121 64 287 0.95360
00014.jpg 421 113 58 248 0.95252
00014.jpg 475 91 119 403 0.95168
00014.jpg 482 80 121 419 0.95111
00014.jpg 120 80 145 381 0.94950
00014.jpg 246 82 183 448 0.94780
00014.jpg 420 119 61 240 0.94751
00014.jpg 112 79 153 381 0.94713
00014.jpg 478 91 115 416 0.94607
00014.jpg 473 83 129 418 0.94592
00014.jpg 477 100 129 389 0.94523
00014.jpg 418 111 61 248 0.94512
00014.jpg 482 61 116 435 0.94496
00014.jpg 119 75 145 392 0.94418
00014.jpg 419 116 55 247 0.94406
00014.jpg 417 113 58 243 0.94257
00014.jpg 420 116 60 235 0.93964
00014.jpg 423 109 58 260 0.93942
00014.jpg 255 93 169 425 0.93889
00014.jpg 582 125 71 282 0.93608
00014.jpg 117 71 153 397 0.93545
00014.jpg 478 95 121 404 0.93394
00014.jpg 420 112 56 248 0.93202
00014.jpg 115 78 148 386 0.93165
00014.jpg 583 120 73 290 0.93154
00014.jpg 115 78 153 383 0.93142
00014.jpg 485 92 109 407 0.93029
00014.jpg 576 114 82 294 0.92760
00014.jpg 470 94 125 411 0.92505
00014.jpg 123 76 138 388 0.92423
00014.jpg 114 80 143 390 0.92271
00014.jpg 415 107 67 254 0.92108
00014.jpg 425 119 56 238 0.92099
00014.jpg 419 112 64 246 0.92016
00014.jpg 479 89 118 412 0.91662
00014.jpg 423 118 57 239 0.91353
00014.jpg 422 126 60 235 0.90913
00014.jpg 480 102 118 399 0.90756
00014.jpg 102 79 155 386 0.90289
00014.jpg 491 86 113 389 0.90210
00014.jpg 417 117 60 239 0.89819
00014.jpg 418 113 64 243 0.89815
00014.jpg 582 124 74 288 0.89388
00014.jpg 250 88 176 432 0.88664
00014.jpg 258 68 166 467 0.88639
00014.jpg 419 118 59 233 0.88627
00014.jpg 414 107 62 253 0.87798
00014.jpg 479 99 123 397 0.87575
00014.jpg 258 75 164 453 0.87478
00014.jpg 257 84 162 449 0.87274
00014.jpg 424 115 53 243 0.87193
00014.jpg 579 119 69 293 0.86918
00014.jpg 251 71 162 453 0.86886
00014.jpg 586 126 60 282 0.86542
00014.jpg 482 96 109 396 0.86383
00014.jpg 252 87 162 435 0.85548
00014.jpg 483 98 116 392 0.85349
00014.jpg 481 93 122 399 0.85165
00014.jpg 420 117 61 233 0.85036
00014.jpg 420 120 62 235 0.84817
00014.jpg 408 108 78 254 0.84711
00014.jpg 420 110 56 248 0.84451
00014.jpg 580 124 72 291 0.84411
00014.jpg 474 88 129 409 0.84250
00014.jpg 413 116 63 236 0.83692
00014.jpg 422 116 61 240 0.83240
00014.jpg 583 121 70 284 0.82345
00014.jpg 477 87 132 406 0.82158
00014.jpg 421 119 57 242 0.81948
00014.jpg 114 86 140 371 0.80374
00014.jpg 246 86 169 418 0.80040
00014.jpg 421 118 57 242 0.79650
00014.jpg 576 118 79 288 0.79519
00014.jpg 113 78 142 385 0.79132
00014.jpg 480 89 123 418 0.78958
00014.jpg 582 124 72 279 0.78743
00014.jpg 262 70 158 445 0.78558
00014.jpg 584 127 66 268 0.78518
00014.jpg 263 85 167 434 0.78183
00014.jpg 261 79 163 449 0.78014
00014.jpg 249 82 175 449 0.77445
00014.jpg 414 115 68 237 0.76865
00014.jpg 121 90 141 369 0.76638
00014.jpg 416 109 65 249 0.76576
00014.jpg 418 113 63 232 0.76525
00014.jpg 582 115 68 292 0.76288
00014.jpg 257 95 153 414 0.76189
00014.jpg 265 86 148 430 0.76064
00014.jpg 582 112 77 297 0.75981
00014.jpg 576 113 83 289 0.75475
00014.jpg 421 119 59 243 0.74513
00014.jpg 125 82 143 375 0.74208
00014.jpg 578 115 77 303 0.73582
00014.jpg 253 79 176 460 0.73358
00014.jpg 469 96 137 380 0.73214
00014.jpg 482 101 117 380 0.72526
00014.jpg 420 118 54 233 0.72243
00014.jpg 421 115 66 246 0.72199
00014.jpg 113 77 156 385 0.72075
00014.jpg 109 79 145 369 0.71662
00014.jpg 481 95 120 397 0.71629
00014.jpg 583 125 70 290 0.71459
00014.jpg 590 118 59 286 0.71240
00014.jpg 416 117 64 244 0.70430
00014.jpg 583 109 79 307 0.70307
00014.jpg 256 89 165 434 0.70117
00014.jpg 476 92 127 410 0.69909
00014.jpg 418 119 64 248 0.69491
00014.jpg 584 122 67 293 0.68501
00014.jpg 467 93 123 401 0.67870
00014.jpg 259 86 166 445 0.67527
00014.jpg 476 101 130 403 0.67100
00014.jpg 419 125 63 229 0.67049
00014.jpg 665 61 84 138 0.65564
00014.jpg 416 109 67 249 0.65351
00014.jpg 418 111 62 242 0.64529
00014.jpg 420 116 65 242 0.64522
00014.jpg 576 119 73 290 0.63905
00014.jpg 424 117 52 245 0.63796
00014.jpg 655 62 84 131 0.63216
00014.jpg 657 67 82 141 0.62537
00014.jpg 473 93 129 380 0.62278
00014.jpg 116 82 162 369 0.62123
00014.jpg 423 122 58 236 0.62035
00014.jpg 259 85 164 424 0.61322
00014.jpg 413 101 74 263 0.60577
00014.jpg 585 122 62 284 0.60516
00014.jpg 660 62 78 140 0.60281
00014.jpg 111 74 166 370 0.59560
00014.jpg 571 114 88 297 0.58931
00014.jpg 580 107 71 304 0.58792
00014.jpg 666 125 69 76 0.58628
00014.jpg 420 116 53 226 0.56668
00014.jpg 584 117 71 296 0.56408
00014.jpg 666 124 73 78 0.55852
00014.jpg 243 99 164 400 0.55813
00014.jpg 474 80 123 414 0.55772
00014.jpg 479 97 118 394 0.55379
00014.jpg 423 126 59 219 0.54710
00014.jpg 588 112 64 305 0.54396
00014.jpg 417 118 61 224 0.53734
00014.jpg 584 118 72 285 0.53494
00014.jpg 586 112 72 297 0.52771
00014.jpg 116 85 151 372 0.52701
00014.jpg 661 65 81 150 0.52124
00014.jpg 575 119 78 288 0.51727
00014.jpg 258 88 174 435 0.51724
00014.jpg 472 95 138 400 0.51152
00014.jpg 423 118 55 238 0.51042
