00012.jpg 219 89 218 441 0.99961
00012.jpg 216 70 219 451 0.99957
00012.jpg 217 71 214 456 0.99942
00012.jpg 124 67 141 406 0.99938
00012.jpg 234 83 198 449 0.99937
00012.jpg 118 78 152 386 0.99924
00012.jpg 222 85 210 440 0.99914
00012.jpg 226 74 196 452 0.99913
00012.jpg 128 78 136 376 0.99871
00012.jpg 132 72 134 383 0.99869
00012.jpg 130 79 132 387 0.99859
00012.jpg 233 83 197 442 0.99841
00012.jpg 232 77 197 438 0.99799
00012.jpg 225 72 205 452 0.99774
00012.jpg 123 83 136 371 0.99771
00012.jpg 225 80 200 445 0.99765
00012.jpg 482 88 121 406 0.99729
00012.jpg 227 92 199 425 0.99727
00012.jpg 593 119 72 292 0.99684
00012.jpg 232 80 196 443 0.99668
00012.jpg 475 90 146 394 0.99666
00012.jpg 475 87 133 406 0.99654
00012.jpg 215 84 220 430 0.99645
00012.jpg 224 80 204 444 0.99625
00012.jpg 222 72 209 461 0.99609
00012.jpg 471 86 146 397 0.99603
00012.jpg 123 83 139 366 0.99588
00012.jpg 228 85 198 439 0.99588
00012.jpg 126 81 145 378 0.99573
00012.jpg 130 68 129 384 0.99552
00012.jpg 429 120 60 241 0.99545
00012.jpg 430 117 62 242 0.99545
00012.jpg 130 74 140 380 0.99529
00012.jpg 473 99 138 383 0.99527
00012.jpg 122 79 147 383 0.99526
00012.jpg 125 77 142 390 0.99518
00012.jpg 213 81 221 441 0.99516
00012.jpg 123 80 143 375 0.99503
00012.jpg 475 90 133 397 0.99390
00012.jpg 479 83 131 405 0.99374
00012.jpg 589 116 71 294 0.99306
00012.jpg 127 74 132 388 0.99286
00012.jpg 591 118 67 299 0.99274
00012.jpg 435 122 53 233 0.99235
00012.jpg 465 93 145 398 0.99158
00012.jpg 235 67 194 465 0.99064
00012.jpg 480 86 133 411 0.99053
00012.jpg 130 77 135 383 0.99025
00012.jpg 124 72 134 383 0.99015
00012.jpg 223 76 204 453 0.99013
00012.jpg 475 95 142 386 0.99011
00012.jpg 590 124 71 285 0.98997
00012.jpg 215 74 221 459 0.98991
00012.jpg 132 72 127 398 0.98989
00012.jpg 589 124 71 281 0.98919
00012.jpg 591 122 65 285 0.98904
00012.jpg 125 75 141 383 0.98891
00012.jpg 122 75 148 384 0.98869
00012.jpg 126 70 138 392 0.98789
00012.jpg 593 117 64 296 0.98735
00012.jpg 595 120 60 281 0.98632
00012.jpg 431 122 63 235 0.98574
00012.jpg 478 81 133 407 0.98537
00012.jpg 595 120 63 293 0.98535
00012.jpg 474 93 131 388 0.98524
00012.jpg 218 74 218 455 0.98479
00012.jpg 122 83 146 383 0.98458
00012.jpg 250 63 169 460 0.98449
00012.jpg 225 77 208 442 0.98444
00012.jpg 434 128 55 228 0.98409
00012.jpg 592 118 68 292 0.98376
00012.jpg 431 122 62 239 0.98370
00012.jpg 479 87 126 400 0.98363
00012.jpg 129 87 135 371 0.98294
00012.jpg 469 97 145 386 0.98286
00012.jpg 137 76 118 377 0.98251
00012.jpg 475 91 132 395 0.98237
00012.jpg 464 87 142 407 0.98230
00012.jpg 594 117 67 289 0.98193
00012.jpg 593 121 66 292 0.98193
00012.jpg 231 77 200 447 0.98139
00012.jpg 592 125 69 277 0.98027
00012.jpg 591 118 71 293 0.97905
00012.jpg 220 74 209 447 0.97798
00012.jpg 467 82 141 408 0.97742
00012.jpg 594 112 66 303 0.97729
00012.jpg 227 71 205 453 0.97712
00012.jpg 484 91 118 390 0.97651
00012.jpg 432 127 55 228 0.97602
00012.jpg 126 84 140 375 0.97598
00012.jpg 128 85 137 378 0.97445
00012.jpg 231 84 193 453 0.97426
00012.jpg 589 118 79 296 0.97381
00012.jpg 489 89 109 397 0.97365
00012.jpg 591 118 69 289 0.97323
00012.jpg 214 81 223 436 0.97275
00012.jpg 476 90 136 389 0.97250
00012.jpg 485 96 118 391 0.97194
00012.jpg 213 80 227 450 0.97128
00012.jpg 483 93 125 391 0.97000
00012.jpg 137 78 127 382 0.96991
00012.jpg 591 126 65 285 0.96952
00012.jpg 475 90 124 404 0.96830
00012.jpg 481 92 127 389 0.96820
00012.jpg 465 96 148 399 0.96781
00012.jpg 431 128 61 225 0.96737
00012.jpg 593 111 67 300 0.96667
00012.jpg 222 83 207 445 0.96442
00012.jpg 590 117 70 293 0.96393
00012.jpg 434 124 56 234 0.96363
00012.jpg 128 81 133 380 0.96258
00012.jpg 464 95 153 384 0.95981
00012.jpg 128 75 132 370 0.95832
00012.jpg 434 128 56 228 0.95825
00012.jpg 593 121 67 283 0.95729
00012.jpg 459 99 150 377 0.95617
00012.jpg 480 73 133 414 0.95533
00012.jpg 130 84 136 381 0.95522
00012.jpg 482 88 126 399 0.95299
00012.jpg 221 90 211 433 0.95278
00012.jpg 132 78 128 385 0.95148
00012.jpg 432 123 63 230 0.95121
00012.jpg 435 127 52 227 0.94994
00012.jpg 592 112 75 298 0.94917
00012.jpg 467 86 142 404 0.94910
00012.jpg 592 115 71 299 0.94491
00012.jpg 594 120 68 289 0.94480
00012.jpg 587 121 76 286 0.94396
00012.jpg 433 124 58 232 0.94243
00012.jpg 229 85 198 445 0.94230
00012.jpg 434 125 57 237 0.93707
00012.jpg 126 85 137 377 0.93646
00012.jpg 219 92 213 424 0.93643
00012.jpg 223 88 206 436 0.93485
00012.jpg 431 125 56 225 0.93398
00012.jpg 125 75 137 385 0.93287
00012.jpg 434 121 58 228 0.93229
00012.jpg 477 91 126 377 0.93204
00012.jpg 590 116 68 292 0.93018
00012.jpg 432 124 60 232 0.92653
00012.jpg 589 116 73 296 0.92442
00012.jpg 431 121 62 239 0.92357
00012.jpg 592 118 70 292 0.92207
00012.jpg 430 123 66 232 0.91353
00012.jpg 202 83 241 437 0.91298
00012.jpg 589 118 72 292 0.91242
00012.jpg 430 117 66 242 0.91001
00012.jpg 592 120 66 284 0.90977
00012.jpg 596 124 65 280 0.90880
00012.jpg 429 124 62 228 0.90389
00012.jpg 473 93 142 407 0.90267
00012.jpg 430 122 63 241 0.89971
00012.jpg 597 123 56 285 0.89622
00012.jpg 481 93 125 394 0.88968
00012.jpg 129 68 139 392 0.88666
00012.jpg 594 120 67 286 0.88612
00012.jpg 488 84 134 396 0.88324
00012.jpg 432 129 65 228 0.88303
00012.jpg 433 124 59 236 0.88278
00012.jpg 473 83 130 407 0.87739
00012.jpg 437 120 55 242 0.87734
00012.jpg 591 121 62 289 0.87692
00012.jpg 591 127 69 286 0.87606
00012.jpg 585 107 77 305 0.87274
00012.jpg 593 104 65 306 0.87200
00012.jpg 430 124 62 236 0.87045
00012.jpg 593 114 69 298 0.86971
00012.jpg 435 128 54 227 0.86956
00012.jpg 432 129 61 223 0.86924
00012.jpg 223 61 192 473 0.86759
00012.jpg 434 122 54 240 0.86718
00012.jpg 123 77 147 383 0.86569
00012.jpg 478 96 121 379 0.86277
00012.jpg 476 100 126 382 0.86005
00012.jpg 432 129 57 220 0.85637
00012.jpg 436 134 52 225 0.85636
00012.jpg 490 98 102 390 0.85179
00012.jpg 433 129 57 229 0.85092
00012.jpg 430 129 63 221 0.84750
00012.jpg 470 89 134 415 0.84553
00012.jpg 469 86 137 403 0.84542
00012.jpg 428 129 64 216 0.84039
00012.jpg 225 82 211 437 0.83995
00012.jpg 436 130 62 232 0.83982
00012.jpg 589 119 71 291 0.83920
00012.jpg 480 81 135 411 0.83747
00012.jpg 428 120 64 228 0.83391
00012.jpg 129 79 138 368 0.83390
00012.jpg 436 131 56 225 0.82830
00012.jpg 126 87 135 370 0.82824
00012.jpg 435 130 51 220 0.82722
00012.jpg 227 84 203 427 0.82224
00012.jpg 130 74 140 391 0.82024
00012.jpg 432 131 56 222 0.81941
00012.jpg 479 90 139 401 0.81933
00012.jpg 124 67 141 394 0.81857
00012.jpg 589 120 72 284 0.81521
00012.jpg 594 124 65 276 0.80622
00012.jpg 429 124 58 236 0.80198
00012.jpg 482 102 128 382 0.79529
00012.jpg 671 58 85 128 0.78672
00012.jpg 126 79 148 384 0.77054
00012.jpg 475 86 129 409 0.76605
00012.jpg 225 99 211 420 0.76217
00012.jpg 665 66 92 116 0.76205
00012.jpg 666 63 90 110 0.76054
00012.jpg 480 90 120 398 0.75632
00012.jpg 432 123 65 231 0.75215
00012.jpg 591 121 67 284 0.75164
00012.jpg 588 110 71 311 0.72736
00012.jpg 670 53 82 139 0.72679
00012.jpg 589 114 70 289 0.72441
00012.jpg 432 129 56 220 0.71875
00012.jpg 144 71 152 401 0.71720
00012.jpg 595 113 67 296 0.71687
00012.jpg 596 116 61 294 0.71465
00012.jpg 601 110 60 302 0.71463
00012.jpg 434 131 55 218 0.71034
00012.jpg 119 83 147 384 0.71029
00012.jpg 439 127 52 232 0.70565
00012.jpg 225 72 190 435 0.70383
00012.jpg 216 63 212 454 0.68283
00012.jpg 593 121 63 289 0.67372
00012.jpg 668 59 88 125 0.67140
00012.jpg 669 62 81 130 0.66758
00012.jpg 477 104 123 375 0.66460
00012.jpg 221 80 184 424 0.66418
00012.jpg 235 62 195 452 0.65378
00012.jpg 218 80 203 424 0.64631
00012.jpg 660 61 96 133 0.64400
00012.jpg 120 80 139 380 0.62523
00012.jpg 215 77 217 447 0.62192
00012.jpg 199 58 243 471 0.61596
00012.jpg 126 75 144 375 0.61437
00012.jpg 432 129 53 219 0.61332
00012.jpg 673 65 86 100 0.60791
00012.jpg 432 126 62 238 0.60779
00012.jpg 658 55 105 181 0.60726
00012.jpg 429 135 60 229 0.60326
00012.jpg 597 114 66 303 0.60268
00012.jpg 469 85 133 406 0.59900
00012.jpg 223 79 217 436 0.58715
00012.jpg 435 115 63 239 0.58681
00012.jpg 140 72 138 402 0.58087
00012.jpg 470 103 153 386 0.58078
00012.jpg 130 83 133 370 0.57734
00012.jpg 129 83 132 369 0.57247
00012.jpg 477 82 126 410 0.57240
00012.jpg 604 124 52 283 0.57133
00012.jpg 427 121 68 229 0.56381
00012.jpg 670 61 80 136 0.56102
00012.jpg 239 73 200 460 0.54962
00012.jpg 469 96 135 380 0.54840
00012.jpg 182 92 291 429 0.54829
00012.jpg 660 62 89 131 0.54726
00012.jpg 215 79 196 434 0.54645
00012.jpg 664 59 90 163 0.54244
00012.jpg 428 129 61 226 0.53982
00012.jpg 669 60 85 115 0.53473
00012.jpg 429 119 67 235 0.53423
00012.jpg 593 122 63 294 0.53321
00012.jpg 431 129 55 233 0.52412
00012.jpg 438 128 47 211 0.51427
00012.jpg 478 74 143 405 0.51090
00012.jpg 130 79 124 380 0.50522
00012.jpg 428 116 65 243 0.50227
