00010.jpg 234 78 206 445 0.99963
00010.jpg 232 81 201 441 0.99963
00010.jpg 214 67 239 454 0.99961
00010.jpg 232 64 208 461 0.99954
00010.jpg 234 81 189 430 0.99919
00010.jpg 147 81 126 397 0.99893
00010.jpg 216 75 232 448 0.99874
00010.jpg 146 77 125 376 0.99874
00010.jpg 236 69 191 452 0.99862
00010.jpg 146 77 126 381 0.99851
00010.jpg 140 70 139 390 0.99850
00010.jpg 143 74 130 385 0.99848
00010.jpg 237 64 194 460 0.99846
00010.jpg 228 74 211 448 0.99830
00010.jpg 140 73 138 373 0.99811
00010.jpg 232 68 216 462 0.99805
00010.jpg 486 93 129 396 0.99723
00010.jpg 144 75 126 387 0.99678
00010.jpg 229 70 202 442 0.99674
00010.jpg 217 72 221 454 0.99669
00010.jpg 483 88 140 410 0.99647
00010.jpg 141 83 131 373 0.99605
00010.jpg 140 71 128 394 0.99604
00010.jpg 488 92 128 402 0.99597
00010.jpg 610 119 63 292 0.99582
00010.jpg 139 78 136 377 0.99547
00010.jpg 607 112 67 306 0.99529
00010.jpg 227 72 198 456 0.99526
00010.jpg 488 86 128 402 0.99516
00010.jpg 610 122 67 293 0.99502
00010.jpg 215 58 218 463 0.99478
00010.jpg 224 67 205 455 0.99474
00010.jpg 140 72 132 389 0.99460
00010.jpg 223 63 219 466 0.99459
00010.jpg 611 119 67 298 0.99459
00010.jpg 142 68 121 391 0.99419
00010.jpg 488 84 131 422 0.99416
00010.jpg 489 86 131 407 0.99339
00010.jpg 225 43 221 489 0.99277
00010.jpg 439 123 61 235 0.99272
00010.jpg 139 80 137 378 0.99264
00010.jpg 233 63 213 465 0.99254
00010.jpg 490 88 120 414 0.99247
00010.jpg 221 74 212 458 0.99205
00010.jpg 133 82 129 372 0.99203
00010.jpg 147 77 126 387 0.99190
00010.jpg 142 83 126 370 0.99139
00010.jpg 232 68 188 461 0.99108
00010.jpg 488 85 126 407 0.99071
00010.jpg 609 128 69 276 0.98967
00010.jpg 480 86 145 409 0.98947
00010.jpg 487 89 124 426 0.98931
00010.jpg 481 88 141 404 0.98916
00010.jpg 612 121 60 289 0.98898
00010.jpg 142 89 127 366 0.98883
00010.jpg 487 94 131 392 0.98881
00010.jpg 234 67 208 461 0.98839
00010.jpg 216 73 221 466 0.98837
00010.jpg 443 109 59 252 0.98814
00010.jpg 609 122 70 293 0.98801
00010.jpg 490 88 126 414 0.98796
00010.jpg 147 80 121 374 0.98795
00010.jpg 140 72 135 400 0.98791
00010.jpg 484 87 130 399 0.98787
00010.jpg 608 120 66 298 0.98722
00010.jpg 608 116 63 305 0.98718
00010.jpg 211 77 231 453 0.98703
00010.jpg 441 109 66 247 0.98690
00010.jpg 442 109 60 249 0.98662
00010.jpg 608 113 64 297 0.98630
00010.jpg 219 63 224 459 0.98587
00010.jpg 229 68 216 460 0.98577
00010.jpg 141 76 134 381 0.98575
00010.jpg 605 123 69 286 0.98555
00010.jpg 222 65 211 465 0.98547
00010.jpg 612 122 63 298 0.98537
00010.jpg 602 124 74 291 0.98514
00010.jpg 141 80 127 378 0.98480
00010.jpg 147 67 119 388 0.98472
00010.jpg 217 74 214 441 0.98333
00010.jpg 608 113 71 304 0.98159
00010.jpg 138 87 130 367 0.98143
00010.jpg 139 77 131 375 0.98132
00010.jpg 476 78 141 420 0.98097
00010.jpg 490 88 126 398 0.98095
00010.jpg 604 115 74 298 0.98010
00010.jpg 483 83 133 406 0.97974
00010.jpg 483 78 142 416 0.97920
00010.jpg 146 80 129 382 0.97838
00010.jpg 232 73 209 454 0.97835
00010.jpg 140 77 131 389 0.97825
00010.jpg 477 76 141 407 0.97753
00010.jpg 607 112 69 299 0.97746
00010.jpg 445 112 58 240 0.97727
00010.jpg 609 121 65 294 0.97701
00010.jpg 612 118 63 297 0.97618
00010.jpg 225 66 215 459 0.97536
00010.jpg 482 90 132 396 0.97439
00010.jpg 230 47 204 490 0.97397
00010.jpg 492 89 122 412 0.97288
00010.jpg 212 64 226 473 0.97135
00010.jpg 494 85 124 407 0.97061
00010.jpg 487 97 129 388 0.96970
00010.jpg 222 64 208 463 0.96940
00010.jpg 476 88 146 397 0.96917
00010.jpg 142 78 133 390 0.96842
00010.jpg 612 119 61 292 0.96587
00010.jpg 145 89 131 358 0.96532
00010.jpg 228 55 211 456 0.96326
00010.jpg 611 119 68 296 0.96311
00010.jpg 484 87 136 403 0.96295
00010.jpg 488 85 129 412 0.96132
00010.jpg 132 80 137 375 0.96073
00010.jpg 439 123 66 238 0.96065
00010.jpg 605 123 64 287 0.95745
00010.jpg 491 92 128 398 0.95327
00010.jpg 605 116 71 296 0.95267
00010.jpg 488 81 132 412 0.95069
00010.jpg 485 82 132 411 0.94955
00010.jpg 479 82 139 416 0.94937
00010.jpg 604 115 73 303 0.94926
00010.jpg 611 121 61 283 0.94901
00010.jpg 138 79 130 384 0.94885
00010.jpg 606 121 65 294 0.94881
00010.jpg 490 83 133 412 0.94756
00010.jpg 445 114 58 246 0.94668
00010.jpg 606 122 76 298 0.94608
00010.jpg 133 76 146 387 0.94559
00010.jpg 482 90 133 406 0.94556
00010.jpg 144 83 119 379 0.94440
00010.jpg 441 115 58 251 0.94357
00010.jpg 485 89 138 405 0.94354
00010.jpg 495 84 118 408 0.94343
00010.jpg 446 112 58 247 0.94278
00010.jpg 445 112 54 248 0.94225
00010.jpg 144 73 123 389 0.94223
00010.jpg 142 72 131 393 0.94130
00010.jpg 607 113 69 305 0.94031
00010.jpg 444 117 61 243 0.94014
00010.jpg 444 115 58 247 0.93828
00010.jpg 444 112 56 245 0.93686
00010.jpg 443 113 63 247 0.93672
00010.jpg 218 56 215 466 0.93642
00010.jpg 202 73 229 440 0.93540
00010.jpg 611 118 64 287 0.93433
00010.jpg 490 86 131 415 0.93362
00010.jpg 488 80 135 416 0.93066
00010.jpg 611 118 62 301 0.92852
00010.jpg 440 112 60 246 0.92525
00010.jpg 607 123 65 303 0.92513
00010.jpg 605 112 70 301 0.91954
00010.jpg 440 112 58 244 0.91885
00010.jpg 444 116 53 241 0.91547
00010.jpg 443 117 60 247 0.91465
00010.jpg 136 76 139 384 0.91457
00010.jpg 614 122 62 296 0.91328
00010.jpg 611 119 64 291 0.91278
00010.jpg 614 119 61 293 0.90636
00010.jpg 147 79 128 386 0.90348
00010.jpg 224 79 207 438 0.90312
00010.jpg 603 122 73 296 0.90176
00010.jpg 473 87 143 413 0.89934
00010.jpg 445 115 59 250 0.89877
00010.jpg 606 122 68 290 0.89831
00010.jpg 612 120 62 298 0.89534
00010.jpg 444 115 56 246 0.89222
00010.jpg 449 114 51 245 0.89125
00010.jpg 479 85 142 399 0.88982
00010.jpg 484 77 130 412 0.88897
00010.jpg 608 122 64 293 0.88812
00010.jpg 444 115 53 240 0.88636
00010.jpg 614 120 58 297 0.88553
00010.jpg 606 120 65 295 0.88275
00010.jpg 230 69 201 453 0.88246
00010.jpg 148 75 120 383 0.88126
00010.jpg 445 116 55 241 0.88071
00010.jpg 441 120 66 236 0.87994
00010.jpg 146 87 134 374 0.87802
00010.jpg 226 78 200 432 0.87745
00010.jpg 228 60 200 459 0.87692
00010.jpg 605 124 71 287 0.87372
00010.jpg 224 67 208 456 0.87302
00010.jpg 439 118 66 235 0.86796
00010.jpg 140 83 133 367 0.86777
00010.jpg 444 117 61 244 0.86531
00010.jpg 439 115 58 247 0.86209
00010.jpg 141 102 349 380 0.86174
00010.jpg 444 119 61 241 0.85767
00010.jpg 146 77 119 389 0.85441
00010.jpg 475 96 149 395 0.85218
00010.jpg 447 118 60 245 0.84959
00010.jpg 440 108 60 254 0.84825
00010.jpg 447 111 57 253 0.84769
00010.jpg 447 117 49 235 0.84135
00010.jpg 224 67 214 419 0.83688
00010.jpg 439 118 62 234 0.83399
00010.jpg 449 116 51 247 0.83017
00010.jpg 487 85 140 415 0.82913
00010.jpg 611 114 61 298 0.82788
00010.jpg 470 85 154 412 0.82631
00010.jpg 606 122 72 297 0.82356
00010.jpg 445 111 56 249 0.81889
00010.jpg 473 78 141 422 0.81476
00010.jpg 231 61 211 469 0.81042
00010.jpg 224 85 216 426 0.80667
00010.jpg 615 116 61 299 0.80192
00010.jpg 490 89 127 403 0.79563
00010.jpg 607 117 62 302 0.78953
00010.jpg 192 79 265 429 0.77091
00010.jpg 604 109 73 292 0.76536
00010.jpg 617 113 52 300 0.76062
00010.jpg 449 122 48 239 0.75770
00010.jpg 140 77 145 370 0.75691
00010.jpg 139 72 139 377 0.75010
00010.jpg 440 110 64 241 0.74579
00010.jpg 195 58 230 465 0.73915
00010.jpg 228 86 207 436 0.72988
00010.jpg 611 121 66 286 0.72670
00010.jpg 219 71 224 456 0.71996
00010.jpg 609 135 65 275 0.71948
00010.jpg 602 120 69 294 0.71858
00010.jpg 441 113 67 243 0.71229
00010.jpg 613 121 62 289 0.70074
00010.jpg 443 112 65 246 0.69893
00010.jpg 232 69 197 440 0.68603
00010.jpg 604 117 65 298 0.68537
00010.jpg 480 91 139 397 0.68330
00010.jpg 611 128 59 287 0.68293
00010.jpg 614 125 55 275 0.68153
00010.jpg 487 96 124 387 0.68016
00010.jpg 607 122 58 292 0.67572
00010.jpg 613 124 55 295 0.67541
00010.jpg 609 125 75 284 0.66863
00010.jpg 439 117 56 239 0.66569
00010.jpg 135 83 142 379 0.66204
00010.jpg 444 118 61 246 0.64679
00010.jpg 487 88 147 399 0.64520
00010.jpg 447 115 59 245 0.64089
00010.jpg 451 117 51 244 0.63895
00010.jpg 444 118 58 237 0.62981
00010.jpg 605 116 70 295 0.62409
00010.jpg 484 97 121 374 0.62043
00010.jpg 491 98 132 386 0.61979
00010.jpg 224 75 207 449 0.61968
00010.jpg 142 69 131 395 0.60826
00010.jpg 443 119 59 240 0.60489
00010.jpg 236 64 200 467 0.59386
00010.jpg 611 132 61 261 0.58867
00010.jpg 607 121 64 287 0.57785
00010.jpg 147 84 130 375 0.57707
00010.jpg 615 117 58 290 0.57684
00010.jpg 148 69 312 453 0.57156
00010.jpg 183 58 192 445 0.56733
00010.jpg 220 39 210 499 0.56188
00010.jpg 498 94 106 393 0.55730
00010.jpg 503 94 131 395 0.55712
00010.jpg 607 120 68 293 0.55376
00010.jpg 496 78 129 400 0.55092
00010.jpg 440 106 71 259 0.55082
00010.jpg 246 66 184 462 0.53012
00010.jpg 449 114 54 245 0.52702
00010.jpg 611 119 68 296 0.52640
00010.jpg 155 74 304 418 0.52085
00010.jpg 616 128 59 275 0.51748
00010.jpg 488 88 126 391 0.51298
00010.jpg 443 112 56 230 0.50458
00010.jpg 485 95 124 368 0.50177
