00013.jpg 230 73 196 447 0.99968
00013.jpg 127 77 146 385 0.99961
00013.jpg 245 83 172 439 0.99946
00013.jpg 235 73 194 454 0.99944
00013.jpg 228 67 204 463 0.99942
00013.jpg 128 80 137 371 0.99939
00013.jpg 116 77 148 383 0.99922
00013.jpg 121 83 142 378 0.99909
00013.jpg 228 61 210 471 0.99885
00013.jpg 235 77 190 443 0.99870
00013.jpg 118 76 145 391 0.99863
00013.jpg 485 84 133 412 0.99793
00013.jpg 479 97 127 393 0.99747
00013.jpg 221 75 213 447 0.99745
00013.jpg 239 85 181 435 0.99726
00013.jpg 583 120 77 291 0.99707
00013.jpg 589 121 69 288 0.99570
00013.jpg 478 93 134 402 0.99570
00013.jpg 473 93 124 393 0.99562
00013.jpg 233 66 201 462 0.99534
00013.jpg 241 65 189 465 0.99526
00013.jpg 586 124 69 284 0.99522
00013.jpg 583 114 74 300 0.99519
00013.jpg 233 89 196 428 0.99515
00013.jpg 240 68 187 464 0.99508
00013.jpg 124 69 137 385 0.99502
00013.jpg 233 77 197 441 0.99485
00013.jpg 126 78 140 387 0.99458
00013.jpg 114 78 150 384 0.99415
00013.jpg 585 116 74 293 0.99407
00013.jpg 124 72 142 375 0.99405
00013.jpg 121 78 142 384 0.99403
00013.jpg 128 69 127 397 0.99360
00013.jpg 241 81 185 446 0.99356
00013.jpg 236 70 197 447 0.99356
00013.jpg 483 94 122 399 0.99354
00013.jpg 422 111 63 252 0.99333
00013.jpg 236 66 193 452 0.99330
00013.jpg 126 77 128 378 0.99303
00013.jpg 581 120 75 290 0.99303
00013.jpg 116 78 143 384 0.99291
00013.jpg 234 71 189 448 0.99284
00013.jpg 128 77 137 379 0.99251
00013.jpg 117 72 143 383 0.99199
00013.jpg 233 87 195 438 0.99191
00013.jpg 587 118 67 288 0.99183
00013.jpg 120 76 146 387 0.99172
00013.jpg 237 70 192 453 0.99171
00013.jpg 475 93 128 406 0.99149
00013.jpg 236 72 187 444 0.99112
00013.jpg 122 78 138 387 0.99093
00013.jpg 245 75 176 448 0.99092
00013.jpg 120 78 142 390 0.99091
00013.jpg 590 122 67 289 0.99080
00013.jpg 118 73 148 384 0.99033
00013.jpg 120 86 141 373 0.99023
00013.jpg 229 81 200 440 0.98990
00013.jpg 236 73 191 443 0.98882
00013.jpg 481 90 120 408 0.98877
00013.jpg 591 119 68 296 0.98844
00013.jpg 422 121 68 242 0.98842
00013.jpg 226 67 209 466 0.98817
00013.jpg 423 119 62 241 0.98785
00013.jpg 123 84 132 384 0.98752
00013.jpg 484 92 121 401 0.98740
00013.jpg 588 119 68 282 0.98721
00013.jpg 242 81 185 444 0.98703
00013.jpg 239 85 181 443 0.98615
00013.jpg 128 82 137 377 0.98613
00013.jpg 584 119 71 292 0.98595
00013.jpg 123 83 149 376 0.98559
00013.jpg 589 118 67 299 0.98558
00013.jpg 488 89 113 407 0.98415
00013.jpg 123 86 132 378 0.98339
00013.jpg 586 124 74 281 0.98333
00013.jpg 470 89 141 403 0.98293
00013.jpg 486 92 121 413 0.98279
00013.jpg 428 112 55 251 0.98272
00013.jpg 119 70 143 385 0.98186
00013.jpg 122 80 139 384 0.98168
00013.jpg 246 83 172 431 0.98093
00013.jpg 475 96 135 403 0.98072
00013.jpg 233 82 193 443 0.98038
00013.jpg 420 112 65 251 0.97972
00013.jpg 479 89 128 409 0.97960
00013.jpg 121 78 139 383 0.97951
00013.jpg 126 82 137 384 0.97944
00013.jpg 116 74 146 390 0.97941
00013.jpg 587 111 66 300 0.97919
00013.jpg 240 72 192 455 0.97858
00013.jpg 591 121 64 290 0.97824
00013.jpg 419 110 67 247 0.97823
00013.jpg 241 80 183 436 0.97670
00013.jpg 423 113 62 244 0.97535
00013.jpg 587 117 72 291 0.97513
00013.jpg 484 94 118 409 0.97466
00013.jpg 114 85 146 377 0.97453
00013.jpg 476 90 132 412 0.97450
00013.jpg 486 81 125 413 0.97414
00013.jpg 424 116 59 241 0.97369
00013.jpg 584 119 72 293 0.97304
00013.jpg 124 74 140 386 0.97295
00013.jpg 227 70 194 468 0.97278
00013.jpg 484 93 120 401 0.97272
00013.jpg 585 121 73 281 0.97156
00013.jpg 478 77 131 415 0.97000
00013.jpg 122 72 141 385 0.96805
00013.jpg 487 84 117 407 0.96797
00013.jpg 479 79 126 423 0.96774
00013.jpg 585 117 74 298 0.96733
00013.jpg 424 108 61 247 0.96439
00013.jpg 488 93 113 405 0.96243
00013.jpg 426 119 63 246 0.96239
00013.jpg 481 77 128 423 0.96144
00013.jpg 128 77 135 394 0.96046
00013.jpg 587 119 69 294 0.95962
00013.jpg 234 48 204 491 0.95927
00013.jpg 587 121 71 279 0.95904
00013.jpg 479 93 128 400 0.95839
00013.jpg 466 89 141 400 0.95595
00013.jpg 478 93 129 402 0.95540
00013.jpg 483 85 122 411 0.95446
00013.jpg 585 127 71 281 0.95332
00013.jpg 234 67 189 459 0.95233
00013.jpg 112 71 149 376 0.95191
00013.jpg 424 121 58 240 0.95171
00013.jpg 422 119 62 243 0.95137
00013.jpg 476 78 133 424 0.94917
00013.jpg 480 78 130 420 0.94910
00013.jpg 582 117 76 292 0.94662
00013.jpg 234 85 215 442 0.94548
00013.jpg 427 117 54 246 0.94534
00013.jpg 423 110 61 242 0.94358
00013.jpg 425 112 62 242 0.94207
00013.jpg 422 114 68 244 0.94132
00013.jpg 428 118 57 243 0.94081
00013.jpg 427 119 56 247 0.93870
00013.jpg 482 93 124 407 0.93762
00013.jpg 426 117 57 247 0.93457
00013.jpg 421 109 61 251 0.93433
00013.jpg 584 113 74 292 0.93356
00013.jpg 486 92 121 403 0.93329
00013.jpg 428 125 55 239 0.93292
00013.jpg 424 115 62 247 0.93083
00013.jpg 424 110 59 252 0.92960
00013.jpg 430 110 54 256 0.92879
00013.jpg 485 95 121 403 0.92645
00013.jpg 486 91 124 406 0.92134
00013.jpg 235 84 177 453 0.92041
00013.jpg 589 117 75 287 0.91847
00013.jpg 424 106 60 265 0.91763
00013.jpg 119 66 141 393 0.91654
00013.jpg 486 72 129 405 0.91619
00013.jpg 425 124 62 238 0.91489
00013.jpg 230 79 195 449 0.91414
00013.jpg 426 114 58 257 0.91190
00013.jpg 422 116 61 243 0.91082
00013.jpg 583 130 74 275 0.90911
00013.jpg 586 123 71 286 0.90853
00013.jpg 587 119 68 284 0.90724
00013.jpg 425 112 58 251 0.90499
00013.jpg 238 80 186 441 0.90125
00013.jpg 486 87 116 410 0.89966
00013.jpg 480 90 133 408 0.89853
00013.jpg 120 70 144 392 0.89554
00013.jpg 225 86 202 434 0.89342
00013.jpg 481 92 127 396 0.88997
00013.jpg 423 115 61 247 0.88934
00013.jpg 121 83 133 383 0.88847
00013.jpg 249 73 187 453 0.88758
00013.jpg 421 112 60 244 0.88699
00013.jpg 128 81 138 373 0.88405
00013.jpg 425 112 60 258 0.87392
00013.jpg 422 107 62 255 0.87202
00013.jpg 424 111 61 252 0.86874
00013.jpg 477 95 138 412 0.86545
00013.jpg 578 117 84 291 0.86498
00013.jpg 425 115 57 244 0.86180
00013.jpg 217 71 197 451 0.86178
00013.jpg 466 89 146 389 0.85856
00013.jpg 238 70 195 454 0.85544
00013.jpg 675 57 78 137 0.85098
00013.jpg 585 116 76 300 0.84174
00013.jpg 584 110 80 306 0.84171
00013.jpg 589 123 69 286 0.83930
00013.jpg 425 110 58 251 0.83324
00013.jpg 417 113 65 245 0.83003
00013.jpg 424 114 64 248 0.82758
00013.jpg 111 67 151 400 0.82750
00013.jpg 426 116 58 243 0.82316
00013.jpg 424 125 62 240 0.82241
00013.jpg 478 78 123 417 0.81700
00013.jpg 582 121 74 286 0.81196
00013.jpg 488 87 113 419 0.81155
00013.jpg 423 109 64 261 0.80754
00013.jpg 127 87 129 372 0.80123
00013.jpg 583 119 78 298 0.79777
00013.jpg 481 86 135 400 0.79730
00013.jpg 419 119 59 233 0.79274
00013.jpg 583 120 80 286 0.79215
00013.jpg 120 76 142 396 0.78854
00013.jpg 582 114 76 292 0.78519
00013.jpg 479 79 132 400 0.78484
00013.jpg 578 113 81 298 0.78304
00013.jpg 479 99 134 408 0.77931
00013.jpg 480 93 119 396 0.77649
00013.jpg 235 79 184 437 0.77252
00013.jpg 587 116 70 297 0.76338
00013.jpg 586 121 72 292 0.75872
00013.jpg 253 74 171 438 0.75818
00013.jpg 422 111 66 251 0.75319
00013.jpg 583 118 74 287 0.74712
00013.jpg 429 114 53 244 0.73807
00013.jpg 484 93 112 389 0.73641
00013.jpg 116 62 139 416 0.73570
00013.jpg 582 115 74 290 0.72889
00013.jpg 587 125 72 294 0.70988
00013.jpg 582 123 73 286 0.70863
00013.jpg 429 116 59 243 0.70857
00013.jpg 235 56 201 477 0.70681
00013.jpg 591 125 59 277 0.70410
00013.jpg 229 81 181 427 0.70087
00013.jpg 585 114 72 288 0.69999
00013.jpg 229 88 189 417 0.69955
00013.jpg 586 117 80 292 0.68990
00013.jpg 249 71 186 443 0.68780
00013.jpg 123 71 144 383 0.67964
00013.jpg 490 97 122 394 0.67811
00013.jpg 429 113 54 250 0.66818
00013.jpg 425 116 59 241 0.66481
00013.jpg 427 122 59 243 0.66118
00013.jpg 118 68 138 404 0.65747
00013.jpg 586 129 76 279 0.65193
00013.jpg 582 116 73 296 0.65124
00013.jpg 479 88 113 398 0.64311
00013.jpg 253 82 171 437 0.64084
00013.jpg 591 124 64 284 0.63795
00013.jpg 480 90 121 405 0.63277
00013.jpg 474 84 132 412 0.62739
00013.jpg 468 79 142 424 0.62541
00013.jpg 233 78 192 456 0.62451
00013.jpg 585 110 73 301 0.62032
00013.jpg 492 94 104 386 0.61916
00013.jpg 426 112 54 245 0.60699
00013.jpg 118 75 145 383 0.60257
00013.jpg 670 58 77 145 0.59857
00013.jpg 425 120 55 240 0.59716
00013.jpg 113 84 155 378 0.58865
00013.jpg 588 123 72 284 0.58401
00013.jpg 660 61 88 125 0.57519
00013.jpg 667 60 77 143 0.57489
00013.jpg 129 67 139 390 0.57288
00013.jpg 127 95 137 357 0.57046
00013.jpg 584 124 75 287 0.56731
00013.jpg 485 93 135 398 0.56698
00013.jpg 419 106 72 260 0.56658
00013.jpg 488 89 122 409 0.56256
00013.jpg 193 84 264 441 0.55706
00013.jpg 466 105 153 385 0.55296
00013.jpg 106 79 166 357 0.54587
00013.jpg 426 113 60 247 0.54350
00013.jpg 424 120 61 232 0.54134
00013.jpg 425 121 52 234 0.52878
00013.jpg 657 64 95 104 0.52123
00013.jpg 475 83 130 421 0.51766
00013.jpg 669 56 73 127 0.51755
00013.jpg 588 122 70 279 0.51328
00013.jpg 466 88 140 402 0.51059
00013.jpg 234 74 193 464 0.51023
00013.jpg 139 78 165 402 0.50319
