00022.jpg 161 82 205 435 0.99949
00022.jpg 87 77 133 349 0.99945
00022.jpg 163 85 218 445 0.99924
00022.jpg 77 79 137 374 0.99901
00022.jpg 433 98 128 376 0.99740
00022.jpg 174 84 196 443 0.99675
00022.jpg 541 127 66 263 0.99621
00022.jpg 542 122 73 275 0.99582
00022.jpg 167 93 205 424 0.99542
00022.jpg 161 83 207 453 0.99517
00022.jpg 166 80 217 449 0.99476
00022.jpg 171 81 205 438 0.99472
00022.jpg 161 81 205 453 0.99436
00022.jpg 175 78 196 442 0.99413
00022.jpg 160 80 211 459 0.99402
00022.jpg 80 83 143 352 0.99391
00022.jpg 545 109 66 284 0.99389
00022.jpg 438 88 136 377 0.99380
00022.jpg 538 124 72 264 0.99358
00022.jpg 425 98 136 369 0.99338
00022.jpg 185 82 179 436 0.99318
00022.jpg 178 93 190 420 0.99299
00022.jpg 426 101 147 354 0.99267
00022.jpg 540 124 78 268 0.99230
00022.jpg 430 101 126 363 0.99191
00022.jpg 169 86 200 443 0.99190
00022.jpg 161 67 204 459 0.99184
00022.jpg 427 95 139 371 0.99144
00022.jpg 540 120 76 278 0.99135
00022.jpg 79 81 143 341 0.99051
00022.jpg 546 124 68 267 0.99012
00022.jpg 539 116 80 276 0.98889
00022.jpg 373 113 64 221 0.98874
00022.jpg 427 106 136 366 0.98870
00022.jpg 543 127 71 258 0.98852
00022.jpg 79 84 145 341 0.98851
00022.jpg 177 78 192 443 0.98834
00022.jpg 84 74 133 351 0.98800
00022.jpg 548 128 63 259 0.98786
00022.jpg 176 79 194 453 0.98753
00022.jpg 540 126 76 264 0.98732
00022.jpg 171 77 199 439 0.98722
00022.jpg 169 79 203 441 0.98707
00022.jpg 83 69 134 369 0.98640
00022.jpg 421 99 140 364 0.98624
00022.jpg 87 74 141 360 0.98598
00022.jpg 84 76 132 358 0.98598
00022.jpg 428 102 124 365 0.98582
00022.jpg 434 102 130 373 0.98563
00022.jpg 438 96 123 376 0.98543
00022.jpg 547 126 70 264 0.98500
00022.jpg 542 123 72 271 0.98329
00022.jpg 439 90 126 385 0.98279
00022.jpg 82 72 138 356 0.98270
00022.jpg 372 102 77 241 0.98256
00022.jpg 84 91 127 342 0.98230
00022.jpg 421 91 151 380 0.98210
00022.jpg 170 94 201 422 0.98200
00022.jpg 75 77 145 357 0.98190
00022.jpg 536 125 82 270 0.98172
00022.jpg 181 80 190 437 0.98170
00022.jpg 167 81 204 429 0.98130
00022.jpg 541 124 76 264 0.98125
00022.jpg 429 100 132 361 0.98112
00022.jpg 171 75 193 442 0.98047
00022.jpg 85 77 127 354 0.98046
00022.jpg 81 71 140 353 0.98036
00022.jpg 541 122 72 267 0.98022
00022.jpg 95 84 126 350 0.97893
00022.jpg 540 118 75 277 0.97877
00022.jpg 165 85 208 431 0.97859
00022.jpg 77 83 143 359 0.97837
00022.jpg 177 85 193 443 0.97825
00022.jpg 82 76 136 358 0.97743
00022.jpg 83 78 134 356 0.97715
00022.jpg 89 74 125 353 0.97673
00022.jpg 83 76 134 344 0.97662
00022.jpg 80 82 142 343 0.97647
00022.jpg 160 91 216 440 0.97602
00022.jpg 425 93 137 373 0.97493
00022.jpg 422 100 142 355 0.97459
00022.jpg 365 108 75 223 0.97333
00022.jpg 423 101 146 358 0.97325
00022.jpg 547 127 66 262 0.97260
00022.jpg 179 99 195 429 0.97248
00022.jpg 86 69 127 367 0.97248
00022.jpg 370 124 72 216 0.97217
00022.jpg 433 95 132 376 0.97208
00022.jpg 544 120 68 271 0.97140
00022.jpg 424 82 137 395 0.97121
00022.jpg 435 97 129 381 0.97036
00022.jpg 428 102 135 374 0.96996
00022.jpg 73 79 146 345 0.96952
00022.jpg 539 124 77 267 0.96902
00022.jpg 375 109 71 222 0.96819
00022.jpg 176 92 189 429 0.96776
00022.jpg 179 68 194 457 0.96748
00022.jpg 433 102 126 363 0.96681
00022.jpg 89 86 135 340 0.96678
00022.jpg 373 107 65 223 0.96537
00022.jpg 544 127 65 261 0.96280
00022.jpg 81 76 136 356 0.96163
00022.jpg 89 71 128 362 0.96033
00022.jpg 542 126 72 265 0.96029
00022.jpg 543 125 69 260 0.95918
00022.jpg 547 135 60 253 0.95548
00022.jpg 535 112 80 285 0.95547
00022.jpg 426 96 132 390 0.95516
00022.jpg 80 79 141 348 0.95432
00022.jpg 422 102 140 375 0.95416
00022.jpg 429 94 136 379 0.95343
00022.jpg 373 111 74 227 0.95332
00022.jpg 435 88 133 375 0.95254
00022.jpg 540 127 69 262 0.94960
00022.jpg 541 126 70 266 0.94783
00022.jpg 428 95 139 381 0.94747
00022.jpg 87 75 132 350 0.94742
00022.jpg 542 118 74 273 0.94645
00022.jpg 433 100 124 377 0.94541
00022.jpg 539 123 83 270 0.94511
00022.jpg 85 79 117 368 0.94439
00022.jpg 545 129 64 257 0.94251
00022.jpg 434 100 124 361 0.94246
00022.jpg 431 104 129 361 0.94095
00022.jpg 441 97 123 367 0.94060
00022.jpg 423 108 135 345 0.94057
00022.jpg 419 95 141 373 0.93979
00022.jpg 86 92 139 335 0.93931
00022.jpg 160 79 213 451 0.93858
00022.jpg 169 72 198 461 0.93754
00022.jpg 378 114 58 216 0.93655
00022.jpg 376 118 71 222 0.93626
00022.jpg 377 110 68 227 0.93455
00022.jpg 79 85 133 329 0.93445
00022.jpg 433 100 126 375 0.93428
00022.jpg 183 78 184 429 0.93378
00022.jpg 173 75 205 453 0.92976
00022.jpg 159 76 211 437 0.92702
00022.jpg 79 80 139 351 0.91846
00022.jpg 541 124 69 264 0.91784
00022.jpg 540 132 72 249 0.91784
00022.jpg 370 113 69 214 0.91680
00022.jpg 544 126 69 260 0.91145
00022.jpg 375 102 66 250 0.91008
00022.jpg 541 128 74 260 0.90716
00022.jpg 442 100 117 372 0.90665
00022.jpg 436 102 129 374 0.90318
00022.jpg 375 117 62 213 0.90230
00022.jpg 537 116 77 276 0.90202
00022.jpg 372 120 70 225 0.89921
00022.jpg 377 112 60 222 0.89837
00022.jpg 163 47 205 489 0.89646
00022.jpg 86 65 131 379 0.89465
00022.jpg 540 117 71 278 0.89204
00022.jpg 537 124 77 268 0.89025
00022.jpg 375 113 67 211 0.88875
00022.jpg 167 97 199 417 0.88669
00022.jpg 541 129 70 251 0.88568
00022.jpg 376 116 62 211 0.88556
00022.jpg 431 98 120 367 0.88539
00022.jpg 545 127 67 262 0.88230
00022.jpg 540 120 72 281 0.87903
00022.jpg 541 119 75 274 0.87876
00022.jpg 371 110 69 222 0.87644
00022.jpg 431 100 130 372 0.87386
00022.jpg 540 127 74 260 0.87285
00022.jpg 373 116 62 220 0.87175
00022.jpg 380 116 58 211 0.86946
00022.jpg 424 104 153 367 0.86447
00022.jpg 116 72 192 421 0.86431
00022.jpg 376 112 62 225 0.86231
00022.jpg 371 114 67 222 0.85503
00022.jpg 171 76 198 443 0.85328
00022.jpg 91 82 128 357 0.84887
00022.jpg 538 124 76 272 0.84849
00022.jpg 370 124 74 218 0.84673
00022.jpg 373 114 69 224 0.84303
00022.jpg 544 128 68 264 0.84300
00022.jpg 433 112 119 347 0.84095
00022.jpg 538 125 80 263 0.83931
00022.jpg 94 76 122 354 0.83772
00022.jpg 431 92 132 379 0.83301
00022.jpg 85 79 138 347 0.83102
00022.jpg 375 114 68 218 0.82694
00022.jpg 543 130 74 260 0.82368
00022.jpg 372 112 71 230 0.82174
00022.jpg 424 97 136 366 0.81773
00022.jpg 78 92 143 322 0.81691
00022.jpg 377 117 59 199 0.81416
00022.jpg 374 114 61 212 0.81211
00022.jpg 369 110 77 225 0.81099
00022.jpg 542 123 74 259 0.80967
00022.jpg 540 121 79 282 0.80411
00022.jpg 437 107 132 378 0.80077
00022.jpg 375 119 58 215 0.79742
00022.jpg 545 129 71 259 0.79570
00022.jpg 377 106 64 226 0.79015
00022.jpg 376 119 62 200 0.78985
00022.jpg 162 79 219 458 0.78835
00022.jpg 378 112 64 215 0.78424
00022.jpg 549 127 61 262 0.78234
00022.jpg 181 67 197 461 0.78191
00022.jpg 427 93 130 387 0.77922
00022.jpg 543 130 68 250 0.77341
00022.jpg 184 93 178 423 0.76328
00022.jpg 92 83 131 330 0.76179
00022.jpg 539 121 70 272 0.75881
00022.jpg 88 90 129 326 0.75115
00022.jpg 547 129 66 266 0.74894
00022.jpg 376 117 63 217 0.74600
00022.jpg 375 116 71 223 0.74069
00022.jpg 376 120 66 196 0.73044
00022.jpg 419 106 150 369 0.72923
00022.jpg 378 114 70 232 0.72603
00022.jpg 378 112 56 223 0.72504
00022.jpg 422 99 154 368 0.72413
00022.jpg 542 125 68 264 0.72413
00022.jpg 369 115 79 231 0.71399
00022.jpg 153 90 220 435 0.70763
00022.jpg 375 113 74 236 0.70530
00022.jpg 82 80 130 343 0.70363
00022.jpg 428 93 130 375 0.70108
00022.jpg 923 114 35 217 0.70092
00022.jpg 370 117 73 228 0.70006
00022.jpg 95 78 115 365 0.69823
00022.jpg 368 114 72 209 0.69605
00022.jpg 73 84 154 332 0.68729
00022.jpg 379 119 55 207 0.67991
00022.jpg 930 100 27 216 0.67543
00022.jpg 78 81 145 331 0.67322
00022.jpg 367 110 78 242 0.66064
00022.jpg 163 99 203 421 0.65689
00022.jpg 370 120 78 233 0.64977
00022.jpg 369 106 80 230 0.64529
00022.jpg 438 85 135 377 0.63924
00022.jpg 375 116 61 205 0.63907
00022.jpg 365 109 72 231 0.63140
00022.jpg 125 70 266 450 0.62744
00022.jpg 545 130 57 252 0.62708
00022.jpg 163 96 225 435 0.61860
00022.jpg 76 81 147 332 0.61765
00022.jpg 130 72 224 439 0.61690
00022.jpg 544 119 75 274 0.61016
00022.jpg 191 77 168 444 0.60328
00022.jpg 88 75 136 350 0.60201
00022.jpg 382 106 62 239 0.60149
00022.jpg 537 120 76 282 0.60085
00022.jpg 927 139 31 181 0.59251
00022.jpg 381 120 61 211 0.58617
00022.jpg 550 135 66 262 0.58070
00022.jpg 383 120 57 216 0.58021
00022.jpg 201 78 154 450 0.57299
00022.jpg 168 81 201 447 0.55730
00022.jpg 372 104 73 229 0.54805
00022.jpg 928 83 30 260 0.54737
00022.jpg 75 89 146 359 0.54572
00022.jpg 381 115 56 207 0.53889
00022.jpg 536 129 76 259 0.52729
00022.jpg 381 124 58 187 0.52720
00022.jpg 540 116 79 276 0.52542
00022.jpg 204 86 152 435 0.51888
00022.jpg 516 110 92 291 0.51425
00022.jpg 374 110 72 224 0.51277
00022.jpg 372 108 67 236 0.51190
00022.jpg 77 93 155 350 0.50875
00022.jpg 550 132 59 258 0.50843
00022.jpg 543 127 65 253 0.50750
00022.jpg 377 114 59 220 0.50090
00022.jpg 75 86 139 330 0.49901
