00024.jpg 526 113 74 271 0.99789
00024.jpg 183 68 171 455 0.99783
00024.jpg 170 69 191 464 0.99757
00024.jpg 528 119 76 267 0.99754
00024.jpg 423 94 125 371 0.99691
00024.jpg 426 103 125 358 0.99686
00024.jpg 177 63 174 450 0.99684
00024.jpg 189 65 170 454 0.99683
00024.jpg 427 106 118 364 0.99678
00024.jpg 530 122 74 265 0.99668
00024.jpg 184 65 167 452 0.99641
00024.jpg 362 120 65 227 0.99626
00024.jpg 174 72 179 463 0.99594
00024.jpg 426 94 119 375 0.99573
00024.jpg 364 120 65 225 0.99528
00024.jpg 424 94 124 373 0.99489
00024.jpg 426 90 125 371 0.99479
00024.jpg 424 103 126 358 0.99467
00024.jpg 173 58 180 460 0.99464
00024.jpg 364 128 68 213 0.99424
00024.jpg 428 107 125 351 0.99413
00024.jpg 424 92 128 365 0.99303
00024.jpg 167 66 186 449 0.99252
00024.jpg 166 64 200 462 0.99194
00024.jpg 527 119 79 267 0.99170
00024.jpg 426 103 122 359 0.99134
00024.jpg 187 52 153 466 0.99100
00024.jpg 528 121 69 271 0.99093
00024.jpg 528 120 71 265 0.99091
00024.jpg 187 63 168 459 0.99039
00024.jpg 530 113 74 269 0.99022
00024.jpg 425 106 123 351 0.98981
00024.jpg 533 117 69 266 0.98979
00024.jpg 423 80 121 385 0.98918
00024.jpg 425 101 120 357 0.98889
00024.jpg 428 100 121 366 0.98729
00024.jpg 182 60 176 465 0.98726
00024.jpg 430 97 114 349 0.98716
00024.jpg 367 128 60 219 0.98642
00024.jpg 363 115 64 244 0.98587
00024.jpg 537 125 71 259 0.98575
00024.jpg 421 99 119 356 0.98543
00024.jpg 367 131 63 216 0.98325
00024.jpg 168 49 180 479 0.98272
00024.jpg 179 59 173 464 0.98191
00024.jpg 528 114 83 273 0.98154
00024.jpg 426 100 121 355 0.98146
00024.jpg 361 121 68 225 0.98146
00024.jpg 533 119 71 261 0.98105
00024.jpg 528 120 78 263 0.98040
00024.jpg 530 126 69 259 0.98030
00024.jpg 430 96 110 364 0.97971
00024.jpg 361 120 72 222 0.97954
00024.jpg 532 119 73 268 0.97949
00024.jpg 530 115 70 269 0.97882
00024.jpg 183 61 166 460 0.97809
00024.jpg 527 126 72 255 0.97798
00024.jpg 367 116 61 233 0.97773
00024.jpg 165 56 184 458 0.97770
00024.jpg 195 56 154 468 0.97766
00024.jpg 424 102 130 357 0.97751
00024.jpg 186 65 168 456 0.97692
00024.jpg 362 121 72 230 0.97539
00024.jpg 184 62 166 453 0.97476
00024.jpg 370 125 57 213 0.97313
00024.jpg 120 72 212 427 0.97277
00024.jpg 366 124 63 213 0.97270
00024.jpg 530 112 67 270 0.97125
00024.jpg 366 125 65 224 0.97071
00024.jpg 528 122 71 265 0.97059
00024.jpg 530 119 70 262 0.96932
00024.jpg 534 121 66 261 0.96863
00024.jpg 159 48 192 480 0.96831
00024.jpg 430 96 118 362 0.96821
00024.jpg 535 116 70 261 0.96819
00024.jpg 423 106 132 343 0.96778
00024.jpg 419 98 129 364 0.96751
00024.jpg 91 95 133 320 0.96728
00024.jpg 428 86 113 381 0.96715
00024.jpg 426 98 120 369 0.96686
00024.jpg 533 117 68 270 0.96531
00024.jpg 99 76 120 331 0.96367
00024.jpg 416 105 141 358 0.96327
00024.jpg 361 126 66 223 0.96209
00024.jpg 359 117 69 223 0.96169
00024.jpg 424 100 127 356 0.96108
00024.jpg 417 104 125 347 0.96100
00024.jpg 361 123 67 219 0.95968
00024.jpg 431 96 123 360 0.95965
00024.jpg 362 118 66 222 0.95920
00024.jpg 533 120 65 256 0.95854
00024.jpg 175 60 180 471 0.95852
00024.jpg 102 87 113 304 0.95847
00024.jpg 427 100 116 371 0.95766
00024.jpg 97 84 131 353 0.95731
00024.jpg 368 126 59 219 0.95722
00024.jpg 89 83 133 335 0.95707
00024.jpg 365 126 60 217 0.95646
00024.jpg 94 92 131 333 0.95580
00024.jpg 360 127 66 214 0.95291
00024.jpg 529 110 75 276 0.95180
00024.jpg 362 122 62 223 0.95151
00024.jpg 431 93 119 359 0.95039
00024.jpg 531 122 72 264 0.94963
00024.jpg 184 58 156 475 0.94919
00024.jpg 186 63 170 457 0.94888
00024.jpg 85 85 147 335 0.94876
00024.jpg 366 125 67 212 0.94821
00024.jpg 531 112 72 269 0.94723
00024.jpg 427 100 130 352 0.94244
00024.jpg 906 93 50 273 0.94148
00024.jpg 192 66 160 466 0.94091
00024.jpg 529 108 76 276 0.94005
00024.jpg 173 64 180 445 0.93707
00024.jpg 360 127 72 220 0.93552
00024.jpg 364 119 66 221 0.93547
00024.jpg 196 72 156 439 0.93497
00024.jpg 529 123 74 262 0.93416
00024.jpg 366 115 63 223 0.93229
00024.jpg 196 65 153 457 0.92974
00024.jpg 420 101 131 356 0.92759
00024.jpg 422 89 122 367 0.92726
00024.jpg 155 66 200 439 0.92503
00024.jpg 150 53 207 470 0.92419
00024.jpg 425 89 126 377 0.92342
00024.jpg 528 122 76 259 0.92318
00024.jpg 422 101 130 371 0.92230
00024.jpg 364 124 71 215 0.92193
00024.jpg 364 126 66 221 0.92129
00024.jpg 98 90 125 299 0.92109
00024.jpg 426 98 118 356 0.92106
00024.jpg 364 126 67 219 0.91787
00024.jpg 185 63 174 462 0.91750
00024.jpg 97 89 137 338 0.91682
00024.jpg 360 120 71 229 0.91568
00024.jpg 533 128 69 246 0.91142
00024.jpg 91 84 129 333 0.91064
00024.jpg 88 74 138 352 0.91034
00024.jpg 99 82 113 307 0.90932
00024.jpg 94 90 131 312 0.90826
00024.jpg 532 113 71 274 0.90687
00024.jpg 95 74 137 334 0.90665
00024.jpg 363 115 71 234 0.90650
00024.jpg 78 76 155 350 0.90619
00024.jpg 365 123 62 218 0.90511
00024.jpg 367 120 61 216 0.90497
00024.jpg 97 68 124 342 0.90438
00024.jpg 368 126 62 212 0.90203
00024.jpg 176 61 172 457 0.90159
00024.jpg 362 112 67 236 0.90065
00024.jpg 367 127 55 208 0.89856
00024.jpg 909 89 47 274 0.89582
00024.jpg 178 62 164 467 0.89325
00024.jpg 100 77 129 331 0.89237
00024.jpg 532 130 66 246 0.89132
00024.jpg 534 120 65 257 0.88437
00024.jpg 92 85 146 338 0.88347
00024.jpg 531 115 73 264 0.88125
00024.jpg 88 79 127 334 0.87776
00024.jpg 92 83 128 306 0.87662
00024.jpg 362 120 67 222 0.87641
00024.jpg 367 116 64 236 0.87467
00024.jpg 100 93 142 327 0.87349
00024.jpg 364 113 69 236 0.87082
00024.jpg 365 116 67 234 0.86942
00024.jpg 532 120 70 260 0.86661
00024.jpg 96 76 146 354 0.86648
00024.jpg 157 65 203 451 0.86637
00024.jpg 101 73 132 373 0.86544
00024.jpg 173 78 182 434 0.86538
00024.jpg 86 65 138 366 0.86523
00024.jpg 529 124 73 257 0.86519
00024.jpg 429 96 127 343 0.85864
00024.jpg 360 120 69 228 0.85410
00024.jpg 106 92 106 275 0.85365
00024.jpg 536 121 63 259 0.84748
00024.jpg 367 121 61 213 0.84618
00024.jpg 903 93 56 267 0.84384
00024.jpg 167 68 199 450 0.84276
00024.jpg 912 83 47 274 0.83834
00024.jpg 359 126 71 225 0.83777
00024.jpg 531 123 70 257 0.83497
00024.jpg 356 114 77 231 0.83431
00024.jpg 363 113 67 239 0.83314
00024.jpg 363 121 67 229 0.83074
00024.jpg 119 73 178 414 0.83050
00024.jpg 365 126 64 214 0.83002
00024.jpg 367 127 62 207 0.81375
00024.jpg 93 72 129 349 0.81369
00024.jpg 908 100 48 274 0.81183
00024.jpg 365 127 60 204 0.81003
00024.jpg 82 80 146 357 0.80961
00024.jpg 420 91 127 369 0.80807
00024.jpg 363 123 61 215 0.80469
00024.jpg 162 63 182 455 0.80393
00024.jpg 901 92 58 277 0.80384
00024.jpg 86 77 126 317 0.80246
00024.jpg 93 82 118 315 0.79718
00024.jpg 74 73 145 365 0.79688
00024.jpg 180 53 181 475 0.79303
00024.jpg 416 94 135 369 0.78410
00024.jpg 433 103 120 351 0.78363
00024.jpg 429 97 125 367 0.78255
00024.jpg 904 107 52 272 0.77783
00024.jpg 89 69 138 343 0.77632
00024.jpg 903 110 55 256 0.77343
00024.jpg 87 77 128 328 0.77286
00024.jpg 910 83 49 274 0.76624
00024.jpg 909 97 50 227 0.76311
00024.jpg 110 81 173 390 0.75638
00024.jpg 901 98 57 257 0.75020
00024.jpg 909 107 50 260 0.74971
00024.jpg 362 134 68 213 0.74950
00024.jpg 366 128 63 209 0.74769
00024.jpg 126 73 242 442 0.73916
00024.jpg 364 119 70 223 0.73787
00024.jpg 412 121 138 334 0.73416
00024.jpg 904 87 48 278 0.73206
00024.jpg 364 115 72 225 0.72958
00024.jpg 105 83 120 310 0.72799
00024.jpg 918 87 40 254 0.72665
00024.jpg 914 93 45 235 0.72516
00024.jpg 537 120 71 265 0.72410
00024.jpg 90 80 122 298 0.71929
00024.jpg 107 79 107 313 0.71614
00024.jpg 95 83 132 307 0.71409
00024.jpg 366 117 66 226 0.71248
00024.jpg 916 88 43 257 0.71212
00024.jpg 176 71 186 447 0.71162
00024.jpg 436 102 122 347 0.70752
00024.jpg 102 68 118 354 0.70130
00024.jpg 418 100 128 354 0.69760
00024.jpg 148 55 190 469 0.69443
00024.jpg 98 81 118 337 0.69171
00024.jpg 109 91 107 150 0.68450
00024.jpg 96 73 193 411 0.68083
00024.jpg 525 127 84 254 0.68055
00024.jpg 86 80 131 317 0.67780
00024.jpg 530 108 82 273 0.67649
00024.jpg 529 106 76 281 0.67338
00024.jpg 914 95 40 249 0.66678
00024.jpg 104 87 109 177 0.66610
00024.jpg 421 97 126 366 0.66202
00024.jpg 194 66 163 459 0.66137
00024.jpg 897 98 62 270 0.66065
00024.jpg 100 77 112 259 0.65773
00024.jpg 422 102 124 358 0.65652
00024.jpg 93 98 126 281 0.64915
00024.jpg 365 124 57 217 0.64740
00024.jpg 538 117 64 273 0.64612
00024.jpg 530 122 73 264 0.63613
00024.jpg 920 100 39 197 0.63566
00024.jpg 360 124 66 221 0.62873
00024.jpg 113 60 229 460 0.62264
00024.jpg 523 107 86 286 0.61778
00024.jpg 923 99 36 198 0.60471
00024.jpg 92 82 131 280 0.60468
00024.jpg 526 129 74 257 0.60352
00024.jpg 918 97 39 228 0.60205
00024.jpg 426 106 122 326 0.60096
00024.jpg 194 51 178 465 0.59083
00024.jpg 76 87 158 336 0.58687
00024.jpg 83 62 254 416 0.58550
00024.jpg 909 233 50 101 0.58527
00024.jpg 422 102 131 350 0.58519
00024.jpg 424 111 130 358 0.58355
00024.jpg 925 93 32 224 0.58316
00024.jpg 109 89 96 154 0.58277
00024.jpg 922 93 37 241 0.58090
00024.jpg 425 103 120 346 0.57882
00024.jpg 106 77 119 311 0.57669
00024.jpg 915 104 43 212 0.57200
00024.jpg 365 141 67 208 0.56539
00024.jpg 81 80 190 382 0.56408
00024.jpg 104 83 128 340 0.55974
00024.jpg 921 99 37 235 0.55648
00024.jpg 530 118 73 263 0.55430
00024.jpg 156 77 190 436 0.55235
00024.jpg 133 59 223 474 0.55114
00024.jpg 370 114 72 233 0.54987
00024.jpg 88 89 144 287 0.54502
00024.jpg 524 104 84 290 0.54020
00024.jpg 109 83 103 207 0.52574
00024.jpg 914 102 45 231 0.52516
00024.jpg 80 87 165 330 0.52059
00024.jpg 105 81 139 338 0.51683
00024.jpg 105 55 193 434 0.51547
00024.jpg 98 72 158 376 0.51332
00024.jpg 115 58 258 454 0.51110
00024.jpg 115 47 256 476 0.50175
00024.jpg 99 87 109 219 0.50149
00024.jpg 120 84 83 148 0.50049
