00025.jpg 523 118 80 262 0.99854
00025.jpg 172 49 190 465 0.99774
00025.jpg 524 116 74 267 0.99773
00025.jpg 531 120 66 274 0.99771
00025.jpg 522 111 80 271 0.99750
00025.jpg 523 126 77 252 0.99701
00025.jpg 179 44 177 476 0.99680
00025.jpg 182 40 179 467 0.99639
00025.jpg 410 89 137 369 0.99628
00025.jpg 529 109 65 276 0.99600
00025.jpg 414 82 133 385 0.99559
00025.jpg 410 94 142 371 0.99550
00025.jpg 410 81 138 385 0.99506
00025.jpg 404 79 135 380 0.99491
00025.jpg 524 120 71 259 0.99427
00025.jpg 405 95 143 355 0.99310
00025.jpg 59 70 147 332 0.99292
00025.jpg 523 119 75 270 0.99231
00025.jpg 354 112 66 219 0.99226
00025.jpg 529 120 74 259 0.99126
00025.jpg 181 51 169 466 0.99097
00025.jpg 522 115 82 270 0.99081
00025.jpg 75 86 143 320 0.99062
00025.jpg 528 117 75 261 0.99049
00025.jpg 167 31 190 490 0.99031
00025.jpg 187 33 162 479 0.98942
00025.jpg 169 43 180 477 0.98939
00025.jpg 412 90 129 384 0.98924
00025.jpg 526 119 73 266 0.98905
00025.jpg 177 38 178 463 0.98867
00025.jpg 521 112 80 272 0.98853
00025.jpg 409 88 132 386 0.98818
00025.jpg 403 93 148 372 0.98762
00025.jpg 527 114 71 272 0.98660
00025.jpg 524 118 72 265 0.98615
00025.jpg 409 97 127 357 0.98605
00025.jpg 406 89 145 378 0.98602
00025.jpg 402 81 142 387 0.98441
00025.jpg 176 50 179 469 0.98333
00025.jpg 359 113 66 229 0.98283
00025.jpg 523 116 77 270 0.98281
00025.jpg 181 45 169 467 0.98199
00025.jpg 182 38 174 471 0.98198
00025.jpg 190 35 161 475 0.98188
00025.jpg 182 36 166 481 0.98188
00025.jpg 355 117 66 210 0.98120
00025.jpg 525 121 72 261 0.98109
00025.jpg 360 123 61 195 0.98099
00025.jpg 521 116 77 263 0.98014
00025.jpg 414 93 130 354 0.97970
00025.jpg 192 50 152 473 0.97908
00025.jpg 361 123 57 185 0.97788
00025.jpg 174 42 169 472 0.97726
00025.jpg 192 53 157 465 0.97695
00025.jpg 358 120 63 212 0.97555
00025.jpg 413 75 134 397 0.97433
00025.jpg 79 77 126 309 0.97431
00025.jpg 526 111 75 278 0.97419
00025.jpg 524 112 72 275 0.97280
00025.jpg 86 83 115 303 0.97265
00025.jpg 360 121 60 186 0.97129
00025.jpg 187 55 158 429 0.97015
00025.jpg 361 119 58 191 0.96978
00025.jpg 413 96 130 363 0.96731
00025.jpg 186 51 157 456 0.96618
00025.jpg 185 41 172 481 0.96612
00025.jpg 189 36 166 489 0.96527
00025.jpg 523 120 76 261 0.96503
00025.jpg 177 30 166 481 0.96436
00025.jpg 361 122 59 201 0.96429
00025.jpg 405 89 133 359 0.96412
00025.jpg 360 114 62 227 0.96349
00025.jpg 413 89 126 381 0.96316
00025.jpg 190 37 161 481 0.96210
00025.jpg 409 88 137 375 0.96193
00025.jpg 409 84 138 375 0.96057
00025.jpg 400 91 139 367 0.96009
00025.jpg 184 43 162 453 0.96005
00025.jpg 360 123 56 188 0.95980
00025.jpg 418 91 130 368 0.95865
00025.jpg 405 93 137 366 0.95769
00025.jpg 182 54 159 454 0.95682
00025.jpg 525 107 71 282 0.95477
00025.jpg 525 114 76 274 0.95378
00025.jpg 412 93 129 374 0.95366
00025.jpg 524 117 76 267 0.95261
00025.jpg 527 97 73 289 0.95256
00025.jpg 196 47 154 462 0.95104
00025.jpg 409 71 138 396 0.95065
00025.jpg 530 120 70 259 0.95062
00025.jpg 80 80 127 320 0.95057
00025.jpg 78 70 128 307 0.94996
00025.jpg 180 46 174 463 0.94967
00025.jpg 351 112 69 211 0.94928
00025.jpg 361 124 55 193 0.94865
00025.jpg 92 88 108 273 0.94864
00025.jpg 416 93 126 365 0.94540
00025.jpg 187 61 161 440 0.94266
00025.jpg 81 86 132 300 0.94254
00025.jpg 408 92 125 372 0.94169
00025.jpg 527 115 71 270 0.94152
00025.jpg 405 89 153 373 0.94109
00025.jpg 355 123 60 211 0.94069
00025.jpg 417 91 130 369 0.94036
00025.jpg 196 48 147 468 0.93997
00025.jpg 359 124 61 223 0.93857
00025.jpg 99 90 105 265 0.93834
00025.jpg 360 119 62 199 0.93810
00025.jpg 363 122 54 186 0.93765
00025.jpg 414 96 124 388 0.93682
00025.jpg 355 117 70 222 0.93500
00025.jpg 67 87 135 323 0.93490
00025.jpg 524 120 76 258 0.93477
00025.jpg 518 116 83 265 0.93241
00025.jpg 85 79 122 319 0.93227
00025.jpg 174 44 182 471 0.93192
00025.jpg 81 95 130 302 0.92829
00025.jpg 414 96 128 368 0.92542
00025.jpg 525 123 76 260 0.92169
00025.jpg 69 83 135 311 0.92025
00025.jpg 360 116 59 207 0.91976
00025.jpg 82 79 124 303 0.91931
00025.jpg 529 114 72 271 0.91845
00025.jpg 357 122 65 204 0.91489
00025.jpg 522 119 73 272 0.91413
00025.jpg 413 99 132 360 0.91406
00025.jpg 85 71 121 308 0.91318
00025.jpg 359 123 57 187 0.91020
00025.jpg 521 111 82 275 0.90942
00025.jpg 407 85 144 381 0.90933
00025.jpg 356 124 61 185 0.90925
00025.jpg 406 109 145 361 0.90887
00025.jpg 75 79 138 317 0.90828
00025.jpg 183 42 164 471 0.90563
00025.jpg 409 84 136 381 0.90479
00025.jpg 407 89 145 373 0.90330
00025.jpg 362 122 62 192 0.90291
00025.jpg 80 88 123 303 0.90196
00025.jpg 358 123 62 184 0.90127
00025.jpg 134 51 218 452 0.89996
00025.jpg 524 124 76 261 0.89907
00025.jpg 74 88 137 302 0.89875
00025.jpg 356 128 63 211 0.89864
00025.jpg 360 127 60 174 0.89829
00025.jpg 100 77 110 287 0.89702
00025.jpg 176 39 160 483 0.89694
00025.jpg 68 87 144 304 0.89614
00025.jpg 96 90 102 281 0.89247
00025.jpg 88 77 123 311 0.89094
00025.jpg 167 62 180 447 0.88958
00025.jpg 95 75 111 304 0.88901
00025.jpg 52 93 164 305 0.88708
00025.jpg 67 85 141 304 0.88574
00025.jpg 360 123 56 201 0.87977
00025.jpg 82 76 131 316 0.87970
00025.jpg 180 57 173 447 0.87845
00025.jpg 411 92 129 374 0.87730
00025.jpg 192 53 148 477 0.87637
00025.jpg 197 54 141 427 0.87582
00025.jpg 357 122 60 201 0.87307
00025.jpg 528 121 67 257 0.87206
00025.jpg 66 89 141 309 0.87170
00025.jpg 414 87 121 374 0.86998
00025.jpg 915 235 43 145 0.86762
00025.jpg 355 110 68 222 0.86480
00025.jpg 198 45 149 460 0.86224
00025.jpg 85 90 117 288 0.85682
00025.jpg 348 123 74 214 0.85590
00025.jpg 364 119 56 202 0.85298
00025.jpg 67 96 139 298 0.84794
00025.jpg 91 72 113 306 0.84715
00025.jpg 76 84 134 309 0.84528
00025.jpg 352 112 67 230 0.84409
00025.jpg 193 49 154 467 0.84152
00025.jpg 184 52 166 425 0.84129
00025.jpg 363 119 56 192 0.84120
00025.jpg 521 119 82 268 0.84082
00025.jpg 362 121 57 190 0.84023
00025.jpg 64 80 141 312 0.83938
00025.jpg 164 39 183 460 0.83870
00025.jpg 357 127 65 209 0.83746
00025.jpg 73 72 141 328 0.83728
00025.jpg 363 123 58 187 0.83282
00025.jpg 409 97 123 362 0.82938
00025.jpg 117 80 82 145 0.82713
00025.jpg 92 87 118 272 0.82708
00025.jpg 361 124 58 182 0.82629
00025.jpg 77 92 130 288 0.82059
00025.jpg 416 91 123 398 0.81875
00025.jpg 918 226 39 146 0.81715
00025.jpg 117 79 76 143 0.81712
00025.jpg 401 91 138 378 0.81678
00025.jpg 353 117 72 216 0.81067
00025.jpg 925 101 33 153 0.81013
00025.jpg 353 114 66 233 0.80769
00025.jpg 402 93 139 372 0.80166
00025.jpg 899 97 52 295 0.79748
00025.jpg 407 95 147 367 0.79722
00025.jpg 112 88 92 252 0.79717
00025.jpg 405 91 135 367 0.79704
00025.jpg 89 80 119 309 0.79548
00025.jpg 359 119 60 199 0.79449
00025.jpg 178 41 156 456 0.79344
00025.jpg 195 54 146 444 0.79237
00025.jpg 898 94 55 305 0.79014
00025.jpg 904 92 51 306 0.78533
00025.jpg 905 85 50 299 0.77853
00025.jpg 920 220 39 164 0.77853
00025.jpg 69 98 136 292 0.77680
00025.jpg 358 126 58 176 0.77233
00025.jpg 198 36 147 463 0.77201
00025.jpg 361 125 58 172 0.77006
00025.jpg 167 35 191 475 0.76968
00025.jpg 903 106 52 282 0.76680
00025.jpg 914 233 45 147 0.76486
00025.jpg 89 78 121 311 0.76473
00025.jpg 353 118 68 225 0.76324
00025.jpg 358 113 69 219 0.75908
00025.jpg 116 79 84 221 0.75780
00025.jpg 75 85 133 293 0.75775
00025.jpg 522 114 76 268 0.75349
00025.jpg 363 125 57 185 0.75247
00025.jpg 361 123 62 181 0.75206
00025.jpg 524 117 77 268 0.75177
00025.jpg 921 252 37 133 0.75086
00025.jpg 77 93 134 297 0.75073
00025.jpg 90 72 114 319 0.74087
00025.jpg 914 257 45 121 0.73797
00025.jpg 81 73 130 322 0.73714
00025.jpg 914 237 43 147 0.73511
00025.jpg 57 93 161 309 0.73293
00025.jpg 357 121 61 175 0.73286
00025.jpg 524 113 72 268 0.73035
00025.jpg 55 81 171 301 0.72390
00025.jpg 60 89 159 322 0.72129
00025.jpg 96 79 104 295 0.71514
00025.jpg 74 93 131 305 0.71094
00025.jpg 65 93 155 277 0.70551
00025.jpg 101 82 101 219 0.70448
00025.jpg 112 90 93 140 0.70429
00025.jpg 363 118 60 175 0.70292
00025.jpg 69 85 138 305 0.70246
00025.jpg 520 119 83 259 0.69568
00025.jpg 363 122 50 171 0.69370
00025.jpg 518 106 84 286 0.69252
00025.jpg 360 123 54 181 0.68892
00025.jpg 900 91 57 312 0.68875
00025.jpg 602 61 83 129 0.68083
00025.jpg 67 84 139 301 0.68014
00025.jpg 64 89 153 301 0.67954
00025.jpg 521 127 76 246 0.67917
00025.jpg 396 92 158 368 0.67829
00025.jpg 911 183 46 200 0.67720
00025.jpg 200 46 143 444 0.67494
00025.jpg 177 37 176 494 0.67135
00025.jpg 396 97 157 364 0.66918
00025.jpg 69 91 133 294 0.66498
00025.jpg 203 61 140 442 0.66081
00025.jpg 525 120 75 259 0.65876
00025.jpg 96 88 111 264 0.65272
00025.jpg 115 80 88 138 0.65064
00025.jpg 512 106 99 292 0.64869
00025.jpg 71 95 145 281 0.64773
00025.jpg 163 60 172 446 0.64668
00025.jpg 350 122 68 212 0.64630
00025.jpg 360 112 59 227 0.64252
00025.jpg 410 103 126 338 0.64120
00025.jpg 524 116 73 260 0.63983
00025.jpg 596 60 92 108 0.63791
00025.jpg 358 120 58 194 0.63245
00025.jpg 362 116 57 218 0.62945
00025.jpg 902 86 53 305 0.62886
00025.jpg 111 82 90 129 0.62657
00025.jpg 363 126 57 167 0.62520
00025.jpg 180 31 179 479 0.62504
00025.jpg 53 108 164 277 0.62400
00025.jpg 112 77 94 275 0.62170
00025.jpg 603 59 79 112 0.62021
00025.jpg 119 77 83 173 0.61923
00025.jpg 50 108 159 302 0.61652
00025.jpg 917 196 37 190 0.61596
00025.jpg 150 45 187 466 0.61554
00025.jpg 355 126 61 180 0.61179
00025.jpg 356 124 65 196 0.61101
00025.jpg 65 98 134 294 0.60773
00025.jpg 902 108 52 285 0.60640
00025.jpg 913 83 41 302 0.60102
00025.jpg 927 89 31 157 0.60017
00025.jpg 110 83 98 220 0.59832
00025.jpg 403 103 148 355 0.59819
00025.jpg 111 85 89 153 0.59599
00025.jpg 72 67 163 359 0.59265
00025.jpg 350 116 63 216 0.59219
00025.jpg 901 90 49 283 0.58984
00025.jpg 99 75 109 314 0.58972
00025.jpg 351 115 77 232 0.58696
00025.jpg 117 79 85 152 0.57776
00025.jpg 915 168 38 223 0.57410
00025.jpg 520 109 76 288 0.57248
00025.jpg 415 95 120 358 0.57164
00025.jpg 892 91 65 297 0.56927
00025.jpg 526 122 77 250 0.56687
00025.jpg 107 86 100 255 0.56456
00025.jpg 96 83 116 318 0.56448
00025.jpg 113 73 81 150 0.56305
00025.jpg 137 42 229 485 0.56266
00025.jpg 124 78 73 156 0.56012
00025.jpg 87 97 117 268 0.55835
00025.jpg 116 71 83 148 0.55650
00025.jpg 121 79 73 145 0.54705
00025.jpg 96 82 118 317 0.54700
00025.jpg 352 120 77 189 0.54675
00025.jpg 199 50 138 463 0.54648
00025.jpg 104 80 98 226 0.54575
00025.jpg 364 123 55 179 0.54435
00025.jpg 351 118 66 226 0.53591
00025.jpg 531 126 64 244 0.53436
00025.jpg 917 156 40 237 0.53066
00025.jpg 123 80 73 140 0.52845
00025.jpg 362 121 53 189 0.52815
00025.jpg 418 110 121 345 0.52704
00025.jpg 120 76 32 62 0.52391
00025.jpg 604 58 85 130 0.52322
00025.jpg 397 87 139 371 0.52141
00025.jpg 517 116 83 255 0.52136
00025.jpg 195 58 163 453 0.52089
00025.jpg 125 80 71 156 0.51967
00025.jpg 120 78 74 136 0.51956
00025.jpg 66 119 143 245 0.51855
00025.jpg 127 75 70 147 0.51528
00025.jpg 158 57 193 447 0.51246
00025.jpg 109 82 99 295 0.50536
00025.jpg 118 77 76 154 0.50108
