00031.jpg 515 113 83 272 0.99796
00031.jpg 383 75 147 396 0.99776
00031.jpg 512 102 93 272 0.99774
00031.jpg 326 96 104 203 0.99738
00031.jpg 330 98 95 195 0.99701
00031.jpg 327 99 97 194 0.99701
00031.jpg 103 47 204 461 0.99684
00031.jpg 99 46 208 466 0.99677
00031.jpg 514 100 90 279 0.99631
00031.jpg 92 36 228 490 0.99584
00031.jpg 390 77 130 374 0.99571
00031.jpg 387 73 138 383 0.99565
00031.jpg 59 38 135 332 0.99513
00031.jpg 91 52 220 471 0.99506
00031.jpg 390 78 133 382 0.99460
00031.jpg 383 85 140 369 0.99459
00031.jpg 510 108 97 266 0.99438
00031.jpg 82 63 243 444 0.99431
00031.jpg 391 79 135 378 0.99373
00031.jpg 102 49 225 477 0.99317
00031.jpg 512 106 92 267 0.99211
00031.jpg 403 81 129 387 0.99161
00031.jpg 388 84 137 372 0.99083
00031.jpg 97 46 222 469 0.99072
00031.jpg 100 32 222 494 0.99048
00031.jpg 384 84 137 371 0.99018
00031.jpg 510 108 95 268 0.98986
00031.jpg 397 80 122 379 0.98968
00031.jpg 508 100 102 279 0.98889
00031.jpg 104 56 219 461 0.98826
00031.jpg 329 99 93 189 0.98805
00031.jpg 909 86 50 242 0.98772
00031.jpg 509 100 94 284 0.98748
00031.jpg 323 99 104 195 0.98662
00031.jpg 514 101 91 283 0.98648
00031.jpg 390 79 134 375 0.98633
00031.jpg 510 109 89 262 0.98626
00031.jpg 97 56 222 440 0.98494
00031.jpg 326 97 94 194 0.98420
00031.jpg 328 105 95 187 0.98385
00031.jpg 70 38 124 346 0.98325
00031.jpg 101 46 216 476 0.98311
00031.jpg 395 71 131 387 0.98229
00031.jpg 389 83 143 370 0.98209
00031.jpg 62 30 132 339 0.98182
00031.jpg 393 65 129 400 0.98167
00031.jpg 513 102 94 272 0.98116
00031.jpg 390 68 134 393 0.97980
00031.jpg 106 46 212 471 0.97970
00031.jpg 100 61 216 437 0.97954
00031.jpg 512 104 93 280 0.97932
00031.jpg 106 45 198 469 0.97904
00031.jpg 520 97 82 287 0.97818
00031.jpg 107 57 208 463 0.97800
00031.jpg 111 53 205 475 0.97714
00031.jpg 329 97 87 197 0.97712
00031.jpg 512 100 92 278 0.97674
00031.jpg 398 82 129 387 0.97672
00031.jpg 513 100 92 277 0.97639
00031.jpg 513 97 90 279 0.97603
00031.jpg 510 100 98 280 0.97559
00031.jpg 511 103 96 280 0.97511
00031.jpg 61 34 149 371 0.97504
00031.jpg 512 105 91 277 0.97475
00031.jpg 325 101 100 186 0.97385
00031.jpg 519 108 86 265 0.97340
00031.jpg 509 107 92 273 0.97311
00031.jpg 87 45 186 454 0.97301
00031.jpg 333 100 93 189 0.97272
00031.jpg 64 38 132 335 0.97262
00031.jpg 911 89 46 243 0.97238
00031.jpg 509 97 92 282 0.97180
00031.jpg 390 79 138 383 0.97130
00031.jpg 332 100 86 198 0.97075
00031.jpg 395 71 116 390 0.97058
00031.jpg 326 98 91 196 0.96882
00031.jpg 395 79 122 385 0.96840
00031.jpg 332 102 92 191 0.96795
00031.jpg 325 101 104 198 0.96793
00031.jpg 112 50 193 454 0.96760
00031.jpg 91 62 240 463 0.96726
00031.jpg 324 100 105 192 0.96656
00031.jpg 328 103 97 198 0.96618
00031.jpg 103 44 211 473 0.96562
00031.jpg 62 30 133 359 0.96548
00031.jpg 511 104 90 280 0.96503
00031.jpg 328 90 96 205 0.96501
00031.jpg 65 28 195 460 0.96488
00031.jpg 326 101 94 197 0.96422
00031.jpg 514 108 92 260 0.96348
00031.jpg 124 48 192 465 0.96313
00031.jpg 325 93 98 207 0.96268
00031.jpg 323 98 107 199 0.96153
00031.jpg 907 98 52 232 0.96026
00031.jpg 396 74 124 414 0.95988
00031.jpg 322 103 104 193 0.95937
00031.jpg 910 94 46 226 0.95931
00031.jpg 328 95 99 196 0.95743
00031.jpg 119 61 200 445 0.95729
00031.jpg 512 103 92 277 0.95672
00031.jpg 905 100 54 225 0.95523
00031.jpg 60 51 137 320 0.95513
00031.jpg 394 80 131 386 0.95321
00031.jpg 516 111 85 261 0.95208
00031.jpg 511 99 92 284 0.95201
00031.jpg 321 102 109 194 0.94997
00031.jpg 398 77 125 382 0.94948
00031.jpg 333 104 90 189 0.94722
00031.jpg 396 77 129 391 0.94707
00031.jpg 385 83 138 378 0.94537
00031.jpg 392 74 133 392 0.94509
00031.jpg 322 97 106 192 0.94476
00031.jpg 74 50 142 352 0.94471
00031.jpg 103 58 216 454 0.94464
00031.jpg 332 95 88 194 0.94354
00031.jpg 323 100 100 196 0.94321
00031.jpg 328 103 95 184 0.94251
00031.jpg 512 109 90 268 0.93993
00031.jpg 321 102 105 184 0.93957
00031.jpg 328 103 97 186 0.93926
00031.jpg 133 50 187 460 0.93683
00031.jpg 60 33 132 350 0.93654
00031.jpg 901 90 56 245 0.93442
00031.jpg 59 34 142 321 0.93373
00031.jpg 394 77 131 386 0.93367
00031.jpg 72 40 268 483 0.93235
00031.jpg 385 79 143 389 0.93097
00031.jpg 393 77 132 384 0.93091
00031.jpg 508 102 96 274 0.93083
00031.jpg 516 94 90 282 0.92976
00031.jpg 333 98 92 189 0.92859
00031.jpg 327 97 95 196 0.92567
00031.jpg 391 75 132 383 0.92438
00031.jpg 903 94 53 234 0.92318
00031.jpg 62 39 146 321 0.92209
00031.jpg 97 63 210 456 0.92084
00031.jpg 330 95 96 203 0.92032
00031.jpg 898 101 60 233 0.91964
00031.jpg 906 107 53 217 0.91741
00031.jpg 62 37 148 351 0.91715
00031.jpg 515 104 82 279 0.91713
00031.jpg 514 100 88 281 0.91608
00031.jpg 68 31 248 495 0.91341
00031.jpg 391 80 138 375 0.91148
00031.jpg 894 90 65 242 0.91123
00031.jpg 59 44 139 313 0.91030
00031.jpg 60 33 148 345 0.90939
00031.jpg 893 100 61 229 0.90908
00031.jpg 325 95 101 196 0.90521
00031.jpg 510 101 91 284 0.90386
00031.jpg 388 68 140 397 0.90097
00031.jpg 899 93 58 247 0.90087
00031.jpg 905 106 54 224 0.89766
00031.jpg 327 102 100 191 0.89723
00031.jpg 396 73 133 402 0.89633
00031.jpg 61 56 138 305 0.89616
00031.jpg 87 49 230 467 0.89436
00031.jpg 83 48 176 452 0.89364
00031.jpg 326 100 100 191 0.88978
00031.jpg 392 80 136 368 0.88903
00031.jpg 323 100 92 192 0.88683
00031.jpg 511 103 88 267 0.88357
00031.jpg 58 53 149 303 0.88259
00031.jpg 906 99 51 224 0.88111
00031.jpg 63 43 144 328 0.87945
00031.jpg 93 55 226 463 0.87623
00031.jpg 903 96 56 233 0.87334
00031.jpg 57 40 144 354 0.87172
00031.jpg 124 45 200 484 0.87018
00031.jpg 903 99 51 240 0.86957
00031.jpg 60 46 135 308 0.86615
00031.jpg 907 107 51 221 0.86579
00031.jpg 908 97 45 229 0.86571
00031.jpg 383 73 143 363 0.86468
00031.jpg 515 94 85 287 0.86461
00031.jpg 906 96 53 230 0.86016
00031.jpg 332 93 93 194 0.85925
00031.jpg 59 45 144 315 0.85829
00031.jpg 905 95 49 238 0.85191
00031.jpg 55 57 167 318 0.85137
00031.jpg 67 46 119 304 0.85129
00031.jpg 511 97 87 281 0.84882
00031.jpg 906 91 53 233 0.83875
00031.jpg 509 102 95 282 0.83867
00031.jpg 912 94 45 229 0.83729
00031.jpg 67 38 267 489 0.83456
00031.jpg 394 80 139 384 0.82720
00031.jpg 58 38 155 399 0.82479
00031.jpg 902 105 57 230 0.82364
00031.jpg 897 90 60 242 0.82145
00031.jpg 64 43 140 327 0.82079
00031.jpg 75 41 205 474 0.82049
00031.jpg 65 46 120 304 0.81194
00031.jpg 387 79 134 371 0.80858
00031.jpg 107 37 209 478 0.80791
00031.jpg 63 44 138 319 0.80780
00031.jpg 901 97 58 233 0.80714
00031.jpg 904 94 49 240 0.80537
00031.jpg 321 99 104 200 0.80343
00031.jpg 110 66 186 440 0.80251
00031.jpg 909 93 50 240 0.80219
00031.jpg 58 48 133 305 0.80138
00031.jpg 67 53 135 301 0.79628
00031.jpg 908 96 44 231 0.79407
00031.jpg 56 56 274 426 0.79088
00031.jpg 48 30 172 397 0.78974
00031.jpg 901 106 56 225 0.78802
00031.jpg 514 109 82 267 0.78755
00031.jpg 76 51 126 309 0.78636
00031.jpg 56 62 148 300 0.78336
00031.jpg 324 87 103 205 0.77952
00031.jpg 63 45 138 309 0.77719
00031.jpg 508 107 98 265 0.77310
00031.jpg 907 110 49 223 0.77251
00031.jpg 388 76 143 388 0.77242
00031.jpg 120 59 203 456 0.76900
00031.jpg 136 47 173 464 0.76759
00031.jpg 58 44 139 320 0.76559
00031.jpg 897 93 61 243 0.76290
00031.jpg 68 54 138 312 0.76274
00031.jpg 511 110 86 269 0.75796
00031.jpg 60 49 137 309 0.75481
00031.jpg 405 83 134 372 0.75316
00031.jpg 62 68 138 289 0.75221
00031.jpg 319 99 98 182 0.75179
00031.jpg 69 48 130 313 0.74921
00031.jpg 71 28 136 383 0.74905
00031.jpg 59 51 250 464 0.74627
00031.jpg 910 97 46 230 0.74206
00031.jpg 57 39 145 315 0.74026
00031.jpg 327 99 92 193 0.73697
00031.jpg 336 102 79 187 0.73567
00031.jpg 78 39 237 494 0.73462
00031.jpg 331 109 95 188 0.73039
00031.jpg 320 92 105 200 0.72643
00031.jpg 68 51 144 315 0.72538
00031.jpg 330 99 91 198 0.72527
00031.jpg 327 97 91 200 0.72383
00031.jpg 64 46 139 307 0.72086
00031.jpg 330 105 97 199 0.71497
00031.jpg 325 99 88 192 0.71285
00031.jpg 319 99 107 193 0.71144
00031.jpg 50 38 154 331 0.70990
00031.jpg 498 97 111 278 0.70790
00031.jpg 115 55 213 454 0.70574
00031.jpg 515 104 83 270 0.70244
00031.jpg 50 57 152 285 0.69960
00031.jpg 524 106 77 268 0.69897
00031.jpg 332 103 89 183 0.69852
00031.jpg 66 61 130 292 0.69567
00031.jpg 63 35 246 467 0.69508
00031.jpg 326 110 90 188 0.69137
00031.jpg 64 45 233 407 0.68917
00031.jpg 66 54 141 319 0.68763
00031.jpg 72 59 252 470 0.68652
00031.jpg 64 43 139 319 0.68408
00031.jpg 910 115 47 217 0.67775
00031.jpg 330 96 99 197 0.67595
00031.jpg 70 66 131 286 0.67464
00031.jpg 909 98 44 230 0.67453
00031.jpg 333 90 95 202 0.67147
00031.jpg 910 104 48 226 0.66877
00031.jpg 51 46 167 353 0.66655
00031.jpg 116 70 219 442 0.66623
00031.jpg 899 108 56 231 0.66440
00031.jpg 906 94 52 246 0.66231
00031.jpg 48 50 157 296 0.66002
00031.jpg 126 55 174 457 0.65549
00031.jpg 111 66 194 431 0.65375
00031.jpg 61 52 146 302 0.65228
00031.jpg 394 78 131 383 0.64500
00031.jpg 322 105 102 179 0.64296
00031.jpg 915 96 44 229 0.63385
00031.jpg 396 77 127 374 0.63337
00031.jpg 60 43 129 309 0.63135
00031.jpg 512 88 89 306 0.62513
00031.jpg 59 50 145 300 0.62393
00031.jpg 61 64 138 286 0.62345
00031.jpg 115 47 207 473 0.62003
00031.jpg 506 101 99 277 0.61980
00031.jpg 61 78 146 268 0.61809
00031.jpg 902 93 53 222 0.61548
00031.jpg 408 89 139 372 0.61477
00031.jpg 907 100 50 217 0.61116
00031.jpg 510 104 85 272 0.61014
00031.jpg 97 46 225 459 0.60321
00031.jpg 901 96 57 242 0.59807
00031.jpg 910 86 48 235 0.59765
00031.jpg 59 48 130 306 0.59584
00031.jpg 333 98 84 191 0.59346
00031.jpg 510 102 96 261 0.59133
00031.jpg 57 22 155 468 0.58757
00031.jpg 64 52 141 305 0.58550
00031.jpg 47 43 190 442 0.58495
00031.jpg 48 66 269 428 0.58291
00031.jpg 59 46 136 316 0.58152
00031.jpg 597 56 95 125 0.58041
00031.jpg 511 114 93 257 0.57923
00031.jpg 105 49 213 469 0.55986
00031.jpg 913 94 42 165 0.55778
00031.jpg 63 37 188 476 0.55632
00031.jpg 132 50 180 455 0.55624
00031.jpg 65 45 135 317 0.54792
00031.jpg 334 92 98 200 0.54590
00031.jpg 71 61 135 290 0.54478
00031.jpg 505 102 100 279 0.54089
00031.jpg 393 86 131 374 0.53437
00031.jpg 506 96 92 278 0.53355
00031.jpg 64 49 147 300 0.53243
00031.jpg 320 98 98 196 0.53103
00031.jpg 321 105 107 202 0.52829
00031.jpg 50 52 136 295 0.52816
00031.jpg 71 29 225 381 0.50947
00031.jpg 390 84 141 369 0.50385
