00033.jpg 333 102 91 196 0.99827
00033.jpg 388 84 140 366 0.99780
00033.jpg 507 104 108 273 0.99761
00033.jpg 509 111 102 257 0.99727
00033.jpg 82 53 231 463 0.99712
00033.jpg 388 91 134 365 0.99706
00033.jpg 384 86 144 384 0.99693
00033.jpg 379 102 154 353 0.99668
00033.jpg 329 105 95 191 0.99624
00033.jpg 381 96 144 345 0.99609
00033.jpg 388 79 137 379 0.99597
00033.jpg 72 49 247 475 0.99470
00033.jpg 510 106 99 277 0.99415
00033.jpg 388 89 139 363 0.99407
00033.jpg 90 46 235 470 0.99400
00033.jpg 513 114 96 266 0.99285
00033.jpg 84 48 218 479 0.99282
00033.jpg 500 100 108 284 0.99278
00033.jpg 87 42 222 466 0.99261
00033.jpg 329 104 92 196 0.99194
00033.jpg 382 86 143 356 0.99180
00033.jpg 513 104 99 281 0.99112
00033.jpg 512 113 93 267 0.99091
00033.jpg 505 108 103 273 0.99082
00033.jpg 512 104 98 278 0.99043
00033.jpg 386 85 128 371 0.98998
00033.jpg 380 95 153 353 0.98964
00033.jpg 511 110 96 273 0.98945
00033.jpg 513 110 94 270 0.98884
00033.jpg 329 102 90 191 0.98867
00033.jpg 508 106 92 285 0.98846
00033.jpg 85 56 230 469 0.98840
00033.jpg 507 111 105 271 0.98685
00033.jpg 39 56 159 316 0.98591
00033.jpg 387 91 139 364 0.98577
00033.jpg 381 91 153 376 0.98564
00033.jpg 380 90 147 359 0.98526
00033.jpg 333 98 92 198 0.98501
00033.jpg 505 108 106 276 0.98464
00033.jpg 383 89 151 366 0.98446
00033.jpg 516 102 88 282 0.98373
00033.jpg 78 46 239 475 0.98346
00033.jpg 506 116 102 261 0.98180
00033.jpg 504 108 108 275 0.98174
00033.jpg 379 81 139 374 0.98081
00033.jpg 331 92 96 204 0.98058
00033.jpg 509 109 99 270 0.97985
00033.jpg 906 95 52 240 0.97916
00033.jpg 508 114 103 262 0.97839
00033.jpg 329 104 95 193 0.97813
00033.jpg 327 100 102 198 0.97800
00033.jpg 511 108 94 270 0.97767
00033.jpg 508 109 96 279 0.97745
00033.jpg 337 101 90 198 0.97724
00033.jpg 389 89 135 373 0.97663
00033.jpg 333 98 92 200 0.97644
00033.jpg 512 106 93 274 0.97643
00033.jpg 337 102 86 196 0.97632
00033.jpg 510 104 93 279 0.97612
00033.jpg 74 43 248 478 0.97603
00033.jpg 907 96 50 245 0.97501
00033.jpg 329 93 95 205 0.97401
00033.jpg 506 104 102 280 0.97392
00033.jpg 70 37 252 496 0.97387
00033.jpg 86 45 207 463 0.97296
00033.jpg 89 49 219 483 0.97239
00033.jpg 509 112 102 267 0.97236
00033.jpg 88 51 230 460 0.97227
00033.jpg 52 51 270 460 0.97135
00033.jpg 49 53 152 317 0.97068
00033.jpg 384 89 143 364 0.96977
00033.jpg 334 105 87 187 0.96929
00033.jpg 71 42 219 459 0.96801
00033.jpg 329 101 95 194 0.96799
00033.jpg 395 86 130 369 0.96736
00033.jpg 98 49 223 469 0.96736
00033.jpg 383 92 142 352 0.96719
00033.jpg 337 101 84 195 0.96595
00033.jpg 905 86 52 257 0.96590
00033.jpg 381 89 155 366 0.96565
00033.jpg 899 94 60 250 0.96523
00033.jpg 510 104 95 278 0.96459
00033.jpg 329 99 98 193 0.96447
00033.jpg 906 93 53 255 0.96437
00033.jpg 95 53 218 449 0.96330
00033.jpg 387 89 137 383 0.96186
00033.jpg 334 97 89 204 0.96087
00033.jpg 379 70 151 392 0.96036
00033.jpg 387 91 143 368 0.95988
00033.jpg 333 98 91 197 0.95882
00033.jpg 385 87 137 394 0.95753
00033.jpg 332 97 87 204 0.95719
00033.jpg 75 53 159 389 0.95717
00033.jpg 391 92 138 367 0.95685
00033.jpg 385 89 142 372 0.95637
00033.jpg 330 92 97 207 0.95614
00033.jpg 510 104 99 278 0.95588
00033.jpg 331 97 91 198 0.95492
00033.jpg 81 57 229 431 0.95427
00033.jpg 334 102 93 191 0.95267
00033.jpg 333 105 92 189 0.95252
00033.jpg 68 49 248 465 0.95251
00033.jpg 905 96 54 230 0.95149
00033.jpg 513 102 96 284 0.95120
00033.jpg 83 55 241 467 0.95014
00033.jpg 906 98 52 233 0.95005
00033.jpg 332 101 90 198 0.94943
00033.jpg 76 50 187 428 0.94910
00033.jpg 904 95 55 241 0.94712
00033.jpg 333 97 89 204 0.94464
00033.jpg 378 93 153 361 0.94435
00033.jpg 510 115 99 261 0.94426
00033.jpg 901 92 57 249 0.94398
00033.jpg 332 98 94 197 0.94324
00033.jpg 506 106 106 276 0.93949
00033.jpg 65 59 245 452 0.93948
00033.jpg 329 98 97 193 0.93920
00033.jpg 63 70 136 297 0.93773
00033.jpg 907 90 52 238 0.93700
00033.jpg 88 57 241 457 0.93667
00033.jpg 329 93 95 202 0.93529
00033.jpg 336 100 86 194 0.93464
00033.jpg 338 99 79 200 0.93451
00033.jpg 373 87 150 369 0.93437
00033.jpg 78 48 251 478 0.93143
00033.jpg 392 93 142 365 0.92930
00033.jpg 904 92 55 249 0.92768
00033.jpg 386 94 144 364 0.92693
00033.jpg 383 92 146 361 0.92656
00033.jpg 336 98 86 200 0.92645
00033.jpg 896 100 63 248 0.92638
00033.jpg 896 100 62 246 0.92563
00033.jpg 86 48 231 461 0.92260
00033.jpg 388 86 134 373 0.92209
00033.jpg 43 52 160 338 0.92088
00033.jpg 77 45 244 481 0.92062
00033.jpg 511 98 97 290 0.91936
00033.jpg 903 88 56 245 0.91415
00033.jpg 906 87 49 254 0.91264
00033.jpg 67 54 132 324 0.91009
00033.jpg 328 92 100 210 0.90962
00033.jpg 903 96 56 238 0.90915
00033.jpg 898 103 59 243 0.90710
00033.jpg 904 89 50 254 0.90483
00033.jpg 71 41 235 478 0.90193
00033.jpg 389 89 141 387 0.89976
00033.jpg 908 91 49 245 0.89976
00033.jpg 894 104 64 241 0.89925
00033.jpg 900 101 59 244 0.89865
00033.jpg 65 61 131 330 0.89757
00033.jpg 65 68 132 316 0.89459
00033.jpg 334 94 95 206 0.89438
00033.jpg 327 97 99 200 0.89338
00033.jpg 898 103 58 240 0.89120
00033.jpg 101 63 195 435 0.89104
00033.jpg 374 84 143 373 0.89100
00033.jpg 98 42 214 483 0.89091
00033.jpg 57 66 140 317 0.88923
00033.jpg 511 105 97 275 0.88870
00033.jpg 510 107 100 273 0.88803
00033.jpg 390 91 141 378 0.88706
00033.jpg 88 22 228 506 0.88693
00033.jpg 333 102 84 194 0.88633
00033.jpg 106 46 200 466 0.88453
00033.jpg 65 49 198 436 0.87240
00033.jpg 899 96 58 251 0.87086
00033.jpg 377 69 160 398 0.87078
00033.jpg 96 53 222 450 0.86923
00033.jpg 48 43 270 457 0.86853
00033.jpg 503 100 107 292 0.86779
00033.jpg 897 95 61 246 0.86672
00033.jpg 502 96 106 294 0.86618
00033.jpg 510 106 95 267 0.86589
00033.jpg 895 98 64 248 0.86568
00033.jpg 387 86 140 375 0.86441
00033.jpg 63 60 242 429 0.86238
00033.jpg 49 58 143 310 0.86221
00033.jpg 895 99 63 249 0.86157
00033.jpg 509 99 99 281 0.85906
00033.jpg 903 99 53 243 0.85657
00033.jpg 388 93 138 365 0.85032
00033.jpg 377 79 161 386 0.84915
00033.jpg 910 84 48 255 0.84770
00033.jpg 391 101 139 355 0.84722
00033.jpg 328 98 85 194 0.84442
00033.jpg 326 103 102 188 0.84366
00033.jpg 328 97 97 201 0.84142
00033.jpg 377 87 153 372 0.84078
00033.jpg 30 28 214 392 0.84004
00033.jpg 58 52 137 307 0.83321
00033.jpg 103 53 199 470 0.83087
00033.jpg 61 91 130 266 0.82995
00033.jpg 59 70 136 300 0.82944
00033.jpg 378 99 162 362 0.82921
00033.jpg 909 96 49 216 0.82476
00033.jpg 53 66 141 313 0.82111
00033.jpg 83 41 233 476 0.82071
00033.jpg 56 59 262 464 0.81852
00033.jpg 506 104 94 274 0.81747
00033.jpg 80 42 240 481 0.81431
00033.jpg 507 110 96 268 0.80834
00033.jpg 338 105 85 178 0.80522
00033.jpg 94 51 211 464 0.80480
00033.jpg 60 64 129 306 0.80460
00033.jpg 518 109 92 273 0.79962
00033.jpg 906 106 53 232 0.79913
00033.jpg 896 102 59 244 0.79651
00033.jpg 332 99 81 189 0.79234
00033.jpg 85 53 198 444 0.78640
00033.jpg 386 85 150 377 0.78401
00033.jpg 334 104 95 180 0.78030
00033.jpg 338 105 81 184 0.77011
00033.jpg 57 57 161 380 0.76931
00033.jpg 898 96 59 252 0.76518
00033.jpg 54 52 147 322 0.75797
00033.jpg 35 51 180 381 0.75484
00033.jpg 913 91 44 211 0.75428
00033.jpg 896 101 58 239 0.75398
00033.jpg 66 67 207 364 0.75220
00033.jpg 60 58 138 312 0.75155
00033.jpg 898 95 59 257 0.74398
00033.jpg 77 47 150 354 0.74122
00033.jpg 43 66 166 302 0.73868
00033.jpg 335 106 85 189 0.73664
00033.jpg 328 108 105 195 0.73331
00033.jpg 94 48 232 458 0.72558
00033.jpg 48 59 207 406 0.72472
00033.jpg 367 87 174 378 0.72440
00033.jpg 54 106 136 260 0.72178
00033.jpg 57 94 138 265 0.71963
00033.jpg 387 77 144 384 0.71512
00033.jpg 68 65 131 302 0.71502
00033.jpg 400 87 129 379 0.71020
00033.jpg 904 95 53 199 0.70781
00033.jpg 325 103 106 199 0.70781
00033.jpg 329 99 90 194 0.70711
00033.jpg 57 132 134 230 0.70098
00033.jpg 42 56 154 317 0.69667
00033.jpg 47 60 150 318 0.69524
00033.jpg 893 100 66 244 0.69098
00033.jpg 50 78 151 291 0.68846
00033.jpg 508 103 93 282 0.68799
00033.jpg 507 110 108 268 0.68617
00033.jpg 38 90 157 264 0.68435
00033.jpg 66 75 132 306 0.67860
00033.jpg 904 92 46 257 0.67114
00033.jpg 50 31 190 467 0.67019
00033.jpg 66 67 131 304 0.66348
00033.jpg 331 103 96 200 0.66329
00033.jpg 59 98 132 279 0.66317
00033.jpg 67 71 127 310 0.66232
00033.jpg 911 93 42 190 0.65919
00033.jpg 367 92 171 342 0.65885
00033.jpg 498 111 101 266 0.64776
00033.jpg 54 87 137 284 0.64353
00033.jpg 904 110 52 231 0.63747
00033.jpg 56 68 139 312 0.63597
00033.jpg 502 107 108 259 0.62803
00033.jpg 329 103 91 185 0.62785
00033.jpg 331 86 100 213 0.62562
00033.jpg 51 62 147 338 0.61959
00033.jpg 902 99 49 228 0.61955
00033.jpg 51 93 142 281 0.61929
00033.jpg 330 102 97 196 0.61912
00033.jpg 507 104 97 282 0.61907
00033.jpg 903 100 53 209 0.61536
00033.jpg 50 55 143 311 0.61444
00033.jpg 909 97 44 200 0.61332
00033.jpg 335 102 99 205 0.60123
00033.jpg 323 92 109 198 0.59507
00033.jpg 67 92 129 268 0.59231
00033.jpg 48 34 280 477 0.59074
00033.jpg 327 100 103 190 0.58501
00033.jpg 59 59 138 315 0.58097
00033.jpg 68 90 124 275 0.57934
00033.jpg 504 100 93 278 0.57826
00033.jpg 107 49 203 458 0.57527
00033.jpg 912 98 43 201 0.57006
00033.jpg 59 57 174 383 0.56814
00033.jpg 52 67 148 305 0.56751
00033.jpg 53 108 144 242 0.56673
00033.jpg 506 110 93 274 0.56647
00033.jpg 510 103 100 278 0.56199
00033.jpg 51 103 134 258 0.55879
00033.jpg 901 92 50 247 0.55699
00033.jpg 374 87 156 365 0.55158
00033.jpg 384 68 143 406 0.55004
00033.jpg 512 112 95 264 0.54571
00033.jpg 514 111 100 264 0.53814
00033.jpg 67 62 125 316 0.53665
00033.jpg 55 67 128 303 0.53072
00033.jpg 500 104 103 284 0.53038
00033.jpg 54 125 143 231 0.52601
00033.jpg 46 99 147 259 0.52590
00033.jpg 392 86 148 368 0.52499
00033.jpg 38 56 195 322 0.51122
00033.jpg 59 99 139 260 0.51078
00033.jpg 319 106 114 191 0.50768
00033.jpg 340 97 81 190 0.50744
00033.jpg 114 43 192 467 0.50732
00033.jpg 502 99 106 288 0.50349
00033.jpg 521 109 97 270 0.50192
00033.jpg 34 50 260 384 0.49998
