00008.jpg 30 1 398 509 0.99964
00008.jpg 521 167 157 197 0.99961
00008.jpg 14 3 397 535 0.99950
00008.jpg 29 8 359 499 0.99948
00008.jpg 529 175 151 192 0.99947
00008.jpg 516 165 163 193 0.99929
00008.jpg 522 167 156 197 0.99915
00008.jpg 519 171 161 191 0.99907
00008.jpg 32 8 353 523 0.99903
00008.jpg 517 171 168 187 0.99883
00008.jpg 518 170 168 191 0.99833
00008.jpg 525 170 152 192 0.99814
00008.jpg 19 8 396 509 0.99804
00008.jpg 33 4 367 523 0.99759
00008.jpg 10 5 424 524 0.99749
00008.jpg 521 168 160 186 0.99717
00008.jpg 520 166 164 198 0.99713
00008.jpg 520 174 165 181 0.99707
00008.jpg 518 171 163 184 0.99698
00008.jpg 523 162 159 199 0.99619
00008.jpg 53 5 358 515 0.99606
00008.jpg 519 163 158 200 0.99601
00008.jpg 8 2 405 527 0.99569
00008.jpg 522 169 159 190 0.99566
00008.jpg 527 169 152 187 0.99559
00008.jpg 519 173 162 182 0.99556
00008.jpg 10 6 401 505 0.99452
00008.jpg 512 167 171 193 0.99383
00008.jpg 519 167 157 198 0.99367
00008.jpg 522 172 160 186 0.99351
00008.jpg 10 0 409 526 0.99287
00008.jpg 20 0 392 521 0.99282
00008.jpg 521 172 164 190 0.99182
00008.jpg 517 170 168 194 0.99130
00008.jpg 521 177 160 186 0.99022
00008.jpg 521 168 156 195 0.98816
00008.jpg 11 6 404 508 0.98800
00008.jpg 521 163 160 195 0.98786
00008.jpg 521 169 154 201 0.98781
00008.jpg 518 169 165 195 0.98769
00008.jpg 12 0 402 515 0.98707
00008.jpg 34 4 373 526 0.98689
00008.jpg 520 167 160 202 0.98649
00008.jpg 522 168 157 201 0.98635
00008.jpg 14 6 413 515 0.98572
00008.jpg 12 0 414 527 0.98525
00008.jpg 515 172 168 183 0.98411
00008.jpg 522 170 155 192 0.98405
00008.jpg 519 170 162 187 0.98364
00008.jpg 20 0 398 527 0.98320
00008.jpg 13 0 390 524 0.98294
00008.jpg 520 167 154 195 0.98220
00008.jpg 519 168 167 192 0.98106
00008.jpg 521 169 159 189 0.98094
00008.jpg 516 175 165 177 0.98052
00008.jpg 521 173 157 186 0.98031
00008.jpg 521 173 156 189 0.97902
00008.jpg 524 168 162 185 0.97876
00008.jpg 47 0 355 535 0.97840
00008.jpg 516 167 172 191 0.97653
00008.jpg 9 2 399 524 0.97446
00008.jpg 297 166 116 171 0.97424
00008.jpg 6 6 421 528 0.97308
00008.jpg 297 168 105 170 0.97157
00008.jpg 298 166 109 171 0.96955
00008.jpg 12 0 391 527 0.96754
00008.jpg 508 162 181 198 0.96564
00008.jpg 516 166 165 202 0.96553
00008.jpg 522 169 149 195 0.96527
00008.jpg 517 176 168 189 0.96158
00008.jpg 517 174 180 181 0.96042
00008.jpg 301 172 106 165 0.95934
00008.jpg 511 159 177 201 0.95656
00008.jpg 516 165 166 200 0.95549
00008.jpg 13 11 404 503 0.95543
00008.jpg 22 0 381 535 0.95460
00008.jpg 304 168 95 166 0.95410
00008.jpg 520 168 173 194 0.95403
00008.jpg 298 171 109 157 0.95383
00008.jpg 298 169 114 167 0.95354
00008.jpg 514 174 168 184 0.95184
00008.jpg 298 168 107 170 0.94697
00008.jpg 296 170 111 162 0.94648
00008.jpg 294 169 116 164 0.94251
00008.jpg 298 171 107 160 0.94181
00008.jpg 300 171 107 169 0.94112
00008.jpg 301 169 103 167 0.94068
00008.jpg 298 177 111 155 0.93920
00008.jpg 307 167 93 165 0.93449
00008.jpg 11 0 405 527 0.93325
00008.jpg 298 168 105 164 0.93267
00008.jpg 300 168 103 160 0.93237
00008.jpg 294 168 114 167 0.93068
00008.jpg 34 12 362 500 0.93049
00008.jpg 526 172 150 184 0.92994
00008.jpg 305 166 96 169 0.92969
00008.jpg 298 172 107 164 0.92769
00008.jpg 42 9 366 498 0.92336
00008.jpg 300 171 102 158 0.92303
00008.jpg 302 169 106 159 0.92129
00008.jpg 295 162 111 176 0.91821
00008.jpg 297 163 113 177 0.91687
00008.jpg 296 170 109 164 0.91439
00008.jpg 511 168 174 194 0.91251
00008.jpg 302 170 102 163 0.90677
00008.jpg 301 167 99 167 0.90553
00008.jpg 299 172 104 164 0.90530
00008.jpg 26 0 369 517 0.90345
00008.jpg 295 163 115 172 0.90308
00008.jpg 519 166 165 202 0.89675
00008.jpg 299 166 106 168 0.89657
00008.jpg 297 170 103 174 0.89034
00008.jpg 294 162 111 173 0.88974
00008.jpg 15 10 401 514 0.88905
00008.jpg 515 169 171 184 0.88506
00008.jpg 301 162 101 172 0.88439
00008.jpg 298 160 111 180 0.88270
00008.jpg 294 169 111 169 0.87896
00008.jpg 32 0 374 514 0.87819
00008.jpg 15 0 390 537 0.87739
00008.jpg 301 169 101 171 0.86611
00008.jpg 295 169 117 162 0.86346
00008.jpg 518 172 170 184 0.86179
00008.jpg 504 168 189 186 0.85946
00008.jpg 529 167 147 195 0.85781
00008.jpg 301 171 97 158 0.84766
00008.jpg 33 0 366 526 0.84678
00008.jpg 300 166 105 170 0.83937
00008.jpg 292 172 118 171 0.83812
00008.jpg 378 111 34 65 0.83513
00008.jpg 509 179 175 188 0.83421
00008.jpg 299 164 106 182 0.83275
00008.jpg 297 169 106 162 0.83149
00008.jpg 299 169 111 164 0.82479
00008.jpg 301 169 101 158 0.82156
00008.jpg 297 172 109 157 0.82065
00008.jpg 524 173 162 187 0.81304
00008.jpg 305 171 102 159 0.80917
00008.jpg 299 157 103 186 0.80902
00008.jpg 297 157 105 189 0.80654
00008.jpg 296 166 101 182 0.80462
00008.jpg 302 172 101 157 0.79855
00008.jpg 522 170 151 191 0.79009
00008.jpg 381 113 31 57 0.78985
00008.jpg 292 163 120 190 0.78858
00008.jpg 300 167 104 167 0.78706
00008.jpg 378 107 36 69 0.78479
00008.jpg 513 172 154 177 0.78010
00008.jpg 297 161 103 185 0.77535
00008.jpg 292 180 116 160 0.77164
00008.jpg 519 163 168 192 0.76983
00008.jpg 295 163 114 170 0.76357
00008.jpg 380 108 32 66 0.76196
00008.jpg 301 175 107 171 0.75854
00008.jpg 11 0 363 525 0.75593
00008.jpg 23 0 358 521 0.75490
00008.jpg 36 0 361 516 0.75202
00008.jpg 300 171 102 157 0.74744
00008.jpg 379 110 34 69 0.74461
00008.jpg 381 105 34 70 0.72820
00008.jpg 382 110 34 68 0.72046
00008.jpg 298 167 112 171 0.71753
00008.jpg 518 171 165 185 0.71201
00008.jpg 513 165 162 205 0.71082
00008.jpg 516 167 182 197 0.70910
00008.jpg 383 113 32 58 0.70851
00008.jpg 296 170 113 185 0.70835
00008.jpg 295 168 113 175 0.70698
00008.jpg 302 168 105 164 0.68842
00008.jpg 27 9 354 525 0.68812
00008.jpg 301 169 98 155 0.68797
00008.jpg 11 7 389 508 0.68787
00008.jpg 299 162 101 187 0.68710
00008.jpg 296 169 103 173 0.68293
00008.jpg 379 110 38 61 0.68227
00008.jpg 289 169 119 182 0.67709
00008.jpg 384 112 31 61 0.67534
00008.jpg 514 172 172 195 0.66934
00008.jpg 379 108 33 66 0.66895
00008.jpg 301 165 99 167 0.66211
00008.jpg 384 106 29 71 0.65384
00008.jpg 288 163 111 195 0.65010
00008.jpg 48 0 350 524 0.64991
00008.jpg 504 147 187 208 0.64158
00008.jpg 381 115 33 59 0.64091
00008.jpg 290 157 113 195 0.63915
00008.jpg 521 162 160 198 0.63476
00008.jpg 512 167 174 197 0.63304
00008.jpg 36 2 380 524 0.62836
00008.jpg 13 35 430 443 0.62734
00008.jpg 303 170 105 159 0.62727
00008.jpg 295 158 110 183 0.62662
00008.jpg 379 110 37 58 0.62623
00008.jpg 382 110 32 64 0.62375
00008.jpg 380 106 36 65 0.61318
00008.jpg 30 3 413 494 0.60043
00008.jpg 377 110 38 63 0.59733
00008.jpg 382 110 31 59 0.58912
00008.jpg 509 163 167 195 0.58284
00008.jpg 379 107 36 64 0.57632
00008.jpg 302 168 100 144 0.57557
00008.jpg 521 163 154 193 0.57141
00008.jpg 511 176 181 184 0.56887
00008.jpg 519 166 165 197 0.56810
00008.jpg 511 161 186 197 0.56376
00008.jpg 524 167 158 204 0.56220
00008.jpg 518 171 166 199 0.56068
00008.jpg 386 108 30 66 0.55873
00008.jpg 305 170 94 163 0.55864
00008.jpg 33 14 363 496 0.55201
00008.jpg 302 171 98 157 0.54596
00008.jpg 296 161 115 195 0.54383
00008.jpg 381 105 33 75 0.53658
00008.jpg 297 166 115 188 0.53209
00008.jpg 301 171 101 158 0.53002
00008.jpg 530 160 148 202 0.52544
00008.jpg 382 110 33 67 0.52538
00008.jpg 293 161 117 190 0.52440
00008.jpg 373 110 41 65 0.52324
00008.jpg 301 173 106 158 0.52188
00008.jpg 18 2 503 484 0.51586
00008.jpg 517 168 174 199 0.51195
00008.jpg 386 110 32 61 0.50882
00008.jpg 514 164 174 186 0.50882
00008.jpg 377 112 44 67 0.50051
