00018.jpg 519 167 156 197 0.99983
00018.jpg 36 0 371 520 0.99981
00018.jpg 519 170 160 192 0.99945
00018.jpg 516 166 162 191 0.99940
00018.jpg 521 167 161 194 0.99934
00018.jpg 5 1 406 519 0.99923
00018.jpg 20 6 368 518 0.99918
00018.jpg 6 4 384 514 0.99867
00018.jpg 516 168 163 192 0.99839
00018.jpg 524 167 146 190 0.99838
00018.jpg 522 167 155 191 0.99814
00018.jpg 514 172 164 182 0.99775
00018.jpg 518 170 159 188 0.99718
00018.jpg 519 169 155 194 0.99716
00018.jpg 515 168 167 190 0.99693
00018.jpg 518 173 162 188 0.99687
00018.jpg 23 1 361 524 0.99673
00018.jpg 516 165 161 201 0.99659
00018.jpg 519 173 154 191 0.99655
00018.jpg 522 168 152 191 0.99651
00018.jpg 523 177 159 186 0.99626
00018.jpg 521 172 163 197 0.99617
00018.jpg 3 8 418 515 0.99612
00018.jpg 512 169 171 193 0.99609
00018.jpg 521 172 160 187 0.99585
00018.jpg 26 0 380 531 0.99571
00018.jpg 521 173 159 186 0.99552
00018.jpg 40 0 382 521 0.99534
00018.jpg 11 5 403 485 0.99500
00018.jpg 523 173 162 187 0.99490
00018.jpg 516 173 166 185 0.99465
00018.jpg 23 4 373 510 0.99435
00018.jpg 515 168 171 193 0.99407
00018.jpg 516 168 166 195 0.99353
00018.jpg 307 172 98 156 0.99239
00018.jpg 20 0 380 529 0.99176
00018.jpg 518 173 165 182 0.99149
00018.jpg 522 166 158 195 0.99142
00018.jpg 12 6 402 497 0.99094
00018.jpg 517 169 158 187 0.98959
00018.jpg 518 169 159 198 0.98793
00018.jpg 518 171 162 190 0.98749
00018.jpg 514 169 170 196 0.98670
00018.jpg 301 170 109 167 0.98597
00018.jpg 519 168 158 198 0.98478
00018.jpg 24 1 366 522 0.98397
00018.jpg 31 0 369 519 0.98327
00018.jpg 516 174 161 181 0.98278
00018.jpg 517 167 164 195 0.98099
00018.jpg 522 168 151 196 0.98092
00018.jpg 16 4 382 510 0.98011
00018.jpg 23 5 370 491 0.98003
00018.jpg 520 166 162 179 0.97855
00018.jpg 518 173 160 186 0.97846
00018.jpg 516 164 159 201 0.97764
00018.jpg 20 0 387 522 0.97717
00018.jpg 521 171 157 193 0.97562
00018.jpg 26 2 371 502 0.97520
00018.jpg 16 0 410 517 0.97178
00018.jpg 516 173 167 190 0.96982
00018.jpg 33 12 359 498 0.96905
00018.jpg 302 170 105 156 0.96870
00018.jpg 24 4 354 521 0.96788
00018.jpg 513 169 177 197 0.96769
00018.jpg 23 12 373 520 0.96629
00018.jpg 303 168 107 158 0.96442
00018.jpg 520 169 163 190 0.96367
00018.jpg 512 159 174 200 0.96301
00018.jpg 306 172 102 157 0.96244
00018.jpg 309 169 100 159 0.96176
00018.jpg 510 161 176 201 0.95997
00018.jpg 526 173 153 183 0.95967
00018.jpg 310 173 90 149 0.95798
00018.jpg 307 165 102 162 0.95790
00018.jpg 306 170 101 155 0.95776
00018.jpg 517 172 165 191 0.95513
00018.jpg 517 173 167 186 0.95427
00018.jpg 308 167 97 163 0.95034
00018.jpg 303 172 107 154 0.95015
00018.jpg 521 162 160 202 0.94923
00018.jpg 313 168 95 157 0.94805
00018.jpg 17 0 392 522 0.94708
00018.jpg 303 175 105 156 0.94536
00018.jpg 307 171 97 156 0.94424
00018.jpg 300 167 103 164 0.94154
00018.jpg 310 167 96 158 0.93906
00018.jpg 308 168 94 160 0.93836
00018.jpg 512 168 174 183 0.93818
00018.jpg 522 167 159 198 0.93779
00018.jpg 34 1 331 511 0.93665
00018.jpg 311 168 85 158 0.93534
00018.jpg 303 170 108 152 0.93481
00018.jpg 43 1 341 523 0.93474
00018.jpg 305 173 104 156 0.93096
00018.jpg 525 163 151 191 0.93072
00018.jpg 26 0 351 528 0.93059
00018.jpg 518 168 163 183 0.92877
00018.jpg 517 171 166 183 0.92803
00018.jpg 303 172 101 157 0.92748
00018.jpg 307 172 98 154 0.92747
00018.jpg 515 170 166 188 0.92454
00018.jpg 313 176 91 147 0.92419
00018.jpg 513 173 163 187 0.92412
00018.jpg 518 173 172 186 0.92412
00018.jpg 519 172 159 194 0.92371
00018.jpg 309 177 95 159 0.92368
00018.jpg 304 167 106 166 0.92190
00018.jpg 302 170 112 153 0.92027
00018.jpg 515 167 165 192 0.91888
00018.jpg 297 168 113 169 0.91843
00018.jpg 311 167 94 173 0.91605
00018.jpg 514 164 175 196 0.91461
00018.jpg 506 171 183 187 0.91213
00018.jpg 303 168 98 170 0.91211
00018.jpg 12 10 386 513 0.90680
00018.jpg 23 0 375 516 0.90662
00018.jpg 308 173 100 157 0.89928
00018.jpg 13 27 385 476 0.89682
00018.jpg 301 171 108 155 0.89601
00018.jpg 302 175 109 159 0.88908
00018.jpg 307 159 97 176 0.88427
00018.jpg 39 0 329 519 0.87987
00018.jpg 526 169 146 193 0.87087
00018.jpg 519 167 161 192 0.86568
00018.jpg 310 158 93 177 0.86459
00018.jpg 309 171 97 155 0.86224
00018.jpg 299 164 104 183 0.85903
00018.jpg 295 167 112 164 0.85789
00018.jpg 302 167 103 164 0.85729
00018.jpg 305 166 106 163 0.85628
00018.jpg 525 171 155 189 0.85317
00018.jpg 301 172 109 159 0.84974
00018.jpg 512 177 176 189 0.84696
00018.jpg 518 166 164 183 0.84242
00018.jpg 310 177 90 138 0.84063
00018.jpg 300 164 107 171 0.83817
00018.jpg 305 167 99 161 0.82961
00018.jpg 52 12 339 505 0.82688
00018.jpg 307 172 101 157 0.82625
00018.jpg 304 172 99 188 0.82118
00018.jpg 28 3 374 518 0.81417
00018.jpg 304 172 107 158 0.81298
00018.jpg 308 170 100 160 0.81219
00018.jpg 308 171 98 159 0.80517
00018.jpg 382 115 31 58 0.80160
00018.jpg 300 171 106 159 0.79998
00018.jpg 305 167 106 162 0.79967
00018.jpg 48 13 334 488 0.79726
00018.jpg 304 174 103 160 0.79126
00018.jpg 523 175 155 194 0.78904
00018.jpg 306 170 95 158 0.78855
00018.jpg 49 5 311 534 0.78531
00018.jpg 291 164 118 180 0.78197
00018.jpg 308 169 99 159 0.77926
00018.jpg 12 0 400 540 0.77310
00018.jpg 379 115 30 55 0.76753
00018.jpg 306 170 101 166 0.76577
00018.jpg 25 16 341 505 0.76231
00018.jpg 511 157 167 194 0.75452
00018.jpg 16 0 345 526 0.75360
00018.jpg 47 0 364 524 0.75330
00018.jpg 529 171 149 189 0.75315
00018.jpg 380 107 32 67 0.73192
00018.jpg 522 168 164 198 0.72977
00018.jpg 303 170 98 144 0.71982
00018.jpg 41 9 379 506 0.71955
00018.jpg 300 167 105 171 0.71869
00018.jpg 17 3 345 505 0.71599
00018.jpg 28 6 335 521 0.71479
00018.jpg 519 169 167 195 0.71476
00018.jpg 308 169 98 153 0.70814
00018.jpg 301 179 117 170 0.70298
00018.jpg 378 108 36 68 0.70128
00018.jpg 309 172 97 151 0.69695
00018.jpg 384 114 31 59 0.69060
00018.jpg 508 165 177 202 0.67207
00018.jpg 381 110 31 62 0.66587
00018.jpg 379 111 34 70 0.66144
00018.jpg 302 172 101 151 0.65273
00018.jpg 377 112 35 63 0.65211
00018.jpg 16 9 520 494 0.64747
00018.jpg 515 172 156 178 0.63722
00018.jpg 516 167 161 191 0.63411
00018.jpg 301 169 103 153 0.62279
00018.jpg 271 178 138 219 0.62178
00018.jpg 65 22 332 508 0.61996
00018.jpg 289 178 127 162 0.61923
00018.jpg 510 176 165 178 0.61566
00018.jpg 294 158 119 192 0.60993
00018.jpg 377 109 38 64 0.60975
00018.jpg 296 173 107 183 0.60599
00018.jpg 501 148 188 212 0.60448
00018.jpg 525 180 164 185 0.60248
00018.jpg 379 112 37 58 0.59841
00018.jpg 382 110 33 69 0.59786
00018.jpg 281 168 119 205 0.59578
00018.jpg 386 108 28 64 0.59514
00018.jpg 299 172 98 173 0.58321
00018.jpg 306 163 100 166 0.58001
00018.jpg 48 1 349 509 0.56981
00018.jpg 382 107 34 72 0.56899
00018.jpg 294 169 116 173 0.56769
00018.jpg 508 163 183 198 0.56432
00018.jpg 310 164 98 164 0.55920
00018.jpg 510 165 168 201 0.55759
00018.jpg 511 176 178 183 0.55545
00018.jpg 299 166 112 161 0.55067
00018.jpg 384 108 31 68 0.54929
00018.jpg 259 173 136 270 0.54365
00018.jpg 384 116 31 58 0.54042
00018.jpg 382 107 30 67 0.53538
00018.jpg 306 169 98 155 0.52880
00018.jpg 299 166 107 167 0.52562
00018.jpg 282 154 131 211 0.51968
00018.jpg 512 166 167 187 0.51960
00018.jpg 508 166 179 185 0.51596
00018.jpg 280 167 136 186 0.51251
00018.jpg 379 112 36 55 0.50574
00018.jpg 16 16 400 510 0.50258
00018.jpg 15 4 492 499 0.50195
