00025.jpg 520 168 155 198 0.99982
00025.jpg 21 7 389 524 0.99974
00025.jpg 518 170 163 187 0.99955
00025.jpg 516 167 161 191 0.99948
00025.jpg 40 5 373 507 0.99946
00025.jpg 519 171 159 191 0.99942
00025.jpg 23 0 388 509 0.99910
00025.jpg 2 6 435 518 0.99891
00025.jpg 518 172 160 183 0.99885
00025.jpg 523 170 144 195 0.99867
00025.jpg 517 168 162 193 0.99846
00025.jpg 519 175 155 183 0.99789
00025.jpg 517 170 167 193 0.99762
00025.jpg 515 171 163 182 0.99748
00025.jpg 516 170 163 196 0.99736
00025.jpg 514 170 168 192 0.99703
00025.jpg 521 173 162 196 0.99667
00025.jpg 11 3 413 502 0.99642
00025.jpg 521 167 161 202 0.99622
00025.jpg 525 167 154 189 0.99607
00025.jpg 524 177 158 186 0.99591
00025.jpg 516 173 165 189 0.99537
00025.jpg 521 173 158 186 0.99536
00025.jpg 521 174 157 186 0.99518
00025.jpg 521 169 161 189 0.99517
00025.jpg 18 10 410 468 0.99480
00025.jpg 515 168 169 192 0.99437
00025.jpg 517 166 164 199 0.99351
00025.jpg 22 0 401 518 0.99254
00025.jpg 17 6 400 532 0.99230
00025.jpg 11 1 412 520 0.99197
00025.jpg 519 174 163 182 0.99140
00025.jpg 16 0 411 513 0.99125
00025.jpg 36 6 378 508 0.99099
00025.jpg 516 166 167 196 0.99087
00025.jpg 522 169 160 190 0.98987
00025.jpg 518 169 157 188 0.98955
00025.jpg 11 0 406 529 0.98944
00025.jpg 12 0 405 514 0.98919
00025.jpg 517 169 162 197 0.98837
00025.jpg 515 166 168 185 0.98757
00025.jpg 520 165 157 200 0.98727
00025.jpg 301 178 115 148 0.98715
00025.jpg 514 174 165 180 0.98475
00025.jpg 38 10 355 501 0.98461
00025.jpg 521 168 164 187 0.98445
00025.jpg 19 0 392 529 0.98278
00025.jpg 24 0 402 524 0.98253
00025.jpg 17 0 382 507 0.98235
00025.jpg 524 174 157 193 0.98222
00025.jpg 522 170 151 194 0.98173
00025.jpg 517 176 163 184 0.98148
00025.jpg 303 178 106 156 0.98132
00025.jpg 15 13 408 500 0.98039
00025.jpg 519 172 161 189 0.97931
00025.jpg 303 172 113 164 0.97884
00025.jpg 516 174 161 179 0.97819
00025.jpg 306 167 105 166 0.97665
00025.jpg 516 170 167 194 0.97601
00025.jpg 307 175 103 159 0.97532
00025.jpg 517 172 164 186 0.97512
00025.jpg 305 173 105 162 0.97340
00025.jpg 523 170 153 196 0.97300
00025.jpg 516 173 166 191 0.97129
00025.jpg 517 167 160 195 0.97060
00025.jpg 312 170 101 167 0.97051
00025.jpg 298 174 113 161 0.96456
00025.jpg 512 159 175 201 0.96441
00025.jpg 309 172 104 162 0.96419
00025.jpg 299 173 112 161 0.96208
00025.jpg 515 173 161 178 0.96191
00025.jpg 24 11 364 499 0.96170
00025.jpg 521 167 160 191 0.96093
00025.jpg 6 17 408 501 0.95625
00025.jpg 515 169 166 193 0.95490
00025.jpg 22 2 372 518 0.95409
00025.jpg 18 0 403 509 0.95254
00025.jpg 23 0 398 532 0.94919
00025.jpg 7 0 398 514 0.94492
00025.jpg 33 21 367 493 0.94459
00025.jpg 305 175 101 155 0.94323
00025.jpg 306 177 110 150 0.94262
00025.jpg 310 166 99 171 0.94218
00025.jpg 303 177 112 156 0.94045
00025.jpg 302 174 109 150 0.94032
00025.jpg 14 4 391 502 0.93972
00025.jpg 310 174 98 158 0.93944
00025.jpg 516 162 159 204 0.93833
00025.jpg 516 165 163 190 0.93466
00025.jpg 518 171 165 185 0.93428
00025.jpg 306 167 105 173 0.93199
00025.jpg 301 167 112 160 0.92971
00025.jpg 524 171 154 193 0.92717
00025.jpg 525 162 149 192 0.92513
00025.jpg 511 171 173 189 0.92450
00025.jpg 312 173 94 158 0.92435
00025.jpg 16 7 373 516 0.92338
00025.jpg 306 182 108 155 0.92301
00025.jpg 306 169 96 162 0.91968
00025.jpg 311 176 94 147 0.91831
00025.jpg 519 168 163 183 0.91817
00025.jpg 47 0 363 516 0.91745
00025.jpg 310 164 97 175 0.91698
00025.jpg 304 173 103 167 0.91676
00025.jpg 512 158 165 210 0.91417
00025.jpg 34 3 374 518 0.91221
00025.jpg 303 176 106 156 0.90713
00025.jpg 42 0 357 505 0.90712
00025.jpg 310 163 100 178 0.90707
00025.jpg 510 163 175 201 0.90541
00025.jpg 305 177 106 154 0.90454
00025.jpg 300 171 112 162 0.90448
00025.jpg 299 168 117 168 0.90448
00025.jpg 307 169 103 168 0.90344
00025.jpg 306 171 108 156 0.90317
00025.jpg 302 168 116 174 0.89933
00025.jpg 514 156 168 210 0.89901
00025.jpg 303 167 108 173 0.89866
00025.jpg 514 165 163 191 0.89804
00025.jpg 527 169 146 194 0.89741
00025.jpg 307 174 105 161 0.89364
00025.jpg 308 177 100 157 0.89336
00025.jpg 304 172 105 165 0.89326
00025.jpg 308 177 101 150 0.89241
00025.jpg 298 166 120 173 0.87940
00025.jpg 307 175 100 160 0.87877
00025.jpg 303 170 104 168 0.87863
00025.jpg 307 174 106 155 0.87859
00025.jpg 519 166 167 201 0.87406
00025.jpg 312 168 94 164 0.87315
00025.jpg 12 2 390 509 0.87309
00025.jpg 12 15 411 490 0.86910
00025.jpg 520 172 165 180 0.86196
00025.jpg 309 168 108 172 0.85658
00025.jpg 308 170 101 161 0.85561
00025.jpg 526 171 153 190 0.85524
00025.jpg 511 171 176 189 0.85432
00025.jpg 301 174 110 150 0.85017
00025.jpg 310 172 99 156 0.84914
00025.jpg 304 178 100 154 0.84033
00025.jpg 50 0 351 521 0.83529
00025.jpg 522 176 155 192 0.82384
00025.jpg 14 0 385 507 0.81663
00025.jpg 509 169 164 196 0.81026
00025.jpg 298 173 112 163 0.80850
00025.jpg 305 178 103 147 0.80836
00025.jpg 304 177 101 153 0.79093
00025.jpg 307 170 101 171 0.78456
00025.jpg 516 168 167 197 0.77826
00025.jpg 381 106 33 69 0.76817
00025.jpg 380 115 30 55 0.76551
00025.jpg 34 25 381 491 0.76444
00025.jpg 305 175 108 161 0.75976
00025.jpg 306 179 101 144 0.75426
00025.jpg 304 163 107 169 0.74851
00025.jpg 513 174 175 186 0.74829
00025.jpg 28 0 374 536 0.73603
00025.jpg 505 167 172 199 0.73194
00025.jpg 313 172 97 166 0.73180
00025.jpg 381 113 31 56 0.72929
00025.jpg 45 0 342 522 0.72829
00025.jpg 532 171 149 191 0.72463
00025.jpg 306 169 105 163 0.72108
00025.jpg 301 174 110 160 0.72015
00025.jpg 304 176 112 165 0.71785
00025.jpg 310 175 100 149 0.71230
00025.jpg 521 169 166 193 0.70983
00025.jpg 380 111 37 60 0.68758
00025.jpg 38 8 351 531 0.68151
00025.jpg 381 111 32 62 0.67694
00025.jpg 384 114 30 57 0.67316
00025.jpg 379 108 33 67 0.67227
00025.jpg 384 117 32 57 0.65832
00025.jpg 385 107 29 68 0.65776
00025.jpg 509 161 176 209 0.65521
00025.jpg 378 109 37 63 0.64595
00025.jpg 311 172 89 169 0.64284
00025.jpg 513 158 166 204 0.64259
00025.jpg 380 110 35 58 0.64187
00025.jpg 381 109 36 65 0.64023
00025.jpg 304 172 103 151 0.62817
00025.jpg 23 0 377 522 0.62681
00025.jpg 515 172 155 179 0.62210
00025.jpg 298 177 110 137 0.62046
00025.jpg 518 162 160 198 0.61911
00025.jpg 298 175 117 167 0.61771
00025.jpg 305 171 98 174 0.61697
00025.jpg 55 1 330 510 0.61355
00025.jpg 501 149 188 211 0.60437
00025.jpg 380 107 33 72 0.59978
00025.jpg 516 167 161 191 0.59826
00025.jpg 525 179 164 185 0.59557
00025.jpg 382 110 30 58 0.59551
00025.jpg 36 2 380 531 0.59114
00025.jpg 517 169 168 194 0.58304
00025.jpg 305 175 105 174 0.57656
00025.jpg 379 108 35 65 0.57479
00025.jpg 308 163 97 184 0.57389
00025.jpg 510 176 181 184 0.57349
00025.jpg 384 109 32 66 0.57062
00025.jpg 303 180 110 146 0.56595
00025.jpg 380 108 36 66 0.55637
00025.jpg 379 112 34 70 0.54975
00025.jpg 312 172 98 160 0.54962
00025.jpg 313 170 97 167 0.54682
00025.jpg 515 165 161 209 0.54203
00025.jpg 522 176 165 198 0.54096
00025.jpg 306 175 104 152 0.53977
00025.jpg 306 178 102 146 0.53846
00025.jpg 54 11 352 508 0.53726
00025.jpg 294 173 120 179 0.52932
00025.jpg 379 105 32 65 0.52826
00025.jpg 377 109 37 95 0.52287
00025.jpg 300 171 105 168 0.51862
00025.jpg 308 173 101 156 0.51659
00025.jpg 380 109 40 70 0.50650
00025.jpg 308 173 94 148 0.50593
00025.jpg 300 166 103 177 0.50549
00025.jpg 506 161 188 193 0.50547
00025.jpg 296 172 122 156 0.50211
00025.jpg 509 178 181 176 0.50085
00025.jpg 310 174 95 154 0.50035
