00028.jpg 515 167 163 194 0.99952
00028.jpg 508 166 167 192 0.99951
00028.jpg 512 168 169 190 0.99950
00028.jpg 17 0 399 517 0.99949
00028.jpg 20 5 358 520 0.99948
00028.jpg 517 171 170 192 0.99926
00028.jpg 514 168 162 190 0.99920
00028.jpg 10 10 387 500 0.99895
00028.jpg 515 167 162 198 0.99882
00028.jpg 513 169 162 192 0.99872
00028.jpg 516 167 171 195 0.99858
00028.jpg 521 166 152 195 0.99856
00028.jpg 512 171 177 187 0.99850
00028.jpg 16 7 380 512 0.99817
00028.jpg 516 173 159 186 0.99793
00028.jpg 7 4 404 511 0.99769
00028.jpg 19 0 373 524 0.99756
00028.jpg 521 170 155 190 0.99751
00028.jpg 510 169 164 186 0.99736
00028.jpg 520 172 159 184 0.99698
00028.jpg 516 169 162 189 0.99666
00028.jpg 517 169 165 190 0.99642
00028.jpg 523 168 157 198 0.99608
00028.jpg 518 170 162 190 0.99580
00028.jpg 518 164 161 203 0.99542
00028.jpg 17 10 366 527 0.99538
00028.jpg 517 169 162 193 0.99527
00028.jpg 518 169 165 195 0.99508
00028.jpg 511 166 175 191 0.99480
00028.jpg 516 172 163 188 0.99468
00028.jpg 514 171 170 188 0.99458
00028.jpg 3 1 390 500 0.99452
00028.jpg 7 2 382 521 0.99404
00028.jpg 516 169 161 188 0.99391
00028.jpg 510 167 170 195 0.99366
00028.jpg 38 0 351 530 0.99361
00028.jpg 22 0 362 502 0.99343
00028.jpg 6 3 376 512 0.99309
00028.jpg 514 162 167 202 0.99270
00028.jpg 19 7 376 494 0.99259
00028.jpg 517 166 162 194 0.99216
00028.jpg 509 173 175 184 0.99209
00028.jpg 14 0 366 520 0.99149
00028.jpg 0 7 408 512 0.99131
00028.jpg 516 167 164 190 0.98932
00028.jpg 514 168 163 193 0.98871
00028.jpg 20 8 358 483 0.98846
00028.jpg 521 169 158 191 0.98764
00028.jpg 23 3 359 515 0.98746
00028.jpg 293 176 130 145 0.98740
00028.jpg 510 173 170 194 0.98709
00028.jpg 15 0 371 524 0.98569
00028.jpg 514 171 169 193 0.98567
00028.jpg 521 171 159 196 0.98522
00028.jpg 518 163 171 186 0.98520
00028.jpg 516 169 172 185 0.98143
00028.jpg 292 174 128 154 0.97945
00028.jpg 18 0 361 518 0.97765
00028.jpg 40 0 347 518 0.97716
00028.jpg 294 174 121 153 0.97698
00028.jpg 515 169 167 192 0.97626
00028.jpg 21 8 379 526 0.97573
00028.jpg 513 170 168 193 0.97287
00028.jpg 518 170 161 194 0.97197
00028.jpg 507 170 179 182 0.96984
00028.jpg 292 166 132 171 0.96953
00028.jpg 299 176 123 153 0.96831
00028.jpg 511 168 175 189 0.96795
00028.jpg 514 162 171 196 0.96713
00028.jpg 20 0 366 524 0.96587
00028.jpg 45 1 326 527 0.96554
00028.jpg 507 169 179 191 0.96489
00028.jpg 515 166 162 201 0.96472
00028.jpg 299 167 125 160 0.96436
00028.jpg 17 11 362 510 0.96162
00028.jpg 288 170 131 156 0.95847
00028.jpg 305 177 107 151 0.95786
00028.jpg 4 15 398 489 0.95711
00028.jpg 302 172 115 150 0.95692
00028.jpg 23 0 363 522 0.95654
00028.jpg 295 172 127 162 0.95651
00028.jpg 515 166 159 198 0.95553
00028.jpg 514 163 162 192 0.95466
00028.jpg 304 174 113 152 0.95416
00028.jpg 294 169 122 164 0.95307
00028.jpg 293 170 122 161 0.95177
00028.jpg 11 5 360 527 0.95053
00028.jpg 519 166 155 198 0.94677
00028.jpg 297 174 123 154 0.94556
00028.jpg 298 172 112 151 0.94514
00028.jpg 9 20 375 499 0.94454
00028.jpg 296 168 125 162 0.94451
00028.jpg 517 169 164 193 0.93487
00028.jpg 292 170 131 160 0.93321
00028.jpg 11 4 389 524 0.93060
00028.jpg 295 166 118 159 0.92991
00028.jpg 510 163 171 201 0.92604
00028.jpg 292 176 123 156 0.92540
00028.jpg 298 174 120 149 0.92487
00028.jpg 19 27 380 472 0.92410
00028.jpg 10 0 378 520 0.92369
00028.jpg 295 180 118 144 0.92367
00028.jpg 296 173 124 153 0.92304
00028.jpg 293 168 128 159 0.92211
00028.jpg 293 172 127 158 0.92037
00028.jpg 297 173 125 154 0.91542
00028.jpg 293 174 123 159 0.90928
00028.jpg 508 172 176 187 0.90714
00028.jpg 306 177 109 145 0.90691
00028.jpg 505 165 176 194 0.90298
00028.jpg 298 174 121 151 0.89172
00028.jpg 298 176 120 146 0.89062
00028.jpg 302 174 113 161 0.88831
00028.jpg 29 6 369 518 0.88602
00028.jpg 299 173 119 157 0.88378
00028.jpg 299 175 115 145 0.88348
00028.jpg 293 168 128 171 0.87876
00028.jpg 300 173 109 157 0.87857
00028.jpg 292 173 129 161 0.87849
00028.jpg 298 174 121 155 0.87226
00028.jpg 511 164 179 198 0.87175
00028.jpg 5 0 397 519 0.86685
00028.jpg 507 164 175 193 0.86663
00028.jpg 300 169 110 160 0.86621
00028.jpg 292 169 130 161 0.86520
00028.jpg 518 170 167 197 0.86403
00028.jpg 523 172 163 187 0.86293
00028.jpg 302 177 117 159 0.86053
00028.jpg 516 169 164 198 0.85977
00028.jpg 9 6 354 496 0.85434
00028.jpg 298 171 119 156 0.85135
00028.jpg 292 174 126 155 0.85114
00028.jpg 508 171 176 186 0.84871
00028.jpg 295 170 119 157 0.84275
00028.jpg 291 168 130 168 0.84024
00028.jpg 291 177 130 156 0.83740
00028.jpg 33 3 318 529 0.83559
00028.jpg 30 9 342 512 0.83520
00028.jpg 287 175 138 157 0.83329
00028.jpg 297 170 121 166 0.82823
00028.jpg 17 0 375 535 0.82294
00028.jpg 514 163 176 201 0.81777
00028.jpg 296 169 118 161 0.81746
00028.jpg 298 173 118 152 0.81340
00028.jpg 517 166 172 198 0.81131
00028.jpg 516 169 167 181 0.80921
00028.jpg 517 171 170 179 0.80859
00028.jpg 294 167 127 166 0.80847
00028.jpg 298 176 117 154 0.80017
00028.jpg 29 0 387 510 0.79800
00028.jpg 299 174 116 149 0.79348
00028.jpg 299 170 114 163 0.79017
00028.jpg 300 170 123 165 0.78601
00028.jpg 507 173 168 193 0.77301
00028.jpg 527 165 156 199 0.76008
00028.jpg 292 180 130 147 0.75904
00028.jpg 515 163 160 190 0.75132
00028.jpg 508 174 170 188 0.74300
00028.jpg 287 171 131 165 0.74263
00028.jpg 293 175 122 154 0.73001
00028.jpg 519 176 168 184 0.72784
00028.jpg 8 21 399 448 0.71805
00028.jpg 498 150 189 210 0.70149
00028.jpg 377 109 34 65 0.69674
00028.jpg 299 165 121 165 0.69397
00028.jpg 510 170 164 183 0.69105
00028.jpg 32 6 341 520 0.69017
00028.jpg 292 174 124 148 0.68699
00028.jpg 378 114 38 58 0.68560
00028.jpg 291 174 132 154 0.68444
00028.jpg 300 176 111 150 0.67223
00028.jpg 289 175 121 158 0.67179
00028.jpg 384 107 31 66 0.67002
00028.jpg 379 115 32 54 0.66870
00028.jpg 378 109 38 64 0.66400
00028.jpg 515 167 159 196 0.66234
00028.jpg 514 166 165 191 0.66141
00028.jpg 298 172 112 156 0.66031
00028.jpg 508 168 171 184 0.65658
00028.jpg 519 175 159 195 0.65435
00028.jpg 530 174 151 190 0.64628
00028.jpg 38 7 335 503 0.64456
00028.jpg 32 13 338 490 0.64281
00028.jpg 293 166 133 174 0.63768
00028.jpg 380 107 31 63 0.63444
00028.jpg 291 174 127 153 0.63240
00028.jpg 518 164 156 186 0.63004
00028.jpg 381 110 32 61 0.62953
00028.jpg 293 167 132 178 0.62418
00028.jpg 504 168 182 192 0.62224
00028.jpg 63 0 316 517 0.62128
00028.jpg 381 109 34 65 0.61383
00028.jpg 296 167 120 151 0.60988
00028.jpg 296 174 123 164 0.59834
00028.jpg 509 173 177 186 0.59764
00028.jpg 381 109 33 67 0.59698
00028.jpg 384 112 31 62 0.59609
00028.jpg 381 111 33 62 0.59276
00028.jpg 292 175 120 144 0.59064
00028.jpg 286 172 129 155 0.58608
00028.jpg 377 112 39 66 0.58423
00028.jpg 50 0 356 525 0.57945
00028.jpg 23 9 387 483 0.57614
00028.jpg 380 112 35 53 0.57472
00028.jpg 293 166 129 164 0.57092
00028.jpg 378 108 37 67 0.57059
00028.jpg 295 173 113 164 0.56907
00028.jpg 379 110 37 59 0.56709
00028.jpg 295 174 120 139 0.56433
00028.jpg 382 110 31 58 0.56109
00028.jpg 306 174 112 152 0.54412
00028.jpg 20 33 381 486 0.54218
00028.jpg 382 108 36 68 0.54092
00028.jpg 48 9 307 513 0.53441
00028.jpg 376 108 39 91 0.53331
00028.jpg 517 170 169 196 0.53248
00028.jpg 516 168 168 192 0.52534
00028.jpg 376 110 36 74 0.51753
00028.jpg 37 6 309 488 0.51135
00028.jpg 298 178 124 156 0.50979
00028.jpg 295 176 127 164 0.50762
00028.jpg 377 106 36 66 0.50761
00028.jpg 297 179 118 220 0.50209
