00031.jpg 11 11 369 509 0.99979
00031.jpg 16 0 358 512 0.99972
00031.jpg 522 164 161 197 0.99941
00031.jpg 516 168 161 197 0.99934
00031.jpg 515 166 162 191 0.99923
00031.jpg 519 170 171 193 0.99917
00031.jpg 517 172 162 187 0.99903
00031.jpg 12 0 343 515 0.99864
00031.jpg 520 163 159 199 0.99854
00031.jpg 519 167 165 198 0.99846
00031.jpg 21 4 333 526 0.99835
00031.jpg 522 165 150 195 0.99834
00031.jpg 508 167 173 186 0.99819
00031.jpg 518 165 163 201 0.99813
00031.jpg 518 164 159 195 0.99804
00031.jpg 3 0 356 515 0.99788
00031.jpg 21 0 355 525 0.99781
00031.jpg 517 167 166 197 0.99770
00031.jpg 516 171 170 192 0.99743
00031.jpg 521 172 160 187 0.99730
00031.jpg 516 168 167 192 0.99703
00031.jpg 5 1 360 509 0.99679
00031.jpg 16 5 342 512 0.99644
00031.jpg 516 169 164 190 0.99614
00031.jpg 514 168 169 194 0.99601
00031.jpg 525 166 154 199 0.99576
00031.jpg 516 167 168 199 0.99514
00031.jpg 523 171 152 185 0.99484
00031.jpg 12 5 333 487 0.99453
00031.jpg 515 170 166 191 0.99402
00031.jpg 11 0 361 493 0.99358
00031.jpg 510 167 176 193 0.99355
00031.jpg 519 171 161 179 0.99349
00031.jpg 513 167 162 203 0.99346
00031.jpg 511 169 173 192 0.99319
00031.jpg 16 0 319 514 0.99277
00031.jpg 5 6 359 493 0.99265
00031.jpg 17 0 337 515 0.99194
00031.jpg 11 0 351 516 0.99188
00031.jpg 15 0 328 512 0.99134
00031.jpg 22 0 336 512 0.99103
00031.jpg 514 166 167 198 0.99074
00031.jpg 519 163 156 197 0.99006
00031.jpg 15 6 347 507 0.98958
00031.jpg 511 173 173 185 0.98908
00031.jpg 517 165 164 193 0.98862
00031.jpg 514 169 166 188 0.98829
00031.jpg 37 10 305 502 0.98779
00031.jpg 511 172 167 181 0.98763
00031.jpg 7 0 341 521 0.98703
00031.jpg 516 169 166 196 0.98661
00031.jpg 512 169 168 198 0.98659
00031.jpg 14 2 337 506 0.98600
00031.jpg 518 169 166 194 0.98487
00031.jpg 287 173 135 153 0.98251
00031.jpg 283 175 135 155 0.98185
00031.jpg 283 173 140 157 0.98143
00031.jpg 514 167 161 199 0.98109
00031.jpg 511 170 172 196 0.97310
00031.jpg 284 171 139 156 0.97252
00031.jpg 15 0 336 529 0.97157
00031.jpg 42 8 315 504 0.97148
00031.jpg 289 169 126 164 0.97130
00031.jpg 282 174 141 154 0.96989
00031.jpg 26 0 328 532 0.96909
00031.jpg 9 3 334 496 0.96551
00031.jpg 516 167 161 199 0.96439
00031.jpg 510 170 172 189 0.96360
00031.jpg 289 170 133 159 0.96154
00031.jpg 286 172 134 155 0.96130
00031.jpg 284 175 131 150 0.96058
00031.jpg 291 172 125 154 0.95941
00031.jpg 514 167 164 194 0.95870
00031.jpg 287 172 131 156 0.95744
00031.jpg 285 179 140 150 0.95733
00031.jpg 517 166 167 190 0.95579
00031.jpg 517 165 167 200 0.95541
00031.jpg 32 2 313 507 0.95396
00031.jpg 511 162 164 201 0.95351
00031.jpg 509 170 171 197 0.95284
00031.jpg 7 0 345 503 0.95180
00031.jpg 288 174 129 162 0.95084
00031.jpg 525 169 144 198 0.94965
00031.jpg 277 169 144 159 0.94757
00031.jpg 284 174 134 150 0.94590
00031.jpg 520 171 159 195 0.94459
00031.jpg 507 171 178 189 0.94177
00031.jpg 288 172 127 163 0.94112
00031.jpg 291 171 128 154 0.94035
00031.jpg 511 165 175 193 0.93956
00031.jpg 285 172 136 156 0.93698
00031.jpg 286 169 131 163 0.93691
00031.jpg 287 173 128 155 0.93474
00031.jpg 290 177 127 150 0.93323
00031.jpg 290 175 132 154 0.93277
00031.jpg 517 167 158 189 0.92806
00031.jpg 513 169 178 187 0.92805
00031.jpg 288 173 134 156 0.92749
00031.jpg 291 167 133 170 0.92281
00031.jpg 290 171 127 147 0.92166
00031.jpg 28 0 329 508 0.91833
00031.jpg 287 169 131 163 0.91302
00031.jpg 510 154 166 209 0.91240
00031.jpg 285 169 130 159 0.90973
00031.jpg 291 167 130 165 0.90631
00031.jpg 281 177 145 148 0.90451
00031.jpg 1 0 380 517 0.90360
00031.jpg 521 161 169 203 0.90344
00031.jpg 280 167 139 166 0.90029
00031.jpg 1 1 390 510 0.89680
00031.jpg 6 2 350 507 0.89436
00031.jpg 498 162 195 196 0.89265
00031.jpg 285 170 133 151 0.89059
00031.jpg 293 175 125 160 0.88821
00031.jpg 287 169 133 162 0.88089
00031.jpg 282 173 139 157 0.87896
00031.jpg 283 168 125 157 0.87636
00031.jpg 290 167 127 160 0.87635
00031.jpg 515 170 167 199 0.87624
00031.jpg 292 170 130 163 0.87182
00031.jpg 283 173 139 156 0.86497
00031.jpg 285 174 141 157 0.85540
00031.jpg 508 169 177 189 0.85356
00031.jpg 287 176 134 146 0.85153
00031.jpg 288 171 132 228 0.84809
00031.jpg 521 164 164 205 0.84799
00031.jpg 281 175 139 158 0.83894
00031.jpg 289 172 129 156 0.83773
00031.jpg 286 170 129 154 0.83332
00031.jpg 290 171 129 161 0.83220
00031.jpg 523 171 158 188 0.82389
00031.jpg 288 179 141 149 0.80882
00031.jpg 281 169 138 168 0.80649
00031.jpg 280 167 144 159 0.80640
00031.jpg 519 169 153 185 0.80446
00031.jpg 281 179 145 176 0.80156
00031.jpg 286 176 141 153 0.79836
00031.jpg 518 161 171 197 0.79776
00031.jpg 287 173 132 148 0.78948
00031.jpg 289 172 133 157 0.78744
00031.jpg 40 12 314 488 0.78097
00031.jpg 13 0 325 523 0.78012
00031.jpg 285 164 140 174 0.77350
00031.jpg 521 172 166 188 0.77343
00031.jpg 277 177 143 171 0.76570
00031.jpg 14 22 357 470 0.75937
00031.jpg 283 174 137 152 0.75658
00031.jpg 521 166 154 200 0.74521
00031.jpg 0 11 360 514 0.74320
00031.jpg 291 167 129 160 0.74143
00031.jpg 507 167 176 204 0.73840
00031.jpg 520 164 165 202 0.73607
00031.jpg 514 160 159 210 0.73579
00031.jpg 501 148 187 211 0.70543
00031.jpg 285 170 129 159 0.70325
00031.jpg 288 176 112 302 0.70078
00031.jpg 284 168 135 157 0.69517
00031.jpg 286 171 129 158 0.69094
00031.jpg 283 182 146 151 0.67331
00031.jpg 522 174 157 197 0.67301
00031.jpg 286 176 134 152 0.67000
00031.jpg 519 164 154 187 0.66969
00031.jpg 285 175 133 170 0.66837
00031.jpg 16 0 340 533 0.66698
00031.jpg 281 173 144 170 0.66086
00031.jpg 0 0 362 524 0.65303
00031.jpg 517 162 158 198 0.65256
00031.jpg 291 167 135 159 0.64244
00031.jpg 514 171 168 196 0.63821
00031.jpg 512 170 161 183 0.63733
00031.jpg 277 177 138 304 0.63303
00031.jpg 380 110 34 57 0.63141
00031.jpg 490 160 184 194 0.62549
00031.jpg 381 108 34 66 0.62112
00031.jpg 378 111 39 55 0.61435
00031.jpg 7 9 473 462 0.61379
00031.jpg 513 164 173 203 0.61015
00031.jpg 379 116 38 52 0.60230
00031.jpg 28 1 314 487 0.59640
00031.jpg 279 166 149 181 0.59417
00031.jpg 286 173 135 155 0.58979
00031.jpg 508 173 181 186 0.58689
00031.jpg 383 105 32 67 0.58116
00031.jpg 380 108 39 62 0.58061
00031.jpg 501 165 186 196 0.57633
00031.jpg 382 111 34 59 0.57580
00031.jpg 508 172 166 195 0.57552
00031.jpg 0 0 379 521 0.55781
00031.jpg 35 0 374 484 0.55665
00031.jpg 381 111 32 54 0.55655
00031.jpg 527 170 148 180 0.54879
00031.jpg 283 174 128 161 0.54186
00031.jpg 25 11 344 473 0.53939
00031.jpg 279 102 139 400 0.53714
00031.jpg 517 169 170 190 0.53625
00031.jpg 377 109 35 63 0.53299
00031.jpg 525 171 160 200 0.53163
00031.jpg 527 160 149 201 0.53053
00031.jpg 277 167 140 197 0.52031
00031.jpg 384 119 34 53 0.51994
00031.jpg 289 178 134 160 0.51781
00031.jpg 512 157 162 198 0.51628
00031.jpg 287 179 126 232 0.51605
00031.jpg 518 153 185 205 0.50537
00031.jpg 522 169 175 199 0.50126
