00007.jpg 0 173 61 263 0.99898
00007.jpg 455 150 147 176 0.99730
00007.jpg 455 149 150 184 0.99664
00007.jpg 464 145 145 208 0.99640
00007.jpg 574 221 133 153 0.99634
00007.jpg 1 176 60 262 0.99566
00007.jpg 462 145 133 194 0.99480
00007.jpg 457 145 140 189 0.99425
00007.jpg 457 150 137 186 0.99339
00007.jpg 1 177 61 262 0.99322
00007.jpg 1 177 61 258 0.99298
00007.jpg 4 177 54 259 0.99208
00007.jpg 458 150 142 189 0.99187
00007.jpg 456 157 141 184 0.99168
00007.jpg 0 179 56 254 0.99165
00007.jpg 1 183 53 260 0.99153
00007.jpg 459 141 140 200 0.99140
00007.jpg 458 151 143 197 0.99066
00007.jpg 462 146 137 195 0.99056
00007.jpg 578 228 127 142 0.98996
00007.jpg 4 180 56 260 0.98890
00007.jpg 2 180 56 262 0.98848
00007.jpg 464 150 129 191 0.98771
00007.jpg 568 228 144 155 0.98744
00007.jpg 0 179 58 260 0.98708
00007.jpg 459 148 146 190 0.98642
00007.jpg 2 178 60 261 0.98580
00007.jpg 0 178 60 266 0.98556
00007.jpg 0 176 58 262 0.98531
00007.jpg 1 182 56 256 0.98221
00007.jpg 575 226 132 147 0.98185
00007.jpg 462 153 139 182 0.98159
00007.jpg 578 230 127 145 0.98130
00007.jpg 0 177 58 263 0.98110
00007.jpg 0 178 60 260 0.98070
00007.jpg 2 181 58 260 0.98070
00007.jpg 456 148 142 189 0.98010
00007.jpg 1 175 64 269 0.97999
00007.jpg 461 150 147 188 0.97990
00007.jpg 0 177 60 263 0.97975
00007.jpg 573 219 131 159 0.97933
00007.jpg 459 144 135 193 0.97893
00007.jpg 2 177 54 269 0.97883
00007.jpg 574 219 132 163 0.97872
00007.jpg 0 182 58 259 0.97724
00007.jpg 579 226 123 154 0.97702
00007.jpg 570 225 141 145 0.97700
00007.jpg 457 152 146 191 0.97679
00007.jpg 572 223 133 156 0.97429
00007.jpg 5 176 58 266 0.97345
00007.jpg 575 219 135 151 0.97343
00007.jpg 577 224 131 153 0.97293
00007.jpg 575 227 131 145 0.97259
00007.jpg 577 220 129 155 0.97095
00007.jpg 460 145 138 190 0.97059
00007.jpg 575 223 135 162 0.96946
00007.jpg 455 152 146 191 0.96918
00007.jpg 1 183 57 256 0.96797
00007.jpg 1 169 62 276 0.96775
00007.jpg 573 220 140 159 0.96772
00007.jpg 458 150 140 193 0.96761
00007.jpg 348 143 126 148 0.96698
00007.jpg 587 224 116 149 0.96667
00007.jpg 450 152 151 193 0.96570
00007.jpg 584 222 123 152 0.96499
00007.jpg 581 225 126 155 0.96460
00007.jpg 451 148 150 190 0.96448
00007.jpg 570 226 131 141 0.96442
00007.jpg 572 227 133 148 0.96436
00007.jpg 456 151 141 185 0.96430
00007.jpg 572 225 136 145 0.96385
00007.jpg 573 223 131 148 0.96280
00007.jpg 457 154 140 186 0.96128
00007.jpg 564 227 135 145 0.95952
00007.jpg 582 220 123 159 0.95951
00007.jpg 459 148 144 191 0.95841
00007.jpg 456 151 147 180 0.95707
00007.jpg 465 149 138 194 0.95620
00007.jpg 342 144 127 143 0.95521
00007.jpg 351 138 116 150 0.95489
00007.jpg 0 177 59 267 0.95373
00007.jpg 450 162 155 177 0.95364
00007.jpg 458 159 147 180 0.95343
00007.jpg 345 144 129 139 0.95296
00007.jpg 344 141 136 149 0.95264
00007.jpg 458 144 139 206 0.95064
00007.jpg 347 147 137 140 0.95057
00007.jpg 2 176 55 268 0.94941
00007.jpg 578 225 127 147 0.94806
00007.jpg 566 226 139 147 0.94777
00007.jpg 452 146 145 193 0.94728
00007.jpg 0 180 59 255 0.94710
00007.jpg 455 153 148 182 0.94670
00007.jpg 575 223 126 150 0.94626
00007.jpg 579 219 130 159 0.94553
00007.jpg 1 181 55 255 0.94491
00007.jpg 450 154 154 172 0.94419
00007.jpg 1 183 56 248 0.94388
00007.jpg 451 147 151 195 0.94279
00007.jpg 357 145 119 147 0.94259
00007.jpg 454 152 150 175 0.94133
00007.jpg 454 144 149 190 0.94062
00007.jpg 1 178 55 259 0.93920
00007.jpg 0 174 57 265 0.93891
00007.jpg 464 146 129 198 0.93793
00007.jpg 583 227 121 148 0.93779
00007.jpg 455 151 146 181 0.93665
00007.jpg 575 223 131 146 0.93474
00007.jpg 575 221 131 162 0.93471
00007.jpg 347 148 128 142 0.93195
00007.jpg 348 151 122 134 0.93186
00007.jpg 0 170 61 270 0.93112
00007.jpg 458 145 142 196 0.92962
00007.jpg 344 142 138 141 0.92957
00007.jpg 345 150 128 136 0.92784
00007.jpg 578 223 128 142 0.92490
00007.jpg 344 141 131 138 0.92425
00007.jpg 582 226 126 150 0.92368
00007.jpg 449 154 158 182 0.92060
00007.jpg 346 148 133 135 0.91862
00007.jpg 450 156 163 183 0.91804
00007.jpg 583 227 119 149 0.91754
00007.jpg 347 142 120 144 0.91698
00007.jpg 572 228 136 147 0.91683
00007.jpg 457 160 143 177 0.91650
00007.jpg 458 151 148 181 0.91620
00007.jpg 0 176 63 263 0.91588
00007.jpg 458 151 141 180 0.91574
00007.jpg 455 154 146 187 0.91467
00007.jpg 567 212 144 162 0.91243
00007.jpg 581 224 129 147 0.91223
00007.jpg 458 154 150 193 0.91109
00007.jpg 574 219 136 156 0.91067
00007.jpg 342 145 134 138 0.90909
00007.jpg 578 229 127 146 0.90907
00007.jpg 583 227 122 146 0.90872
00007.jpg 459 159 141 178 0.90760
00007.jpg 584 220 117 154 0.90616
00007.jpg 343 144 140 143 0.90608
00007.jpg 347 142 124 140 0.90392
00007.jpg 457 153 147 188 0.90361
00007.jpg 346 147 118 137 0.90294
00007.jpg 0 182 58 259 0.90225
00007.jpg 460 145 142 199 0.89802
00007.jpg 458 146 141 197 0.89756
00007.jpg 345 144 129 142 0.89730
00007.jpg 0 168 58 273 0.89570
00007.jpg 347 146 125 142 0.89113
00007.jpg 343 141 133 146 0.89077
00007.jpg 455 145 148 194 0.88876
00007.jpg 0 183 60 251 0.88313
00007.jpg 1 180 57 257 0.88221
00007.jpg 456 151 142 199 0.88211
00007.jpg 578 222 126 162 0.88068
00007.jpg 347 145 126 144 0.88029
00007.jpg 348 154 130 138 0.87954
00007.jpg 346 143 113 135 0.87907
00007.jpg 454 154 158 190 0.87893
00007.jpg 586 230 116 145 0.87811
00007.jpg 570 221 137 156 0.87575
00007.jpg 581 220 123 148 0.87515
00007.jpg 346 138 129 146 0.87374
00007.jpg 349 137 129 155 0.87203
00007.jpg 3 168 60 268 0.86803
00007.jpg 348 141 122 142 0.86760
00007.jpg 456 154 148 191 0.86417
00007.jpg 579 221 129 156 0.85463
00007.jpg 348 147 124 142 0.85367
00007.jpg 465 142 133 210 0.85323
00007.jpg 332 146 150 140 0.85153
00007.jpg 573 226 136 155 0.84837
00007.jpg 462 154 131 184 0.84779
00007.jpg 582 226 116 149 0.84424
00007.jpg 452 151 152 187 0.84094
00007.jpg 347 145 128 139 0.84029
00007.jpg 457 146 150 192 0.83822
00007.jpg 456 146 143 193 0.83821
00007.jpg 1 180 63 251 0.83653
00007.jpg 454 150 155 198 0.83556
00007.jpg 454 147 149 188 0.83008
00007.jpg 566 196 138 183 0.82903
00007.jpg 4 183 48 237 0.82767
00007.jpg 574 221 130 152 0.82657
00007.jpg 584 231 117 141 0.82494
00007.jpg 343 139 133 151 0.82414
00007.jpg 343 142 126 141 0.81352
00007.jpg 452 150 151 190 0.81088
00007.jpg 460 148 142 190 0.80831
00007.jpg 352 157 111 126 0.80279
00007.jpg 579 218 121 159 0.80118
00007.jpg 455 148 146 187 0.79688
00007.jpg 579 222 124 156 0.79159
00007.jpg 344 145 126 139 0.79010
00007.jpg 452 150 140 179 0.78531
00007.jpg 573 226 133 152 0.78264
00007.jpg 458 152 156 185 0.78112
00007.jpg 343 151 122 135 0.77896
00007.jpg 343 141 131 156 0.77870
00007.jpg 349 147 124 141 0.77736
00007.jpg 354 149 108 137 0.77393
00007.jpg 578 223 128 156 0.77336
00007.jpg 0 163 59 280 0.77091
00007.jpg 345 148 115 132 0.76740
00007.jpg 347 153 125 132 0.76456
00007.jpg 583 222 114 157 0.76202
00007.jpg 460 154 146 194 0.75546
00007.jpg 338 139 148 146 0.75380
00007.jpg 347 141 130 142 0.74742
00007.jpg 576 222 133 153 0.74736
00007.jpg 455 147 148 169 0.74376
00007.jpg 456 145 144 170 0.74178
00007.jpg 454 151 154 181 0.73701
00007.jpg 4 178 61 262 0.73608
00007.jpg 345 150 130 141 0.73488
00007.jpg 582 222 126 153 0.73139
00007.jpg 0 185 56 256 0.72919
00007.jpg 5 184 55 254 0.72822
00007.jpg 573 222 136 157 0.72697
00007.jpg 1 173 63 258 0.71798
00007.jpg 590 225 105 147 0.71713
00007.jpg 452 150 165 182 0.71279
00007.jpg 568 225 132 150 0.70795
00007.jpg 341 141 136 149 0.70629
00007.jpg 348 144 129 143 0.70562
00007.jpg 341 142 133 154 0.70127
00007.jpg 345 146 122 140 0.70122
00007.jpg 450 153 158 181 0.69640
00007.jpg 461 176 152 157 0.69516
00007.jpg 348 150 127 135 0.68653
00007.jpg 348 158 130 135 0.68581
00007.jpg 349 136 113 153 0.68573
00007.jpg 345 151 135 139 0.68380
00007.jpg 350 143 130 149 0.68255
00007.jpg 347 143 136 143 0.67884
00007.jpg 347 150 112 132 0.67354
00007.jpg 572 220 132 153 0.67261
00007.jpg 459 149 148 190 0.67190
00007.jpg 347 144 141 148 0.67117
00007.jpg 0 183 54 255 0.67104
00007.jpg 347 145 132 145 0.66925
00007.jpg 566 221 150 145 0.66785
00007.jpg 345 140 144 151 0.65906
00007.jpg 459 151 145 185 0.65615
00007.jpg 347 138 121 147 0.64734
00007.jpg 5 180 59 261 0.64475
00007.jpg 571 226 128 144 0.64225
00007.jpg 587 232 110 140 0.63964
00007.jpg 2 178 61 263 0.63720
00007.jpg 342 142 145 156 0.61880
00007.jpg 586 235 106 125 0.61421
00007.jpg 453 149 151 180 0.60435
00007.jpg 589 232 106 138 0.59808
00007.jpg 343 150 113 130 0.59179
00007.jpg 346 151 137 150 0.58885
00007.jpg 450 158 160 174 0.58813
00007.jpg 348 151 117 127 0.58384
00007.jpg 452 148 142 183 0.58157
00007.jpg 452 144 191 205 0.58005
00007.jpg 465 147 128 180 0.57681
00007.jpg 587 230 110 139 0.57571
00007.jpg 560 226 146 147 0.57185
00007.jpg 354 152 101 138 0.56999
00007.jpg 353 143 114 136 0.56321
00007.jpg 576 224 130 156 0.55595
00007.jpg 584 228 114 142 0.55563
00007.jpg 0 182 63 258 0.55499
00007.jpg 454 147 146 184 0.55058
00007.jpg 349 142 129 152 0.53628
00007.jpg 571 216 140 161 0.53571
00007.jpg 462 153 148 183 0.53430
00007.jpg 1 182 52 250 0.52661
00007.jpg 451 164 145 178 0.52241
00007.jpg 346 151 119 136 0.51743
00007.jpg 464 147 140 167 0.51513
00007.jpg 2 167 49 279 0.51494
00007.jpg 342 150 120 141 0.51299
00007.jpg 350 145 138 150 0.51289
00007.jpg 463 143 155 202 0.50725
00007.jpg 453 151 148 149 0.50340
00007.jpg 344 154 128 138 0.50107
