00003.jpg 500 224 173 169 0.98986
00003.jpg 501 224 163 168 0.98706
00003.jpg 502 223 173 172 0.98677
00003.jpg 493 222 186 165 0.98427
00003.jpg 507 226 167 166 0.98402
00003.jpg 497 217 171 179 0.98309
00003.jpg 476 165 97 115 0.97927
00003.jpg 497 216 183 170 0.97780
00003.jpg 505 224 165 173 0.97775
00003.jpg 370 154 84 140 0.97507
00003.jpg 369 155 86 128 0.97204
00003.jpg 500 213 177 190 0.97140
00003.jpg 481 171 88 99 0.96788
00003.jpg 367 153 87 137 0.96755
00003.jpg 505 220 167 178 0.96711
00003.jpg 500 218 174 175 0.96441
00003.jpg 478 217 194 169 0.96316
00003.jpg 502 215 177 182 0.96104
00003.jpg 365 149 104 145 0.96065
00003.jpg 492 221 179 167 0.96060
00003.jpg 435 167 145 178 0.95839
00003.jpg 507 219 168 177 0.95688
00003.jpg 516 222 157 175 0.95628
00003.jpg 452 165 127 167 0.95416
00003.jpg 479 167 91 101 0.95164
00003.jpg 512 219 167 175 0.95124
00003.jpg 492 215 172 171 0.95061
00003.jpg 480 165 96 114 0.94929
00003.jpg 520 223 150 173 0.94608
00003.jpg 465 166 110 160 0.94591
00003.jpg 485 168 82 101 0.94548
00003.jpg 395 180 188 146 0.94355
00003.jpg 490 222 193 180 0.94319
00003.jpg 369 151 88 142 0.94286
00003.jpg 497 218 172 170 0.94260
00003.jpg 489 220 194 164 0.94249
00003.jpg 505 226 168 166 0.94247
00003.jpg 476 171 100 94 0.94177
00003.jpg 380 176 201 127 0.94156
00003.jpg 494 216 169 175 0.94149
00003.jpg 406 184 167 154 0.94085
00003.jpg 369 150 87 143 0.93970
00003.jpg 479 168 97 101 0.93944
00003.jpg 492 213 172 185 0.93900
00003.jpg 372 154 90 133 0.93750
00003.jpg 444 163 135 185 0.93711
00003.jpg 386 169 191 139 0.93591
00003.jpg 480 167 93 99 0.93588
00003.jpg 478 167 100 99 0.93475
00003.jpg 493 204 173 186 0.93401
00003.jpg 367 148 108 144 0.93278
00003.jpg 370 149 106 147 0.93278
00003.jpg 506 226 165 172 0.93261
00003.jpg 369 150 85 143 0.93211
00003.jpg 369 153 85 138 0.93060
00003.jpg 520 223 150 173 0.92665
00003.jpg 375 146 89 154 0.92625
00003.jpg 477 172 95 96 0.92619
00003.jpg 456 168 118 140 0.92613
00003.jpg 370 155 85 137 0.92548
00003.jpg 482 211 184 185 0.92512
00003.jpg 478 170 92 102 0.92465
00003.jpg 487 224 185 170 0.92353
00003.jpg 506 213 169 184 0.92267
00003.jpg 491 217 175 170 0.92202
00003.jpg 504 228 168 155 0.92178
00003.jpg 483 220 198 175 0.92102
00003.jpg 483 171 90 103 0.92007
00003.jpg 486 218 186 172 0.91966
00003.jpg 467 171 111 137 0.91776
00003.jpg 492 216 172 172 0.91728
00003.jpg 372 153 83 133 0.91523
00003.jpg 512 218 156 186 0.91356
00003.jpg 366 151 100 148 0.91152
00003.jpg 476 168 100 102 0.91124
00003.jpg 366 154 90 137 0.91088
00003.jpg 509 219 159 174 0.90929
00003.jpg 499 207 170 189 0.90766
00003.jpg 370 148 88 147 0.90662
00003.jpg 458 170 145 200 0.90324
00003.jpg 482 167 87 101 0.90130
00003.jpg 492 217 178 172 0.90106
00003.jpg 520 226 154 161 0.90103
00003.jpg 481 171 93 96 0.90016
00003.jpg 368 155 86 131 0.89852
00003.jpg 509 225 168 176 0.89753
00003.jpg 455 166 121 152 0.89725
00003.jpg 481 168 91 105 0.89657
00003.jpg 481 170 91 96 0.89617
00003.jpg 465 170 111 132 0.89523
00003.jpg 467 210 191 187 0.89521
00003.jpg 373 149 87 145 0.89470
00003.jpg 481 167 92 101 0.89328
00003.jpg 504 219 167 179 0.89319
00003.jpg 373 153 78 137 0.89300
00003.jpg 368 145 90 154 0.89290
00003.jpg 367 146 90 150 0.89290
00003.jpg 366 149 83 148 0.88936
00003.jpg 369 145 95 152 0.88804
00003.jpg 495 214 179 181 0.88790
00003.jpg 504 213 167 181 0.88685
00003.jpg 456 164 128 173 0.88571
00003.jpg 1 200 17 105 0.88307
00003.jpg 375 152 77 141 0.88039
00003.jpg 508 227 161 168 0.88021
00003.jpg 1 205 14 95 0.87825
00003.jpg 458 166 126 177 0.87767
00003.jpg 480 170 95 100 0.87383
00003.jpg 496 224 179 168 0.87165
00003.jpg 479 169 95 104 0.87077
00003.jpg 477 174 101 103 0.86954
00003.jpg 371 153 84 141 0.86797
00003.jpg 370 145 97 158 0.86758
00003.jpg 372 153 80 132 0.86701
00003.jpg 366 149 96 147 0.86639
00003.jpg 499 212 162 180 0.86577
00003.jpg 473 164 103 140 0.86402
00003.jpg 370 152 82 140 0.86045
00003.jpg 372 155 83 138 0.85986
00003.jpg 513 224 162 169 0.85762
00003.jpg 474 159 95 185 0.85741
00003.jpg 371 154 82 134 0.85714
00003.jpg 410 180 194 160 0.85674
00003.jpg 448 166 144 184 0.85638
00003.jpg 506 221 167 163 0.85516
00003.jpg 373 151 80 142 0.85511
00003.jpg 482 165 92 136 0.85438
00003.jpg 451 158 128 194 0.85353
00003.jpg 369 156 123 142 0.85059
00003.jpg 373 148 93 151 0.84956
00003.jpg 410 173 170 158 0.84753
00003.jpg 419 172 165 169 0.84719
00003.jpg 481 169 87 93 0.84485
00003.jpg 367 151 89 137 0.84374
00003.jpg 371 175 195 153 0.84336
00003.jpg 376 176 188 154 0.84336
00003.jpg 480 170 92 102 0.84321
00003.jpg 361 149 143 157 0.84254
00003.jpg 370 160 88 131 0.83890
00003.jpg 373 181 213 146 0.83884
00003.jpg 473 163 105 118 0.83516
00003.jpg 375 144 83 149 0.83506
00003.jpg 512 219 162 180 0.83213
00003.jpg 472 163 117 177 0.83213
00003.jpg 516 223 153 172 0.83205
00003.jpg 455 196 210 207 0.83050
00003.jpg 2 202 19 102 0.83035
00003.jpg 373 157 90 136 0.82740
00003.jpg 480 212 188 182 0.82692
00003.jpg 480 168 91 119 0.82020
00003.jpg 505 224 167 162 0.81838
00003.jpg 442 166 142 187 0.81292
00003.jpg 371 156 78 132 0.80919
00003.jpg 366 155 102 143 0.80803
00003.jpg 506 220 171 168 0.80802
00003.jpg 476 190 192 201 0.80792
00003.jpg 484 171 85 97 0.80765
00003.jpg 388 159 195 167 0.80707
00003.jpg 366 153 143 156 0.80500
00003.jpg 363 153 116 141 0.80072
00003.jpg 480 170 85 99 0.80050
00003.jpg 382 163 197 155 0.79924
00003.jpg 377 161 204 168 0.79839
00003.jpg 481 169 91 100 0.79719
00003.jpg 358 167 160 134 0.79528
00003.jpg 371 159 122 145 0.79503
00003.jpg 478 167 93 103 0.79017
00003.jpg 371 154 99 145 0.78561
00003.jpg 518 220 158 175 0.78162
00003.jpg 490 197 184 203 0.77844
00003.jpg 476 169 95 106 0.77662
00003.jpg 478 159 106 164 0.77580
00003.jpg 466 180 124 174 0.77231
00003.jpg 482 180 92 95 0.76819
00003.jpg 451 158 151 203 0.76786
00003.jpg 424 177 143 150 0.76234
00003.jpg 501 223 168 163 0.76045
00003.jpg 513 223 163 171 0.76027
00003.jpg 380 190 229 143 0.75502
00003.jpg 367 169 188 153 0.75478
00003.jpg 375 180 185 132 0.74765
00003.jpg 437 191 236 191 0.74761
00003.jpg 411 176 160 148 0.74691
00003.jpg 493 223 170 162 0.74642
00003.jpg 477 167 93 115 0.74119
00003.jpg 507 220 169 179 0.73908
00003.jpg 370 146 86 150 0.73718
00003.jpg 523 226 154 164 0.73034
00003.jpg 481 170 94 102 0.72598
00003.jpg 371 153 80 133 0.72352
00003.jpg 415 185 136 151 0.72319
00003.jpg 368 146 116 162 0.71889
00003.jpg 448 161 132 191 0.71696
00003.jpg 371 151 83 137 0.71630
00003.jpg 363 163 174 150 0.71629
00003.jpg 369 154 93 142 0.71509
00003.jpg 478 170 95 99 0.71344
00003.jpg 368 148 101 155 0.71124
00003.jpg 480 162 87 104 0.71045
00003.jpg 478 166 91 100 0.70955
00003.jpg 478 167 96 101 0.70831
00003.jpg 370 170 180 149 0.69768
00003.jpg 499 215 177 182 0.69360
00003.jpg 364 154 91 130 0.68865
00003.jpg 372 151 78 134 0.68676
00003.jpg 371 151 80 137 0.68508
00003.jpg 385 193 167 133 0.68418
00003.jpg 480 165 87 101 0.68378
00003.jpg 515 221 170 179 0.68343
00003.jpg 429 170 213 199 0.68223
00003.jpg 366 165 194 162 0.68088
00003.jpg 453 186 201 187 0.68062
00003.jpg 381 176 178 146 0.67924
00003.jpg 501 226 164 165 0.67707
00003.jpg 482 170 89 101 0.67610
00003.jpg 422 177 169 175 0.67220
00003.jpg 441 165 151 172 0.67049
00003.jpg 478 171 95 92 0.66790
00003.jpg 374 155 81 137 0.66735
00003.jpg 373 154 77 134 0.66354
00003.jpg 366 152 82 137 0.66284
00003.jpg 482 203 207 188 0.66153
00003.jpg 366 165 187 143 0.65986
00003.jpg 485 212 183 186 0.65721
00003.jpg 377 166 196 177 0.65548
00003.jpg 505 217 170 169 0.65431
00003.jpg 440 169 136 149 0.64983
00003.jpg 370 155 88 134 0.64758
00003.jpg 377 150 73 136 0.64694
00003.jpg 378 156 103 151 0.64517
00003.jpg 433 168 147 180 0.64043
00003.jpg 478 166 95 116 0.63848
00003.jpg 475 159 112 162 0.63687
00003.jpg 366 174 174 130 0.63485
00003.jpg 358 178 223 146 0.63476
00003.jpg 441 183 218 197 0.63469
00003.jpg 494 214 181 190 0.63430
00003.jpg 449 167 196 215 0.63389
00003.jpg 467 165 114 126 0.63144
00003.jpg 370 180 201 143 0.63015
00003.jpg 369 166 202 170 0.62646
00003.jpg 393 188 178 152 0.62600
00003.jpg 420 175 199 213 0.62591
00003.jpg 462 169 107 174 0.62548
00003.jpg 376 153 84 133 0.61995
00003.jpg 379 167 165 150 0.61847
00003.jpg 460 203 200 194 0.61781
00003.jpg 387 180 152 139 0.61585
00003.jpg 369 164 92 120 0.61349
00003.jpg 462 171 134 216 0.61186
00003.jpg 377 167 221 164 0.60855
00003.jpg 369 157 117 147 0.60730
00003.jpg 415 185 246 194 0.60675
00003.jpg 374 164 182 152 0.60466
00003.jpg 368 157 134 139 0.60300
00003.jpg 518 221 149 181 0.60199
00003.jpg 367 153 126 147 0.60152
00003.jpg 394 182 204 164 0.60101
00003.jpg 390 172 126 142 0.60096
00003.jpg 365 167 180 153 0.59896
00003.jpg 512 217 162 181 0.59213
00003.jpg 372 170 194 172 0.58781
00003.jpg 479 166 87 161 0.58666
00003.jpg 357 186 202 122 0.58586
00003.jpg 452 176 127 113 0.58513
00003.jpg 466 195 208 191 0.58401
00003.jpg 0 202 22 103 0.58374
00003.jpg 457 171 133 190 0.58080
00003.jpg 512 222 158 176 0.57258
00003.jpg 381 163 218 180 0.57229
00003.jpg 478 180 178 196 0.56872
00003.jpg 475 173 95 86 0.56831
00003.jpg 366 157 129 136 0.56622
00003.jpg 468 210 195 175 0.56450
00003.jpg 453 164 151 168 0.56084
00003.jpg 442 187 204 206 0.55584
00003.jpg 391 188 162 140 0.55342
00003.jpg 481 177 92 94 0.55305
00003.jpg 478 171 97 110 0.54718
00003.jpg 363 162 156 154 0.54470
00003.jpg 372 151 78 136 0.54326
00003.jpg 477 179 80 157 0.54037
00003.jpg 477 169 97 108 0.53912
00003.jpg 411 158 239 182 0.53910
00003.jpg 524 223 139 176 0.53812
00003.jpg 369 153 88 139 0.53714
00003.jpg 481 169 97 97 0.53235
00003.jpg 421 187 244 202 0.53093
00003.jpg 395 170 224 194 0.53078
00003.jpg 437 179 119 156 0.53060
00003.jpg 479 168 94 95 0.52956
00003.jpg 479 171 97 97 0.52934
00003.jpg 422 174 188 203 0.52754
00003.jpg 524 231 140 156 0.52547
00003.jpg 369 176 190 137 0.52198
00003.jpg 378 150 80 131 0.52171
00003.jpg 444 194 226 178 0.52037
00003.jpg 481 209 177 188 0.52015
00003.jpg 394 165 218 195 0.51722
00003.jpg 480 169 90 101 0.51490
00003.jpg 372 167 157 150 0.51125
00003.jpg 365 157 141 140 0.50976
00003.jpg 481 172 92 94 0.50891
00003.jpg 376 176 162 134 0.50862
00003.jpg 375 160 126 136 0.50255
00003.jpg 366 183 177 111 0.50182
00003.jpg 390 168 220 183 0.50092
00003.jpg 484 166 80 96 0.49974
00003.jpg 368 184 202 129 0.49927
