00006.jpg 0 173 44 258 0.99680
00006.jpg 0 177 45 247 0.99582
00006.jpg 0 166 45 272 0.99457
00006.jpg 570 227 117 157 0.99355
00006.jpg 559 227 125 156 0.99193
00006.jpg 0 163 43 264 0.98978
00006.jpg 0 164 45 268 0.98906
00006.jpg 574 227 111 155 0.98793
00006.jpg 2 176 43 257 0.98679
00006.jpg 463 154 123 105 0.98535
00006.jpg 458 150 138 158 0.98453
00006.jpg 346 143 130 142 0.98431
00006.jpg 350 150 140 141 0.98421
00006.jpg 0 178 46 253 0.98376
00006.jpg 576 236 111 145 0.98361
00006.jpg 576 234 108 141 0.98350
00006.jpg 1 171 41 263 0.98350
00006.jpg 0 174 42 254 0.98290
00006.jpg 565 232 114 149 0.98152
00006.jpg 568 225 121 153 0.98062
00006.jpg 568 226 119 157 0.98039
00006.jpg 562 226 130 155 0.97930
00006.jpg 351 136 136 161 0.97837
00006.jpg 0 177 45 255 0.97814
00006.jpg 351 139 118 151 0.97764
00006.jpg 0 171 45 258 0.97752
00006.jpg 564 228 123 148 0.97709
00006.jpg 562 227 126 154 0.97614
00006.jpg 573 230 110 149 0.97425
00006.jpg 0 169 45 261 0.97280
00006.jpg 571 230 117 149 0.97276
00006.jpg 0 170 45 268 0.97223
00006.jpg 459 147 140 152 0.97152
00006.jpg 567 234 121 144 0.97115
00006.jpg 353 152 122 139 0.97071
00006.jpg 571 233 116 143 0.97060
00006.jpg 567 226 123 148 0.97023
00006.jpg 461 157 131 127 0.96991
00006.jpg 562 229 119 150 0.96929
00006.jpg 579 234 103 145 0.96736
00006.jpg 565 216 124 173 0.96566
00006.jpg 356 146 115 136 0.96557
00006.jpg 463 155 123 108 0.96500
00006.jpg 569 234 115 151 0.96457
00006.jpg 2 177 46 257 0.96299
00006.jpg 353 150 123 138 0.96226
00006.jpg 0 175 45 252 0.96207
00006.jpg 4 181 46 245 0.96077
00006.jpg 449 152 146 144 0.96055
00006.jpg 461 150 135 127 0.95975
00006.jpg 581 228 100 152 0.95963
00006.jpg 461 152 128 118 0.95702
00006.jpg 353 147 126 142 0.95681
00006.jpg 460 152 129 127 0.95609
00006.jpg 576 235 105 145 0.95466
00006.jpg 456 145 137 157 0.95450
00006.jpg 577 233 103 146 0.95225
00006.jpg 570 232 114 146 0.95066
00006.jpg 0 176 46 258 0.95032
00006.jpg 567 230 116 146 0.94903
00006.jpg 353 147 127 143 0.94873
00006.jpg 456 154 133 126 0.94691
00006.jpg 576 229 110 148 0.94676
00006.jpg 464 156 122 106 0.94228
00006.jpg 577 227 107 157 0.94200
00006.jpg 345 145 139 140 0.94078
00006.jpg 351 143 124 149 0.94033
00006.jpg 456 145 135 183 0.94032
00006.jpg 573 224 113 158 0.93975
00006.jpg 566 233 124 146 0.93969
00006.jpg 1 177 44 266 0.93962
00006.jpg 0 169 44 270 0.93916
00006.jpg 349 144 124 144 0.93916
00006.jpg 463 154 120 105 0.93755
00006.jpg 564 230 119 152 0.93718
00006.jpg 559 224 132 148 0.93689
00006.jpg 456 149 145 147 0.93649
00006.jpg 455 147 142 176 0.93521
00006.jpg 0 177 50 248 0.93432
00006.jpg 576 232 110 147 0.93362
00006.jpg 569 228 121 154 0.93305
00006.jpg 351 147 130 139 0.93168
00006.jpg 0 156 45 278 0.93032
00006.jpg 350 147 143 146 0.92946
00006.jpg 356 140 122 147 0.92932
00006.jpg 0 173 42 262 0.92774
00006.jpg 351 142 129 142 0.92659
00006.jpg 467 154 111 105 0.92613
00006.jpg 569 231 121 151 0.92569
00006.jpg 461 149 141 186 0.92522
00006.jpg 563 223 125 160 0.92283
00006.jpg 461 148 138 122 0.92251
00006.jpg 562 230 115 149 0.92158
00006.jpg 350 138 138 152 0.91985
00006.jpg 349 141 122 146 0.91736
00006.jpg 354 145 128 142 0.91721
00006.jpg 350 148 136 139 0.91642
00006.jpg 347 144 158 148 0.91604
00006.jpg 3 176 47 249 0.91431
00006.jpg 456 150 138 167 0.91218
00006.jpg 4 190 34 233 0.91112
00006.jpg 350 142 125 149 0.90885
00006.jpg 563 222 129 153 0.90766
00006.jpg 569 224 120 154 0.90631
00006.jpg 579 228 100 155 0.90583
00006.jpg 563 227 118 154 0.90570
00006.jpg 469 147 127 135 0.90472
00006.jpg 575 227 107 156 0.90271
00006.jpg 580 232 98 149 0.90159
00006.jpg 1 167 41 268 0.90032
00006.jpg 555 226 133 156 0.90031
00006.jpg 461 153 124 118 0.89945
00006.jpg 466 152 118 108 0.89938
00006.jpg 464 153 113 116 0.89854
00006.jpg 351 149 108 134 0.89561
00006.jpg 464 156 121 105 0.89556
00006.jpg 456 146 147 158 0.89470
00006.jpg 453 147 156 185 0.89462
00006.jpg 350 136 132 153 0.89457
00006.jpg 351 160 116 124 0.89132
00006.jpg 453 149 135 171 0.89105
00006.jpg 357 142 111 150 0.88937
00006.jpg 568 230 124 153 0.88833
00006.jpg 350 142 124 148 0.88674
00006.jpg 350 141 125 144 0.88578
00006.jpg 574 225 112 151 0.88323
00006.jpg 570 225 114 158 0.88294
00006.jpg 567 228 116 147 0.88254
00006.jpg 3 178 39 244 0.88224
00006.jpg 448 147 160 174 0.87845
00006.jpg 348 147 126 145 0.87767
00006.jpg 346 139 131 155 0.87718
00006.jpg 461 148 143 175 0.87680
00006.jpg 453 147 139 188 0.87597
00006.jpg 1 174 50 258 0.87588
00006.jpg 349 141 124 150 0.87581
00006.jpg 456 146 132 149 0.87488
00006.jpg 578 232 98 142 0.87409
00006.jpg 567 221 126 155 0.87358
00006.jpg 1 174 51 252 0.87171
00006.jpg 345 147 129 136 0.87145
00006.jpg 344 146 119 137 0.87112
00006.jpg 457 151 130 115 0.87002
00006.jpg 352 140 127 149 0.86830
00006.jpg 456 143 137 186 0.86829
00006.jpg 585 226 89 155 0.86706
00006.jpg 359 143 111 144 0.86618
00006.jpg 351 148 125 141 0.86607
00006.jpg 354 142 118 148 0.86309
00006.jpg 354 140 119 146 0.86154
00006.jpg 460 155 133 146 0.85805
00006.jpg 352 141 126 148 0.85610
00006.jpg 463 148 132 181 0.85233
00006.jpg 354 143 130 141 0.85212
00006.jpg 1 169 43 262 0.85168
00006.jpg 1 171 45 260 0.84997
00006.jpg 462 147 140 194 0.84985
00006.jpg 566 228 124 158 0.84968
00006.jpg 353 142 114 148 0.84873
00006.jpg 353 140 127 157 0.84744
00006.jpg 347 147 126 141 0.84436
00006.jpg 352 147 111 140 0.83320
00006.jpg 351 141 113 148 0.83094
00006.jpg 2 176 49 251 0.83022
00006.jpg 0 157 41 277 0.82765
00006.jpg 459 157 129 103 0.82523
00006.jpg 361 142 120 149 0.82481
00006.jpg 453 146 166 205 0.82365
00006.jpg 431 149 157 164 0.82316
00006.jpg 0 178 50 237 0.82293
00006.jpg 447 174 172 159 0.82193
00006.jpg 577 225 110 160 0.82040
00006.jpg 575 227 115 156 0.81969
00006.jpg 456 146 138 192 0.81966
00006.jpg 453 161 155 176 0.81826
00006.jpg 0 173 49 259 0.81821
00006.jpg 1 164 43 275 0.81674
00006.jpg 465 154 125 122 0.81669
00006.jpg 457 142 146 190 0.81339
00006.jpg 562 228 122 154 0.81299
00006.jpg 464 158 121 101 0.80928
00006.jpg 354 152 132 134 0.80687
00006.jpg 468 154 117 104 0.80609
00006.jpg 461 154 129 103 0.80352
00006.jpg 1 170 41 261 0.80273
00006.jpg 561 239 124 140 0.80123
00006.jpg 340 147 143 135 0.79630
00006.jpg 575 230 108 151 0.79183
00006.jpg 582 233 97 144 0.79093
00006.jpg 1 173 45 258 0.79056
00006.jpg 472 152 113 114 0.77934
00006.jpg 549 234 140 152 0.77810
00006.jpg 567 224 118 160 0.77659
00006.jpg 466 157 118 106 0.77345
00006.jpg 354 148 126 132 0.77234
00006.jpg 457 156 151 182 0.76818
00006.jpg 461 153 134 118 0.76442
00006.jpg 371 138 153 162 0.76428
00006.jpg 576 238 105 132 0.76235
00006.jpg 466 153 137 193 0.75912
00006.jpg 465 148 130 121 0.75841
00006.jpg 458 148 143 140 0.75671
00006.jpg 578 231 102 149 0.75669
00006.jpg 351 140 134 146 0.75127
00006.jpg 447 164 151 180 0.75106
00006.jpg 350 143 139 145 0.74350
00006.jpg 465 150 125 116 0.74231
00006.jpg 350 138 128 145 0.74220
00006.jpg 454 144 142 196 0.73836
00006.jpg 566 229 125 149 0.73123
00006.jpg 441 148 155 157 0.73053
00006.jpg 465 147 115 109 0.72928
00006.jpg 562 227 117 149 0.72890
00006.jpg 462 141 139 176 0.72853
00006.jpg 567 235 115 151 0.72844
00006.jpg 452 149 142 182 0.72594
00006.jpg 466 155 115 109 0.72458
00006.jpg 458 154 139 119 0.72450
00006.jpg 469 139 128 170 0.71666
00006.jpg 446 154 147 178 0.71507
00006.jpg 351 143 136 150 0.71452
00006.jpg 459 153 153 189 0.71193
00006.jpg 461 149 139 124 0.71015
00006.jpg 464 146 118 127 0.70649
00006.jpg 584 234 95 143 0.70386
00006.jpg 463 148 137 137 0.70009
00006.jpg 342 142 161 152 0.69909
00006.jpg 2 175 39 240 0.69833
00006.jpg 461 150 125 113 0.68388
00006.jpg 354 150 111 134 0.67997
00006.jpg 461 154 127 125 0.67563
00006.jpg 463 147 138 123 0.67412
00006.jpg 349 142 145 150 0.66396
00006.jpg 351 145 112 142 0.66394
00006.jpg 351 144 124 140 0.66317
00006.jpg 342 136 147 158 0.66277
00006.jpg 344 149 139 134 0.65294
00006.jpg 345 138 147 153 0.65274
00006.jpg 580 232 96 147 0.65269
00006.jpg 472 149 112 150 0.65237
00006.jpg 469 149 117 108 0.64452
00006.jpg 455 147 138 195 0.64052
00006.jpg 471 159 107 108 0.63461
00006.jpg 463 154 123 103 0.63347
00006.jpg 463 142 134 201 0.63341
00006.jpg 464 140 135 185 0.62691
00006.jpg 453 159 152 173 0.62655
00006.jpg 572 228 120 152 0.62465
00006.jpg 457 154 142 159 0.62063
00006.jpg 1 184 50 240 0.61879
00006.jpg 562 228 125 134 0.61853
00006.jpg 466 154 118 100 0.61678
00006.jpg 0 156 48 280 0.61541
00006.jpg 353 151 111 129 0.61205
00006.jpg 462 145 144 186 0.60705
00006.jpg 469 149 111 118 0.60643
00006.jpg 451 188 156 153 0.60603
00006.jpg 354 158 118 122 0.60594
00006.jpg 459 145 138 194 0.60104
00006.jpg 454 149 142 188 0.60099
00006.jpg 564 221 129 168 0.60023
00006.jpg 353 148 143 149 0.59508
00006.jpg 466 159 116 100 0.59438
00006.jpg 464 155 121 104 0.59385
00006.jpg 358 136 152 167 0.58413
00006.jpg 456 167 172 180 0.58352
00006.jpg 465 146 134 161 0.57231
00006.jpg 568 228 118 141 0.57132
00006.jpg 582 228 97 149 0.56873
00006.jpg 348 146 150 144 0.56475
00006.jpg 435 152 164 142 0.56323
00006.jpg 571 233 112 143 0.56288
00006.jpg 459 145 138 196 0.55975
00006.jpg 356 147 106 137 0.55862
00006.jpg 453 138 154 209 0.55312
00006.jpg 2 174 40 252 0.55288
00006.jpg 342 150 159 141 0.55166
00006.jpg 562 232 123 157 0.55082
00006.jpg 350 135 128 151 0.54955
00006.jpg 454 148 150 185 0.54532
00006.jpg 555 222 123 169 0.53865
00006.jpg 465 152 131 175 0.53846
00006.jpg 572 234 106 145 0.53340
00006.jpg 345 147 145 145 0.53327
00006.jpg 461 154 124 108 0.53259
00006.jpg 463 147 149 204 0.52991
00006.jpg 344 147 133 140 0.52725
00006.jpg 356 148 104 139 0.52167
00006.jpg 579 226 106 160 0.51849
00006.jpg 3 185 42 232 0.51735
00006.jpg 350 145 114 145 0.51323
00006.jpg 587 236 88 137 0.51167
00006.jpg 461 149 130 117 0.51117
00006.jpg 456 153 132 106 0.50977
00006.jpg 576 224 112 161 0.50853
00006.jpg 440 144 153 194 0.50560
00006.jpg 463 146 134 186 0.50516
00006.jpg 450 163 175 168 0.50394
00006.jpg 461 145 128 133 0.50067
