00016.jpg 145 216 113 270 0.99980
00016.jpg 144 212 110 272 0.99965
00016.jpg 152 213 99 278 0.99947
00016.jpg 441 148 186 165 0.99938
00016.jpg 149 211 107 272 0.99895
00016.jpg 638 211 156 136 0.99882
00016.jpg 145 215 107 272 0.99877
00016.jpg 156 224 93 254 0.99872
00016.jpg 153 219 96 262 0.99819
00016.jpg 151 211 108 277 0.99818
00016.jpg 147 220 110 258 0.99805
00016.jpg 635 210 164 138 0.99804
00016.jpg 308 139 156 126 0.99782
00016.jpg 145 214 112 275 0.99752
00016.jpg 151 225 105 254 0.99748
00016.jpg 156 220 98 264 0.99746
00016.jpg 452 146 178 167 0.99704
00016.jpg 153 226 97 261 0.99686
00016.jpg 428 152 199 152 0.99679
00016.jpg 149 210 104 269 0.99670
00016.jpg 444 151 186 160 0.99654
00016.jpg 146 218 108 265 0.99650
00016.jpg 154 217 96 267 0.99649
00016.jpg 310 137 166 135 0.99642
00016.jpg 146 222 113 263 0.99619
00016.jpg 148 212 104 266 0.99602
00016.jpg 152 218 102 266 0.99600
00016.jpg 150 221 101 261 0.99554
00016.jpg 146 217 106 273 0.99551
00016.jpg 307 144 160 125 0.99549
00016.jpg 300 143 172 123 0.99541
00016.jpg 632 210 167 139 0.99519
00016.jpg 145 217 116 267 0.99500
00016.jpg 149 218 109 265 0.99498
00016.jpg 639 208 155 144 0.99465
00016.jpg 152 215 103 267 0.99464
00016.jpg 439 144 193 170 0.99454
00016.jpg 626 211 175 140 0.99422
00016.jpg 445 147 183 162 0.99421
00016.jpg 150 216 106 263 0.99408
00016.jpg 441 153 184 154 0.99387
00016.jpg 434 151 195 164 0.99318
00016.jpg 149 216 109 266 0.99268
00016.jpg 635 214 165 135 0.99253
00016.jpg 304 139 170 129 0.99246
00016.jpg 438 146 190 163 0.99218
00016.jpg 638 206 161 136 0.99215
00016.jpg 146 221 111 262 0.99198
00016.jpg 306 136 164 137 0.99165
00016.jpg 635 206 165 144 0.99152
00016.jpg 640 208 159 137 0.99150
00016.jpg 440 142 183 177 0.99098
00016.jpg 442 148 194 161 0.99078
00016.jpg 444 152 182 156 0.99056
00016.jpg 435 148 204 163 0.99049
00016.jpg 444 144 177 166 0.99035
00016.jpg 307 136 152 135 0.99032
00016.jpg 638 213 159 134 0.99028
00016.jpg 440 147 191 159 0.99005
00016.jpg 636 210 166 141 0.98907
00016.jpg 631 209 172 141 0.98861
00016.jpg 441 146 177 167 0.98858
00016.jpg 637 203 161 145 0.98854
00016.jpg 304 135 167 135 0.98761
00016.jpg 434 148 190 169 0.98756
00016.jpg 147 228 106 258 0.98756
00016.jpg 311 136 163 137 0.98659
00016.jpg 440 154 195 157 0.98613
00016.jpg 148 217 102 278 0.98613
00016.jpg 310 144 158 120 0.98603
00016.jpg 438 154 200 156 0.98594
00016.jpg 440 152 183 155 0.98562
00016.jpg 436 148 193 168 0.98532
00016.jpg 641 207 155 138 0.98460
00016.jpg 145 218 110 267 0.98425
00016.jpg 628 210 172 137 0.98418
00016.jpg 631 208 165 140 0.98371
00016.jpg 436 144 185 164 0.98329
00016.jpg 438 147 191 159 0.98300
00016.jpg 146 214 108 275 0.98242
00016.jpg 144 221 105 268 0.98237
00016.jpg 306 139 159 126 0.98228
00016.jpg 300 132 170 135 0.98129
00016.jpg 149 215 104 270 0.98110
00016.jpg 434 144 202 163 0.98092
00016.jpg 307 133 160 138 0.98052
00016.jpg 633 207 170 143 0.98030
00016.jpg 631 208 166 142 0.97992
00016.jpg 447 151 182 154 0.97901
00016.jpg 634 209 165 136 0.97796
00016.jpg 303 140 161 130 0.97777
00016.jpg 634 208 168 138 0.97717
00016.jpg 437 146 196 168 0.97654
00016.jpg 440 151 192 156 0.97649
00016.jpg 631 207 165 138 0.97645
00016.jpg 304 137 162 136 0.97590
00016.jpg 442 141 180 171 0.97578
00016.jpg 629 205 172 144 0.97573
00016.jpg 306 141 159 128 0.97543
00016.jpg 150 220 102 265 0.97468
00016.jpg 630 207 165 142 0.97459
00016.jpg 432 150 204 158 0.97447
00016.jpg 432 148 203 162 0.97436
00016.jpg 628 207 179 140 0.97424
00016.jpg 638 207 167 139 0.97396
00016.jpg 299 140 166 127 0.97373
00016.jpg 150 216 104 270 0.97370
00016.jpg 300 138 174 121 0.97323
00016.jpg 145 219 108 267 0.97319
00016.jpg 432 147 197 160 0.97258
00016.jpg 438 147 192 162 0.97235
00016.jpg 638 207 163 144 0.97187
00016.jpg 631 203 167 147 0.97178
00016.jpg 145 222 106 264 0.97159
00016.jpg 450 151 175 165 0.97044
00016.jpg 436 150 193 157 0.97036
00016.jpg 421 139 209 163 0.96940
00016.jpg 301 136 174 128 0.96915
00016.jpg 304 141 162 129 0.96887
00016.jpg 445 150 184 161 0.96875
00016.jpg 439 148 196 157 0.96793
00016.jpg 625 210 181 136 0.96783
00016.jpg 435 141 200 160 0.96725
00016.jpg 632 209 170 142 0.96662
00016.jpg 434 150 191 160 0.96644
00016.jpg 635 212 166 128 0.96607
00016.jpg 435 143 195 167 0.96601
00016.jpg 306 133 163 137 0.96588
00016.jpg 439 145 189 168 0.96572
00016.jpg 435 150 194 164 0.96499
00016.jpg 639 207 157 138 0.96280
00016.jpg 301 135 178 138 0.96271
00016.jpg 302 136 167 133 0.96250
00016.jpg 628 208 169 139 0.96113
00016.jpg 641 206 156 137 0.96088
00016.jpg 635 208 168 139 0.95839
00016.jpg 636 206 163 140 0.95409
00016.jpg 636 211 161 133 0.95384
00016.jpg 143 218 107 256 0.95383
00016.jpg 148 215 99 270 0.95370
00016.jpg 309 138 165 132 0.95299
00016.jpg 638 212 158 136 0.95211
00016.jpg 439 151 195 157 0.95172
00016.jpg 639 205 160 141 0.95122
00016.jpg 639 206 164 145 0.95063
00016.jpg 441 148 191 161 0.94910
00016.jpg 623 207 172 147 0.94801
00016.jpg 635 206 168 139 0.94734
00016.jpg 442 148 184 160 0.94669
00016.jpg 300 138 181 138 0.94462
00016.jpg 296 143 180 119 0.94351
00016.jpg 442 147 189 171 0.94325
00016.jpg 638 214 161 133 0.94278
00016.jpg 306 144 159 122 0.94109
00016.jpg 635 208 164 143 0.94075
00016.jpg 308 141 159 129 0.94003
00016.jpg 437 147 197 162 0.93978
00016.jpg 307 135 159 129 0.93925
00016.jpg 307 136 164 132 0.93501
00016.jpg 438 140 199 171 0.93439
00016.jpg 296 141 176 128 0.93370
00016.jpg 436 150 195 159 0.93325
00016.jpg 434 146 187 174 0.93165
00016.jpg 309 134 154 139 0.93042
00016.jpg 308 135 157 131 0.92811
00016.jpg 436 152 197 153 0.92798
00016.jpg 305 131 175 134 0.92648
00016.jpg 153 210 102 276 0.92609
00016.jpg 306 139 164 129 0.92466
00016.jpg 313 143 134 121 0.92442
00016.jpg 311 146 145 118 0.92334
00016.jpg 146 221 105 265 0.92315
00016.jpg 157 211 93 275 0.92250
00016.jpg 147 213 108 269 0.92026
00016.jpg 306 132 167 136 0.92002
00016.jpg 634 199 168 147 0.91854
00016.jpg 444 147 182 158 0.91528
00016.jpg 435 160 210 151 0.91490
00016.jpg 438 151 195 162 0.91310
00016.jpg 304 137 176 133 0.91265
00016.jpg 642 212 154 132 0.91125
00016.jpg 632 208 162 141 0.91074
00016.jpg 300 140 173 136 0.90846
00016.jpg 309 142 152 123 0.90663
00016.jpg 306 140 159 127 0.90241
00016.jpg 306 142 168 125 0.90128
00016.jpg 299 141 177 127 0.90057
00016.jpg 438 146 192 167 0.89957
00016.jpg 301 137 173 131 0.89788
00016.jpg 307 135 161 129 0.89687
00016.jpg 304 139 170 127 0.89421
00016.jpg 307 134 164 137 0.89238
00016.jpg 316 140 129 128 0.89214
00016.jpg 149 217 105 275 0.89145
00016.jpg 146 216 109 268 0.89123
00016.jpg 646 208 141 138 0.88739
00016.jpg 639 210 160 141 0.88405
00016.jpg 423 141 211 160 0.88244
00016.jpg 307 144 156 125 0.88206
00016.jpg 423 139 218 179 0.87921
00016.jpg 633 205 168 139 0.87647
00016.jpg 306 143 149 124 0.87133
00016.jpg 433 149 202 161 0.86993
00016.jpg 446 152 188 151 0.86687
00016.jpg 640 210 158 140 0.86686
00016.jpg 155 212 105 267 0.86431
00016.jpg 433 148 198 156 0.86430
00016.jpg 632 203 171 136 0.86424
00016.jpg 300 147 177 123 0.86394
00016.jpg 441 149 191 161 0.86298
00016.jpg 634 205 166 148 0.86071
00016.jpg 437 143 194 170 0.86060
00016.jpg 147 206 107 282 0.85748
00016.jpg 439 147 195 168 0.85527
00016.jpg 316 138 146 131 0.84996
00016.jpg 147 218 97 265 0.84901
00016.jpg 312 141 138 125 0.84879
00016.jpg 143 219 112 271 0.83753
00016.jpg 443 149 180 163 0.83717
00016.jpg 635 216 165 135 0.83654
00016.jpg 299 135 165 144 0.83241
00016.jpg 305 141 156 122 0.83148
00016.jpg 146 216 112 258 0.82355
00016.jpg 634 207 171 136 0.82146
00016.jpg 637 205 166 143 0.81851
00016.jpg 442 150 184 155 0.80618
00016.jpg 434 147 197 150 0.80266
00016.jpg 626 207 183 136 0.79562
00016.jpg 441 147 184 162 0.79558
00016.jpg 431 155 202 159 0.79378
00016.jpg 632 203 163 143 0.79352
00016.jpg 631 212 170 129 0.79293
00016.jpg 629 205 173 145 0.79143
00016.jpg 308 137 173 135 0.79042
00016.jpg 302 134 172 130 0.78861
00016.jpg 145 213 109 265 0.78748
00016.jpg 303 137 173 138 0.78564
00016.jpg 145 213 114 273 0.78525
00016.jpg 299 133 175 135 0.78191
00016.jpg 146 218 105 260 0.78053
00016.jpg 426 137 230 149 0.76361
00016.jpg 300 141 177 122 0.76242
00016.jpg 303 143 163 129 0.76186
00016.jpg 635 201 158 156 0.76153
00016.jpg 314 137 149 125 0.75976
00016.jpg 642 204 162 147 0.75658
00016.jpg 435 145 190 170 0.75150
00016.jpg 154 214 105 267 0.74999
00016.jpg 633 203 164 148 0.74562
00016.jpg 435 145 195 164 0.74341
00016.jpg 297 145 183 127 0.74258
00016.jpg 436 147 197 162 0.74185
00016.jpg 435 152 181 152 0.73738
00016.jpg 445 150 188 156 0.73265
00016.jpg 423 148 200 151 0.72471
00016.jpg 413 153 204 134 0.72426
00016.jpg 634 209 171 139 0.71985
00016.jpg 305 141 171 126 0.71184
00016.jpg 309 141 132 124 0.71173
00016.jpg 637 210 161 127 0.70674
00016.jpg 428 149 213 155 0.70336
00016.jpg 151 219 105 267 0.70211
00016.jpg 309 143 155 128 0.70160
00016.jpg 425 143 201 174 0.69533
00016.jpg 638 209 167 139 0.69342
00016.jpg 438 152 187 148 0.69035
00016.jpg 437 146 187 157 0.68527
00016.jpg 302 138 145 125 0.68251
00016.jpg 320 138 137 136 0.68207
00016.jpg 426 145 198 165 0.68049
00016.jpg 151 217 92 263 0.66770
00016.jpg 310 140 131 131 0.66663
00016.jpg 639 207 153 141 0.66025
00016.jpg 149 217 107 257 0.65926
00016.jpg 301 142 159 126 0.65804
00016.jpg 635 210 165 130 0.65508
00016.jpg 436 148 188 154 0.65200
00016.jpg 629 200 169 142 0.64036
00016.jpg 311 136 158 137 0.63654
00016.jpg 308 139 153 128 0.63520
00016.jpg 439 143 182 160 0.63311
00016.jpg 320 139 128 123 0.62597
00016.jpg 644 212 149 134 0.62577
00016.jpg 638 210 162 136 0.62435
00016.jpg 435 148 196 157 0.61988
00016.jpg 320 142 128 131 0.61669
00016.jpg 410 146 234 137 0.61490
00016.jpg 626 203 181 142 0.61381
00016.jpg 444 141 176 155 0.61164
00016.jpg 305 131 161 133 0.60851
00016.jpg 641 219 152 118 0.60582
00016.jpg 306 141 163 133 0.60060
00016.jpg 310 140 134 128 0.59698
00016.jpg 298 135 183 134 0.59546
00016.jpg 147 212 110 265 0.58498
00016.jpg 314 143 138 122 0.56621
00016.jpg 145 203 108 282 0.56474
00016.jpg 303 138 165 134 0.56209
00016.jpg 144 218 114 261 0.55478
00016.jpg 310 135 162 137 0.55328
00016.jpg 445 145 186 162 0.55191
00016.jpg 436 146 181 162 0.54867
00016.jpg 300 152 182 105 0.54725
00016.jpg 417 131 229 182 0.54398
00016.jpg 312 138 161 138 0.53839
00016.jpg 141 223 121 251 0.53632
00016.jpg 307 147 157 122 0.53392
00016.jpg 318 136 123 131 0.53081
00016.jpg 157 213 98 272 0.53015
00016.jpg 445 154 182 159 0.53015
00016.jpg 633 211 173 140 0.52990
00016.jpg 148 219 102 259 0.52885
00016.jpg 324 147 112 117 0.52127
00016.jpg 304 137 170 143 0.52000
00016.jpg 321 143 126 123 0.51817
00016.jpg 304 135 147 132 0.51591
00016.jpg 621 197 198 155 0.51569
00016.jpg 433 148 201 172 0.51563
00016.jpg 440 154 186 158 0.50891
00016.jpg 640 199 156 142 0.50612
00016.jpg 434 156 207 154 0.50220
