00019.jpg 238 225 107 266 0.99931
00019.jpg 244 228 104 265 0.99891
00019.jpg 244 220 102 278 0.99887
00019.jpg 242 225 101 264 0.99886
00019.jpg 243 226 105 267 0.99868
00019.jpg 241 228 111 265 0.99854
00019.jpg 248 226 97 269 0.99851
00019.jpg 655 204 151 135 0.99848
00019.jpg 246 228 97 261 0.99847
00019.jpg 657 207 141 131 0.99843
00019.jpg 243 222 105 274 0.99812
00019.jpg 241 223 107 277 0.99810
00019.jpg 240 226 106 262 0.99806
00019.jpg 655 203 144 137 0.99789
00019.jpg 241 226 102 262 0.99786
00019.jpg 648 202 151 132 0.99770
00019.jpg 241 227 105 272 0.99755
00019.jpg 241 228 109 262 0.99753
00019.jpg 242 225 102 272 0.99730
00019.jpg 246 220 101 279 0.99728
00019.jpg 247 223 99 273 0.99717
00019.jpg 245 230 103 258 0.99667
00019.jpg 655 201 146 133 0.99666
00019.jpg 243 233 101 268 0.99654
00019.jpg 430 147 176 149 0.99639
00019.jpg 655 198 144 140 0.99592
00019.jpg 647 204 160 127 0.99575
00019.jpg 653 209 149 127 0.99575
00019.jpg 653 202 143 137 0.99551
00019.jpg 430 149 175 148 0.99491
00019.jpg 422 147 194 156 0.99481
00019.jpg 653 202 153 140 0.99463
00019.jpg 239 225 104 268 0.99458
00019.jpg 429 146 182 158 0.99417
00019.jpg 247 229 95 269 0.99388
00019.jpg 242 230 106 265 0.99379
00019.jpg 657 205 147 135 0.99365
00019.jpg 654 207 152 130 0.99360
00019.jpg 652 201 154 133 0.99339
00019.jpg 425 151 189 143 0.99331
00019.jpg 647 203 158 133 0.99326
00019.jpg 428 150 184 144 0.99311
00019.jpg 429 154 178 143 0.99308
00019.jpg 654 209 153 136 0.99305
00019.jpg 426 153 187 135 0.99284
00019.jpg 662 205 135 127 0.99275
00019.jpg 652 203 154 138 0.99258
00019.jpg 242 231 100 255 0.99247
00019.jpg 648 206 148 126 0.99225
00019.jpg 648 209 157 125 0.99178
00019.jpg 654 204 149 132 0.99139
00019.jpg 245 228 96 269 0.99113
00019.jpg 424 149 193 142 0.99095
00019.jpg 243 223 101 278 0.99091
00019.jpg 654 202 146 138 0.99079
00019.jpg 424 143 183 153 0.99075
00019.jpg 245 228 95 256 0.99066
00019.jpg 297 135 116 120 0.99035
00019.jpg 242 219 104 265 0.99015
00019.jpg 299 138 124 116 0.99003
00019.jpg 428 162 186 133 0.98987
00019.jpg 434 145 178 150 0.98934
00019.jpg 244 223 96 272 0.98885
00019.jpg 653 208 148 133 0.98823
00019.jpg 434 145 166 155 0.98750
00019.jpg 296 135 118 117 0.98708
00019.jpg 427 151 182 143 0.98692
00019.jpg 435 148 171 147 0.98650
00019.jpg 429 152 185 144 0.98637
00019.jpg 652 207 154 123 0.98597
00019.jpg 293 134 134 127 0.98504
00019.jpg 431 151 178 143 0.98497
00019.jpg 245 228 97 268 0.98497
00019.jpg 660 210 135 124 0.98481
00019.jpg 245 228 101 251 0.98460
00019.jpg 242 229 100 266 0.98338
00019.jpg 654 202 144 129 0.98261
00019.jpg 426 147 187 150 0.98146
00019.jpg 427 152 184 145 0.98136
00019.jpg 646 207 165 126 0.98063
00019.jpg 430 149 185 151 0.97997
00019.jpg 431 148 188 152 0.97906
00019.jpg 293 138 128 118 0.97879
00019.jpg 424 153 183 139 0.97878
00019.jpg 240 227 116 268 0.97864
00019.jpg 650 206 158 128 0.97806
00019.jpg 434 148 181 145 0.97805
00019.jpg 293 137 126 119 0.97796
00019.jpg 247 225 96 268 0.97713
00019.jpg 649 208 146 128 0.97620
00019.jpg 423 149 187 149 0.97602
00019.jpg 429 153 180 141 0.97555
00019.jpg 652 199 152 144 0.97536
00019.jpg 652 205 151 135 0.97530
00019.jpg 426 153 192 141 0.97524
00019.jpg 427 149 175 144 0.97500
00019.jpg 244 227 94 264 0.97468
00019.jpg 649 209 157 127 0.97437
00019.jpg 296 138 119 115 0.97350
00019.jpg 295 137 122 120 0.97346
00019.jpg 655 206 148 132 0.97337
00019.jpg 427 156 186 136 0.97267
00019.jpg 652 199 150 140 0.97193
00019.jpg 435 146 171 156 0.97135
00019.jpg 288 132 144 124 0.97009
00019.jpg 293 138 127 121 0.96997
00019.jpg 300 134 125 125 0.96991
00019.jpg 431 151 172 143 0.96966
00019.jpg 653 207 150 131 0.96937
00019.jpg 653 200 143 137 0.96899
00019.jpg 651 202 154 135 0.96864
00019.jpg 659 207 141 129 0.96744
00019.jpg 434 151 182 152 0.96561
00019.jpg 654 204 149 132 0.96470
00019.jpg 431 151 176 144 0.96410
00019.jpg 297 134 127 127 0.96382
00019.jpg 422 147 190 145 0.96369
00019.jpg 294 135 136 117 0.96342
00019.jpg 653 201 146 140 0.96302
00019.jpg 246 218 99 277 0.96269
00019.jpg 654 206 145 131 0.96261
00019.jpg 428 151 180 151 0.96238
00019.jpg 429 152 188 145 0.96178
00019.jpg 296 140 121 114 0.96115
00019.jpg 433 149 170 146 0.96026
00019.jpg 659 210 145 126 0.95929
00019.jpg 295 139 122 119 0.95901
00019.jpg 294 129 125 134 0.95852
00019.jpg 245 237 101 253 0.95796
00019.jpg 245 232 98 261 0.95751
00019.jpg 429 148 177 152 0.95607
00019.jpg 294 140 125 111 0.95593
00019.jpg 660 204 138 130 0.95544
00019.jpg 244 225 103 270 0.95510
00019.jpg 245 225 95 273 0.95389
00019.jpg 294 141 121 115 0.95321
00019.jpg 295 137 118 116 0.95258
00019.jpg 654 204 149 132 0.95091
00019.jpg 244 228 100 262 0.95086
00019.jpg 294 136 128 119 0.95044
00019.jpg 647 203 163 128 0.94977
00019.jpg 652 204 152 131 0.94892
00019.jpg 427 154 187 148 0.94840
00019.jpg 237 222 120 269 0.94762
00019.jpg 240 218 109 277 0.94654
00019.jpg 243 225 100 265 0.94591
00019.jpg 240 227 111 265 0.94570
00019.jpg 240 228 104 268 0.94429
00019.jpg 656 205 145 135 0.94195
00019.jpg 659 204 144 128 0.94150
00019.jpg 426 149 189 144 0.94143
00019.jpg 243 227 98 259 0.94142
00019.jpg 294 138 131 123 0.94136
00019.jpg 296 136 122 118 0.94065
00019.jpg 432 153 180 146 0.93991
00019.jpg 656 203 139 135 0.93983
00019.jpg 240 227 109 259 0.93949
00019.jpg 648 208 156 134 0.93888
00019.jpg 242 221 100 267 0.93834
00019.jpg 424 153 180 141 0.93825
00019.jpg 296 143 117 110 0.93764
00019.jpg 432 154 185 134 0.93681
00019.jpg 244 215 106 282 0.93618
00019.jpg 300 140 111 116 0.93593
00019.jpg 295 135 128 123 0.93406
00019.jpg 246 218 96 278 0.93293
00019.jpg 658 201 150 142 0.92985
00019.jpg 423 150 189 142 0.92976
00019.jpg 652 205 153 137 0.92959
00019.jpg 296 134 124 120 0.92886
00019.jpg 429 151 191 138 0.92853
00019.jpg 293 136 132 120 0.92835
00019.jpg 655 198 151 139 0.92791
00019.jpg 295 128 128 129 0.92754
00019.jpg 295 137 124 119 0.92604
00019.jpg 295 138 126 121 0.92600
00019.jpg 292 132 138 125 0.92540
00019.jpg 433 149 161 149 0.92500
00019.jpg 427 146 184 158 0.92469
00019.jpg 247 222 98 265 0.92448
00019.jpg 302 138 119 114 0.92440
00019.jpg 298 135 115 123 0.92285
00019.jpg 652 205 151 134 0.92159
00019.jpg 293 127 127 127 0.92140
00019.jpg 427 156 183 147 0.91709
00019.jpg 291 135 136 119 0.91690
00019.jpg 294 140 124 118 0.91646
00019.jpg 280 135 146 123 0.91635
00019.jpg 436 147 171 152 0.91580
00019.jpg 428 150 177 153 0.90996
00019.jpg 433 147 174 149 0.90996
00019.jpg 296 141 118 113 0.90641
00019.jpg 658 210 136 123 0.90606
00019.jpg 659 204 144 135 0.90464
00019.jpg 430 154 181 145 0.90438
00019.jpg 431 149 186 144 0.90388
00019.jpg 424 154 189 143 0.90368
00019.jpg 244 233 103 253 0.90245
00019.jpg 299 131 125 126 0.90232
00019.jpg 303 136 111 120 0.90193
00019.jpg 640 207 169 130 0.89901
00019.jpg 299 137 111 114 0.89869
00019.jpg 649 202 151 137 0.89671
00019.jpg 657 206 144 128 0.89428
00019.jpg 656 209 139 125 0.88980
00019.jpg 429 154 184 146 0.88502
00019.jpg 428 146 176 161 0.88060
00019.jpg 428 143 182 151 0.88014
00019.jpg 300 137 111 115 0.87836
00019.jpg 296 129 130 132 0.87743
00019.jpg 241 228 109 262 0.87717
00019.jpg 426 142 190 149 0.87713
00019.jpg 421 149 191 145 0.87653
00019.jpg 293 133 138 126 0.87294
00019.jpg 433 153 173 142 0.87237
00019.jpg 646 201 160 137 0.87132
00019.jpg 652 204 154 139 0.87108
00019.jpg 427 150 188 144 0.86959
00019.jpg 657 203 150 128 0.86519
00019.jpg 437 153 168 146 0.86284
00019.jpg 430 148 176 145 0.86097
00019.jpg 412 148 215 141 0.85580
00019.jpg 287 137 134 113 0.85532
00019.jpg 300 139 114 116 0.85058
00019.jpg 427 157 180 132 0.85010
00019.jpg 658 205 139 128 0.84347
00019.jpg 289 130 130 132 0.84265
00019.jpg 432 148 181 152 0.84205
00019.jpg 297 142 119 119 0.84080
00019.jpg 651 204 150 136 0.84019
00019.jpg 652 207 152 135 0.83738
00019.jpg 297 139 117 118 0.83639
00019.jpg 643 199 160 133 0.83363
00019.jpg 303 135 103 124 0.83251
00019.jpg 301 138 117 120 0.82878
00019.jpg 435 158 175 138 0.82762
00019.jpg 433 154 174 135 0.82726
00019.jpg 301 136 128 126 0.82665
00019.jpg 294 138 128 111 0.82421
00019.jpg 426 154 192 138 0.82358
00019.jpg 299 138 114 121 0.81586
00019.jpg 428 155 185 139 0.81194
00019.jpg 656 196 141 147 0.81015
00019.jpg 656 210 136 117 0.80979
00019.jpg 432 160 171 141 0.80783
00019.jpg 290 140 127 116 0.79973
00019.jpg 651 210 149 131 0.79733
00019.jpg 661 211 136 125 0.79240
00019.jpg 661 210 135 130 0.79201
00019.jpg 241 220 104 276 0.79118
00019.jpg 242 224 100 269 0.79021
00019.jpg 413 152 207 141 0.78418
00019.jpg 438 155 165 135 0.78333
00019.jpg 241 224 101 271 0.78308
00019.jpg 645 204 164 138 0.78228
00019.jpg 293 128 138 131 0.77765
00019.jpg 426 140 189 164 0.77724
00019.jpg 423 153 178 130 0.77546
00019.jpg 296 134 138 121 0.76419
00019.jpg 242 233 112 258 0.76357
00019.jpg 247 223 103 273 0.75439
00019.jpg 426 152 184 155 0.75241
00019.jpg 245 231 96 261 0.75129
00019.jpg 651 204 146 126 0.75032
00019.jpg 311 134 107 121 0.74724
00019.jpg 434 151 167 146 0.74636
00019.jpg 299 139 117 110 0.74614
00019.jpg 299 143 120 108 0.74487
00019.jpg 297 144 123 116 0.74409
00019.jpg 659 211 133 121 0.74265
00019.jpg 297 140 132 114 0.73792
00019.jpg 292 130 135 125 0.73175
00019.jpg 425 156 179 143 0.72847
00019.jpg 293 141 126 123 0.72768
00019.jpg 660 210 138 125 0.72484
00019.jpg 661 211 135 125 0.72102
00019.jpg 285 139 148 126 0.71423
00019.jpg 663 207 132 136 0.71248
00019.jpg 248 226 91 272 0.71126
00019.jpg 293 138 135 114 0.70823
00019.jpg 428 155 179 141 0.70349
00019.jpg 648 208 154 129 0.70079
00019.jpg 293 140 112 114 0.69933
00019.jpg 655 201 152 143 0.69655
00019.jpg 298 134 123 113 0.69541
00019.jpg 661 205 140 137 0.69402
00019.jpg 433 145 172 150 0.68462
00019.jpg 293 136 132 118 0.68259
00019.jpg 299 140 127 119 0.68002
00019.jpg 641 195 166 137 0.67811
00019.jpg 432 162 181 130 0.66804
00019.jpg 294 136 132 124 0.66075
00019.jpg 645 202 158 135 0.65639
00019.jpg 425 146 192 144 0.65055
00019.jpg 424 151 179 144 0.64912
00019.jpg 433 151 166 138 0.64613
00019.jpg 247 227 91 265 0.64017
00019.jpg 247 225 90 276 0.63383
00019.jpg 425 155 189 141 0.63212
00019.jpg 292 132 140 115 0.62950
00019.jpg 433 142 176 152 0.62710
00019.jpg 657 208 151 132 0.62644
00019.jpg 301 143 126 111 0.61731
00019.jpg 302 143 106 109 0.59450
00019.jpg 661 199 140 134 0.59205
00019.jpg 648 208 147 134 0.59068
00019.jpg 436 155 172 146 0.57919
00019.jpg 294 133 141 123 0.57502
00019.jpg 658 212 140 134 0.55566
00019.jpg 655 205 150 132 0.55227
00019.jpg 306 138 97 117 0.54979
00019.jpg 654 204 141 135 0.52452
00019.jpg 421 153 190 154 0.51629
00019.jpg 301 139 109 112 0.51482
00019.jpg 298 135 106 112 0.50807
00019.jpg 234 229 102 271 0.50667
00019.jpg 424 143 188 156 0.50532
00019.jpg 645 199 148 139 0.50026
00019.jpg 668 207 121 125 0.50016
00019.jpg 287 139 148 123 0.50011
00019.jpg 671 203 132 132 0.49941
