00031.jpg 261 166 102 101 0.99895
00031.jpg 655 261 111 248 0.99891
00031.jpg 266 171 93 97 0.99864
00031.jpg 655 267 112 238 0.99862
00031.jpg 268 170 91 96 0.99833
00031.jpg 667 203 120 103 0.99791
00031.jpg 654 270 121 234 0.99764
00031.jpg 659 267 109 244 0.99748
00031.jpg 660 278 108 227 0.99701
00031.jpg 399 172 183 116 0.99698
00031.jpg 261 167 101 102 0.99692
00031.jpg 666 204 123 100 0.99682
00031.jpg 668 206 117 97 0.99676
00031.jpg 655 273 116 233 0.99661
00031.jpg 401 167 184 128 0.99657
00031.jpg 667 204 121 95 0.99624
00031.jpg 668 204 116 100 0.99623
00031.jpg 262 168 99 100 0.99617
00031.jpg 401 168 179 133 0.99592
00031.jpg 266 169 97 98 0.99569
00031.jpg 657 276 116 239 0.99547
00031.jpg 266 169 93 101 0.99538
00031.jpg 267 169 91 97 0.99513
00031.jpg 666 208 122 91 0.99496
00031.jpg 662 205 130 98 0.99448
00031.jpg 268 166 86 103 0.99445
00031.jpg 266 169 94 100 0.99444
00031.jpg 264 165 96 107 0.99383
00031.jpg 402 175 172 118 0.99381
00031.jpg 399 173 179 119 0.99291
00031.jpg 401 169 177 120 0.99288
00031.jpg 661 279 116 221 0.99258
00031.jpg 662 276 108 227 0.99253
00031.jpg 403 172 177 121 0.99238
00031.jpg 263 172 96 97 0.99227
00031.jpg 263 169 96 98 0.99212
00031.jpg 268 167 93 104 0.99156
00031.jpg 265 168 93 102 0.99140
00031.jpg 661 202 129 106 0.99138
00031.jpg 396 167 184 124 0.99123
00031.jpg 265 169 95 97 0.99104
00031.jpg 398 175 182 118 0.99084
00031.jpg 665 204 119 101 0.99029
00031.jpg 261 170 101 100 0.98945
00031.jpg 399 174 184 118 0.98938
00031.jpg 265 170 93 94 0.98910
00031.jpg 664 276 98 229 0.98895
00031.jpg 669 201 119 107 0.98890
00031.jpg 659 272 114 240 0.98888
00031.jpg 267 166 94 105 0.98859
00031.jpg 662 275 110 232 0.98859
00031.jpg 658 278 113 226 0.98835
00031.jpg 401 174 183 116 0.98819
00031.jpg 267 169 90 101 0.98808
00031.jpg 653 271 120 233 0.98783
00031.jpg 265 170 95 99 0.98719
00031.jpg 270 169 90 100 0.98675
00031.jpg 658 270 113 241 0.98662
00031.jpg 396 166 189 132 0.98639
00031.jpg 653 284 115 209 0.98627
00031.jpg 263 169 96 98 0.98614
00031.jpg 667 199 118 110 0.98565
00031.jpg 265 168 93 100 0.98553
00031.jpg 656 278 119 224 0.98547
00031.jpg 406 177 175 115 0.98543
00031.jpg 260 167 96 102 0.98537
00031.jpg 264 165 96 106 0.98513
00031.jpg 398 165 190 133 0.98456
00031.jpg 267 172 90 98 0.98449
00031.jpg 654 279 120 233 0.98432
00031.jpg 406 167 171 126 0.98426
00031.jpg 393 173 186 120 0.98380
00031.jpg 652 278 121 235 0.98314
00031.jpg 265 168 90 99 0.98301
00031.jpg 262 168 98 98 0.98275
00031.jpg 664 203 122 102 0.98273
00031.jpg 267 166 86 106 0.98225
00031.jpg 658 281 112 224 0.98215
00031.jpg 400 171 184 119 0.98186
00031.jpg 655 272 116 237 0.98153
00031.jpg 401 176 181 117 0.98137
00031.jpg 657 275 114 227 0.98135
00031.jpg 402 167 173 123 0.98022
00031.jpg 395 175 191 115 0.97960
00031.jpg 658 280 115 228 0.97950
00031.jpg 263 166 95 104 0.97917
00031.jpg 396 175 185 119 0.97897
00031.jpg 263 171 101 94 0.97873
00031.jpg 262 167 100 103 0.97873
00031.jpg 407 167 179 128 0.97768
00031.jpg 263 168 95 98 0.97690
00031.jpg 398 168 177 126 0.97602
00031.jpg 265 168 95 99 0.97542
00031.jpg 262 169 97 97 0.97540
00031.jpg 662 283 108 220 0.97509
00031.jpg 668 202 118 106 0.97504
00031.jpg 263 171 96 99 0.97401
00031.jpg 398 170 181 124 0.97397
00031.jpg 398 174 185 114 0.97379
00031.jpg 266 169 97 97 0.97348
00031.jpg 660 203 129 101 0.97276
00031.jpg 667 208 118 95 0.97244
00031.jpg 398 175 182 116 0.97166
00031.jpg 650 276 120 236 0.97141
00031.jpg 395 175 196 113 0.97015
00031.jpg 645 269 131 231 0.96992
00031.jpg 669 204 118 104 0.96847
00031.jpg 400 167 185 127 0.96841
00031.jpg 266 168 92 99 0.96801
00031.jpg 398 166 180 129 0.96755
00031.jpg 660 276 106 229 0.96742
00031.jpg 661 282 110 223 0.96722
00031.jpg 653 284 126 224 0.96712
00031.jpg 395 172 188 122 0.96531
00031.jpg 259 167 105 102 0.96392
00031.jpg 663 196 122 100 0.96350
00031.jpg 667 202 114 108 0.96206
00031.jpg 266 169 91 96 0.96196
00031.jpg 667 203 121 103 0.96130
00031.jpg 408 168 165 127 0.95949
00031.jpg 649 273 120 234 0.95913
00031.jpg 665 205 122 95 0.95839
00031.jpg 662 271 112 244 0.95788
00031.jpg 397 175 185 110 0.95751
00031.jpg 666 203 122 101 0.95736
00031.jpg 266 169 89 96 0.95538
00031.jpg 402 172 183 118 0.95504
00031.jpg 657 283 113 224 0.95338
00031.jpg 654 259 115 247 0.95335
00031.jpg 654 285 118 213 0.95274
00031.jpg 664 203 122 101 0.95266
00031.jpg 392 173 197 119 0.95147
00031.jpg 655 274 115 231 0.95090
00031.jpg 266 168 97 105 0.95087
00031.jpg 655 277 118 230 0.95054
00031.jpg 663 203 125 99 0.94832
00031.jpg 265 169 95 98 0.94789
00031.jpg 654 276 116 231 0.94688
00031.jpg 659 271 111 233 0.94676
00031.jpg 402 170 184 124 0.94478
00031.jpg 260 169 105 98 0.94287
00031.jpg 665 206 124 95 0.94287
00031.jpg 394 173 196 117 0.94103
00031.jpg 662 204 130 97 0.94090
00031.jpg 660 283 114 220 0.94002
00031.jpg 267 173 96 94 0.93990
00031.jpg 266 168 93 95 0.93867
00031.jpg 666 200 123 96 0.93759
00031.jpg 662 202 125 104 0.93702
00031.jpg 396 173 181 121 0.93659
00031.jpg 663 205 129 92 0.93600
00031.jpg 267 169 90 98 0.93490
00031.jpg 400 169 182 123 0.93456
00031.jpg 650 268 125 242 0.93444
00031.jpg 660 273 102 236 0.93440
00031.jpg 667 201 118 103 0.93349
00031.jpg 660 278 107 226 0.93287
00031.jpg 394 170 190 120 0.93274
00031.jpg 663 204 130 102 0.93212
00031.jpg 265 171 98 96 0.93130
00031.jpg 667 204 123 99 0.93021
00031.jpg 269 170 96 97 0.92997
00031.jpg 267 165 99 105 0.92859
00031.jpg 665 203 123 104 0.92803
00031.jpg 665 203 122 99 0.92649
00031.jpg 402 172 180 121 0.92604
00031.jpg 265 160 93 111 0.92555
00031.jpg 661 204 128 101 0.92553
00031.jpg 259 167 102 107 0.92495
00031.jpg 658 200 134 106 0.92281
00031.jpg 671 202 116 101 0.92207
00031.jpg 665 209 120 94 0.92190
00031.jpg 665 209 127 96 0.91970
00031.jpg 14 10 75 89 0.91935
00031.jpg 656 269 121 242 0.91647
00031.jpg 268 168 88 100 0.91625
00031.jpg 395 169 177 126 0.91439
00031.jpg 267 168 93 101 0.91231
00031.jpg 666 200 122 104 0.91123
00031.jpg 666 266 100 243 0.91083
00031.jpg 652 288 120 203 0.90954
00031.jpg 661 209 126 97 0.90678
00031.jpg 654 276 122 223 0.90631
00031.jpg 656 282 115 226 0.90600
00031.jpg 671 207 117 95 0.90117
00031.jpg 402 170 179 119 0.89898
00031.jpg 399 169 188 121 0.89784
00031.jpg 406 173 163 119 0.89297
00031.jpg 667 198 113 113 0.89176
00031.jpg 665 204 118 98 0.89154
00031.jpg 665 205 121 95 0.88829
00031.jpg 663 276 109 234 0.88829
00031.jpg 664 205 123 98 0.88230
00031.jpg 267 165 96 109 0.87916
00031.jpg 653 280 113 221 0.87845
00031.jpg 404 167 173 129 0.87720
00031.jpg 657 281 115 223 0.86929
00031.jpg 261 168 104 105 0.86759
00031.jpg 666 200 121 103 0.86721
00031.jpg 391 171 196 126 0.86214
00031.jpg 659 206 135 87 0.86157
00031.jpg 265 170 95 103 0.85708
00031.jpg 265 167 97 100 0.85656
00031.jpg 672 204 113 101 0.85400
00031.jpg 389 169 200 129 0.85321
00031.jpg 404 175 178 123 0.85114
00031.jpg 667 203 119 104 0.85110
00031.jpg 665 206 125 98 0.85034
00031.jpg 271 172 93 97 0.85015
00031.jpg 400 171 184 124 0.84983
00031.jpg 391 177 189 110 0.84938
00031.jpg 397 174 183 119 0.84908
00031.jpg 390 167 198 126 0.84683
00031.jpg 672 201 109 102 0.84479
00031.jpg 268 168 94 100 0.84374
00031.jpg 394 176 189 117 0.84316
00031.jpg 404 176 173 114 0.84309
00031.jpg 405 170 171 119 0.84272
00031.jpg 402 172 183 122 0.84210
00031.jpg 654 261 118 236 0.84021
00031.jpg 391 166 190 127 0.83827
00031.jpg 394 171 191 121 0.83719
00031.jpg 667 201 121 101 0.83283
00031.jpg 398 174 182 119 0.83247
00031.jpg 666 203 122 101 0.82683
00031.jpg 661 197 133 106 0.82230
00031.jpg 268 166 88 96 0.82096
00031.jpg 665 199 123 102 0.81804
00031.jpg 395 168 189 131 0.81755
00031.jpg 267 167 93 95 0.81608
00031.jpg 400 171 175 120 0.81598
00031.jpg 399 176 186 120 0.81393
00031.jpg 407 179 177 106 0.81375
00031.jpg 263 164 93 106 0.81330
00031.jpg 656 269 111 246 0.81305
00031.jpg 661 206 128 100 0.81275
00031.jpg 394 177 187 121 0.81271
00031.jpg 651 277 126 227 0.81184
00031.jpg 260 174 92 89 0.80675
00031.jpg 657 289 107 208 0.80628
00031.jpg 266 166 97 104 0.80428
00031.jpg 653 265 119 239 0.80348
00031.jpg 262 166 95 106 0.80255
00031.jpg 265 167 88 98 0.79723
00031.jpg 13 11 76 85 0.79389
00031.jpg 390 175 184 123 0.78977
00031.jpg 661 276 115 223 0.78281
00031.jpg 1 12 85 85 0.77996
00031.jpg 663 200 128 107 0.76619
00031.jpg 13 13 72 90 0.76369
00031.jpg 6 11 78 88 0.76194
00031.jpg 454 180 122 104 0.76047
00031.jpg 390 180 197 118 0.75905
00031.jpg 268 167 94 105 0.75891
00031.jpg 666 199 121 109 0.75300
00031.jpg 407 173 176 121 0.75230
00031.jpg 267 165 92 109 0.75134
00031.jpg 405 170 180 119 0.75067
00031.jpg 258 168 104 104 0.75013
00031.jpg 15 8 85 91 0.74983
00031.jpg 270 170 81 103 0.74759
00031.jpg 2 9 78 89 0.74711
00031.jpg 666 197 119 114 0.74657
00031.jpg 396 178 186 116 0.74448
00031.jpg 274 159 85 113 0.73964
00031.jpg 402 172 181 117 0.73807
00031.jpg 660 203 132 99 0.73641
00031.jpg 0 11 87 88 0.73351
00031.jpg 666 210 112 89 0.73034
00031.jpg 667 199 123 102 0.72742
00031.jpg 4 9 99 85 0.72551
00031.jpg 655 279 117 230 0.72490
00031.jpg 665 206 123 96 0.72165
00031.jpg 654 265 122 236 0.72055
00031.jpg 668 204 119 103 0.71680
00031.jpg 8 13 82 88 0.71655
00031.jpg 7 13 86 88 0.71443
00031.jpg 4 7 91 90 0.71356
00031.jpg 395 173 178 123 0.71307
00031.jpg 657 285 113 211 0.71275
00031.jpg 11 11 92 86 0.71264
00031.jpg 398 167 186 126 0.71236
00031.jpg 651 277 125 220 0.71159
00031.jpg 411 175 166 114 0.71135
00031.jpg 267 167 91 107 0.70498
00031.jpg 258 170 105 87 0.70341
00031.jpg 655 272 110 228 0.70255
00031.jpg 668 205 116 101 0.70167
00031.jpg 657 263 116 255 0.69949
00031.jpg 670 199 115 112 0.69946
00031.jpg 266 161 98 111 0.69794
00031.jpg 5 11 91 85 0.69090
00031.jpg 44 12 49 85 0.68672
00031.jpg 265 168 96 96 0.68658
00031.jpg 19 7 79 89 0.68334
00031.jpg 8 7 75 90 0.67914
00031.jpg 404 169 175 130 0.67844
00031.jpg 667 200 115 102 0.67788
00031.jpg 27 14 62 87 0.67404
00031.jpg 17 11 65 84 0.67378
00031.jpg 654 284 108 214 0.67285
00031.jpg 1 9 84 84 0.67123
00031.jpg 664 204 113 102 0.66858
00031.jpg 263 165 97 109 0.66602
00031.jpg 264 172 89 93 0.65894
00031.jpg 260 168 106 101 0.65846
00031.jpg 263 167 105 97 0.65188
00031.jpg 31 7 62 93 0.64910
00031.jpg 674 204 120 103 0.64807
00031.jpg 392 172 188 122 0.64516
00031.jpg 26 12 58 80 0.64006
00031.jpg 9 10 80 81 0.63787
00031.jpg 1 15 81 81 0.63704
00031.jpg 400 176 189 116 0.63652
00031.jpg 660 276 116 229 0.62923
00031.jpg 16 10 76 83 0.62699
00031.jpg 674 200 103 101 0.62352
00031.jpg 12 10 93 84 0.62221
00031.jpg 404 170 171 127 0.61900
00031.jpg 2 20 82 78 0.61591
00031.jpg 1 17 84 82 0.61569
00031.jpg 28 12 56 92 0.61327
00031.jpg 1 15 89 82 0.61154
00031.jpg 8 9 91 90 0.61124
00031.jpg 399 174 194 111 0.60927
00031.jpg 8 11 91 84 0.60722
00031.jpg 1 8 77 86 0.60634
00031.jpg 665 197 125 116 0.60625
00031.jpg 3 17 95 85 0.60364
00031.jpg 17 11 72 79 0.60064
00031.jpg 262 164 98 106 0.59473
00031.jpg 663 197 125 117 0.59390
00031.jpg 654 268 106 233 0.59284
00031.jpg 31 11 55 87 0.58746
00031.jpg 395 168 186 123 0.58625
00031.jpg 19 11 73 83 0.58562
00031.jpg 2 12 80 90 0.58385
00031.jpg 665 203 121 108 0.58366
00031.jpg 5 15 95 84 0.57375
00031.jpg 401 174 167 107 0.57344
00031.jpg 262 163 94 111 0.55563
00031.jpg 669 204 109 109 0.55417
00031.jpg 408 168 160 123 0.55309
00031.jpg 663 273 107 223 0.55302
00031.jpg 664 242 114 264 0.55047
00031.jpg 14 8 69 87 0.54128
00031.jpg 36 9 50 80 0.54085
00031.jpg 3 12 101 83 0.53757
00031.jpg 670 203 114 100 0.53757
00031.jpg 270 169 92 94 0.53634
00031.jpg 666 203 121 105 0.53604
00031.jpg 260 167 93 98 0.53056
00031.jpg 666 200 128 104 0.52122
00031.jpg 17 8 65 86 0.51773
00031.jpg 652 213 120 306 0.51530
00031.jpg 4 8 98 91 0.51522
00031.jpg 0 20 93 80 0.50906
00031.jpg 654 264 121 248 0.50550
00031.jpg 661 199 124 108 0.50239
00031.jpg 271 175 79 97 0.50225
00031.jpg 5 12 79 85 0.50096
00031.jpg 272 171 84 103 0.50091
